Latency
23496
27368
23053
24715
22540
23467
23159
23933
26913
22717
22900
24118
22126
22984
26548
21778
22378
23696
24737
22770
22216
22009
24494
23060
22398
24262
34970
23523
22590
24959
22423
22036
22966
24561
22658
22532
25037
24366
22953
22909
25087
21945
22812
22740
25892
22720
23426
23295
24261
22933
22099
23732
37986
22574
23112
24546
21894
22441
22669
24322
22126
22782
40651
24450
23092
23134
24175
23031
22653
21924
23760
23093
23092
22355
26139
22661
21896
24773
22579
22715
22191
24260
21926
22858
23223
24662
22058
23149
24625
24502
23080
22700
24489
23133
22584
22197
24482
22951
23118
22464
24406
22686
22641
26511
22590
22870
22172
23679
22710
22794
22182
24518
22180
22639
23541
34506
23216
22124
24109
22793
23120
22895
24762
22730
22178
24381
24645
22048
22672
24441
22495
23399
22831
25960
22598
22655
22793
23679
22637
23377
24431
38174
22124
22075
24289
22805
22955
22837
24721
22225
22638
40445
24486
23298
22024
24935
22449
22589
22364
24238
22660
22120
22612
26930
22326
22994
24392
23030
23256
22999
24209
22546
22200
22802
25968
21857
22444
24504
23689
22798
22343
24751
22900
22420
22408
24235
22855
22049
21849
24477
22913
22268
27131
22614
23037
22748
24769
22175
22801
22699
24195
22509
22838
24290
33373
23019
22646
24610
22304
22492
22758
23989
22779
22658
24290
24524
22634
23056
25040
21778
22290
22889
25945
22063
22109
22066
24715
22693
22172
24272
38018
22099
22152
24981
22315
22774
22921
24041
22639
22971
39956
24879
22484
22605
24573
22130
22500
22847
24449
23120
22930
22554
26613
22482
22991
24883
22310
22856
22677
25003
22585
22187
22360
24641
22260
22281
23951
24281
22489
22806
24103
22175
21748
22307
23924
22413
22468
22637
24261
22286
22520
26862
22848
23042
22580
23883
23591
22188
22455
24200
22417
22462
24146
33698
22851
22804
24923
22700
22228
21839
24313
22455
22602
23878
23969
22045
22970
24767
22890
22776
23055
25880
22504
22376
22454
24572
22280
22895
24196
38266
22463
22478
24018
25945
22291
22756
24705
23106
22808
23069
26705
22360
22047
24835
21893
22347
23073
24064
22993
22705
22317
24917
22721
22016
24826
24235
22510
22836
24855
22234
22647
22782
24747
22901
22860
22836
24379
22537
22730
26293
22871
22740
23130
24360
22401
21937
22240
24094
22188
22949
24879
23849
22500
22986
25423
22220
22728
22180
24730
23285
21819
24569
24234
22444
21707
24300
22873
22623
22240
26126
23134
22221
23048
24364
22108
22518
24277
33512
23027
21992
24131
22430
22297
22647
23844
23297
22056
24720
24553
23027
22160
24942
22364
21945
22581
24095
23539
21858
22682
24622
22024
22180
24262
22389
22573
22549
24294
22880
22413
22650
24011
23058
22507
23988
22256
22800
22417
25907
22500
21659
22412
24097
23041
22806
26114
24130
22842
22633
24155
22929
22799
22121
24500
22668
22795
22610
24701
23478
21977
24235
22501
22895
22948
24451
22494
22955
22712
25462
23050
22688
24577
24215
22197
22058
24158
22640
22898
22773
24026
22819
22767
21957
23998
23053
22700
25978
22631
22140
22702
24111
22340
22667
22982
24191
23048
23069
23893
21720
22688
22540
24370
22155
22259
22652
24800
22917
22929
22642
24418
22438
22920
24416
22311
22738
22338
23646
21887
22990
22872
24315
22098
22148
23897
37381
22714
22135
24101
22282
22317
22359
24605
24900
22269
25076
24161
22575
22867
23921
22118
22865
22294
24678
22921
22073
23000
24684
22986
23078
24481
22865
22633
22538
23874
22307
22696
22340
23371
22902
22999
36730
24256
22429
22837
24804
26245
22445
22971
24381
22234
23051
22461
26596
22494
22598
24572
24763
23198
23075
24209
22209
23003
22229
24331
22421
22874
24105
24726
22802
22337
24479
22596
22097
23051
24114
22641
22287
21898
24930
22898
22628
25396
36320
22780
23132
23729
27247
22730
22602
24250
22451
22580
22474
24561
21904
22549
24194
22785
22448
22109
24262
22998
21629
22864
24302
22600
22133
24311
23202
22470
22274
24138
25835
22750
22595
24635
22684
22786
24594
24631
23007
23138
23799
22964
22750
22158
24632
22623
22434
22519
24323
22578
23041
24376
23262
22783
22453
24160
22361
21856
22606
23930
22258
22260
24667
22359
23311
22466
25561
22629
22347
22233
24459
22592
22791
27101
24702
22760
22800
24601
27208
22081
22905
24348
22670
22671
22338
25440
22820
22964
24771
24451
22241
22471
24134
22765
21981
22510
24391
26486
22910
22889
23923
21840
22329
25823
24148
22440
22778
24214
22764
22464
22361
24913
22472
22381
23950
24297
22498
22313
24318
23083
22124
22015
25232
22903
22686
22974
23822
22929
22781
24755
22853
23052
21597
25691
22616
22446
22809
24126
22773
22288
39100
24305
22667
22783
24490
22254
22782
22612
24497
22412
21959
22737
26232
23003
23067
25132
22824
21894
22345
24549
22560
22482
22116
24480
22632
22390
24805
25100
22331
22700
25024
22704
22404
22555
24413
22553
22588
22807
24554
22908
22624
24886
22112
22654
22448
24346
22604
22878
23488
24020
22602
22697
24482
25803
22399
22857
24733
22807
22531
22807
26062
22300
22638
22749
24402
22489
22309
24842
22560
22651
22425
24634
22720
22835
22600
24330
22520
23073
24501
27295
21952
22280
25055
22382
22364
22822
24147
23076
22345
24531
24449
27286
22490
23950
22354
22405
22924
25992
23217
22660
22763
23881
22644
22966
36147
24481
22747
22825
24497
22539
22631
22614
24564
21932
22658
22794
25553
22566
22807
23500
22287
22435
22521
24665
21956
22659
22300
23813
22881
22057
40232
24045
22341
22929
27140
22991
22317
22767
24578
21580
22085
22348
24092
22566
22725
24043
22204
22480
22922
24217
22725
22549
22339
25875
22234
22546
23081
24270
22428
22420
24241
22804
22721
22461
24201
22438
22363
22978
23999
22735
23173
23797
22347
23112
22549
24603
22799
22132
23018
24409
22764
22691
25980
24632
22944
22592
24532
22509
21880
22463
23834
22800
22126
22913
24159
22909
22807
24494
22375
22133
22110
24469
22835
22494
23137
23989
22361
23294
36825
24383
21954
22358
24372
27414
22773
22163
24151
22760
22888
23009
25814
23172
22573
24389
24495
23317
22438
24512
24005
22911
22542
24184
22995
22378
23391
24249
22369
22741
24061
21861
22427
22608
24060
22967
22245
22269
24473
22930
22662
26020
33937
23397
22336
23749
27514
22409
22136
24375
22613
22177
22222
23825
23486
22486
25035
22644
22580
22238
25432
21794
21966
22757
24601
23298
21921
35939
24141
22077
22017
23938
22592
22808
22284
23648
23514
22137
22309
24542
22641
22568
24407
22432
22537
21860
24841
23211
23077
22309
24622
22681
22502
24363
24964
22304
22180
24846
22551
21932
22114
24231
22821
22740
23016
24218
22463
22553
26108
22062
22620
22688
24299
26181
22889
22228
24141
21931
22557
24379
24354
22645
23127
25126
23031
22780
22730
26448
22657
22826
22502
24242
22572
22518
24634
22914
22523
22236
23533
22284
22739
22712
25488
22944
22519
39577
24734
22770
22388
24760
23006
22164
22812
25061
22559
22733
22324
26406
22424
22214
24997
22506
22165
22865
24025
22963
22877
22567
24908
21966
22957
24117
24673
21725
22721
24262
22706
22575
22481
24825
22114
22670
21804
24581
22835
22320
25988
38118
22902
22062
24154
27069
22896
22484
24360
22401
22141
22380
23826
26744
22389
24387
22839
23220
22333
24296
22252
22380
22259
24339
22938
21863
36846
24807
22860
22550
24233
26259
22546
22419
24390
22745
22137
23275
26155
22164
22617
24362
23866
22437
22530
24942
22137
21935
22696
24378
22429
22120
23939
24259
22656
22430
24310
22475
22960
22716
24392
22374
22418
23221
24517
22181
22368
25884
34351
22426
22214
24925
22339
22640
23549
23972
22262
22138
24415
24619
26747
22453
25100
22812
22530
23179
25476
22245
21613
22414
24647
22607
22556
36251
23946
22010
22225
24461
27004
22640
22364
24828
22438
23250
22503
25175
22508
22211
24483
24277
22520
22688
23961
22700
22837
22522
24322
22324
22959
23462
24333
22797
22517
24324
22558
22357
22151
25050
22517
22823
22434
23950
22077
22618
25820
34485
22229
22731
24838
22340
22505
22562
24460
22096
22517
23752
24725
22122
22787
23956
22335
22305
22968
26240
22687
21694
22904
24502
22529
22506
25027
22586
22031
22750
24253
22428
22680
22163
25062
22631
22076
24559
24107
23213
22469
24277
23772
22723
22069
24169
22911
22873
22510
24130
22097
22600
24778
22348
22130
22893
24555
22444
23218
22255
24462
22429
22858
24663
22454
22590
23395
26369
22651
23216
22050
24115
27559
22620
22736
24241
22633
22353
24245
22492
22993
22715
24551
22518
22149
22354
25327
22080
22781
24177
23903
22952
22868
24336
22557
24050
24374
26482
22366
22256
22823
23629
22964
22824
27834
24351
22972
22580
23975
22642
22630
22212
24594
23111
22204
24622
23979
22522
22269
24088
22083
22541
22166
24815
22759
22625
21974
24433
23202
23182
24685
22700
22508
22290
26208
22810
22166
21868
24041
26983
22645
40578
23913
22183
22475
23900
23018
22816
21981
24318
23370
22913
22267
27175
22356
22224
24134
22538
22684
22840
24258
23064
22301
23063
24508
22653
22780
24224
24503
22222
23048
24290
22485
22258
22445
24674
22574
22193
22723
24359
22149
22318
25426
36919
22284
21989
24460
22813
22865
22084
24658
22597
22445
24422
24785
22689
22472
23746
23205
23166
21934
24840
22447
23071
22149
24245
22154
22320
24054
22409
23102
22240
26120
22940
22567
21997
23777
26082
23038
39580
24871
23289
23078
24047
22545
22900
23051
24332
22120
22441
22890
26789
22833
22733
24697
22200
22568
21804
24779
22635
22851
22105
24910
22743
22789
42095
24129
22321
21969
25170
37037
22520
21978
23657
22539
22426
22935
24068
22704
22586
23954
23726
22384
22613
24371
22334
22489
22364
23802
22810
22727
22715
24421
22588
22880
24331
22510
22244
22219
26044
22457
21782
21893
25140
27209
22852
40123
23661
23091
22377
23956
22159
23058
22991
24446
22409
23099
22861
25498
23478
22614
24682
22941
21857
22420
24434
22691
22007
23284
24340
26748
22332
22504
24494
23200
22489
25174
38149
22049
22901
24686
22572
22248
21804
24019
21719
22605
24754
24611
22993
22980
24827
22600
22583
22396
24328
22891
22628
21974
24351
23128
21946
23979
21978
22100
22782
25761
22772
22785
22823
23901
26427
23292
40757
24034
21971
23067
24219
22539
22129
22697
24560
23460
22387
22160
25159
21907
22474
23949
21863
22602
22418
24654
22551
22792
22115
24695
22590
23538
24453
24604
22828
22400
24597
22973
22590
22515
24258
22989
22772
22852
24860
22874
21948
24918
22335
22504
22182
25160
22221
22815
23138
24014
22998
23017
24100
24675
21973
22712
24467
22690
22550
22503
25066
22797
22774
22643
24206
25902
22805
23971
34615
23280
22040
24455
23145
22379
22787
25020
22202
22272
24144
23911
26014
22692
24455
22870
22321
22430
25709
22700
22776
22578
25120
23101
22775
36457
24706
22770
21996
24609
22598
21880
22460
24226
23033
22709
22155
24882
22719
22649
24527
33654
22524
22691
24338
22458
22280
21998
25455
22439
22524
22240
24227
26098
22078
24537
24145
22374
22453
23804
22578
22480
23143
24555
22449
22747
24720
24489
26476
23191
24722
22186
22412
21948
24862
21865
22317
22722
24221
22955
21936
35630
24015
22779
22779
24951
22803
23126
22711
23765
22700
21934
22734
24879
23130
22522
24960
33960
21878
22465
24331
22580
21982
23133
26023
22552
22357
22299
24220
23193
22507
24726
22201
22940
23146
24621
22653
22351
23175
24413
23115
22837
24106
35405
22931
22399
24441
22813
22700
22800
23660
22434
22393
23865
23958
21951
22073
24180
23393
22380
22365
24678
22904
22911
22520
23621
22743
22396
24158
38139
22110
22841
24084
22295
22058
22593
23634
22757
22908
40031
24641
22916
22954
24528
22687
22117
23112
23937
22753
22455
22245
25519
22640
22277
24389
22697
23095
22605
24001
22201
23713
22710
24579
22471
22440
41974
24354
22314
22134
25261
26137
23224
23041
24306
22524
23236
21964
24335
22665
22836
24087
24423
22533
22117
23753
21925
22535
23257
24070
23111
23300
22645
24797
22517
22825
24608
21970
22602
22481
26527
22941
23026
22745
24245
22080
22137
36490
24509
22580
22173
24980
23040
23273
22840
23914
22614
22714
22459
24857
22837
22905
23907
34227
22746
22327
24506
22671
22417
22712
25858
21915
22841
22678
24062
22929
22441
24748
22438
22625
21945
24186
22132
22848
22596
24393
22874
22303
27351
35285
22561
22290
24694
22153
22742
22156
24351
22811
22713
24168
24269
26713
22570
25301
22918
22750
22672
26309
22870
22255
22383
24105
22247
22440
35986
24496
22277
22497
24904
23071
22055
22599
24061
22691
22235
22120
24063
22357
22355
24591
35106
22242
22851
24014
22408
23950
22262
25415
22253
21464
22588
24451
25915
22857
24025
23281
22789
22271
23906
22807
23340
23002
24300
22879
22850
26345
23937
22797
21764
24840
22516
22962
22598
25461
22528
22748
22580
24906
22335
21945
24862
22191
22414
21982
25782
22007
22833
22381
23978
22645
22478
35579
24859
22847
22669
25066
23183
22659
22735
24446
22625
22284
22085
25346
22740
23000
23967
33762
22423
22355
24471
22381
22687
23146
25601
22516
22381
22583
24533
22492
22939
24538
22488
22719
22758
24088
22744
22802
22594
24566
22373
22504
25663
34644
22458
22895
24147
23041
22477
22318
23940
22472
22381
25013
24183
22712
22960
24301
22837
22102
22505
24458
23317
22366
22553
24157
22187
22409
24848
37941
22968
22795
24380
22822
21736
23036
24683
22288
22093
40135
23851
22203
22371
24568
22701
22806
22631
24243
22665
22699
23136
26275
22548
22464
24719
34617
22789
22458
24613
22931
22056
22705
24100
22729
22761
24310
24596
22417
22899
24575
22930
22110
22763
24325
22320
22653
22757
24389
23098
22406
24110
25840
22585
23317
23804
22586
22857
22025
23913
22374
22561
24115
24639
22525
22344
24133
22680
22659
23067
25209
22321
22722
22089
24281
23247
23161
24070
38198
22410
22233
24906
23000
22326
22194
24920
22700
22634
39748
24105
22400
23307
24042
22780
22777
22609
24696
22097
22711
21919
25251
22474
23189
24719
22465
22530
22878
24466
22241
22196
22924
24339
22729
22781
40682
24590
22444
21999
26702
22748
23087
23260
25446
22253
23223
22105
25081
22645
22495
24533
34654
22226
21800
24322
22685
22185
22793
24380
23014
22645
24252
24249
22013
23529
24121
22415
22318
22583
25767
22881
23621
22015
23955
22973
22992
24221
36158
22788
23000
24484
22438
23094
22319
24236
22798
22518
39714
24459
22385
22170
24302
22441
22678
22839
24458
22400
22683
22320
26000
22561
22724
24466
22596
22241
22660
23772
22282
22184
22100
24406
27090
22733
22972
24208
21923
22901
28067
22556
22993
22624
23916
22267
22868
22703
23733
22935
22348
24820
22003
22810
22646
24000
22263
22111
23047
25997
22367
22433
22940
24686
22793
22592
24378
22690
22566
22575
24170
22380
22645
23071
24124
22525
22147
24142
22870
22896
22099
24465
22478
22646
22304
23920
22300
22913
25737
24576
23040
23026
24151
26131
22420
22614
24322
22767
22064
22369
24365
23000
22084
24119
22371
22909
22333
26229
22428
22817
22575
24395
22786
22180
27019
23500
22312
23179
23890
26706
24337
22524
24811
22499
22665
22394
25433
22885
22135
24445
23797
22421
23206
24840
22830
22369
22502
24401
22799
22140
23909
24649
22634
22384
24745
22780
22381
23020
24086
23257
22532
22053
24549
22963
22019
25322
35034
22272
22161
24329
22641
22339
22387
24212
22463
22648
24102
24244
22159
22556
24680
22604
22810
22700
25728
22198
22421
22835
24659
22736
22581
24262
22791
22349
23127
24491
23389
22249
22266
24224
22964
22930
24586
24415
22380
22610
24709
22420
22449
22433
24581
22044
23091
22931
24574
22300
22720
23886
22234
22153
22441
24671
23113
22769
21907
24546
22113
22166
23545
22267
22477
22528
25624
22845
22370
22740
23973
22445
21520
38628
24330
22137
22329
24427
22365
23199
22266
24585
22929
21984
22640
23918
22357
22581
23869
22150
22493
22909
25062
23087
22608
22630
24149
25908
22582
22110
24340
22649
22020
25444
22548
22012
22024
24085
22406
23012
22170
24627
22608
21858
24511
24544
22845
22419
24226
22575
21948
23257
24171
22689
22120
24474
23962
22569
22936
23773
23313
21845
22199
25753
22639
22341
22375
24245
27039
22196
39515
24958
22676
21885
24334
26585
22749
22671
24305
22348
22524
21773
24490
22628
22860
25565
22210
23001
22610
24482
21972
22343
22265
24838
26510
22260
22369
24546
22233
21884
25406
22852
22399
22624
24423
22177
21945
23069
23946
22166
22794
24404
31188
23160
22876
24161
22875
22401
22677
24830
22470
22093
24565
23558
21893
22602
25022
22730
22295
22176
26073
22868
22280
23100
24447
22536
22953
24998
37427
22494
22481
24586
26602
22258
23553
25244
22425
21940
23197
26165
22769
22623
23632
22427
22419
22597
23985
22280
22198
22126
24621
27296
22804
22875
24070
22504
22965
25446
38858
22094
22721
23964
22931
22589
22673
24807
22103
22901
24909
23913
22343
22501
24471
23298
22678
22120
24001
22684
23426
22547
23893
22050
22460
24692
22565
22280
22587
25845
21980
23261
22249
24459
22457
22461
36569
24165
22442
22588
25019
22303
23465
22511
23755
22061
22824
23027
25949
21934
22576
24945
22570
23054
22418
24603
21964
22657
22062
24027
22228
22403
26822
24324
23140
22304
24980
35422
22779
23045
24820
23039
22533
22467
24349
22023
22964
24146
24366
22377
22406
24395
22907
21898
23161
24380
22289
22226
22992
24432
22595
22754
24916
27477
22906
22346
24699
27362
22754
22362
24726
22434
22853
21904
25811
21811
21954
24302
33993
22467
21950
24066
21255
21886
21840
23961
22155
22105
37191
23563
22463
21713
23541
22230
21918
21742
23518
21927
21558
21920
24178
22135
22219
23755
35936
22377
21985
23984
21475
22088
22758
23636
22413
22304
23503
23832
22301
22103
23340
22224
22318
22185
25082
22011
21787
22863
24240
26772
21631
39317
23740
22341
22093
23120
22009
21909
21374
23472
21109
22313
22341
25547
22109
21823
23551
22083
21917
21710
24080
22333
22446
22382
23900
21817
22102
24332
23733
22115
21957
23371
21871
21968
22257
23607
21716
22206
21983
24119
21977
21880
25326
21282
21591
22028
24417
21540
22067
22373
23301
22322
22020
23639
23400
22535
22458
23173
21940
21599
22154
23551
21954
21471
24111
23238
21733
21860
24027
21708
21912
22058
25265
22135
21790
22008
24327
22078
21843
23581
21692
22058
22496
23524
21922
21771
22199
23866
21457
22136
39628
23859
21684
21890
23566
21918
22221
22505
23716
21757
21708
22850
25084
22275
21652
23647
22302
21626
22016
23273
21251
21662
21955
22804
21514
21713
24315
23177
21474
22060
24646
21798
21581
22374
24395
22395
21550
21879
23186
22144
22210
24150
33606
22128
22139
23475
21230
22600
21173
24001
22130
21725
23290
23920
21417
21897
23529
21555
21722
22378
25057
22262
21998
21161
23294
21698
21743
23872
21773
21471
22395
24097
26467
22007
21837
23751
21983
21939
23130
24077
22600
22693
23554
21978
22215
21467
23474
21545
21908
21531
23650
20901
22233
23334
22091
21744
22490
24163
22081
22039
22097
24115
21873
22078
23467
21949
22047
22172
24980
21742
21621
21933
23988
22198
22224
26935
24066
21314
21695
23748
22112
21053
21364
23702
22300
21894
22498
23988
21611
21832
23467
22634
21855
21793
24115
21733
22433
22798
25293
22197
22374
24471
23623
26590
22151
23340
21669
21921
22208
23217
22317
21349
21503
23335
22106
21927
26684
30453
21878
22330
23881
21499
21726
22200
23220
21969
21544
23774
23940
21746
22061
23481
22811
22518
21962
23749
21980
22270
21554
23386
21423
22045
23785
22020
21581
22721
26607
22143
22043
21564
24238
21978
21926
36144
23377
22061
21493
23264
22199
21758
22238
23572
22395
22125
22250
23736
22344
22561
23920
33591
22203
22534
23293
22268
21797
22094
25507
21677
22087
21428
24001
22383
21819
23514
21781
20973
22637
24181
22008
22183
21488
23788
22123
21580
26478
34560
22468
21448
22957
22256
22430
21480
23757
22341
21514
23598
23527
25801
21696
23586
21623
22242
21785
24788
22285
22263
21959
23820
22418
22675
21961
22064
22152
21638
23654
21781
22186
21895
23718
21468
21548
39685
23197
21749
22698
23610
22151
22413
21232
23543
22044
21469
21948
25066
22051
22414
23366
21680
22230
22321
23582
21893
21814
21208
24366
22470
21467
38687
23578
22067
22348
23608
21848
21701
21961
23140
21697
22121
22610
23732
22407
22238
23613
33905
22041
21978
23841
22107
22228
22198
23991
21919
21742
23723
23363
26622
21042
23266
22096
21558
21310
23858
22429
21966
21779
24079
22420
21969
23297
36967
21501
22380
23376
22464
22189
22123
23583
22503
22064
39436
23659
22306
21733
23321
21998
22283
22338
23199
22321
22134
22084
25147
21046
22020
23158
21955
21894
21608
23267
22253
21924
22308
23583
22259
22276
38677
23892
21793
21988
23955
21672
21450
21945
23709
22853
21722
21623
23950
21296
21073
23610
21618
22005
21871
23442
22017
22057
22094
24359
22058
22301
23995
23319
21386
22537
23714
22308
22360
22302
23440
22304
22755
24079
23715
21526
21555
23737
22277
22178
21947
23380
21391
21418
21630
23458
22085
22254
25096
34706
22219
21961
22900
22210
21955
21695
23835
22962
22594
24442
23991
22100
21850
23832
21625
21817
22045
23350
22194
22162
21772
24226
22065
22070
23232
22187
21583
21918
23201
26111
22082
22199
24055
22117
22115
24091
24267
22315
22152
24089
21502
21946
22085
23738
21463
21577
21838
23963
21802
22410
24204
21514
21860
22260
23732
22004
21561
21841
23665
22390
21657
23606
21563
21883
22354
25039
21745
22074
21666
23585
26460
22031
21950
23502
21651
22187
23738
22171
22564
22230
22768
22605
21567
22158
26290
22144
21625
24100
23539
21998
21920
24038
22204
21903
21920
23640
26394
21523
21982
23792
21271
21928
24980
23397
21984
22005
23548
21565
22093
22146
23012
21857
21418
24278
24271
22546
22103
23940
21444
21825
21896
23998
21949
22270
22000
22970
22484
22440
23702
22594
22272
21568
24835
21967
22094
22155
23225
26434
21799
39590
23431
21282
22120
23812
21974
22083
22366
23251
21364
22176
21996
24862
21438
22098
23432
22058
21441
21898
23331
22200
22189
21369
24140
22329
22794
24270
23341
21336
21727
23966
21282
22286
22188
22951
21933
21692
21699
23806
22106
21667
24658
22041
22011
21705
23331
22519
21675
21617
23854
21969
22433
23704
23921
21971
21959
23395
22001
21703
22155
23835
22211
22200
23548
24379
21703
21628
24014
22033
21809
21870
25064
22085
22007
22475
23854
25907
22046
40316
22933
22193
21402
23889
26178
22138
21114
23758
21840
21874
22342
23816
22011
21689
24579
22102
21746
22036
23490
22528
21829
22143
24010
22225
21739
23460
23660
21006
22055
23975
22411
22334
21823
23937
22214
21397
37243
23335
21892
21702
23717
23679
22078
22185
24821
22024
22309
22240
23739
21567
21677
24092
36302
21911
22201
24239
22589
22272
22591
23822
21506
21718
24148
23869
21825
21281
23295
22440
21339
22007
24611
22133
22414
21950
23469
25929
21892
40431
23804
22189
22078
23590
26894
22258
22080
23869
22346
21998
21703
24285
22197
21525
23080
21807
22870
22116
23643
21503
21983
23085
23932
22018
22086
23779
24260
22028
22460
25010
22375
21601
22386
23581
21605
22138
22090
23819
22575
21967
23900
23053
21866
21645
23435
21401
21770
22550
23527
22063
21864
23735
27379
22227
21994
23330
21762
21919
22278
24805
22308
21810
21434
23356
21490
22621
23643
21583
22084
21593
23959
21918
21360
22190
23391
22349
22061
24030
34747
21886
22467
23775
21828
21738
22199
23377
22161
21440
23892
24302
26175
21440
23759
21896
22093
22769
26059
22151
22040
22156
23439
21766
22241
35553
23552
22349
21970
23811
22039
22394
21350
23174
21985
22233
22124
22921
22627
22302
23384
22118
22429
21397
23667
21646
22090
23050
25648
22141
22361
24216
23513
26421
22076
23272
21652
22264
22627
24127
22368
22660
22598
22904
21601
21250
26374
33814
21755
22440
24123
22250
21938
22381
23700
21591
22049
24168
23924
22300
21840
23679
22220
21621
21847
24814
21756
21423
22413
23779
22230
21511
23865
37522
21968
22110
23666
22506
21889
21832
24072
22422
21644
39073
23376
22235
22165
23406
21561
22326
21365
23317
21782
22101
22072
25055
21938
22236
24017
21923
22929
21644
23173
21985
22255
22004
23490
22448
21558
42358
23942
22268
21825
25497
22030
21624
22434
23090
22303
22322
21528
23598
22505
22227
23589
34702
21785
22172
24050
21298
21873
21893
24440
22240
22001
23907
23354
21936
21750
23544
22234
21813
21500
25122
21712
21091
21857
24200
22225
22598
23844
37159
22151
22037
23522
21901
22351
21976
23897
22221
21740
39276
23845
21957
22371
24031
21940
21675
22279
23369
22597
22323
21720
25421
21941
21695
23820
21863
22055
21320
23320
22209
21830
21833
23603
21634
22212
27510
23424
22045
22320
23846
21819
22351
22227
23882
21848
22012
21777
24502
21337
21894
23340
21488
22280
22100
24035
22018
21587
21945
24079
21649
22361
24265
23746
22505
21320
24087
21756
21758
21850
24575
22261
21954
22033
23551
22204
21887
25160
27510
22442
22011
23660
21721
21988
21517
22999
21576
22143
23286
23685
22021
21724
23383
21859
22085
22030
24432
22441
21877
22096
24151
22277
21953
22987
22326
21672
21869
24020
21696
22366
21949
23220
21694
21766
39127
24621
21542
21949
23472
21992
21728
22451
23618
21533
21737
21940
24901
21974
21530
23844
22056
21936
21832
24196
21760
22246
21825
23644
22074
22299
23545
24069
22334
21987
23837
22351
21540
22524
23708
22629
22041
21787
23519
21311
21533
24864
21709
22406
22254
24060
26141
21748
21695
23991
21834
22601
23643
23449
21429
21947
23106
21852
21635
21690
25207
21581
21789
22154
23636
22466
22411
23640
22105
21794
21590
23895
25607
22040
21865
24112
21981
22070
23543
23743
21598
21893
24174
21656
21854
21806
24346
22442
22386
22238
24016
21772
22200
23652
21589
21895
21744
24051
21906
22040
22034
24302
22279
22042
23660
22059
22418
21899
24864
22174
21262
22150
24420
26742
22150
22030
23481
21429
22340
23736
22222
21798
21740
23966
21808
21706
21891
25327
22217
22092
24100
24367
22200
21967
24060
21668
21904
21275
23671
21366
21771
22303
23851
22047
21912
23399
22227
22389
21255
23776
21809
22258
22015
23720
22249
22091
24288
22830
22578
22340
23612
21563
22191
22072
23919
22000
21837
23687
23682
22274
21627
23325
22086
21512
21273
24523
22274
22181
21701
23784
22237
21839
23369
21803
22028
21878
25399
21987
21161
21824
23421
21740
22116
39440
24108
22037
22161
23660
21812
22033
21491
24040
22317
21381
21771
24051
21650
21900
23474
22203
22176
22437
22994
21569
21850
22470
23665
21274
21733
23618
23510
21568
21736
24230
22131
22526
21944
23524
21509
22152
22294
24050
21591
21854
24940
22734
21723
21689
23300
22380
22200
21640
23747
21588
21746
23720
23620
21570
21802
23850
21894
23400
22112
24346
21439
22514
24038
23356
21843
21620
23488
22765
21541
21874
25439
21059
21895
21561
24196
21453
21869
24367
37393
21796
21769
23092
27063
21338
22176
23359
22379
22010
21811
26571
22496
22020
23394
21868
22251
22366
23596
21607
21616
22581
23923
21846
21913
23939
23573
21708
22148
23647
22170
21472
21698
23789
21831
21634
21996
23566
21635
21840
26687
22035
22202
22040
23249
21941
22300
21769
23964
22010
21779
22979
23537
21465
21801
23521
21084
22148
21250
23518
21790
21831
24187
23171
21945
21769
23712
21665
22420
22303
25463
21843
21561
22927
24051
21456
21941
23425
21673
21849
22435
23600
25818
20921
22290
23595
21980
22483
23248
23235
22565
22188
23706
21626
22014
22033
23952
21965
21818
22161
23492
21877
21855
23761
21915
22482
21839
23902
21454
21537
23172
23503
22600
22195
35359
23427
22365
21347
23877
22596
21763
22769
23583
21209
21667
23125
24237
21130
22257
23548
22287
21447
22073
23655
21910
21638
23100
25183
22310
21846
23766
23522
21759
22181
23703
21847
21222
22670
23144
25809
21138
21698
23714
22615
21806
25306
34107
21724
21788
23600
21932
21889
21964
23514
21850
21848
22943
24491
21947
22519
23347
22105
21892
21489
24733
21985
22114
22262
23561
21651
22104
23965
22150
21730
21734
23700
22673
22680
21720
23923
21592
22426
38998
23600
21998
21980
24027
21774
22009
22481
23520
22225
21428
22358
25121
22014
21726
23151
22068
22308
22178
23941
22124
22152
22009
23788
22263
22139
41586
23080
21894
22240
25747
22061
21898
21971
23617
21759
21952
22325
23500
22180
21745
23861
22195
21937
22185
23287
21970
22890
22274
23639
21656
21929
22575
23612
21911
22355
24344
22525
22857
21913
23441
22461
21859
21445
23853
22053
21706
23364
37709
21918
22059
24094
21881
21959
22232
23582
21454
21456
24386
23073
21315
21899
23441
21466
22693
22218
23841
22328
22155
21567
23208
21920
22391
23239
21882
21582
21763
24051
21879
21705
22017
23532
22254
21198
35571
22948
22147
22114
24452
26099
21878
21942
23675
22778
21982
22185
25922
22230
21460
23682
23609
22212
21948
23835
21573
22032
21800
23891
22362
22034
21409
24006
21329
22255
23885
22329
21818
21740
23495
21935
22275
21741
22956
22440
21445
24568
33928
22226
22085
24129
27496
22058
21862
23719
21938
21725
20998
23595
22354
21894
24036
21709
21945
22113
22991
22500
21773
22095
22920
21503
21745
23860
22087
21817
21356
23505
21801
22395
22082
24331
22281
21919
24420
23444
21631
21825
23938
21778
21902
22227
23422
22630
21935
22318
23345
21714
22086
23836
21763
21751
21474
23767
22199
21643
21930
22982
22807
22419
23983
21897
22468
21278
25366
21539
21960
21763
23834
25536
22180
22155
23655
22298
21356
22885
21740
22140
21481
23751
21906
22044
22418
26582
22471
22627
23693
23068
21724
22224
23865
22298
21482
21406
23798
21245
22801
21495
23290
21710
22190
24005
21461
21500
22112
23294
22368
21524
21765
23291
21506
21950
28085
23806
20941
21641
24276
22185
21934
21433
23742
22053
22014
23691
24197
22356
21913
24000
21680
21835
21531
23496
22165
22249
21672
23032
22094
22026
24239
21950
22234
22409
25478
22155
21753
21806
24410
26149
22957
39985
22955
22480
22438
23543
22214
22029
21529
23547
22048
21542
21772
25564
22058
22043
23363
22825
22120
21925
23614
21518
21951
22293
23180
25744
22052
21284
24228
22060
22350
26042
22085
21644
22254
23509
22496
21581
21674
24505
21847
21629
23001
23902
22249
21680
23546
22064
22175
21760
23947
22198
21481
23461
24065
21897
21846
23680
21476
22105
21320
25140
22145
21821
21698
23980
25676
21082
39544
23720
22143
21990
23840
21416
21689
21865
23222
21745
22561
21760
25929
22260
21523
23780
22050
22203
22100
23904
21422
22443
22087
23518
26503
22420
22518
23900
21518
21709
24989
22083
21497
22025
24454
22114
21017
22809
23185
22081
21615
23816
34090
21358
22280
23456
21917
22065
22007
23562
22274
22063
24133
23774
21922
22089
23843
22698
21896
21995
25160
21967
21099
21687
23391
26212
22125
40191
23351
22070
22563
23779
21885
21472
22265
23302
21686
21985
21574
25918
21775
22142
22850
21882
21284
22360
23619
21448
21990
21625
23668
21802
21990
23576
23547
22330
22602
23373
22342
21399
21999
23795
21830
22333
22281
23417
22358
21661
25340
38550
22020
22543
23540
22108
21810
21122
23367
22017
22266
23019
23328
21989
22242
23556
21843
21886
22206
24227
21875
22006
22229
24212
21792
22380
23639
22154
22651
21650
25216
22145
22046
21773
23033
26468
21712
38560
23112
22440
21788
23907
21613
21840
21583
23123
22145
23032
21954
26425
21902
21927
24095
22066
22219
21231
23220
21553
22552
22547
23509
22369
22506
23196
24078
22426
22085
24048
21665
22895
22007
23599
21938
22351
22220
24055
22641
21674
23961
22427
21463
21709
23042
21835
22510
22328
23450
21635
21547
23600
26749
21938
22160
23684
22057
22001
22431
26029
22212
21954
21858
24102
26040
22609
23743
31835
22367
22055
23372
22793
22139
21707
23631
21752
21983
23894
23255
21885
21462
23547
22418
21780
21716
23337
21860
22124
22320
23610
22041
22038
24391
22592
21647
21710
23865
22285
21814
21647
23096
22401
22020
35872
23562
22063
22259
23593
22287
21889
22107
23900
22386
22440
22118
23770
22791
21690
23418
32804
21601
21584
23466
21099
21812
22258
25177
22006
21679
21572
23873
22184
22221
23206
22262
21905
21683
23948
21861
21401
21973
23967
22152
22542
25681
34838
21853
22138
24180
22609
21836
22226
23712
22053
21894
23745
24246
22141
21604
23319
22243
21585
21361
23200
21975
22370
21675
23551
21971
21958
23671
36888
22698
22146
23721
21302
21686
22229
23620
22306
21821
38997
24207
21785
21834
23151
22380
21526
21971
23348
21678
21280
22038
24847
21960
22279
23714
22542
21257
21732
24331
21814
22334
21470
23234
22110
22324
23318
23901
22049
21695
23823
21753
22071
22088
23531
21977
22561
22352
24020
21729
22001
24166
26257
21754
21795
23703
22615
22251
22224
25844
21423
21980
22198
22757
22053
21911
23730
21907
22452
22109
24029
22110
21930
22041
24228
21364
21849
23640
37400
22198
21433
22963
21933
21867
21720
24107
21714
22382
24119
23355
21680
22205
23987
22400
21669
22785
22923
21486
21639
22300
24734
20864
22005
23577
22074
22574
22056
23545
21957
21686
21620
22874
22325
22094
22917
22650
21937
21248
23778
22305
21341
22401
23691
21958
21860
24119
23967
22703
21661
23617
22315
21720
22825
23922
22274
21973
22201
23481
22062
21195
23777
21846
21334
21898
23885
21930
21905
21874
23610
21635
21600
22790
22135
22096
22159
24975
22399
21956
22698
23629
22203
22049
26183
23416
22200
22404
23833
22069
21810
21865
24172
22403
23008
22047
23421
22783
22029
24092
21870
22440
21850
22872
21949
21833
22217
25584
21721
21819
23575
22927
22045
21749
23393
22125
21904
21409
23711
21877
21841
27320
23879
21380
22233
23404
21785
21994
21935
23859
22638
22021
21854
23923
22583
21885
24868
23182
22017
22129
23501
22259
21969
21623
23470
22249
21955
23400
23617
22113
21833
23700
22335
21983
22151
23900
21949
21315
21639
23703
22261
22362
24092
22400
21704
21714
24833
21717
21257
22305
23228
26013
21287
39745
23891
22315
21991
23665
21746
39829
23330
23061
23553
21663
21976
26541
22465
22230
23793
22501
22423
22100
23845
21599
22365
21814
24002
21787
21978
42700
24090
21875
21681
24050
22218
21753
22197
23107
21731
21568
21358
23500
21983
22118
23698
32256
21867
21191
23987
21697
21851
21792
24023
22381
21735
24483
24213
22081
21365
23715
22427
21747
21566
24782
22149
21342
22446
24039
21983
23682
23263
23790
21670
22075
23597
22194
22239
21746
23691
25253
22322
23183
23439
22291
21618
23440
24846
21768
22500
23160
22281
22295
21311
23630
21903
22111
36994
23297
21792
22226
23052
22119
21665
22318
24311
21542
21990
22614
24160
21567
22318
23836
21480
22868
21895
24432
22058
21931
22050
25273
21464
21879
24005
23779
21738
21672
23498
22007
21787
21843
22904
21675
22024
22449
23110
22015
22098
23832
21554
21889
21796
23326
22244
22315
21932
23380
22089
22505
27373
31619
21110
21538
23943
22013
21252
22738
23929
21642
22025
23516
23225
25511
21959
23354
21470
22219
21665
25638
22498
22502
22661
23657
21868
22057
35167
23179
21893
21915
24272
22158
22329
22161
23701
22081
21863
21669
23927
22134
22405
23497
21162
22046
22385
23123
21801
21465
22439
25692
22398
21623
23834
23320
25762
22383
23573
22543
21544
21710
23534
22066
21505
22070
23519
21649
21933
24659
24160
22152
23791
23746
22277
21457
22052
23782
21414
22239
24005
24009
25857
21787
23420
21567
22794
21941
25574
22236
23028
22137
24247
21920
21885
36037
23704
21949
21883
23863
22419
22593
22022
23186
21681
21426
22111
23750
22067
21865
23161
21915
21895
21550
23364
22285
22153
21992
25029
21591
21910
23350
23575
21346
22055
23600
22421
22725
21387
23880
22035
22220
22325
23160
22016
21305
23082
21486
21501
21498
23821
21799
23060
20850
24378
21739
21770
25606
23910
21772
22232
24140
22323
22313
21892
23814
21527
22134
24006
23726
22503
21901
23536
21740
22003
21605
23044
21643
21655
21571
23347
21707
21580
24229
21965
22053
22042
25028
21828
23113
21969
23518
21329
21565
35738
23654
22104
21574
24446
22411
22254
21832
23844
21734
22445
22014
23228
21996
21611
23394
22504
21643
21761
23347
22543
22450
21684
25250
21756
21590
23563
23939
21475
21998
23963
22259
22235
22220
23187
21750
22194
21380
23880
21825
22071
23950
21724
22127
21718
23823
21825
22343
22144
23084
22081
21458
25238
33693
22287
21894
23973
21565
22010
22076
23243
22077
22077
23760
23241
21868
22025
23835
21769
22011
22246
23932
21602
22113
22402
23823
21726
21303
23776
22442
21960
21975
25277
21755
22178
21330
24300
21771
21981
35978
23789
21814
21942
24053
22088
22286
21414
23934
22032
21913
21582
23454
22127
22600
23140
22536
21978
22014
23755
21435
22559
22043
24817
21506
22320
23576
23931
22586
22606
24227
21689
22230
22175
23996
21960
21794
22093
24027
21630
22247
23736
21551
22091
21734
23456
20942
22445
21981
23376
22604
22080
25628
34070
21730
21890
23922
21796
22017
21370
23372
22193
22151
23411
24245
21381
21505
24359
21261
22393
22160
23608
22379
22245
22272
23621
22303
21594
23581
22510
22271
21545
25305
21309
22540
22227
23981
22480
21895
35480
24455
21033
22505
23859
21910
22440
21755
23350
21829
22355
22843
23959
22060
21501
23162
22830
22108
21789
23525
21964
22480
21158
24600
21894
22338
23859
23724
21540
22025
23479
22017
21915
21857
23539
25451
21865
22227
23102
22116
21665
25924
35182
21623
21925
23790
21773
21880
22571
23721
22090
21849
23856
23934
22463
22067
23723
22645
21409
21480
23582
21870
22283
21693
22899
22282
21893
23886
21722
22130
22087
23600
22242
22245
22038
22940
22071
21997
40427
23323
21434
22216
23593
22519
21757
21785
23510
22254
21937
22206
26001
21831
21801
23162
22241
21350
21952
23644
21841
21931
22440
23777
22595
21830
40877
22736
22118
21886
26395
22200
21984
22325
23415
22305
22703
22093
23855
21797
21820
23500
22606
22170
22363
24304
22355
21872
22138
25110
21990
21887
21831
23638
21778
21205
23582
21975
21597
21876
23200
21530
22079
22107
24294
21800
21656
23455
37987
21247
21384
23705
22082
21903
21142
23417
21875
22290
23880
23705
21864
22053
23411
22755
21735
21619
23146
22767
21949
21519
23351
22437
21574
23802
20996
21957
21942
25770
22143
21085
21749
23819
21942
21848
35676
24145
21621
22029
23540
26506
21929
21527
23191
21350
22003
22338
25200
22072
22185
23420
23370
21285
21606
24128
21533
21392
22152
24058
22509
21820
21781
23860
21649
22842
24476
36448
23775
24180
23634
22094
21849
21893
23716
21976
22005
24955
35016
21415
22155
23860
21802
22237
21771
23800
21406
22542
22771
23934
21750
21961
23042
22541
21871
21420
24451
21835
21642
22171
23646
22220
22441
23712
21838
21599
22065
23627
26651
21758
21777
23720
21587
22434
23839
23322
22017
21678
23440
21938
22557
22081
23973
21746
22259
22459
24389
22417
22047
23522
21874
22200
21674
22938
21365
21834
22109
24299
21894
22198
23292
22531
21308
22093
25350
22140
20955
21967
24006
21398
21390
27340
23787
21574
21805
23646
21793
20999
21421
23705
22550
22227
21741
24194
21997
22334
24053
22135
22100
22345
22920
21346
21707
22081
24770
21646
21862
24425
23386
21733
21752
23727
22202
21210
21709
23387
27216
22078
21772
23010
21405
22042
24677
23369
22160
21660
24334
21466
21577
21958
23982
21687
22418
23662
23956
21854
21396
23651
22265
22074
21301
23663
22000
22215
22501
23887
22052
22401
23852
21966
21994
21389
25166
21941
22283
22363
23452
27118
21333
39348
23972
21808
21575
24338
21895
22080
21261
23879
21840
21582
21881
24892
21986
21737
24029
21930
21748
21961
23818
21957
22081
21509
23585
25951
22160
22309
23831
21963
22360
26348
22163
21376
21100
22917
21511
21820
22540
23906
21419
21426
23999
23983
21906
22272
23849
21886
22202
21424
23416
21658
22161
24233
23354
21465
21809
23449
22073
21639
22068
25025
22085
22157
22064
23917
22558
22054
23684
21999
21406
21456
23615
21748
22014
21339
23380
21941
21770
24894
24100
21748
22297
23570
21600
22127
21578
23571
21858
21449
22691
23676
21540
22150
23231
21780
21859
22411
23826
21961
21919
22110
23700
22452
22280
23770
22273
22114
22196
24767
21881
21803
22509
23665
22086
22199
26782
23749
21847
22008
23246
21627
21738
21995
23338
22040
21885
21648
23941
21914
21620
23877
21481
22371
21907
24420
21317
21835
22166
24749
21356
21694
24234
23726
22102
22267
23023
21044
22786
22329
23698
22154
22244
21577
23328
21807
22007
25101
21848
21753
21364
23228
22305
22179
22241
23652
21980
22215
23834
21695
21940
21814
23184
22306
22107
21813
25292
22119
21940
22275
23264
22097
21754
24678
21399
22302
21629
23701
22039
21874
21438
23551
21640
21939
25423
23726
21237
21488
24145
22045
22362
22221
23660
21635
22044
23873
23536
21933
22232
23998
22105
21374
21993
23742
22307
21831
21919
24000
21753
22133
24213
21815
21650
21620
23994
21944
21790
22216
24362
21969
22153
35408
23510
22000
21695
23861
27354
22260
22280
24084
22069
21614
22530
25195
20947
22388
23512
23451
21406
22586
23586
22605
21786
21981
24291
22332
21946
24446
23635
22013
22242
23292
22199
22381
22260
24045
22000
22120
21885
23553
21986
21796
25237
34029
21754
23050
23592
22457
22145
22027
23506
22073
21812
23644
23690
22221
21988
23923
22505
21604
22685
24742
21810
22014
22014
23371
22611
21866
23824
22700
22111
21898
23908
27061
22410
21621
22919
22019
22266
23239
23706
21750
21928
23354
22063
22777
22274
23671
21814
22077
21974
23867
21487
22061
23832
21819
22061
22829
24208
22335
21961
21638
23703
22287
21929
23080
21754
21648
21726
24633
21566
22386
21565
24193
21894
22507
27053
24442
21791
22057
23899
22020
21746
22460
23659
22003
22098
22801
23531
21571
22525
23359
21897
22010
22048
24335
21965
21841
22012
25591
22169
22153
23678
24347
21659
22138
23659
21874
21729
21493
23382
22140
22604
21634
23413
22261
22244
23509
22307
22303
21944
24086
22232
21545
21963
23820
22105
21801
25963
23846
21892
21818
23936
21895
21810
22435
23664
22023
21985
24181
23759
21758
21237
24298
22100
21805
22239
23660
22592
22086
21942
23329
22224
21885
24140
22474
22293
21903
25214
22145
21800
22068
23219
25245
22250
39420
24025
21491
22055
23259
21724
21321
21494
23823
22332
21749
21926
23880
22149
22017
23421
22606
21999
21800
23791
21551
22208
22080
23757
26822
21773
42695
23762
22083
22300
24899
22064
21394
21915
23355
22221
22013
22518
23995
22161
22505
23435
33330
22012
21058
23716
22505
21742
22090
23798
22280
22441
24187
23950
21625
22340
23604
21438
21759
22286
24940
21445
21898
21482
23513
27038
21268
38889
23430
21787
22001
23878
21374
22498
21738
23076
22246
22130
22330
26300
22447
21837
23621
21555
21948
21900
24002
21546
22217
22245
23666
21974
21841
23492
23688
22110
22138
23280
21938
22262
22064
23668
22574
22227
21651
23531
22081
21850
25741
22054
22081
21866
23230
21902
21747
22557
23816
21309
21466
23627
35255
21662
22060
23376
22001
22766
21874
23354
21666
22953
23267
24079
22733
22076
23491
22060
22118
21550
24713
21709
21635
21262
23505
26231
22314
39685
23815
21890
22432
23434
21344
22150
21871
23650
22260
21790
21501
25977
22226
21970
23699
22344
21866
22318
24050
21311
21788
21958
23406
21929
22223
24574
24146
22091
22623
24122
22378
22689
22923
24470
22446
22730
22812
24357
22732
22380
26581
22061
22710
22760
24454
22564
22745
22908
24404
23177
22661
23677
24026
22476
22730
24238
22431
22765
22578
24693
23507
22176
24453
23905
22498
22392
24839
22049
22767
22398
25617
22277
22967
22678
25060
22539
23117
24810
21891
22449
22693
23534
22609
22588
22316
24586
22534
22474
24381
23566
22817
22650
24474
23313
23174
22183
24292
22175
22444
21882
24162
22699
22500
24141
22845
23036
22620
24993
23089
22580
22978
24586
23313
22565
35674
24124
22758
22443
24310
22687
22568
23173
24754
22638
22828
22715
24335
22927
22493
24368
22745
23075
22500
25349
22061
22278
22748
25672
22637
22286
24290
24429
26150
23119
23841
23075
22174
22010
23618
23115
22058
22751
24731
22010
23223
26667
35514
22449
22500
24456
22978
22174
21952
24994
22637
22877
24176
24769
22432
22857
24026
22775
22960
22566
24503
22862
23157
22260
24455
22686
22463
23789
23563
22706
22380
23667
22193
22581
22793
24828
22930
22359
39860
24758
22148
22242
24203
22040
22561
21860
23524
22754
23234
22808
27524
22609
22504
24470
34136
22785
22983
24446
22020
22848
22216
24292
22513
22637
25031
24804
22474
21797
24279
21811
21810
22364
24654
21833
22695
22839
24363
22225
22327
24916
25928
22893
22862
24453
22285
22836
21965
24881
22084
22017
24881
23887
26637
22459
24061
22952
22168
23269
26317
22448
22564
22886
24301
21711
21946
35296
24575
22254
21855
24228
22717
22757
22360
24271
22244
22395
22765
23901
22587
22097
24768
34944
22529
23005
24742
21881
22529
22196
25548
23259
22123
22705
24794
22780
22421
24509
22354
22730
22562
24178
22646
22210
23081
23977
22392
22633
25317
32020
22207
22197
24470
22335
22906
22443
24805
21936
22846
24715
24442
22753
22442
23845
22924
23357
22286
24623
22080
22960
22893
24741
21936
22080
24427
22747
22737
22087
26151
22801
22239
23077
23722
21858
22458
35075
23869
22742
23032
24392
22082
22214
22680
24487
22057
22515
22720
23655
22653
22914
24481
34401
21740
23349
24315
22852
22462
22656
26342
22720
22905
22561
24227
22698
23040
24068
21984
22766
22581
24756
22777
22341
22363
24342
22474
22886
25411
25596
22181
22160
24597
22826
22359
22763
24321
22699
22853
24735
24098
22824
22685
24371
22653
22560
22778
24159
22817
22746
22880
25143
22592
22040
24892
22045
22730
22400
25880
22366
22877
22284
25137
22746
22284
35249
24843
22533
23107
24542
23005
22935
22499
24890
22763
22940
23214
23685
22320
23463
24703
34391
22118
22770
23778
22716
22892
21992
25461
22275
22791
22512
24453
22567
22760
24413
22501
22528
22390
23994
22087
22592
22845
24466
22720
22780
27024
24454
37346
22446
24139
22814
23113
22001
23980
22620
23006
22233
24602
22430
22480
24620
23227
23193
22777
24517
22931
22988
22055
24493
22101
22084
24502
22678
22427
23114
27180
23003
22655
22173
24274
22587
22796
26892
24301
21984
22458
24651
22294
22806
22383
24065
22794
22882
22360
24048
21872
22137
24580
34681
22960
22468
24106
22428
22962
22430
25690
22078
22641
22460
24236
22817
22216
24130
22826
22053
22539
24975
23265
22369
22393
24141
22940
22781
25584
34188
22620
22087
24951
22800
22413
22669
23595
22002
23079
24679
24614
27215
22628
24990
22662
22320
22814
25220
22585
22625
22323
24965
23018
22284
35592
23940
22691
23098
24639
22257
22135
22305
23379
22590
22768
22928
24284
22907
22479
24851
34565
22496
22233
24326
22741
22501
22006
25626
21855
22414
22566
24493
22004
22331
24096
22898
22145
23114
25020
23345
22802
22444
24090
22297
22761
24833
35319
22693
22573
24530
22062
22221
22279
24353
22679
22011
24553
25130
23441
22165
25183
23054
22549
22658
25444
22812
22660
22689
24855
22990
22405
25057
22544
22315
22665
24510
21808
22421
23024
23641
22341
22990
40543
25015
22284
21880
23850
22278
22311
22400
24395
22737
22533
22025
25487
23014
22730
24844
22758
22166
23049
24273
22760
22438
22544
25105
22594
22407
39707
23823
22310
22560
27952
22320
22360
22055
24380
22563
22135
23139
24545
22868
22440
24202
22258
22546
22782
25331
21871
22568
22276
25018
22901
22639
22564
24515
22703
22828
25047
22407
22477
21970
24105
22555
22731
23931
24361
22362
23429
24584
22473
21904
22633
24700
22777
22984
22294
23946
22443
22536
25920
24593
22859
22582
24716
27547
22242
22274
23954
21772
22488
22277
24425
22976
22225
24891
22632
22948
22724
26000
21939
23133
22621
24206
22345
22429
27088
24034
22954
22778
24282
22458
22650
22255
24622
22498
22777
22277
24250
22115
21921
25054
22188
22920
22573
24320
22290
22322
22470
25814
22691
21941
24941
24174
22769
22629
24483
22537
22400
22746
24386
22802
22693
23708
24786
22676
22968
24784
22625
22741
23021
24175
22260
22631
22346
24406
22262
22015
25784
26320
22258
22341
23928
26600
22434
22734
24229
22729
22804
22681
24155
22442
22812
24595
22544
22127
22014
26201
21903
22459
22951
24296
22380
22276
36353
23719
22330
22111
24116
22572
22528
23471
24246
22463
23403
22445
24931
22434
22672
24516
22902
22297
21971
24522
22442
22208
22958
27209
23005
22492
24837
23955
22340
22259
24269
22205
22985
23159
24419
22264
23158
23698
24887
22601
23012
23907
22575
22179
22712
24379
23116
22397
22923
24599
22981
23004
25611
34411
22314
23044
24709
22544
22759
22909
24422
23126
22471
24305
24638
22667
22207
24451
22769
22350
22845
24604
22380
22181
22917
24132
21819
22285
24896
22742
23151
22604
24525
22662
23019
23283
23969
23346
23084
24101
24503
22663
22400
23977
22356
23055
22677
24612
22700
22237
22925
24021
22403
23013
23914
22060
22953
22197
24065
22409
22581
22873
24174
22540
22883
24587
23053
22578
22904
26424
22763
22867
22722
24035
22361
21954
28720
24794
22669
22317
24170
22673
22867
22208
24358
22149
22045
23065
24644
22540
22110
24033
22545
21946
22485
24301
22483
22554
22108
24285
22322
22155
24511
23756
23014
22653
25131
23246
23185
21881
24531
22411
22512
22720
24566
22687
22952
24693
23062
22232
23223
24523
21878
22409
22411
24605
22947
23085
24785
24402
22457
22197
24422
22733
22469
22499
25599
22520
22617
22813
24331
22884
22645
24564
22360
22360
21888
24919
22057
22676
23080
23718
22012
22617
27300
34696
22017
22171
24134
22600
22740
22817
24311
22699
23287
24009
24870
22784
22617
25032
22891
22953
22569
24580
22900
22841
22960
23532
22360
22935
24282
34860
22206
22892
25163
22784
22944
22950
24791
22940
22353
40014
24574
22220
22520
24646
22824
22701
22384
24117
22301
22830
22217
25625
22330
22615
24631
21856
22841
22728
25099
22850
22787
22029
23966
22440
22637
42540
24635
23394
22813
24881
22430
22415
22588
25167
22435
21846
22376
24653
22245
22944
24310
22366
23154
22560
24430
22883
22241
22810
26667
22511
22920
23085
24446
22326
22103
24468
24402
22409
22773
23957
22595
22104
22984
24593
22361
22553
25070
22942
23135
22097
24284
22563
23200
22624
23997
22100
23015
26276
24223
22713
22497
24069
22642
22422
22001
24257
22218
22418
22425
24501
23115
23602
24465
22683
22891
22899
25072
22560
22753
22128
23961
22588
22609
36816
24616
22847
22161
24259
22586
23034
22744
24249
22448
23481
22563
24553
22600
22101
24447
22920
22680
21984
23992
22829
23061
22405
24078
22234
22180
24532
25242
22734
22693
24177
22557
22203
22990
24266
22800
23377
22510
24650
22420
22449
25836
22569
22259
22580
24357
22220
22680
22240
24617
22786
22363
24158
22335
22622
22479
24097
22049
22020
23157
24999
23070
22464
22626
24453
22714
22708
24155
22337
22807
22168
24279
22835
23436
22179
24461
22906
22901
23766
24597
22649
23004
24450
22999
22604
22746
24689
22621
21953
24624
24153
23129
22199
24148
22478
21594
22953
24046
22593
22578
22920
24086
23083
22107
24030
22551
22070
22429
25732
22371
22776
22628
23986
21673
22253
39764
24442
22980
22253
24828
22737
23281
23020
24539
22893
22855
21966
26610
22698
22058
25148
22857
23140
22600
24576
22557
22726
22613
24511
22162
22625
43512
24395
23126
22721
24606
38130
22538
22466
24239
22678
22364
22445
24586
22674
22068
23961
24394
22537
22746
24950
22476
22692
22343
24180
23450
22691
22475
24796
22335
22734
23997
22301
22740
22332
26187
22737
22650
22606
24308
22460
22405
36342
24182
22766
22429
23970
23286
22810
23110
24546
23067
22362
22219
25544
22105
22540
24097
22830
22240
21920
24184
23149
21775
22577
24778
22744
22839
24330
24371
22600
22868
24358
22586
22641
21876
23850
22125
22640
22593
23995
22660
21648
25574
23204
22592
21582
25099
22527
22301
22454
24197
21851
22261
24524
32887
22744
22407
24250
23397
22583
21945
24096
23296
23061
23958
24635
22888
22298
24205
22651
23113
22749
25745
22881
22515
22516
24957
22227
22439
24291
36658
23173
22740
24121
22237
22360
22944
24420
22588
22984
40330
24848
22230
22501
24598
23300
23705
22224
23863
22702
22789
22490
25873
22796
22800
24283
23029
22092
22605
24099
22470
22703
22875
24105
22176
21971
24226
24620
22486
22413
24314
22814
22702
21806
24397
22854
22404
22665
23881
22374
23002
25595
23092
22194
22594
24439
22440
21897
22699
24279
22789
22700
24355
34539
22583
22874
24973
22610
22786
23211
24031
22891
22229
24611
24279
22860
22313
24097
22631
23776
22385
26058
22250
22326
22308
23940
22077
22651
24552
23050
22208
22161
23998
23035
22141
22219
24425
22950
22528
26486
24889
22352
22257
24330
22874
22215
22369
24204
22775
22148
22380
24571
22480
22112
23425
22478
22032
22271
24720
23435
23187
23260
24380
22733
22900
24597
23440
22525
22640
27133
22435
22934
23180
24440
22350
21697
25861
24118
22336
22692
24569
22206
22540
22985
24434
23365
22900
22477
24580
22281
22822
24217
33974
23447
22730
24857
23170
22850
22678
25827
22845
22209
22559
24674
21598
23022
24890
23209
22244
22620
24122
22560
22462
21877
24307
22417
22975
25249
34301
22432
22229
24197
22381
22106
22766
24482
23572
22932
24255
24209
22441
21641
24361
23084
22453
22537
24698
22162
22077
23044
24440
22421
22760
23703
37396
22342
22318
24414
23173
22668
23065
24261
22820
22411
39555
24854
22078
22912
24538
22289
22408
22705
23586
22479
23081
22263
25810
22672
22727
24475
34525
22182
22668
24227
22008
22020
22601
24470
22909
22433
24657
24786
22677
22633
24616
23018
22815
22393
24388
22969
22701
22728
24783
22818
22656
23809
22760
22481
22484
24864
21776
22590
22530
24651
22258
21867
24075
24592
22674
22630
24927
22380
22745
22734
23982
22401
22739
23426
25038
22872
22465
24538
23264
22461
22631
24750
22176
22414
22901
24327
22811
21973
25726
34046
22626
22023
24307
22642
22533
22167
24670
21800
22281
24552
24878
23023
22541
23947
22693
22649
22800
27304
23025
22480
22584
24269
22597
22625
23841
22282
22246
22858
24901
22643
22437
22960
24869
22399
22810
24298
25091
22754
22672
24659
22668
22530
22007
24315
22715
23332
21658
24881
22296
22413
24500
22260
21930
22329
23974
22814
22993
22979
24070
21853
22501
24140
22886
22450
22181
26747
23089
22253
21752
24211
22459
22513
39523
24590
22440
22478
24422
22930
22702
22513
24341
22346
22577
22123
25666
22240
22873
24282
22422
22440
22558
23861
22747
22838
22281
25588
23053
22573
24201
24368
22444
22523
24350
22840
22495
22765
24227
22198
22014
22733
24760
22320
22074
26925
22728
21924
22538
23957
22448
23025
22499
24449
21481
22749
24595
32325
22353
22566
24050
22769
22407
22874
24521
22329
22853
24616
24077
22330
22437
24325
23275
22296
21755
25607
23032
22809
22213
24315
22460
22981
24822
22922
22266
22182
23978
22002
22751
22898
23910
22594
22379
25881
24788
22768
22524
24460
22946
22541
22690
24661
22279
22329
21918
23693
22917
22649
24220
22226
22729
22883
24760
22212
22466
22070
24641
22862
22259
24407
22681
22705
21837
26407
22215
22260
22555
24660
21769
22558
25840
24147
23236
22060
24755
22848
22701
23029
24630
22429
22500
22625
25195
22923
22087
24659
34342
22050
22718
24732
22985
22943
21969
25815
22177
22224
22315
24943
22396
22574
24280
22122
22665
22410
24441
22818
22772
22684
24188
22540
21612
23754
34162
22491
23179
24070
22599
22516
22944
24264
22666
22312
24275
24690
22554
22623
24362
22606
22535
22600
25111
22400
22464
22198
24678
22158
22336
24026
36788
22958
22787
24504
22598
22661
22677
24818
22934
22940
40626
24429
22151
22692
24560
22926
22035
23095
24425
22717
22280
22510
25711
23343
22629
24486
33837
22670
22685
24500
22419
22430
22598
24462
22647
22901
24485
24106
22201
22049
24673
23178
22365
22057
25237
22782
21747
22402
24406
22717
21808
24840
22620
22629
22467
24761
21896
22526
22978
24671
22346
21995
24552
24322
22516
22582
24005
22313
22758
23314
24907
22748
22850
23755
24974
22070
22363
24431
22352
23480
22640
23965
22366
22630
22830
24891
22200
22880
26023
33616
22333
22516
24045
22100
22720
22839
23991
22654
22452
24314
24760
22638
22888
23944
22206
22700
23070
27283
23237
22730
22601
24749
22990
22633
24940
22508
22433
22671
24103
22525
22797
22715
24521
23745
22366
24589
24140
22527
22263
24221
22218
22234
23228
24978
22781
22691
22388
24110
22712
22884
23974
22380
22998
22686
24110
22500
22069
22460
24117
22874
22482
24369
22721
22740
22491
26158
21982
21923
22731
24711
22858
23219
39032
24534
22847
22665
24630
21925
22880
22500
23897
23040
22827
22268
25752
22393
22049
23805
22831
22649
22080
24307
22987
22500
22870
24522
25647
22551
22509
24774
22174
21957
26393
22569
22130
21971
24312
22327
22930
22666
24997
22565
22475
23903
24051
22238
22336
25403
22621
22079
23296
24600
22025
22049
24834
24477
23175
22587
23585
22750
21987
22867
25597
22644
23193
22156
24397
22578
23110
24640
22161
22169
22996
24548
22374
22287
23034
24766
22641
21992
24427
24780
22903
21921
25030
22667
23034
22209
24409
22309
22612
22652
24128
22591
22720
24758
22571
22274
22559
24019
22985
22545
22187
24263
22791
22255
36069
24391
22440
22008
24965
21717
22797
23056
24404
22272
22167
22712
24689
22860
22322
24778
22723
23275
22096
24678
21549
22500
22981
26409
23111
22790
24301
24206
22774
22644
24770
22635
22572
22557
24110
22260
22636
22444
23958
22900
22797
24313
36458
22470
21848
24281
22000
22915
22831
24284
22371
22727
23924
24300
22857
22891
24842
22443
22197
22457
24634
22194
22691
21685
24475
22720
22705
24358
22440
22447
22910
24929
22638
22804
22562
24202
22167
22954
39875
24098
22454
23068
24561
22486
22722
23114
24509
22316
22728
23348
25796
22912
22441
24140
22752
22497
23488
24530
22020
22241
22457
24447
22446
22395
41203
24586
22506
23084
26362
22121
22315
22841
24365
21653
22403
22837
24547
22166
23091
24303
22630
22520
22477
24972
22299
23114
22582
24509
22361
22856
22762
24862
22527
22180
24083
22706
23141
23187
24144
22026
22378
22218
24982
22624
22959
24280
37722
23029
23239
24454
22035
22523
22433
24399
22110
23559
24573
24753
22951
22598
24525
22131
22596
22790
24634
22060
22239
22442
24365
22203
22864
24173
22408
22765
22060
25271
22211
22564
22727
24145
22333
22739
36657
24486
22900
22554
24280
22418
22729
