Latency
21792
18614
18397
19962
19240
18740
19160
19524
18424
18480
17986
19307
18353
17997
18448
18777
18292
18147
17868
19220
18176
18955
19847
19485
17959
17581
19713
19190
18402
18372
19932
19509
18274
18355
20088
17835
17834
18495
20560
18231
17880
18369
20038
17400
18263
18327
19587
17839
18467
18027
19882
18782
18200
18672
20578
18590
18279
17916
19819
18676
18187
17875
19177
18320
18417
18221
19691
17623
18616
18460
19269
17974
18446
19855
19216
18633
18633
20792
19880
18507
18407
19299
19524
18072
18224
20080
18565
17772
18809
19414
18229
18310
18786
20363
17848
17752
18669
20056
18524
18698
19257
20117
18254
18186
18481
19572
17713
18355
18505
19610
18477
18004
18685
20629
18134
19482
19367
19818
19676
17904
17988
20878
18393
17866
17917
19874
18599
18421
34329
19631
17716
18160
20060
18772
17565
18794
19558
19240
18288
18507
19398
18503
18139
18271
19954
18293
18307
18639
20297
18073
18198
18452
19423
18218
18229
17959
18901
18013
18154
18193
19896
19040
18155
18025
20102
18067
18042
18183
20128
17959
18497
17960
19540
18129
18544
18260
19895
19265
19127
18190
19512
18365
18321
19813
19977
18675
18089
19578
19855
17980
18923
20342
20209
17624
17907
21246
32683
18315
18461
19442
18507
18455
18613
19865
18864
18499
17867
20746
18277
18479
18517
19675
18566
17901
18206
19727
18365
18172
18177
19741
18364
17719
18129
19634
18460
18932
17959
20446
17462
17594
19010
19987
17701
18882
17989
19937
17545
18571
20653
19263
17987
18549
20622
19020
18556
19040
19203
19401
17909
18079
19736
18789
17460
18310
19826
19004
18321
18508
19382
18443
18326
18558
19237
18038
17804
18581
20209
17880
17561
17828
19566
17943
18332
18560
20247
18390
18355
18149
20119
18167
17717
18072
20302
18964
18513
19144
20149
17700
19271
18046
20165
18600
18474
19491
19630
18233
18027
19557
19836
19804
18780
20789
19633
18431
17819
19441
17660
18259
18251
20501
18529
18112
18545
19591
18096
18481
18415
19499
18201
18387
18257
20230
18414
17663
18393
19329
18458
18080
17856
19560
17699
17776
17532
20708
17819
18504
18035
20598
18827
18101
18540
19796
17500
18576
18248
19708
18184
18525
33577
19674
18481
18220
19323
19737
18341
18261
19206
20047
17942
18537
19600
31581
17541
17997
20320
18478
18615
17960
20019
18268
18239
18542
20336
18376
17624
17546
19476
17892
18945
18449
19636
18962
18417
18532
19664
18434
17900
17949
19348
18028
18277
18572
19216
18633
18343
18539
19680
18348
18487
18219
19947
18039
18251
18450
19745
17745
17986
36231
19971
17940
18814
19926
20597
18654
18333
19954
19603
18306
17916
19566
31916
18071
17881
19099
18533
18425
18217
20656
18061
18474
18660
19791
18683
18786
18709
19867
18391
18165
19108
20067
18690
18420
18053
19508
18176
18770
17917
19480
18480
18213
18098
20455
18231
17985
17681
20331
18786
18082
18501
19915
18720
18129
18175
20151
18609
18600
19880
19427
18420
19006
19846
19894
17976
18080
20547
19650
18093
18386
19930
29824
18000
17793
19059
18262
17745
18389
19994
18680
18660
18261
20600
18141
17935
18785
20448
18588
18662
18554
19770
18580
18063
17868
19406
18499
18399
18503
19972
18288
18065
17660
20281
18668
19147
19120
20653
18187
18870
18817
19691
18173
17765
19586
19795
17980
19011
19272
19858
18508
18386
19061
19248
18417
18781
19724
17883
18611
17923
19410
18885
18377
18060
19143
18108
18243
18680
20818
18122
17961
18309
20139
18004
17987
18934
20032
18756
18140
18305
19522
17989
18548
18724
19103
18312
18087
18113
20456
18057
18007
17879
19743
18795
18357
20786
20193
18452
18111
35286
19723
18127
18323
19326
19852
18539
18477
20723
19612
18439
18977
19898
17883
17770
18083
20166
18721
19360
18305
20299
19113
18414
18443
20278
18631
18953
18813
20660
18820
18807
17873
20347
18863
18154
18369
20170
18460
19347
17770
19544
18227
18739
18077
20688
18661
17862
17644
19121
18650
18332
33692
19765
18033
18040
19477
19661
18716
18823
19216
19070
18053
18416
20620
18463
17768
18540
19580
18359
18720
18100
19265
18702
18362
18214
19230
18359
18647
18546
18844
18566
18620
18114
20022
18541
18630
18341
19878
18450
18120
18930
20400
18567
18630
18899
19568
18560
18359
18477
19651
18218
17709
18280
20200
17745
18190
35720
20139
18249
18231
19316
20000
18441
18788
20210
19782
18260
18578
19614
17729
18203
17977
19349
19710
18273
18378
20459
17660
17855
17909
20389
18629
19432
18925
20705
18638
18218
18437
19569
18819
18229
18074
19428
18094
18565
18152
19914
18435
18108
18325
19700
18180
18529
18599
20112
18557
18255
18341
20248
18420
18818
20563
19680
17917
18108
19765
19647
18800
18120
19112
18614
18191
18421
19853
18487
18248
18021
19819
18930
18107
18509
19366
17953
18008
18452
20088
18193
18876
18445
19638
17621
18051
18294
19849
18107
18293
18625
20639
18140
18404
18644
19446
18230
18337
18482
20117
17881
18066
18155
19997
18740
17960
35905
19640
18535
18476
19748
19640
18130
17978
20381
19242
18000
18292
19529
17909
18174
19351
20863
18438
18229
18309
19751
17769
18192
18413
19839
18240
17820
18539
19906
18322
19176
18681
19514
18929
19527
18989
19391
18050
18717
18612
19757
17779
17865
18059
20106
19019
18444
18008
19933
18144
18154
18533
19920
18476
19046
19390
19555
18300
18727
19470
19543
18789
19274
19694
18188
18256
18149
19547
17937
18751
18356
20119
17709
18269
18081
21066
18078
18328
18627
20047
18512
18106
18801
19619
18160
18629
18069
20045
18699
17948
18421
19816
18665
18900
18430
19708
18355
18251
18569
19813
18659
18742
18406
19739
17902
18722
17899
19937
18520
18420
19253
18935
18894
18080
19696
20700
18224
19129
20090
31639
18374
18177
20587
18732
18211
18308
19975
18127
17897
18818
19718
18210
18173
18472
20608
19026
18486
18670
20151
17359
18589
17833
19871
18575
17780
17779
19470
18327
18032
18145
20188
17867
17957
18204
19452
18220
18845
18812
19664
18265
18703
18340
19766
18169
18492
35268
19735
18067
18326
19510
19868
18292
18655
20640
18924
18534
18128
19766
18504
18112
18782
20000
18000
19024
18673
19517
18403
18107
18219
19510
18221
18735
18345
19296
17842
18738
18703
20388
18785
18879
18114
19513
18406
18111
18748
20995
18336
17799
18154
19360
18040
18247
18580
19399
18230
18425
18189
19446
18461
18282
33773
19943
17635
18060
19700
19626
18760
18391
20195
19782
18202
18540
18758
30705
18753
17883
19506
18023
18209
18404
19368
17692
18825
18594
19265
18761
18593
18345
19584
17930
17904
18813
19477
17974
17713
17708
19620
18052
18000
17926
19329
18077
17807
18454
19894
18642
18350
18081
20505
18770
20203
19665
19429
17961
18233
31708
19666
18040
18183
19952
20489
18264
18378
19688
19732
17865
18320
19175
17879
18240
17928
20362
18293
18300
18479
19838
18422
18292
17871
20274
18564
18552
18425
19243
18329
17807
18946
19843
18757
18020
18140
19360
18453
18500
18380
19395
18004
18720
18221
20484
18391
18416
17855
19946
18357
18420
18326
19720
18311
18331
19488
19204
18535
18160
20045
19816
17806
18513
19578
19221
19100
18658
20014
18701
18107
18081
19260
18387
18055
17963
20113
18490
18332
18285
20119
18731
18444
18430
19383
18077
18510
18433
19885
19022
18636
18370
19998
17805
18426
18159
20539
18681
19552
18160
20679
18664
18465
18596
20405
18851
19119
18431
20172
18285
18791
20167
19937
18014
18638
19702
19484
18469
17941
19799
19255
18129
17883
19743
32468
17890
18144
19963
18113
18257
18623
20703
18374
17735
18036
19183
18521
19223
18410
20056
18700
18607
18751
19761
18221
18389
18424
20116
18310
18266
17880
19363
18386
17818
18413
19236
18338
18028
18398
20245
18264
18421
17989
19537
18109
18111
19470
19748
18128
18581
19501
19912
18584
18201
20010
20608
18117
18956
19876
18717
18915
17764
19467
18327
17808
18520
19340
18784
18280
18596
19856
18294
18869
18509
20053
18414
18574
18545
19333
18664
18738
18478
19891
20649
18090
18175
19732
18602
18293
18397
19595
18353
18780
18374
19271
19105
17917
17836
19540
18360
18713
19976
19751
18048
18900
19595
19511
18074
18904
19598
19791
18045
18027
19374
19856
18037
18227
19680
18894
18781
18225
19755
17891
17857
18348
20182
18367
17910
18144
19733
17805
18201
18086
19800
18538
18398
18040
19959
18674
18421
18261
19789
18828
18317
18340
19606
18540
18267
18640
19475
18719
18198
17910
19735
18161
18456
19942
19689
18205
18459
19771
20384
17553
17970
18925
17439
17877
18272
19314
18072
18400
18131
19398
17753
18683
18317
19597
18504
18582
18538
19259
19079
18403
18713
19126
18356
17963
18271
20900
18529
17861
18642
19588
18526
18628
18420
19420
17985
18261
18050
19384
18069
18586
19058
19743
18627
17781
20008
19329
19413
18942
20609
19660
18460
17554
19800
20097
18309
17877
19397
17962
18422
17734
19856
18033
18445
18140
19558
18268
18008
18702
19451
18238
17356
18330
19421
18168
18415
18153
19720
18719
18254
18575
19931
18451
18647
18346
19413
18323
18378
17887
20702
18381
18186
17957
19928
18214
18417
18236
20235
19124
18113
18188
19634
18363
18294
20000
19685
18051
18828
19425
19290
19621
18672
20003
20121
18210
18994
20039
18785
18723
18829
20053
18199
18552
18683
18962
18444
17880
18022
19811
18189
18108
17960
19872
18924
18533
18705
19960
18172
18980
18143
19698
18686
18145
18454
19831
18221
17922
18127
19326
19645
19000
18037
19943
18217
18327
18584
19572
17481
18254
19663
18949
17565
18296
19687
18911
18497
18170
19658
20100
18403
18463
19929
30646
18054
17851
19875
18650
17925
18329
19184
18260
18700
18550
20572
18465
18677
18154
19598
18164
18206
18415
19807
19684
17760
18004
19854
19025
18024
18301
19124
18106
18272
18171
19387
19694
18537
18580
19575
18586
18486
20307
19698
18105
17900
19942
19660
17944
17965
19394
19314
18267
18291
20055
28997
17688
17728
19136
18263
18354
18311
19411
18229
18336
18841
19669
18270
19767
18228
19838
18399
18207
18448
19690
18537
18459
18611
20062
18890
18620
18905
20189
19113
18927
18404
20243
18416
19428
18458
19731
18050
18349
18324
19600
18332
18023
19816
19705
18825
18110
19151
19508
17934
18538
19994
18937
18201
17814
20432
18697
18251
18420
19917
18323
18459
17977
19021
18431
18394
18144
20063
18165
19253
17595
19948
19892
17951
18316
20675
18099
18290
18865
20551
18477
18053
17640
19938
18807
18584
18172
20234
18591
17938
18347
20022
18165
18461
18493
19343
17699
18433
33280
19568
18758
19464
19636
19409
18722
18358
19592
19647
18764
18049
20699
19792
18923
18475
19520
19289
18845
18232
20321
18759
18624
18480
20500
18349
18066
18780
18979
18756
18509
17860
19064
19069
18579
18598
19814
18265
18584
17927
20023
17655
18329
17851
19451
18660
19071
17795
19580
18297
17804
18534
20237
18380
17779
19682
19080
18133
18283
19560
20030
19570
18140
20622
19284
18019
18321
20168
18225
18280
18355
19665
18052
18524
18609
20120
18414
18111
18309
19930
18448
18660
18716
19986
18464
18200
18757
20119
18520
18588
17989
19715
18600
18011
18062
19451
18575
18205
18112
19942
17930
18617
18490
19265
18666
17728
17950
19379
18061
17845
19737
19925
18486
18609
19948
19733
19026
18914
20480
19721
18346
17891
19562
31185
18058
17875
19572
18438
18067
18903
19381
18239
18351
17690
19910
18351
18176
18767
19843
17865
18533
17561
19347
18296
18436
18416
20143
17936
18489
18002
19726
18721
18386
18011
19265
17887
18307
17705
20040
19104
18659
18330
20105
18274
17832
18208
20407
18620
17687
20640
19966
18383
18355
19643
19779
17549
17950
20725
19936
19123
18813
20093
18847
18534
18610
20018
18630
18631
19063
19569
18246
18321
18750
19131
17760
18476
18081
19878
18168
17909
18888
20663
17922
18291
18171
19948
18248
18386
18059
20635
17979
18677
18455
20815
18485
18457
18459
19646
18369
17725
18515
20200
17629
18064
33370
20366
17940
18449
19471
19473
18506
18491
19880
19591
18223
18131
19631
18480
17800
18812
20204
18325
18054
18374
20071
18188
18906
18190
19886
18536
18868
18670
19462
17701
17770
18491
20171
18762
18884
18872
20341
19027
19053
18639
20060
19437
18474
18309
19211
18812
18178
18031
20157
18565
17953
18579
19340
18168
17858
18990
19954
18417
18248
19736
19188
18511
17830
18989
19569
18506
17986
19909
18927
18281
18799
20453
18505
19149
18278
20212
18248
17837
18083
19903
18061
18250
18400
19371
19049
18748
18300
19119
18459
17837
18692
20091
17603
18597
18076
20583
18689
18124
19037
20268
18710
18270
18207
19849
19796
18476
19989
19765
18327
18259
19889
19967
18244
18832
20099
19974
19844
18103
19668
31278
17983
18175
19679
18417
19033
18141
19871
17858
18320
18548
20456
19620
18664
18099
20750
17992
17661
18860
20272
19168
18449
18717
20039
18720
18429
19451
20038
18760
19637
18303
19469
18197
18539
18833
19521
18113
17883
17955
20272
18469
18349
19384
19548
18511
18271
20970
20083
19750
18387
19344
19836
18414
18580
19668
18722
18340
17899
19434
19647
18357
17955
19671
18282
18172
18024
20241
18900
18397
18213
20986
18244
18335
18369
20193
18479
17559
17919
20498
19646
18642
19563
19514
19782
18117
18181
19755
18672
18233
17941
20083
18774
18113
18653
19882
18307
18946
33771
19320
18308
18364
19173
19200
18136
18280
20685
20354
18973
18444
20640
19390
18661
18854
19477
18371
18172
18420
19611
18030
18469
18230
19358
18138
18190
18415
19926
19007
18167
18610
20119
18341
18408
18058
19236
18291
18247
18399
19887
18816
18349
18021
19921
18793
18176
18112
19386
17943
18810
18400
19328
17608
18240
20506
19632
18623
17827
20286
19624
18509
18064
19486
18303
18078
18116
20681
18966
18296
18264
20560
17898
17715
18385
20477
18456
18596
18274
21176
18575
18874
18561
19748
18325
18457
18095
18765
17885
18646
18554
19714
18599
18369
17896
19398
18452
18389
17501
19603
18099
18766
18355
20661
18481
18436
19744
20131
18785
18005
19524
19455
19807
19057
19780
19962
18180
18352
20360
19701
18050
18860
19257
18638
18453
18540
19212
17867
18734
18445
19953
18031
18336
18260
19427
19131
17979
18658
19678
18646
18233
18224
20681
17827
18627
18244
19267
19125
17769
18218
19134
18161
18662
18231
19935
18562
18585
18938
19916
18730
18757
19531
19291
18270
18138
19314
19204
17763
17957
20043
19374
18215
18484
20334
17955
17890
17794
21194
18537
18061
17974
20111
18770
18356
18697
20007
18584
18540
18262
19214
18612
18600
18838
19540
18972
17824
17327
19980
18266
19061
18985
20647
17965
18975
18658
19771
18474
18580
18480
20872
18780
18319
18607
19602
18597
17950
20240
19647
19305
18360
19390
19895
18539
18384
20029
19415
18539
18661
19747
18583
18720
18149
19425
17664
18610
18780
19681
18167
18477
18481
19375
18497
18878
18002
20223
18391
19001
19053
19960
18543
17574
18379
19413
18034
17480
18282
19648
18082
18206
18276
19448
18393
18334
17881
19591
18263
18482
33420
19546
18278
18834
20151
19234
18299
17757
19431
19306
18655
18102
19310
19506
18321
18338
20640
18473
17764
18498
19354
19126
17983
17879
19818
18521
18549
17983
20700
18289
19916
18515
20012
18803
18416
18811
20130
18420
18972
18548
19838
18219
18730
18201
19844
17765
18504
17427
19355
17925
18420
17778
19608
18236
18559
19554
19664
18687
18545
20181
19415
18737
17921
19819
30937
17833
18413
19667
18330
17757
18407
19356
18613
17755
17725
20332
18717
18230
18135
20031
18190
18446
18553
20203
18535
18540
18508
19788
18538
18182
18363
19155
18460
18023
18617
19660
18254
18587
18367
21144
18596
17900
17846
19643
20134
18708
18239
19350
19826
17940
35663
19301
18021
18053
19052
19319
17593
18235
19860
19182
18607
18040
20240
32262
18787
18000
19558
18302
17872
18600
19964
18463
18442
18020
19242
18181
18787
18459
18842
18891
17654
18146
19873
18333
18013
17776
19750
19326
18209
18078
20102
18172
18553
18315
19835
18372
18833
19049
19649
17894
18243
18327
19767
18636
17840
20100
20141
19007
18582
21176
19232
18592
18727
19542
18215
18018
18179
19936
18380
18059
18016
19722
18127
17852
18433
19248
18263
18179
18721
19449
18423
17637
18439
20217
17780
17960
17857
19103
18748
18393
18080
19681
19848
18377
18374
19719
18150
18274
18732
19874
18711
18440
18783
19373
19914
18745
18590
20909
17935
17960
20887
19995
18502
18315
19382
19761
18099
18780
19141
19692
18770
18203
19536
18931
18382
18229
19345
17907
18548
18123
19640
18132
18358
18340
19730
17960
18394
18360
19565
18120
19305
18527
19545
18596
18792
17987
19234
18018
18416
18146
19423
18076
18076
17791
19828
18717
18659
18111
19504
18418
18649
19834
19591
18016
18244
19976
19614
17394
18340
19286
19701
18544
18169
19892
17865
18098
18244
19996
17926
18143
18521
19073
18917
18131
18684
20794
17934
18135
18668
19694
18643
18904
18438
20741
18647
18462
18722
20242
18709
18368
18475
19445
18237
18383
18889
19646
17673
18858
17617
19843
18318
18717
18260
19290
19864
18830
18718
19731
18084
18172
19918
19028
18238
18846
20596
19511
17680
18281
19683
18650
18876
18501
19635
17812
18295
17815
19651
18659
18525
18640
20114
17738
18069
18621
19900
18336
18512
18425
20324
17798
18774
18663
19615
18135
18413
19078
19682
18332
18245
18135
19218
17741
18114
18711
19782
18397
18617
18175
20080
18290
19330
20509
20350
18417
18146
19621
19789
19398
18861
20206
19028
18112
17729
20020
30578
18663
18404
19389
18488
18208
17700
20166
18267
18814
18780
20447
18670
18483
18513
20142
18036
18841
18323
19616
18647
18724
18433
19268
18513
18903
17935
19413
19714
18038
18898
19820
18489
18174
17989
19804
18297
18137
18550
19859
18008
17857
34096
20463
18048
18154
19657
20112
18479
18790
19730
19370
18660
18168
19789
18162
18281
18532
20363
18658
18388
18171
19299
17926
18654
18248
20551
18295
18568
18846
19924
18308
19072
18121
19348
18149
18429
18024
19814
18368
18474
17914
20289
18099
17869
18098
19634
18325
17837
18891
19479
18105
17902
18333
20165
18376
18040
33607
19628
18924
18627
19597
19523
19820
17837
20330
19558
17860
18340
19360
26992
17819
19581
20876
18182
18293
18591
19841
18532
18615
18144
19256
18477
17600
17986
20265
18960
18364
17897
19879
17492
17574
17730
20116
18342
18660
18547
19775
18689
18524
18288
19782
17900
18315
17805
19042
18660
17839
18213
19752
18780
18184
19644
19543
17925
17929
19779
18899
18447
18270
19883
19335
18187
18377
19786
31190
17994
17941
19607
18029
18645
18567
19883
18118
19650
18492
20678
18507
18420
18221
20095
18804
18370
18557
19494
18193
18580
19208
19692
18375
18406
18697
19668
18570
17868
17819
19439
19340
18365
19558
21035
17986
19025
18555
19735
17864
18628
18471
20700
18381
18197
19691
19672
18172
18568
20120
19976
18411
18685
19898
18445
18543
18645
19758
18428
18877
18544
18796
17715
18693
17967
19018
18573
17780
18105
19863
17998
18256
18621
19698
18367
18548
18540
19978
18779
18478
18632
21534
17735
18266
18563
19580
17899
18205
18089
19949
18142
18245
18392
20084
18076
18036
19484
20055
19317
18435
19918
19760
17879
18023
19540
19720
17835
18249
20006
17966
18443
18414
19871
17897
18180
18369
19570
18807
18403
18471
20058
18787
19010
18225
20040
18181
18477
18581
20804
17900
17608
18406
19879
19336
18291
18132
21311
18753
18006
18076
20119
18634
18782
17784
19595
18246
18280
18309
19836
18318
18380
20130
20140
18397
18111
19161
19380
19547
18283
20984
19299
18722
19082
20530
19878
18019
18054
19893
18051
17805
18391
19504
18432
18537
18714
20676
18030
18450
18527
19529
18164
18161
18175
19653
18559
18476
18800
19874
18819
18834
18672
19643
18913
18300
18317
19861
18759
18640
18517
19756
18253
18301
18003
20326
18648
17871
18353
19442
18036
18221
20304
19294
18461
17746
19404
20251
18380
18614
20352
18268
18112
18611
20806
17717
17977
18210
19731
18843
17669
17516
20288
18160
18413
18050
19955
18653
18239
17937
19806
18719
19157
18580
19450
17872
18324
18757
19769
18234
18343
18508
20334
18387
18051
18503
20104
18585
17925
18213
20000
18478
18368
18053
19549
18311
18784
19800
19850
18505
17971
20290
20091
18987
18652
21030
31352
18546
18372
19633
18096
18444
18656
19652
18350
18167
18491
19632
18885
18600
18412
19108
17930
18798
18299
20650
17806
17863
17805
20181
18562
18065
18646
19596
20219
18710
19165
19806
18110
17895
18399
19726
18412
18465
17981
19817
18251
18465
19906
19892
18872
17928
19466
19941
18259
18560
20168
19187
17953
17886
19405
31073
18147
18673
19460
18823
18691
18512
19739
18269
18240
18895
19094
17501
18817
18757
19331
18020
18199
18262
19634
17857
18385
18379
19222
18720
18706
18228
19717
18940
18547
18423
20245
18202
17840
17660
20673
18674
18481
18640
19880
17986
18685
19503
19615
17700
18360
19624
20446
18444
18605
19242
19131
18318
18768
20231
17873
18242
18661
20549
17694
17760
18759
19571
19169
18662
17840
19569
18560
18252
18353
19493
17983
17716
19078
19599
18416
18976
18535
20063
18385
17597
18468
20071
18684
18434
18172
19542
18277
18823
18308
19516
18145
17841
19865
20222
18223
18022
18881
19057
17922
18080
19691
19272
18237
18293
19714
19316
18547
18108
19095
18059
17720
18534
19814
18904
19487
18579
20413
18330
18367
18364
18962
17815
18445
18262
19691
18087
18856
17874
19908
17940
18264
18449
19813
18445
18221
17796
19469
19064
18310
18146
19771
18127
18041
18317
19776
18224
18367
17940
19680
18125
18293
18403
20154
18006
19060
35983
19461
17744
18201
19130
19722
17792
18121
19566
19801
18081
18101
19739
18512
18509
18091
19607
18145
18068
18440
20117
18461
19316
18093
20887
18814
17947
18329
20835
18460
18807
18239
20250
18084
18073
18318
19930
18721
18609
18286
19617
18349
18479
18767
19442
18568
17832
18561
19566
18699
18314
33930
19521
19040
18158
19632
19826
18589
18266
19310
19158
18251
18109
19540
18293
18577
18443
19949
18024
19005
18414
19355
18106
18173
18429
19649
19178
18523
17944
19744
18724
18145
18453
19582
18772
17986
18645
20508
18141
18237
17987
19989
18169
17915
18262
20688
18190
18633
18605
19488
18163
18301
23187
20509
18364
18900
19748
19408
18561
18742
19671
19320
18555
18140
20943
19760
17959
18353
19575
18549
18526
18218
19089
18471
17925
17729
19552
18217
18355
18533
19917
18517
18925
18724
19579
18253
18203
18433
19658
18660
18893
18356
19998
18339
18543
17865
19360
18218
18149
18569
19694
18165
18221
17653
19037
17700
18279
33830
19872
18121
18449
20267
20159
18694
18525
19777
20276
18469
18219
20297
18465
17960
18069
19481
18145
18266
18560
19896
19122
18445
18681
19242
18523
18084
18350
20447
18220
17657
17857
19955
18114
18296
18081
20087
18357
18220
18324
19823
18608
18244
18383
19407
18813
19050
18010
19726
17975
18638
17809
19567
18533
18165
19933
19796
18480
18435
20461
19239
18466
18707
19467
19642
17747
17704
19108
19155
18327
19087
20739
17841
18000
17550
20360
19059
18537
18969
19624
18634
18654
18472
19987
18349
17767
17929
19520
18860
18314
17837
19300
18473
18393
18756
19586
18519
18250
18459
20249
18440
19754
18165
19129
17926
17583
18583
19276
18660
18193
19238
20000
19081
18710
19084
19017
18496
18603
20102
19571
18022
18201
20355
19598
18627
18497
19344
19800
18354
18565
19969
18251
18549
18569
20194
19036
18107
18211
19910
18220
17760
17806
20111
18710
18890
19072
20157
18400
18273
18192
19139
18199
18240
17914
19783
18605
18330
18207
19755
18480
18505
18606
19840
18413
19023
17900
19550
18060
17925
34196
19526
18368
18730
19589
19747
17992
18426
21593
19111
18125
18259
19706
30318
18429
18353
19100
18569
18083
18238
20765
18097
17759
18636
19630
18051
18105
18089
20491
18315
18311
17711
18933
19186
18038
19548
19696
18752
18613
18599
19801
18160
17871
18369
19500
18396
18019
18213
20422
17844
18092
18481
19688
18571
18440
34021
19317
19641
18609
20254
20097
18485
18418
20265
20345
18510
18265
20310
18914
18510
18945
20263
18120
18095
17937
19568
18658
17929
18524
19980
19526
18186
17943
20071
18799
18212
18879
19704
18924
18341
18628
19760
18482
18174
18820
19633
19556
18794
18607
20336
18232
18476
18247
19674
18307
17877
18973
19012
17992
18549
34607
19523
18335
18106
19650
19655
20226
18330
20061
19327
17788
18778
19327
31708
17783
17898
19732
18298
19203
18174
19687
18488
17441
18523
20042
18093
18886
19480
21203
18060
18171
18212
19976
18260
18889
18210
20046
18435
18389
18414
20208
18469
18839
18438
19515
18126
18117
17714
19472
17370
18289
18170
19376
18259
18829
18551
19882
18447
18728
19748
20043
18392
18123
19840
19870
17946
18304
19743
19226
18127
18495
19793
31184
18657
18734
19344
18642
18104
17943
19389
18428
18221
17806
19326
18020
18532
18485
19386
18630
18332
18584
20394
17937
18666
17961
19292
18535
18448
18197
19786
18853
18809
18452
20703
17746
18169
18385
19843
18035
18384
18018
19960
18663
17985
19304
19380
18580
18206
19257
19232
18101
18660
20060
20160
18217
18217
20064
19681
18476
18294
19345
18413
17646
18145
20199
18179
18572
18540
19586
18378
18014
18313
19446
18326
18784
18476
20416
18734
18778
18756
19954
18156
18776
18772
20151
18318
17849
18393
20431
18777
18001
18252
19293
18233
18857
18179
19231
18048
18109
18465
19416
17968
18537
19783
19765
18874
18675
19694
19601
18757
18694
19075
19831
18506
17867
20004
17795
18566
18189
19725
18169
18319
18233
19187
19030
18629
18551
20336
18344
18502
18315
20110
18220
18171
18521
19144
18680
18329
18326
19997
18401
17752
18985
20209
18559
18783
17958
20088
18169
17976
17940
20261
18180
18226
18154
20027
18020
18203
34350
20056
19019
18189
19910
19326
18684
18171
19401
19666
18343
18509
19308
17857
18410
18665
20128
18289
18317
18349
20324
18050
18279
18880
19857
18659
17685
17714
20147
18744
18701
18858
20028
18765
18457
18628
20282
18689
18876
18796
20175
18440
18599
18765
19447
18862
18074
18133
19669
18551
18445
19807
19794
18098
18332
19662
19916
18671
18160
19340
18311
18325
18574
20466
18117
18527
17669
20304
18441
18217
18108
19935
18733
18698
18296
19902
18294
18586
18170
19809
18108
18217
18620
20836
18649
17991
18467
20115
18880
18918
17687
19485
18093
18173
18722
20245
18272
18749
18873
19215
17908
17860
18291
20726
18358
18035
19680
19754
18643
18372
19240
19499
18178
19081
20144
19486
18157
18169
20553
18200
18089
18855
19881
19272
18416
19161
20366
19161
18313
18842
19643
18777
18685
18490
20064
18424
18292
17954
19994
18627
17893
17654
19286
19519
18476
18973
20448
18281
18805
17948
19923
18000
18353
18444
19546
17786
18199
18484
20295
18380
18351
19417
19528
19023
18426
19468
19243
18209
18039
19596
19760
18763
18833
19408
17781
18974
18815
20409
18119
18156
18683
20063
17927
18212
18488
20289
18145
17774
17700
19965
17978
17989
18047
19423
18293
17841
17817
19833
18154
18465
18748
20275
18510
18184
19046
19997
18295
18095
18340
19810
18208
18477
33673
19200
18125
18472
19033
19751
18161
17761
19471
19215
18273
18280
19892
18499
18615
18011
20680
18244
18660
18829
20108
18508
19104
18243
19796
18475
18886
18783
20121
18347
18690
18744
19327
18087
18236
18301
19299
18197
18294
18513
20062
18503
18123
18660
19327
18178
17931
17898
19894
18353
18476
18731
19803
19766
17879
35974
19520
19806
18387
20838
20200
18384
18569
19773
19574
19713
18418
19800
19727
18198
18061
19827
31170
18128
18546
19544
18570
18527
18419
20079
18142
18415
18722
19406
18293
18105
17513
19568
18899
18993
18369
19782
18707
18749
19010
20359
18818
18692
18600
19555
18502
18757
17869
19632
18141
18273
18459
19431
18551
18634
19926
19360
17990
18110
20112
19604
17929
18807
19520
19536
18253
17902
20007
19781
18995
18400
19577
18488
18109
17632
19707
18262
18247
18121
19257
18002
18540
18104
19711
18545
18100
17562
19213
18171
18411
18290
20363
18685
18098
18801
19452
18080
18477
18689
19523
18333
17980
17986
20421
17925
17867
18591
19401
18210
17990
18478
20557
18326
18704
18934
19808
18401
17964
19567
19980
18611
17759
20523
20444
18820
18500
19712
31689
18351
18395
20014
18615
18881
18081
20060
18941
18720
18301
20065
18346
17928
17916
19850
18554
18382
18061
19935
18025
18283
17905
19362
18214
18020
19101
20330
18606
18823
19085
19121
18382
18556
17553
21300
18537
18731
18068
19975
18752
18364
18906
19353
18172
18350
20336
19852
18002
18477
19953
19927
18384
18169
20611
19733
17915
18364
20485
32068
18333
18693
19815
18092
17980
17439
20088
18048
18391
18647
20386
18305
18374
18823
19529
18386
18580
18324
19920
17811
19185
17853
20699
18859
18243
18706
19660
18680
18597
18447
18533
18255
18400
18523
19310
17503
18648
18395
19238
17941
18097
20288
19568
19013
17898
19428
19927
18274
17938
19300
19811
18111
18447
19600
18816
18886
17804
19842
18427
18253
18038
19148
18082
18165
18358
19638
18353
18259
18364
20535
18342
17941
17824
20066
18624
18523
18059
19670
17897
18205
18416
19402
18427
18992
17874
19168
18563
18167
18621
19239
18133
18052
17927
19830
19235
18097
35622
19769
18200
18119
19319
19822
18018
18291
19909
20043
18489
18079
19396
19420
18126
18060
20008
18629
18449
17896
19670
18485
18082
18833
19878
18536
18079
18476
20127
18779
18895
18946
19382
18731
18581
18285
19939
18282
18400
17460
19871
18732
18602
17940
19845
18516
18052
18365
19619
17651
18600
18217
19870
18112
18310
20167
19692
18500
18198
20082
19570
18157
17904
19780
18720
18507
18080
19936
18404
18077
18089
19466
18201
17926
17927
19959
18006
18320
18356
20120
18432
17885
18140
19240
17662
18171
18309
19071
18856
18238
18143
20138
18519
18765
18200
19613
18660
17604
18091
20808
18945
18492
18751
20755
18616
18847
35785
19486
18108
18586
20027
19285
18581
18898
19137
19041
18280
18252
19366
18211
19105
18024
20217
18497
18134
18059
19752
17804
18154
18633
19761
18260
18446
18264
20125
18185
18539
18274
19508
18495
18496
18034
19560
17865
18050
17969
19930
17880
18080
18540
18994
17925
17601
17775
19000
18039
18383
20272
19729
17924
18578
20700
19784
18489
18805
19691
19927
18616
18324
19283
18597
18301
18278
20045
18384
18507
17530
19205
18860
18103
18356
19106
18245
17975
18993
19482
18242
18337
18121
20115
17809
18218
18409
19398
18096
17928
18229
20741
18707
18435
18629
19999
18058
18531
17934
20017
18384
18036
18170
19180
18429
17820
19392
20169
17694
18601
20694
19848
18880
18870
19730
20077
18667
18440
19564
17768
18673
17831
20140
18633
18210
18290
19703
18240
17659
18100
19671
18321
18769
18325
19510
18211
18281
17584
19350
18275
18276
18309
20364
18901
18769
18479
19634
18240
17883
18413
20283
18435
18248
18637
19635
18723
18291
33596
19780
18568
18427
20661
18861
18185
18354
19268
19780
17805
18294
20585
31044
18241
18534
20002
31728
18657
18395
20305
18207
18171
18135
21181
18758
18818
18549
20208
18074
18362
19959
19646
18334
18355
19525
20060
18740
18050
18353
19456
17655
18943
18735
19541
18200
18406
18684
19580
17759
18612
18476
19791
18084
18374
18627
19282
17889
18929
18327
20310
18415
18780
19954
19756
18517
18098
19265
19282
18489
18554
19437
19487
18100
18004
19606
17651
17910
17943
19428
18574
18055
18636
19627
17837
17970
18501
20767
18252
18809
18084
19693
18186
18045
18502
19977
17965
18537
18182
19662
18438
19534
18005
19280
20342
18416
18385
19953
18503
18540
18172
20137
18763
18509
18300
20038
18638
18969
20112
19715
20275
18499
20903
20097
18189
18552
20100
18174
18762
18131
20372
18437
18264
18466
19123
18612
18554
18536
20112
18436
18000
17953
19026
18103
18305
18139
19136
19169
18360
18797
19750
18140
18653
18063
20254
18029
18514
18446
19623
18770
18597
18133
19907
18688
17640
19100
20428
18555
17840
20061
19839
18602
18144
19961
19627
18482
18245
19275
18304
18387
17876
20417
18900
18292
18268
19550
18662
18357
17900
19156
17894
17923
18296
20204
18351
17974
18367
19730
18724
18760
18622
19859
18432
18417
18896
20216
18040
17747
18530
19227
18324
18111
18100
20318
19379
17998
17773
20803
18847
18311
18862
19945
18330
18140
19412
19040
17910
17905
19085
19169
17803
18380
19523
18314
17438
18689
20691
18620
18652
17951
19880
18565
18676
18502
19782
18340
18133
18385
20339
18415
18400
18720
20122
18717
18314
18231
18920
18561
18388
18067
18889
17839
18263
18260
20256
18348
17917
18797
20180
18510
19586
18111
19382
18326
18823
19851
19529
18145
18324
19914
19670
18417
18233
19920
31802
18211
18416
20483
32613
18110
18542
19969
18638
18447
18384
19746
18674
17874
18340
19740
18971
18379
18338
19075
18124
18140
18294
19065
17901
18206
18480
20310
18122
17848
18624
19596
18476
18817
18235
20203
19509
18686
18239
19601
18347
18605
17991
19408
18449
17968
19122
19754
18602
17828
20687
18998
18014
18082
20184
18358
19072
18720
20237
18272
18379
18162
19263
17798
18530
17870
19197
18179
18341
18177
19715
18241
17649
18481
19147
19096
18334
18698
19658
18756
17869
18080
20197
17962
17993
18103
19810
17832
18753
17743
19860
18079
18177
18093
19872
18183
18683
18060
19730
18214
18934
19459
19610
18817
18510
19540
19610
18843
18300
20031
19813
18448
18614
19896
18252
18506
18139
19493
17957
18414
18598
20402
18422
18309
18366
20475
18220
18550
17926
19988
17805
18214
18417
19703
18674
18236
18201
19202
18742
18462
18676
19692
18627
18168
17997
20557
18333
18253
18427
19636
18714
18046
18048
19821
18174
17985
19734
19373
17853
18244
19909
19020
17739
18547
19846
30974
18760
18628
19588
32000
18217
19027
19600
18419
18113
18075
20099
18513
18248
17794
19660
18692
18620
18565
18688
18508
18080
18492
19759
18022
18202
17987
19732
18425
18261
18118
19191
18200
17925
18392
19385
18358
18618
18020
20617
18800
18926
18929
19457
18840
18979
18601
20082
17593
18113
20515
19632
19017
18433
19399
19693
18744
18262
19848
18264
17910
18405
19776
18170
17792
19167
19583
18983
18580
18309
19243
18500
18645
17987
20319
18829
18140
18947
19459
18452
18159
18475
20379
18419
18325
18253
19938
17714
18640
17720
19333
19340
18324
18576
19701
18654
18561
22512
19892
18781
18318
36448
19700
17926
18136
19456
19671
18298
17805
19975
19537
18192
18067
19516
18311
18220
18720
19431
18339
17989
18464
19591
18197
18204
17805
20000
18274
18874
18237
20155
18308
18575
19317
19329
18337
18484
18402
19546
18098
18323
18940
19693
18266
18352
18359
20159
18737
18682
18953
20642
19080
18694
33646
20369
19295
18420
19689
20032
17883
18957
19951
20380
18375
19018
19214
17942
18841
18200
20576
18579
18326
18028
19546
18120
17741
17661
19666
18320
18485
18630
19656
18360
18081
18389
19195
17461
18784
17673
19526
18173
17734
18119
19367
17920
18562
18612
20066
18354
18736
18424
19200
18604
18049
18366
20372
18760
18629
19545
19840
18810
17988
20533
19920
18170
18144
19238
19524
18566
17821
19946
18419
18659
17842
19675
18519
18440
18414
20121
18241
18403
18170
20034
18585
17990
18817
19989
18027
18445
18327
20278
17945
17653
18109
20599
19120
18474
18452
20984
18160
18517
18601
19973
18414
17439
18169
18843
18556
17758
17818
19686
18171
18267
20506
19485
18536
18248
19907
19789
17957
19372
20368
19612
18005
18586
20670
31627
18196
18704
19365
19822
18637
18917
19330
18413
18412
18476
19496
17923
17869
18358
18938
18174
18152
18357
19439
18381
18388
17757
19573
18064
18382
18299
19865
18111
18235
18525
19926
18780
18460
18086
20897
18434
18230
18415
20659
18362
18577
19557
19670
18319
18604
20278
20033
18447
18395
19544
20507
18295
18494
20435
17877
18414
18970
20697
17844
18483
17960
18848
17463
18531
18409
19515
20447
18630
18539
20512
18673
18758
18917
19643
18678
18754
19373
19742
18171
18718
18650
20499
18422
18921
18912
19784
18524
18387
18367
20139
18915
18443
22257
20466
17988
18054
19572
20179
19060
17988
20478
19297
18616
18565
19510
19382
17968
18660
19635
19180
18419
18316
19455
18814
18833
18444
19600
18459
18688
18519
20475
18598
18074
18233
19385
18137
18355
18220
19325
18392
18438
18202
19627
18260
18419
18025
20052
18509
18512
18400
19535
17662
18010
17884
19948
18667
18566
33903
19273
18560
18565
20643
20186
18715
19601
19704
20417
18619
18818
20471
19913
18192
18112
20111
18157
17532
17853
18987
18018
18269
18733
19817
17985
17915
18374
20806
17809
19102
18613
19084
18046
18720
18409
19875
18249
18233
17869
19848
18733
17960
18186
19548
18005
18204
17874
19552
18410
18116
18359
20060
17921
18390
20135
19708
18903
17903
19487
19836
20326
20044
19059
19733
20195
19511
19707
19913
18692
18600
19960
18174
17746
18449
20110
18097
18340
18936
20532
18705
18210
18310
19699
18505
18685
18695
20167
18182
18221
18050
19845
18297
18640
18413
19724
18420
18292
18324
19473
18074
18622
18487
19718
17926
18528
20129
18844
17739
18241
20014
19982
18771
18318
19623
20525
18460
19090
19844
19030
18453
18036
19509
18837
18780
18535
19611
18190
18303
18885
20228
19248
18231
18733
19615
18751
18693
17818
19136
18125
18225
17902
19502
18403
18425
18113
18899
18218
17994
18353
18749
19628
18389
18787
20336
19240
18392
18584
20403
18553
17918
19871
20070
18056
18427
36201
19911
18784
17989
20030
19912
18330
18419
19258
19822
19519
18195
19371
17909
18300
17866
19876
17590
18343
18719
19753
18201
18050
18574
20298
18354
18394
19110
19795
18753
18476
18783
20031
18549
18373
18511
21040
18745
18437
18607
20145
18432
18308
18192
19650
18526
18199
18943
19925
18249
18017
18447
20225
18961
19043
19812
18953
18778
18593
20030
19055
19058
18369
19935
20042
18905
18880
19031
30281
17894
18738
20148
18613
18753
18343
19902
18258
18438
18647
19089
17988
18009
18579
20117
18657
17880
17563
20245
18626
18187
18234
20184
19819
17699
18172
19620
20404
18813
18880
20714
18140
18308
18125
19220
19994
18541
18375
20939
18177
18291
18177
20279
17877
18236
18820
20087
20420
18617
36098
19995
18550
17818
20271
19439
18782
18648
19399
19780
17902
18374
20335
18614
18783
18250
20156
18842
17860
18665
19650
18934
19307
18378
20154
18038
17957
18240
20332
18182
17976
18509
20100
18191
18420
17730
20642
18812
18480
18073
20126
18197
18040
18784
19612
17866
17863
18150
19907
18617
18660
18295
19481
17758
17836
19913
19713
17849
18238
20059
19789
17980
18302
19649
20297
18202
18706
19359
18536
17719
18762
20065
18113
18595
18086
18920
17671
17864
17735
19487
19021
18244
18462
20533
17902
17500
18906
19451
18717
18171
18540
19551
18617
18784
18599
19505
17489
17724
18878
19754
18301
18719
18200
19693
18301
18454
18449
19255
17949
18108
22959
20180
18548
18223
20036
19445
18117
18821
20158
20092
18772
18965
19945
19814
18520
17838
19785
18477
18801
18793
20318
18203
18186
18111
20104
18645
18503
18319
19284
18118
18253
19698
19261
19074
18469
18398
20612
18483
17989
18297
19382
18752
17994
18410
20078
19693
17734
18237
18969
18393
18257
17788
19146
19484
18182
17939
19359
18385
17957
18782
21179
19057
19383
35923
20622
18460
18695
20018
20280
18795
18210
19516
19853
18179
18403
19269
18096
18299
17849
20340
18125
18398
18465
20114
17718
18140
17987
19915
18581
17838
18584
19866
19757
18887
18622
20303
18205
18355
19043
20040
18973
18254
18561
19623
18339
18928
18413
19750
18298
18814
17900
19140
18313
18427
18513
19367
19033
18254
18173
20560
18455
18674
19992
19555
18061
18993
19580
19765
18497
17959
19817
20023
18213
18248
19110
18789
18079
18208
19680
17806
18010
17741
20252
18595
18417
18950
19588
18584
18588
17938
20100
17989
18140
18842
19845
18947
17865
18397
19978
18598
18230
18224
19724
18398
18261
18610
19880
18551
18357
18520
20652
19141
17806
18095
19325
17740
17812
20680
19535
18122
17960
19725
19270
18828
18234
19607
18640
18476
18509
20881
17580
18261
17736
20028
17957
18145
18280
19167
18062
18200
18681
20078
17609
18102
18092
19938
18101
18623
18090
20746
18511
18937
18445
19929
17960
18387
17776
20539
19190
18384
18784
20575
18649
18671
18619
18984
17894
18450
18139
19450
17834
18630
33036
20117
18455
18707
19729
19979
19059
18331
19522
19327
17999
18709
20750
18837
18084
18580
20267
18337
17865
18488
19915
18820
18640
18206
19779
18287
18507
18214
19708
18374
18639
17805
19900
19000
17883
18545
20379
18447
18049
18235
20160
18082
18183
18588
19613
18327
18477
18747
19535
19102
18652
18601
19655
17900
18305
18569
19753
18633
18607
19450
19636
18058
17988
20197
20399
19090
18600
20103
28522
17681
18557
19492
19473
19118
18523
20978
18519
18088
18094
19551
18753
18386
18325
19756
18333
17996
18743
19568
18327
18637
18843
19927
17774
18157
18632
20547
17984
17794
18025
19386
19000
18161
18191
19666
18119
17928
18019
20864
18555
18509
18457
21089
18097
18261
20336
19690
19341
18669
19560
20242
17760
18512
19823
19724
17707
18307
19723
18400
18000
17867
21010
18437
19002
18660
20500
18079
18549
18229
19244
17832
17952
18593
19306
19211
17579
18936
19549
18334
17675
18060
19754
17960
18127
18573
19689
18698
18052
18660
19778
18199
17841
18373
19880
17920
18451
18265
20270
18643
17905
19219
19646
18287
18153
19882
20310
17686
17535
19462
19657
17865
18320
20151
17954
17806
18134
19395
18796
18234
18035
20534
19349
18930
18369
19704
18564
18177
18145
19380
18481
17715
18141
19393
18960
18541
18266
21179
18270
18304
17981
19739
18308
18051
18917
19331
18720
17835
17849
19517
18693
18540
19303
19516
19751
18168
19296
19987
18540
18213
20352
19361
18280
18141
20606
20076
18107
18287
19320
19720
18658
18419
19610
18956
18740
18480
20176
18351
18255
18692
19368
17926
18510
18503
20532
18236
18232
18138
19520
18419
18206
18478
20160
17734
18667
18532
20578
18609
17856
18020
19417
18493
18474
18562
19238
18512
17587
18512
20929
18442
17886
19252
19146
18542
19027
19946
19340
18176
18613
20882
19450
18355
18032
20086
18140
18755
18538
19834
18282
18166
18050
19313
18506
18843
17660
19226
18523
18600
18035
20619
17928
18274
18661
20123
18429
18145
18098
19826
18600
18954
17747
20544
18276
18556
18143
19771
18100
17802
17693
19455
18221
18356
18449
19036
19207
18141
18096
19894
18457
17680
19646
19527
18440
18029
19577
19365
18220
19180
19773
20847
18173
18173
19877
18691
18665
18462
20222
18149
18928
18039
20318
18398
17705
18062
20252
18790
18891
18476
19755
18558
20289
18937
19425
19390
18061
18232
19901
18512
18427
18264
20550
17957
18328
18923
19622
18585
18505
18138
19151
18669
18062
18599
19296
18073
17909
36038
19319
18503
18480
19828
19042
18193
18056
20341
20053
18443
18065
19102
19007
18235
18721
19858
18264
17956
18453
19797
19077
18760
18429
20644
17850
18630
17876
19203
19529
18265
18512
21026
18818
17761
18427
19260
17993
18172
18572
19880
18935
18344
18236
20071
17714
18685
18508
20100
18389
17866
17993
19760
18029
18595
18660
19949
18780
18541
35560
19361
18380
18612
19546
19937
18650
18404
19124
18818
18057
18047
19487
18107
18405
18572
19972
17764
18284
19172
19381
19957
18450
18466
21039
18265
18874
17855
19300
18292
18148
18860
19474
18310
18881
18561
19565
18511
18629
18841
19741
18575
18420
18274
19315
18042
18145
18653
19998
18301
18235
17989
19546
18369
18628
35828
19675
18305
17987
19930
19985
17840
18432
19816
19400
18140
18221
19841
18006
18334
18763
19448
18019
18972
18655
19632
17641
18553
18545
20706
18630
18602
18783
20461
18364
18779
18258
19630
19224
18327
18903
20849
18437
18484
18398
18874
18605
18464
18080
19566
18334
18547
18414
19837
19580
17561
18066
20558
18794
18104
18105
19844
18332
18110
19478
20098
19461
18513
19282
19516
18644
17709
19447
20136
17987
18325
19743
19689
18241
18192
19299
18816
18308
18678
19997
19554
18492
18313
21343
18757
18417
19147
20740
17837
18218
18500
20127
18944
18302
18362
19685
17897
18525
17958
19742
18105
18065
18804
19325
19233
18362
18111
20221
18508
18543
18240
19790
17879
18001
33705
20209
18276
17730
20392
19134
18780
18376
20486
19600
17900
17856
20130
18164
18088
18397
20252
18017
18541
18689
19360
18339
18637
17874
20260
18620
18680
18537
19253
19763
18016
18487
19612
17918
18416
18761
19376
17873
18372
18143
20080
19492
17841
17862
19754
18443
18416
17352
20365
19250
18323
18645
20079
17960
18306
19665
19964
18425
18935
20218
19761
19069
18683
19988
20062
17993
18351
19487
19528
18018
18447
19753
19576
18970
18361
20304
18413
18241
18053
20931
18331
18442
18398
19480
19700
18032
18414
20360
18490
18451
18661
20080
17922
18290
18333
19754
17901
18160
18172
19723
18560
18013
18561
21147
17781
18141
18509
19954
18905
18213
18202
20406
17974
18478
23124
19540
18341
18378
19658
19341
17963
18082
20007
19460
18860
18877
19178
19908
18005
18340
19785
17830
18111
18569
19225
19368
18695
17624
20223
18476
18485
18807
19458
19491
17716
18061
20095
18104
17906
18786
20873
19159
18989
18905
19320
19839
18424
18433
19646
17985
18200
18447
19471
18858
18919
18510
19594
18263
18277
18625
20198
18086
17992
17923
20518
17763
18000
20257
19418
18142
18710
20196
19748
19626
18712
20989
19480
18429
17714
19462
19802
18317
17548
19692
18181
18301
18163
20003
17876
18442
18842
19173
17937
18096
18370
20367
18527
18708
18241
19442
17967
18220
18019
19379
18360
18220
18232
19783
18506
18050
18821
20460
18357
17908
18578
19865
19005
18614
19303
21082
17879
18181
18264
20425
18601
18880
18162
20243
18079
18112
20960
20179
18800
18238
19974
19878
17476
18566
19229
18954
18140
17489
19064
18437
18627
18936
20143
18564
18467
17989
19317
18075
18904
18208
20769
18328
18207
18405
20124
18338
18025
17900
19523
18315
18469
18554
20833
18266
18503
18023
19281
18784
18219
18366
20303
18809
18068
18249
19370
18383
18382
19770
20539
18277
18384
20285
19827
18378
18539
20182
20042
18600
18598
21065
17913
18551
18488
19533
18649
18120
17682
19144
18103
18600
18575
20832
18980
18602
18185
19899
18397
18489
18760
20101
18155
17988
18004
20699
18196
18599
18275
19602
19071
18088
18337
20341
18144
18820
18172
20731
18394
18716
18693
18963
18547
18236
18103
20775
18332
18109
19460
19898
18737
18587
19688
19696
18170
18099
20100
30672
18175
18374
20530
29766
18701
18167
19450
18120
18964
18488
19888
19026
18039
18466
20962
19384
17940
18254
19853
18454
18624
18140
19900
18192
18259
18519
20477
18500
18668
18436
19670
18281
18455
19088
20508
18842
18523
18489
20498
18352
18475
18399
19420
18540
18736
19850
19357
20182
18567
19355
18975
17914
18303
19284
17978
18021
18173
19443
18381
18269
17719
20239
18099
18197
18065
19176
17806
18535
18317
19489
18100
18721
18585
20096
18488
18639
18421
19867
19073
18288
17827
19520
18518
18716
18295
19222
17981
17645
18199
19777
18517
17986
34420
19632
17809
18448
20055
19878
18031
17786
19449
19514
17641
18405
19753
17813
18387
18264
20428
18140
18956
18557
19708
18084
18289
17739
19427
18570
18574
18075
19444
18876
17600
18480
19680
18579
18269
18072
19946
18105
18307
18128
20880
18326
18401
18603
20015
18283
18485
18230
19465
18303
17986
17896
19488
18288
18239
19981
20180
18406
18746
19900
20020
18013
18225
20260
19166
18797
18449
19508
19054
19088
19074
20718
18049
18115
18097
20299
18205
17705
18014
19224
18630
17954
18041
19507
18442
18377
18395
19735
18117
18059
18250
19529
18574
18099
18592
19536
18118
18717
18591
19817
18343
18585
18100
19411
18875
18272
18298
20119
18080
18060
19145
19544
17960
18827
19342
18975
18671
19391
19799
19422
18640
18357
19151
19633
18812
18084
19281
18565
18318
18140
19930
18009
18638
18265
19998
18327
17840
18051
19543
18402
18062
18035
19600
18693
18182
18244
19707
18786
19023
18470
19328
18153
18747
18084
19249
18807
18599
18238
19882
18003
18639
19543
19420
18217
18084
19367
20119
18081
18275
19505
30979
17804
18376
20627
19838
18879
18268
20594
18314
18805
18608
19606
18409
18356
18047
19422
18322
18148
18204
19223
17964
18752
18496
19913
18120
18587
18485
19854
18219
18413
18892
19890
17927
18766
18241
21334
18316
18068
18273
19758
18077
18464
33717
19571
17869
18119
19830
19837
18076
18469
19462
19222
18083
18368
19650
18237
18145
18022
19960
18603
18365
18678
19999
18488
18161
18424
20175
18839
18108
18002
19665
18340
18656
18092
19797
17960
18127
18440
19800
18497
18631
18754
20139
17838
18700
17878
19705
18154
18295
18082
19006
17812
18080
19289
19556
18138
17895
19818
19799
18027
18554
19506
31666
18720
17816
19469
32370
18575
18692
19350
18315
17902
18569
19443
18538
18906
17759
20303
18436
17894
18030
19427
17958
18183
18760
19898
18718
18160
18492
21029
18679
18398
18148
19118
18758
18965
18180
19415
19521
18337
18525
19722
18606
19002
18383
19822
18689
18409
20322
20211
18520
18310
20917
19389
18059
18940
19661
18574
18334
17970
19696
17908
19087
18550
19611
18388
19129
17784
19773
18683
18409
18567
19439
18478
18267
18128
19900
18458
18965
18287
19406
18105
18437
19061
19684
17856
18056
17746
19496
18527
18281
18672
19946
18581
17927
18020
19375
18021
18271
19388
19790
18231
18559
19721
19573
18232
19244
19546
17975
18087
18727
20118
18458
18414
18545
19936
18558
17979
17532
20274
18276
18963
18283
20767
18397
18306
17868
19757
18172
17851
18094
19634
17685
19160
17952
19328
18921
18504
18340
19778
18634
18272
17889
19361
18260
18139
17662
20768
18540
18512
18188
20079
18865
17985
19439
20026
18233
18804
19822
19736
18757
18487
19223
26986
18134
18213
20063
18870
18865
18131
19622
18447
19646
19008
19463
18355
18038
18752
20439
18473
18852
18356
20193
18610
18432
18018
19334
18470
18403
17919
19296
18314
18547
18394
19589
18766
17952
18184
19818
18761
18548
17961
19915
18367
18538
20259
19857
17710
17957
19700
19730
18725
18792
19428
20058
18475
17994
20101
18479
19025
18489
19669
18091
18069
18394
19631
18587
18130
18210
18791
17893
17697
17928
19954
18365
18820
17969
20069
18103
18096
18200
20288
18960
18556
19075
20160
18776
19053
18823
20097
18819
18727
18703
20569
18146
18330
18305
19488
17973
18463
19776
19483
18272
18306
20001
18899
18318
18013
19808
18927
18643
18016
20595
18263
18286
18313
19660
18494
17858
18459
18784
17810
18641
18162
20046
17926
17757
18398
19980
18247
18259
18552
19631
17928
18683
18901
19441
18658
18342
19560
19448
18715
17959
18294
19876
18132
18943
18007
20095
18232
17874
20696
19449
18416
18615
19209
19657
18297
18211
19195
30811
18208
18301
19471
31743
18201
17670
19972
18416
18391
17691
19918
18253
18715
17837
20085
17992
18326
18406
19342
18230
18527
18554
19175
17933
17984
18493
20036
18844
19216
18600
19996
18480
18646
18381
20102
18572
18006
18575
20087
18453
17700
18940
19512
18737
18547
19689
19895
18262
18072
20703
19415
18463
17927
19800
23510
18031
18340
19594
17967
18461
18140
19818
18372
18453
17710
20371
18526
18048
17748
19796
18358
18303
17779
19682
17975
18033
18581
20132
18537
18077
17891
18603
17650
18021
18456
20358
18452
18436
18071
19513
18663
18319
19000
20000
17980
18036
18171
19713
18839
17887
35516
19416
18663
17908
20061
19683
17937
18813
19746
20361
18394
18308
19386
18889
17973
18387
20253
18434
18645
18540
19685
17817
18438
18505
19974
18479
18293
18389
19491
18416
18194
18924
20266
18632
17643
18172
19286
18095
18052
17837
19132
18218
17966
18169
19417
18002
17821
17989
19711
18474
18622
34569
19919
18664
18400
20097
20293
18906
18462
19590
20120
18864
18495
19680
18651
18507
18401
20360
18412
17745
18368
19052
18235
17996
18612
19411
18480
18554
18295
21266
18442
18292
18360
19470
18411
18211
18368
19320
17840
18186
18269
20120
18442
17684
18425
20150
17995
18458
18044
19503
18049
18489
18160
19945
18780
18994
19449
19591
17953
18327
19818
19745
17817
17976
19391
25689
17917
18294
20596
18639
18780
18240
18898
18774
18001
18203
20474
18401
18733
18949
20300
19027
18771
19067
20246
19094
18750
18880
19953
18639
19582
18665
19329
18687
18141
18429
20094
17863
18670
18927
19259
18120
18121
18464
19644
17960
18691
19726
19581
18100
17956
19817
19739
18286
18588
20350
20489
17784
18020
19818
18286
18292
18427
20352
17836
18096
18212
19383
18439
18303
18561
20458
18417
18420
19101
19498
17926
18332
18037
19460
18705
17820
18478
19420
17837
18336
17824
20140
17972
18190
17870
19663
18138
18816
18240
19236
18192
18373
20171
19390
18261
18107
19342
20544
18340
18447
19234
19144
17838
18479
20772
31678
18907
18847
19993
18054
18773
18284
21044
18871
19235
18748
19435
18045
18260
18512
19752
18772
18719
18110
20343
18126
18648
18571
19648
19055
18133
17776
18951
18340
18413
17847
19661
18729
17930
18053
19626
18289
18269
18655
19865
18443
18577
19671
19146
18185
18197
19738
19260
18140
18115
19360
20338
18139
17927
19840
18733
18639
18521
19269
18330
18831
18227
19173
18392
18098
17796
20152
18794
18463
18664
20113
18327
18717
18077
19000
19575
18520
17952
19976
18729
18388
18641
20660
18292
17681
17789
20000
19497
18741
19069
19766
19344
18448
18086
19492
17935
17717
17759
21179
18719
18109
20626
19492
17693
18035
19701
19191
18180
18789
20015
25085
18769
17689
19075
17988
18297
17984
19757
18503
19024
18809
19168
18339
18117
18063
20816
17839
18074
17989
19895
18023
18600
18440
19819
18417
18192
19015
19920
17808
17896
18274
20192
18539
18479
17778
19589
18080
18182
19238
19999
19019
18754
20568
19734
18229
18380
19150
19427
18078
17866
20053
19502
18139
18307
20668
18660
18019
18403
19774
18403
17993
18336
19994
18359
18177
17940
20090
17958
17947
18178
19933
18634
18719
18707
19781
18013
18257
18679
20839
18403
17665
18283
20369
18551
18360
18354
20385
18265
18448
18172
18746
17980
18560
18040
19406
17774
18546
33913
19623
17715
18835
19628
19259
18367
18387
20273
20387
18673
17989
19291
18417
17621
19022
20152
17920
18553
18175
19908
18389
18544
18147
19034
19461
18578
18841
20575
18265
18400
18200
19536
18427
18452
19087
19727
18560
18099
18312
19526
18662
18055
18264
19330
18736
17945
17806
19572
18608
18268
17984
19869
18493
18198
35933
19522
18416
18359
19915
20365
18543
18860
20533
19407
18480
18765
19254
18331
18417
18141
18860
18245
18079
18783
20864
18630
18458
18191
20081
18053
18613
18965
20426
17777
18614
18453
19963
18319
18271
18693
19370
18629
18445
18055
20120
18141
18492
18260
19691
18297
18133
18425
19707
18601
18249
18420
20115
18171
18405
18360
19851
17949
19399
19568
19668
18348
18507
19789
19708
18510
17900
19618
19402
17976
18647
18760
18507
17929
18371
19854
18559
17977
18797
20124
18222
18658
18560
19813
18451
18809
18528
20543
18356
19071
18844
21534
18584
18815
19061
19666
18295
18099
18625
19374
18138
19330
18273
20221
18074
17692
18327
19372
18100
18764
33635
19194
18342
17841
20348
19314
18789
18098
19264
19939
17844
17758
20495
18574
18771
18560
19727
18742
18500
18786
19599
18081
17889
18159
20461
18546
18055
18027
20043
18730
18693
18564
19700
18560
18889
18488
20108
18521
18265
18465
19348
17608
18267
18143
19865
18508
18060
18297
20343
18919
18132
18578
20319
18172
18140
17898
19608
18527
18505
19176
19500
18719
18243
20084
19904
18439
18757
19835
18752
18413
18780
20197
18811
19278
18789
20368
18783
18605
18940
19517
18670
18254
18332
19650
18393
17807
18177
20554
18816
17765
18517
19885
18229
17777
18380
19619
18384
17804
19145
20345
18178
18513
17812
20029
17947
17824
34388
20082
18653
18398
20472
19186
18649
18296
19445
20351
18500
18356
19045
18331
17737
18600
19031
18653
18049
18102
20492
18226
18389
17938
19532
18393
18145
17853
19199
18351
19009
18437
19507
18222
17485
17684
19259
18851
18440
18085
19367
18696
18546
18332
19539
18371
18743
18357
20191
18227
18524
20668
19982
18921
18305
35185
18763
18592
17935
19877
19241
18321
18981
20260
19782
17834
18246
19927
18604
18719
18079
19686
18642
18611
18558
20523
18541
18974
18264
19837
17737
18287
19056
20820
18179
19989
17749
19340
18569
18479
18060
20593
20038
18122
18743
19410
18610
18490
18760
20341
17980
18523
19035
19731
17749
18552
18689
20013
18201
18443
19491
19712
18527
18275
19979
19287
18295
18232
19390
31966
18123
18171
20249
17896
18540
18433
19784
18419
18296
18474
20056
18453
17994
18460
20068
18200
18270
17467
19572
17991
18415
17631
19510
17637
18574
18749
19887
18488
18674
18076
19539
18953
17867
18634
19651
18138
18337
18598
20900
18427
18359
36070
19251
18183
17769
19524
19903
18495
18396
19754
20181
18700
17896
19515
17849
18997
18404
19205
18509
17714
18570
19960
18354
19100
18197
19357
18476
18101
17927
19336
18492
18507
18740
20069
18212
18540
17807
19941
18384
17934
18251
20177
18960
18572
18667
19791
19085
18808
18780
20269
19820
17836
18425
19971
18708
18350
20160
19446
18330
18185
19800
19843
18841
18056
19480
18600
18822
19118
19505
18340
18814
18353
19915
18692
18419
18084
19900
18387
18420
18389
20727
18361
18971
18739
19878
17957
18445
18074
19389
17940
18829
18660
20402
18111
17421
17960
19408
18136
18329
19144
19155
17759
18261
18120
19921
18631
17621
20570
19325
18241
18067
20055
19869
18248
18064
20073
19416
18244
18473
19610
18322
18392
18032
19899
18405
18112
18829
20444
18038
18367
18279
19567
18450
18067
18762
19363
18144
18434
18638
19961
18205
17753
18249
19530
17942
17688
18086
19788
17695
17807
17856
19671
18600
18348
18544
20301
18695
18587
34112
19564
18628
18069
20447
20067
18381
17860
19220
19134
18239
18445
19616
17439
18448
18385
19631
18509
18324
18207
20007
18646
18169
18057
19740
18480
18513
18003
20237
18492
18297
18024
19484
18040
18563
18193
19846
18488
18899
18355
20293
18029
17871
18275
19386
18147
18593
18593
20506
18583
18248
18488
19945
17864
18300
36031
19082
18796
18466
19234
19719
18482
18613
20000
19825
18960
18150
20188
18953
17958
18700
19600
18189
19171
18633
19878
18253
18948
17909
19768
19000
18667
18262
19458
18240
18581
18591
19329
18547
18544
18268
20181
18511
18369
18403
19938
18616
18808
17953
20314
18839
18595
18201
20109
17449
18050
19178
19576
18597
18166
20252
19964
17921
19157
19950
19813
18513
18227
19381
17864
17822
17644
19693
18029
18052
18532
19512
19424
17917
18154
19691
18145
18647
17360
20019
18585
19016
18882
19447
18148
18783
18432
19167
18742
18027
18232
19802
18255
18123
18379
20057
18232
18715
18258
19633
18468
18773
21892
20230
18468
18138
36321
19699
18457
17738
19718
19920
18445
18836
19618
19119
18453
18654
19577
18470
18617
18733
19571
18945
19137
18512
19376
18370
18296
18446
19972
18112
18151
18082
19577
17824
18960
18313
20994
18261
18133
18143
19551
18780
18933
18111
19986
18492
18320
17863
19786
17989
18809
18732
19125
18514
18469
19575
20132
17713
18880
20556
19961
18185
18692
19660
19986
19050
18416
20521
18435
18208
18246
19665
17937
18729
18541
19797
18105
18283
18417
19306
18049
17920
17958
20145
18568
18565
17954
19510
18382
18324
18154
19413
18447
18332
18314
20667
18485
17985
17992
19490
19135
18408
18797
19858
18124
18625
22260
19200
18140
18056
19881
19820
18469
18199
19880
19806
18020
17957
19943
19979
18351
18225
19542
19000
18656
17780
20072
18285
18061
18565
20266
18400
18715
18479
19563
18349
18111
17974
19754
18052
18368
18560
19319
18202
18280
18417
19146
18553
17989
18560
19428
18842
18020
17618
20570
18360
18875
18235
20060
18261
18362
33660
19831
18935
18344
20402
19839
18747
18513
19602
20260
18572
18562
19397
18344
19033
18049
20233
17746
18395
17834
19150
18167
18552
17773
20346
18245
18724
18081
19622
18732
18414
18300
19199
18905
18881
18947
20324
18195
18029
18201
19909
18112
18460
18061
20079
17974
17980
18512
21221
18252
17967
19452
20153
18459
18549
19219
19700
18158
18102
19551
18600
18269
18448
19728
18148
18682
18475
19431
18061
18633
18710
19314
18868
18288
19180
19547
17794
18964
18572
20569
18169
18113
18124
19792
18025
17908
18537
20252
18442
17648
17987
19553
18696
18305
18695
19823
18247
18121
18631
19327
18289
18310
19411
19807
18315
18598
20116
19337
18297
18020
19883
19808
18295
17937
19793
18079
17980
17851
19635
18429
18472
18201
20800
18153
18997
18243
19431
18108
18530
18498
19793
18283
18840
18048
19814
17884
18792
18588
19521
19046
18615
17849
20183
18725
18023
18880
19699
17851
18374
18252
20429
18192
18922
19985
20416
18461
18305
20296
19694
18305
19089
19631
19360
18380
19011
19853
18019
17964
18411
19387
18039
18233
17858
19172
18321
18792
17805
19976
18339
17990
18096
20821
17764
18657
18289
19514
18379
18122
18404
19737
18685
18355
17620
19415
18380
18152
17904
19377
18260
18098
18162
18963
19076
18266
18169
19609
18334
18586
19691
19682
17792
17829
19721
19874
17525
18282
19994
19481
17911
18468
19739
18543
18885
18181
19997
17929
18184
18228
20325
18649
18645
18975
20426
19160
18751
19239
19918
18574
18172
18316
19694
18417
17977
18424
19775
18141
18815
18141
19642
18629
19330
17995
20251
18815
17878
17880
19467
18815
17948
33962
20295
18236
17978
19699
19661
18180
18057
20320
19410
18554
18739
19774
18386
18488
17810
19842
17988
18874
18134
19531
18113
18204
18141
19744
17913
18420
18919
20427
17831
18840
18585
19217
18077
18623
18484
19601
18014
18659
17860
19912
18350
17736
19039
20062
17958
18574
18615
19352
18232
18447
19777
19971
19035
18479
19476
20406
18675
18052
19480
19735
17609
18456
19835
18248
18756
17856
19389
19298
18273
17965
20331
18465
18204
17814
20672
18400
17924
18183
19373
18797
17685
18379
20221
18637
19033
18881
19786
18701
19052
18515
19936
18776
18906
18142
20016
18132
18492
18190
