1327.99
1281.02
1287.94
6406.07
1333.95
1277.92
1267.91
6451.85
1310.11
1286.03
1283.17
6488.08
1299.14
1276.02
1289.13
5123.14
1314.16
1273.16
1302.00
1280.07
6487.13
1300.10
1279.83
6440.88
1334.91
1281.98
1266.00
6437.06
1358.99
1278.16
1282.93
6431.82
1327.99
4359.96
1291.04
1266.96
6405.12
1326.08
1290.08
1280.07
6397.01
1358.03
1285.79
1281.02
6451.13
1323.94
1287.94
1267.91
6480.22
1302.96
1281.98
1306.06
6490.23
1320.12
1322.03
6405.12
1380.92
1291.04
1290.08
6420.85
1333.95
1331.81
1280.07
6433.96
1347.78
1275.06
1286.03
6469.01
1318.93
1286.03
1272.92
6479.98
1295.09
1285.79
7775.07
1306.06
1300.10
6395.10
1333.95
1286.98
1280.07
6399.87
1338.96
1281.02
1268.86
6390.09
1333.95
1281.02
1276.97
6404.16
1353.03
1287.94
1287.94
6512.17
1298.90
1305.10
1288.89
6498.10
2104.04
1300.10
6509.07
1305.82
1313.92
1288.89
6477.83
1350.88
1342.06
4934.07
6480.93
1358.99
1302.00
1273.16
6407.98
1327.99
1302.00
1338.96
6464.96
1327.04
1287.94
1265.05
6473.06
1289.84
1275.06
1276.97
7406.95
1277.21
1265.05
9415.15
1312.02
1271.01
13466.12
1303.20
1288.89
1281.98
1291.04
1276.97
13504.98
1339.91
1323.94
9438.04
1301.05
1283.88
13449.91
1304.86
1277.92
1287.94
1272.92
1263.14
13472.08
1315.12
1284.12
9474.04
1310.11
9309.77
1409.05
1290.80
9301.90
1429.08
1290.08
13336.18
1404.05
1297.95
1291.99
1297.95
1263.86
1297.00
13446.09
1302.96
9296.89
1390.93
1302.00
13330.94
1412.87
1303.91
1291.04
1284.12
1287.94
1284.84
5421.88
1299.86
1302.00
1302.00
1271.01
1259.09
17519.00
1343.01
1277.92
1285.79
1283.88
1265.05
17503.98
1313.92
1296.04
1312.02
1266.00
1271.01
17501.12
1322.98
1289.84
1282.93
1261.95
1255.99
17524.00
1313.92
1289.13
1309.16
1285.08
1277.92
17526.87
1317.02
1286.98
1278.88
1273.87
1273.87
17524.00
1321.08
1308.20
1311.06
1286.03
1263.86
25502.92
1322.98
1306.06
6462.10
1351.83
1334.91
1308.92
6452.80
1327.04
1276.97
1294.85
6478.07
1311.06
1273.16
1277.92
6485.94
1297.95
1282.93
1274.11
6474.02
1313.92
1267.91
6388.90
1353.03
1284.12
1291.99
6433.01
1348.97
1290.08
1288.89
6394.86
1343.01
1332.04
1294.85
6484.99
1307.01
1286.98
1283.17
6637.10
1297.95
1318.93
6435.16
1347.06
1291.99
1765.97
5020.86
1314.88
1288.89
1291.99
1268.15
6523.13
1281.02
1276.97
1268.86
6479.98
1309.16
1320.12
6555.08
1319.17
1268.15
1274.11
6417.99
1318.93
1294.85
1268.86
6304.03
1369.95
1284.84
1313.92
6484.03
1302.00
1274.11
1288.18
6510.02
1298.90
1289.13
6392.00
1371.86
1312.02
1300.10
6440.16
1336.10
1286.98
1288.89
6421.80
1344.92
1279.12
1280.07
6448.03
1311.06
1303.91
1288.89
6484.99
1312.02
1302.00
1293.90
6478.07
1291.99
1294.85
6411.08
1339.91
1289.13
1262.90
6423.95
1339.91
1285.79
1280.07
6410.12
1337.05
1276.02
1281.02
6445.17
1296.04
1325.13
1276.97
6502.87
1302.00
1268.15
1288.89
6487.85
1308.92
1282.93
6352.90
1348.02
1304.86
1297.00
6440.16
1392.13
1327.99
1291.04
6433.96
1326.80
1282.93
1283.88
6483.08
1308.92
1276.02
1271.96
6497.86
1289.84
1298.90
6415.13
1359.94
1295.09
1288.18
6409.17
1337.05
1276.97
1286.98
6412.98
1352.07
1280.07
1258.13
6453.04
1302.96
1322.03
1290.80
6508.83
1312.97
1285.79
1278.88
6469.01
1292.94
1305.82
6420.85
1343.01
1297.00
1297.00
6444.22
1333.00
1294.85
1280.07
6428.00
1333.95
1294.14
1279.12
6490.95
1303.91
1291.04
1275.06
6510.02
1286.98
1304.15
6428.96
1347.06
1317.98
1281.98
6411.08
1358.03
1288.89
7701.87
1344.92
1277.92
1269.10
6468.06
1297.95
1269.82
1291.99
6474.02
1308.92
1265.05
1261.00
6468.77
1262.90
1276.97
6362.20
1357.08
1266.00
1262.90
6384.85
1325.85
1265.05
1271.96
6404.88
1349.93
1271.01
1250.03
5162.00
1326.08
1285.08
1288.18
1259.09
6416.08
1314.88
1272.92
6798.98
1361.13
1285.08
1271.96
6410.12
1343.97
1284.84
1277.92
6432.06
1319.89
1295.80
1272.92
6407.02
1315.12
1265.05
1286.98
6448.03
1311.06
1278.88
1276.02
6479.98
1308.20
1274.11
7719.99
1304.15
1274.11
6366.01
1370.91
1299.86
1281.98
6417.99
1343.01
1276.97
1270.06
6422.04
1329.90
1283.17
1295.09
6423.95
1333.00
1282.22
1269.10
6490.95
1292.94
1293.18
1270.06
6500.01
1287.94
1271.96
6510.97
1341.10
1281.98
1291.99
6398.92
1343.01
1287.94
1276.97
5151.03
1347.06
1272.20
1290.08
1266.00
6452.80
1313.92
1276.02
1290.08
6484.99
1302.96
1261.95
1271.01
6491.90
1285.08
1267.91
6398.20
1368.05
1298.19
1277.92
6352.90
1344.92
1271.01
1288.89
6422.04
1326.08
1281.02
1253.84
6418.94
1336.81
1283.88
1284.12
6464.00
1306.06
1277.92
1286.98
5918.98
1304.15
1275.06
1297.00
6427.05
5225.90
1293.18
1286.03
5365.13
1346.11
1295.09
1280.07
1286.03
6388.90
1332.04
1293.18
1283.88
6418.94
1326.80
1302.96
1266.00
6412.98
1327.04
1286.03
1295.09
6465.20
1322.98
1281.98
1265.05
6479.02
1282.93
1283.88
1271.96
6480.93
1298.90
1295.09
6415.13
1329.90
1284.84
1293.90
6412.98
1360.18
1280.07
1277.92
9389.16
1325.13
1286.98
9362.94
1327.99
1280.07
13380.05
1351.83
1288.89
1282.93
1269.10
1269.82
13373.85
1347.06
1286.98
9376.05
1364.95
1291.99
13391.02
1351.12
1314.16
1415.01
1280.07
1265.05
13378.86
1344.92
1288.89
9371.04
1338.01
1290.80
13397.93
1336.81
1300.10
1295.09
1281.02
1255.99
13370.04
1345.87
1286.98
9389.16
1342.06
1297.00
13385.06
1354.93
1291.99
1307.01
1290.08
1270.77
5342.01
1345.87
1286.98
1279.12
1280.07
1271.01
17376.90
1381.87
1291.99
1282.93
1297.95
1294.14
17375.95
1369.95
1311.06
1286.98
1278.88
1288.18
17334.94
1424.07
1297.00
1297.00
1291.04
1266.96
1263.86
17470.84
1307.96
1291.99
1279.12
1266.96
1281.02
17493.01
1308.92
1278.88
1291.04
1276.97
1285.08
17488.96
1319.89
1302.96
1314.88
1272.20
1266.96
17494.92
1321.08
1287.94
1325.85
1270.06
1269.10
23419.14
1331.09
1291.99
6392.00
1349.93
1282.22
1290.08
6421.09
1342.06
1301.05
1275.06
6409.88
1323.94
1280.78
1283.88
6486.89
1312.02
1281.98
1267.91
6479.02
1291.04
1290.08
1274.11
6482.12
1299.14
1275.06
5628.82
1366.85
1285.08
1284.12
1287.94
6477.83
1301.05
1301.05
1266.00
6484.03
1290.08
1286.98
6381.03
1372.10
1286.03
1266.96
5121.95
1349.93
1282.93
1277.21
1267.91
6416.08
1335.14
1280.07
1271.01
6426.10
1316.79
1289.84
1277.92
6489.99
1291.99
1294.85
1283.88
6495.95
1324.18
1277.92
6392.00
1360.89
1286.03
1273.87
6433.96
1327.99
1307.01
1271.96
6397.01
1322.98
1269.10
7657.05
1338.01
1291.04
1271.01
6462.10
1301.05
1279.12
1284.12
6479.98
1299.86
1268.86
1261.00
6474.97
1280.07
1311.06
6402.02
1342.06
1276.02
1283.17
6402.02
1333.00
1291.04
1299.86
6416.80
1358.99
1298.19
1291.04
5275.01
1330.85
1279.12
1281.98
1267.91
10949.13
1330.14
1282.93
1286.03
6469.96
1309.87
1274.11
1276.97
6484.03
1288.89
1293.90
1278.16
6479.98
1299.86
1282.93
6398.20
1339.91
1283.88
1288.89
6412.98
1352.07
1297.00
1283.88
6526.95
1332.04
1294.85
1282.93
6510.02
1320.12
1286.03
1307.01
5049.94
1323.94
1293.90
1302.00
6376.98
1388.07
1307.96
1283.88
6444.93
1338.01
1297.00
1285.08
6421.09
1344.92
1298.90
1295.09
6454.23
1312.02
1275.06
1262.19
6433.01
1297.95
1276.02
1293.18
6479.98
1308.92
1282.93
6364.11
1360.18
1283.17
7792.95
1345.87
1292.94
1268.15
6405.12
1333.00
1287.94
1289.13
6461.14
1322.03
1281.98
1256.94
6474.97
1303.91
1293.18
1275.06
6485.94
1297.95
1293.90
6425.14
1334.19
1281.02
1292.94
6397.96
1348.02
1294.14
1269.10
5104.06
1356.12
1280.07
1289.84
1276.02
6475.93
1307.96
1271.96
1281.98
6490.95
1286.98
1302.96
1274.82
6484.03
1319.17
1394.03
6424.19
1333.00
1297.95
1286.98
6431.82
1343.97
1287.22
1291.04
11549.95
1337.05
1271.96
1261.00
5203.96
1320.12
1298.90
1297.95
1276.97
6477.12
1297.95
1271.01
6444.22
1323.94
1293.90
1286.98
6450.89
1333.95
1281.02
1285.08
6424.19
1321.08
1296.04
1286.03
6497.86
1305.82
1270.06
1284.12
6489.99
1308.92
1292.94
6380.08
1360.89
1277.92
7650.14
1330.14
1312.97
1276.97
6413.22
1328.95
1312.02
1427.17
3906.01
1305.10
6492.14
1291.04
1272.20
1286.98
6487.13
1299.14
1280.07
6406.78
1341.10
1276.02
1288.18
6433.01
1330.85
1291.99
1271.01
6404.88
1338.01
1299.14
1294.14
6453.04
1328.95
1278.16
1274.11
6493.09
1298.19
1297.95
1291.04
6471.16
1316.07
1274.11
5228.04
6481.89
1331.81
1298.90
1271.01
6427.05
1331.09
1275.78
1290.08
6479.98
1305.82
1282.93
1263.86
6391.05
1307.96
1274.82
1286.03
6499.05
1313.21
1281.98
6385.80
1353.03
1274.11
1293.18
6408.93
1339.91
1297.95
1281.02
6402.97
1340.15
1281.02
1292.94
6448.98
1331.09
1282.22
1261.95
6483.79
1287.94
1287.22
1265.05
6489.04
1302.96
1274.11
5346.06
1350.88
1293.90
1294.14
1281.02
6396.06
1338.01
1281.02
1277.92
5045.89
6464.00
1328.23
1277.92
1271.01
6488.08
1312.97
1282.93
1276.02
6482.12
1317.02
1267.91
6373.88
1348.02
1281.98
1297.00
6407.02
1338.96
1276.02
1266.96
6397.01
1312.97
1287.94
1289.13
6412.03
1353.98
1292.94
1282.93
5177.02
1317.02
1274.11
1291.99
1276.97
6500.01
1293.90
1282.93
6389.14
1355.17
1292.94
1276.02
6415.13
1342.06
1276.02
1268.86
6428.96
1338.01
1306.06
1267.19
6432.06
1331.09
1276.02
1275.06
6480.93
1307.01
1271.01
1261.00
6479.02
1302.00
1272.92
7739.78
1302.96
1282.93
6411.08
1327.99
1306.06
1412.87
6407.02
1338.01
1287.22
1279.12
5745.17
1326.08
1278.16
1281.98
6398.92
1331.81
1285.08
1271.96
6407.02
1322.03
1285.08
1280.07
6412.98
1343.01
1285.79
1271.01
5218.98
1312.97
1280.07
1311.06
1267.91
11137.01
1309.87
1279.83
9436.85
1289.84
1274.11
13453.96
1288.89
1272.92
1286.03
1285.08
1281.98
13451.81
1302.00
1281.98
9460.93
1297.00
1282.93
13473.03
1311.06
1277.92
1302.00
1281.98
1276.02
13484.00
1309.16
1281.98
9464.03
1308.92
1274.11
9459.97
1300.81
1268.86
9442.09
1293.90
1273.87
13469.93
1303.91
1295.09
1291.04
1274.82
1266.00
13456.11
1299.86
1291.99
9441.14
1294.14
1269.10
13468.03
1304.86
1279.83
1291.99
1287.94
1272.92
5434.04
1281.98
1276.97
1286.98
1264.10
1261.00
17477.99
1310.11
1282.93
17488.00
1297.00
1287.94
1328.95
1275.06
1271.96
1288.18
1267.91
1266.96
17485.86
1308.92
1289.13
1304.15
1269.10
1271.01
17463.21
1317.98
1289.84
1280.07
1282.93
1300.81
17426.97
1348.02
1280.07
1294.14
1276.02
1272.20
17420.05
1363.99
1299.14
1297.00
1274.82
1271.01
21630.05
1384.97
1288.89
7789.85
1324.89
1286.03
1281.02
6510.97
1294.14
1299.14
6424.90
1352.07
1286.98
1276.02
6408.93
1339.91
1268.86
1302.00
6433.01
1337.05
1276.02
1284.84
6476.88
1294.85
1281.02
1284.12
6479.98
1302.00
1274.11
1279.12
6459.00
1292.94
1305.10
6379.84
1359.94
1288.89
1283.17
4925.97
1342.06
1280.07
1295.09
1282.93
6414.89
1340.87
1279.83
1277.92
6420.85
1314.88
1290.08
1286.03
6457.09
1304.15
1291.04
1287.94
6491.90
1317.02
1281.02
1271.01
6476.88
1286.98
7581.95
1369.00
1313.21
1275.06
6417.99
1331.81
1281.98
1283.88
3894.81
1317.98
6425.86
1317.98
1277.92
1307.01
6482.84
1299.86
1299.86
1278.88
6502.87
1297.00
1289.13
6399.15
1364.95
1302.00
1275.06
6304.98
1336.10
1271.01
1288.18
6823.06
1358.99
1281.98
1279.12
6474.97
1286.03
2729.89
1351.83
1302.96
1276.02
6413.94
1338.96
1289.84
1276.97
6430.15
1342.06
1297.00
1282.93
6436.11
1322.03
1286.98
1280.07
6474.97
1302.00
1291.99
1268.86
6423.95
1320.12
1390.22
6416.08
1337.05
1292.94
1272.92
6401.06
1320.84
1297.00
7809.16
1337.05
1288.18
1285.08
6473.06
1299.14
1306.06
1278.16
6477.12
1307.01
1277.21
1286.03
6488.80
1302.00
1282.93
6411.08
1347.78
1302.96
1284.12
6427.05
1338.01
1296.04
1282.22
6417.04
1336.10
1279.83
1289.84
6496.91
1307.01
1288.89
1286.03
6495.00
1288.89
1277.92
6387.95
1345.16
1306.06
1311.78
6422.04
1328.95
1279.12
1271.96
6440.88
1338.01
1296.04
1272.92
6456.14
1316.07
1288.18
1286.03
6484.99
1297.95
1271.01
1271.01
6478.07
1284.84
7668.97
1356.84
1293.90
1283.88
6423.00
1327.04
1279.12
1287.94
6396.06
1336.81
1281.98
1283.17
6401.06
1325.13
1305.10
1276.02
6471.87
1317.98
1274.11
1275.06
6482.12
1286.98
1291.99
1267.19
6465.91
1289.84
1299.86
6525.04
1319.17
1287.94
1288.89
6413.94
1332.04
1243.83
1260.04
6405.12
1301.05
1276.97
1247.88
6459.95
1282.93
1267.19
7097.01
1326.80
1293.90
1262.90
6404.88
1306.06
1268.15
1273.87
6407.02
1321.08
1265.05
1255.99
6454.94
1311.06
1276.97
7678.99
1302.00
1265.05
1261.95
6466.15
1286.03
1282.93
1265.05
6438.02
1299.14
1267.91
6406.07
1332.04
1272.92
1281.98
6397.96
1348.02
1286.03
1264.10
6410.12
1311.06
1286.03
1277.92
6410.84
1315.12
1286.98
1271.96
6582.02
1290.08
1292.94
1262.90
6489.99
1302.00
1274.11
6404.16
1333.00
1286.98
1273.16
6403.92
1334.91
1277.92
1276.97
4728.08
1346.11
1293.18
1279.12
1266.00
6433.01
1317.98
1274.82
1265.05
8463.14
1333.95
1274.11
9354.11
1328.95
1289.84
13346.91
1344.92
1291.04
1281.02
1263.14
1285.08
17355.92
1343.97
1271.01
1276.97
1275.06
1266.00
1264.81
17443.90
1286.98
1280.07
1308.92
1255.99
1261.00
17483.00
1309.16
1274.11
1324.18
1379.01
1258.13
17483.00
1299.14
1285.08
1282.93
1271.01
1267.91
17467.02
1319.89
1276.97
1291.04
1273.87
1258.85
17482.04
1307.96
1281.02
1267.91
1260.04
1262.90
17479.90
1313.92
1278.88
1286.98
1266.00
1272.92
13449.19
1310.11
1294.14
9444.00
1307.01
1265.05
13447.05
1317.02
1269.10
1281.98
1258.85
1265.05
13381.00
1358.03
1394.99
9450.20
1289.13
1269.10
13453.96
1288.89
1293.90
1295.80
1281.02
1266.00
17462.97
1318.93
1287.94
1290.08
1269.10
1270.06
17392.87
1360.89
1307.01
1294.14
1276.02
1264.10
17398.12
1354.22
1286.03
1278.16
1271.96
1260.04
17400.03
1364.95
1286.03
1303.91
1271.96
1258.13
13368.13
1346.11
1285.08
9359.84
1337.05
1267.91
9354.83
1337.05
1272.20
9351.97
1359.94
1286.98
9346.01
1333.95
1281.98
9366.04
1347.06
1280.78
9352.92
1338.96
1301.05
9369.85
1339.91
1287.94
9375.10
1356.84
1291.99
9344.10
1345.16
1272.92
9357.93
1338.96
1299.14
9369.13
1338.01
1291.99
9368.18
1340.15
1286.03
9349.11
1336.81
1292.94
1296.04
1287.94
1289.13
1275.06
1275.06
1260.04
1257.90
17457.96
1314.16
1296.04
1278.88
1263.14
1271.96
17493.96
1307.96
1272.92
1297.95
1286.03
1258.85
17480.85
1298.90
1283.88
1283.88
1257.18
1266.00
17467.98
1327.04
1300.81
1291.99
1271.96
1263.86
17483.00
1312.97
1286.98
1287.94
1272.92
1263.86
17473.94
1325.85
1276.02
1297.00
1278.88
1269.82
17472.03
1329.18
1302.96
1281.02
1262.90
1265.05
19991.87
1373.05
1294.14
1274.11
6536.01
1302.96
1285.79
1271.01
6503.11
1318.22
1276.02
6420.14
1340.15
1286.98
8512.97
1304.15
1283.17
6428.00
1334.91
1311.06
1284.12
6416.08
1349.93
1292.23
1264.10
4965.07
1343.01
1284.12
1278.16
1280.07
6416.80
1333.00
1289.13
7068.16
1335.14
1297.95
1278.88
6422.04
1329.90
1272.92
1283.17
6423.00
1317.02
1284.12
1295.09
6407.02
1307.01
1282.93
1287.94
6493.09
1323.94
1285.08
1276.97
6474.97
1291.04
1299.86
6417.99
1338.96
1286.03
1279.83
6404.88
1333.00
1290.08
1297.95
6422.04
1348.97
1296.04
1265.05
6464.96
1289.84
1326.08
1276.02
6478.07
1297.00
1287.94
6435.16
1361.13
1284.12
1300.10
6413.94
1336.10
1291.04
1281.98
5038.02
1363.04
1296.04
1281.02
1284.12
6438.97
1339.91
1275.06
1276.97
6471.87
1297.00
1291.04
1269.10
6507.16
1297.95
1295.09
6392.00
1376.87
1287.94
1273.16
6396.06
1354.93
1288.18
1312.97
6417.04
1345.87
1323.94
1401.90
6487.13
1307.96
1286.03
1297.95
6500.96
1321.08
1286.98
6387.95
1368.05
1286.03
1299.86
6418.94
1345.87
1291.04
1276.97
6417.04
1328.95
1285.08
8326.05
1288.18
1281.02
6421.09
1333.00
1278.88
1281.98
6428.00
1344.92
1285.79
1271.01
6437.06
1326.80
1299.86
1303.91
6491.90
1293.90
1279.83
1292.94
6488.80
1316.07
1286.03
6388.90
1375.91
1303.20
1287.94
6438.97
1331.09
1296.04
1286.98
6450.89
1347.06
1281.98
1289.84
6474.97
1307.96
1297.95
1302.96
6498.10
1290.80
1285.08
6394.86
1365.90
1318.93
1273.87
6412.98
1332.04
1283.88
1307.01
6426.10
1336.10
1287.94
1288.89
6433.96
1319.17
1291.04
1286.98
3646.14
1297.00
6492.14
1312.02
1290.08
1286.98
6493.09
1316.07
1289.84
1261.95
6473.06
1296.04
2577.07
1333.95
1291.04
1291.99
6406.78
1336.10
1286.98
1268.15
6427.05
1319.89
1305.82
1273.87
6481.89
1313.92
1284.84
5344.87
6425.86
1389.98
1302.96
1274.11
6415.13
1336.10
1300.10
1295.09
6419.18
1358.99
1291.99
1257.18
6594.90
1286.98
1296.04
1269.82
6481.89
1297.95
1281.98
1279.83
6462.81
1297.00
1289.13
6409.17
1343.01
1298.90
1265.05
6412.03
1317.02
1288.89
1276.02
6433.96
1330.85
1273.87
1286.03
6474.02
1309.87
1291.99
1274.11
6493.09
1297.00
1274.82
1280.07
6446.12
1311.06
1284.12
6402.02
1330.14
1293.18
1304.86
6423.95
1795.05
1291.04
1270.06
6491.90
1301.05
1286.98
1271.01
6474.97
1314.16
1279.12
6396.06
1330.85
1281.98
1294.14
6401.06
1338.01
1276.97
1275.06
6417.99
1336.81
1293.90
1272.92
6484.03
1297.00
1268.86
1267.91
6490.95
1292.94
1302.00
1281.02
6456.14
1286.03
1275.06
6412.03
1335.14
1333.00
1392.13
6411.08
1325.85
1281.98
1295.09
6437.06
1318.93
1295.09
1267.19
6483.08
1286.98
1274.11
1285.08
6478.07
1306.77
1281.02
6374.84
1357.08
1284.12
1280.07
6415.13
1333.95
1296.04
1306.06
6536.01
1321.08
1284.12
1298.19
6484.99
1319.17
1288.89
1262.90
6496.91
1288.89
1312.97
1276.97
6474.02
1306.06
1282.93
5412.82
1350.88
1287.94
1286.98
1282.93
6449.94
1324.89
1278.88
1275.06
5223.99
6490.95
1297.95
1274.82
6371.97
1373.05
1280.07
1291.04
6418.94
1364.95
1307.96
1278.16
6426.10
1340.15
1308.92
1297.00
6463.05
1325.85
1283.88
1277.92
6494.05
1297.00
1306.06
1280.07
6495.00
1321.08
1277.92
5191.09
1358.99
1278.88
1277.92
1268.15
6405.12
1328.95
1275.06
1292.94
6423.95
1325.13
1305.10
1278.88
6475.21
1308.92
1281.02
1276.02
6474.02
1301.05
1290.08
6356.00
1369.95
1290.08
1279.12
6463.05
1331.09
1314.88
1276.97
6288.05
1327.99
1281.02
1281.98
6410.12
1330.14
1285.08
1271.01
6443.98
1316.07
1278.16
1290.08
6479.02
1307.96
1277.92
1264.10
6489.04
1287.94
1285.08
6378.89
1370.91
1300.81
1274.82
6428.96
1333.95
1276.97
1283.88
6414.89
1347.06
1276.02
1271.01
9280.92
1334.91
1281.02
9346.01
1317.98
1275.06
13368.84
1339.91
1295.80
1301.05
1271.96
1267.91
13351.92
1340.87
1278.88
9362.94
1327.99
1281.02
13380.05
1350.88
1270.06
1277.92
1280.07
1284.12
13376.00
1343.97
1291.99
9362.94
1340.15
1291.99
13393.88
1348.02
1291.04
1294.85
1291.99
1268.15
9350.06
1339.20
1281.98
1276.02
1276.02
1258.13
1256.94
21449.09
1302.96
9322.88
1389.98
1276.02
13341.90
1400.95
1283.88
1288.89
1283.17
1269.10
1272.92
5435.94
1289.84
1267.91
1283.88
1273.87
1267.91
17476.08
1291.04
1273.87
1288.89
1266.96
1261.95
17467.98
1332.04
1286.98
1297.95
1275.06
1252.89
17493.01
1321.08
1302.00
1295.80
1281.02
1268.15
17481.09
1319.89
1287.94
1289.13
1274.11
1258.13
17440.08
1318.93
1285.08
1284.12
1270.06
1258.85
17415.05
1360.18
1281.98
1321.08
1399.04
1257.90
23440.84
1372.10
1288.18
1295.09
6377.94
1302.96
1291.99
7732.15
1317.98
1272.92
6370.07
1372.81
1282.93
1289.84
6418.94
1329.90
1302.96
1267.19
6398.92
1324.89
1273.87
1286.03
6420.14
1347.06
1276.97
1274.11
6480.93
1284.84
1287.94
1275.06
6484.99
1300.10
1260.04
6453.99
1363.04
1288.89
1277.92
6410.84
1383.07
1405.00
1268.86
4968.88
1345.16
1291.04
1274.11
1263.14
6415.13
1326.08
1280.07
1278.16
6461.14
1300.10
1284.12
1262.90
6484.99
1292.23
1276.97
1279.83
6475.93
1305.10
1285.79
6320.00
1353.98
4133.94
1322.03
1281.98
1276.02
6411.08
1336.81
1281.98
1264.10
5413.06
8047.82
1295.09
1270.06
9417.06
1280.07
1286.03
13445.85
1292.94
1282.93
1281.02
1276.97
1262.19
13448.00
1291.04
1276.97
9437.08
1305.10
1275.06
13492.11
1309.87
1295.80
1297.95
1265.05
1257.90
13433.93
1303.91
1283.17
9436.13
1284.12
1266.00
13458.97
1314.16
1286.98
1296.04
1271.96
1263.86
13450.86
1317.98
1304.15
9453.06
1305.82
1283.88
13466.84
1308.92
1289.84
1286.03
1265.05
1257.90
5430.94
1288.89
1281.98
1281.98
1277.92
1266.96
17457.96
1324.89
1289.13
1285.08
1272.20
1261.95
17416.00
1335.14
1284.12
1286.98
1278.88
1262.90
17414.09
1375.91
1292.94
1289.84
1276.97
1273.16
17393.11
1361.13
1294.14
1296.04
1268.15
1271.96
17405.03
1362.09
1296.04
1292.94
1285.08
1266.96
17393.11
1358.99
1282.93
1286.98
1284.12
1255.99
17381.91
1376.87
1292.94
1289.13
1277.92
1276.02
19609.93
1388.07
1312.02
1262.90
6443.98
1358.03
1287.94
5440.00
1306.06
6521.94
1299.14
1290.08
6436.11
1369.00
1302.96
1281.98
6420.14
1332.04
1286.03
1280.07
6426.10
1354.93
1302.96
1274.11
6411.08
1295.09
1274.11
1286.03
6495.00
1311.06
1266.96
1235.01
6472.11
1281.02
1285.79
6344.08
1349.21
1300.10
1266.96
6400.82
1322.03
1272.92
1290.08
6395.10
1327.04
1277.92
1280.78
6412.98
1323.94
1291.99
1278.88
6406.78
1333.95
1268.86
1250.98
6465.20
1289.13
1276.97
1274.82
6505.01
1321.79
1281.98
5050.18
1384.97
1293.90
1279.12
1283.17
6413.94
1354.93
1278.88
1271.96
6424.19
1331.09
1287.94
1275.06
6706.95
1328.95
1283.88
9352.92
1315.83
1283.88
13368.84
1358.03
1286.98
1294.85
1275.06
1255.04
17388.11
1356.84
1296.04
1304.15
1278.88
1263.86
17390.97
1363.04
1279.12
1291.99
1276.97
1267.91
17380.95
1382.83
1286.98
1284.12
1279.12
1269.10
17327.07
1408.10
1299.14
1286.98
1281.98
1262.90
1291.04
17467.02
1317.02
1333.00
1408.10
1271.96
17345.91
1404.05
1292.94
1281.98
1263.14
1291.04
1274.11
17486.10
1303.91
1289.84
1292.94
1271.01
1270.06
13472.08
1312.02
1268.86
9425.88
1306.06
1280.07
13449.91
1297.95
1291.99
1285.79
1279.12
1268.86
13442.99
1294.85
1279.83
9431.84
1307.96
1302.00
13458.01
1316.07
1286.03
1295.09
1279.12
1272.92
13454.91
1309.87
1285.08
9418.96
1317.02
1288.89
13450.86
1291.04
1280.07
1295.80
1273.87
1255.99
13448.95
1302.00
1287.94
9439.23
1301.05
1274.11
1312.02
1278.88
1263.86
1291.99
1253.13
1259.09
25496.96
1322.03
1277.92
9486.20
1322.98
1289.84
13501.88
1298.90
1286.98
1298.19
1267.91
1270.06
13485.91
1307.96
1286.03
9454.01
1302.96
1281.02
13472.08
1315.12
1273.16
1321.08
1391.17
1279.12
17483.00
1305.82
1281.02
1292.94
1291.99
1269.10
13472.08
1308.20
1268.15
9432.08
1299.14
1276.97
9434.94
1294.14
1286.98
9417.06
1299.14
1290.08
13442.04
1291.99
1296.04
1309.16
1286.03
1266.00
13442.99
1308.92
1285.08
9446.86
1312.97
1291.04
13441.09
1312.97
1284.84
1282.93
1273.16
1263.14
13459.92
1296.04
1283.17
9428.98
1298.90
1280.78
13462.07
1321.08
1288.18
1285.08
1279.12
1266.96
13473.03
1305.10
1303.20
9451.15
1307.96
1291.99
13456.11
1297.00
1281.98
1288.89
1285.79
1256.94
13455.87
1307.96
1288.18
9451.15
1297.95
1277.92
13450.15
1304.15
1286.98
1288.89
1271.96
1281.02
5410.91
1282.93
1285.08
1292.94
1279.12
1279.12
17486.10
1306.06
1273.87
1292.94
1295.80
1276.02
17467.98
1307.01
1292.94
1304.15
1275.06
1263.14
17485.14
1310.11
1286.98
1292.94
1281.98
1261.00
17479.90
1322.98
1286.98
1297.00
1281.98
1267.91
17454.86
1317.98
1291.99
1291.04
1276.02
1286.03
17416.95
1354.93
1291.04
1288.89
1296.04
1271.01
25424.00
1381.87
1302.96
9428.02
1338.01
1271.01
13461.83
1327.99
1279.12
1307.01
1268.86
1261.00
9381.06
1334.91
1299.14
1307.01
1271.01
1278.16
21407.13
1370.19
1285.08
9377.96
1351.12
1283.88
13376.95
1343.97
1290.08
1286.03
1288.89
1282.93
13382.91
1357.08
1273.87
9363.89
1338.01
1293.18
13409.14
1350.16
1284.12
1294.14
1271.96
1270.06
13378.14
1346.11
1290.08
9373.19
1353.03
1291.04
13386.96
1367.09
1286.98
1303.91
1270.06
1265.05
5351.07
1336.81
1283.88
1274.82
1291.04
1264.10
17380.00
1375.91
1279.83
1291.04
1279.12
1276.02
17358.06
1371.86
1301.05
1295.09
1293.18
1289.13
17334.94
1420.02
1299.14
1298.19
1271.96
1278.88
1265.05
17481.09
1307.01
1293.18
1277.92
1265.05
1273.16
17508.98
1312.97
1271.96
1302.00
1291.04
1267.91
17502.07
1307.01
1276.97
1291.04
1283.88
1267.91
23371.93
1342.06
1281.98
6457.81
1358.03
1279.12
1306.06
6436.11
1340.15
1301.05
1268.15
6422.04
1334.19
1286.03
1291.04
6484.99
1314.88
1283.88
1270.06
6495.95
1734.97
1321.08
6419.18
1338.01
1294.85
1273.87
6448.98
1314.16
3170.97
1321.08
1291.99
1272.92
6423.95
1327.04
1280.07
1283.17
6423.95
1313.92
1289.84
1266.96
6462.10
1313.92
1274.11
7744.07
1308.92
1291.99
1280.07
6492.14
1293.90
1292.94
6409.88
1343.01
1292.94
1294.85
6417.04
1325.13
1280.07
1293.18
6417.04
1350.16
1284.12
1274.11
6467.10
1307.01
1300.81
1286.98
6488.08
1308.20
1291.99
5161.05
6508.11
1334.19
1318.93
1281.02
6423.95
1334.91
1294.85
1290.08
6417.99
1345.87
1294.85
1278.88
6476.88
1292.94
1293.18
1285.08
6498.10
1303.20
1282.93
6369.83
1362.09
1279.12
1287.94
6409.88
1343.01
1287.94
1277.92
6527.19
1341.10
1302.00
1280.78
6487.85
1296.04
1291.99
1270.77
5029.92
1324.89
1288.89
1290.08
1275.06
6502.15
1298.90
1268.86
6384.85
1355.89
1299.86
1286.03
6422.04
1348.02
1290.08
1293.90
6431.10
1322.03
4452.94
1296.04
1282.93
6480.93
1344.20
1299.14
1278.88
6402.02
1336.10
1291.99
1276.02
6427.05
1332.04
1301.05
1273.16
6492.14
1321.08
1281.02
1305.82
6484.99
1306.06
1298.90
6366.97
1387.12
1281.02
1271.96
4500.15
1333.00
6508.83
1314.88
1270.06
6368.88
1375.91
1291.04
1305.10
6421.09
1346.11
1283.17
1272.92
5087.85
1342.06
1289.13
1296.04
1278.16
6418.94
1322.03
1271.01
1275.06
6495.95
1290.80
1278.88
1269.82
6507.87
1281.98
1263.86
1278.88
6484.03
1312.97
1266.00
6397.01
1331.81
1277.92
1271.96
6438.97
1329.90
1300.81
1277.92
6408.93
1321.79
1279.83
1286.98
6442.79
1317.98
1276.02
1278.88
6489.99
1287.94
7955.07
1349.21
1291.99
1297.95
6421.09
1327.99
1312.97
1415.01
6422.04
1341.10
1273.87
1268.86
6473.06
1312.02
1286.98
1272.92
7394.08
1294.85
1266.96
9423.97
1285.08
1271.96
13458.97
1310.83
1273.87
1289.84
1290.08
1260.04
17479.18
1302.00
1281.98
1286.98
1277.92
1265.05
17488.96
1309.87
1325.85
1407.86
1278.88
1266.96
17483.00
1318.93
1277.92
1295.09
1265.05
1262.90
17506.84
1317.02
1285.08
1299.14
1273.16
1266.96
17488.00
1325.13
1290.08
1290.08
1274.11
1272.20
17539.02
1320.12
1281.98
1293.90
1279.83
1271.96
17484.19
1322.03
1291.04
1297.95
1289.84
1278.88
13476.85
1307.01
1270.06
9439.95
1315.83
1283.88
9418.96
1296.04
1286.03
9438.99
1294.85
1279.83
9439.95
1289.13
1290.08
9449.01
1299.86
1291.04
9447.10
1291.04
1285.08
9438.04
1277.92
1280.78
9445.91
1312.97
1281.02
9438.04
1298.90
1282.93
9423.02
1297.00
1286.98
9430.89
1294.85
1287.94
9423.02
1297.95
1281.02
9429.93
1301.05
1285.08
1304.15
1260.04
1266.96
1282.93
1254.80
1303.91
17550.95
1304.86
1284.84
1299.86
1265.05
1277.92
17488.00
1302.96
1268.15
1292.94
1270.06
1263.14
17487.05
1326.08
1286.03
1303.91
1269.82
1269.82
17484.90
1309.87
1318.93
1298.19
1268.15
1276.97
17456.05
1314.88
1289.84
1302.96
1290.08
1269.82
17417.91
1340.87
1283.88
1302.00
1274.11
1271.01
17393.83
1344.92
1292.94
1286.98
1275.06
1279.83
25429.01
1382.11
1297.00
9388.92
1359.94
1287.22
13400.08
1351.12
1286.03
1285.08
1277.21
1272.92
13374.81
1361.13
1293.90
9388.92
1356.84
1278.88
