1307.96
1292.94
13501.88
1306.06
1277.21
1305.10
1274.11
1247.17
25495.05
1320.84
1274.82
13493.06
1284.12
1257.18
1288.89
1253.84
1262.90
17508.98
1310.83
1286.98
1287.94
1272.92
1266.00
13489.96
1292.94
1261.95
13488.05
1314.88
1266.00
1273.16
1250.98
1253.13
13447.05
1308.92
1281.02
13463.02
1300.10
1258.13
9441.14
1307.01
1269.10
1263.14
1247.17
1269.10
17398.12
1327.04
1269.82
1266.00
1294.14
1326.08
13365.03
1327.99
1281.02
9359.84
1339.91
1273.87
13404.85
1328.95
1273.87
1307.96
1271.01
1266.00
13363.84
1343.01
1281.98
13380.05
1359.94
1300.10
1295.09
1249.07
1247.17
13351.92
1343.01
1286.98
13391.02
1338.01
1281.02
1300.81
1286.03
1255.04
13338.09
1344.92
1268.15
13343.10
1369.95
1279.12
1286.98
1261.95
1259.09
1258.85
13450.86
1294.85
1261.00
13454.91
1288.18
1261.00
1303.91
1298.19
1268.15
13456.11
1303.91
1266.96
13458.01
1278.88
1258.85
1261.00
1263.14
1266.96
17472.03
1346.83
1507.04
1278.16
1241.92
1256.94
13455.87
1291.99
1261.00
9433.03
1294.85
1256.94
13446.09
1292.94
1257.90
1272.92
1257.90
1245.98
1266.00
1256.94
1257.18
25420.90
1369.00
1283.88
1288.89
1262.90
1285.08
13382.20
1347.06
1274.82
21429.06
1355.17
1272.92
13416.05
1331.09
1263.14
1280.07
1256.94
1258.13
25383.95
1375.91
1271.96
13407.23
1353.98
1273.87
1276.02
1271.96
1282.93
25387.05
1362.09
1260.04
13412.00
1362.09
1300.10
1294.14
1267.91
1250.98
25406.84
1379.97
1288.89
13411.05
1355.17
1311.06
1392.13
1264.10
1253.13
13379.10
1347.78
1270.06
9372.00
1351.12
1291.99
13381.00
1336.10
1291.04
1297.95
1278.16
1249.07
13345.00
1341.10
1264.10
9355.07
1334.19
1261.95
13376.95
1342.06
1266.00
1280.78
1260.04
1272.92
1241.92
13420.82
1287.94
1266.00
9430.17
1281.98
1261.95
13427.97
1301.77
1280.07
1280.07
1264.10
1249.07
13481.86
1298.90
1266.96
9448.05
1289.84
1260.04
13486.15
1291.99
1270.06
1277.92
1270.06
1260.04
18253.09
1288.89
1277.92
1262.19
1275.06
13381.96
1349.93
1312.02
9395.12
1350.88
1276.02
13377.19
1356.12
1283.17
1273.87
1255.04
1253.13
13360.98
1338.01
1297.95
9352.92
1333.00
1265.05
13346.91
1330.85
1274.11
1257.90
1260.04
1261.95
1252.89
13480.90
1293.90
1286.98
9437.08
1297.00
1259.09
13466.12
1292.94
1277.92
1277.92
1275.06
1279.83
13468.03
1298.90
1283.17
9448.05
1284.12
1281.02
13468.03
1297.00
1291.99
1279.12
1258.13
1256.94
25492.91
1323.94
1280.07
9479.05
1290.08
1270.06
13490.92
1281.02
1288.18
1255.04
1259.09
1254.08
17476.08
1288.89
1310.83
1352.07
1273.87
1268.86
17492.06
1312.02
1260.04
1291.04
1268.15
1270.06
17496.11
1316.79
1273.87
1277.92
1286.98
1269.10
17481.09
1299.86
1283.88
1286.98
1266.00
1252.89
25477.17
1312.97
1279.12
13506.89
1297.95
1259.09
1285.08
1251.94
1247.88
25486.95
1313.21
1270.06
13489.96
1311.06
1262.19
1297.00
1259.09
1274.11
25482.18
1360.18
1280.07
13509.99
1321.08
1282.93
1286.03
1256.94
1254.08
25498.15
1308.20
1283.88
13519.05
1334.19
1286.03
1294.85
1269.82
1271.96
17527.10
1334.91
1265.05
1318.93
1327.04
1259.09
17495.87
1312.02
1276.97
1271.96
1262.90
1263.14
17476.08
1320.84
1282.93
1276.97
1261.95
1255.99
17441.03
1339.91
1268.15
1281.98
1257.90
1252.89
25407.79
1375.20
1276.02
9404.90
1348.97
1275.06
13403.18
1338.96
1281.98
1271.01
1269.10
1264.10
25412.08
1384.97
1298.90
9382.96
1358.99
1297.95
9385.82
1355.89
1297.00
9445.91
1307.01
1288.18
9452.10
1312.02
1291.99
9428.98
1288.89
1267.91
9421.83
1302.96
1271.96
9420.16
1306.06
1278.88
9424.92
1293.90
1261.00
9450.91
1306.06
1271.01
9443.04
1301.05
1268.86
13453.01
1310.11
1265.05
1281.02
1259.09
1271.01
25476.93
1329.90
1281.98
13487.82
1332.04
1281.02
1278.16
1271.96
1263.86
17478.94
1302.96
1286.03
1273.87
1246.93
1257.18
17418.15
1341.10
1281.98
1270.06
1253.13
1244.07
17382.14
1360.89
1266.00
1276.97
1259.80
1246.93
17376.90
1370.91
1281.02
1261.00
1252.89
1255.99
17325.88
1409.05
1297.95
1289.13
1265.05
1258.13
1273.16
29519.08
1319.89
1287.94
1281.98
1266.96
1266.00
25491.00
1297.95
1276.02
13527.15
1327.04
1301.05
1278.88
1270.06
1267.91
17488.00
1320.12
1283.17
1273.87
1260.04
1261.00
17505.17
1304.86
1274.82
1288.89
1257.90
1255.99
17520.19
1320.12
1271.01
1266.96
1243.11
1275.06
17476.80
1291.04
1277.21
1302.00
1268.86
1262.90
17484.90
1322.98
1284.12
1272.92
1266.96
1268.15
25508.17
1326.08
1266.96
13498.07
1313.92
1266.00
1296.04
1270.06
1268.15
25473.12
1307.01
1286.03
9469.03
1302.96
1261.00
9428.98
1285.79
1271.01
9437.08
1305.10
1264.81
9418.96
1294.14
1271.96
9420.87
1336.10
1297.00
9421.83
1281.02
1260.04
9428.98
1270.06
1263.14
9402.99
1294.85
1261.00
9419.92
1290.08
1261.00
9369.85
1273.87
1236.92
9374.86
1288.89
1248.84
9322.88
1312.97
1260.04
9342.91
1318.22
1269.10
9325.03
1315.12
1269.10
9337.90
1320.84
1276.02
13360.02
1324.89
1262.90
1263.86
1248.84
1241.92
17304.90
1374.96
1276.02
1259.09
1260.04
1249.79
1250.03
17463.92
1286.98
1265.05
1267.91
1246.93
1262.90
17451.05
1297.95
1254.08
1287.94
1269.10
1250.98
17434.84
1322.98
1270.06
1277.21
1260.04
1250.98
17379.05
1338.01
1279.12
1289.13
1259.80
1251.94
17382.86
1341.10
1272.92
1272.92
1257.90
1250.03
17378.09
1362.09
1283.17
1276.97
1266.00
1261.00
1255.04
21487.00
1297.00
1276.97
1271.01
1266.96
1273.87
17488.96
1298.90
1272.20
1272.92
1267.91
1267.91
17471.08
1299.86
1276.02
1285.08
1260.04
1277.92
17466.07
1303.91
1275.06
1302.00
1264.10
1261.95
17472.03
1326.08
1279.12
1296.04
1268.86
1255.99
17434.12
1335.86
1276.97
1270.06
1260.04
1252.89
17385.01
1378.06
1279.12
1275.06
1266.00
1273.87
17376.90
1352.07
1271.01
13388.16
1359.94
1273.16
1296.04
1279.12
1259.09
21393.06
1374.01
1286.98
9387.02
1348.97
1281.98
9366.99
1347.06
1272.20
9356.98
1322.03
1268.86
9349.82
1336.10
1281.02
9356.02
1336.10
1265.05
9345.05
1352.07
1286.03
9343.15
1332.04
1267.91
9348.87
1327.04
1275.06
9335.99
1322.03
1279.12
9335.99
1328.95
1281.02
9330.99
1352.07
1295.09
9334.09
1351.83
1287.94
9306.91
1366.85
1296.04
9321.93
1364.95
1278.16
13318.06
1403.09
1286.03
1279.12
1271.96
1273.87
1264.10
25494.10
1300.10
1266.96
13453.01
1297.95
1272.92
1286.98
1258.13
1259.09
25500.06
1302.00
1271.01
13468.98
1291.99
1275.06
1282.93
1261.00
1251.94
25476.93
1322.03
1276.02
13504.98
1298.90
1264.10
1276.97
1260.04
1257.90
17463.92
1309.87
1277.92
1297.00
1261.00
1258.85
21482.94
1309.87
1278.88
13479.95
1324.18
1286.98
1287.94
1254.08
1270.06
25470.02
1318.22
1284.12
13480.90
1301.05
1276.02
1273.87
1271.01
1270.06
25488.85
1334.91
1277.92
13504.03
1312.02
1276.02
1277.21
1262.90
1271.01
25511.98
1329.90
1269.10
13494.97
1307.01
1280.07
1287.94
1266.00
1273.87
17503.98
1312.97
1286.98
1291.99
1270.06
1266.00
17492.06
1318.93
1277.92
1279.83
1282.93
1277.92
17456.05
1326.08
1282.93
1286.03
1274.11
1264.10
17393.11
1344.92
1291.99
1279.83
1269.10
1258.13
25393.01
1378.06
1301.05
9413.00
1341.10
1287.94
13393.88
1353.98
1277.92
1276.97
1265.05
1263.86
25414.94
1375.91
1298.90
9394.17
1342.06
1281.98
9392.02
1343.97
1290.08
9370.09
1337.05
1289.84
9374.86
1318.93
1271.96
9373.19
1333.00
1292.94
9362.94
1345.87
1293.90
9354.83
1336.10
1286.03
9361.03
1331.81
1271.96
9361.98
1326.08
1271.96
9351.97
1337.05
1281.98
13388.87
1326.08
1277.92
1283.88
1278.88
1274.82
25403.02
1370.19
1291.99
13408.90
1358.99
1291.04
1286.98
1266.00
1269.10
17397.88
1363.99
1291.99
1286.98
1286.03
1260.04
17389.06
1363.04
1291.99
1286.98
1269.82
1279.83
17382.86
1376.15
1278.88
1287.94
1269.82
1281.02
17344.00
1413.11
1293.18
1288.89
1278.88
1274.82
1252.89
17485.86
1308.92
1294.85
1291.99
1265.05
1266.00
29532.19
1317.98
1297.95
1279.83
1272.92
1255.99
25509.12
1302.00
1276.97
13488.05
1299.86
1278.88
1277.92
1262.90
1257.90
17499.92
1306.06
1271.96
1290.08
1275.78
1262.90
17485.86
1301.05
1285.08
1273.87
1276.97
1261.95
17487.05
1319.17
1291.04
1291.99
1272.92
1266.96
17493.01
1309.87
1266.00
1291.04
1262.90
1272.20
25491.95
1311.06
1279.12
9459.97
1312.02
1280.78
13483.05
1315.12
1282.93
1301.05
1262.19
1263.14
25504.11
1334.19
1294.14
9464.98
1298.90
1278.88
9459.97
1287.94
1253.13
9433.98
1286.03
1280.07
9445.91
1296.04
1282.93
9430.17
1299.14
1282.93
9431.84
1302.00
1276.97
9418.96
1291.04
1274.82
9418.96
1279.12
1271.01
9419.92
1287.94
1269.10
9460.93
1279.12
1272.20
13449.91
1302.00
1277.21
1280.07
1273.16
1250.03
25499.11
1307.01
1284.12
13490.92
1303.91
1270.06
1296.04
1289.13
1271.96
17489.91
1304.86
1289.84
1291.99
1263.14
1281.98
17500.88
1327.04
1289.13
1281.98
1259.80
1257.90
17498.02
1312.02
1288.89
1282.93
1273.16
1275.06
17462.02
1307.96
1264.10
1281.02
1250.03
1258.85
17406.94
1343.01
1271.96
1271.96
1261.95
1257.90
29425.14
1365.90
1282.93
17425.06
1364.95
1291.04
9388.92
1344.92
1279.83
13412.00
1346.11
1281.02
1282.93
1263.86
1251.94
17395.02
1345.16
1271.96
1280.07
1271.01
1258.13
17400.98
1358.99
1298.90
1288.89
1263.86
1267.91
17383.10
1348.97
1287.22
1271.96
1266.96
1262.19
17386.91
1376.15
1272.92
1297.00
1286.98
1272.92
17311.81
1419.07
1303.91
1294.14
1275.06
1273.87
1262.90
25508.88
1306.06
13325.93
1446.01
1284.84
1298.90
1281.02
1268.86
1265.05
25490.05
1305.82
9304.05
1426.94
1279.12
9306.19
1393.08
1293.18
9299.99
1379.97
1284.12
9325.98
1389.03
1291.99
9294.03
1393.08
1276.02
1277.92
9402.04
1300.10
1269.10
9400.13
1288.18
1266.00
9421.83
1287.94
1264.81
9418.01
1285.08
1277.21
9431.12
1297.95
1264.81
9407.04
1292.94
1272.20
9421.11
1289.13
1283.88
9425.88
1304.86
1272.92
9428.98
1289.13
1276.02
9444.00
1311.06
1271.01
13447.05
1292.94
1276.02
1290.08
1263.14
1275.06
17480.13
1296.04
1285.79
1281.98
1264.81
1259.09
17475.13
1315.12
1271.96
1289.84
1260.04
1274.11
17476.08
1312.02
1290.08
1297.00
1262.90
1261.00
17458.92
1317.02
1278.88
1295.80
1270.06
1274.11
17424.11
1339.20
1295.09
1291.99
1281.98
1259.09
17408.13
1357.79
1285.08
1280.07
1273.16
1272.92
17404.08
1377.11
1281.98
1281.98
1266.96
1269.10
17404.08
1358.03
1271.96
13392.93
1348.97
1269.10
1279.12
1272.92
1261.00
17419.10
1348.97
1279.12
1277.92
1270.06
1265.05
17358.06
1360.89
1286.98
1289.13
1281.98
1268.86
1261.95
17440.08
1291.04
1277.92
1274.11
1260.04
1260.04
17482.04
1297.95
1276.97
1297.95
1264.10
1264.10
17468.93
1301.77
1269.10
1286.03
1259.09
1261.00
17453.91
1309.87
1273.87
1291.99
1266.96
1255.99
17446.04
1317.02
1284.84
1312.02
1276.02
1258.85
17395.97
1342.06
1286.98
1286.98
1272.92
1271.01
17408.85
1343.97
1299.86
1299.86
1263.86
1261.00
17394.07
1364.95
1278.16
1288.18
1271.01
1273.16
17394.07
1353.98
1279.12
1281.98
1277.92
1256.94
17354.97
1373.05
1279.83
1284.84
1278.88
1283.88
17328.02
1435.04
1290.80
1281.02
1271.01
1276.97
1271.01
17504.93
1303.20
1290.08
1284.12
1271.01
1273.87
17495.87
1307.96
1276.97
1301.05
1259.09
1269.10
16650.20
1307.01
1279.83
16819.00
1372.81
1291.99
1270.06
17181.87
1299.86
1285.08
21647.93
1409.05
1285.08
1289.84
11516.81
1351.12
1289.13
12762.07
1348.97
1302.96
1284.12
11600.02
1312.97
1288.18
1316.07
11561.87
1308.92
1274.82
11497.02
1352.07
1286.98
1292.94
11491.06
1331.09
1274.11
7632.02
1339.91
1287.94
1273.16
11585.00
1314.88
1305.82
1271.96
16661.17
1317.98
1276.97
16584.87
1376.87
1308.92
1277.92
16601.09
1363.04
1290.08
1280.07
16621.11
1341.10
1282.22
1276.02
17960.07
1307.96
1286.03
1308.92
1270.06
1281.02
25516.03
1321.08
1276.02
13486.86
1316.07
1283.88
1286.98
1261.95
1269.10
25516.99
1316.07
1287.94
9479.05
1295.09
1283.17
9469.99
1304.86
1273.87
9438.04
1282.93
1307.01
1396.18
1297.95
9320.02
1369.95
1276.97
1276.02
9410.14
1290.08
1264.10
9413.00
1301.05
1286.03
9419.92
1294.85
1291.04
9416.10
1286.03
1276.97
9428.02
1288.18
1266.00
9414.20
1297.00
1272.92
9440.18
1290.08
1275.06
9413.96
1305.10
1275.06
9409.90
1291.04
1271.96
9420.16
1288.18
1282.93
13449.91
1288.89
1273.87
1282.93
1254.08
1261.95
17479.18
1312.02
1270.77
1293.90
1261.95
1265.05
17476.08
1300.10
1279.12
1284.12
1261.95
1255.99
17460.11
1313.92
1279.83
1276.02
1273.16
1264.10
17399.07
1340.87
1282.93
1287.94
1278.16
1266.96
17378.09
1341.10
1275.06
1276.02
1260.04
1268.15
17400.98
1357.08
1279.12
1276.97
1281.98
1255.99
17368.08
1355.17
1277.92
1276.97
1266.00
1266.96
17327.79
1403.09
1309.16
13369.08
1373.05
1291.99
1298.90
1275.78
1261.00
1258.13
17461.06
1297.00
1284.12
1279.12
1266.00
1257.90
17465.83
1306.06
1279.12
1302.00
1261.00
1256.94
17483.95
1297.00
1271.01
1291.04
1271.96
1270.06
17474.17
1297.95
1270.06
1302.00
1266.00
1276.97
17454.15
1320.12
1271.96
1295.09
1271.96
1271.01
17414.09
1328.95
1275.06
1293.18
1257.90
1267.91
17410.04
1347.06
1301.05
1306.06
1267.91
1265.05
17410.99
1351.12
1276.97
1289.13
1275.06
1266.96
17392.16
1353.98
1288.89
1282.93
1282.93
1264.10
17400.03
1354.93
1278.88
1288.89
1291.99
1266.96
17371.89
1390.93
1282.93
1287.22
1287.94
1276.97
17344.95
1416.92
1297.00
1291.99
1275.06
1269.10
1261.00
17473.94
1296.04
1287.94
1292.94
1264.81
1266.00
17488.96
1295.09
1271.01
1283.17
1261.95
1255.04
16184.09
1294.14
1250.98
1252.89
1295.09
1249.07
1245.98
29197.93
1314.88
1267.91
1268.86
16697.88
1297.95
1268.15
16311.88
1418.11
1279.12
1280.07
16063.93
1382.11
1284.84
1271.01
1255.99
23942.95
1312.02
1277.92
13463.02
1290.80
1277.92
1279.83
1259.09
1269.10
25501.01
1309.87
1273.87
13484.00
1295.09
1273.16
1280.07
1264.10
1260.04
17505.88
1307.01
1281.98
1281.98
1266.00
1271.96
17488.00
1317.02
1277.92
1276.97
1261.95
1266.96
17486.81
1305.10
1271.01
1289.13
1276.02
1256.94
17462.02
1317.02
1294.14
1278.88
1257.90
1274.82
25432.83
1351.12
1285.08
9472.13
1311.06
1272.92
13487.10
1313.92
1295.09
1280.07
1271.01
1267.91
25480.03
1343.97
1277.92
9449.01
1326.08
1271.96
9439.95
1295.09
1279.12
9432.08
1289.84
1286.98
9449.01
1307.96
1269.82
9438.04
1312.02
1274.82
9438.04
1298.19
1275.06
9459.97
1298.90
1273.87
9425.88
1297.95
1280.07
9432.08
1300.81
1280.07
9433.03
1293.90
1275.06
13470.89
1310.11
1269.10
1284.12
1264.10
1257.18
29532.91
1322.03
1290.08
1290.08
1270.06
1266.96
17508.98
1316.07
1286.98
1278.88
1266.96
1262.19
17512.08
1303.91
1282.93
1285.08
1284.12
1273.16
17518.04
1305.82
1269.10
1276.97
1264.81
1266.96
17484.19
1326.08
1273.16
1293.90
1276.02
1276.97
17452.00
1325.13
1275.06
1293.18
1270.06
1266.00
17403.13
1346.83
1280.07
1291.04
1273.16
1276.02
17385.96
1358.03
1271.96
1296.04
1266.00
1273.87
17400.98
1355.89
1291.04
1281.98
1269.10
1258.13
25422.10
1380.21
1291.04
9382.01
1353.03
1297.00
9361.98
1339.91
1280.07
9346.96
1342.06
1276.97
9356.02
1343.01
1294.14
9369.13
1342.06
1277.92
9346.01
1331.09
1287.94
9344.10
1332.04
1283.88
9338.86
1328.95
1272.92
9353.88
1329.90
1289.84
9365.80
1341.10
1282.93
9348.87
1337.05
1271.96
9340.05
1333.95
1286.98
9351.02
1334.19
1285.08
9341.00
1337.05
1282.93
9355.07
1328.95
1279.12
13369.08
1357.08
1286.03
1281.98
1268.15
1275.06
1259.09
17462.02
1297.95
1273.87
1295.09
1278.88
1262.90
17483.00
1308.92
1269.82
1286.03
1263.14
1266.00
17503.02
1299.86
1426.94
1330.85
1263.86
1278.88
17484.90
1308.92
1286.03
1293.18
1276.02
1261.00
17482.04
1324.18
1277.92
1278.88
1263.86
1266.96
17492.06
1319.89
1281.02
1312.02
1282.22
1260.04
17506.12
1316.07
1279.83
1293.90
1264.10
1270.06
21515.85
1317.98
1290.08
1283.88
1267.91
1257.18
1271.01
1270.06
1282.22
13386.96
1344.92
1287.94
1280.07
1276.02
1269.10
1279.12
1271.96
1257.90
13360.02
1338.96
1271.01
1286.98
1262.90
1263.86
1279.83
1271.01
1273.16
1261.00
13438.94
1301.05
1271.96
1297.00
1260.04
1252.89
1283.88
1256.94
1261.95
13443.95
1291.04
1284.12
1290.08
1261.00
1271.01
1275.06
1266.96
1269.10
13352.87
1330.14
1279.12
1278.88
1266.00
1272.20
1279.12
1261.95
1260.04
13328.08
1348.97
1274.82
1280.07
1281.98
1274.82
1253.84
1272.92
1263.86
1257.90
13441.09
1292.94
1280.07
1291.99
1276.97
1261.95
1272.92
1278.16
1267.19
21392.11
1343.97
1298.90
9422.06
1317.98
1282.93
9432.08
1310.83
1279.12
9428.98
1303.91
1279.83
9418.01
1301.05
1294.85
9430.89
1297.00
1266.00
9405.85
1303.91
1266.96
9413.00
1297.00
1268.86
9421.83
1301.05
1283.17
9414.91
1296.04
1286.98
9414.91
1300.81
1277.92
9421.83
1308.92
1268.86
9437.80
1301.05
1269.10
9448.05
1292.94
1279.12
9431.12
1301.05
1282.93
9444.24
1297.95
1277.92
5448.10
1288.89
1264.10
1284.12
1278.16
1272.20
21467.92
1332.04
1281.02
9449.01
1307.96
1277.92
9450.91
1317.02
1276.02
9437.80
1292.94
1266.96
9435.89
1300.81
1288.89
9431.84
1302.00
1269.10
9422.06
1287.94
1269.10
9433.98
1303.91
1291.99
9422.06
1306.06
1279.12
9441.14
1302.00
1277.21
9438.99
1307.01
1281.98
9445.91
1288.89
1261.00
9418.01
1294.85
1272.92
9424.92
1289.84
1267.91
13440.13
1298.19
1275.06
1286.03
1259.09
1266.00
1287.94
1260.04
1274.11
5400.90
1290.08
1265.05
5367.99
1307.96
1276.97
9369.13
1312.97
1271.01
1297.00
1264.81
1273.87
1278.88
1261.00
1264.10
13355.97
1331.09
1269.10
1274.11
1269.10
1271.01
1271.01
1266.00
1258.13
1259.09
13430.12
1286.98
1265.05
1280.07
1266.00
1265.05
1282.93
1281.02
1264.10
13426.07
1297.95
1271.96
1286.98
1266.96
1261.00
1265.05
1261.00
1263.14
13361.93
1342.06
1285.08
1292.94
1272.92
1269.10
1273.87
1273.16
1262.19
13318.06
1378.06
1269.82
1282.93
1282.93
1255.99
1265.05
1283.88
1267.91
1258.85
13432.98
1294.85
1267.91
1284.12
1261.95
1265.05
17462.97
1302.00
1286.98
1302.96
1264.10
1257.90
17415.05
1341.82
1270.06
1291.99
1263.86
1273.87
17396.93
1356.84
1286.03
1286.98
1275.06
1277.92
17398.83
1369.95
1286.98
1289.13
1260.04
1258.85
17390.01
1360.18
1286.03
1291.04
1287.94
1254.80
17366.89
1367.09
1275.06
1280.07
1264.10
1275.06
17339.94
1407.15
1309.16
1291.04
1285.08
1266.00
1255.99
25490.05
1307.96
13331.89
1415.01
1297.00
1281.98
1281.02
1273.16
1255.99
25492.91
1318.93
13307.81
1437.90
1298.90
1284.12
1287.94
1261.95
1271.96
25507.93
1295.09
1264.10
13461.11
1303.91
1304.15
1268.15
1270.06
1255.04
25497.91
1315.83
1294.85
13468.98
1290.80
1289.84
1266.96
1256.94
1279.12
1284.12
1261.00
1261.95
21507.98
1309.16
1276.97
9467.84
1302.00
1290.08
9447.81
1301.05
1266.96
9442.09
1306.06
1282.93
9430.17
1300.10
1265.05
9444.00
1296.04
1273.16
9428.02
1295.80
1283.88
9425.88
1289.84
1272.92
9419.92
1281.98
1264.10
9422.06
1281.02
1274.82
9409.90
1286.98
1280.07
9433.03
1297.00
1269.82
9408.95
1281.98
1286.98
9435.89
1284.84
1266.00
9419.20
1286.03
1263.14
9408.95
1296.04
1270.06
1303.20
1264.10
1263.14
1266.96
1266.96
1260.04
17419.82
1312.97
1277.92
1294.14
1270.06
1278.88
17374.99
1346.11
1286.98
1280.07
1276.02
1269.10
17370.94
1348.97
1283.88
1282.93
1262.19
1256.94
17371.89
1350.88
1281.02
1297.95
1266.96
1260.04
17380.00
1366.14
1275.06
1275.78
1262.90
1269.82
1261.95
17464.16
1303.20
1296.04
1295.09
1268.86
1263.86
17469.88
1300.10
1301.05
1289.13
1275.06
1262.19
21546.13
1316.07
1291.99
17486.10
1299.14
1274.11
1279.12
16680.96
1312.97
1310.11
16524.79
1444.10
1296.04
1300.81
15290.98
1371.86
1312.97
1279.12
1276.97
15242.10
1709.94
1630.78
1624.11
1623.15
25856.02
1647.95
13782.02
1713.04
1654.86
1621.96
1605.99
25624.99
1329.90
1276.02
9456.16
1302.00
1271.96
9459.02
1291.99
1277.21
9431.12
1292.94
1291.04
9427.07
1304.15
1291.99
9422.06
1284.84
1275.06
9420.16
1297.95
1268.86
9413.96
1357.08
1287.94
1274.11
1264.10
1261.95
1276.97
1261.00
1256.94
25460.00
1317.02
1275.06
9425.88
1303.91
1261.00
9432.08
1295.09
1275.06
9424.21
1296.04
1283.88
9414.91
1297.00
1270.06
9413.96
1288.18
1280.07
13446.09
1304.15
1262.19
1275.06
1259.09
1254.08
17390.01
1349.93
1288.89
1291.04
1277.92
1271.96
17399.07
1349.21
1288.89
1276.97
1279.12
1275.06
17380.00
1348.02
1288.89
1287.94
1280.07
1268.86
17389.77
1363.04
1289.84
1290.08
1276.97
1284.84
17380.95
1356.84
1298.90
1281.02
1266.00
1258.85
17332.08
1397.85
1282.93
1305.82
1262.90
1269.82
1270.06
17481.09
1302.00
1279.83
1273.87
1268.86
1259.09
29515.98
1316.07
1276.02
1281.98
1258.85
1277.92
25513.89
