1031.16
25076.87
983.95
964.16
971.08
959.16
970.13
983.95
983.00
17122.03
999.93
998.02
972.99
1011.13
999.93
1023.05
991.11
25104.05
1021.15
1029.97
1029.01
1012.09
1015.90
1014.95
29047.97
1065.02
1030.92
1018.05
1021.15
1019.95
1019.95
1017.09
1009.94
1010.89
1000.17
1017.09
25117.16
1035.93
1026.87
1028.06
1005.17
1024.01
1012.09
1014.95
1013.04
1010.89
1001.83
1010.89
45115.95
1034.02
1013.99
1463.89
949.86
948.91
966.07
29026.99
1038.07
998.02
1013.04
1002.79
988.01
995.16
972.99
964.88
948.19
963.93
981.09
25016.07
1072.17
1017.09
1001.12
985.86
968.93
962.02
960.83
972.03
975.13
951.05
964.88
36998.99
1070.02
1021.86
1025.92
1002.07
944.14
942.95
946.04
25002.00
1033.78
977.04
977.04
967.03
974.89
1004.22
997.07
997.07
999.93
1009.94
1001.12
33039.09
1055.96
1013.04
1005.89
997.07
998.97
1021.15
1002.07
21043.06
1065.97
1016.14
1013.99
1015.90
1021.86
1015.90
1020.19
25101.90
1036.88
1018.05
1024.01
1012.09
1006.13
1001.12
1003.98
29080.15
975.13
959.87
951.05
971.08
954.15
955.10
950.10
938.89
988.01
990.15
997.07
25054.93
1057.86
1003.03
1008.99
989.91
989.91
986.10
988.01
1011.85
994.92
1001.83
998.97
29097.08
1044.99
1019.00
1009.94
1015.19
1008.03
1013.99
1013.99
25116.92
1035.21
1023.05
1002.07
1008.03
995.16
1000.88
990.87
29078.96
986.81
968.93
967.98
980.85
972.99
966.07
967.98
25074.96
980.85
966.07
959.87
963.93
962.97
953.91
962.02
967.03
1043.08
1003.98
1008.99
25133.13
989.91
977.99
983.00
986.10
993.01
983.00
983.00
25085.21
988.01
980.85
978.95
949.14
1002.07
992.06
998.97
1022.10
1014.95
1019.00
1015.19
33101.08
992.06
970.13
979.90
971.08
962.97
965.12
972.03
21038.06
995.87
992.06
977.99
1005.89
986.81
972.99
972.03
25103.09
1021.15
1001.12
1002.07
966.07
971.08
972.03
968.22
41120.05
1020.91
1013.99
932.93
1030.92
1014.23
1013.99
1016.14
1003.03
1006.13
1002.07
1002.07
25107.15
1050.95
1268.86
1041.89
1031.88
1029.97
1029.01
21099.09
1011.13
985.15
971.08
983.00
970.13
967.98
973.94
975.13
945.09
947.95
959.87
25008.92
1045.23
982.05
987.05
981.09
1003.98
1008.03
1014.95
21045.92
1072.88
1023.05
1015.90
1026.15
1013.99
1011.85
1022.10
1008.03
1030.92
1033.07
1032.11
25130.03
1038.79
1006.84
1015.19
1031.88
1013.04
1012.09
1034.98
21081.92
1028.06
1007.80
1015.90
963.93
977.99
987.05
992.77
993.01
996.11
1003.03
25010.11
1071.93
1021.86
998.97
1047.13
1029.97
1006.84
1024.01
21059.04
1052.14
1028.06
1009.94
1024.96
1007.08
1010.18
1010.89
998.02
991.11
1002.07
1005.89
25110.96
1040.22
1024.96
1010.18
1011.13
982.05
983.00
985.15
21103.14
992.06
976.09
970.13
980.14
989.91
989.91
990.87
992.77
983.00
976.09
993.97
25074.96
1004.93
988.01
976.09
1001.12
972.99
969.89
974.18
21076.92
1036.88
1018.05
1018.05
1029.01
1014.95
1013.99
1014.95
9130.00
1047.85
1037.84
1040.94
1034.02
1036.17
1034.98
17081.02
1075.98
1043.08
1105.07
1037.12
1024.01
1022.82
1024.01
25111.91
1009.94
989.91
982.05
957.97
969.89
962.02
981.09
986.10
972.99
974.18
974.89
25080.92
1009.94
988.96
986.81
989.91
961.78
956.06
958.92
25029.18
993.01
968.93
965.12
962.02
953.91
962.02
960.83
974.89
965.83
1518.96
1025.92
21078.82
980.85
962.97
960.11
977.04
967.03
957.01
959.16
25140.05
1044.99
1021.86
1026.15
981.09
966.07
957.97
965.83
988.96
964.16
957.01
952.96
21080.97
976.80
975.85
978.95
961.07
952.01
948.91
948.19
24996.04
1021.15
991.11
970.13
987.05
978.95
974.89
969.89
962.97
956.06
982.05
969.17
21022.08
1018.05
985.15
962.02
973.94
1011.85
1010.89
1024.01
25066.85
1032.11
998.97
977.04
973.94
1019.95
1019.95
1011.13
1027.11
1004.93
1005.89
1023.77
21095.04
1022.10
1000.17
995.87
1015.19
998.02
992.06
1000.88
25115.97
1013.99
996.11
986.10
987.05
991.11
972.03
969.17
945.09
1007.08
1006.13
995.87
21127.94
1017.09
1019.00
1001.83
1003.98
1020.91
1011.85
1020.91
25133.13
1034.98
1024.96
1022.10
1004.93
1021.86
1006.84
1017.81
1019.00
1015.90
1008.99
21048.07
1066.92
1004.22
999.93
996.83
996.83
978.95
990.15
25029.90
1046.90
1016.86
999.93
1008.03
1008.03
999.93
1005.17
994.92
977.99
980.14
986.10
17050.98
1055.96
1012.09
1003.98
1014.95
1006.13
1002.07
1006.13
25104.05
1023.05
1008.03
1001.83
1008.99
1001.12
998.97
1002.07
1000.17
1022.10
1012.09
1012.09
25118.11
1024.96
995.87
994.92
998.02
1000.88
1001.12
978.95
17065.05
990.87
974.89
972.03
971.08
963.93
963.93
965.12
1005.17
977.99
985.15
967.98
25081.87
1011.85
1005.89
1003.03
1005.89
992.06
986.10
986.10
25089.03
1013.99
1006.13
984.91
993.97
983.95
992.06
986.10
973.94
955.82
952.96
954.15
25088.07
1011.13
998.97
993.01
1011.85
1004.93
993.01
993.97
9107.11
1024.01
1015.19
1022.10
1029.01
1008.99
1011.85
1011.85
986.81
987.05
984.91
25005.82
1075.98
1002.07
1002.07
993.01
975.85
970.84
975.85
20990.85
1040.94
983.95
972.03
970.13
983.00
991.82
984.91
989.20
994.92
975.85
979.90
975.13
25074.96
989.91
987.05
978.95
991.11
977.04
968.93
962.97
977.04
970.13
974.18
972.99
25086.16
1001.12
988.96
975.85
985.86
975.85
971.79
973.94
25083.07
990.15
977.99
979.90
1015.19
988.96
977.99
972.99
982.05
980.85
965.83
969.89
37078.14
1038.07
1019.95
1019.00
1027.11
1012.09
1017.09
1014.95
21119.12
1027.11
1020.19
1035.93
1011.85
1016.86
1014.95
17048.12
1053.09
1001.12
996.11
1004.93
990.87
985.86
984.91
25025.13
1042.13
1009.94
1016.86
1008.99
1015.19
1019.95
1002.07
1005.89
1026.15
1031.16
1023.05
49108.03
1034.02
995.87
988.01
999.93
965.83
967.98
960.11
967.98
962.97
954.87
959.87
29011.96
1086.00
1041.89
1041.17
1017.09
964.88
958.92
963.21
29032.95
1058.82
1024.01
1019.00
1003.03
962.02
981.09
972.99
993.97
982.05
984.91
986.10
25048.02
1042.84
1010.89
1003.03
1023.05
1013.99
995.87
1005.89
1008.03
948.91
952.01
951.05
33077.00
1037.12
1018.05
1015.90
1032.11
1013.99
1024.01
1006.13
25124.07
1040.94
1033.07
1030.92
1036.17
1034.02
1032.11
29065.13
1086.00
1036.88
1039.03
1025.92
958.92
962.02
960.11
17003.06
1036.17
973.94
967.98
959.16
981.09
983.00
977.99
21000.86
1075.98
1029.01
1014.95
1026.15
1015.90
1010.89
1012.09
25053.02
1062.87
1013.99
1015.19
1020.91
1016.14
1011.13
1016.14
21100.04
988.01
970.13
978.95
986.81
973.94
981.09
978.95
17091.99
989.20
971.08
962.97
974.89
962.97
973.94
971.08
33040.05
1054.05
1004.93
998.02
998.97
1018.05
1024.01
1013.04
1037.12
1013.99
1013.99
1013.04
25115.97
1036.88
1019.00
1017.09
1031.88
1021.15
1014.95
1013.99
1017.09
1024.96
1018.05
25053.98
1053.81
999.93
987.77
994.92
981.81
977.99
973.94
25009.87
1038.07
983.95
972.99
969.89
972.03
961.07
963.93
962.97
21100.04
1017.81
1018.05
1018.05
1017.09
1003.03
1008.03
25036.81
1055.00
1012.09
1008.99
1014.95
1003.03
1005.89
1002.79
17061.00
1074.08
1032.83
1039.03
1036.88
1011.85
1020.91
1011.85
17117.02
993.97
984.19
972.99
985.15
1051.90
1034.98
1034.02
25125.98
1036.88
1024.96
1018.05
999.93
1011.85
1016.86
1041.89
1021.15
1027.11
1022.10
25053.02
1075.03
1044.03
1023.05
1044.03
1036.17
1040.94
1037.84
33121.82
1028.06
1017.09
1003.03
1016.14
1019.00
1025.92
1021.86
1025.92
1021.86
1021.86
1022.10
25110.01
1044.03
1029.01
1029.01
1020.19
1015.90
1024.01
1012.09
991.11
997.07
998.97
33033.85
1080.04
1029.01
1011.13
1017.09
1013.99
1015.19
1013.04
25063.99
1043.08
1030.92
1014.95
1028.06
1003.03
1017.09
1022.10
1018.05
995.16
988.01
985.15
33077.00
998.02
988.96
975.13
996.11
987.05
992.06
993.01
29103.04
974.89
966.79
962.02
967.98
966.07
962.97
957.01
967.98
1003.98
999.93
1003.98
25094.99
1022.82
1003.03
1008.03
1014.95
1011.85
1004.93
998.02
1010.89
997.07
988.01
999.93
29068.95
977.99
966.07
967.03
973.94
968.93
962.02
956.06
25094.99
1033.07
1034.02
1022.10
972.99
958.92
974.89
967.03
29081.82
984.91
964.88
970.84
976.80
957.97
962.97
962.02
21072.15
983.00
959.16
965.12
976.09
961.07
959.16
952.01
21013.02
1079.08
1046.90
1035.93
996.11
972.99
980.85
975.85
25095.94
1039.98
1008.99
998.97
1015.90
1009.94
1003.98
994.92
21090.98
983.95
965.83
958.92
975.13
972.03
965.12
959.16
17065.05
1018.05
996.11
983.00
993.97
983.95
978.95
970.13
29061.08
1023.05
999.21
994.92
1008.03
997.07
993.97
997.07
990.15
972.03
997.07
988.96
25129.08
1028.06
1023.05
1002.07
972.03
997.07
993.97
996.11
1001.12
1007.08
1009.94
999.93
29106.14
1015.90
993.01
976.09
983.00
969.89
968.22
962.97
25068.04
972.99
958.92
958.92
974.89
953.20
957.01
957.97
29109.95
1046.90
1034.02
1014.95
1029.01
1038.07
1041.89
1038.07
25114.06
1041.89
1013.04
1017.81
1008.99
1015.19
994.92
1003.03
1026.87
1027.82
1031.88
25058.03
1045.94
988.96
984.91
966.79
1015.90
1003.98
999.93
25039.91
1050.95
1001.12
984.91
981.81
962.02
972.03
980.14
986.10
985.15
988.01
1000.17
33056.97
1080.99
1044.99
1040.94
1027.11
1027.11
1020.91
1029.01
21126.99
1050.95
1044.03
1037.12
989.20
957.97
963.21
955.10
24098.87
1036.88
1008.99
1011.13
998.02
1003.03
986.81
989.91
985.15
29134.04
1040.22
1034.98
1029.01
1030.92
1024.01
1025.92
1021.15
997.07
992.06
992.06
25026.80
1033.07
983.95
972.99
960.11
953.91
959.87
964.88
972.99
966.07
970.13
972.99
29016.02
1035.93
990.15
987.05
985.15
986.10
986.10
977.99
25003.91
1114.13
1043.08
1029.97
1025.20
1035.93
1044.03
1034.98
29083.97
1081.94
1028.06
1022.82
1035.93
1029.01
1021.86
1023.77
25102.85
995.87
973.94
974.18
961.07
1011.13
1015.90
1010.89
1019.00
1012.09
1005.89
1015.90
25119.78
1023.05
1019.95
1019.95
1015.90
1018.05
1015.90
25066.85
1066.92
1015.19
1009.94
1009.23
999.93
1003.03
1003.03
25026.08
1040.94
1007.08
1000.88
999.21
982.05
989.91
984.91
994.21
1024.01
1016.14
1016.14
25060.89
1030.92
986.10
981.09
991.11
975.13
966.07
972.99
13014.08
1024.01
983.95
979.90
980.14
983.00
991.11
987.05
1000.17
998.97
989.91
995.16
25043.01
1039.03
1003.03
997.07
1010.18
983.95
1001.83
993.01
21037.10
1032.11
1008.03
997.07
993.01
993.97
985.15
996.11
977.04
998.02
997.07
1010.89
25103.09
1031.16
1008.99
1004.93
1005.17
977.04
989.91
972.99
21106.96
1030.21
1014.95
1018.05
1024.01
1013.99
1011.85
1012.80
17077.92
971.79
966.79
963.93
9101.15
1026.15
1008.03
1014.95
977.99
972.99
982.05
974.89
25094.99
993.97
984.19
974.89
988.01
977.99
971.08
971.08
25077.10
992.06
981.09
972.99
985.86
971.08
969.89
970.84
979.90
975.13
977.04
970.13
17072.92
983.00
967.98
965.83
967.03
962.02
955.10
959.16
25053.02
992.06
970.84
962.02
979.90
952.96
957.97
966.07
29022.22
1052.14
1008.99
1004.93
993.97
992.06
997.07
989.20
25059.94
1014.95
1003.03
993.97
1002.07
1007.08
995.16
1003.98
981.09
1026.15
1012.09
1016.86
25108.81
993.97
971.08
965.83
995.87
1029.97
1035.93
1032.83
25099.99
988.01
973.94
965.12
1043.08
1024.01
1029.01
1026.87
1034.98
1019.95
1027.82
33041.95
1048.09
983.95
983.95
983.95
974.89
998.02
988.96
21008.97
1051.90
983.00
978.95
992.06
952.96
955.82
964.16
972.99
25089.98
997.07
979.90
979.90
989.91
976.09
981.09
974.18
29100.89
1024.96
1010.18
1014.95
1012.09
1010.18
1011.13
1010.89
960.83
962.97
962.97
958.92
25111.91
1019.95
1008.03
1019.95
975.13
968.93
968.93
967.98
33088.92
999.93
997.07
996.83
999.21
992.06
983.00
17024.04
1050.95
993.01
988.01
993.01
988.01
983.00
986.10
21018.03
1039.98
993.97
998.97
1007.08
993.01
996.11
993.97
17034.05
1038.07
993.01
1000.17
993.97
992.06
988.96
992.06
33027.17
1042.13
989.91
986.10
974.18
966.07
966.07
967.03
982.05
966.79
978.95
974.18
24988.89
1034.02
986.10
988.96
993.97
993.97
985.15
983.00
993.01
957.97
952.96
953.91
947.95
25126.93
1024.96
999.93
989.91
1015.19
1015.90
1004.93
25034.90
1055.00
995.87
994.92
998.97
1039.98
1016.14
1019.95
17114.88
1049.04
987.05
975.13
981.09
978.95
983.00
972.03
25003.19
1024.96
983.95
979.19
986.10
969.89
967.03
971.08
21004.92
1049.04
1010.18
998.97
1023.05
1002.07
1005.17
998.97
25043.01
1041.89
991.11
984.91
972.99
987.05
980.14
982.05
29021.02
1034.02
1004.93
1002.07
1015.19
998.97
1007.08
1004.22
1009.94
1038.79
1029.97
1033.07
25118.11
1050.00
1034.98
1031.16
1008.03
970.13
967.98
962.97
987.05
972.03
967.98
961.78
29065.85
984.91
978.23
962.97
975.13
964.16
959.87
954.87
25013.92
1061.92
994.92
992.06
993.97
950.10
957.01
957.01
21014.93
1080.04
1046.90
1024.01
1011.85
953.91
953.91
952.01
25010.82
1048.09
1001.12
992.06
984.91
967.98
960.11
957.01
21005.87
1037.84
990.87
979.90
967.98
957.97
954.15
952.01
32994.99
1067.88
1024.96
1020.19
1028.06
1020.91
1024.01
1018.05
21073.10
1055.96
1016.14
1013.99
1005.17
1014.95
1003.98
1007.08
17103.91
998.02
986.10
973.94
1004.93
1013.04
1029.97
1020.91
21099.81
997.07
977.04
973.94
1025.92
1012.80
1013.99
1011.13
17101.05
1011.13
998.02
1005.17
955.10
958.92
970.84
977.99
25084.02
988.01
968.93
972.99
997.07
1008.03
1008.03
1008.03
1013.04
1002.07
1011.13
1003.98
33101.80
1019.95
1019.00
1013.99
1003.98
1003.03
1008.99
21030.19
1065.02
1013.04
1008.03
1023.05
1013.04
1011.13
1021.15
25058.03
1032.11
987.05
989.20
993.01
981.09
977.99
979.90
29013.87
1061.92
1010.18
1009.94
1004.93
993.01
993.97
986.10
997.07
1032.11
1027.11
1029.97
25115.01
992.06
970.84
962.97
977.04
1008.99
1002.07
1003.98
1000.88
991.11
997.07
991.11
29084.21
1017.09
998.02
990.15
1002.07
993.97
977.99
983.00
24149.18
1045.94
1008.03
1002.07
1007.08
1009.94
990.87
998.97
998.97
29089.93
997.07
977.99
973.94
988.01
988.01
993.97
988.01
25109.05
1019.00
1001.83
996.83
996.83
1003.03
993.01
996.11
993.01
1013.99
998.02
33035.99
1052.86
994.92
980.14
977.04
975.13
970.13
981.09
974.89
29057.03
987.05
979.19
971.08
978.95
987.05
977.99
972.03
1012.09
1003.98
1009.94
1015.90
25066.14
993.01
981.09
977.04
1021.86
1030.92
1037.12
1044.99
1040.94
1037.12
1035.93
29067.04
1015.90
975.85
977.04
976.09
981.09
979.90
993.97
29013.16
1050.95
1013.99
1000.17
998.97
1005.17
989.91
998.97
998.97
974.89
990.15
989.91
33032.89
1040.94
997.07
977.99
979.90
981.81
977.04
975.13
29007.91
1046.90
1027.82
1014.95
1013.04
1008.03
1013.04
1006.13
25054.93
1051.90
1029.01
1019.95
1021.15
1009.94
1016.86
1013.99
1013.99
1012.80
1023.05
1017.09
33112.05
1027.11
1013.99
1016.14
1024.01
1007.08
1014.95
1001.83
17103.91
1030.92
1021.15
1025.92
1019.00
1019.95
1018.05
21073.10
1062.87
1019.00
1008.03
1023.05
1012.80
1005.89
1004.93
21073.10
1005.17
973.94
965.12
956.06
992.06
989.20
987.05
41027.07
1055.00
1024.96
1019.95
1003.98
978.95
983.00
984.91
985.15
975.13
963.93
958.92
21012.07
1047.13
998.02
991.11
986.10
956.06
952.96
963.93
21008.01
1023.05
981.09
966.07
970.13
991.11
988.01
1006.13
992.06
988.01
993.97
991.11
25016.07
1039.98
1008.99
993.97
1023.05
994.92
1008.99
1003.98
1014.95
958.92
962.02
967.98
33008.10
1061.92
1019.00
1009.94
1019.00
1016.86
1013.04
1005.89
1008.03
981.81
978.95
966.07
21018.98
1055.00
998.97
984.91
972.99
959.16
977.99
972.03
25030.85
1079.08
1015.90
1019.00
987.05
967.03
976.80
974.89
995.87
994.92
988.96
990.87
21045.92
1082.90
1039.98
1029.01
1039.03
1036.88
1031.16
1035.93
25078.06
994.92
983.95
977.04
1000.17
982.05
992.06
972.03
1023.05
1029.01
1019.00
1019.00
25129.08
1039.03
1029.01
1029.97
1033.07
1031.88
1035.21
1019.00
987.05
997.07
986.81
25027.04
1080.04
1031.16
1030.92
1015.90
963.93
965.12
967.03
970.84
966.79
959.87
960.83
28995.04
1066.92
1028.06
1014.95
1019.95
1026.15
1013.04
1021.15
17066.96
1032.83
1009.94
997.07
1000.88
997.07
985.86
991.11
21048.07
1068.83
1029.01
1023.05
1035.93
995.87
1012.80
990.87
25103.81
1001.12
994.92
985.86
1008.03
1003.98
1008.99
1000.88
17106.06
1008.03
982.05
984.91
999.93
1008.99
1015.90
1005.17
1017.09
1015.90
1026.15
1018.05
33113.96
1046.90
1030.92
1022.10
963.93
957.97
953.20
20984.89
1080.99
1024.01
1018.05
1020.91
980.85
972.03
973.94
25015.83
1038.07
992.06
983.00
987.77
972.99
976.09
971.08
29002.19
1074.08
983.00
984.91
995.16
985.15
977.04
972.99
990.87
1013.99
1005.89
1013.99
21151.07
1075.03
1027.82
1009.94
1017.09
1011.13
1013.04
998.97
1011.85
1014.95
1019.00
1024.01
33121.11
1014.95
1003.98
998.97
996.11
985.15
977.99
976.09
21083.12
1049.04
1046.18
1021.86
1021.86
982.05
982.05
976.09
21064.04
983.95
971.08
975.13
990.87
960.83
963.93
977.99
25081.87
1006.13
977.04
977.99
987.05
985.15
977.99
980.14
21117.93
995.87
990.87
982.05
986.81
974.89
974.18
972.99
17091.99
1035.93
1023.77
1020.91
1024.01
1020.91
1008.99
1007.08
33108.00
1006.84
989.91
988.01
964.88
965.83
960.83
967.98
967.98
970.13
961.07
962.02
25076.87
988.96
976.09
968.93
981.81
975.85
966.07
964.88
976.09
1021.15
1008.99
1013.99
29105.90
1030.92
997.78
992.06
1006.84
992.06
989.91
975.85
25122.88
1039.98
1023.05
1024.01
1016.14
1013.99
1003.03
21031.14
1078.13
1029.97
1017.81
999.93
1037.12
1036.17
1029.97
25083.07
1086.00
1034.98
1026.87
1037.84
1022.82
1029.97
1027.11
21098.14
1001.12
983.95
973.94
988.01
962.02
973.94
967.98
25073.05
984.19
974.89
967.98
975.13
970.13
974.89
974.89
21111.97
1045.94
1024.96
1022.10
1029.01
1023.05
1021.15
1028.06
17091.04
1021.86
1002.79
1014.95
1003.03
1013.99
1003.03
33056.02
1046.90
1004.93
989.91
992.77
997.07
1013.04
1017.09
1022.10
1024.96
1011.85
1019.00
25053.02
1079.08
1029.01
1020.19
1028.06
1019.00
1015.90
1018.05
1007.08
1008.03
1015.90
1010.18
37112.95
1026.87
1019.95
1018.05
1017.81
979.90
975.85
972.99
25105.95
1030.21
1026.87
1020.91
979.90
968.22
967.98
965.83
980.85
963.21
973.94
983.00
25084.97
1008.03
984.91
991.82
1015.90
1000.88
1007.80
1012.80
33114.91
1029.97
1028.06
1005.17
957.97
975.13
979.19
983.95
25104.05
1024.01
1007.08
1004.93
967.98
981.09
990.15
993.01
988.01
986.81
988.96
25007.01
1081.94
1020.91
1010.18
1008.99
1029.01
1015.19
1012.09
25063.99
1073.12
1033.07
1027.11
1050.00
1044.99
1033.07
1029.01
21148.92
1057.15
1046.90
1036.88
1051.19
1043.08
1039.98
25069.00
1069.07
1005.89
1000.88
999.93
1039.03
1029.97
1040.94
21073.82
1059.06
1032.11
1024.96
1029.01
1014.95
1019.00
1011.85
17130.85
1055.00
1027.11
1029.97
964.16
995.16
993.01
988.96
25135.99
1045.94
1021.86
1029.01
943.90
969.89
976.80
969.89
993.97
972.99
979.19
968.93
33112.05
1022.10
1003.98
989.20
972.03
962.02
967.03
980.85
21114.83
1034.02
1011.13
9032.01
1057.86
995.87
999.21
1003.98
1029.01
1016.86
1026.87
25050.16
1058.10
1002.07
984.19
992.06
987.05
974.89
979.90
21016.84
1022.10
972.03
961.07
977.99
970.84
970.84
972.99
25016.07
1036.88
994.21
982.05
996.11
991.11
981.09
987.05
21024.94
1086.95
1040.94
1037.12
1036.17
1030.92
1030.92
1028.06
25115.01
1024.96
1003.98
1003.03
998.02
1027.11
1032.11
1030.92
21117.93
1025.20
1014.95
1005.89
1022.10
1029.97
1019.95
1013.04
25099.99
1019.00
1008.99
1010.89
1004.22
994.92
1004.93
29042.01
1057.86
994.92
990.15
981.09
968.93
967.03
957.97
969.89
961.07
966.07
971.08
974.89
25079.97
1003.98
994.92
996.11
1002.07
998.97
1003.98
1012.09
958.20
953.91
958.92
966.07
33077.00
983.95
966.79
963.93
974.18
962.02
966.07
960.83
25069.95
981.09
967.03
967.03
967.03
959.16
958.92
955.82
959.87
1007.80
1003.98
1019.00
33126.83
1029.01
1016.14
1014.95
1021.86
1014.95
1016.14
1019.00
29093.03
1015.90
1005.89
999.21
997.07
998.02
1000.17
1004.93
965.12
966.07
957.01
952.96
25079.97
983.00
973.94
968.93
954.15
954.15
962.02
977.04
980.14
979.90
978.95
977.04
29111.86
1051.90
1029.01
1019.00
1048.09
1029.97
1027.82
25044.92
1056.91
1006.84
994.92
1001.12
1021.15
1015.90
1019.95
29060.13
1072.17
1012.09
1008.99
1008.99
1015.90
1005.89
1003.98
25042.06
1054.05
1015.90
1007.08
1006.13
998.97
1006.13
1002.07
988.01
1010.89
1016.14
1021.15
25122.88
1023.05
1009.94
989.91
989.20
1028.06
1017.09
1019.95
25126.93
1007.08
996.11
993.97
998.02
1008.99
1025.92
1010.18
1019.00
1024.01
1013.04
36226.03
1039.03
1019.00
1009.94
998.02
1004.93
1003.03
993.97
991.11
21049.98
1066.92
1029.01
1024.96
1032.83
1019.95
1018.05
1021.86
25113.11
1047.85
1019.95
1017.09
1024.01
1024.01
1022.10
1019.95
21120.07
1027.11
1008.99
1034.02
963.93
958.92
962.97
967.03
17054.08
982.05
970.13
966.07
1013.99
1000.88
994.92
998.02
25075.20
987.05
977.99
970.84
1017.81
1020.91
1015.90
1023.05
1015.90
1015.19
1007.08
33060.07
1058.10
1011.13
997.07
996.11
1019.95
1013.04
1013.04
21065.00
1037.12
986.10
998.97
998.02
1020.91
1024.96
1025.92
25115.01
996.11
980.14
970.13
9068.01
1019.00
1002.07
989.91
995.16
975.85
977.99
970.13
21075.01
1003.03
977.04
972.03
977.04
975.13
970.13
968.93
25045.87
1007.08
983.95
978.95
981.09
977.99
977.99
967.98
21027.80
1048.09
1025.92
1026.87
1030.21
1024.96
1028.06
1019.00
17092.94
1015.19
1004.93
1005.89
1013.99
1000.88
1004.93
999.93
33122.06
1025.92
1007.08
1004.93
1013.99
995.87
993.01
984.91
988.01
978.95
969.17
971.08
25069.95
993.97
976.09
963.93
967.03
956.06
959.16
955.10
969.89
1003.98
1003.03
1022.10
25110.01
1029.97
1019.00
1016.86
976.09
7592.92
1043.08
1024.01
1010.89
1006.13
986.10
977.04
972.99
25078.06
1008.99
988.01
983.95
976.80
968.93
967.03
971.79
962.97
1028.06
1028.06
1033.07
41134.12
1013.04
998.97
988.96
1000.17
993.01
991.11
988.96
21097.90
1055.00
1040.94
1026.87
1030.92
1021.15
1018.05
33029.08
1082.18
1017.09
1013.04
1008.03
1008.99
1006.84
1000.88
21023.99
1066.92
1013.99
1009.94
1016.86
1011.85
1011.85
1001.83
17035.01
1029.97
995.87
986.10
989.91
988.01
985.15
974.89
21034.00
1032.11
996.11
977.04
987.05
960.11
953.91
955.82
25003.91
1032.83
980.85
968.93
972.99
971.08
974.89
973.94
29006.00
1030.92
986.10
978.95
988.96
980.14
973.94
974.89
975.85
998.97
1011.13
1008.03
25048.97
1050.00
998.97
983.95
982.05
998.02
1013.04
1008.99
1009.94
1000.17
1009.94
1004.93
37043.09
1075.03
1024.01
1008.03
1002.07
982.05
993.01
998.97
25036.10
1067.16
1035.93
1016.86
1024.01
1005.89
990.87
1003.03
1005.89
989.91
986.10
999.21
33093.93
1029.01
1013.99
1005.89
964.16
988.01
987.05
991.82
21134.85
1014.95
995.16
994.92
963.93
978.23
984.91
985.86
33092.02
