967.98
959.16
945.09
951.05
17085.08
1075.03
1044.99
1047.13
1051.90
1052.86
1052.86
1050.00
963.93
965.83
971.08
983.95
21233.08
1068.12
1057.15
1055.96
1057.86
1054.05
1056.91
1006.13
985.15
997.07
984.91
17081.98
1026.15
1007.08
1006.13
1009.94
991.82
996.83
994.92
988.96
991.82
994.92
1002.07
953.20
995.87
1003.03
1003.98
25081.87
991.11
968.22
981.09
964.88
988.96
993.01
1001.12
997.07
1008.03
991.82
1001.83
17098.90
983.00
973.94
967.98
1003.03
972.99
982.05
977.99
985.86
993.01
980.14
978.95
1030.92
1012.09
1015.90
1004.93
25099.04
987.05
983.95
976.09
1026.87
992.06
987.05
998.97
977.99
1011.13
1017.09
1012.09
1014.95
1009.94
1012.09
1009.94
17081.98
984.19
968.93
976.80
993.97
971.08
972.03
988.96
1002.07
974.18
974.89
983.00
25084.97
998.02
977.04
974.18
992.06
980.14
973.94
983.95
999.93
1008.03
1010.89
1003.98
1002.07
997.07
1003.03
1013.04
17101.05
998.02
961.07
968.93
988.01
975.85
974.18
983.95
988.01
986.10
986.10
994.92
25120.97
1001.12
990.15
997.07
998.97
989.91
993.01
964.88
1011.13
1051.90
1132.97
1028.06
961.07
1005.89
993.97
993.97
17106.06
1037.12
1008.99
1001.83
998.97
1002.07
1001.12
1002.07
992.06
1008.03
1011.85
25049.92
1060.01
995.87
984.91
29025.08
1046.90
1001.12
992.06
1003.03
988.01
991.11
988.01
995.16
993.01
991.11
990.15
29026.03
1081.94
1504.90
988.01
993.97
975.85
988.96
986.10
987.05
986.10
979.90
985.86
17089.84
1008.03
1006.13
986.10
1005.89
979.90
975.85
976.80
977.04
971.08
966.07
973.94
977.99
1018.05
1037.12
1029.01
13071.06
973.94
958.20
957.01
967.03
952.01
952.96
954.15
957.01
958.20
951.05
965.12
41008.00
1035.21
992.06
987.05
982.05
973.94
995.87
987.05
987.05
988.96
998.97
976.09
996.11
973.94
14967.92
1009.23
962.02
949.86
961.07
955.10
957.01
957.01
943.18
982.05
957.01
955.82
962.02
25069.00
973.94
966.07
959.16
963.93
957.01
956.06
954.15
982.05
966.07
977.99
977.04
991.82
973.94
969.17
973.94
17025.95
1016.14
978.95
974.89
996.83
977.04
964.88
969.89
969.89
975.85
967.98
963.93
25008.92
1040.94
987.05
981.09
977.04
974.89
970.13
972.99
976.80
960.83
973.94
968.93
968.93
974.18
983.95
983.00
984.91
17112.97
1031.88
1007.08
1006.13
1009.94
1004.93
1001.12
1013.04
1000.88
998.02
1004.93
13034.11
1024.01
964.88
952.01
962.97
1025.92
1036.17
1039.03
1038.07
1030.21
1031.88
1029.01
17071.96
1006.84
975.85
967.03
971.08
973.94
971.08
961.07
971.08
1029.97
1027.82
1039.98
21071.91
1086.00
1048.09
1044.03
1057.15
1034.98
1039.03
1035.93
1048.80
1039.03
1038.07
1039.03
17112.02
1045.94
1029.97
1024.96
1063.11
1064.06
1069.07
1075.03
1073.12
1067.16
1064.06
1075.03
1070.02
1066.92
1066.92
25156.97
1082.18
1075.03
1075.98
1071.21
1073.84
1068.83
1079.80
1070.02
1070.98
1066.92
21156.07
1070.98
1056.91
1064.06
1051.90
1055.96
1055.00
1047.85
1044.03
1055.00
1059.06
8402.82
994.92
987.05
971.79
974.89
969.89
996.11
991.11
992.06
17098.19
977.04
965.12
960.11
962.97
964.16
962.02
963.21
969.89
954.87
963.93
951.05
29082.06
1024.96
1008.03
1002.07
1002.07
990.15
987.05
980.14
988.01
970.13
970.13
978.95
21107.20
981.09
970.13
967.03
972.99
965.83
966.79
971.08
967.98
972.03
969.17
970.13
17026.90
1061.92
1021.86
1029.97
1022.10
966.07
953.91
954.87
965.83
954.87
955.82
958.92
958.20
957.97
957.01
953.91
13011.22
1048.09
1004.93
994.92
995.87
986.10
983.00
984.91
982.05
968.93
975.13
973.94
33005.00
1027.11
978.95
967.98
972.99
964.88
963.93
962.02
972.99
970.13
963.93
958.92
965.12
17066.00
980.85
959.87
958.20
962.97
959.16
954.87
952.01
962.02
1011.13
998.97
988.01
991.11
995.16
978.95
985.86
13084.89
1061.20
1051.90
1049.04
1056.91
1050.00
1050.00
1060.01
1029.97
1050.00
1044.99
41074.04
1060.01
1008.99
1007.08
982.05
955.82
963.93
956.06
966.79
956.06
956.06
958.92
958.92
17050.98
979.90
970.84
969.89
972.99
962.02
957.97
958.92
970.84
967.03
963.93
960.83
974.89
946.04
952.01
957.97
25069.00
1007.08
983.95
980.85
983.00
999.93
1001.83
998.97
1013.04
996.11
1003.98
986.81
998.02
993.97
990.87
989.20
17092.94
1013.99
991.11
997.07
1037.12
993.01
1001.12
985.15
993.01
967.03
967.03
968.93
976.09
963.93
957.97
965.12
25041.10
1050.00
1019.95
1017.09
1018.05
1000.17
986.10
983.00
37077.90
1024.96
994.92
996.83
1004.93
1001.12
993.97
996.83
1005.89
990.87
986.81
979.90
17072.20
1018.05
993.01
994.92
990.15
992.06
993.01
979.19
988.96
986.81
973.94
983.00
993.01
982.05
979.19
978.95
17072.20
1006.13
978.95
973.94
991.11
972.03
967.03
962.97
979.19
973.94
962.97
967.03
17008.07
1029.97
1000.17
989.91
1001.83
989.91
988.01
990.87
995.87
988.96
987.05
987.05
994.21
951.05
951.05
957.97
12999.06
1021.15
971.08
965.12
968.93
970.84
963.93
972.99
971.79
969.89
974.89
971.08
28988.12
1096.96
1044.03
1064.06
1051.90
1044.03
1038.79
1044.99
1048.09
1041.17
1039.03
1044.03
17117.98
998.97
980.14
972.03
980.14
998.97
992.06
994.92
1019.00
1039.03
1046.18
1039.98
1013.04
1000.88
991.82
1001.83
25074.96
997.78
977.99
976.09
983.00
963.21
961.07
953.91
974.89
954.87
965.12
952.01
17068.86
978.95
964.16
955.10
981.09
1026.87
1024.96
1025.20
1027.11
1013.99
1022.10
1000.17
984.91
957.97
954.15
956.06
25058.03
1034.02
1019.00
1017.09
996.11
998.97
984.91
983.00
995.87
988.01
983.00
987.05
17084.12
1007.08
998.97
983.95
990.15
992.06
978.95
984.91
1023.05
1057.86
1055.96
1064.06
25070.91
976.09
962.97
965.83
1007.08
1005.89
990.87
989.91
991.11
984.19
972.99
972.03
17084.12
993.97
988.01
980.85
988.01
983.00
977.99
976.09
952.01
980.14
984.91
998.97
1017.09
1003.03
995.87
983.95
25136.95
1036.88
1023.05
1022.82
967.03
983.00
977.04
979.19
1065.02
1064.06
1059.06
1060.01
988.01
990.15
985.86
17015.22
1107.93
1044.99
1038.07
1044.99
985.86
977.99
976.09
972.99
970.13
969.17
957.97
25003.19
1024.01
986.10
992.06
985.86
984.91
990.15
982.05
988.96
985.86
985.86
986.81
983.00
978.95
992.77
985.86
978.95
17153.02
1062.87
1050.00
1048.09
1050.95
1044.03
1044.03
1029.97
957.01
962.97
962.97
12990.95
1061.92
1019.00
1014.95
1008.03
995.16
988.96
993.97
988.01
974.18
972.03
972.99
17017.84
1055.96
1014.95
996.83
1003.98
996.11
1007.08
996.11
1003.98
967.03
966.07
975.13
25023.94
1055.96
1017.09
1006.13
1002.07
1009.94
1005.89
1017.81
9121.89
1039.03
1019.95
1012.80
1024.01
1013.04
1007.08
1012.09
9094.95
1010.89
985.86
989.91
9068.01
993.01
977.04
984.19
990.87
978.95
992.06
993.01
25120.97
1029.01
1016.86
1020.91
1008.03
998.97
1002.07
1004.93
1007.08
1007.08
1009.94
994.92
1049.04
1052.14
1063.11
25074.01
1035.21
1002.07
993.01
999.93
987.05
985.15
994.92
993.97
988.96
988.96
987.05
29023.17
1024.96
977.04
979.90
979.90
965.83
965.12
962.97
971.08
962.97
956.06
962.97
16988.04
1038.07
1007.08
994.92
996.83
998.97
993.97
990.87
1002.79
989.91
993.01
986.10
983.95
972.03
965.83
975.85
980.85
976.09
972.99
983.00
973.94
25107.15
1019.00
1012.09
1018.05
1005.89
1012.09
1012.09
1015.19
1003.03
1007.08
1014.95
17061.95
1050.00
993.97
974.18
976.09
983.00
977.04
983.00
972.03
1010.18
1007.08
1013.99
25055.17
1046.90
1007.08
996.83
980.85
973.94
970.13
965.12
973.94
967.03
957.01
965.12
962.97
964.88
964.16
966.07
967.98
17130.85
1050.00
1034.98
1045.94
1034.98
1034.98
1031.16
13071.06
1042.13
1013.04
996.11
1008.99
1029.97
1033.07
1036.17
1044.03
1037.12
1035.93
1030.92
13121.84
1008.99
997.07
996.11
1001.12
984.91
979.90
981.09
1040.22
1003.98
998.97
994.92
1003.03
993.97
989.91
988.01
37131.07
1058.10
1040.94
1039.03
1044.03
1040.94
1041.89
1050.95
1044.03
1043.08
1042.13
1037.12
1019.95
1031.88
1047.13
17138.00
1030.21
1004.93
998.02
972.99
1017.09
1012.09
1013.99
1045.94
1011.13
1008.99
1001.83
1013.99
1003.03
1004.22
1010.89
1011.85
1006.84
1008.03
1000.88
29061.79
977.99
962.02
959.87
967.03
957.97
957.97
953.20
968.93
960.11
953.20
960.83
41066.88
1041.89
1009.94
998.97
1007.80
1003.98
998.02
986.81
1014.95
967.98
972.99
964.16
977.04
962.02
964.16
968.93
17055.03
993.97
970.84
967.03
13051.03
1018.05
1003.98
991.82
994.92
995.87
984.19
986.10
1004.93
991.11
985.15
996.11
17071.96
983.00
969.17
967.03
988.01
975.85
971.79
966.07
977.04
977.99
978.95
972.99
969.89
1039.98
1050.00
1047.13
17143.01
1005.89
993.01
975.85
983.00
981.09
967.98
965.12
13080.12
1055.96
1004.93
1015.90
1004.22
1034.02
1039.98
1031.16
1039.98
1039.98
1034.02
1029.97
25105.00
1024.96
1011.85
1006.84
1018.05
1033.07
1013.99
1019.00
1010.89
1008.03
1012.09
1007.08
993.97
1000.88
1009.94
17061.95
1050.95
1028.06
1002.07
997.07
1002.79
994.92
1008.99
1009.94
1013.04
997.07
1003.98
29075.86
1077.89
1042.13
1041.17
1051.90
1034.02
1040.94
1027.82
21082.88
1003.98
983.00
974.89
981.81
978.95
977.04
977.04
1022.10
1015.90
1008.99
1006.13
21172.05
1072.88
1061.92
1070.98
1069.07
1063.11
1069.07
21127.94
994.92
959.87
966.79
977.04
965.12
972.03
962.97
974.89
1003.98
1009.94
1008.03
21047.83
1017.09
979.90
980.85
965.83
967.03
978.95
962.02
972.03
967.98
963.93
965.12
972.99
964.88
968.93
968.93
17001.87
1056.91
998.97
993.01
1003.98
992.06
993.01
1005.89
993.01
994.92
988.01
995.87
21052.84
1027.11
976.09
959.87
966.07
959.87
967.98
956.06
951.05
1030.21
1050.00
1032.11
25062.08
1077.18
1019.95
1020.19
1028.06
1015.90
1014.95
1012.09
1023.05
1016.14
1015.19
1015.90
33080.82
1026.87
984.19
986.10
993.01
983.00
989.91
985.15
993.97
984.91
981.09
986.10
17026.90
1030.92
1003.98
983.00
1009.23
988.01
977.99
982.05
985.86
980.85
976.09
978.95
978.95
951.05
950.10
948.91
962.97
961.07
963.21
962.97
24992.23
1024.96
977.04
974.89
973.94
975.13
975.13
970.13
979.90
978.95
986.10
972.99
988.01
1027.11
1008.03
993.01
998.02
17094.14
1003.98
981.81
989.91
983.00
979.90
987.05
995.87
25115.97
1024.01
1011.85
1005.89
953.91
955.10
959.16
961.07
958.92
962.02
957.01
949.86
974.89
962.02
962.02
959.16
25102.14
977.04
965.12
960.11
977.04
960.11
965.12
957.97
964.88
953.91
967.98
965.83
13010.03
1106.98
1075.03
1055.00
1012.09
1016.14
997.07
1010.18
1012.09
1013.04
1000.17
1008.99
17126.80
1071.93
1050.00
1044.99
1032.11
1029.01
1029.01
1024.96
961.07
966.79
981.81
25003.91
1120.81
1075.98
1070.02
1042.13
961.07
972.99
964.88
968.22
961.07
963.93
967.03
968.93
967.98
967.98
969.17
16979.93
1067.16
995.87
990.87
988.01
977.04
972.03
981.81
976.09
13051.03
983.00
974.89
973.94
983.00
999.93
1007.08
1001.12
1007.08
999.93
990.87
998.02
13087.03
1010.18
987.05
995.16
983.95
986.81
986.81
990.87
1036.88
1055.00
1039.98
1057.15
1054.05
1052.14
1044.99
33103.94
1084.09
1044.99
1044.03
1009.23
969.89
980.85
975.85
988.96
984.19
983.95
985.86
992.06
977.04
979.90
983.00
17092.94
1024.01
1005.89
1003.03
1009.94
995.87
993.97
983.00
972.03
968.22
991.11
978.95
25108.10
1005.17
996.11
988.96
962.02
994.92
1003.03
1000.88
1001.83
991.82
993.01
994.92
1004.93
996.11
997.07
993.97
17123.94
1002.07
986.10
988.01
988.01
981.09
976.09
980.14
979.90
999.93
1015.19
1003.98
13132.10
1005.17
986.10
983.00
988.96
980.85
975.85
970.84
985.86
979.90
977.99
972.03
17076.97
988.01
979.90
968.93
985.15
976.09
982.05
975.13
980.14
985.86
983.95
979.19
996.11
974.89
974.89
980.85
25039.91
1083.85
1037.84
1025.92
1033.07
992.06
998.02
996.83
1004.93
988.01
992.77
987.05
988.01
988.01
972.99
977.99
17097.00
1067.16
1056.91
1058.82
1070.02
1063.11
1065.97
1053.09
1003.03
1010.18
1002.07
25063.99
1074.79
1018.05
1024.96
992.06
964.88
968.93
984.91
986.10
977.04
969.89
984.91
986.10
987.05
985.86
977.99
17024.99
1042.84
983.95
986.10
988.01
984.91
977.04
977.99
25016.07
1044.03
988.01
978.95
972.03
979.19
984.91
984.91
986.81
979.90
984.19
973.94
981.09
982.05
976.80
967.98
970.13
17090.08
1031.16
1015.90
1037.84
1026.87
1022.82
1024.96
1049.04
1029.01
1018.05
1024.01
17083.88
1041.89
988.01
979.90
972.99
1035.93
1027.82
1036.88
1050.00
1048.09
1038.07
1026.15
1044.99
1037.12
1029.01
1032.83
17111.06
1027.11
994.92
999.93
1000.17
1004.93
989.91
992.06
1023.05
1021.86
1029.97
25077.10
1065.02
1012.80
1002.07
1005.89
997.78
1020.91
1020.91
1057.15
1078.13
1066.92
1071.93
1074.08
1067.16
1073.12
1068.83
17108.92
1020.91
995.16
988.01
1000.17
996.11
989.91
999.93
1079.08
1058.10
1064.06
13084.17
1026.15
978.95
976.80
988.96
977.99
967.98
975.13
977.04
975.13
978.95
970.84
968.93
17090.08
1025.92
1002.07
1011.85
1001.12
1002.07
998.02
1008.99
1006.13
1004.93
998.02
998.97
986.10
977.99
977.99
29006.00
1050.00
1005.89
991.82
993.01
988.01
989.91
980.14
17008.07
1034.02
996.83
992.06
998.97
992.06
983.95
989.91
993.97
993.01
978.95
995.16
977.99
968.22
972.03
972.03
971.08
25102.85
1015.90
1019.00
1005.89
1003.03
1003.03
998.97
993.01
993.01
984.19
983.95
980.85
975.85
978.95
967.98
971.79
17087.94
1010.89
1003.98
1013.04
1011.13
1003.98
1000.17
1029.01
988.01
977.04
966.07
980.14
968.93
969.89
972.03
977.04
975.13
968.93
975.85
972.99
33144.00
1054.05
1048.80
1036.88
1033.07
1035.93
1030.92
17066.00
1059.06
1006.13
998.97
1002.07
999.93
1008.99
1007.08
995.87
988.01
988.96
992.06
33050.06
1060.01
1030.21
1019.95
1017.09
1018.05
1009.23
1013.99
17103.20
1003.98
983.00
984.91
985.86
984.91
984.91
988.01
981.09
968.93
969.89
962.97
981.09
972.99
970.84
968.93
13031.96
984.91
971.79
960.83
969.89
960.83
962.02
957.97
959.87
958.20
957.01
955.10
32988.07
1060.96
1001.12
998.02
1005.89
989.20
999.93
975.85
985.86
983.00
977.04
983.00
17021.18
1028.06
984.19
972.99
972.99
972.03
966.07
968.93
962.97
1018.05
1012.09
1010.18
1007.08
1013.04
1002.07
1005.17
17046.93
1077.89
1039.03
1020.91
1014.95
999.21
1005.89
999.93
1007.08
1000.88
991.11
991.11
13043.17
1084.09
1041.89
1033.07
1041.89
1038.07
1034.98
1038.07
1021.86
972.99
974.18
973.94
979.90
975.13
983.00
984.91
29102.09
998.97
993.97
993.01
996.11
990.87
984.91
981.09
975.13
977.04
977.04
976.80
17073.87
1022.82
1014.95
1010.18
998.02
984.19
995.87
987.05
1003.03
988.96
984.91
987.05
995.87
989.20
988.01
990.15
29087.07
1000.88
982.05
976.09
1015.90
1051.90
1055.96
1047.13
1056.91
1046.90
1051.90
1049.04
1056.91
1040.94
1049.04
17081.98
1071.93
1008.03
1007.80
1004.93
998.02
991.82
993.01
996.11
967.98
972.99
978.95
25017.98
1084.09
1017.09
1023.05
999.93
957.97
959.16
961.07
966.07
957.97
957.01
950.10
962.02
961.07
956.06
962.02
957.01
17129.90
1034.98
1020.19
5064.96
1039.98
1004.93
992.06
995.87
1039.98
1034.98
1042.84
1039.98
1031.16
1034.98
1039.98
45114.04
984.19
971.08
967.03
972.03
967.98
966.07
964.88
963.93
957.01
961.07
960.11
963.93
1026.87
1024.01
1023.05
17091.04
1067.88
1012.09
1000.17
1008.99
1003.03
1007.08
1002.79
1020.91
992.06
983.95
987.05
13065.10
1024.01
1024.96
1012.09
1016.14
1013.04
1008.99
1003.03
1013.99
1011.13
1022.10
1004.93
17120.84
1026.87
993.97
996.11
1003.98
996.11
1003.98
988.96
995.16
998.02
1005.17
1013.04
21073.10
983.00
968.93
962.97
980.85
1000.88
1003.98
1007.08
1029.97
1007.80
1016.86
1007.08
17110.82
1028.06
1019.00
1019.00
974.89
962.97
968.93
977.04
993.01
988.96
998.02
993.97
993.01
994.92
991.82
33016.92
1031.88
972.03
965.83
957.97
1008.03
993.01
999.93
1006.13
1000.17
992.06
1001.12
13564.11
1067.88
1045.94
1038.07
989.91
998.97
992.06
999.93
1039.98
994.92
1003.98
1001.12
25118.11
1018.05
1007.08
997.07
1008.99
998.97
1003.98
999.93
1012.09
1016.14
1023.05
1020.19
1030.92
1019.95
1021.15
17055.03
1099.11
1057.86
1051.90
1065.02
1039.03
1055.00
1046.90
1062.87
1047.85
1050.00
1050.95
25142.91
1060.01
1039.98
1046.18
952.96
967.03
962.02
964.16
948.91
962.97
966.07
957.01
967.03
964.16
948.91
966.07
17090.08
1028.06
1018.05
1005.17
1022.10
1018.05
1005.89
1015.90
955.10
970.13
977.04
969.17
25125.98
1037.84
1015.90
1011.13
1018.05
1007.08
1008.99
1007.08
993.01
990.87
982.05
983.95
986.10
972.99
977.99
967.98
25077.82
990.87
972.03
972.99
972.99
975.85
972.99
983.00
1003.03
994.92
1005.89
993.97
17118.93
1014.95
998.97
995.87
1014.95
1003.03
1000.17
1007.08
17143.01
1065.97
1064.06
1039.03
1007.08
1002.07
1016.14
1013.99
1017.81
1015.90
1013.99
1017.09
1008.99
1012.80
1011.85
1002.07
987.05
988.96
990.87
17051.94
1056.19
1006.13
1003.03
1013.99
988.96
995.87
988.96
987.05
1015.19
1004.93
1009.94
25120.97
995.87
983.00
976.09
988.96
990.87
975.13
971.08
988.01
977.99
981.09
976.09
25093.08
1074.08
1044.99
1044.99
9093.05
1012.09
1000.17
993.01
1003.98
997.07
997.07
998.97
9157.18
1087.90
1072.88
1053.09
1024.01
1014.95
1024.01
9042.02
1023.05
972.99
970.84
977.04
971.08
967.03
967.98
13019.08
1128.20
1070.02
1063.11
1075.03
1069.07
1069.07
1069.07
13128.04
1032.83
1014.95
1009.94
1030.92
1011.13
1005.17
1000.88
989.91
995.87
983.95
25014.88
1035.93
995.87
980.14
989.91
969.89
978.95
977.99
975.13
980.14
967.98
970.84
967.03
1060.96
1044.03
1046.90
17067.91
1095.77
1046.90
1036.88
1025.92
1005.17
999.93
1003.03
999.93
1003.03
993.97
998.97
25042.06
1051.90
1023.05
1006.13
1013.99
1029.97
1014.95
1019.95
17099.86
998.97
983.00
983.00
988.96
969.89
966.79
964.88
971.08
1004.93
1003.03
1008.99
1011.13
998.97
1009.23
999.93
1018.05
1005.89
1004.22
1008.03
17127.99
981.81
974.89
959.87
966.79
963.93
958.92
961.07
17054.08
999.93
983.95
977.99
975.13
1019.00
1027.82
1016.86
9099.96
977.99
967.98
974.18
981.09
967.98
964.16
968.93
9063.01
1006.13
992.06
995.16
13088.94
1024.01
1003.98
1005.89
1015.19
1008.03
1002.07
1007.08
1002.07
997.07
1005.89
1008.03
17116.07
1019.00
1007.08
1012.09
1024.01
1007.08
1008.99
1008.99
1060.01
1056.19
1063.11
1065.02
1062.15
1056.91
1056.91
13142.82
1029.97
987.05
981.81
988.01
983.95
986.81
990.87
1006.84
1060.96
1060.01
1062.15
37117.96
1026.87
1010.89
1008.99
1021.86
1004.93
1010.89
1006.13
967.98
969.17
978.95
977.99
17133.00
1021.15
1019.00
1016.14
998.02
1002.07
1019.00
1024.01
1018.05
1009.94
1008.99
1014.95
1006.84
1009.94
1012.09
25043.01
1085.04
1044.03
1029.01
1041.89
1029.01
1033.07
1031.88
1024.96
1033.07
1036.17
1039.03
17125.13
1027.11
1018.05
1018.05
1017.09
1007.08
1002.07
999.93
982.05
954.15
957.97
955.10
25098.09
998.02
984.91
983.95
991.11
967.03
973.94
967.98
976.09
967.98
963.93
962.97
21059.04
999.93
979.90
976.80
977.99
955.10
955.10
961.07
987.05
957.01
965.12
962.02
16608.00
1063.11
1012.09
1010.89
1012.09
995.87
980.85
1003.03
17030.95
1089.81
1016.86
1013.04
1014.95
989.91
989.20
993.01
988.96
977.04
979.90
978.95
980.14
971.08
976.09
967.98
12995.00
1042.13
985.86
978.95
979.19
952.96
959.87
958.92
956.06
973.22
953.91
951.05
962.97
21099.09
1019.95
996.83
994.92
1004.93
996.11
992.06
993.97
983.00
1011.85
1005.89
999.93
25130.03
1035.93
1024.96
1016.86
993.01
983.00
977.04
983.00
977.99
977.99
967.03
972.99
37072.90
972.99
966.07
959.87
982.05
1013.04
1020.91
1013.99
1029.97
1018.05
1019.95
1033.78
1029.01
1022.10
1016.14
17059.09
1034.98
998.02
979.90
988.01
988.96
973.94
975.13
982.05
1038.07
1051.19
1041.89
25085.93
1050.95
1022.10
1009.94
1008.03
1039.03
1024.96
1035.93
1023.05
1023.05
1016.86
1008.99
1019.95
1000.17
987.05
993.01
17061.00
1007.08
979.19
975.85
13088.94
995.16
976.09
981.09
987.05
975.13
974.89
967.98
983.00
972.99
972.99
970.13
17071.01
1050.95
1023.05
1013.99
1018.05
1013.99
1024.96
1011.85
1025.92
998.02
996.83
994.92
1007.80
1000.88
995.87
996.11
13084.17
994.92
989.91
987.77
990.87
985.86
991.82
987.05
1003.03
995.16
992.06
986.10
25100.95
1031.88
1008.99
1007.08
1013.04
1005.17
995.87
997.07
1003.03
998.97
995.87
29016.97
1041.89
983.00
968.93
975.85
971.79
967.98
971.08
966.07
979.19
967.03
971.08
969.17
25094.03
1019.95
1000.88
994.21
989.91
980.85
985.86
979.90
972.99
1000.88
1005.89
1006.84
1030.92
1006.13
1015.19
1004.93
25085.21
993.97
988.96
983.00
997.78
988.96
983.00
977.99
993.97
993.01
993.01
991.11
1064.06
1043.08
1048.80
17086.03
1048.09
1015.90
988.96
1017.09
984.19
971.08
968.93
977.99
975.13
974.89
975.85
975.85
962.97
977.99
971.79
977.04
17116.07
1013.04
1015.19
1003.98
1005.17
998.02
1002.07
1011.13
1007.08
1006.13
1007.08
25036.10
1015.19
979.90
975.85
983.95
983.95
976.09
973.94
979.90
980.14
968.93
977.99
982.05
983.00
967.98
973.94
973.94
17102.00
1008.99
977.04
989.91
988.96
985.15
972.03
984.19
991.11
1008.03
1022.10
1019.95
33135.89
1073.84
1055.96
1070.98
1060.01
1061.92
1058.82
1072.88
1055.00
1065.02
1058.10
17113.92
995.87
986.81
977.99
986.10
972.99
975.85
972.03
983.95
972.99
968.93
973.94
1000.17
1003.03
1000.17
1002.07
21090.98
1006.13
997.07
988.96
1055.96
1049.04
1053.81
1050.00
1057.15
1051.90
1053.81
17083.88
1024.01
965.12
961.07
957.01
968.22
972.99
980.14
977.04
976.09
972.03
972.03
985.86
991.82
980.85
988.96
991.11
9101.87
1013.99
1013.99
1006.84
1011.85
998.97
1008.03
1006.13
962.02
977.99
983.00
25021.08
1026.15
970.13
952.01
952.96
1008.99
1011.85
1001.83
1021.86
1009.94
1000.17
999.93
45039.89
1042.84
998.02
988.96
991.82
990.87
983.00
992.06
989.91
990.87
986.81
983.00
986.10
1036.17
1024.96
1018.05
17064.81
1034.98
1003.98
977.04
1017.09
981.09
977.04
980.14
13009.07
1019.00
976.09
969.89
972.99
966.07
967.03
968.22
968.93
972.03
959.87
965.12
960.11
17151.12
1064.06
1050.00
1047.85
1001.83
996.83
998.97
1012.09
998.97
1000.88
998.02
998.97
1007.08
1003.03
1000.88
25047.06
1035.21
991.11
983.00
967.03
1021.86
1020.91
1028.06
1038.07
1032.83
1035.93
1034.02
1041.89
1005.17
1007.08
996.11
13098.96
1007.08
988.96
974.18
986.10
983.00
974.18
975.13
9113.07
1055.00
1031.88
1030.92
1050.00
1034.98
1038.07
1032.11
17112.97
1032.83
1030.92
1026.15
1009.94
1002.07
998.97
21036.15
1063.11
1013.99
1000.88
1005.89
1007.08
995.87
1000.17
985.15
984.91
972.03
976.09
994.92
975.85
967.98
967.98
25003.91
1032.83
990.87
979.90
981.09
984.19
979.90
979.90
979.90
983.00
983.00
988.96
989.91
1022.10
1011.13
1012.09
17054.08
1059.06
1002.79
993.01
1018.05
977.04
976.80
974.89
996.83
977.04
991.11
988.96
994.92
1000.17
1000.88
988.96
29026.99
1070.02
1024.96
1013.04
1021.86
1018.05
1014.95
1009.94
1018.05
1019.95
1016.86
1015.90
13072.97
997.07
977.04
970.84
975.85
971.79
973.94
972.99
974.89
980.14
977.04
988.01
988.01
970.13
978.95
977.04
25018.93
1039.03
997.07
981.09
988.96
982.05
986.81
977.99
997.07
996.11
988.01
988.01
25020.84
1073.12
1039.03
1024.01
1007.80
1046.90
1039.98
1058.10
1061.92
1044.03
1050.95
1058.82
17125.84
1045.94
1030.92
1032.11
1034.02
1031.16
1028.06
1034.98
1030.92
1029.01
1026.87
1024.96
986.10
1000.17
998.02
9045.12
1006.13
976.09
957.97
967.03
957.01
962.97
958.92
12995.00
1088.14
1050.95
1026.87
1041.17
1034.98
1034.02
1034.98
9084.94
1039.98
1022.82
1004.93
9096.15
1008.03
1003.03
994.92
1006.13
991.11
1002.07
997.07
5128.15
1065.97
1060.96
1059.06
17110.11
1013.04
996.11
1000.17
999.93
1002.79
994.92
9040.83
1048.09
1003.98
1003.98
5028.96
1012.80
973.94
965.12
976.09
974.18
967.98
963.21
8987.90
1050.00
1005.17
999.93
13036.97
1050.00
1004.93
993.97
993.97
993.01
1004.93
1006.84
1006.84
1003.98
1004.93
997.07
17055.99
1034.98
989.91
983.95
967.03
1029.01
1026.87
1035.93
9092.09
986.81
971.08
966.07
986.10
963.93
978.95
967.98
5023.00
1012.09
979.90
976.09
984.19
979.90
979.90
983.95
17033.10
1043.08
1005.17
989.91
983.00
1013.99
1008.03
1009.94
9048.94
1029.01
997.07
989.20
5043.98
1013.04
989.91
981.09
977.99
988.96
983.00
996.83
9066.82
1039.98
1019.00
1006.84
1017.81
1008.99
1008.99
1006.84
1017.81
1003.03
1011.13
1008.99
26134.01
1003.03
981.09
990.15
974.89
983.95
972.03
993.01
972.99
981.09
973.94
25101.90
1020.91
1004.22
1004.93
970.84
967.98
967.03
972.99
984.91
975.85
976.80
974.89
17105.82
1035.93
1025.92
1005.17
983.95
981.81
990.87
981.81
998.02
977.04
983.95
977.99
9112.12
1007.08
988.96
999.93
1007.08
985.15
993.97
985.86
17102.96
1000.17
986.10
986.10
988.96
979.19
972.03
970.13
9112.12
1052.14
1039.03
1029.97
1031.88
1032.11
1024.96
1013.99
948.91
958.92
955.82
960.83
968.93
957.01
960.83
949.86
17118.93
1003.03
990.87
991.11
998.97
990.87
990.15
981.09
1000.17
983.95
987.05
985.15
33142.09
1053.09
1033.07
1039.98
1006.84
998.97
987.05
1008.99
996.11
993.97
981.09
17014.03
1070.02
1027.11
1007.08
1013.99
1010.18
1003.03
1006.13
1008.03
1008.03
1011.13
1012.09
996.11
1046.90
1046.90
1055.00
25135.04
1021.15
1011.13
994.92
966.07
1003.03
1010.89
1001.83
1012.09
1003.03
1004.93
1003.98
17107.01
982.05
962.02
958.20
967.03
954.15
957.01
960.11
966.07
954.15
952.96
957.01
971.08
1035.93
1035.21
1046.90
33125.88
1005.89
976.80
977.99
1002.07
980.14
975.13
976.09
962.02
993.01
994.92
986.10
991.11
976.09
983.00
981.09
17036.20
1029.97
985.86
991.82
995.87
988.96
995.16
987.05
992.06
1003.03
1003.98
998.02
13067.96
1086.00
1060.01
1054.05
1074.08
1057.86
1060.01
1057.86
1007.80
988.96
983.00
983.00
17147.06
1060.96
1060.01
1044.99
1036.88
1034.98
1029.01
1029.01
999.93
993.97
998.97
21058.80
1056.91
1014.95
1003.03
1010.89
994.92
993.01
986.81
990.87
953.91
954.15
951.05
17007.11
1042.13
1023.05
1011.13
1000.17
1015.90
1015.90
1027.11
1028.06
1012.09
1015.90
1011.13
1024.01
1019.00
1017.81
1015.90
25122.88
1024.96
1013.04
992.06
1010.18
992.06
998.97
994.92
955.10
972.03
965.83
965.83
17117.98
1027.82
1003.03
1008.99
1003.03
988.01
1001.12
995.87
1000.88
1002.79
992.06
995.87
1047.85
1065.02
1054.05
25089.98
1067.88
1037.84
1016.86
1006.84
1034.02
1029.97
1029.97
1034.98
1037.84
1028.06
1024.01
1042.13
1024.01
1024.01
1029.01
17110.11
1007.08
990.15
990.87
1005.89
978.95
971.08
983.95
994.92
988.01
977.99
978.95
25107.15
1010.18
985.86
995.87
1019.95
997.07
989.20
984.91
999.93
977.99
988.01
976.09
985.15
977.04
972.99
965.83
17078.88
1030.92
1013.04
1013.04
1019.95
1012.09
1007.80
1019.00
1015.90
1010.89
1007.80
1008.03
25101.90
1022.10
1007.08
1003.03
998.97
1001.83
998.97
993.97
963.93
987.05
983.95
981.09
1003.03
986.81
988.01
987.05
17121.08
1034.98
1019.95
1016.14
1014.95
1000.88
1006.84
1009.94
997.07
1015.19
999.93
33036.95
1039.98
986.10
982.05
983.00
980.85
1028.78
1019.95
972.99
969.89
960.83
962.02
13008.12
1028.06
976.09
980.14
981.09
988.01
984.19
987.05
983.00
983.95
983.00
986.81
983.00
1024.01
1036.17
1030.92
17074.82
1036.88
994.92
977.99
984.91
981.81
974.89
977.99
972.03
1045.94
1062.87
1060.96
25088.07
1032.11
982.05
985.15
971.08
987.05
980.14
983.00
984.19
977.04
970.13
977.04
37014.96
1072.88
1004.93
1000.88
988.01
964.88
957.01
953.91
964.88
955.82
952.96
954.15
952.96
5089.04
1025.92
1015.19
1019.00
1019.00
1011.85
1011.85
1020.91
1013.99
1007.08
1017.09
1001.83
1024.96
1026.15
1035.93
37070.04
1011.13
972.99
968.22
966.07
961.07
962.02
962.02
963.93
962.02
962.02
959.87
955.82
972.03
976.09
986.10
982.05
17114.16
1044.03
1038.07
1051.90
964.88
965.83
962.02
972.03
962.02
953.91
961.07
957.01
965.83
957.97
958.92
956.06
33121.11
1045.94
1037.84
1036.88
1040.94
1044.03
1035.93
1048.09
1042.13
1034.02
1036.17
17076.97
1013.04
966.07
968.93
969.89
958.92
964.88
959.87
947.00
986.81
972.03
972.99
976.80
967.98
967.03
976.09
965.83
13066.05
993.01
983.95
980.14
983.00
970.13
981.09
976.09
972.03
993.97
997.07
1000.17
29109.00
1022.82
1006.84
1014.95
1002.07
1002.07
1001.83
1012.80
1008.99
1008.03
1006.84
17040.01
1089.10
1038.07
1040.94
1030.92
1032.11
1039.03
1029.01
1038.07
1027.11
1025.92
1031.88
1016.86
1013.04
1003.03
1016.14
13153.08
1074.08
1060.01
1066.21
1059.06
1053.09
1055.00
17114.16
1034.02
997.78
989.91
1001.83
981.81
979.90
974.89
985.86
976.09
977.99
977.04
25007.01
1086.00
1048.09
1043.08
1056.91
1035.93
1040.22
1028.06
1045.94
1042.13
1044.03
1042.84
1012.80
968.93
968.22
978.95
986.10
980.14
972.03
970.13
13110.16
1033.07
1013.99
1015.90
1026.15
1018.05
1013.99
21270.04
1055.00
993.01
983.95
981.09
962.02
957.97
958.92
956.06
962.97
957.01
954.87
954.15
970.13
957.01
955.10
957.01
17091.99
1008.99
997.07
986.81
991.82
980.85
983.00
980.14
1001.12
979.90
984.91
990.15
25135.04
1069.07
1055.00
1055.96
1054.05
1050.23
1056.91
1055.00
1060.01
1052.14
1050.00
1035.21
948.91
952.96
947.00
16999.01
1049.04
1018.05
991.82
1009.94
1002.07
993.97
1003.03
984.91
973.94
976.09
993.97
29032.95
1077.89
1024.96
1019.95
1040.94
1021.15
1021.86
1021.86
21087.88
981.81
954.87
959.87
977.04
952.96
951.77
952.96
960.11
957.01
949.86
957.01
29003.86
1039.98
996.11
985.15
991.11
986.10
989.91
980.85
988.01
986.10
986.10
978.95
17011.17
1057.15
1003.98
1000.17
1007.08
1003.98
1001.83
997.07
1008.03
1000.17
1001.12
993.97
988.01
1003.98
989.91
990.87
13038.87
1097.92
1047.13
1050.95
1050.95
1050.00
1047.85
1047.85
1055.00
1048.09
1047.13
1046.90
29100.89
1016.86
1006.84
1004.93
1006.13
1002.07
998.97
1005.89
993.01
1004.93
998.02
17035.01
1077.18
1019.00
1009.23
1008.03
990.15
993.97
983.00
983.95
975.13
977.04
978.23
982.05
978.95
970.84
969.89
12979.98
1037.12
976.09
970.13
966.07
947.00
965.83
967.03
958.92
965.83
969.89
965.83
962.02
41133.88
1034.02
1008.03
1002.07
1013.99
1044.03
1050.95
1046.90
1053.09
1043.08
1049.04
1048.09
1041.17
1046.90
1037.84
17119.88
1026.87
999.93
999.93
1015.90
1000.88
1002.07
996.83
13129.95
1023.05
1002.07
996.11
962.02
993.97
987.05
1001.12
1010.89
1005.89
1016.14
1002.07
13158.08
1017.81
1009.94
1000.17
1013.04
1005.17
1002.07
1011.13
1004.93
1005.89
1009.23
1010.89
978.95
977.99
973.94
977.04
17059.09
980.14
964.16
960.11
968.93
958.20
961.07
965.12
961.07
974.89
994.92
1001.12
25104.05
988.96
978.95
973.94
980.14
983.95
978.95
975.13
992.06
978.95
977.99
975.13
37112.00
1072.88
1063.11
1060.96
950.81
969.89
972.99
963.93
985.86
970.84
972.03
968.93
17108.92
996.83
980.85
941.99
1004.93
1003.03
993.97
1005.17
1003.03
1003.03
998.02
988.01
1013.99
1003.98
1006.84
988.96
25088.07
988.01
972.99
966.07
1004.93
1019.00
1018.05
1016.14
1008.99
1013.99
1004.93
1013.04
1008.99
1013.04
998.02
1011.13
17061.00
972.99
962.97
965.12
13118.03
1026.87
1011.85
1007.80
998.97
1000.17
998.02
1003.03
999.93
1001.12
998.02
17038.11
1062.15
1002.07
1000.17
1004.93
986.81
988.01
983.00
971.79
1011.85
1019.95
1010.18
1010.89
1009.94
1006.13
1003.03
13046.03
1024.01
980.14
972.03
969.17
970.13
966.07
962.97
977.04
1068.12
1044.03
1064.06
25086.16
1037.12
982.05
976.09
962.97
995.16
990.87
977.04
992.06
988.01
983.00
988.96
25036.81
1026.87
974.89
965.83
969.89
1011.13
1007.08
1005.17
1002.07
1002.07
991.11
999.93
17053.84
1090.05
1050.95
1038.79
1044.03
1043.08
1039.03
1044.99
1029.97
1069.07
1054.05
1055.96
1070.98
1062.15
1055.00
13103.01
1050.00
1008.99
1002.07
1012.09
1008.99
1007.08
989.20
988.96
996.83
1008.03
999.93
17063.86
1060.01
1017.09
1008.03
5079.98
1034.98
1007.08
1010.18
994.92
985.86
983.00
994.92
17133.00
1038.07
1008.99
998.02
1014.95
998.97
1008.99
1002.07
8972.88
1028.06
1020.91
1018.05
1038.07
1012.09
1029.01
1018.05
13129.95
1050.00
1026.15
1028.06
997.07
1017.09
1014.23
17062.90
1065.97
1029.01
1021.86
1025.92
1012.09
1003.03
1006.84
1014.95
1005.17
1001.12
1001.83
1001.83
989.91
1005.17
1004.93
17132.04
