952.01
917.20
933.89
926.02
905.99
886.92
883.10
879.05
873.09
875.00
874.04
887.87
24983.88
913.86
908.85
894.78
902.89
904.08
906.94
906.94
914.81
899.08
908.85
901.94
916.00
29005.05
936.03
908.14
911.00
918.87
913.14
903.13
925.06
905.04
875.00
873.80
885.01
877.14
28966.90
943.90
922.92
929.83
932.93
934.12
934.12
927.93
931.02
967.03
977.99
987.05
974.89
990.15
981.09
989.91
973.94
17020.23
947.00
926.02
927.93
936.99
929.83
990.87
938.89
943.90
932.22
924.83
926.02
915.05
923.16
920.06
918.15
916.00
16981.12
902.18
884.06
903.13
916.96
907.90
903.13
903.13
916.00
902.89
916.00
906.94
904.08
911.95
909.81
907.90
901.94
16963.96
988.96
944.85
936.99
931.98
917.20
905.99
886.92
873.09
895.98
873.09
870.94
873.80
870.94
880.00
880.00
878.10
872.14
16972.06
925.78
936.03
934.12
940.08
926.97
914.10
902.18
888.11
884.06
871.90
875.00
889.06
880.96
886.92
882.15
885.96
877.14
17025.95
951.05
945.09
936.99
908.14
862.12
863.08
862.12
885.96
877.86
885.96
889.06
893.12
905.99
905.99
905.04
914.10
24950.98
967.98
926.02
924.11
927.93
909.81
903.84
900.03
898.12
905.04
890.97
881.91
880.00
24910.93
941.04
911.95
893.83
900.03
895.98
904.08
911.00
897.88
892.88
866.17
872.14
866.89
872.85
24988.89
905.99
891.92
896.93
895.02
908.85
903.84
913.14
918.15
905.99
911.00
905.04
907.90
24971.96
903.84
891.92
888.11
893.12
899.08
901.94
906.94
909.09
924.11
924.11
913.14
922.92
25035.86
921.01
904.08
886.92
886.92
896.22
890.02
892.16
899.08
905.04
905.04
908.85
911.00
28954.98
950.10
936.03
926.97
926.97
916.96
920.06
912.90
921.01
925.06
931.02
917.91
935.08
903.13
885.96
895.98
892.16
16929.86
958.92
916.00
908.85
905.99
867.13
926.02
914.10
916.00
931.02
938.89
936.99
926.97
938.89
944.14
930.07
938.18
942.95
17019.99
940.08
940.08
926.97
933.17
929.12
931.02
930.07
914.10
878.10
884.06
896.93
894.07
908.14
905.99
899.79
913.86
16973.97
940.08
928.16
914.10
932.93
911.00
918.15
912.90
907.90
927.21
915.05
911.95
917.91
916.00
861.88
878.81
882.86
883.82
16978.03
898.12
893.12
895.02
882.15
925.06
927.93
923.87
926.97
911.00
924.11
911.00
915.05
919.82
918.87
915.05
914.81
17001.87
906.94
897.17
883.10
901.94
895.98
890.97
888.82
885.96
894.07
884.06
884.06
878.10
880.00
884.06
883.10
872.85
880.00
24995.09
916.96
905.99
897.17
891.92
875.00
887.87
895.02
895.02
902.89
895.98
895.98
900.98
24938.11
909.09
875.00
879.05
868.08
881.91
871.90
869.04
870.94
885.01
883.82
885.96
890.02
883.82
25007.01
936.03
934.12
916.96
886.92
868.80
890.02
891.92
885.01
895.98
893.12
892.16
895.02
25001.05
928.88
908.14
916.00
916.00
910.04
909.09
914.10
913.86
908.85
915.05
911.95
908.85
25009.16
952.01
925.78
926.02
931.98
923.87
921.01
921.01
931.98
930.79
926.02
915.05
925.06
24986.98
915.05
898.12
891.92
907.18
899.08
886.92
883.82
885.01
872.14
873.09
881.91
876.90
24982.93
910.04
889.06
897.17
891.92
890.97
884.06
895.02
885.96
904.08
890.97
885.01
890.97
16929.15
931.98
881.91
879.05
881.91
885.01
877.86
873.09
879.05
880.00
931.98
930.07
925.78
936.03
928.88
922.92
916.00
922.92
17016.17
978.95
982.05
983.00
992.06
982.05
985.86
983.00
994.92
982.05
986.10
985.86
952.01
890.97
891.92
887.16
16912.94
947.95
890.97
886.92
877.14
890.97
885.01
880.96
885.01
879.05
888.11
887.16
886.92
893.83
903.84
899.79
900.98
895.98
16932.01
928.88
876.90
873.09
877.14
893.12
884.06
878.10
881.20
4915.95
937.94
908.14
911.00
906.94
4951.00
901.94
895.02
901.22
8954.05
903.13
895.98
886.20
8930.92
952.96
905.04
896.93
899.08
8978.13
892.16
883.10
875.00
24931.19
952.01
908.14
889.06
894.07
890.02
890.02
892.88
885.01
895.98
883.82
890.97
888.11
24918.08
941.99
885.01
890.97
887.87
891.92
885.01
880.96
888.11
885.01
885.01
891.92
885.96
880.00
24962.19
911.95
892.88
892.16
880.00
875.00
881.91
892.88
889.06
898.12
899.08
891.21
892.88
24925.95
969.89
926.02
926.02
924.11
925.06
922.92
923.87
920.06
929.83
916.00
926.02
918.87
8974.08
985.86
935.79
931.98
941.04
936.03
931.02
931.98
929.83
960.83
975.85
978.95
983.00
993.97
986.10
979.90
983.95
17025.95
934.12
925.06
916.00
926.02
917.91
915.05
912.19
922.92
917.91
917.20
918.87
917.91
888.11
885.01
890.97
894.07
16927.00
922.92
876.19
873.09
875.00
926.97
910.04
911.00
911.00
907.90
909.81
907.90
909.81
911.00
908.14
905.04
905.99
907.90
16986.13
895.02
880.00
885.96
886.92
884.06
885.01
885.01
881.20
905.04
896.93
890.02
899.08
895.02
884.06
891.21
891.92
889.06
16963.01
895.98
890.97
887.16
894.07
889.06
886.92
875.00
885.96
875.95
877.14
875.95
876.90
869.99
900.98
899.08
900.03
16939.16
1014.95
948.91
947.00
981.09
927.93
917.91
914.10
914.10
913.14
903.13
900.03
902.89
905.04
905.04
895.02
897.88
895.98
16996.86
946.04
912.90
917.91
919.82
914.81
905.99
906.94
896.93
935.08
923.16
922.92
931.98
930.07
922.92
924.83
926.97
17009.97
942.95
924.11
919.10
926.97
923.87
918.87
922.20
921.01
922.92
917.91
923.16
918.15
879.05
896.93
907.90
900.98
24935.01
965.83
926.02
914.10
927.93
911.95
905.04
905.99
895.02
895.02
902.18
888.11
885.96
24912.12
947.95
903.13
910.04
898.12
907.90
895.98
901.94
895.02
904.08
899.08
900.03
893.12
895.02
25012.02
931.02
911.95
911.95
914.10
905.04
909.09
910.04
917.91
912.19
912.90
900.98
906.94
25017.98
935.08
934.12
930.07
937.94
930.07
936.03
931.98
911.24
902.89
912.90
926.97
920.06
24976.97
918.87
915.05
915.05
903.84
895.98
893.12
890.02
892.16
886.92
880.96
880.00
872.85
25002.00
937.94
934.84
919.82
934.84
908.85
906.94
919.82
912.90
900.03
899.79
896.93
897.17
898.12
885.01
890.02
878.81
16922.95
931.98
879.05
874.04
876.19
882.86
870.94
875.00
877.86
875.95
872.14
885.01
890.02
898.84
911.95
903.13
903.13
906.94
16944.89
912.90
879.05
875.00
877.86
877.86
879.05
874.04
887.16
890.97
884.06
886.20
885.01
885.96
927.21
919.10
905.99
900.98
16958.00
955.10
907.18
900.98
894.07
873.09
873.09
871.18
867.84
877.86
864.03
869.99
870.94
874.04
875.95
869.99
880.00
878.81
16934.87
977.04
927.93
926.02
931.98
918.87
920.77
917.91
919.82
915.05
911.95
905.99
900.98
909.09
905.04
890.97
896.93
16911.03
954.15
896.93
900.98
895.02
900.03
895.02
891.92
893.12
900.03
888.11
893.12
887.16
886.92
892.88
891.92
882.15
884.06
16918.90
967.98
903.13
905.99
896.93
910.04
890.02
893.83
890.97
893.12
892.16
895.02
896.93
898.84
907.90
897.88
900.98
907.90
16999.01
949.14
933.89
923.87
919.82
930.07
918.15
910.04
911.95
977.99
987.05
988.96
985.86
998.02
989.91
985.86
984.91
17029.05
933.89
949.14
931.98
921.96
907.18
911.00
900.98
909.09
908.14
906.94
902.89
899.08
24970.05
901.94
895.98
891.92
900.03
895.02
895.02
900.03
895.02
895.98
898.12
891.92
890.97
25012.02
931.02
922.92
916.96
916.00
916.00
912.90
919.10
918.15
912.90
911.00
917.20
911.00
29016.02
941.99
923.87
926.97
910.04
904.80
910.04
916.96
911.00
910.04
911.95
907.90
907.90
25017.02
949.86
937.94
925.06
928.16
917.91
917.91
921.01
933.89
919.82
919.82
916.96
917.20
25022.03
944.14
936.99
941.04
937.94
923.87
927.21
924.11
936.03
926.97
929.83
926.97
16964.91
1004.93
960.83
962.97
967.98
970.84
965.83
968.93
987.05
914.81
931.02
937.94
936.03
938.89
932.93
933.17
926.02
16978.03
944.14
914.10
905.04
913.14
910.04
909.09
912.19
909.09
905.04
901.94
896.93
905.99
896.93
935.08
934.12
918.15
16958.00
1033.78
988.96
984.19
988.01
916.00
917.91
922.20
916.00
926.97
917.91
917.91
914.10
923.16
921.01
917.20
916.00
16944.17
987.05
935.08
937.22
926.97
941.04
926.97
912.90
911.95
900.98
905.04
901.94
913.14
917.91
902.89
900.98
901.94
902.89
17012.12
911.00
902.89
906.94
909.09
903.13
916.00
911.95
914.81
917.91
916.00
925.06
924.11
897.17
887.87
881.91
880.00
16920.09
957.97
922.92
909.09
905.99
950.81
941.99
936.99
936.99
940.08
938.89
935.08
938.89
936.99
934.12
936.03
931.02
12966.87
973.94
936.99
926.02
936.99
928.16
926.97
923.16
929.12
931.98
928.16
926.97
924.83
934.12
976.09
972.03
971.08
16994.00
973.94
928.88
933.89
914.81
885.01
875.95
869.99
868.08
885.96
872.85
869.99
874.04
875.95
24992.94
922.92
904.08
918.15
916.96
902.89
902.18
908.14
910.04
903.13
907.90
899.79
898.84
25012.02
905.99
900.03
895.98
900.98
892.88
890.02
889.06
898.12
895.98
893.12
885.01
887.16
24985.07
944.14
946.04
925.06
922.20
926.97
919.10
915.05
927.93
880.96
886.20
880.00
880.00
24936.91
931.02
882.86
880.00
874.04
922.92
934.12
929.12
918.15
931.98
924.11
920.06
926.97
24955.99
967.03
927.93
922.20
936.03
921.01
921.01
921.01
924.11
931.98
919.82
922.92
923.16
29007.91
903.84
888.82
874.04
885.01
955.10
947.00
954.87
953.20
960.11
952.01
953.20
946.04
956.06
952.96
943.90
952.96
17025.95
933.89
909.81
906.94
919.10
908.14
907.90
906.94
912.90
933.17
950.10
952.01
934.12
5011.08
942.95
927.93
927.93
4995.11
952.01
921.96
925.06
4933.12
955.10
916.00
923.16
918.15
4922.87
880.00
880.00
880.00
4951.95
948.19
941.04
936.03
4944.09
897.17
879.05
874.04
872.85
16981.84
900.03
890.97
882.86
880.96
906.94
902.89
902.89
899.08
908.14
912.19
910.04
911.00
926.97
916.96
921.01
916.00
16953.95
922.92
880.96
877.14
874.04
887.16
878.10
863.08
868.08
866.89
905.04
900.03
895.02
904.08
907.18
896.93
900.98
899.08
16952.04
929.12
888.11
880.00
875.95
882.15
880.96
875.00
870.94
875.00
867.84
865.94
869.99
869.04
13018.13
937.94
918.87
913.14
921.96
921.01
900.03
910.04
895.02
902.89
913.14
906.94
907.90
25018.93
926.97
932.93
927.93
890.97
905.04
899.79
895.98
905.99
901.94
899.08
898.12
895.98
25022.03
921.96
905.99
919.82
911.00
902.18
915.05
900.98
911.95
910.04
905.04
906.94
905.99
24992.94
926.02
911.95
900.03
905.04
903.13
904.08
904.08
910.04
905.04
900.98
897.88
901.94
25024.18
946.04
922.20
916.96
921.01
926.02
917.91
917.91
918.87
901.22
904.08
906.94
905.99
25010.11
931.98
914.10
912.19
916.00
977.99
972.03
985.86
989.20
977.99
986.10
989.20
25012.97
940.08
896.93
884.06
888.11
943.90
939.13
938.18
940.08
943.90
934.84
934.84
936.03
16992.09
946.04
911.00
900.03
905.04
900.98
900.03
898.12
895.02
895.02
911.95
906.94
906.94
24930.95
941.04
890.97
882.86
885.01
914.10
927.93
931.02
946.04
947.95
937.94
944.14
943.90
24964.81
926.97
883.10
889.06
887.16
900.98
903.84
897.88
898.12
911.95
904.80
907.90
912.90
24942.16
997.07
945.09
936.03
932.93
936.99
936.03
931.02
941.04
941.04
922.20
915.05
918.15
24960.04
990.15
957.01
944.14
949.14
941.99
936.99
940.08
941.04
920.06
923.16
919.10
926.02
25051.12
1006.13
993.01
991.82
996.11
987.05
995.16
989.91
997.07
988.01
988.96
987.05
25050.16
941.99
945.81
938.89
944.85
956.06
937.94
936.99
944.14
940.08
940.08
941.99
24961.95
965.12
910.04
910.04
900.03
903.84
893.83
892.88
888.82
886.92
908.14
905.99
909.81
905.99
25035.14
980.14
974.89
978.95
887.16
880.00
885.01
889.06
895.02
890.02
891.92
887.87
898.12
25020.12
940.08
926.97
926.02
941.04
923.16
930.07
926.02
934.12
928.16
922.92
928.88
24955.99
951.05
911.00
908.85
903.84
897.88
897.88
885.96
885.01
890.97
882.86
878.10
881.91
888.82
24976.02
896.93
886.92
875.95
887.16
885.01
881.91
880.96
880.00
957.97
969.17
968.93
968.93
25003.19
908.14
881.91
885.01
884.06
895.98
888.11
891.21
887.87
891.92
892.16
885.96
885.96
20915.99
967.98
914.10
916.00
921.96
923.87
928.88
942.95
942.95
916.96
894.07
910.04
898.84
24940.01
936.03
899.79
884.06
894.07
895.98
909.09
905.04
909.81
920.06
919.10
927.93
924.83
24966.96
949.86
924.11
912.19
909.09
912.90
898.84
899.08
894.07
893.12
881.91
880.96
873.09
24906.87
981.09
942.95
944.85
941.04
956.06
940.80
943.90
941.99
947.00
941.99
941.99
938.89
24973.87
932.93
883.10
871.18
875.95
869.99
875.95
888.11
889.06
899.08
941.99
926.02
922.92
24961.95
962.97
908.14
900.98
905.04
930.07
911.00
911.95
899.79
916.96
906.94
903.84
904.80
24916.89
941.99
891.92
895.98
885.96
894.07
880.96
880.00
886.92
885.01
885.96
885.96
887.16
885.01
29011.96
957.01
936.03
918.87
921.96
919.10
926.02
922.20
921.96
925.78
920.06
919.10
922.92
25006.06
914.10
911.00
904.80
920.06
905.99
911.00
905.99
905.99
912.90
912.19
920.06
911.95
25012.97
942.95
926.97
926.02
924.11
915.05
913.14
911.00
916.00
913.86
907.90
913.86
909.81
25058.03
979.90
979.90
986.81
996.83
990.87
984.91
985.15
905.04
903.13
916.00
910.04
24978.88
932.93
908.14
900.03
904.08
923.16
933.89
931.98
931.02
932.93
930.07
931.02
929.83
25006.06
936.03
935.08
931.98
922.92
922.20
917.91
920.06
929.83
916.00
926.97
918.15
917.91
24991.99
891.21
870.94
876.90
880.00
878.81
876.90
870.94
875.00
886.92
877.14
879.05
879.05
15129.80
957.97
912.90
903.13
899.08
899.08
898.12
911.00
900.98
905.04
900.98
12974.02
952.01
922.92
908.85
913.86
907.90
899.79
897.88
890.97
911.00
928.16
930.07
929.12
25003.91
919.10
902.18
903.13
919.10
937.94
936.99
937.94
929.12
940.08
935.08
929.12
930.07
25004.15
916.96
904.80
896.93
903.13
899.08
900.03
888.82
891.92
903.13
898.12
904.08
897.88
24950.98
924.11
893.12
885.96
887.87
880.96
880.00
883.10
885.01
894.78
884.06
880.00
879.05
24903.06
960.83
896.93
882.15
878.10
894.07
880.96
874.04
884.06
890.02
883.10
880.96
876.90
869.04
24977.21
919.10
907.90
909.81
916.00
908.14
896.93
898.84
897.88
934.12
975.13
974.89
968.93
25030.85
927.93
919.10
915.05
905.99
931.02
927.93
930.79
932.93
926.97
924.83
929.83
927.93
25012.97
929.12
917.91
921.01
926.02
921.01
907.90
911.00
907.90
917.91
912.19
911.00
913.14
25025.13
938.89
923.87
920.77
932.93
918.15
909.09
909.09
911.00
911.95
900.98
910.04
899.08
25012.02
926.97
915.05
914.10
905.04
900.03
890.97
889.06
883.10
882.86
884.06
881.91
881.91
24970.05
933.89
917.20
921.01
924.11
915.05
929.12
921.01
923.16
918.87
908.85
928.88
921.01
921.96
913.86
907.90
913.14
16960.14
923.87
891.92
886.92
897.17
894.07
899.08
904.08
912.90
915.05
914.10
909.09
911.00
924.11
905.04
917.20
908.85
912.90
17054.08
967.98
961.07
954.87
905.04
879.05
873.09
875.95
880.96
877.14
885.01
887.16
890.97
890.02
895.98
902.18
901.94
16949.89
1019.95
986.10
990.15
995.87
990.87
991.82
984.91
957.01
917.91
910.04
922.20
922.92
932.22
931.02
938.89
940.08
17002.82
922.92
911.00
900.98
900.03
899.79
895.98
890.02
886.92
895.02
888.82
888.82
895.02
882.15
911.00
905.04
900.98
16916.04
988.01
939.13
926.02
933.89
947.00
928.88
926.97
926.02
928.88
931.02
922.92
924.11
929.12
929.12
925.06
926.02
922.92
12976.17
890.97
888.11
890.97
886.92
875.95
879.05
875.95
875.00
886.92
871.90
876.90
875.00
24915.93
948.91
906.94
900.98
912.90
908.14
905.99
905.99
900.98
908.14
906.94
902.89
909.09
24947.17
981.09
926.97
923.87
911.00
911.00
914.10
906.94
911.00
919.10
905.99
907.90
912.19
24953.84
947.00
910.04
902.89
905.04
917.20
895.98
908.85
891.92
895.02
882.86
877.14
871.18
24894.00
957.01
895.98
896.93
897.88
900.03
941.04
948.91
939.85
947.00
946.04
942.95
941.99
24963.86
926.97
884.77
881.91
884.06
900.98
889.06
889.06
895.02
902.89
896.22
904.08
896.93
903.84
17050.98
966.79
952.96
953.20
952.96
948.91
947.00
945.81
948.91
945.81
947.00
946.04
931.02
900.98
903.13
903.13
892.88
17055.99
972.03
956.06
964.16
886.92
875.00
873.09
876.19
885.96
890.97
888.82
887.87
892.88
918.15
899.08
905.04
913.14
16982.08
1006.13
977.04
980.14
992.06
987.05
988.96
987.05
952.01
941.99
944.85
933.89
939.85
944.85
941.99
941.04
941.99
16986.85
898.84
895.98
890.97
901.94
897.17
891.92
897.88
911.95
904.08
901.94
906.94
904.08
900.03
944.14
940.08
941.99
16991.14
956.06
921.01
926.97
929.12
967.03
967.98
976.09
977.99
967.98
967.98
967.03
967.98
972.99
967.98
967.98
970.13
17027.14
925.06
921.96
908.85
937.94
921.96
918.87
918.87
929.12
904.08
909.09
911.00
905.99
12972.12
902.89
895.02
908.14
921.01
909.09
903.13
907.90
917.91
920.06
923.16
940.08
925.06
24990.08
891.92
879.05
908.14
904.08
906.94
905.99
909.09
914.10
905.99
911.00
911.95
914.10
25007.01
897.88
885.01
882.86
885.96
876.90
872.85
875.00
880.00
887.16
890.02
895.02
896.93
12954.00
983.00
931.98
936.99
8960.01
933.17
881.91
882.86
875.95
8995.06
911.00
896.93
890.02
8924.96
916.96
890.02
876.90
885.96
17004.01
922.92
908.14
910.04
906.94
891.92
895.98
895.98
899.08
898.12
894.07
886.92
895.02
25041.10
953.91
936.99
930.07
943.18
932.93
928.88
928.16
904.08
868.08
890.02
895.98
895.98
24996.04
920.06
905.99
902.18
901.94
927.93
928.16
933.89
927.93
926.97
924.11
916.96
912.90
32989.03
896.93
880.00
882.15
887.16
883.10
878.10
881.91
890.02
885.01
880.00
876.90
880.96
24980.07
932.93
910.04
900.98
905.99
889.06
891.92
892.88
892.88
886.20
911.00
904.08
914.10
24953.13
939.13
906.94
894.07
897.17
930.07
928.88
926.97
926.97
933.17
922.92
923.87
925.06
24950.03
941.99
900.03
896.93
900.03
894.07
894.07
891.21
891.92
887.87
881.91
889.06
889.06
24919.03
967.03
936.03
916.96
920.06
926.02
911.00
923.87
913.14
921.96
916.96
916.00
914.10
12952.09
965.83
921.96
932.93
918.87
883.82
871.90
865.94
877.14
885.96
885.96
892.16
884.06
895.02
25016.07
941.99
936.03
938.89
949.86
941.04
930.07
934.12
947.00
940.08
943.90
937.94
24971.96
941.04
885.01
877.86
873.80
888.82
880.96
888.11
888.11
898.12
894.07
903.13
893.12
904.08
25001.05
899.08
897.17
896.93
906.94
902.18
905.04
905.04
911.95
918.87
913.86
916.00
919.10
25006.06
936.03
920.06
917.91
911.95
895.98
895.02
894.07
899.08
899.79
900.03
895.02
903.13
24981.98
926.02
911.00
907.18
906.94
901.94
904.08
905.04
899.08
906.94
895.02
895.02
888.11
24937.15
961.07
934.12
927.93
922.92
922.20
911.00
908.14
906.94
918.87
911.00
911.00
907.18
24963.86
962.02
930.07
911.95
916.96
915.77
925.06
911.00
909.09
926.97
903.84
909.81
900.98
20962.00
938.89
908.85
897.88
914.10
894.07
905.99
897.88
898.84
896.93
895.98
884.06
891.92
24927.14
932.22
884.06
885.01
879.05
887.16
876.90
880.00
875.00
887.87
939.13
926.97
935.79
32949.92
942.95
891.92
891.92
884.06
890.02
880.96
883.10
880.96
886.92
880.96
883.10
880.96
875.95
24965.05
904.80
890.02
883.10
884.06
880.00
875.00
875.95
874.04
881.91
904.08
897.17
905.99
24932.15
941.04
893.83
887.16
880.00
885.96
869.99
874.04
867.84
8894.92
955.82
916.00
921.96
902.18
914.10
895.98
884.77
886.92
882.15
931.02
924.11
923.16
24951.93
987.05
941.99
937.94
935.08
921.96
917.91
918.15
916.96
929.83
918.87
918.87
917.91
24957.18
1001.12
957.97
958.92
960.11
952.96
952.96
951.05
949.14
960.11
956.06
955.10
956.06
25042.06
943.18
944.85
931.02
940.08
929.12
928.88
936.03
947.00
944.14
937.94
937.94
24967.19
976.09
926.97
926.02
926.02
923.16
916.00
885.01
925.06
941.99
920.06
918.87
914.10
24944.07
923.87
891.92
890.97
890.02
905.99
911.00
899.08
907.90
919.82
905.04
905.04
916.00
28958.80
999.93
942.95
931.98
941.04
945.09
926.97
938.18
936.99
921.96
924.11
926.97
930.07
24975.06
987.05
936.99
934.12
926.02
931.98
934.12
927.93
927.93
934.12
927.93
923.87
922.20
932.93
923.87
928.16
919.10
16974.93
1006.84
957.01
950.10
940.08
936.03
933.17
937.94
944.85
892.88
869.99
877.86
871.90
881.91
884.06
888.11
895.02
892.88
17018.80
956.06
938.89
939.85
952.01
938.89
935.79
936.99
947.95
938.89
936.03
934.12
943.18
918.87
923.87
916.00
918.15
17004.01
935.08
939.85
930.79
933.89
893.83
894.07
895.02
911.95
901.94
903.13
899.08
899.08
906.94
901.94
903.13
913.14
16962.05
972.03
926.97
927.93
928.88
929.12
926.97
931.02
921.96
962.02
972.99
974.18
986.10
996.11
987.05
990.15
987.05
17034.05
936.03
926.97
921.01
931.02
927.93
921.01
921.96
925.06
931.02
921.01
922.92
926.02
890.97
914.10
908.14
900.98
13004.78
956.06
936.03
938.89
937.94
947.95
929.12
940.08
946.04
948.91
944.85
942.95
941.99
25001.05
926.02
912.19
907.90
906.94
895.98
891.92
885.96
883.10
916.96
912.90
919.10
919.10
28991.94
922.92
902.89
901.94
904.08
880.00
885.96
883.10
885.01
878.10
872.14
872.14
880.00
24918.08
943.90
918.87
920.06
915.05
921.01
912.90
912.90
916.96
923.87
910.04
911.00
913.14
24967.91
963.93
918.87
913.14
921.01
922.92
909.09
918.15
912.90
920.77
916.00
911.00
914.81
24983.88
907.90
888.82
890.02
888.11
888.11
879.05
882.15
880.96
892.88
909.09
905.99
901.94
24928.81
969.89
936.99
921.01
923.16
931.98
945.09
936.99
941.99
942.95
941.04
942.95
936.99
24971.96
939.85
900.03
907.90
914.10
910.04
924.11
931.02
921.01
944.85
932.93
936.03
944.85
917.91
915.05
918.87
936.99
935.08
927.93
928.88
925.78
922.92
933.17
922.92
926.97
928.16
17009.97
928.88
920.06
927.93
920.06
924.11
921.96
923.87
932.22
874.04
889.06
890.97
892.88
898.12
891.92
891.92
902.89
16927.00
966.07
931.02
941.99
926.02
941.04
933.17
936.99
931.02
947.95
948.91
938.89
939.85
916.96
913.14
911.95
915.77
16933.92
995.87
936.99
927.93
921.01
868.08
909.09
911.00
910.04
919.10
931.02
928.88
933.17
936.99
937.94
934.84
933.89
927.93
17016.17
925.06
914.10
909.09
906.94
901.94
905.04
901.94
887.16
907.90
921.96
929.12
916.96
935.79
927.93
928.88
935.08
17021.18
957.97
941.99
931.02
936.03
932.93
931.02
935.79
936.99
933.17
936.99
932.93
930.07
889.06
869.99
873.80
876.90
36914.83
951.05
900.03
898.12
894.07
898.12
896.93
891.92
889.78
890.02
880.00
882.15
880.96
875.95
25009.16
920.06
895.98
892.16
908.14
895.98
891.21
891.92
896.93
900.03
899.79
896.93
898.12
25020.12
944.14
937.94
919.82
921.96
915.05
917.91
912.90
914.10
894.07
897.17
885.96
879.05
25003.19
948.91
947.00
930.07
923.16
934.12
927.93
939.85
950.81
937.94
939.13
941.99
939.85
979.19
941.04
921.96
926.02
919.10
906.94
907.18
896.93
900.03
895.02
884.06
885.96
888.11
28990.98
905.04
885.96
876.90
888.82
883.82
892.88
886.92
902.89
890.02
891.21
896.93
896.22
897.88
894.07
895.98
893.12
16927.00
954.87
906.94
899.08
900.98
901.94
897.17
906.94
903.84
901.94
930.07
925.06
919.10
921.01
921.01
918.87
872.85
894.07
16979.93
928.88
917.20
899.08
884.06
926.97
940.80
928.88
943.90
945.81
931.98
941.99
942.95
946.04
947.00
941.04
935.79
13015.99
933.17
916.00
917.20
931.02
915.05
919.82
912.90
914.10
918.15
914.10
913.14
911.95
919.82
932.93
934.12
939.13
16973.97
953.91
926.97
914.81
917.91
967.98
968.93
980.14
972.99
983.00
967.03
966.07
972.03
977.99
967.03
975.13
967.03
17030.00
927.93
921.01
917.20
915.05
924.11
911.95
915.05
907.90
911.00
921.01
917.20
917.91
937.94
924.11
913.14
910.04
24955.99
998.02
963.93
961.07
966.07
960.11
953.91
944.85
954.15
957.01
936.03
940.80
946.04
25036.10
960.11
946.04
950.10
961.07
952.01
946.04
950.10
953.20
947.00
944.14
942.95
24989.84
998.97
981.81
962.02
973.94
967.03
972.99
967.03
938.89
903.84
911.95
909.09
904.08
25026.08
947.95
930.07
927.93
890.02
916.00
918.15
916.96
917.91
919.10
911.00
914.10
913.14
25032.04
930.07
938.18
927.93
935.79
932.93
928.88
930.07
935.08
922.20
921.96
935.08
24963.86
942.95
879.05
880.96
882.86
890.97
897.17
881.91
887.87
889.78
881.91
890.97
883.10
891.92
25024.89
940.80
927.93
923.16
941.99
926.97
925.06
927.93
923.87
875.95
893.12
888.11
893.12
29012.92
928.88
924.83
916.00
924.11
917.91
926.02
914.10
904.08
880.00
875.00
879.05
873.80
882.86
880.96
887.16
891.92
16936.06
962.97
913.86
916.00
926.97
936.99
923.16
918.87
916.00
923.16
915.05
914.10
914.10
913.14
886.92
888.82
890.97
885.01
16997.81
916.00
895.02
897.17
890.02
925.06
925.78
916.96
926.02
926.97
916.96
916.00
930.07
926.02
916.00
926.97
918.15
16986.13
953.91
926.02
924.11
936.99
924.11
926.02
919.82
924.83
941.04
960.11
961.07
952.96
965.12
956.06
954.15
952.01
17024.99
908.85
890.02
886.92
885.96
879.05
880.00
880.96
880.00
881.91
876.19
872.85
869.04
889.06
957.01
950.10
954.15
946.04
17018.08
955.10
932.93
936.99
935.08
938.89
921.01
936.03
929.12
933.89
926.97
928.16
24957.90
925.06
888.11
885.01
880.00
891.92
885.01
886.92
881.20
880.00
878.10
874.04
875.95
870.94
24990.80
948.91
924.83
920.06
920.06
925.06
918.15
916.96
917.20
919.10
916.96
916.96
916.00
25026.08
936.03
947.00
926.02
929.12
918.15
926.02
926.97
917.91
925.06
925.06
914.81
911.95
24977.21
899.08
888.11
882.86
876.90
917.91
922.20
919.10
936.03
921.96
923.87
943.90
926.02
24984.84
912.90
895.98
905.99
914.10
910.04
906.94
919.10
931.02
939.13
925.06
930.07
944.14
28989.08
918.15
908.14
904.08
899.08
926.97
932.93
929.12
930.07
931.02
926.02
924.83
929.12
924.11
930.07
925.06
916.00
17006.87
963.93
944.14
936.99
951.05
943.90
944.14
941.04
921.01
875.00
872.14
866.89
866.89
880.00
869.04
876.19
877.86
16914.84
966.07
927.93
917.91
913.14
914.10
900.98
899.79
890.97
890.97
883.82
877.86
871.90
869.99
859.98
885.01
892.88
886.92
16960.14
941.99
911.00
910.04
902.18
879.05
864.98
869.99
880.00
898.12
890.97
891.21
893.83
902.89
898.84
910.04
912.90
911.95
17002.11
918.15
905.04
895.98
902.89
902.18
897.88
902.89
903.84
891.92
905.99
907.90
913.14
925.06
926.97
930.79
933.89
16971.83
980.85
936.99
933.89
944.85
934.84
933.89
933.89
935.79
947.00
936.99
932.22
931.02
925.06
874.04
872.14
876.90
16916.04
956.06
910.04
911.00
905.99
915.05
928.16
936.03
926.97
936.99
919.10
925.06
932.93
931.02
931.98
921.01
929.83
922.92
16996.86
934.84
921.01
915.05
928.88
924.83
925.06
942.95
926.97
907.90
900.03
915.05
910.04
12961.15
885.96
875.95
880.00
885.01
885.96
880.96
889.06
889.06
897.17
900.03
904.80
900.03
25035.14
937.94
916.00
906.94
915.05
905.99
903.13
899.08
890.02
890.02
881.91
883.10
877.14
24925.95
960.11
920.06
915.05
926.97
917.91
919.10
926.02
938.89
921.01
927.93
921.01
922.92
25021.79
905.99
880.00
878.10
880.00
932.93
925.06
926.02
922.92
936.03
923.87
924.11
922.20
25002.96
898.84
885.01
880.96
886.92
883.10
874.04
879.05
877.14
880.96
874.04
873.80
874.04
24899.01
975.13
921.96
921.96
916.96
922.92
911.00
912.90
911.95
16952.04
952.01
907.90
900.98
911.95
905.04
901.94
893.83
905.04
870.94
898.84
902.89
898.12
909.09
901.94
896.93
901.94
895.98
17019.03
919.10
923.16
916.00
928.16
915.05
914.10
916.00
915.05
911.95
913.86
906.94
917.20
906.94
897.88
898.12
892.16
16938.92
947.95
909.09
904.08
905.99
935.08
934.84
932.93
933.17
943.90
927.93
936.03
936.03
936.03
931.02
932.93
931.02
16970.16
958.20
911.00
905.99
906.94
913.14
889.06
883.10
885.01
877.86
916.00
918.87
932.93
929.12
926.02
918.15
926.97
923.16
17020.94
933.89
923.87
924.11
917.20
905.99
906.94
900.03
898.12
890.02
886.92
883.82
875.95
866.17
905.99
910.04
907.18
16958.95
934.12
888.11
885.01
880.96
891.92
872.14
869.99
873.09
874.04
876.90
886.20
895.02
897.17
13016.94
947.95
933.17
917.91
920.06
916.00
909.09
919.10
918.15
917.91
910.04
912.90
913.86
25007.01
940.08
931.98
923.87
930.79
923.87
922.92
924.11
914.10
890.02
882.15
877.86
870.94
24989.84
910.04
890.97
892.16
891.92
897.88
916.96
901.94
907.90
913.14
911.00
926.02
925.06
25011.06
926.02
904.80
901.94
914.81
902.89
892.88
894.07
887.87
885.01
880.96
885.01
882.86
24960.99
943.90
924.83
922.92
926.02
912.90
907.18
905.99
900.03
905.99
896.93
896.93
886.20
24934.05
971.08
933.17
936.99
933.17
895.98
897.88
901.94
900.03
916.96
909.81
895.02
895.98
908.85
902.18
895.98
903.84
900.98
941.04
931.98
931.98
930.07
17022.13
954.15
936.99
926.97
921.96
902.18
893.12
890.97
903.13
890.97
888.82
890.02
880.96
890.97
885.01
876.90
884.06
16910.08
947.00
899.08
889.06
880.96
891.92
880.00
873.09
869.99
869.99
870.94
871.18
874.04
869.99
881.20
880.96
878.10
881.91
889.06
16968.97
910.04
906.94
920.77
916.00
918.15
906.94
909.81
923.87
931.02
921.01
936.03
926.02
884.06
881.91
882.86
879.05
16966.82
941.04
920.06
921.01
912.90
908.14
916.96
923.87
926.02
940.08
933.89
923.87
930.79
944.85
937.94
940.08
935.08
16983.99
929.12
900.03
898.12
893.12
890.02
888.11
890.02
890.97
883.10
940.08
932.93
934.12
929.12
938.89
935.08
942.95
938.89
17001.15
945.09
932.93
924.11
933.17
929.12
918.87
927.93
935.79
937.94
920.06
918.87
913.14
877.14
881.91
898.84
898.84
17020.94
911.00
900.98
901.94
892.88
919.82
916.96
914.10
916.96
911.95
905.99
911.00
904.08
911.00
904.08
902.18
908.14
24951.93
969.89
916.00
905.99
891.21
901.94
894.07
890.97
891.92
902.89
937.94
947.00
932.93
24973.15
941.99
895.98
889.06
888.11
890.02
875.00
875.00
869.99
886.92
875.00
894.07
893.12
895.98
25039.20
940.08
917.91
912.90
919.82
912.19
908.14
906.94
909.81
894.07
890.02
888.11
885.96
25009.87
944.85
927.93
929.12
941.04
928.88
940.08
933.89
946.04
933.17
939.13
943.90
24969.82
998.02
944.14
943.90
941.99
955.10
942.95
941.99
942.95
950.10
937.94
941.04
937.94
21003.96
902.18
894.07
891.92
8925.91
948.19
906.94
900.03
904.08
866.89
890.02
886.92
882.86
905.04
978.95
961.78
972.99
24997.95
957.01
908.14
905.99
901.22
935.08
910.04
903.13
905.99
905.04
922.92
908.14
916.96
24940.01
988.01
938.89
935.08
931.02
898.84
887.87
882.86
886.20
888.11
887.87
875.00
887.16
885.01
25017.98
931.02
926.97
922.20
930.07
914.10
921.01
924.11
911.95
923.87
918.87
916.00
24943.11
977.04
924.11
919.10
917.20
921.01
915.05
922.20
916.96
913.86
918.87
912.19
916.00
40950.06
937.94
898.12
888.11
888.11
876.90
890.97
882.15
894.07
904.08
888.11
885.96
885.01
886.92
24990.80
921.01
908.14
910.04
924.11
911.00
908.85
907.18
902.89
891.92
895.02
895.98
897.17
25002.00
937.94
926.02
914.10
921.96
916.96
914.10
913.14
916.00
916.96
911.00
915.05
911.95
25018.93
969.89
955.10
930.07
939.13
934.12
934.12
931.98
918.15
913.14
920.06
915.05
921.96
25026.08
947.00
939.13
931.02
907.18
926.97
924.83
934.84
941.99
942.95
938.89
939.13
24963.14
930.07
882.15
884.06
876.90
890.02
890.97
892.88
889.06
900.98
895.98
904.08
899.08
905.99
898.12
908.14
911.00
902.89
16945.12
980.14
931.02
926.02
912.90
877.14
877.86
881.91
881.91
895.98
902.89
900.03
894.07
903.13
906.94
898.12
903.13
914.10
17015.93
939.13
917.20
907.90
917.91
905.04
906.94
894.07
886.20
875.95
886.92
894.07
900.03
916.00
906.94
913.14
904.08
16963.01
952.01
907.90
911.95
904.08
917.20
916.96
914.81
926.97
922.92
916.96
910.04
914.81
903.84
874.04
892.16
899.08
911.00
16990.90
903.13
885.96
894.07
881.91
928.88
923.16
922.92
923.87
920.06
916.00
916.00
911.95
924.11
916.00
919.82
917.91
16960.86
969.89
932.93
924.11
921.96
924.83
921.01
923.87
929.83
952.96
970.13
972.99
966.07
975.13
962.02
961.07
960.83
13034.82
913.86
895.02
889.06
899.08
887.16
878.10
881.91
875.00
874.04
891.92
911.24
907.90
24947.88
967.98
925.06
925.06
918.87
977.99
984.91
984.91
993.97
984.91
991.11
988.01
988.96
25056.84
987.05
988.96
990.87
985.15
983.95
985.86
988.01
989.91
987.05
984.19
992.06
25043.01
970.13
965.12
971.08
972.99
963.93
967.03
958.92
969.17
960.11
960.11
962.97
25045.16
936.99
917.91
920.06
922.92
918.15
916.96
921.01
915.05
869.04
875.00
880.96
888.11
24998.90
967.98
971.08
956.06
932.93
923.16
931.02
925.06
945.09
931.02
941.99
941.99
926.02
32978.06
903.84
890.97
885.96
891.92
886.92
890.02
884.06
889.06
893.12
885.01
886.92
889.06
24981.02
929.12
918.15
911.95
921.01
917.91
916.00
907.90
911.95
923.16
906.94
901.94
898.12
24983.17
929.12
911.95
899.08
899.79
895.02
900.03
895.98
898.84
911.95
889.06
885.01
886.92
24912.83
957.97
911.00
926.02
911.95
916.96
915.05
928.16
917.91
932.93
928.16
922.92
919.82
24965.05
