1222.85
1242.88
1223.80
1230.00
25254.96
1295.09
1237.87
1226.90
1240.97
1226.90
1232.15
1231.91
1235.01
1210.93
25280.00
1244.07
1237.15
1235.01
1224.04
1228.09
1221.18
1229.05
1222.85
1218.80
25298.83
1155.85
1137.02
1120.09
1182.08
1185.18
1179.93
1196.86
1187.09
1178.98
25244.95
1188.99
1201.87
1153.95
1149.89
1138.93
1141.07
1143.22
1180.89
1185.89
25256.16
1207.11
1177.07
1183.03
1183.99
1198.05
1196.86
1175.88
1120.09
1123.19
25182.96
1205.92
1153.95
1152.99
1180.89
1219.99
1192.81
1214.98
1203.06
1196.15
23386.00
1268.86
1188.99
1127.96
1116.99
1129.87
1125.81
1124.86
1118.90
25250.91
1204.97
1179.93
1191.14
1198.05
1176.12
1183.99
1201.87
1204.97
1219.03
25322.91
1180.89
1168.01
1199.01
1680.85
1148.94
1149.89
1144.17
1154.90
1152.99
25266.89
1143.93
1176.12
1166.11
1145.12
1149.89
25134.80
1230.00
1178.98
1178.98
1194.00
1183.03
1156.09
1169.92
1162.05
1164.91
1180.89
1205.21
1191.85
1224.99
25328.16
1158.00
1138.93
1152.04
1146.08
1144.89
1139.88
1148.94
1209.02
1199.01
25280.95
1242.16
1228.09
1198.05
1180.17
1182.08
1185.89
1196.86
1188.04
1186.85
25465.01
1209.97
1171.11
1183.03
1163.96
1181.84
1178.98
1183.99
1178.03
1166.11
37286.04
1134.16
1116.99
1129.87
1116.99
1122.95
1115.80
25234.94
1131.06
1130.10
1140.12
1132.01
1120.81
1162.05
25327.92
1174.93
1176.12
1157.05
1121.04
1125.81
1144.89
37277.94
1156.09
1137.97
1136.06
1183.99
1189.95
25249.00
1219.99
1171.11
1148.94
1163.96
1159.19
1148.94
21220.92
1154.18
1132.01
1131.06
1129.15
1116.99
1111.03
25179.15
1149.18
1177.07
1122.95
1134.87
1112.22
1112.94
1130.82
1119.85
1114.85
1115.80
41250.94
1158.00
1127.96
1122.95
1131.06
1137.97
1122.95
33277.03
1204.97
1202.11
1191.14
1183.03
1177.07
25244.95
1230.00
1191.14
1182.08
1183.03
1171.11
1188.04
25289.06
1222.13
1152.99
1145.84
1173.97
1172.07
1177.07
1183.03
1175.88
1173.02
25240.90
1165.87
1140.12
1140.12
1140.12
1133.92
1128.91
1129.15
1121.04
1127.96
1133.92
25280.95
1169.92
1159.91
1150.13
1122.95
1134.87
1147.03
1135.83
1138.93
1147.99
25264.02
1243.11
1221.90
1191.85
1122.00
1127.96
1125.81
1159.91
1123.19
1137.02
25192.02
1225.95
1207.11
1194.00
1132.01
1142.02
1142.02
25260.21
1220.94
1205.92
1213.07
1213.07
1198.05
21255.02
1236.92
1173.97
1142.98
1168.01
1132.01
1128.91
1133.92
1154.18
1136.06
1130.10
25249.96
1157.05
1143.93
1151.08
1140.12
1152.04
1143.93
1115.80
1149.89
1145.84
25233.03
1195.91
1147.99
1133.92
1118.18
1135.11
1143.93
1143.93
1139.16
1147.03
1130.10
29304.98
1189.23
1196.86
1199.96
1188.04
1188.04
1193.05
1178.03
1176.83
1184.94
29295.92
1194.00
1188.04
1194.95
1182.08
1202.11
1188.04
1222.13
1222.13
25263.07
1207.11
1140.12
1121.04
1131.06
1183.03
1202.11
1191.14
1183.03
1188.99
1181.13
25268.08
1151.08
1138.93
1123.91
1160.14
1158.95
1157.05
1197.81
1209.02
1173.02
25269.03
1162.05
1136.06
1130.10
1159.91
1164.91
1156.09
1173.02
1155.14
1152.99
25233.03
1215.93
1183.99
1183.03
1180.17
1183.99
1197.10
1192.09
1185.89
1190.90
13252.02
1188.04
1162.05
1153.95
1161.81
1158.95
1146.08
1162.77
1151.08
1152.99
33194.07
1231.19
1189.95
1182.79
1188.04
1174.93
1178.98
1183.03
1169.92
1173.02
1175.88
25259.97
1173.02
1172.07
1168.01
1173.02
1178.03
1189.95
1183.03
1177.07
1172.07
25305.03
1230.00
1223.80
1177.07
1168.97
1173.02
1178.03
1197.10
1168.01
1161.10
25312.90
1197.81
1099.82
1144.89
1155.85
1173.97
1160.14
1156.09
1149.89
1162.05
25277.85
1160.86
1151.80
1152.04
1163.96
1181.84
1190.90
1180.17
1161.10
1182.08
25254.96
1228.09
1219.03
1214.98
1148.94
1169.92
1151.08
1177.07
1167.06
1160.14
25216.10
1230.00
1687.05
1158.95
1178.03
1183.03
1188.99
1173.97
1172.07
1192.09
25281.19
1158.00
1136.06
1127.96
1180.89
1170.16
1184.94
21309.85
1195.91
1204.97
1196.15
1190.90
1206.87
1178.03
1159.19
1147.99
1147.99
25303.84
1225.95
1259.09
1146.08
1173.97
1156.09
1166.11
1152.04
1153.95
1158.00
25259.02
1151.08
1143.93
1143.93
1139.16
1134.87
1126.05
1138.93
1138.93
1136.06
25198.22
1152.99
1099.82
1104.12
1122.00
1113.89
1110.79
1119.85
1116.99
1115.08
1115.08
25218.96
1128.91
1122.00
1127.00
1116.99
1125.10
1115.08
1130.10
1120.09
1116.99
25186.06
1167.06
1136.06
1131.06
1144.17
1134.87
1136.06
1146.08
1143.93
1141.79
1143.93
25250.20
1167.06
1166.11
1159.91
1155.85
1155.85
1163.01
1179.93
1170.16
1158.00
41267.16
1209.97
1178.03
1193.05
1184.94
1191.14
1182.08
1206.16
1222.85
1224.99
17319.92
1196.86
1173.97
1185.89
1174.93
1174.93
1175.17
1174.93
1159.91
1158.00
25255.92
1209.02
1172.07
1174.93
1173.02
1168.01
1172.07
25243.04
1149.18
1143.93
1153.95
1148.94
1152.04
1153.95
1137.02
1129.87
1129.87
25194.88
1208.78
1184.94
1190.19
1173.97
1181.13
1176.12
1190.90
1169.92
1178.03
25233.98
1224.99
1186.13
1183.99
1173.02
1190.90
1171.11
1170.16
1187.09
1194.00
25246.86
1245.02
1208.07
1212.12
1205.92
1212.84
1201.15
1205.92
1177.07
1165.87
25232.08
1187.09
1152.04
1150.13
9247.06
1160.14
1147.99
1142.98
1158.00
1155.85
25210.14
1214.03
1194.00
1172.07
1178.03
1171.11
1163.01
25253.06
1212.84
1177.07
1175.88
1165.87
1165.87
1183.99
1170.16
1165.87
1168.97
17234.09
1168.01
1147.03
1152.04
1164.20
1143.93
1149.18
1164.91
1158.95
1147.03
1155.14
21250.96
1144.89
1129.87
1145.12
1129.15
1138.93
25189.16
1204.01
1156.81
1152.99
1156.09
1151.08
1163.01
1155.14
1155.14
1152.99
1156.09
25254.01
1170.16
1150.13
1159.91
1154.90
1155.14
1147.99
1169.20
1161.10
1150.85
21220.92
1176.83
1147.03
1142.98
1164.91
1152.04
1152.04
25264.02
1152.99
1132.97
1129.87
1132.97
1137.02
1132.01
1142.98
1127.96
1136.06
21204.95
1217.13
1169.92
1171.83
1187.09
1169.20
1173.02
25236.13
1214.03
1173.97
1176.83
1171.83
1188.04
1187.09
1190.90
1197.81
1188.04
25259.02
1188.99
1153.95
1156.09
1173.02
1181.84
1200.91
1193.05
1186.85
1187.80
25265.93
1222.85
1186.85
1187.80
1184.94
1183.99
1194.00
1193.05
1188.04
1184.23
25259.97
1201.15
1188.04
1181.13
1178.03
1175.88
1199.01
1195.91
1194.00
1179.93
25258.06
1227.14
1194.95
1189.95
1169.92
1173.02
1183.99
1195.19
1173.02
1168.01
21255.97
1208.07
1181.13
1162.05
1175.17
1164.91
1163.01
1166.11
1176.12
1194.95
25264.98
1199.01
1151.08
1147.99
1168.97
1176.83
1184.94
17260.07
1162.05
1133.20
1132.97
1162.05
1153.95
1155.85
21255.97
1194.00
1173.97
1200.91
1193.05
1188.04
1192.09
1122.00
1134.16
1125.10
29190.06
1186.13
1151.08
1145.12
1157.05
1147.03
1141.07
25226.83
1166.82
1145.84
1137.02
1123.91
1121.04
1117.94
33248.90
1183.03
1161.10
1168.97
1152.99
1160.14
1165.87
25286.91
1253.13
1178.03
1182.08
1172.07
1166.82
25245.90
1229.05
1188.04
1184.94
1233.10
1245.02
1228.09
25321.01
1186.85
1167.06
1162.05
1165.87
1189.95
1185.18
1189.95
1181.84
1186.85
25300.98
1199.01
1168.97
1203.06
1184.94
1187.09
1182.08
1180.17
1188.99
1198.77
25319.81
1190.90
1189.95
1178.03
1165.15
1163.96
1163.96
1197.10
1160.14
1158.00
25238.04
1205.21
1174.93
1154.18
1142.98
1157.05
1151.08
29314.04
1180.17
1172.07
1163.01
1192.09
1199.01
25252.82
1167.06
1132.97
1124.86
1129.87
1130.10
1120.09
25178.19
1250.98
1224.04
1206.87
1175.17
1148.94
1139.88
9204.15
1219.99
1175.88
1195.91
1188.04
1181.84
1168.97
17291.07
1202.11
1192.09
1193.05
1190.19
1188.04
1194.95
1188.99
1185.89
1182.79
25300.98
1199.96
1191.14
1196.86
1191.85
1183.99
1197.10
1187.09
1182.08
1183.03
25275.95
1141.07
1134.87
1127.00
1134.87
1146.79
1155.85
1153.95
23714.07
1185.89
1164.20
1149.89
1178.98
1181.13
1186.85
25266.89
1140.83
1132.01
1131.06
1135.11
1127.96
1132.01
1142.02
1127.96
1125.10
25195.12
1199.96
1168.01
1162.05
1165.87
1148.94
1151.08
1140.12
1158.00
1152.04
29237.03
1219.03
1188.04
1183.03
1194.00
1184.94
1172.07
1172.07
1178.03
1175.17
25212.05
1248.84
1180.89
1185.18
1194.95
1189.95
1171.11
1173.97
1134.16
1147.03
1148.22
25301.93
1199.96
1175.88
1182.08
1178.03
1178.98
1168.01
1131.06
1131.06
1127.96
21238.09
1167.06
1160.86
1168.97
1156.09
1157.05
1159.19
1168.97
1165.15
1160.14
25221.11
1199.01
1166.11
1168.97
1169.92
1159.19
1142.98
1165.87
1157.05
1147.99
25236.13
1188.99
1170.16
1159.91
1172.78
1165.87
1167.06
1178.98
1171.11
1168.01
25210.14
1245.02
1189.95
1186.13
1183.99
1190.90
1188.04
1180.17
1199.01
1186.13
21240.00
1232.86
1159.91
1147.03
1154.90
1129.15
1127.00
17201.90
1184.94
1147.03
1144.89
1152.99
1142.98
1141.07
17216.92
1219.03
1184.94
1188.99
1179.93
1177.07
1176.12
1169.92
1170.87
1159.91
17235.99
1216.89
1178.03
1182.08
1193.05
1178.03
1185.89
1198.05
1182.79
1178.98
25254.96
1245.02
1198.05
1193.05
1184.94
1177.07
1188.04
1196.15
1188.99
1176.83
25247.81
1218.08
1168.01
1170.16
1178.03
1197.10
1190.90
1183.03
1183.99
1173.02
25234.94
1211.88
1183.99
1198.05
1183.03
1196.15
1193.05
1178.03
1175.17
1168.01
25235.89
1254.08
1191.14
1194.95
1150.13
1180.17
1154.90
1169.92
1173.97
1152.99
1149.89
33284.90
1183.99
1181.13
1187.09
1148.94
1159.91
21227.12
1188.99
1155.85
1163.01
1167.06
1158.00
1155.85
1151.80
1123.91
1125.10
1129.15
25298.83
1173.97
1163.01
1157.05
1117.94
1123.19
17160.89
1204.97
1142.02
1153.95
1132.01
1174.93
1167.06
25255.92
1192.09
1157.05
1149.89
1157.05
1153.95
1150.13
25222.06
1187.09
1163.01
1144.17
1155.85
1145.12
1147.99
25273.80
1204.97
1188.99
1190.90
1154.90
1147.03
1144.89
1155.85
1157.05
1153.95
24905.92
1200.91
1194.95
1183.03
1192.09
1168.01
1159.91
17234.80
1157.05
1130.10
1123.91
1155.85
1175.88
1186.85
17270.80
1158.00
1140.12
1143.93
1133.92
1134.87
1132.97
25256.87
1158.95
1142.98
1152.99
1142.02
1137.02
1142.98
25285.96
1191.14
1175.88
1152.99
1158.00
1147.99
1147.03
22861.00
1157.05
1146.08
1144.89
1137.97
21234.04
1198.05
1159.91
1165.87
1219.03
1204.01
1199.96
1204.97
1201.87
1201.15
25285.96
1163.96
1143.93
1143.93
1144.89
1145.12
1141.07
1142.02
1163.96
1155.85
25230.88
1180.89
1138.93
1131.06
1142.98
1127.96
1132.97
33207.89
1212.84
1169.20
1157.05
1143.93
1129.87
1133.92
25213.00
1215.93
1180.17
1205.92
1188.04
1170.16
1194.95
25308.85
1191.85
1188.99
1190.90
1194.00
1196.86
25261.88
1226.19
1184.94
1183.99
1180.89
1201.87
1193.05
1195.91
1196.15
1193.05
25261.16
1188.99
1141.79
1143.93
1183.99
1179.93
1183.03
1194.95
1176.12
1179.93
25233.03
1184.94
1137.02
1131.06
1152.99
1135.83
1137.02
1142.02
1126.05
1126.05
1124.14
25262.12
1194.00
1178.98
1168.01
1121.04
1129.15
1127.00
1140.83
1124.86
1129.87
25202.99
1218.08
1175.17
1183.03
1205.92
1212.84
1212.84
1219.99
1199.01
1204.01
25266.89
1184.94
1149.18
1152.04
1173.02
1156.09
1169.20
13275.86
1200.91
1168.97
1178.98
1142.98
1153.95
1166.11
1173.02
1165.87
1156.81
25230.88
1206.87
1192.81
1188.99
1147.03
1163.96
1163.01
1189.95
1161.81
1159.91
25226.12
1209.97
1188.04
1168.97
1127.00
1157.05
1147.99
1164.20
1155.85
1158.95
1148.94
25254.01
1147.99
1133.92
1132.97
1121.04
1119.85
1131.06
1125.81
1123.91
1118.18
25204.90
1237.87
1202.82
1195.91
1199.96
1192.81
1181.84
1149.89
1134.87
1142.02
19173.86
1200.91
1210.93
1181.13
1190.90
1184.94
1199.96
1191.85
1183.99
1250.03
1172.07
1175.17
1187.09
1169.92
1168.01
1175.88
1165.87
1158.95
1163.01
25296.93
1187.09
1168.01
1163.01
1157.05
1159.91
1166.82
1163.96
1157.05
1161.10
25278.09
1175.17
1160.86
1164.91
1161.10
1152.99
1158.95
1129.15
1127.00
1132.01
33197.16
1177.07
1139.16
1141.07
1152.99
1135.11
1132.01
33221.96
1193.05
1152.99
1178.03
1184.94
1188.04
1183.03
1204.01
1190.19
1181.84
25234.94
1205.21
1177.07
1178.98
1180.89
1187.09
1173.97
1148.94
1114.13
1115.08
29180.05
1219.99
1200.91
1199.96
1200.20
1193.05
1200.91
25261.88
1168.01
1133.92
1136.06
1127.00
1119.14
1125.10
29227.02
1155.14
1132.01
1143.93
1141.07
1141.07
1140.12
25259.97
1154.18
1135.11
1148.94
1143.93
1146.08
1143.93
1183.99
1158.00
1163.01
21239.04
1186.13
1148.94
1140.83
1149.89
1139.88
1137.02
25224.92
1216.17
1191.85
1180.89
1147.99
1149.89
1147.99
1153.95
1149.89
1144.17
49221.04
1216.17
1168.01
1167.06
1188.99
1198.05
1194.00
13302.09
1208.07
1188.04
1184.94
1181.84
1175.88
1178.98
17285.11
1203.06
1192.09
1197.10
1193.05
1167.06
29271.13
1168.97
1142.02
1138.93
1155.14
1148.94
1140.83
1133.92
1177.07
1163.01
1169.92
9280.92
1188.04
1178.03
1178.03
1162.05
1163.01
9231.09
1173.97
1138.93
1135.83
1171.83
1173.97
1177.07
9244.20
1167.06
1138.93
1155.85
1177.79
1186.85
1188.99
1191.14
1178.03
1178.98
21248.82
1210.93
1160.86
1132.01
1168.01
1163.96
1170.16
25289.06
1178.03
1188.04
1168.01
1190.90
1206.87
1197.81
1204.97
1196.15
1195.91
25292.16
1183.99
1176.83
1181.84
1158.00
1147.03
1149.89
1151.08
1175.17
1172.07
29270.89
1215.93
1180.17
1190.90
1144.89
1166.11
1169.92
21313.91
1212.12
1194.95
1199.96
1194.95
1188.04
1188.04
1126.05
1125.10
1127.96
25264.02
1194.95
1173.97
1192.09
1188.99
1173.02
1179.93
17272.95
1165.87
1158.95
1147.03
1183.03
1188.99
25263.07
1183.99
1143.93
1132.97
1112.94
1152.04
1166.11
1173.02
1162.05
1170.16
1173.97
41283.85
1185.89
1168.01
1168.01
1158.95
1163.01
21219.02
1207.11
1174.93
1158.00
1173.97
1170.16
1173.02
17239.09
1235.01
1194.00
1195.91
1188.99
1178.98
1186.13
29291.87
1165.87
1158.95
1164.20
1152.04
1148.94
1153.95
1178.03
1172.78
1178.03
25301.93
1213.79
1183.99
1173.97
1152.99
1162.05
1151.08
1162.05
1156.09
1149.18
29211.04
1168.01
1137.97
1135.11
1131.06
1127.00
1123.91
25216.10
1181.13
1146.08
1141.07
1137.02
1148.94
1157.05
29315.95
1187.09
1173.97
1174.93
1163.96
1163.96
1165.15
25278.09
1168.01
1156.09
1167.06
1142.98
1145.84
1137.97
1111.03
1121.04
1117.94
21238.09
1158.00
1132.01
1134.87
1131.06
1132.01
1123.91
21250.01
1155.14
1133.92
1126.05
1170.87
1183.99
1188.99
29291.15
1154.90
1153.95
1153.95
1140.83
1137.02
1137.02
25241.14
1151.08
1132.01
1140.12
1127.00
1129.87
21157.98
1261.95
1179.93
1173.02
1163.01
1130.82
1127.00
17193.08
1170.87
1135.11
1130.10
1143.93
1132.01
1132.97
29186.01
1218.08
1199.01
1181.84
1198.05
1183.03
1178.03
1211.17
1182.08
1192.09
25244.95
1223.80
1196.86
1183.99
1193.05
1190.19
1187.09
1202.11
1199.96
1182.08
25253.06
1219.99
1198.05
1188.04
1201.87
1188.99
1190.90
1204.01
1186.85
1186.85
25247.81
1223.09
1195.91
1179.93
1193.05
1188.04
1180.89
1202.82
1187.80
1181.84
25248.05
1225.95
1194.95
1196.15
1190.90
1189.95
1183.03
1201.87
1187.80
1185.89
25269.99
1178.03
1143.93
1131.06
1180.17
1194.95
1175.88
1192.09
1178.98
1181.84
25244.95
1223.09
1188.99
1179.93
1193.05
1182.08
1178.03
1168.97
1125.10
1122.00
1120.09
25253.06
1162.77
1157.05
1158.00
1160.14
1147.99
17220.02
1201.87
1152.99
1147.03
1162.05
1146.08
1147.03
29212.95
1182.08
1161.10
1150.13
1163.01
1151.80
1158.95
1137.02
1142.98
1145.12
1143.93
25282.86
1188.99
1169.92
1169.92
1123.19
1122.00
1131.06
1118.18
1120.09
1122.95
37256.00
1193.05
1200.91
1175.88
1152.04
1164.91
1155.85
25294.07
1184.94
1189.95
1175.88
1188.99
1189.95
1197.10
1191.14
1188.04
1183.03
33285.14
1168.97
1155.85
1157.05
1127.00
1146.08
21191.12
1198.05
1139.16
1125.10
1144.89
1117.94
1134.16
25186.06
1194.95
1155.85
1149.89
1152.99
1142.98
1140.12
29197.93
1201.87
1169.92
1155.14
1168.97
1151.80
1151.80
1147.99
1163.01
1163.01
1163.01
25268.08
1177.07
1166.11
1165.87
1149.89
1138.21
1137.97
1132.97
1140.12
1133.92
29265.17
1194.95
1176.83
1161.81
1184.94
1182.08
1197.81
25238.04
1146.08
1139.88
1144.89
1136.78
1133.92
29181.00
1245.02
1183.99
1191.14
1188.99
1178.98
1174.93
25243.04
1199.01
1171.11
1168.01
1172.07
1162.05
1155.14
1153.95
1182.79
1182.08
25276.90
1203.06
1164.91
1169.92
1178.98
1175.88
1176.83
1185.89
1181.13
1178.98
29247.05
1179.93
1142.02
1127.96
1122.24
1173.02
1160.14
1162.05
1167.06
1162.05
1151.08
17265.08
1149.18
1137.97
1141.07
1132.97
1134.87
1125.81
17292.02
1189.95
1191.85
1195.91
1196.86
1175.17
1197.10
1180.89
1181.84
1188.99
25244.95
1150.13
1128.20
1137.02
1131.06
1128.20
1125.10
1147.03
1141.07
1143.93
25214.91
1216.17
1188.04
1188.04
1176.12
1178.98
1178.98
1174.93
1155.85
1155.85
23026.94
1206.87
1200.20
1179.93
1178.03
1171.11
1179.93
1188.99
1179.93
25282.86
1189.95
1173.02
1177.79
1152.04
1147.03
17184.97
1235.01
1155.14
1164.91
1141.07
1163.01
1167.06
25228.98
1182.08
1146.08
1150.13
1179.93
1182.08
1178.98
1182.08
1177.07
1179.93
33262.97
1179.93
1141.07
1140.12
1124.14
1173.97
1168.01
21254.06
1195.91
1160.86
1158.95
1165.15
1168.01
1155.14
9207.01
1189.23
1152.99
1152.99
1167.06
1165.87
1162.05
25274.04
1147.99
1132.97
1143.93
1132.97
1127.00
1128.91
29290.20
1209.97
1179.22
1180.89
1122.95
1136.06
1125.10
25305.03
1202.82
1200.20
1208.07
1189.95
1193.05
1179.93
1127.00
1128.91
1132.97
25259.97
1151.80
1138.93
1155.14
1200.91
1191.85
25264.98
1175.17
1139.88
1137.02
1122.00
1163.01
1168.01
1172.07
1182.08
1176.12
1162.05
29253.96
1151.80
1141.79
1133.92
1124.14
1132.01
1125.81
33305.88
1205.92
1195.91
1191.85
1156.09
1147.03
17227.89
1200.91
1170.16
1158.00
1155.14
1166.11
1173.97
1180.89
1167.06
1168.97
37221.91
1203.06
1152.04
1152.04
1158.95
1149.89
1151.08
25219.20
1169.92
1154.90
1154.18
1158.00
1132.01
1129.87
25202.99
1222.13
1180.89
1201.87
1142.02
1152.99
1151.08
1159.19
1158.00
1161.10
25224.21
1204.01
1168.01
1155.85
1127.00
1127.00
1123.91
1137.02
1127.96
1132.97
22180.80
1204.01
1181.13
1194.95
1189.95
1176.83
1174.93
1165.15
1162.05
1163.96
25232.79
1214.98
1187.09
1189.95
1178.03
1187.80
1186.85
1163.96
1145.12
1153.95
25226.83
1206.87
1164.91
1175.17
1158.95
1157.05
1161.81
1151.80
1152.99
1152.99
25223.02
1236.92
1221.90
1204.97
1206.87
1203.06
1209.97
1190.19
1162.05
1155.14
25219.92
1250.98
1204.01
1191.14
1116.99
1133.20
1144.89
1153.95
1144.17
1142.98
1142.98
25280.00
1182.08
1168.97
1159.91
1147.99
1141.07
29197.93
1245.98
1202.11
1188.04
1199.01
1170.87
1189.95
17275.09
1206.87
1169.92
1181.84
1176.83
1170.87
1179.22
25307.89
1169.92
1160.14
1168.01
1162.05
1160.86
21192.79
1198.05
1141.07
1131.06
17256.02
1168.01
1147.99
1147.03
1152.99
1173.02
1158.00
25270.22
1155.14
1127.00
1124.14
1153.95
1163.01
1155.14
1180.17
1163.96
1169.92
37251.95
1193.05
1161.10
1168.01
1155.14
1157.05
1144.89
21277.90
1201.87
1176.83
1200.20
1177.07
1173.02
21234.99
1225.95
1183.99
1178.03
13310.91
1165.87
1163.96
1151.08
1151.08
1157.05
10020.97
1205.92
1191.85
1179.93
1122.00
1132.97
1145.12
1158.00
1141.79
1149.89
25227.79
1208.07
1168.97
1166.11
1163.01
1181.84
1174.93
1177.79
1168.97
1187.09
25253.06
1245.98
1210.93
1195.91
1167.06
1179.93
1188.99
1198.05
1178.03
1182.08
25254.01
1233.82
1205.92
1195.19
1147.99
1169.20
1170.87
1172.07
1161.10
1157.05
25239.94
1248.84
1201.87
1183.03
1188.04
1193.05
1196.15
1206.87
1192.81
1193.05
25270.94
1193.05
1148.94
1142.02
9258.99
1154.18
1137.97
1144.17
1184.94
1179.93
25271.18
1191.14
1157.05
1141.07
1162.05
1145.12
1139.16
1134.87
1204.97
1204.01
1194.00
17271.04
1177.07
1161.10
1173.02
1171.11
1157.05
1172.07
1160.14
1161.10
1158.00
25249.00
1151.08
1134.16
1139.88
1168.97
1177.07
1172.07
1185.18
1168.01
1169.92
25285.96
1178.98
1152.99
1159.91
1166.82
1160.86
1159.91
25310.04
1177.79
1168.01
1163.96
1158.95
1152.04
1161.10
1142.02
1141.07
1142.02
17218.11
1199.01
1168.01
1175.17
1163.96
1165.87
1165.15
17285.11
1179.93
1148.94
1157.05
1160.14
1141.07
1145.12
25251.15
1159.91
1149.89
1154.90
1147.99
1138.93
25198.94
1198.05
1152.04
1142.98
1140.12
1133.92
1123.19
29196.02
1225.95
1198.05
1183.99
1188.04
1184.94
1191.14
1204.01
1185.89
1184.94
25246.86
1222.85
1191.85
1186.85
1193.05
1184.94
1181.84
1190.19
1179.93
1158.00
29235.84
1224.99
1208.07
1188.04
1196.86
1189.95
1186.13
17261.98
1163.01
1138.93
1136.06
1130.82
1130.10
1128.20
25257.11
1202.11
1184.94
1185.89
1118.90
1116.99
1125.81
25285.01
1207.11
1194.00
1193.05
1185.18
1184.94
21269.08
1177.79
1132.97
1129.15
1138.93
1132.01
1133.92
31039.00
1211.88
1191.85
1166.82
1172.07
25229.93
1209.97
1181.13
1163.96
1177.07
1171.11
14290.09
1161.81
1128.91
1123.19
1158.00
1166.11
1158.00
25216.10
1157.05
1127.96
1127.00
1136.06
1122.00
1123.19
1114.13
1147.99
1145.12
1151.08
29284.95
1190.90
1183.03
1178.03
1168.01
1172.78
1180.89
1135.11
1138.21
1139.88
17264.13
1168.01
1163.01
9216.07
1209.97
1181.84
1172.07
1173.02
1188.99
1178.98
25286.91
1172.07
1155.14
1163.01
1158.00
19180.06
1169.92
1150.85
1160.86
1167.06
1163.01
1163.01
37260.06
1151.08
1137.02
1139.16
1127.96
1132.97
1127.96
25290.01
1199.96
1171.11
1147.99
1156.09
1136.06
25202.04
1190.90
1138.93
1124.14
1138.93
1127.96
1119.85
25158.88
1225.95
1151.80
1155.85
1171.83
1151.80
1152.04
1152.99
1150.85
1146.79
1148.94
25272.13
1183.03
1163.01
1167.06
1158.95
1144.17
1142.02
1150.13
1142.98
1141.79
25224.92
1174.93
1140.12
1133.92
1123.19
1135.11
1124.86
1131.06
1183.99
1158.00
25253.06
1204.01
1173.97
1161.10
1126.05
1114.13
1113.18
1145.84
1139.88
1137.97
1136.06
25281.91
1188.04
1177.07
1163.01
1185.18
1185.89
1181.84
1181.84
1168.97
1166.11
1168.97
1195.91
1178.98
29258.01
1178.03
1167.06
1154.18
1146.08
1169.92
1163.01
1168.97
1149.89
1151.08
25181.06
1263.86
1204.01
1188.04
1162.05
1125.10
1116.99
1142.02
1122.95
1124.14
1116.99
25252.82
1195.91
1181.13
1192.09
1183.03
1181.13
1177.07
1188.99
1174.93
1180.17
25283.10
1161.10
1143.93
1145.12
1137.97
1135.83
1130.10
1130.10
1163.96
1152.04
25216.10
1213.07
1180.89
1165.87
1174.93
1158.00
1147.99
1173.02
1150.13
1138.93
33154.96
1230.00
1148.94
1137.97
1122.95
1161.10
1177.07
1173.97
1169.92
1167.06
1169.92
25269.99
