1018.05
982.05
967.98
983.00
972.99
969.17
982.05
967.98
980.85
978.95
972.99
25034.90
1021.15
982.05
971.08
968.93
962.02
967.03
960.83
976.09
982.05
972.99
966.79
21000.86
1046.90
984.91
965.83
973.94
970.13
977.99
967.03
973.94
975.85
971.79
980.85
977.04
25049.92
987.05
984.91
980.85
9066.82
1029.97
993.01
1008.03
992.06
988.01
981.09
17012.12
1029.97
986.10
982.05
988.01
977.99
972.03
977.04
972.99
17113.92
1058.10
1029.97
1033.78
1034.98
1033.07
1032.11
25073.05
1046.90
1008.03
993.97
998.02
1017.09
1013.04
1024.96
1038.07
1016.14
1019.95
1024.01
25129.08
1055.00
1029.97
1029.01
1006.13
1023.05
1015.90
1045.94
1021.86
1037.84
1025.92
25094.03
1065.02
1010.18
1011.13
988.01
1035.93
1035.93
1033.07
1029.01
1019.95
1025.20
1023.05
25102.14
1044.99
1026.87
1029.01
1026.87
1033.07
1018.05
1019.00
1031.88
1003.03
1020.91
998.02
25082.83
997.07
990.15
1008.03
972.99
971.79
1012.09
991.82
1014.95
1063.11
977.99
975.85
25071.86
994.92
982.05
971.08
1030.21
1004.93
993.01
1006.13
1004.93
1016.14
1002.07
25017.98
1059.06
1003.03
993.97
1013.04
991.11
1004.93
998.02
1022.82
998.97
998.02
995.16
983.95
960.83
994.92
991.11
986.81
989.91
983.00
984.91
24987.22
1068.12
1019.95
994.92
972.99
972.03
968.93
969.89
967.03
984.91
974.89
974.89
960.11
25115.01
1050.95
1023.05
1013.04
967.03
974.89
976.09
977.99
987.05
975.13
971.08
977.99
25131.94
1028.06
1010.18
1012.09
1008.03
1002.07
993.97
1010.89
991.82
998.02
998.97
25029.90
1043.80
1008.99
1003.98
1005.89
1001.83
1005.89
997.07
1009.23
993.97
1017.09
1005.17
29039.14
1043.08
1003.03
990.15
999.93
988.01
982.05
980.14
13031.01
1055.00
996.11
989.91
979.90
980.85
989.91
983.00
17048.84
1060.01
1019.00
1015.90
1006.13
967.03
970.84
979.90
987.05
975.85
980.85
969.89
25013.21
1055.96
1024.96
1010.18
1040.94
981.09
981.09
974.89
988.01
972.99
984.91
998.97
25171.04
1060.01
1024.96
1034.98
1024.01
1023.05
1021.15
1014.95
1029.97
1020.91
1018.05
1014.95
25104.05
1031.88
1031.88
1024.96
1022.10
1024.01
1021.86
1031.88
1011.85
1016.86
1012.80
25063.04
1060.01
1010.89
1004.22
1004.93
1015.90
1027.82
1025.92
1027.11
1023.05
1014.95
1018.05
37124.16
1025.92
1530.89
1003.98
993.01
995.87
990.15
991.11
988.01
984.91
980.14
29026.03
1070.98
1024.96
1013.99
1024.96
978.95
988.01
989.91
21044.02
1040.94
982.05
977.99
976.09
1029.97
1014.95
1022.10
1014.95
1011.85
1020.91
1015.90
33091.07
992.06
973.94
978.95
974.89
974.89
968.93
966.07
25020.12
1031.16
987.05
980.14
972.99
972.99
965.12
983.00
986.10
967.98
968.93
959.16
25004.86
1059.06
1013.04
1015.90
1005.17
960.11
982.05
978.95
983.00
971.08
977.99
976.09
25034.19
1032.11
994.92
985.86
990.87
978.95
983.00
978.95
21028.04
1083.85
1027.11
1027.11
1020.19
1018.05
1017.09
1017.09
1008.99
972.03
973.94
972.03
973.94
973.94
975.85
968.93
17012.12
1043.08
1018.05
1006.84
964.88
999.93
997.07
999.93
996.83
999.93
985.15
985.15
25029.90
1027.11
993.01
971.08
980.14
977.99
973.94
972.03
977.99
972.99
967.98
968.93
25009.16
1027.11
989.20
982.05
977.04
983.00
983.00
975.85
983.00
988.96
981.81
978.95
24995.09
1050.95
1005.17
1004.93
1006.84
1003.03
1002.07
1007.08
1003.98
987.05
982.05
995.87
25024.18
1049.04
1016.86
993.97
1003.98
1010.89
1000.17
997.07
1000.88
994.92
994.21
998.97
25038.96
1077.89
1014.95
1003.98
1008.99
1002.79
1019.00
1008.99
1021.86
1009.94
1006.13
1017.09
25109.05
1038.07
1036.88
1012.09
1051.19
1013.99
1013.04
1013.04
13117.07
1034.98
1007.08
1008.99
998.97
988.96
993.01
981.09
1022.10
1014.95
1020.91
1006.13
25115.97
1025.92
1023.05
1039.98
1021.86
1013.99
1016.14
1019.95
1034.98
1010.89
1007.80
25037.05
1059.06
1019.00
1015.90
1043.08
1008.99
1005.89
1009.94
1028.06
1009.94
1011.13
1013.99
25095.22
1026.87
1014.95
1007.08
1000.88
991.11
989.20
996.83
998.97
990.15
994.92
975.85
25074.96
995.16
986.10
973.94
996.83
977.04
971.08
972.03
981.09
981.09
977.04
972.03
25084.97
1006.13
991.11
988.01
997.07
980.14
977.99
988.96
17066.00
1018.05
1008.99
997.07
1006.13
981.09
978.95
977.99
21101.00
1040.94
1018.05
1020.91
1024.01
999.93
1008.03
1004.93
29144.05
1037.84
1015.90
1009.94
988.01
986.81
992.06
25018.93
1060.96
1016.14
1012.09
1015.19
1001.12
1004.93
1008.03
25051.12
1053.81
1018.05
1009.94
1012.80
1005.89
1000.88
1004.22
25063.04
1034.98
997.07
1005.89
993.01
966.07
970.13
965.12
980.85
971.08
972.99
966.07
25010.11
1019.95
981.09
973.94
992.06
972.03
977.99
970.84
976.80
972.03
980.14
978.95
25016.07
1060.96
1001.12
1013.04
991.11
24315.12
1042.13
1025.92
1019.95
1029.97
1018.05
1013.99
1015.19
21111.97
1028.78
1044.03
1009.94
1019.00
1006.13
1005.89
1010.89
995.87
1001.83
1004.93
49024.11
1075.03
1034.02
1022.10
1028.06
1018.05
1003.98
1003.03
25043.96
1047.85
998.02
988.01
981.09
1002.07
1011.13
1012.09
27287.01
1055.96
1019.00
1001.12
1008.99
998.02
1007.08
1003.98
992.06
997.07
29092.79
1019.00
1002.07
1007.08
1010.18
997.07
1004.93
998.97
25112.15
1044.03
1029.01
1024.96
1042.13
1045.94
1042.84
25072.81
1075.03
1019.00
1010.89
1022.82
1068.83
1066.92
1069.07
14382.84
1014.95
1007.08
12166.02
1087.90
1038.79
1002.07
1028.06
988.96
995.16
997.07
983.00
1014.95
1029.01
1010.89
25094.99
1031.88
1008.03
998.97
1013.99
1010.89
1008.99
1013.99
1008.03
984.19
981.09
982.05
25089.98
1020.91
1015.19
1008.99
1017.09
1003.98
1003.98
1001.12
1006.13
1014.95
1016.86
1015.90
21136.05
1037.84
1042.84
1037.84
1024.96
1024.01
1025.92
25064.23
1052.14
993.01
992.06
977.04
1012.09
1008.99
1009.94
1009.23
1008.99
1013.04
1019.95
21332.98
1080.04
1034.98
1034.02
1037.84
1029.97
1033.07
1053.09
1058.10
1037.12
1036.17
25079.01
1086.00
1047.85
1040.94
1046.90
1042.13
1039.03
1036.17
1046.90
1039.03
1034.98
1035.93
24085.04
1025.20
1015.90
1003.03
1014.95
1029.01
1029.01
1029.97
25069.00
1056.91
991.11
983.95
976.09
1008.03
1032.11
1027.11
1024.01
1016.86
1016.86
1018.05
21078.82
1054.05
1001.12
989.91
1030.92
1015.19
1029.97
1019.95
21121.98
1025.92
1013.99
1026.87
1040.94
1009.94
1020.91
1025.92
985.15
987.05
997.07
983.95
21111.01
1032.11
1034.02
1013.04
1016.86
1031.88
1019.00
1044.99
1018.05
1020.19
1017.09
21065.00
1129.87
1086.95
1069.07
1043.08
994.92
994.92
994.21
21115.06
1084.09
1075.98
1072.17
1079.08
1065.97
1062.87
1086.00
1066.92
1070.02
1062.87
25133.85
1091.00
1073.12
1073.12
1072.88
1067.88
1066.92
1073.12
1070.98
1065.02
1071.93
15093.09
1047.85
1017.81
16068.94
1102.92
1072.17
1065.97
1017.81
983.95
988.01
981.81
21154.88
1102.92
1086.00
1092.91
1082.90
1082.18
1081.94
1091.00
1080.99
1082.18
1080.99
25183.20
1098.16
1082.90
1093.86
1082.90
1084.80
1082.90
1093.15
1086.95
1088.86
1086.00
25185.11
1099.11
1086.95
1091.00
1083.85
1082.90
1086.00
25121.93
1014.23
993.01
983.00
1012.09
1073.12
1069.07
1068.12
1074.08
1070.98
1066.92
25099.04
1116.04
1078.13
1062.87
1080.99
1074.08
1065.97
1064.06
1075.98
1068.12
1063.11
5118.13
1039.03
988.01
989.91
992.77
994.92
989.20
989.91
17035.01
1130.10
1081.94
1086.95
1093.15
1077.89
1082.90
1081.94
17116.07
1034.02
1029.97
22026.06
1036.17
1005.89
1011.85
1008.99
1005.17
996.11
993.97
1023.05
1016.86
1016.86
25059.94
1049.04
993.01
988.01
990.15
991.11
983.00
978.95
13036.97
1051.19
1017.09
1004.93
1013.99
1003.98
1007.08
999.93
25038.00
1045.94
1006.13
998.97
1007.80
1001.12
995.87
995.87
31684.88
1008.03
1029.97
1027.11
1013.99
1022.10
1016.14
1022.10
1007.08
25055.89
1059.06
1009.94
1001.83
1003.03
983.00
987.05
984.91
21038.06
1086.00
1060.96
1044.99
1030.92
988.01
999.93
989.91
25113.11
1089.10
1053.09
1065.02
1060.96
1059.06
22451.16
1068.12
1069.07
1055.00
1059.06
1070.02
1065.97
17112.02
1081.94
1032.83
1049.04
1024.96
1084.80
1071.93
1083.85
37148.00
1080.99
1072.88
1056.19
967.98
987.05
983.95
985.15
993.97
984.19
983.00
986.10
25125.03
1060.01
1038.07
1018.05
1029.97
1045.23
1024.01
1039.03
1029.97
1022.10
1028.06
25065.90
1085.04
1039.03
1031.16
1026.15
1026.87
1025.92
1017.09
1020.19
1008.03
1012.09
1013.04
25127.17
1019.95
1015.90
996.11
1044.03
1027.82
1021.86
1016.86
1024.96
1019.00
1019.95
25050.16
1074.08
1027.11
1029.01
13059.14
1089.10
1049.04
1040.94
1055.00
1043.80
1055.96
1044.99
1053.81
1051.90
1044.99
1045.94
18733.02
1050.00
1060.01
1029.01
1019.00
1011.13
1024.96
1019.00
1019.95
1032.83
25084.02
1008.03
1011.13
996.11
983.95
988.01
985.86
980.85
13074.87
1009.94
1000.17
991.82
987.05
998.02
998.02
1002.07
995.87
990.15
989.91
29003.86
1080.04
1022.10
1003.98
1002.79
988.96
993.01
980.85
977.04
1024.96
1029.97
1024.96
25060.89
1029.01
989.91
984.91
994.21
986.10
989.91
985.86
985.86
1045.23
1060.96
1062.15
25092.12
1035.93
994.92
991.11
994.21
1035.93
1045.94
1048.09
1055.96
1041.89
1046.90
1041.17
25136.95
1040.94
1026.15
1025.92
996.83
1010.89
1001.83
1010.89
1005.89
998.02
990.87
25010.82
1087.90
1032.83
1020.91
1028.78
1014.95
1007.08
1013.99
1011.85
1002.79
1009.94
1012.09
25063.99
1067.88
1029.97
1022.10
1042.13
1059.06
1064.06
1055.00
1065.02
1064.06
1054.05
25088.07
1051.90
996.11
983.00
980.14
1060.01
1050.95
1047.13
1055.96
1057.86
1047.85
1044.99
25089.98
1024.96
1007.08
998.97
1005.89
1000.88
1000.88
1000.17
1007.08
1000.88
995.16
1000.17
25094.03
1015.90
999.93
998.02
1009.94
1001.12
998.97
995.87
1008.03
999.93
998.02
998.97
25115.01
1013.99
1010.18
989.91
1035.93
1017.09
1017.09
1024.01
1025.20
1012.09
1008.03
25027.99
1032.83
998.97
983.95
984.91
985.86
977.99
978.95
983.00
1018.05
1014.95
1025.92
25061.13
1050.00
1003.03
994.92
1000.88
1003.98
1011.85
1007.80
1030.92
1019.95
1010.89
1001.83
25059.94
1045.94
1009.94
992.06
997.07
982.05
990.87
987.05
992.77
988.01
993.97
999.93
25045.16
1034.02
986.81
977.04
978.95
1004.93
1000.17
1003.03
9056.09
1075.98
1027.82
1025.92
1034.02
1035.93
1037.12
1022.10
1029.01
1022.82
1020.91
1023.05
25116.92
1054.05
1041.89
1025.20
1050.00
1073.12
1057.86
1034.02
1034.02
1026.15
1015.90
25063.99
1041.17
1000.88
998.97
1003.98
988.01
981.09
975.13
986.10
972.99
988.01
983.00
25038.00
1051.19
1003.98
1006.13
1002.07
1003.03
987.05
987.05
986.81
974.89
989.91
983.00
25023.94
1065.97
1034.02
1024.01
1032.83
1026.87
1031.88
1024.01
1029.01
1024.96
1024.96
1024.96
25117.87
1044.99
1028.06
1029.01
1029.97
1027.11
1028.06
17071.01
1050.00
1010.89
1009.94
1004.93
1000.88
1012.80
1013.99
1023.05
1009.94
1004.93
1011.13
25067.09
1060.96
1027.11
1022.10
1019.00
1028.06
1006.13
1005.17
1017.09
1018.05
1026.15
1015.90
25127.89
1036.88
1036.17
1023.05
988.01
976.09
980.14
980.14
980.14
979.90
991.82
973.22
25094.99
1015.90
996.83
993.01
1003.03
984.91
978.95
984.19
1002.07
1008.99
1021.86
1010.18
25106.91
1048.09
1018.05
1034.02
1020.19
1019.00
1018.05
1010.18
993.01
989.20
981.09
25029.90
1045.94
998.02
989.91
989.91
1041.17
1044.99
1043.08
1051.90
1053.09
1046.18
1041.89
26780.13
1019.95
1000.88
1004.93
992.06
994.92
988.96
1005.89
1016.86
1008.03
25085.93
1013.04
989.91
979.90
989.91
981.81
985.86
983.00
997.07
24026.16
1029.97
996.83
988.01
982.05
1013.04
1011.85
1013.99
1010.89
1003.03
989.91
995.87
25090.93
1048.09
1032.11
1018.05
1036.17
1024.96
1030.92
1026.15
1003.03
988.01
978.95
985.15
25101.90
1024.01
993.01
984.91
974.18
983.00
983.00
978.95
993.01
988.96
984.91
983.95
25089.03
998.02
983.95
986.10
990.15
990.87
984.91
978.95
998.02
999.93
988.96
988.96
25105.00
1013.04
1003.03
998.02
1002.79
993.01
986.10
989.91
974.89
984.91
980.14
988.01
17150.16
1060.96
1070.02
1055.96
1053.81
1071.93
1055.00
17117.02
1055.96
1029.01
1034.02
1057.15
1044.99
1027.11
1026.15
21100.04
998.02
992.77
984.91
1044.99
1045.94
1026.87
1046.18
1054.05
1032.11
1029.97
25068.04
1105.07
1055.96
1039.03
1025.92
1031.88
1031.88
1034.02
1029.01
1024.96
1024.01
1024.01
25128.13
1042.13
1028.06
1024.96
1030.92
1030.21
1026.87
1028.06
1028.06
1039.98
1026.87
29067.99
1080.99
1021.15
1007.08
992.06
999.93
1002.07
1008.03
17041.92
1065.97
1029.01
1029.97
1031.16
1012.09
1013.04
1010.18
25114.06
1020.19
999.93
991.82
1000.88
990.87
993.01
972.99
25094.03
1051.19
1019.00
1010.89
1019.00
1013.04
1008.99
1010.89
1043.08
1042.13
1034.98
25071.86
1062.87
1012.09
1018.05
998.02
1013.99
1024.96
1020.19
1029.97
1026.15
1022.10
1016.86
25094.03
1024.01
992.06
982.05
981.81
1034.98
1029.97
1024.96
1028.06
1021.86
1015.90
1013.99
25143.86
1014.95
998.02
996.83
1003.98
996.11
994.92
1005.89
983.00
982.05
983.95
981.81
25134.09
1044.99
1034.98
1039.98
1032.11
1033.07
1029.01
1028.06
1036.88
1037.12
1035.93
25071.86
1086.95
1032.11
1027.11
1029.97
1025.92
1026.87
1024.96
1014.95
1010.89
1013.99
1003.98
25124.07
1049.04
1026.87
1029.97
1033.07
1029.97
1022.82
1037.84
967.98
980.14
982.05
978.95
25096.89
1008.99
1005.17
998.97
1014.23
1013.04
1013.99
1026.87
1017.09
1022.10
1007.08
25057.08
1044.99
1001.12
988.01
989.20
1030.92
1034.98
1023.05
1027.11
1014.95
1022.82
1031.88
25130.99
1068.12
1053.09
1042.13
994.92
972.03
980.14
979.90
990.15
977.04
1024.01
998.97
25120.97
1055.96
1033.07
1027.82
975.85
979.90
972.99
978.95
985.86
981.81
983.00
984.91
25146.01
1055.96
1053.81
1034.02
1007.08
996.11
1007.08
1007.08
992.06
996.11
1002.07
25036.10
1078.13
1004.93
996.83
984.91
1019.95
1018.05
1021.15
1028.06
1019.00
1013.99
1018.05
21090.03
1042.13
1022.82
1009.94
1024.01
1010.89
1017.09
1025.20
13153.08
1048.09
1034.02
1037.12
9094.00
1014.95
1008.99
1013.99
1013.99
1013.04
1008.99
21050.93
1083.85
1015.90
1007.80
995.87
1009.94
1008.99
1024.96
1023.05
1025.92
995.87
975.85
19079.92
1050.00
1018.05
984.91
988.01
984.91
993.97
987.05
984.91
997.07
25078.06
1017.81
993.01
989.91
13072.01
1054.05
1021.15
1022.10
1041.89
1030.92
1024.01
1016.86
1025.92
1013.04
1008.99
1014.95
25090.22
1009.94
989.91
995.16
1034.98
1017.09
1031.16
1042.13
1023.05
1017.09
1021.15
25053.02
1041.17
996.11
988.96
991.11
995.16
988.96
988.01
998.97
997.07
989.91
992.06
25044.92
1049.04
994.92
994.92
984.19
979.90
977.04
974.89
973.94
980.14
983.00
983.95
25027.99
1065.97
1020.91
1009.94
1008.03
1001.83
993.97
988.01
995.16
991.11
993.97
987.05
25033.00
1039.03
995.16
987.05
993.01
982.05
983.95
988.01
983.95
1034.02
1025.20
1029.01
25105.95
1019.00
997.07
1002.79
1010.89
998.02
997.07
997.07
988.96
1019.95
1008.99
1019.95
25117.16
1013.04
998.02
988.01
978.95
980.85
976.80
974.89
1010.18
982.05
987.05
976.09
25094.99
1034.02
1009.94
1004.93
998.02
984.91
982.05
977.99
1003.98
982.05
990.15
983.00
25111.20
1039.98
1012.09
999.21
988.01
981.09
983.95
1019.00
1034.98
1015.90
1024.01
1022.10
25098.09
1016.86
1013.99
1008.03
1006.13
995.16
993.01
993.97
995.87
986.81
988.01
25014.16
1074.08
1039.03
1020.19
1009.94
1003.03
998.02
993.01
1002.07
1006.13
990.15
997.07
25047.06
1079.08
1024.96
1019.95
1022.82
1015.90
1016.86
1020.19
1015.90
1033.07
1029.01
1027.11
25114.06
1044.03
1024.01
1024.96
1032.11
1029.01
1019.95
1025.92
1029.97
1030.92
1015.19
25058.98
1055.96
998.97
992.06
1003.98
991.11
998.02
1002.07
997.78
1023.05
1024.96
1041.89
33070.09
1071.21
1030.92
1020.91
1034.02
1015.90
1034.98
1018.05
25135.04
1034.98
1019.00
1012.09
1018.05
1013.99
1024.96
1009.94
25122.88
1056.91
1043.80
1052.86
1059.06
1034.98
1035.21
1020.91
983.00
982.05
985.15
25033.95
1086.00
1031.16
1017.09
1032.11
1000.88
999.93
1009.23
1022.10
1013.99
1013.99
1016.86
1009.94
989.20
999.93
990.87
21101.00
1039.03
1031.16
1029.01
1024.01
1018.05
1013.99
1017.09
17158.03
1060.96
1064.06
1048.09
1035.93
1039.98
1034.98
21075.01
1053.09
1001.12
988.96
999.93
1021.15
1017.09
1019.00
1009.94
1013.04
1008.99
1001.12
25130.03
1007.08
988.96
988.96
984.91
990.15
994.92
993.01
997.07
983.00
984.91
984.19
25106.91
1009.94
1003.03
991.82
977.04
977.99
985.15
983.00
994.92
983.95
989.91
978.95
25092.12
1022.10
1001.12
994.92
1008.03
1004.93
1003.03
1025.92
1014.95
1009.94
1018.05
1014.95
17201.90
1036.17
1019.00
1017.09
1016.14
1019.00
1012.09
1007.08
1029.97
1023.05
1032.11
22871.97
1047.85
993.97
987.05
989.91
985.15
995.16
986.10
993.01
983.95
25027.04
1065.97
1007.80
1013.04
1011.13
1005.89
1011.85
999.21
1004.93
1006.84
1014.95
34002.07
1044.99
1002.07
1003.98
1012.80
999.93
991.11
981.09
988.01
978.95
986.10
981.09
25027.04
1029.97
1002.07
994.21
992.06
981.09
983.00
977.99
1003.98
985.15
983.00
979.19
25006.06
1058.10
1022.82
1013.04
1024.01
1016.14
1016.86
1023.05
1021.86
1015.90
1011.85
1003.98
25081.16
1028.06
998.97
989.91
1007.80
997.07
993.97
982.05
981.81
980.85
978.95
977.99
25083.78
1003.98
989.20
977.99
988.01
989.20
993.01
980.14
987.05
986.10
988.96
977.99
25069.00
1001.83
990.87
977.99
987.05
973.22
977.99
977.99
13057.95
1031.16
1010.89
1000.88
1011.85
1003.03
998.97
1000.17
1011.13
997.07
1006.13
999.93
29104.95
1012.09
1001.12
995.16
1007.08
1001.12
1002.07
997.07
993.97
988.96
992.06
993.01
25100.95
1031.16
1004.93
993.97
977.99
988.01
993.97
988.01
996.83
984.91
983.00
986.10
25084.02
1012.09
1000.17
984.91
1000.88
983.00
981.09
987.05
1024.96
1044.03
1054.05
25061.85
1097.92
1037.84
1029.97
1029.01
1050.00
1044.99
1039.98
1049.04
1044.03
1039.98
1040.94
25127.17
1043.08
1029.01
1034.02
993.97
988.01
992.06
995.87
995.87
989.91
985.86
988.01
25099.04
1039.03
1020.91
1016.86
1021.86
1013.04
1008.99
1014.95
1037.84
1017.81
1004.93
25053.02
1078.84
1027.82
1023.05
1039.03
1014.95
1014.95
1017.09
1030.21
1022.10
1010.89
1009.94
25063.99
1034.98
1000.17
988.01
1008.99
989.91
991.82
992.06
1003.98
989.91
1001.12
1003.03
25099.04
1027.82
1027.82
1003.98
1013.99
1001.83
998.02
1004.93
1019.95
1018.05
1021.15
1011.13
25120.02
1044.03
1034.98
1024.01
1019.95
1011.85
1015.90
1015.19
1061.92
1044.99
1040.94
25076.87
1051.90
996.83
988.96
993.01
987.05
987.05
989.91
984.91
1034.02
1042.13
1029.97
25103.81
1020.91
998.97
993.97
1008.99
993.97
988.96
993.97
983.95
1041.89
1028.06
1034.98
25120.02
1013.99
1008.99
1001.12
1013.99
1030.21
1033.07
1030.92
1037.84
1028.78
1029.97
25067.09
1093.15
1035.93
1032.83
1035.93
1033.07
1029.97
1033.07
1035.93
1033.07
1026.87
1030.92
25120.97
1053.09
1039.98
1028.78
1034.98
1031.16
1024.96
1020.91
1029.01
1010.89
1003.98
1008.03
25110.01
1047.85
1028.06
1013.04
1028.06
1031.16
1018.05
1032.11
1024.01
1016.86
1016.86
25077.82
1107.93
1053.81
1039.03
1040.94
1031.88
1036.88
1027.11
25130.99
1034.98
1030.21
1033.07
1042.13
1026.87
1027.82
1022.82
983.95
993.01
985.86
21037.82
1105.07
1028.06
1022.10
1008.03
992.06
988.01
989.91
25029.90
1035.93
1003.98
993.01
997.07
993.97
988.01
989.91
988.96
1014.95
11265.04
1034.02
1022.10
1018.05
1001.83
1045.94
1034.98
1034.98
21129.13
1039.03
1023.05
1029.01
1018.05
1017.09
1019.95
25048.97
1067.16
1033.07
1019.00
1037.84
1024.96
1021.15
1025.92
1003.98
1003.98
1004.93
1003.98
25072.81
1023.05
992.06
986.10
993.97
982.05
984.19
986.10
993.01
981.09
983.00
988.01
25033.00
1029.01
998.02
989.91
988.01
983.95
981.81
988.96
992.06
987.05
993.01
999.93
25032.04
1035.93
997.07
993.01
1000.88
995.87
988.01
993.97
996.83
988.01
988.96
987.77
25055.89
1036.88
1003.03
993.97
1000.17
993.01
993.01
998.97
1010.18
999.93
995.87
995.87
25088.07
1019.95
1002.07
993.01
1006.84
1001.83
998.02
989.91
1003.98
998.97
988.96
996.11
25098.09
1021.15
999.93
998.02
1007.08
998.02
993.97
998.97
1001.83
993.01
998.02
998.02
25106.19
1014.95
1003.03
999.93
1010.89
1003.98
997.07
1001.12
1002.07
1004.93
995.87
999.93
29114.01
1019.00
1003.98
995.87
999.93
1001.12
1007.08
1008.99
1003.03
1003.03
1004.93
25030.14
1070.02
1021.86
9965.18
1077.18
1024.96
1033.07
1027.82
1034.02
1022.10
1019.00
1032.11
1024.96
1020.91
1024.96
25118.11
1040.94
1030.92
1022.10
1036.17
1023.05
1024.96
1024.96
1033.07
1024.01
1021.86
25036.81
1094.10
1034.02
1019.00
1034.02
1029.01
1025.20
1022.10
1043.08
1029.01
1024.96
1027.82
25099.04
1053.09
1030.92
1021.86
1036.88
1022.82
1023.05
1025.92
1030.92
1024.01
1024.96
1022.10
21115.06
1001.83
993.01
983.00
1049.04
1024.01
1030.92
17076.02
1072.88
1039.98
1024.96
1008.99
1005.17
988.96
995.16
1001.12
985.86
988.01
979.90
25035.86
1055.00
1024.01
1007.80
993.01
996.11
989.91
998.02
25038.96
1031.88
988.01
990.15
998.97
984.19
983.00
987.05
993.97
986.10
984.91
983.00
25022.03
1033.78
983.00
983.95
983.95
987.05
986.81
982.05
993.01
984.91
975.85
977.99
25025.13
1041.17
994.92
990.87
988.96
986.10
982.05
983.00
985.86
978.95
981.09
976.09
25015.12
1048.09
992.06
993.97
993.01
983.95
977.99
981.09
974.18
1024.96
1028.06
1021.15
25074.96
1056.91
1001.83
988.01
988.01
988.96
990.87
987.05
983.00
1012.09
1036.17
1015.90
25074.01
1064.06
1016.14
1008.99
1021.15
1003.98
999.93
998.02
1011.85
990.87
986.81
988.01
21073.10
1018.05
1004.93
998.02
1018.05
998.97
1001.12
999.93
17141.82
1045.94
1034.98
1030.92
1039.98
1037.84
1028.06
1037.12
1045.94
1063.82
1048.80
25093.08
1079.08
1028.06
1006.13
1016.14
992.06
996.11
990.15
979.90
1038.79
1046.90
1036.17
25147.91
1021.86
1019.00
1004.93
1024.01
1019.95
1003.98
1005.89
995.87
989.91
994.21
992.06
25101.90
1005.89
1014.95
1013.04
1007.80
999.93
1001.12
1002.07
1007.08
1004.93
1006.13
29045.10
1070.98
1022.82
1003.98
1001.12
992.06
1000.17
1000.88
25049.92
1054.05
1005.89
1010.18
1007.08
998.97
1000.88
1001.83
993.97
988.96
993.97
993.97
25038.00
1065.97
1024.96
1015.19
1032.11
1024.96
1013.04
1013.04
1022.10
1028.06
1016.14
1034.02
25151.97
1061.92
1068.83
1044.03
1040.94
1036.17
1037.12
13063.91
1050.95
993.97
983.95
997.07
988.96
992.06
988.96
998.02
982.05
985.15
986.10
25021.08
1042.13
1008.03
993.01
998.02
1013.99
996.11
994.92
998.97
989.91
988.96
988.96
25030.85
1039.98
996.83
985.86
993.97
992.06
989.91
988.01
1000.17
993.01
983.00
985.86
25028.94
1034.98
989.91
991.11
1000.17
990.87
993.97
988.01
998.02
997.07
1001.12
984.91
25032.04
1039.03
1003.98
983.95
998.97
993.97
990.15
984.91
995.87
990.15
992.06
992.06
25036.10
1046.18
1013.99
997.07
1002.79
1008.99
1003.03
1006.13
1012.09
1003.98
998.02
994.92
25073.05
1040.94
1008.99
1013.99
1019.00
1003.03
998.02
1000.88
1013.04
1003.03
1014.95
1015.90
17099.86
1000.88
986.10
981.09
988.01
979.90
966.07
977.04
33073.90
1015.19
993.01
988.01
990.87
986.81
988.01
982.05
25113.11
1016.14
997.07
992.06
998.97
985.86
987.05
989.91
25115.01
1032.83
1007.08
997.07
1006.13
990.87
988.96
983.00
37120.82
1044.99
1022.10
1019.00
1001.83
1000.88
993.97
21555.90
1044.99
1024.01
1029.01
1003.03
990.15
973.94
988.96
997.07
992.77
980.85
987.05
29113.05
1018.05
1003.98
1003.98
1019.95
998.02
1012.09
1003.98
16034.13
1072.88
1051.90
1058.82
1060.01
1023.05
1021.86
1025.92
25065.18
1054.05
1013.99
1008.03
998.02
1022.10
1019.00
1019.00
1023.05
1013.04
1016.86
1017.09
26457.07
1010.89
998.02
990.87
988.96
988.01
993.97
1030.92
1029.97
1029.97
20107.03
1081.94
1040.94
1034.02
1016.86
13065.81
1030.92
996.83
979.90
997.07
977.99
981.09
976.09
981.09
1003.98
1027.82
1004.93
21092.18
8013.01
1012.09
1001.12
987.05
1005.17
1003.03
993.01
990.87
29075.86
1017.81
1003.98
996.11
1003.98
989.91
991.11
981.09
21116.02
1012.09
985.15
980.14
1015.90
1009.94
996.11
1002.07
1003.03
1010.89
993.97
1004.93
29134.99
1039.98
1023.05
1024.96
1024.96
1022.10
1019.95
17061.00
1064.06
1014.95
1022.10
1012.09
975.13
977.04
990.87
983.00
988.01
983.95
984.91
977.99
1021.86
1034.02
1014.95
13038.87
1050.00
1012.09
1013.04
1014.95
1008.99
1021.15
1013.04
1029.01
1019.95
1016.14
1009.94
25107.86
1012.80
1016.86
998.97
1000.17
1008.03
1004.93
1005.89
1013.99
997.07
997.07
996.11
25092.12
1000.88
993.01
987.05
1005.17
989.91
993.97
992.06
1012.09
1011.13
1004.93
1018.05
21116.97
1039.98
1013.99
1029.01
1039.98
1037.12
1034.02
17067.19
1083.14
1020.91
1014.95
1006.13
977.99
975.85
984.91
25027.04
1067.88
1038.07
1045.94
1010.89
990.15
991.11
991.11
988.96
981.81
984.91
983.95
25038.00
1022.10
982.05
974.89
989.20
981.09
978.95
988.96
995.16
985.86
986.81
996.83
25047.06
1047.13
1028.06
1022.10
1017.09
997.07
993.97
993.97
1003.98
1003.03
1002.07
1007.08
29105.90
1035.93
1017.81
1024.01
1010.89
979.90
983.00
981.09
995.87
988.96
985.15
993.97
25094.99
1008.03
1006.84
995.87
1001.83
993.97
988.01
988.01
1022.10
994.92
987.05
993.01
25107.15
1034.02
1008.99
998.02
1002.07
1001.12
997.07
1004.93
1001.83
998.02
993.01
1002.79
25104.05
1026.15
1005.89
993.97
993.97
995.87
998.97
986.10
982.05
986.10
982.05
25022.98
1083.14
1034.02
1031.16
1029.01
991.11
1008.99
995.87
1001.12
998.97
995.87
991.82
21034.00
1057.15
1034.02
1019.00
1033.07
1013.99
1018.05
1014.95
1037.84
1016.86
1019.95
1009.94
21106.00
1032.11
999.93
998.02
1024.01
1019.00
1016.86
1017.81
25157.93
1070.98
1055.96
1047.13
991.11
999.93
988.01
17041.92
1041.89
11024.95
1031.88
994.21
989.91
998.02
999.93
993.01
989.91
25038.96
1033.07
989.91
991.11
995.16
1003.03
1001.12
993.01
21023.04
1054.05
1014.95
1014.95
1019.00
1019.00
1007.08
1019.95
1009.94
993.01
995.87
993.97
21086.93
1017.09
990.87
986.81
998.02
986.10
993.01
999.21
29074.91
