1297.95
1271.01
1278.88
1263.86
1252.89
25481.94
1307.01
1253.13
13474.94
1292.94
1272.92
1310.11
1372.81
1374.01
25511.98
1309.87
1271.96
13500.93
1289.84
1254.80
1276.02
1273.16
1256.94
25488.85
1298.90
1259.09
13482.09
1301.05
1255.04
1271.01
1246.21
1245.98
25461.91
1315.83
1260.04
13468.03
1300.81
1250.03
1256.94
1245.02
1265.05
25424.00
1338.96
1271.96
13419.15
1325.13
1264.10
1275.06
1247.88
1245.02
25393.01
1372.81
1276.02
13393.16
1368.05
1274.11
1274.11
1265.05
1267.91
25411.84
1364.95
1279.83
13393.88
1352.07
1261.00
1258.85
1248.84
1241.92
25411.84
1389.98
1289.84
13428.93
1361.85
1274.11
1266.00
1252.89
1248.84
29368.88
1384.02
1294.14
1261.00
1255.99
1247.17
1250.98
25476.22
1296.04
9346.01
1415.97
1286.98
13350.01
1377.11
1276.02
1265.05
1273.16
1246.93
1252.89
25515.08
1307.96
1278.88
13452.05
1281.02
1266.00
1260.04
1237.15
1241.92
25496.01
1297.00
1271.01
13478.99
1283.88
1266.96
1269.10
1261.95
1245.98
25470.97
1325.13
1261.00
13484.95
1310.11
1280.07
1269.82
1266.96
1262.90
25501.97
1311.06
1267.91
13477.09
1301.05
1255.99
1266.96
1231.91
1245.02
25457.86
1333.00
1271.01
13453.01
1305.10
1255.04
1272.20
1259.09
1261.95
25403.02
1381.87
1277.92
13398.17
1322.03
1267.91
1276.02
1282.93
1258.13
25387.05
1373.05
1280.07
13407.95
1353.03
1279.12
1267.91
1255.04
1240.97
25390.86
1364.95
1281.02
13417.01
1344.92
1268.15
1280.07
1255.99
1253.13
25372.03
1372.81
1270.06
13391.97
1366.85
1275.06
1275.06
1253.84
1248.84
25342.94
1389.03
1290.08
13369.80
1356.12
1280.07
1258.13
1245.98
1256.94
1245.98
25483.13
1302.00
1276.97
13473.99
1275.06
1314.16
1367.09
1249.07
1253.13
25477.17
1300.10
1268.86
13449.91
1281.02
1266.96
1268.86
1240.97
1240.97
25484.09
1294.14
1249.07
13484.95
1312.97
1253.13
1263.14
1253.13
1238.11
25475.03
1300.81
1257.90
13455.87
1281.98
1262.19
1272.92
1246.93
1248.84
25403.98
1341.82
1272.92
13432.03
1321.08
1264.10
1262.19
1260.04
1248.12
25395.15
1362.09
1276.97
13421.06
1348.02
1270.06
1269.10
1261.00
1255.04
25395.87
1358.99
1267.91
13397.93
1348.97
1264.10
1264.10
1255.04
1247.88
25383.00
1377.82
1275.06
13442.04
1369.00
1251.94
1279.12
1259.09
1250.98
25336.03
1368.05
1247.17
13345.00
1380.92
1271.96
1259.80
1246.93
1242.16
1238.11
25486.95
1298.90
1260.04
13483.05
1284.12
1266.96
1265.05
1268.86
1253.13
25504.83
1312.02
1268.15
13484.95
1302.96
1271.01
1257.90
1240.02
1249.07
25529.15
1303.20
1254.08
13477.09
1298.19
1256.94
1271.01
1261.00
1247.88
25476.93
1299.86
1271.01
13478.99
1290.08
1268.15
1252.89
1243.11
1251.94
26263.95
1295.80
13411.05
1366.85
1271.01
1266.00
1273.87
1256.94
25414.23
1441.96
1404.05
13499.02
1372.10
1270.06
1264.10
1252.17
1245.02
25395.15
1369.95
1257.18
13395.07
1355.89
1253.84
1252.89
1251.94
1241.21
25369.88
1368.05
1291.99
13381.96
1357.08
1267.19
1268.15
1247.88
1256.94
1247.17
25480.03
1294.85
1266.00
13472.08
1285.08
1250.03
1260.04
1242.16
1245.02
25505.07
1308.92
1273.87
13509.04
1319.17
1277.92
1270.77
1250.03
1240.97
25503.87
1307.96
1266.96
13492.11
1297.00
1252.89
1258.13
1237.15
1237.15
25486.95
1321.08
1270.06
13478.99
1291.99
1271.96
1297.00
1260.04
1242.88
25471.93
1299.86
1250.03
13466.12
1281.02
1247.88
1271.01
1242.16
1237.87
25382.04
1353.03
1272.92
13391.02
1338.01
1268.86
1266.96
1267.91
1268.86
25398.02
1365.18
1265.05
13384.10
1340.15
1269.10
1263.14
1254.08
1247.17
25397.06
1366.14
1281.02
13388.87
1356.84
1281.02
1271.01
1247.88
1252.89
25346.04
1384.97
1284.84
13374.81
1358.03
1276.97
1274.11
1266.00
1245.02
1232.15
25491.00
1286.03
1266.00
13446.81
1286.03
1255.99
1266.00
1250.98
1248.12
25509.83
1303.91
1267.91
13507.84
1394.99
1289.13
1270.06
1252.17
1250.03
25491.00
1308.20
1270.06
13462.07
1293.18
1271.01
1259.80
1248.84
1246.93
25500.06
1300.10
1283.17
13492.11
1279.12
1250.98
1252.89
1246.21
1245.02
29474.02
1303.91
1253.13
1256.94
1259.09
1253.13
25386.10
1348.97
1263.14
9361.03
1322.03
1269.10
13372.18
1338.96
1248.84
1252.89
1250.98
1254.08
25391.82
1370.91
1277.92
13395.79
1347.06
1287.94
1278.16
1257.90
1261.00
25389.19
1379.97
1270.06
13396.02
1372.10
1277.21
1275.06
1259.09
1259.09
25429.01
1382.83
1274.11
13371.94
1343.97
1257.90
1255.04
1254.08
1243.11
1271.01
25488.85
1283.88
13291.84
1414.78
1275.06
1271.96
1261.95
1241.21
1240.02
25497.20
1297.00
1255.04
13473.99
1296.04
1256.94
1270.06
1275.06
1269.10
25482.89
1331.81
1272.92
13485.91
1312.02
1266.00
1271.01
1250.03
1240.97
25485.04
1329.90
1276.02
13473.03
1294.14
1266.96
1272.92
1251.94
1237.15
25464.06
1320.12
1265.05
13468.98
1353.98
1254.08
1266.00
1245.02
1234.05
25382.04
1365.90
1263.86
13399.84
1327.99
1266.96
1304.15
1275.06
1240.97
25393.96
1362.09
1271.96
13386.96
1340.15
1275.06
1262.19
1256.94
1240.02
25379.90
1367.09
1267.19
13405.08
1348.02
1268.86
1266.96
1259.09
1253.13
29381.04
1376.87
1272.92
1267.91
1264.81
1255.04
1234.05
25493.14
1284.12
9302.14
1394.03
1276.02
13340.00
1372.10
1276.97
1267.91
1251.94
1240.02
1255.99
25490.05
1297.00
1261.95
13483.05
1300.10
1263.86
1268.86
1258.13
1250.98
25480.99
1310.83
1277.92
13495.92
1302.00
1268.15
1271.96
1258.85
1257.90
25484.09
1303.91
1271.01
13512.13
1305.82
1266.00
1250.98
1250.03
1250.03
25481.94
1312.97
1262.90
13460.16
1290.80
1250.03
1260.04
1213.07
1223.80
25346.99
1338.96
1250.03
13372.90
1334.91
1251.94
1254.08
1239.06
1230.00
25364.88
1352.07
1269.82
13383.87
1343.01
1258.85
1261.95
1245.02
1235.01
1229.05
25449.99
1281.02
1259.09
13460.16
1276.97
1250.98
1258.13
1238.11
1235.01
25475.98
1286.03
1261.95
13481.14
1290.08
1253.84
1266.00
1243.11
1239.06
25452.14
1304.15
1265.05
13455.15
1285.08
1250.98
1261.00
1248.84
1250.98
25397.06
1348.97
1271.96
13401.03
1342.06
1260.04
1262.19
1254.08
1253.13
25373.94
1345.87
1273.87
13391.02
1343.97
1265.05
1261.00
1250.98
1245.98
25363.92
1365.18
1275.06
13387.20
1352.07
1268.15
1255.04
1252.89
1250.98
1230.96
25496.96
1300.81
1260.04
13435.13
1281.98
1255.04
1265.05
1258.13
1250.03
25488.14
1312.02
1258.85
13486.86
1302.96
1269.82
1271.01
1259.09
1252.17
25483.13
1305.10
1271.96
13491.87
1292.94
1259.80
1260.04
1248.12
1250.03
25474.79
1306.06
1260.04
13494.01
1315.12
1271.96
1276.02
1256.94
1251.94
25471.93
1314.16
1260.04
13463.97
1295.09
1271.01
1281.02
1256.94
1255.99
25404.93
1352.07
1275.06
13396.98
1338.01
1266.96
1268.86
1258.85
1247.88
25403.02
1366.14
1265.05
13395.07
1347.06
1263.14
1276.97
1252.89
1245.02
25379.90
1359.94
1263.86
13378.86
1354.93
1262.90
1271.01
1255.99
1245.98
25353.91
1379.01
1269.82
13355.97
1360.89
1271.96
1263.14
1253.13
1234.05
1255.04
25494.10
1302.96
1269.10
13459.92
1276.97
1258.13
1257.18
1248.12
1252.89
25495.05
1300.10
1255.99
13474.94
1291.99
1258.13
1273.87
1255.99
1241.92
25461.91
1302.96
1258.13
13467.07
1298.90
1264.81
1255.99
1246.93
1235.01
25398.02
1357.08
1276.02
13400.08
1313.92
1258.13
1265.05
1243.83
1242.88
25383.00
1348.97
1262.19
13394.12
1343.01
1268.86
1271.01
1257.18
1245.02
25378.94
1362.09
1278.16
13389.11
1356.12
1266.00
1267.91
1256.94
1250.03
25309.80
1419.07
1267.91
13318.06
1386.88
1275.06
1266.00
1246.93
1250.03
1250.98
25485.04
1297.00
1263.14
13469.93
1280.07
1259.09
1270.06
1251.94
1234.05
25487.90
1307.96
1266.96
13480.90
1297.00
1257.90
1265.05
1245.02
1243.11
25472.16
1314.16
1266.00
13481.86
1302.00
1268.15
1281.02
1259.09
1250.98
25438.07
1325.13
1263.14
13458.01
1304.86
1264.10
1274.11
1259.09
1245.98
25408.03
1358.03
1271.01
13394.12
1341.10
1266.96
1269.10
1261.00
1260.04
25403.02
1353.98
1271.96
13385.06
1345.16
1280.07
1264.81
1263.86
1255.04
25391.10
1378.06
1266.00
13400.08
1362.80
1275.06
1275.06
1261.95
1256.94
25371.07
1369.00
1284.84
13396.98
1356.84
1261.00
1266.96
1257.18
1252.89
1249.07
25471.93
1328.95
13356.92
1370.91
1266.96
1263.86
1256.94
1250.98
1250.03
25494.81
1291.04
1255.04
13476.85
1296.04
1269.10
1264.10
1250.98
1245.98
25490.05
1293.90
1266.00
13491.15
1285.08
1261.00
1265.05
1246.21
1254.08
25475.03
1314.16
1265.05
13480.90
1299.86
1271.01
1275.06
1253.13
1260.04
25477.17
1317.98
1266.96
13474.94
1303.91
1266.96
1281.98
1256.94
1250.98
25398.02
1347.06
1277.92
13437.03
1311.06
1271.01
1278.16
1251.94
1246.93
25387.05
1358.99
1272.20
13401.99
1337.05
1269.10
1271.01
1257.90
1253.13
25401.12
1364.23
1266.00
13387.92
1339.91
1272.92
1278.16
1266.96
1255.04
25373.94
1372.10
1276.97
13390.06
1353.03
1268.86
1271.01
1255.04
1250.03
25301.93
1422.88
1276.97
13326.17
1396.18
1284.12
1282.93
1266.96
1253.84
1256.94
25492.19
1302.00
1266.96
13454.20
1284.12
1272.92
1281.98
1250.98
1243.83
29511.93
1303.91
1261.95
1271.01
1246.93
1243.83
25495.05
1288.18
1265.05
9456.87
1294.85
1262.90
13461.83
1289.84
1264.10
1279.12
1245.98
1242.88
25461.91
1321.79
1264.10
13479.95
1301.05
1261.00
1266.00
1250.03
1256.94
25411.13
1355.89
1272.92
13409.14
1332.04
1263.86
1265.05
1254.08
1255.99
25398.02
1359.22
1270.06
13396.98
1343.97
1271.96
1276.02
1261.95
1255.04
25396.11
1355.89
1273.87
13398.89
1344.92
1263.86
1266.96
1265.05
1255.04
25374.89
1369.95
1273.87
13376.95
1348.02
1267.91
1268.15
1266.00
1255.04
1248.12
25463.10
1269.10
1262.19
1437.19
1276.97
1271.96
1264.10
1250.98
1250.98
25489.09
1293.90
1262.90
13487.10
1288.18
1255.99
1280.78
1241.92
1240.97
25474.07
1303.91
1266.00
13489.01
1296.04
1262.90
1261.95
1251.22
1235.96
25458.81
1317.02
1268.15
13471.13
1289.13
1261.95
1270.06
1257.90
1245.98
25398.02
1358.03
1262.19
13381.96
1340.87
1255.04
1260.04
1250.98
1250.03
25390.15
1365.18
1269.10
13376.95
1347.06
1275.06
1274.82
1255.99
1246.93
25387.05
1374.01
1270.06
13388.87
1350.88
1269.82
1274.82
1249.07
1249.07
25312.19
1411.20
1279.12
13370.99
1360.89
1263.86
1264.10
1258.13
1256.94
1247.88
25492.91
1300.81
1269.82
13462.07
1291.99
1260.04
1268.15
1261.95
1246.93
25480.03
1307.01
1261.95
13484.95
1291.99
1259.09
1280.07
1251.94
1245.98
25479.08
1302.96
1266.00
13479.95
1291.04
1271.01
1261.95
1246.93
1253.13
25475.03
1307.01
1263.14
13483.05
1296.04
1262.90
1273.87
1238.82
1240.97
25393.96
1333.95
1261.00
13389.11
1340.87
1268.86
1269.82
1261.00
1256.94
25396.82
1362.09
1281.98
13396.02
1345.87
1273.87
1271.96
1249.07
1242.16
25390.15
1359.94
1271.01
13391.02
1353.98
1271.96
1266.96
1259.09
1252.17
25355.10
1374.01
1269.10
13357.16
1355.17
1273.87
1268.86
1255.04
1245.98
1251.94
25488.85
1292.94
1264.81
13468.98
1292.23
1260.04
1276.02
1253.84
1239.06
25489.09
1293.18
1255.99
13465.88
1291.04
1261.95
1258.85
1247.88
1247.88
25475.98
1310.83
1256.94
13482.81
1292.94
1265.05
1267.91
1260.04
1246.93
25442.84
1318.93
1273.87
13476.85
1298.90
1267.91
1271.96
1252.89
1251.94
25395.15
1345.87
1269.82
13401.99
1343.01
1285.08
1278.16
1261.95
1255.04
25393.01
1369.95
1280.07
13381.96
1340.15
1266.00
1270.06
1253.84
1247.88
25376.80
1359.94
1281.02
13393.16
1358.03
1276.97
1273.16
1260.04
1260.04
25377.99
1373.05
1276.97
13388.16
1343.01
1273.87
1278.88
1258.85
1254.08
25276.90
1446.96
1281.02
13340.00
1405.00
1276.02
1268.15
1266.96
1250.98
1248.12
25496.96
1294.85
1271.01
13470.17
1284.12
1262.90
1269.10
1253.13
1248.12
25476.93
1298.90
1262.90
13492.11
1296.04
1261.95
1274.82
1266.96
1244.78
25482.89
1299.86
1262.90
13482.81
1307.01
1262.19
1266.96
1253.84
1246.93
25477.89
1312.97
1261.95
13473.99
1296.04
1262.90
1270.06
1250.03
1245.98
25397.06
1358.99
1271.01
13398.89
1314.88
1266.00
1274.11
1268.15
1255.04
25384.90
1352.07
1268.15
13385.06
1348.02
1271.96
1272.92
1259.80
1255.99
25396.11
1365.18
1277.92
13386.96
1345.87
1266.96
1270.06
1261.95
1250.03
25358.92
1370.91
1267.91
13389.11
1355.89
1270.77
1262.90
1255.04
1255.99
1243.83
25465.97
1288.89
1256.94
13461.11
1284.12
1261.00
1276.02
1251.94
1245.98
25483.13
1306.06
1262.19
13479.95
1286.03
1258.13
1269.10
1253.13
1245.98
29494.05
1309.16
1264.10
1276.97
1256.94
1251.94
25467.16
1324.18
1266.96
9444.95
1303.91
1266.96
13458.01
1297.00
1255.99
1267.91
1246.21
1245.98
25397.06
1345.87
1267.91
13395.07
1339.20
1270.06
1269.10
1255.04
1242.88
25390.86
1356.12
1267.19
13390.06
1344.20
1270.06
1265.76
1261.95
1254.08
25373.94
1363.99
1271.01
13412.95
1346.83
1275.06
1275.06
1255.99
1250.98
25359.15
1386.17
1274.11
13372.18
1348.97
1271.01
1266.96
1253.13
1249.07
1247.17
25480.99
1298.90
1255.99
13453.01
1281.98
1262.90
1266.96
1248.12
1240.97
25486.95
1304.86
1261.00
13477.09
1293.90
1251.94
1267.19
1249.07
1245.98
25473.83
1306.06
1272.20
13490.92
1297.00
1264.10
1278.16
1251.94
1250.98
25472.16
1322.03
1277.21
13477.09
1299.14
1264.10
1275.06
1254.08
1250.98
25411.13
1346.83
1260.04
13406.04
1331.09
1273.16
1271.01
1250.98
1245.02
25382.04
1365.18
1278.16
13397.93
1343.97
1271.96
1271.01
1262.90
1250.98
25388.00
1372.10
1275.06
13387.92
1347.06
1268.15
1275.06
1267.19
1259.09
25378.94
1372.10
1273.16
13392.93
1351.12
1263.14
1271.01
1271.01
1262.90
25324.11
1428.84
1285.08
13360.02
1366.85
1267.91
1270.06
1254.08
1253.84
1259.80
25491.95
1296.04
1261.95
13468.98
1286.98
1265.05
1282.93
1255.04
1245.98
25498.15
1312.02
1271.01
13492.11
1282.22
1271.01
1271.96
1255.04
1240.02
25489.81
1314.88
1266.96
13488.05
1299.14
1271.01
1270.06
1246.93
1246.93
25482.18
1307.01
1257.90
13490.92
1298.90
1265.05
1274.11
1252.89
1250.98
25465.97
1312.02
1268.86
13480.90
1302.96
1271.96
1272.92
1253.84
1255.04
25406.12
1358.03
1272.92
13448.95
1313.21
1270.06
1273.16
1249.07
1244.07
25416.14
1353.98
1268.15
13391.02
1343.01
1263.14
1267.91
1249.07
1246.93
25392.06
1370.19
1269.10
13390.06
1348.02
1264.10
1257.90
1253.13
1254.08
25377.04
1358.03
1277.92
13378.86
1362.09
1276.02
1274.11
1261.00
1255.04
25310.04
1428.13
1266.00
13301.13
1353.03
1253.13
1239.06
1261.00
1233.82
1238.82
25480.99
1289.13
1256.94
13460.16
1283.17
1255.99
1264.10
1253.13
1255.04
25460.00
1312.02
1264.81
13455.87
1291.99
1265.05
1266.96
1247.17
1246.93
25389.91
1343.01
1270.06
13391.97
1335.14
1260.04
1264.81
1250.03
1257.90
25375.84
1356.12
1273.16
13406.99
1338.96
1266.00
1269.10
1260.04
1251.94
25382.04
1365.90
1271.01
13380.05
1350.88
1271.96
1267.19
1259.09
1250.03
25315.05
1427.89
1279.12
13326.88
1397.13
1330.14
1265.05
1254.08
1260.04
1251.22
25494.10
1298.19
1259.09
13459.92
1286.98
1255.99
1271.01
1258.85
1245.02
25496.01
1302.96
1266.00
13477.09
1296.04
1252.89
1272.92
1260.04
1242.16
25484.09
1304.86
1267.91
13473.99
1302.00
1258.85
1266.96
1247.17
1235.01
25463.10
1314.88
1272.92
13468.03
1298.90
1261.95
1260.04
1247.88
1252.17
25399.92
1343.01
1281.98
13391.97
1335.86
1276.97
1269.10
1253.13
1245.98
25392.06
1364.23
1283.88
13397.93
1348.02
1271.01
1266.96
1261.00
1251.22
25385.14
1353.98
1276.02
13398.17
1345.16
1277.92
1278.88
1258.85
1266.00
25377.99
1369.00
1271.96
13381.00
1355.89
1276.97
1280.78
1259.09
1255.04
25313.14
1429.08
1284.84
13350.01
1384.97
1271.96
1259.80
1266.00
1240.02
1252.89
25504.83
1302.00
1255.04
13470.89
1282.93
1266.00
1280.07
1254.08
1254.80
25513.89
1316.07
1271.01
13470.89
1286.98
1281.02
1279.83
1255.99
1245.02
25481.94
1303.91
1264.10
13488.05
1287.94
1275.06
1275.06
1251.94
1238.82
25480.03
1312.97
1269.10
13472.08
1296.04
1261.95
1269.10
1254.08
1250.03
25432.83
1322.03
1270.06
13458.97
1308.20
1265.05
1279.12
1260.04
1254.08
25398.02
1348.02
1272.20
13404.13
1336.10
1263.14
1278.16
1261.00
1255.99
25392.06
1353.03
1281.02
13396.98
1354.93
1275.06
17380.00
1352.07
1271.01
9380.82
1334.91
1267.91
13382.91
1332.04
1269.10
1262.90
1261.00
1257.18
25383.95
1363.99
1279.12
13376.95
1356.12
1286.03
1275.06
1266.00
1256.94
25378.94
1379.97
1274.11
13380.05
1354.93
1276.02
1273.87
1260.04
1253.13
25295.97
1444.10
1277.92
13340.00
1396.89
1278.88
1272.20
1257.90
1246.93
1252.89
25498.87
1303.91
1266.96
13478.04
1289.13
1253.13
1269.10
1245.02
1244.78
25485.04
1295.09
1266.96
13487.10
1293.90
1267.91
1271.96
1250.03
1244.07
25466.20
1307.01
1262.90
13478.99
1290.80
1276.97
1281.02
1246.93
1248.12
25457.14
