959.16
902.89
891.92
889.06
922.92
921.96
926.02
937.94
927.21
916.96
920.77
24965.05
963.93
923.87
910.04
902.89
887.87
934.12
940.08
945.09
950.10
964.16
943.90
941.99
24991.99
952.96
903.13
890.02
887.87
959.87
947.24
947.00
941.04
949.14
931.98
938.89
926.02
25018.93
962.02
941.04
947.95
920.77
932.93
932.93
939.13
840.90
941.04
939.13
938.89
941.99
25022.03
1500.13
950.10
935.08
915.05
921.96
906.94
903.13
909.09
921.96
916.00
895.98
24962.19
957.97
922.20
904.08
898.12
915.05
921.96
911.00
900.98
903.84
889.78
891.92
894.07
24936.20
933.17
880.00
882.15
880.96
882.15
879.05
889.06
897.17
905.99
903.13
900.98
917.91
24934.05
989.91
912.90
902.89
904.08
894.07
912.90
916.00
931.02
932.93
923.16
923.16
931.98
24954.08
948.91
901.94
880.96
894.07
881.91
947.00
951.05
952.01
963.93
947.00
954.87
960.83
967.03
963.93
962.02
957.01
951.05
917.20
931.98
940.08
934.12
25053.98
976.80
955.82
963.93
968.93
963.93
964.88
967.03
926.97
888.82
890.02
885.96
24912.12
948.19
905.99
902.18
900.03
911.95
902.89
904.80
916.96
916.00
909.09
916.00
914.10
24946.93
983.95
926.02
923.87
923.87
937.94
923.16
922.92
927.93
931.98
926.02
924.11
932.93
24946.21
972.03
931.02
940.08
943.18
935.08
933.89
943.90
945.81
945.81
940.08
936.99
948.19
25033.00
952.96
946.04
941.04
949.86
949.14
952.01
963.93
1019.00
954.87
939.13
921.96
24957.90
994.92
946.04
934.84
937.94
947.00
929.83
935.79
941.04
957.97
941.99
945.09
943.90
24994.85
965.12
946.04
959.16
948.91
952.01
947.95
948.19
968.93
944.85
953.91
964.16
947.00
25049.92
967.03
962.97
955.10
967.03
956.06
966.07
960.11
964.16
955.10
960.11
956.06
25048.97
969.89
957.97
957.01
971.08
957.01
962.97
955.10
957.97
957.97
960.11
952.96
24984.84
1019.95
981.81
966.07
963.93
965.83
972.03
958.92
964.16
961.07
961.07
957.97
957.97
25054.93
974.89
962.97
967.03
972.99
963.93
965.12
965.12
971.08
976.09
960.11
963.93
25055.17
983.00
978.23
961.07
967.03
962.97
957.97
963.93
963.93
968.93
961.07
967.98
32992.84
965.12
920.06
919.10
926.02
900.03
888.11
883.10
875.00
883.82
872.85
874.04
889.06
889.06
25022.03
936.03
922.92
921.01
897.88
887.16
895.02
891.21
905.99
897.17
901.94
903.84
893.83
25058.03
963.93
981.81
988.01
957.97
901.94
889.06
885.01
890.02
889.06
888.11
883.10
885.01
25048.97
983.00
961.07
967.03
931.02
918.87
911.00
905.99
919.10
898.12
897.17
895.98
24935.96
1024.96
972.99
963.93
955.82
918.87
918.87
911.00
902.89
907.90
897.17
893.12
889.06
24938.11
957.01
926.02
914.81
916.00
880.00
888.11
885.01
874.04
881.91
876.90
881.91
879.05
871.18
24984.12
904.08
896.93
899.08
866.89
890.02
904.08
904.08
906.94
902.89
906.23
905.99
911.95
25014.88
920.06
910.04
905.04
902.18
880.00
889.06
895.98
898.12
922.92
905.99
902.89
904.80
25019.88
914.81
889.06
893.83
880.00
904.08
914.10
916.96
917.91
917.20
930.07
915.05
933.17
25013.92
928.88
923.87
921.01
903.84
920.06
917.91
919.82
921.01
936.99
934.12
936.99
933.17
25038.00
947.00
941.04
946.04
934.12
916.00
920.06
916.00
923.87
926.97
930.07
930.07
926.02
25006.06
938.89
931.98
921.01
925.06
921.01
925.06
930.79
937.94
927.21
931.02
935.08
24974.11
966.07
916.00
905.99
905.99
903.84
922.92
923.16
931.02
943.18
936.03
939.13
934.84
24978.88
969.89
929.12
921.96
923.87
931.02
930.07
925.06
933.17
937.94
916.96
910.04
905.99
24964.81
967.98
939.13
931.98
926.97
925.06
922.92
918.15
911.00
909.81
899.08
895.98
894.07
32953.98
945.09
916.00
922.20
923.87
914.81
916.96
920.06
916.00
916.00
894.07
890.02
893.83
24922.85
932.93
903.84
892.88
897.88
903.13
891.92
891.92
887.16
895.98
882.86
885.96
885.01
24913.07
931.98
883.10
887.87
875.95
892.16
890.97
886.92
894.07
895.02
903.84
898.12
909.09
900.98
25043.01
937.94
922.92
924.83
907.90
931.02
929.83
946.04
940.08
939.13
941.04
940.08
24958.13
1003.98
952.96
942.95
945.81
942.95
940.08
941.99
935.08
927.93
914.81
892.88
885.96
24924.99
963.93
920.06
901.94
915.05
931.98
942.95
930.07
924.11
913.14
890.02
883.10
885.01
24927.85
965.83
932.93
945.09
945.09
950.10
943.18
937.94
927.93
885.96
911.00
916.96
917.91
24968.86
963.93
916.96
921.01
911.00
887.16
904.08
906.94
907.90
911.00
911.00
907.18
902.89
24952.89
957.01
928.88
923.87
923.87
921.96
913.14
912.90
911.00
9018.90
925.06
900.98
903.13
906.94
900.03
896.93
893.12
892.16
24984.12
900.03
894.07
890.02
894.07
884.77
882.86
885.96
28908.01
1002.07
953.91
945.09
926.97
927.93
911.00
905.99
899.08
24980.07
979.90
966.07
964.16
966.07
962.97
904.80
966.79
25017.98
1032.83
975.85
977.99
971.08
986.10
988.96
990.87
25030.85
1100.06
1044.99
1021.15
1019.00
1014.95
993.01
971.08
25022.98
1007.08
986.10
997.07
1008.03
1009.94
1019.95
1039.98
25141.00
1026.15
1013.04
1008.03
977.04
970.84
976.80
976.80
29073.95
1001.12
998.02
1011.85
1022.82
1024.96
1044.99
1041.89
1032.83
1012.80
1000.88
991.82
25079.97
986.10
972.03
972.99
1001.12
993.01
999.93
1008.03
975.85
992.77
993.97
992.06
25125.98
1015.90
999.93
980.85
954.15
960.11
974.89
912.90
988.96
971.08
976.09
977.99
25061.85
983.00
972.99
974.89
970.84
959.87
970.84
967.98
959.87
958.92
962.02
960.83
25054.93
1013.99
993.97
983.95
987.05
1004.93
998.97
1002.07
993.01
979.90
976.09
971.08
21037.10
1016.86
986.81
983.95
936.03
1001.12
998.97
990.87
25089.98
1039.98
1004.93
985.86
977.04
991.82
993.97
986.10
25101.18
1034.98
1035.21
1050.00
1038.07
1019.00
1004.93
998.02
25093.08
985.15
967.03
967.98
986.10
992.06
994.92
1005.89
25105.00
1011.13
982.05
977.04
912.19
906.94
964.88
971.08
33068.18
1002.07
972.03
965.12
967.03
1010.18
1003.03
996.83
25120.02
1029.97
1028.06
1022.82
1019.95
997.07
998.02
982.05
25087.83
980.85
978.95
977.99
997.07
998.02
1006.13
1023.05
25073.05
985.15
968.93
971.08
1010.18
955.10
1027.11
1014.95
1020.91
993.97
987.05
981.09
17077.92
992.06
988.01
995.16
998.02
999.21
1013.99
1027.11
961.07
970.13
969.17
958.92
25089.03
1003.98
990.15
977.99
1019.00
1021.86
1007.80
1000.88
989.91
980.14
972.03
961.07
25043.01
993.97
983.95
937.94
1018.05
1010.89
1026.87
1013.04
954.87
963.93
967.98
972.03
25098.09
988.96
967.98
977.04
1003.03
1000.88
992.06
993.01
978.95
967.98
963.93
962.97
25090.93
1008.99
995.16
1003.98
1012.09
1003.03
993.01
998.02
983.95
978.95
987.05
993.97
25027.99
1006.84
1006.84
1011.85
1026.87
1019.00
1008.03
1003.98
991.82
979.90
980.85
968.93
21101.00
1011.85
1008.99
978.95
988.01
974.89
968.93
964.88
25108.10
1016.14
942.95
926.02
926.97
929.83
915.05
925.06
25027.04
936.99
926.02
931.98
934.84
926.97
926.02
926.02
24977.21
1003.98
953.91
954.15
947.00
891.21
902.89
900.03
903.84
37034.03
973.94
957.01
952.01
947.00
924.83
926.97
947.00
24974.11
987.05
933.89
917.20
920.06
919.10
928.88
936.99
934.12
21027.09
947.00
931.98
931.98
946.04
945.81
947.95
946.04
951.77
953.91
952.96
944.14
24976.02
987.77
939.85
922.92
928.16
921.96
924.83
928.88
924.11
931.02
912.90
918.15
918.87
24968.86
932.93
899.08
890.02
895.02
895.02
897.17
890.97
895.02
24981.98
905.99
890.97
895.02
899.08
893.12
890.97
888.82
894.07
25008.92
947.95
937.94
933.89
917.91
915.05
901.94
909.09
906.94
911.00
904.08
906.94
907.90
24994.85
908.85
898.84
887.87
890.97
903.13
907.90
913.86
905.99
916.96
914.10
913.14
901.94
924.83
964.16
955.10
961.07
13098.00
911.95
895.98
890.02
4915.00
947.00
936.99
920.06
921.01
4980.80
921.96
919.10
916.00
4962.92
934.12
924.11
922.92
4935.03
939.85
916.96
916.96
4938.84
928.88
904.08
891.92
893.12
9000.06
950.10
931.02
921.01
935.08
926.97
927.93
921.01
932.93
925.06
925.06
925.06
918.87
25019.17
931.98
926.97
927.93
936.03
920.06
928.16
920.06
931.98
924.83
919.82
927.93
48949.00
962.97
911.95
910.04
902.18
907.90
903.84
900.03
900.03
20931.96
972.99
941.99
932.93
938.89
932.93
941.99
931.02
931.98
936.99
939.13
935.08
931.98
25027.99
957.01
936.03
941.04
944.85
938.89
938.18
941.04
946.04
941.04
939.85
938.89
936.99
9007.93
936.03
927.93
928.16
17014.98
917.20
898.12
900.03
894.07
956.06
948.19
955.10
24973.87
956.06
924.11
921.96
908.14
877.14
893.12
892.88
901.94
20989.18
949.14
931.02
926.97
911.95
907.18
904.08
912.90
899.79
915.05
906.94
908.85
903.84
24999.86
941.99
930.07
926.02
917.91
905.04
903.84
904.80
903.84
908.85
911.95
900.03
897.88
36984.21
957.97
940.80
941.04
926.02
900.03
911.00
908.14
910.04
24991.04
907.90
888.11
894.07
879.05
936.99
942.95
962.02
952.01
951.05
945.09
948.19
24989.13
962.97
904.80
895.98
895.02
915.05
907.90
911.00
901.94
904.08
889.78
892.88
895.02
889.06
37009.95
932.93
918.15
913.14
916.96
917.91
915.05
910.04
24947.88
957.97
909.09
900.98
907.90
904.80
903.84
902.89
904.08
24993.18
934.12
915.05
914.10
895.98
903.84
899.08
901.94
900.98
911.00
908.14
905.04
902.18
24987.94
932.93
921.96
922.92
909.09
926.02
923.87
925.06
916.00
926.97
915.05
927.21
916.96
902.18
921.96
936.03
928.88
16963.01
975.13
926.97
919.82
923.87
887.87
901.94
907.90
905.99
908.14
906.94
916.00
905.99
897.17
889.06
888.11
882.86
885.01
16993.05
933.17
926.97
916.00
921.96
885.01
885.01
892.88
891.92
891.92
892.88
896.93
904.08
25022.03
949.86
934.84
938.89
926.97
888.11
899.08
900.03
895.02
909.81
897.88
905.99
908.85
25024.89
944.85
912.90
917.20
919.10
921.96
914.10
915.05
16938.92
966.07
925.06
916.96
911.00
919.10
918.15
909.09
911.95
24940.97
956.06
911.24
909.09
921.96
910.04
905.04
905.99
905.99
916.00
903.84
901.94
901.94
24935.96
957.01
919.10
901.94
905.99
915.05
904.08
905.04
903.13
910.04
903.13
906.94
897.88
28935.19
955.10
907.90
903.84
900.03
910.04
899.08
898.12
897.88
895.02
916.96
926.97
934.12
928.88
934.84
930.07
927.93
931.02
17032.86
935.08
936.99
929.12
943.18
932.93
929.83
928.88
914.10
886.20
885.96
886.20
888.11
899.08
889.06
881.91
894.78
12943.03
993.01
945.81
936.03
941.99
941.99
941.04
936.99
934.12
947.00
930.07
927.93
930.07
25040.15
968.93
943.90
933.89
947.00
936.99
940.08
936.03
921.96
925.06
926.02
929.83
928.16
36987.07
910.04
906.94
903.13
913.14
927.93
927.93
923.16
24975.06
1006.13
952.96
957.01
941.04
955.10
949.14
952.01
24978.16
967.98
907.90
901.22
910.04
913.14
902.89
901.94
900.03
890.97
905.04
904.08
905.04
904.80
25019.88
947.00
937.94
944.14
895.02
899.79
892.88
895.02
890.97
898.12
899.08
894.07
895.02
936.03
947.00
941.99
939.85
17047.88
952.96
949.14
953.91
946.04
892.88
893.83
896.93
902.18
899.08
899.08
900.03
900.98
884.06
924.11
931.02
936.03
16961.81
968.93
936.99
921.01
935.08
962.02
947.00
957.01
953.91
962.02
952.96
952.96
952.01
25033.00
926.02
915.05
906.94
905.04
936.99
933.89
923.87
936.03
932.93
929.83
928.88
928.88
25048.02
955.82
916.00
895.98
902.89
900.03
888.82
895.98
16939.16
957.97
910.04
903.84
897.88
933.17
917.91
908.85
903.84
24994.85
921.96
899.08
895.02
901.94
936.99
936.03
938.89
953.91
883.10
888.11
887.16
884.06
24990.08
929.12
926.97
919.82
915.05
910.04
913.14
901.94
901.94
895.98
896.93
892.16
895.02
24960.99
934.84
912.90
901.94
893.12
886.92
903.84
895.98
905.99
9033.92
959.16
955.10
947.00
927.93
945.09
931.02
930.79
24976.02
954.15
905.04
900.03
899.79
877.86
878.81
886.92
885.01
32979.97
950.10
926.02
928.88
931.98
941.99
932.93
939.13
947.95
934.84
936.03
936.99
935.08
25029.18
917.91
907.90
909.09
908.14
926.02
931.98
929.12
8955.96
949.86
916.00
916.96
910.04
921.01
911.95
907.90
915.05
25038.00
957.97
954.87
937.22
936.99
882.15
885.96
888.82
24924.04
998.02
943.90
933.89
935.79
936.99
933.17
931.98
934.12
25030.14
959.16
936.99
934.84
942.95
930.07
937.94
934.84
24967.91
974.89
934.84
908.85
900.98
954.15
960.83
957.01
950.10
25020.12
905.04
888.11
885.96
893.83
886.92
886.92
887.16
885.96
29031.99
942.95
923.87
929.83
927.93
890.97
885.96
889.06
24910.93
974.18
921.96
929.83
925.06
927.93
919.10
908.14
907.90
25002.00
917.20
895.02
899.08
894.07
890.02
895.02
890.97
885.96
25041.10
951.05
936.03
936.03
905.99
892.88
899.79
900.98
24939.06
984.19
942.95
950.81
953.91
948.91
935.08
934.12
921.96
25028.94
941.99
929.83
926.02
932.93
925.06
922.92
904.08
12946.13
925.06
890.97
885.01
880.00
894.07
885.01
885.96
885.01
16924.14
939.13
901.94
890.02
895.98
889.06
885.96
882.86
880.96
25012.02
936.99
921.96
918.87
906.23
887.87
884.06
885.96
886.20
25002.00
916.96
907.90
911.00
911.95
902.89
901.22
900.03
24935.96
955.10
915.05
905.99
905.04
916.00
906.94
898.12
911.95
24968.86
946.04
904.08
901.94
893.12
908.14
905.04
904.08
896.93
24991.04
910.04
890.02
885.96
899.08
892.16
885.96
886.20
887.87
24984.84
897.88
886.92
879.05
894.78
875.95
886.20
880.00
877.14
25038.00
971.79
952.01
966.07
962.02
952.96
956.06
957.97
903.84
883.82
895.98
893.12
24930.95
966.07
922.92
921.96
921.01
940.80
940.80
943.90
956.06
952.96
958.92
957.01
953.91
25058.98
979.90
977.99
966.07
974.89
967.03
962.02
967.98
938.89
902.18
906.94
905.04
24932.86
984.91
928.88
926.97
926.97
902.89
894.07
891.21
895.98
900.03
895.02
900.03
890.02
898.84
33027.89
945.81
938.89
944.85
952.01
942.95
941.04
936.99
25043.01
967.03
966.07
953.20
13017.89
921.96
894.07
890.97
885.96
946.04
946.04
951.05
940.80
947.00
942.95
941.04
937.94
25042.06
936.03
919.10
911.95
918.87
914.81
916.00
906.94
921.01
911.95
909.81
911.00
911.00
20989.89
903.84
893.83
887.87
892.16
885.01
889.06
889.06
890.02
25017.02
935.08
926.97
916.00
921.01
915.05
916.00
915.05
28960.94
957.01
902.18
905.99
903.13
893.12
905.99
904.80
907.90
911.95
900.03
894.78
901.94
24930.00
988.01
934.12
926.97
912.90
918.87
906.94
907.90
911.00
913.14
906.94
905.04
905.99
40944.10
1012.09
957.01
947.95
957.97
944.85
947.95
951.05
948.91
17022.13
913.14
909.09
910.04
891.92
916.96
921.01
908.85
926.97
911.95
911.95
913.14
909.09
25059.94
972.03
957.01
953.91
922.92
928.16
945.09
931.98
934.12
938.18
925.06
936.99
24979.83
993.97
967.98
945.81
942.95
918.15
920.06
918.15
909.09
24999.86
905.04
895.02
888.11
887.16
917.91
908.85
911.00
16948.94
993.01
956.06
945.09
947.95
934.84
929.83
931.98
924.83
13012.89
918.87
907.90
913.14
892.16
894.07
890.97
892.88
888.11
901.94
895.98
894.07
890.02
24946.93
950.10
915.05
913.14
905.04
885.01
887.87
883.82
885.96
905.99
884.06
883.10
885.96
40918.11
997.78
962.02
955.10
957.97
947.95
949.14
958.92
948.91
33013.11
916.96
905.04
900.98
912.19
905.99
914.10
903.13
916.00
905.04
906.94
906.94
900.03
25016.07
929.12
920.06
925.06
919.10
916.00
909.81
917.91
915.05
913.86
908.85
908.85
912.90
875.00
899.08
909.09
904.08
16947.03
945.09
917.20
904.08
895.98
917.91
921.96
922.92
919.82
923.87
916.00
917.91
916.00
910.04
945.09
948.91
952.01
16988.99
1003.03
961.07
964.88
960.83
912.90
911.95
921.01
917.20
932.93
916.96
921.96
909.81
24970.05
992.06
949.14
947.95
939.13
913.14
911.95
914.81
915.05
916.96
918.15
916.96
913.86
25022.98
936.03
913.14
915.05
929.12
916.00
905.04
910.04
898.84
9016.99
952.01
936.99
942.95
948.19
941.04
941.99
935.79
25024.89
959.16
931.98
931.02
936.03
934.12
936.03
931.98
20969.87
993.97
936.99
926.02
925.06
915.05
910.04
903.84
903.84
905.99
905.99
898.84
903.84
24942.87
972.99
918.15
896.93
900.98
947.00
924.11
931.02
919.10
933.17
920.06
922.92
917.91
16968.01
972.99
909.09
912.19
903.13
880.00
888.11
895.02
895.98
898.84
896.93
883.82
888.82
890.97
942.95
932.93
933.17
922.92
17009.02
910.04
895.02
885.01
871.90
905.99
899.08
902.89
900.03
907.90
893.12
897.17
892.88
895.98
962.97
959.87
966.07
25005.10
947.00
898.84
888.82
887.87
959.87
965.83
966.07
967.03
972.03
960.11
969.17
968.93
25041.82
948.91
935.79
931.98
925.06
947.00
961.07
952.96
962.97
953.91
939.85
936.03
32974.96
983.95
952.01
941.99
936.03
940.08
931.98
934.12
929.12
29035.09
949.14
931.02
941.99
926.97
919.10
922.92
913.86
911.00
915.05
906.94
906.94
909.09
25011.06
916.96
904.08
898.12
904.08
900.03
897.17
893.12
900.98
890.97
893.83
892.88
893.83
20995.86
941.04
935.08
927.93
932.22
931.98
925.06
921.96
24959.09
966.07
904.08
900.03
894.07
904.80
895.98
893.12
881.91
28936.86
942.95
898.12
889.06
892.16
916.96
936.99
955.10
937.94
955.82
944.85
938.89
939.13
24997.00
930.79
900.03
896.93
895.02
935.08
936.99
923.87
921.01
931.98
921.96
921.01
912.90
32986.88
919.10
894.07
890.97
899.08
886.92
887.16
887.16
888.82
33022.88
937.94
930.07
921.01
918.87
921.01
911.95
919.82
915.05
900.03
900.98
895.98
898.12
25003.91
918.15
905.99
900.03
904.08
900.03
899.08
895.02
897.88
913.14
909.09
898.12
899.08
12989.04
953.20
931.02
938.18
921.96
887.16
885.01
887.16
888.11
25015.12
915.05
905.04
895.98
894.07
926.97
931.98
921.01
36958.22
999.93
943.90
941.99
931.98
931.98
927.93
939.85
933.89
899.79
911.00
921.01
916.96
24956.94
973.94
933.17
926.97
923.16
917.91
921.01
923.87
911.95
931.02
911.95
911.00
904.08
24991.99
931.02
920.06
911.00
907.90
905.99
902.89
901.94
903.13
910.04
904.08
904.08
900.98
24942.87
946.04
911.95
916.00
917.91
907.90
899.79
901.94
908.14
908.14
906.94
898.84
899.79
24932.86
952.96
909.09
902.18
905.04
907.18
905.04
898.84
896.93
902.89
905.04
898.84
903.84
24930.00
955.10
911.00
901.94
902.18
909.09
899.08
899.08
900.98
905.99
900.98
898.12
898.12
899.08
25001.05
922.20
904.08
909.09
911.95
897.88
903.13
903.13
902.89
900.03
905.04
903.13
903.13
25006.06
936.99
917.91
909.81
916.96
886.92
889.06
884.06
889.06
890.02
906.94
911.95
913.14
25037.05
931.98
918.87
907.90
915.05
907.90
900.03
907.90
898.84
907.90
905.99
910.04
919.10
25033.00
916.96
905.99
900.03
905.99
897.88
890.97
890.02
893.12
894.07
911.95
921.01
914.10
25001.05
905.99
893.12
880.96
890.02
890.02
893.12
892.16
898.12
954.87
969.89
963.93
967.03
25032.04
906.94
897.88
886.20
894.07
881.91
889.06
885.96
885.01
913.86
949.86
937.94
943.90
25022.03
906.94
890.02
893.12
889.06
885.01
880.96
889.06
885.96
905.04
962.97
971.08
966.07
25041.82
921.96
900.03
900.03
905.99
894.07
890.97
891.21
885.96
877.14
941.99
931.02
931.98
24976.97
937.94
892.16
894.07
900.03
893.12
896.93
898.84
897.88
891.21
917.91
912.90
916.96
24955.99
972.99
920.06
910.04
927.93
912.90
914.81
913.86
915.05
914.10
906.94
913.86
912.90
20964.15
955.10
910.04
901.22
906.94
930.07
932.22
923.87
939.85
941.99
930.07
931.02
936.03
24974.82
972.99
936.99
934.84
933.89
936.99
926.97
932.93
929.12
942.95
948.91
948.19
961.07
25035.14
928.88
921.01
914.10
926.02
913.14
920.06
915.05
921.01
941.99
932.93
934.84
930.07
25020.84
939.85
931.98
926.97
910.04
911.00
911.00
908.85
922.92
914.81
911.00
908.14
904.08
24991.99
909.09
902.18
905.04
905.04
897.88
893.12
894.07
885.01
906.94
915.05
919.10
919.10
25026.08
915.05
903.13
895.98
905.04
891.92
900.98
899.08
24927.14
954.15
901.94
905.04
911.95
911.95
906.94
900.98
900.03
24950.03
952.96
900.03
897.88
900.98
901.94
901.94
906.94
904.08
24988.89
904.80
895.98
891.92
895.02
885.96
886.92
889.06
888.82
24999.86
911.95
900.03
900.03
900.98
899.08
893.12
895.98
24914.03
1019.00
951.77
946.04
952.01
917.20
914.10
912.90
898.84
36995.89
950.81
941.99
931.98
941.99
941.04
940.08
930.07
24978.16
975.13
920.06
901.94
911.95
916.96
921.96
922.20
927.93
17019.03
927.93
903.84
909.81
887.87
913.86
906.94
903.13
900.98
33035.04
971.79
958.92
967.03
963.93
962.97
956.06
958.92
21041.15
920.06
909.09
896.93
899.08
937.94
934.84
926.02
24956.94
957.97
900.98
895.98
893.12
895.98
888.11
894.07
894.07
24925.95
945.09
901.94
888.82
884.06
902.89
895.98
895.02
892.16
24945.02
936.99
900.98
896.93
895.02
890.97
892.16
906.94
912.90
25017.98
898.12
886.92
887.87
887.87
883.82
877.86
881.91
882.86
24983.17
898.12
890.02
880.00
20924.81
1009.94
973.22
962.97
938.18
885.96
875.95
876.19
879.05
25017.02
924.11
914.10
914.10
897.88
874.04
883.82
887.87
24915.93
1019.00
945.09
941.04
941.04
948.19
941.99
938.18
939.13
25022.03
969.17
936.99
936.03
948.91
940.08
936.99
936.03
24983.88
998.02
952.01
957.01
936.03
910.04
921.01
921.01
916.96
25059.94
957.97
949.86
947.00
952.01
939.13
941.99
934.84
25002.96
943.18
911.00
912.19
917.91
906.94
900.98
908.85
900.98
25034.90
963.93
936.99
936.99
941.04
921.96
929.12
920.06
24980.07
965.12
931.02
917.91
914.10
916.00
911.95
908.14
904.08
25009.87
946.04
922.92
923.87
924.83
921.96
922.20
919.82
24966.00
968.22
928.88
920.06
926.97
926.02
921.96
924.11
917.91
25043.01
941.99
931.98
929.83
922.92
885.01
895.02
890.02
905.04
911.95
909.09
906.94
908.85
17019.99
916.96
904.80
907.90
905.99
914.10
910.04
906.94
917.91
914.10
913.14
899.08
897.17
917.91
924.83
916.00
916.96
16964.91
932.22
890.02
885.96
883.82
929.83
912.90
909.81
916.00
918.15
910.04
911.00
900.98
16933.92
950.10
905.04
890.02
884.77
902.89
882.86
873.09
873.09
874.04
902.89
902.89
905.04
902.89
913.14
905.99
897.88
894.07
12523.17
949.14
920.06
918.15
917.91
927.93
913.14
923.16
916.96
24965.05
1006.84
977.04
967.98
948.19
890.97
899.08
906.23
900.03
921.01
907.90
904.08
909.09
21006.11
957.97
945.09
925.06
940.08
935.08
933.17
930.07
28958.08
1025.20
973.94
972.03
974.89
890.02
896.93
894.78
907.90
916.00
911.95
913.86
911.00
21900.89
963.93
920.06
913.86
916.96
910.04
908.14
911.00
931.98
934.12
944.14
932.93
24982.93
975.85
943.90
931.98
933.89
926.02
930.07
924.11
929.83
938.89
915.05
911.95
911.95
25021.08
977.99
955.10
963.93
964.88
957.97
958.92
957.97
945.09
952.01
957.01
943.90
24976.02
1014.95
974.89
967.98
967.03
966.07
965.12
962.02
967.98
900.98
914.10
915.05
925.06
25040.86
967.98
957.97
964.88
974.18
961.07
965.12
956.06
945.09
894.07
885.96
883.82
877.86
25011.06
929.12
915.05
916.00
920.06
914.10
914.10
907.18
889.06
895.98
890.97
885.01
890.97
25024.89
958.92
950.81
938.89
947.95
935.08
935.08
936.03
12964.01
929.83
895.98
879.05
891.21
890.02
882.15
880.00
877.14
895.02
880.96
879.05
879.05
875.00
24962.90
891.92
890.97
890.02
890.97
882.86
891.92
886.92
890.02
886.92
884.77
882.86
884.06
24992.94
898.84
887.87
882.86
886.92
878.10
882.15
881.91
881.91
887.87
875.23
886.92
884.06
24914.98
938.18
887.87
881.91
882.86
892.88
884.06
885.96
880.96
885.96
883.10
883.10
880.96
890.97
20989.89
901.94
895.98
887.87
882.86
926.97
922.92
926.97
931.02
931.98
923.87
926.97
928.16
25023.94
916.00
907.90
894.07
892.88
926.02
928.88
919.82
923.87
914.81
917.91
916.00
917.91
25023.94
915.05
903.13
900.03
894.78
904.80
912.90
909.09
916.00
912.90
907.90
910.04
911.95
25016.07
907.90
895.02
890.97
884.06
921.01
923.16
927.93
921.01
931.02
925.06
920.06
918.15
25010.11
910.04
899.08
883.10
885.96
928.88
931.02
929.12
931.02
921.96
925.78
921.96
919.10
25017.02
921.01
900.03
892.16
895.02
926.97
929.83
936.99
940.08
935.08
932.93
926.97
935.08
25010.11
918.15
906.94
894.78
895.02
929.12
930.07
925.06
938.18
926.97
930.07
928.16
925.06
21007.06
905.99
897.88
890.97
900.98
895.02
898.12
899.08
901.94
878.81
885.96
891.92
897.88
25012.02
930.07
929.12
934.12
937.94
923.87
922.20
934.12
915.05
895.98
895.98
900.98
900.98
25019.88
945.81
927.93
936.99
943.90
936.03
937.94
940.80
24973.87
974.89
942.95
941.04
926.97
936.03
931.98
950.81
944.85
949.86
946.04
947.95
947.00
25038.00
962.02
952.01
954.87
925.78
921.96
925.06
915.05
926.97
916.00
917.91
918.87
919.10
28985.98
911.95
900.03
900.03
897.88
887.87
882.15
882.15
885.01
883.10
882.15
881.91
885.01
21018.03
958.20
940.08
949.86
933.89
913.14
905.99
911.95
914.10
912.90
910.04
916.96
909.81
20655.87
968.93
961.07
957.01
962.97
961.07
957.01
957.97
24991.04
1007.08
965.12
969.17
965.12
962.97
953.20
957.97
957.01
967.98
955.10
957.01
957.01
25049.92
975.13
957.01
958.20
967.98
957.01
959.87
957.01
965.12
958.92
957.97
956.06
24991.04
1008.03
963.93
966.79
962.02
963.93
957.97
964.88
957.97
966.07
955.10
960.11
956.06
17929.08
900.98
891.92
895.02
885.01
884.06
874.04
880.00
942.95
957.97
944.85
962.02
24983.88
891.92
883.82
880.00
892.88
889.06
885.01
898.12
893.12
905.04
918.15
914.10
922.92
21049.02
959.16
949.86
941.99
952.01
947.00
946.04
943.90
926.02
900.98
895.98
897.88
900.98
25021.08
941.04
929.12
923.16
920.06
920.06
905.99
913.86
896.93
897.17
897.88
895.02
894.07
25015.12
945.09
931.98
924.11
930.07
915.05
915.05
900.98
903.13
900.03
906.94
911.00
909.09
25005.10
934.12
913.14
910.04
911.95
899.79
895.98
896.93
882.86
927.93
917.20
916.00
916.00
24978.88
902.89
890.02
892.16
890.97
888.82
882.86
882.86
881.91
959.16
968.93
965.83
968.93
25014.16
931.02
913.14
916.00
917.20
915.05
917.91
911.00
909.09
943.90
939.85
944.85
24977.92
990.87
950.10
927.21
932.93
936.99
929.12
930.07
927.93
926.02
889.06
899.08
906.94
24934.77
983.95
927.93
933.17
920.06
922.92
916.00
920.06
911.00
926.02
890.02
890.02
898.84
24933.82
974.89
932.93
924.83
931.98
940.08
920.06
920.06
918.15
911.95
895.02
905.04
914.10
33437.97
