977.04
947.00
938.89
923.16
932.93
931.98
931.02
941.04
908.14
928.16
921.96
931.98
20983.93
957.01
907.90
905.99
895.02
904.80
890.02
885.01
883.10
888.11
885.01
885.96
885.96
24918.08
1026.87
887.87
890.97
885.96
924.83
905.04
911.00
844.00
24985.79
983.95
957.97
922.92
933.89
926.97
928.16
928.88
922.92
25000.10
908.85
884.06
887.16
894.07
957.01
950.10
955.10
28982.16
1027.11
965.12
951.05
946.04
899.08
898.12
885.96
889.06
25028.94
967.98
962.97
965.83
983.00
967.98
972.03
967.98
25052.07
981.09
977.04
964.16
972.99
964.88
958.92
957.01
24997.00
1465.08
900.03
890.97
929.83
982.05
966.07
972.99
1000.17
998.02
983.00
977.04
25014.88
968.93
946.04
959.87
12969.97
942.95
914.81
907.90
911.95
905.99
919.82
901.94
908.85
907.90
929.12
933.17
928.88
24978.88
951.05
929.12
927.93
900.03
993.97
982.05
986.10
989.20
987.05
984.91
983.95
25007.01
1034.02
993.97
987.77
993.01
988.96
987.05
983.00
992.06
928.16
946.04
947.95
947.95
25063.99
970.13
954.15
932.93
911.95
923.16
921.01
918.15
926.02
914.10
920.06
916.00
24950.03
989.91
946.04
931.98
938.18
993.97
916.96
913.14
932.93
9028.91
967.98
936.99
942.23
943.90
934.84
943.90
947.00
24981.02
987.05
962.02
938.89
24976.02
1004.93
978.95
934.12
8954.05
981.09
918.15
911.95
905.04
919.82
917.91
911.00
899.08
24937.87
938.89
903.84
900.98
898.12
907.90
890.02
894.07
901.94
24978.88
926.97
895.02
894.07
889.06
916.00
911.95
921.01
911.95
24997.00
936.99
916.00
900.98
908.14
904.08
901.94
905.04
25073.05
936.99
903.84
891.92
891.92
915.05
896.93
886.92
887.16
24955.03
916.00
887.16
879.05
870.94
875.95
906.94
900.98
920.06
25059.94
983.00
971.08
962.97
939.85
912.90
917.20
930.07
916.00
919.10
916.00
913.14
921.96
25006.06
928.88
921.96
917.91
927.93
921.01
923.87
918.87
907.90
935.08
920.06
919.10
24964.09
998.97
947.95
949.86
939.85
936.03
952.96
955.10
967.98
957.97
946.04
949.86
955.82
25053.02
966.07
956.06
954.15
952.01
957.01
956.77
961.07
936.99
878.10
892.16
887.87
895.98
25050.88
963.93
961.07
957.01
931.98
905.99
897.88
903.84
903.84
900.03
892.88
891.92
898.12
24977.92
900.03
890.02
880.00
884.06
878.81
872.85
866.89
876.19
907.90
899.08
897.88
907.90
24974.11
905.99
884.06
890.02
875.00
909.09
931.02
921.01
918.15
926.02
918.15
928.16
921.01
17004.97
930.07
921.01
896.93
908.14
896.93
900.03
891.92
890.02
25002.96
931.02
912.19
906.94
898.12
885.96
878.81
875.95
871.18
24996.04
935.08
924.11
911.95
916.96
914.10
910.04
919.10
24939.06
958.92
919.10
906.94
913.86
912.90
905.04
916.00
910.04
24983.17
957.97
927.93
928.16
920.06
963.93
953.91
963.21
24996.04
942.95
902.89
894.07
886.92
895.98
890.02
890.97
890.97
25116.92
977.99
970.84
952.01
943.90
933.89
942.95
932.93
945.81
948.91
940.08
928.88
24947.17
983.95
935.08
922.92
916.00
921.96
916.00
921.01
925.06
911.00
932.93
931.98
927.93
24977.21
977.99
927.93
918.15
913.14
952.96
951.05
957.97
946.04
903.13
917.91
863.79
897.88
24957.90
921.01
884.06
875.95
872.85
887.87
871.90
882.86
878.81
890.02
907.90
921.96
915.05
918.87
33073.90
982.05
976.09
980.85
937.94
957.01
967.98
957.97
970.13
958.92
962.97
964.16
21029.00
944.14
933.89
933.89
932.22
924.11
921.01
931.02
24952.89
989.91
950.81
942.23
957.97
947.95
947.95
941.99
947.00
25040.15
957.01
932.93
931.98
922.92
890.02
901.94
893.83
24938.82
979.90
941.99
930.07
925.06
919.10
913.14
918.87
916.00
25004.15
938.89
921.96
909.09
915.05
908.14
907.90
910.04
24940.01
964.16
911.95
900.03
901.94
885.96
935.08
934.12
948.19
21022.08
958.92
943.90
938.89
938.18
937.94
938.89
933.17
936.03
887.16
900.98
905.99
919.10
25057.08
979.90
962.97
957.01
920.77
919.10
922.92
926.97
929.12
927.93
924.83
924.83
922.92
25023.94
950.10
927.21
930.07
943.90
927.93
929.12
926.02
931.98
885.01
890.02
890.02
20861.86
929.83
885.96
889.06
878.81
887.87
883.82
879.05
889.06
24927.14
939.13
905.04
897.88
900.03
902.89
893.83
900.98
889.06
895.98
962.97
962.02
953.91
24993.18
982.05
935.08
939.13
934.12
956.06
954.15
957.01
955.10
969.17
952.96
958.20
956.06
25038.96
962.02
947.00
934.84
939.85
929.83
932.93
924.11
24944.07
962.97
935.08
921.96
911.95
919.10
909.09
907.18
906.94
24973.87
1004.93
982.05
981.09
958.20
952.01
948.19
956.06
24990.08
991.11
952.01
953.20
945.09
937.94
928.88
926.97
922.92
25029.90
928.88
920.06
914.81
913.86
900.03
898.12
892.88
24945.97
1047.13
998.02
987.05
967.98
947.00
941.99
948.91
20982.98
1012.09
970.13
964.16
952.01
890.97
916.00
930.07
950.10
960.11
968.93
988.01
990.87
25089.98
1003.03
976.09
952.01
946.04
941.99
931.02
922.20
900.03
939.13
947.00
937.94
24962.90
1004.93
961.07
985.15
988.01
973.94
988.96
988.01
987.05
1000.17
986.10
984.91
984.91
25074.01
1000.88
990.87
990.87
999.93
992.06
992.77
989.91
920.06
905.99
910.04
901.94
25027.04
1012.09
982.05
988.96
953.20
947.95
928.88
940.80
938.89
937.94
935.08
936.99
24975.78
981.09
938.89
947.00
935.08
942.95
932.93
933.17
935.08
21017.07
976.09
962.97
962.97
972.99
960.11
967.03
966.79
25033.00
979.19
953.91
966.07
965.83
957.01
951.05
959.16
24991.99
988.01
947.95
943.18
941.99
931.98
947.00
955.10
936.99
25060.89
967.03
953.91
955.10
971.08
957.97
954.87
953.91
25057.08
974.89
955.10
956.06
963.21
958.92
952.96
957.97
25007.01
921.96
888.11
884.06
887.87
979.19
993.97
988.01
991.11
984.91
983.95
986.10
988.96
25075.20
1002.07
992.06
996.11
988.01
986.10
988.96
991.11
957.97
948.91
947.00
941.99
25027.04
944.85
942.95
947.00
967.03
961.07
957.01
959.87
958.92
952.01
952.01
955.10
24993.90
998.02
966.07
962.02
958.92
962.02
957.97
953.91
958.92
908.14
912.90
909.81
906.94
25013.21
957.01
934.84
931.98
936.99
932.22
920.06
921.01
934.12
922.92
924.11
924.11
929.12
25021.08
936.03
926.02
927.93
930.79
927.93
922.92
925.06
920.06
910.04
912.90
921.01
24953.84
962.97
913.14
914.10
911.95
921.96
948.19
952.01
941.04
954.15
943.90
944.85
947.00
24978.16
987.05
955.10
944.14
949.14
942.95
951.77
943.90
943.90
25030.14
956.06
943.18
946.04
952.01
945.09
948.19
941.04
25040.15
967.03
945.81
939.85
941.04
924.11
930.07
927.93
24983.17
988.01
946.04
934.84
940.80
933.89
934.84
932.93
939.13
25026.08
942.95
931.02
924.11
935.08
927.93
927.93
926.02
24967.91
950.81
906.94
905.04
893.83
972.03
973.94
980.14
973.94
25059.94
983.00
988.01
978.95
976.09
969.17
976.09
968.93
25058.98
988.01
977.99
973.94
981.09
972.03
973.94
970.13
896.93
922.92
923.16
916.96
24978.88
1012.80
962.97
961.07
948.19
916.00
905.04
900.98
903.84
905.99
900.03
903.13
905.04
24986.98
926.97
907.90
900.98
909.09
904.08
901.94
900.98
903.13
921.96
934.84
937.94
936.99
25039.91
973.94
954.15
959.87
945.81
943.90
943.18
947.00
957.01
945.81
939.85
941.04
24967.91
1003.98
956.06
952.01
952.01
959.87
932.93
940.80
929.83
926.02
907.90
891.92
888.82
28925.90
937.94
887.16
886.92
880.00
885.01
878.10
878.10
871.18
24917.13
927.93
895.02
882.15
890.97
898.12
890.02
883.82
897.88
24955.03
965.83
938.89
926.02
912.90
886.92
892.16
900.03
898.12
25070.19
971.08
972.99
955.10
965.12
967.03
957.01
953.91
25038.96
969.17
959.87
958.92
957.97
967.98
957.01
962.02
24997.95
1003.98
976.09
965.12
941.99
924.11
926.02
923.87
921.96
25012.97
936.03
941.04
930.07
937.94
931.98
924.11
935.08
25021.08
919.10
907.18
895.02
889.06
924.11
921.01
917.91
919.10
25013.92
922.92
908.85
909.81
911.00
900.98
899.08
902.18
23140.91
958.92
918.15
903.13
911.00
911.00
906.94
911.95
905.04
910.04
905.99
33005.00
939.13
922.92
912.90
905.04
920.77
913.86
918.87
908.85
25014.88
947.95
931.02
926.02
936.99
929.12
924.11
919.10
24974.11
952.01
916.96
913.14
916.96
913.86
912.90
912.19
907.90
25006.77
906.94
895.02
890.97
890.97
924.83
921.01
916.96
24955.99
954.87
918.87
911.95
911.00
911.95
906.94
901.94
910.04
24944.07
935.79
896.93
891.92
895.02
892.88
885.01
893.83
886.92
25000.81
969.89
953.91
955.10
949.14
922.92
916.96
916.00
24962.90
1031.88
984.91
983.00
989.20
992.06
986.10
982.05
25019.17
1036.17
993.01
988.01
991.82
988.96
987.05
991.11
25017.02
966.07
919.10
905.04
899.08
961.07
943.18
935.08
941.04
29011.96
903.84
895.98
888.11
895.98
952.96
957.97
940.80
24966.96
957.97
914.10
901.94
892.88
903.84
898.84
896.93
896.22
24930.95
938.89
908.14
900.03
898.12
899.08
897.17
896.93
898.84
24997.95
905.99
895.98
885.96
891.92
916.00
915.05
924.11
916.96
24995.09
910.04
892.88
898.12
900.98
895.02
891.92
895.02
24924.99
947.00
900.98
892.88
894.07
894.07
889.78
885.96
886.20
883.10
931.98
936.99
931.98
933.17
25007.01
924.83
906.94
905.99
911.00
887.87
876.90
877.86
880.96
882.15
883.10
883.10
885.96
24978.16
909.09
889.06
894.07
897.88
894.07
891.92
890.02
896.93
928.16
922.92
920.06
920.06
24981.02
934.84
895.98
896.93
897.88
902.18
911.95
905.99
905.04
911.95
908.14
901.94
902.89
24943.11
941.99
911.00
899.08
900.98
905.04
903.84
898.84
900.98
903.13
889.06
886.92
887.87
24919.99
960.11
911.00
910.04
903.84
911.00
900.98
898.84
897.88
911.95
902.89
898.84
900.98
897.17
25002.00
916.00
905.99
906.94
907.90
902.18
904.08
900.98
24942.16
991.11
936.03
926.97
918.87
890.97
894.07
888.11
882.86
24975.06
957.97
932.93
936.03
934.12
931.02
931.02
931.98
24961.95
988.96
941.04
931.02
933.17
938.89
931.02
935.08
931.02
25022.98
938.89
921.96
912.90
907.90
919.82
928.88
932.93
24964.09
993.01
936.99
931.02
928.16
895.98
904.08
912.19
905.99
24973.87
989.91
941.99
941.04
947.00
943.90
934.12
945.09
24966.96
991.11
956.06
941.99
943.90
943.18
940.08
942.95
943.90
25046.11
929.12
1111.98
884.06
881.91
890.02
887.87
880.96
895.02
893.12
890.02
887.16
890.02
25001.05
914.81
896.93
894.78
900.98
895.98
895.98
886.92
886.92
922.20
910.04
906.94
902.89
24978.88
922.92
902.89
905.04
903.84
901.94
902.18
896.93
906.94
920.06
925.06
925.78
931.02
25000.10
904.08
881.91
878.81
879.05
886.92
895.98
895.98
899.79
902.89
898.84
890.97
890.97
24930.00
945.09
902.89
902.89
897.88
903.13
897.17
895.98
895.02
881.91
909.09
902.18
904.08
899.08
21017.07
944.14
929.12
931.98
925.06
941.99
932.93
933.17
25006.06
940.08
916.96
905.04
911.95
909.09
905.99
907.90
909.09
24998.19
920.06
904.08
898.12
903.13
895.02
893.12
898.12
24920.94
978.95
926.02
916.00
921.01
877.14
872.14
869.04
867.13
24914.98
947.00
893.12
883.10
886.92
896.22
886.92
890.97
885.01
24923.09
926.02
894.07
887.87
885.96
895.02
885.96
879.76
884.06
24938.11
969.89
939.85
932.93
921.96
884.06
895.02
893.83
892.88
25029.90
941.04
924.83
927.93
938.18
931.02
932.93
933.89
28972.86
978.95
938.18
936.03
935.08
935.08
931.02
934.84
932.22
885.01
883.10
897.88
900.03
24951.93
969.89
937.94
923.16
921.96
881.91
911.00
900.98
905.04
907.18
897.17
900.98
895.02
24935.96
936.99
918.87
903.84
898.84
908.85
900.98
892.16
895.98
890.02
895.98
904.08
902.18
24936.91
969.89
916.00
903.13
902.89
899.79
926.02
921.01
915.77
921.01
911.00
907.90
905.04
24935.01
967.98
920.77
917.91
917.91
924.11
916.00
911.95
911.95
904.08
916.96
921.96
925.06
24951.93
967.03
900.03
900.98
900.03
928.16
915.05
917.20
918.87
16955.85
975.85
933.89
918.87
906.94
890.97
891.92
883.10
880.96
24981.98
926.02
911.00
911.95
910.04
900.03
894.07
890.02
892.88
24988.17
905.99
894.78
892.88
901.94
890.97
890.97
892.16
24924.04
972.99
914.81
907.90
895.02
916.00
946.04
931.02
929.83
25022.03
900.03
879.05
880.00
891.92
885.96
882.15
885.01
881.20
24991.99
909.09
897.17
895.98
900.03
891.92
888.82
890.02
889.06
25015.12
921.01
905.99
904.08
900.03
900.03
894.07
892.16
24940.01
945.81
897.88
885.01
886.92
891.92
884.06
882.86
881.91
28922.08
962.97
905.99
905.99
911.00
869.99
882.15
873.09
883.10
880.96
876.90
875.00
875.00
874.04
24968.15
886.92
876.90
877.14
888.11
879.05
876.19
875.95
875.23
901.94
926.97
921.01
924.11
25033.95
919.82
913.86
910.04
894.07
919.10
929.12
924.11
915.05
921.01
916.00
918.87
916.96
17040.01
918.87
11008.02
939.13
930.07
914.10
899.08
907.90
916.96
911.00
923.16
930.07
921.01
916.96
913.14
25000.10
936.99
917.20
920.06
916.00
913.86
911.95
910.04
913.14
885.01
893.12
885.01
886.92
28982.16
947.95
928.88
928.16
932.93
923.87
929.83
926.97
24952.17
972.99
924.83
921.01
922.92
898.84
908.85
902.89
910.04
24957.90
962.97
926.02
916.96
916.96
926.02
912.90
916.00
911.00
25027.04
928.16
931.98
912.90
928.88
919.82
921.01
912.90
24952.89
941.99
890.02
889.06
887.87
885.01
876.90
876.19
881.91
24929.05
931.02
893.12
885.01
887.16
893.12
883.10
883.10
881.91
16926.05
932.93
911.95
905.99
908.85
897.88
908.85
905.99
898.84
911.00
924.11
921.96
921.01
24957.90
962.02
917.91
918.87
909.09
952.01
949.14
958.92
940.80
954.87
946.04
940.08
942.95
25040.86
962.02
947.00
939.13
949.14
940.08
937.94
947.00
933.89
881.20
890.97
881.20
883.10
25027.04
937.94
934.84
932.93
907.18
875.95
877.86
874.04
889.78
880.96
878.10
877.14
875.95
24979.83
926.02
911.95
911.95
898.12
896.93
904.80
907.90
907.90
910.04
907.90
898.12
900.03
24932.86
931.02
896.93
893.83
905.04
896.93
881.91
883.10
883.10
880.96
936.99
931.98
936.03
24973.87
935.79
880.00
879.05
874.04
921.01
911.95
910.04
909.81
916.96
908.14
904.08
902.89
20927.91
991.11
931.02
921.96
916.96
926.97
920.06
916.00
907.90
24987.94
931.02
902.89
904.80
896.93
896.93
901.94
894.07
896.93
25019.88
918.87
905.99
906.94
906.94
876.19
875.00
872.14
874.04
24995.09
916.00
901.94
895.02
905.99
893.12
890.97
891.92
24915.93
943.90
897.88
890.97
890.02
900.03
890.02
889.06
887.87
24930.00
972.03
920.06
918.15
909.09
899.08
884.06
882.15
892.88
28974.06
932.93
927.93
908.14
916.00
908.85
897.88
898.12
900.03
918.87
931.98
945.09
932.93
25019.88
900.98
883.10
880.00
876.19
919.10
906.94
911.00
915.05
921.96
911.95
902.18
909.09
24967.91
934.84
911.95
908.14
911.95
902.89
900.03
901.94
897.17
868.08
888.11
890.97
897.17
24979.11
941.99
898.84
887.87
893.83
887.87
875.00
874.04
874.04
885.96
880.00
875.00
875.00
877.14
24983.17
902.89
887.87
888.82
892.88
886.92
883.82
885.96
888.11
953.91
947.95
944.14
939.13
25019.88
972.99
952.01
949.86
928.88
906.23
911.00
916.96
16963.01
931.98
893.83
888.82
888.82
905.04
945.09
944.14
940.08
25036.10
930.07
914.10
910.04
911.00
912.90
910.04
905.04
908.85
24979.83
918.87
915.05
912.90
914.81
905.04
909.09
904.08
28939.01
967.03
926.97
927.21
930.07
908.14
911.95
914.81
903.84
25002.00
900.03
890.02
879.05
890.02
880.00
877.14
875.95
873.80
24981.02
892.16
889.06
880.96
885.96
880.00
882.86
882.15
885.96
24976.97
899.08
885.01
881.91
880.96
891.92
896.93
895.98
24914.03
959.16
902.89
889.06
889.06
894.07
890.97
881.91
878.10
24915.93
963.93
927.93
921.96
911.00
926.97
921.01
910.04
924.11
912.90
875.00
873.09
879.05
882.15
25027.99
950.10
947.00
932.93
921.01
900.98
897.17
894.07
907.90
900.98
897.17
890.97
895.98
24973.15
912.90
898.84
897.88
903.13
899.08
894.07
900.03
886.92
964.16
951.05
961.07
24966.00
984.91
939.85
928.88
921.96
895.98
934.84
926.97
924.11
934.12
921.01
928.16
924.11
24955.03
985.15
941.99
926.02
933.89
939.85
923.87
925.78
926.02
910.04
916.00
926.97
913.14
28959.04
960.11
915.05
914.81
916.96
916.96
918.87
908.85
913.86
25017.02
926.02
919.10
910.04
913.86
917.20
906.94
912.90
24940.97
1006.13
972.03
979.19
967.98
932.22
941.04
939.13
929.12
25027.04
952.01
926.97
931.02
926.02
921.01
916.00
921.96
24958.13
952.01
923.87
914.81
913.86
916.96
911.00
911.95
910.04
25029.18
926.97
915.05
906.94
901.94
915.05
922.20
915.05
20936.01
968.93
910.04
890.97
889.06
920.06
935.08
918.15
926.97
927.93
926.02
921.01
926.97
24949.07
989.91
946.04
934.84
935.79
950.81
934.84
936.99
934.12
937.94
900.03
887.16
885.96
24940.01
996.11
951.05
945.09
947.00
898.84
895.02
892.88
896.93
903.13
895.02
897.17
900.03
24923.09
947.00
895.98
891.92
887.87
892.88
888.11
885.01
885.96
888.11
875.95
874.04
873.09
874.04
24980.07
899.08
887.16
880.00
871.18
892.88
894.07
889.06
889.06
892.16
895.98
883.10
882.15
24927.14
952.96
919.82
900.03
913.14
900.98
905.04
906.94
900.98
17035.01
920.06
909.09
903.13
906.94
898.84
891.92
900.98
892.88
24992.94
898.12
890.97
885.01
873.09
888.11
890.02
887.16
32930.85
952.01
902.18
900.98
894.07
902.89
897.17
899.08
895.02
24943.11
956.06
896.22
891.92
888.82
901.94
897.17
889.06
890.97
24975.06
926.97
900.98
900.98
905.04
926.97
921.96
930.79
922.92
25029.18
926.02
921.01
911.00
921.01
915.05
909.81
900.98
16947.03
949.86
902.89
898.12
898.12
911.95
904.80
897.88
898.84
24971.01
926.97
910.04
912.90
905.99
903.84
893.83
899.79
895.98
25002.00
922.20
907.90
903.84
907.90
902.89
902.89
898.12
905.04
890.02
887.87
893.83
896.22
24996.04
949.14
933.89
924.83
941.04
926.02
921.96
929.83
917.91
912.90
924.11
921.01
912.19
25026.08
926.97
903.84
908.85
895.98
911.00
908.85
922.92
922.92
917.91
914.10
920.06
918.87
25022.03
933.89
912.90
926.97
932.93
926.97
916.00
911.95
920.06
879.05
880.00
890.97
892.16
25027.04
952.96
937.94
935.08
936.99
877.86
881.91
883.10
891.92
880.96
874.04
881.91
884.06
21000.15
926.02
906.94
904.08
896.22
943.90
947.00
947.95
24980.78
957.01
907.90
897.88
893.12
895.02
897.88
883.82
890.02
24919.03
933.17
891.92
880.96
884.06
885.96
876.90
875.23
885.96
24924.04
937.94
891.92
875.00
881.91
911.00
921.01
934.12
923.16
25016.07
901.94
883.10
877.14
886.92
875.95
875.00
883.82
877.86
24976.97
900.03
886.20
875.95
881.20
880.00
870.94
871.90
873.09
28981.21
911.00
895.98
890.97
877.14
880.00
885.01
893.12
885.96
892.88
885.01
887.87
883.82
24925.95
933.89
901.94
885.96
884.06
890.02
890.02
881.20
882.86
882.86
887.87
887.87
891.92
892.16
24983.88
905.04
880.96
885.96
877.14
905.99
910.04
916.00
922.92
914.10
910.04
914.81
913.86
25007.96
936.03
911.95
911.95
916.00
915.05
905.04
907.18
907.90
911.00
921.96
911.95
918.15
25026.08
942.95
927.93
919.10
905.99
923.16
908.14
914.10
932.93
921.96
936.99
926.02
928.88
25033.00
942.95
941.99
931.98
944.14
936.03
935.08
934.84
17028.81
955.10
933.89
932.93
941.04
931.98
930.07
930.07
24964.09
973.94
926.02
917.20
912.90
927.93
944.85
936.99
931.98
25019.88
954.87
935.79
937.94
941.99
939.85
937.94
936.03
24970.05
993.01
948.91
939.85
941.99
941.04
939.13
940.08
936.99
25022.98
931.98
916.96
923.16
920.06
936.03
931.98
933.89
24976.02
955.10
911.95
917.20
911.95
912.90
907.18
905.99
908.14
25002.00
907.18
890.97
884.06
893.83
885.01
888.11
884.06
880.96
907.90
902.89
896.22
895.02
24934.05
929.12
884.06
885.01
874.04
875.00
887.16
884.06
889.06
904.08
895.02
896.93
885.01
902.89
24991.99
923.16
905.04
909.09
911.00
900.98
902.89
907.18
899.08
879.05
878.10
877.14
880.96
25011.06
954.87
927.93
931.98
918.87
890.02
884.06
887.16
889.06
915.05
956.06
963.21
953.91
25015.83
921.01
903.13
911.00
911.00
971.08
966.07
964.88
970.84
967.03
965.12
963.93
25000.81
1003.98
970.13
967.03
972.03
967.98
966.07
967.03
962.97
906.94
910.04
912.90
910.04
25031.81
969.89
965.83
962.02
938.89
916.00
10976.08
911.00
896.22
895.98
900.03
891.92
885.96
886.92
891.21
16974.93
894.07
884.06
882.15
878.10
880.96
874.04
875.00
876.90
24992.94
914.10
907.18
900.98
885.01
881.91
881.20
871.90
874.04
25012.97
929.12
911.00
901.94
915.05
901.94
903.13
900.98
24938.11
952.96
915.05
915.05
908.85
916.00
908.85
907.90
910.04
25003.91
938.89
920.06
909.81
901.94
943.18
947.95
954.15
24977.92
952.01
899.08
887.16
885.96
898.84
894.07
890.97
899.08
24928.81
1004.93
965.83
962.97
961.07
962.02
955.82
953.91
960.83
904.80
908.85
901.94
896.22
25014.88
974.89
956.06
964.88
943.90
902.89
899.79
908.85
916.00
911.00
908.14
905.04
905.99
25000.81
920.06
914.10
911.00
916.00
901.94
905.04
907.18
905.04
879.05
885.96
882.86
885.01
24982.93
911.00
892.16
885.96
880.96
893.83
911.95
910.04
913.14
925.06
906.94
906.94
905.99
24955.03
961.07
914.10
915.05
923.16
914.10
911.95
906.94
911.95
893.83
904.08
900.98
895.98
28942.82
976.09
921.96
917.91
921.96
921.01
921.01
915.05
919.82
25019.88
942.95
919.82
921.01
926.97
921.01
919.10
917.91
24957.90
983.00
939.13
931.02
929.83
932.93
935.08
950.10
942.95
25027.99
921.01
915.05
920.06
916.00
924.11
916.96
907.90
24948.84
963.93
927.21
916.00
916.00
917.91
918.87
916.00
918.87
25015.83
967.98
946.04
937.94
921.01
916.96
921.01
914.10
20946.98
947.00
901.94
885.96
889.06
880.00
916.96
921.96
921.01
920.06
911.95
909.81
911.00
915.05
25001.05
922.92
913.14
914.10
916.00
916.00
912.90
905.04
894.07
881.91
881.91
880.96
880.96
25038.00
963.93
938.89
939.85
933.89
909.09
897.17
900.98
901.94
899.08
891.92
892.88
882.86
24983.17
905.99
895.98
889.06
895.02
895.02
890.97
894.07
889.06
940.08
927.93
928.88
928.88
25014.88
916.00
899.08
902.89
894.07
930.07
921.01
930.07
931.02
923.87
922.20
924.11
926.02
25021.08
936.99
924.83
926.02
930.07
916.96
926.97
925.06
16955.14
979.19
937.94
929.83
932.93
938.18
926.02
929.12
921.96
25024.89
936.99
921.96
908.85
907.90
943.18
941.99
936.99
24968.86
989.91
940.80
936.99
946.04
937.22
929.83
923.87
924.83
25053.02
956.06
946.04
935.08
938.18
935.08
936.03
929.12
24964.09
975.13
936.99
936.03
936.03
933.89
936.99
929.12
933.17
25003.91
923.87
909.81
895.02
931.02
961.07
962.02
954.87
25024.89
917.20
890.97
885.01
912.90
926.97
924.11
10973.93
916.96
911.00
916.96
887.16
881.91
880.00
883.10
884.06
878.10
885.96
880.96
880.00
24985.79
900.98
885.01
877.86
890.02
880.96
885.01
877.86
874.04
886.92
914.81
916.00
910.04
24958.13
934.12
893.12
881.91
882.86
931.02
931.02
929.12
928.88
933.89
931.02
928.88
922.92
24958.13
973.94
936.99
931.98
931.98
926.97
929.83
921.01
924.11
895.98
931.98
929.12
920.06
25012.02
937.22
926.02
924.11
914.10
943.90
941.04
951.05
952.96
942.95
942.95
941.04
939.85
25038.00
955.10
945.09
945.09
949.14
938.89
943.90
944.14
942.95
941.99
936.03
949.14
24983.88
988.01
940.80
937.94
936.03
926.97
921.01
920.77
916.96
17041.92
938.89
928.88
923.16
930.07
916.00
926.02
921.01
24962.19
982.05
930.07
921.01
935.79
923.87
928.88
924.11
918.15
25003.19
911.00
895.02
890.02
882.86
907.90
914.10
904.08
906.94
24985.07
899.08
890.02
887.16
890.02
884.06
886.92
883.10
24923.09
947.00
906.94
899.08
892.16
902.89
887.87
893.83
897.88
24954.08
1015.90
979.90
966.07
973.94
967.98
967.03
966.07
25006.06
1013.99
975.13
967.98
971.08
970.13
967.98
967.98
24991.04
985.15
944.14
936.03
925.06
942.95
956.77
962.97
961.07
25016.07
901.94
879.05
876.19
883.10
927.93
919.82
923.87
929.83
932.93
928.16
919.10
919.10
25012.97
935.79
925.06
912.90
926.97
916.00
915.05
921.01
911.00
919.10
921.96
919.82
910.04
25013.92
935.79
926.97
916.00
907.18
917.91
912.90
907.90
918.15
911.95
915.05
908.85
912.90
25010.82
921.01
920.06
911.00
916.96
915.05
914.10
909.09
905.04
939.85
951.05
944.85
947.95
25011.06
918.87
910.04
910.04
900.98
919.10
922.92
915.05
921.96
911.95
914.10
905.99
904.80
29047.01
950.10
940.08
926.02
921.01
901.94
903.13
899.08
24937.87
938.89
903.84
893.12
897.17
901.94
900.98
890.97
889.06
24967.91
