930.07
919.10
920.06
913.86
900.98
916.00
900.98
916.00
946.04
939.13
950.10
952.96
25002.96
905.99
896.22
889.06
891.92
895.98
880.96
875.95
16906.98
974.18
921.96
914.10
904.08
918.15
908.14
907.90
895.02
24943.11
962.02
908.14
910.04
905.04
905.99
916.96
908.85
926.02
25048.97
972.03
964.88
964.16
921.01
867.13
839.95
870.94
24955.03
995.87
967.98
949.14
962.02
952.01
953.20
966.07
967.03
25051.12
974.18
953.91
952.96
967.98
954.87
952.96
953.20
29031.04
901.94
885.96
884.06
893.12
883.10
884.06
895.02
880.96
24975.06
896.93
885.01
882.86
893.83
1472.95
916.00
916.96
25026.08
926.97
900.98
905.99
909.81
919.82
1014.95
926.02
24955.99
947.95
898.12
887.16
885.01
916.00
917.20
909.09
912.90
24963.86
921.01
895.98
883.82
905.04
892.88
888.82
905.04
890.97
24997.00
912.90
906.94
900.98
903.84
896.93
910.04
897.17
899.08
25002.96
922.92
913.14
911.00
908.85
928.88
919.82
931.02
937.94
933.89
928.88
929.12
24962.19
966.07
919.10
907.18
926.02
919.10
903.13
906.94
894.78
899.79
923.87
824.93
915.05
908.14
24994.13
911.95
893.83
893.83
889.06
907.90
897.88
919.82
925.06
914.10
921.01
912.19
911.00
25010.11
936.03
927.93
919.10
926.02
920.06
912.90
913.14
919.10
891.92
895.02
906.94
902.18
25036.10
947.95
930.79
919.82
927.93
892.88
891.21
893.12
890.97
887.87
891.21
895.02
890.97
24991.99
914.10
896.93
892.88
900.98
892.88
887.87
887.16
890.02
927.93
916.96
929.12
922.92
25029.90
934.84
926.02
917.91
903.84
943.90
931.02
933.89
943.90
931.02
931.98
926.02
924.83
33033.85
918.87
904.80
904.08
905.04
915.05
914.10
915.05
24938.11
950.81
921.96
904.08
902.18
926.02
900.98
902.89
900.03
24972.92
933.89
907.18
899.08
922.92
907.90
900.03
907.18
902.89
25017.02
920.06
911.95
906.94
915.05
928.88
912.90
921.01
24958.85
973.94
930.79
918.87
920.06
926.02
923.87
917.91
932.93
25022.03
931.02
929.83
921.96
935.08
924.11
923.16
920.06
24952.89
952.01
891.92
891.92
885.01
906.94
925.06
916.96
911.00
911.95
931.98
915.05
914.10
24944.07
988.01
945.81
936.03
948.91
957.97
941.99
941.99
939.85
930.07
952.96
967.03
966.79
25033.00
970.13
936.99
929.83
926.02
918.87
936.03
922.92
927.93
939.13
939.13
925.06
911.95
24995.80
930.07
916.00
911.95
912.90
911.00
900.03
913.14
911.00
889.06
891.21
899.08
894.07
25011.06
947.00
931.02
916.00
894.07
885.01
893.83
895.02
894.07
899.08
897.17
889.06
884.06
24939.06
926.97
875.00
875.00
878.81
895.98
882.15
883.10
880.96
872.85
878.81
876.90
884.06
886.92
24991.99
907.90
893.12
881.91
890.02
870.94
895.98
893.12
881.91
880.96
878.10
880.96
887.87
33004.05
947.00
944.14
931.02
914.81
931.98
941.04
934.84
24956.94
988.01
938.89
929.83
928.88
931.98
944.14
941.99
935.08
25034.90
956.06
932.93
933.89
937.94
936.03
931.98
932.93
24981.98
984.91
920.06
921.01
910.04
936.99
932.93
932.93
925.06
29039.14
962.97
962.97
959.16
916.96
868.80
871.90
873.09
882.15
872.14
880.00
879.05
875.00
24976.02
894.07
892.16
883.10
885.96
892.88
889.78
886.92
879.05
909.09
887.87
881.91
887.16
24919.99
959.87
912.90
900.03
895.98
917.91
900.03
896.93
892.88
900.98
893.12
895.98
887.16
24900.91
958.92
897.88
891.92
890.02
900.03
895.02
887.16
886.92
880.00
878.10
881.91
879.05
881.91
24979.83
933.89
916.96
915.05
899.08
872.14
873.09
875.95
875.95
889.06
877.14
870.94
869.99
32907.96
968.93
913.14
926.02
922.20
875.95
885.96
894.07
888.11
24991.99
955.82
928.88
926.02
930.07
922.20
924.11
926.97
926.02
25014.16
939.13
926.97
927.21
935.08
928.16
925.06
925.06
25005.10
935.08
901.94
902.89
894.07
924.11
923.16
926.02
914.10
24997.95
905.99
892.88
894.07
900.98
893.12
891.92
885.96
24915.93
947.00
902.18
894.07
909.09
919.10
911.00
911.95
914.10
28956.89
962.02
921.01
905.04
911.95
928.16
935.08
941.04
937.94
944.85
941.04
937.94
941.99
25038.96
957.97
940.08
936.03
941.99
934.84
936.99
934.12
930.07
885.96
896.93
895.98
894.07
25033.95
972.99
952.01
952.01
957.01
907.90
910.04
906.94
912.19
907.90
907.90
907.90
911.00
25013.92
931.02
917.91
917.20
921.01
921.01
914.81
912.90
911.95
930.07
936.99
937.94
24967.19
989.20
935.08
945.09
928.16
890.97
913.14
914.10
895.02
907.18
897.88
901.94
896.22
899.08
24984.12
917.91
902.18
911.00
912.19
907.90
898.84
900.98
24954.08
957.97
930.07
919.82
908.14
885.01
880.00
881.91
885.01
24981.98
964.88
924.83
923.87
931.02
933.17
926.97
926.02
922.92
24976.02
906.94
897.17
895.98
880.00
872.85
882.86
892.88
24921.18
967.03
926.02
916.96
923.16
902.89
932.93
928.16
926.97
938.18
926.02
926.02
926.97
24963.14
983.00
935.79
929.83
943.90
931.98
930.07
931.02
926.02
926.02
931.98
947.00
931.98
25022.98
926.97
904.08
900.98
896.93
919.10
936.99
931.02
927.93
937.22
923.87
927.93
923.87
25017.02
942.95
919.82
921.01
925.06
926.02
916.96
919.10
925.06
889.06
886.92
881.91
883.82
24994.85
968.93
959.87
955.10
938.18
900.98
896.93
892.88
895.98
890.97
892.88
883.10
884.06
28971.20
901.94
889.06
885.01
880.00
936.99
933.89
935.08
931.02
25023.94
939.13
920.06
912.19
920.06
916.00
911.95
912.19
24940.97
962.97
929.12
921.96
921.96
915.05
915.05
911.00
912.90
25021.79
952.01
929.12
926.02
918.15
914.10
912.90
904.80
24935.96
949.14
903.13
905.99
897.17
902.89
893.83
889.06
897.88
24935.96
976.80
929.83
911.95
913.14
902.89
911.95
904.08
909.09
25032.04
962.97
947.00
941.04
949.86
937.94
941.99
939.13
24979.11
985.15
953.91
942.95
945.09
943.90
946.04
944.14
938.89
872.85
874.04
879.05
887.16
24948.84
996.11
974.89
963.93
939.13
910.04
903.13
907.18
905.99
900.03
901.22
898.84
895.98
24981.02
926.02
906.94
899.08
900.98
900.98
897.17
894.07
897.17
900.03
885.96
888.82
885.01
24929.05
942.95
900.03
886.92
890.97
900.03
887.87
885.96
884.06
892.16
885.96
887.16
885.96
880.96
24998.90
911.95
900.98
895.98
911.95
903.13
895.02
895.02
892.88
921.01
936.99
938.18
937.94
25009.87
910.04
900.03
899.08
895.02
942.95
944.14
946.04
952.96
947.95
955.10
946.04
28978.11
989.91
941.04
936.03
930.79
941.04
935.08
926.97
934.12
25010.11
907.18
895.98
886.20
891.92
883.10
882.15
875.95
882.86
24989.84
900.03
895.02
897.17
900.98
894.07
894.07
892.16
885.96
25007.01
924.11
910.04
908.14
908.14
894.07
888.11
884.06
24930.00
960.83
905.04
896.93
897.88
894.07
887.87
888.11
890.02
24928.81
932.93
895.02
895.98
895.98
890.97
888.11
885.96
885.96
25000.10
962.97
941.99
940.08
931.02
885.01
880.00
878.81
877.86
21049.98
983.00
958.20
959.87
948.91
921.01
927.93
916.00
934.12
918.15
910.04
911.95
24935.01
941.04
904.08
895.98
896.93
899.08
888.11
887.87
895.02
881.91
900.98
900.98
905.99
899.08
25018.93
931.98
910.04
916.00
911.00
879.05
870.94
879.05
886.92
881.91
885.01
876.90
875.00
24983.88
892.88
876.19
884.06
885.01
880.00
871.90
880.96
880.96
903.84
962.97
967.03
971.08
25045.16
925.06
908.14
903.13
895.98
958.20
972.99
971.08
980.14
965.12
972.03
968.93
964.88
25053.02
983.95
971.79
972.03
981.09
973.94
971.08
969.17
900.03
882.15
889.06
889.06
24950.98
993.97
959.16
952.01
955.10
952.01
942.95
949.14
16979.93
978.95
924.11
906.94
907.90
908.14
899.08
890.97
895.02
24933.10
947.00
894.07
894.07
891.21
901.94
898.84
893.83
883.82
32997.85
941.99
926.02
928.88
931.02
930.79
927.93
926.97
24959.09
971.08
941.99
936.03
930.07
935.08
930.07
931.02
926.97
29014.11
917.91
900.03
899.08
885.01
934.12
926.02
932.93
928.88
936.03
931.02
926.02
928.88
25025.84
939.85
932.93
928.16
953.91
931.02
927.93
930.07
921.96
882.15
900.03
894.07
895.98
12998.82
899.08
885.96
885.96
890.97
885.01
885.01
881.91
879.05
875.95
879.05
880.00
877.86
24924.04
940.08
893.12
889.06
880.00
902.18
909.09
900.98
904.08
905.99
898.84
902.18
906.94
24934.05
962.97
912.90
904.08
904.08
910.04
900.98
897.88
886.92
883.10
911.00
905.99
908.14
905.04
24986.03
907.18
892.88
890.97
877.14
917.91
917.91
910.04
914.81
908.85
905.04
910.04
908.14
25003.91
916.96
921.01
912.90
924.11
915.05
911.00
909.09
901.22
890.97
884.06
894.07
889.06
25002.96
931.98
923.16
910.04
911.95
886.92
881.91
889.06
882.15
889.06
892.16
890.97
882.86
24941.92
937.94
906.94
899.08
904.08
900.03
901.22
906.94
900.03
29029.85
940.08
931.98
929.12
931.98
929.83
925.06
926.97
24958.13
974.18
920.06
921.01
918.15
927.93
917.91
921.96
916.96
25006.06
936.99
912.90
909.81
895.98
900.03
893.12
892.16
890.97
25023.94
939.13
919.10
920.06
931.98
911.95
921.01
906.94
24953.13
953.20
914.10
910.04
911.00
896.22
892.88
891.92
903.84
890.97
916.96
911.95
916.00
24960.99
957.01
905.99
905.04
907.90
869.99
884.06
881.91
889.06
891.92
892.16
894.07
892.16
885.96
24995.80
901.94
890.02
893.83
906.94
892.16
895.02
892.16
883.10
891.92
887.87
883.82
886.92
24990.80
917.91
897.88
895.02
890.02
911.95
918.15
913.14
924.11
929.83
911.95
909.09
916.00
25009.87
929.83
911.00
920.06
911.00
916.96
911.95
903.84
912.90
886.92
904.08
902.18
900.98
28995.04
936.99
931.98
917.91
922.20
921.01
916.96
913.86
915.05
25002.00
913.86
901.94
900.03
912.19
936.03
936.03
938.89
24973.15
937.94
882.86
883.82
882.86
889.06
880.96
876.90
876.90
24931.19
920.06
887.16
888.11
885.96
902.18
890.02
893.12
888.11
24992.94
917.91
894.78
894.07
881.91
907.18
909.09
914.10
904.08
24998.90
902.89
886.20
881.91
880.96
878.10
879.05
880.00
889.06
897.88
891.92
899.08
899.08
24964.09
923.16
900.03
904.08
908.14
906.94
907.90
905.99
903.84
923.87
900.98
899.08
900.98
24941.92
961.07
928.88
917.91
915.05
924.11
923.16
916.96
917.91
926.02
912.90
917.20
919.10
24963.86
969.89
924.83
918.87
918.87
916.96
911.95
916.96
912.19
922.92
908.85
901.94
909.09
24959.09
958.92
928.16
921.01
923.16
921.01
924.83
926.97
925.06
25032.04
947.95
931.02
926.02
937.94
928.16
936.99
935.79
24980.07
930.07
890.02
887.16
880.00
930.07
939.85
940.08
936.03
25016.07
916.00
910.04
905.99
910.04
898.84
892.88
896.93
28924.94
979.90
942.95
931.02
927.93
936.03
936.03
925.06
932.93
25025.84
936.03
904.08
911.00
901.94
890.97
886.92
887.16
889.06
25000.10
912.90
897.88
896.93
895.02
888.82
886.92
883.10
24909.02
943.90
896.22
885.01
879.05
885.01
875.95
877.14
876.90
24901.87
974.89
929.83
921.01
904.08
916.00
883.10
878.10
880.00
24931.91
1013.99
967.03
957.01
961.07
960.11
958.20
958.92
24992.23
1023.05
980.14
967.03
977.99
970.84
972.99
971.08
971.08
25005.10
925.06
915.05
909.09
936.03
939.13
933.89
937.94
25017.02
938.89
902.89
901.22
906.94
895.98
898.84
901.94
898.12
24985.07
919.10
900.03
895.98
902.89
895.98
893.12
895.02
895.98
25003.91
929.83
922.92
913.14
891.92
890.02
893.12
904.08
24955.99
961.07
924.83
911.95
911.00
914.81
913.86
907.90
911.00
25024.89
930.07
918.87
912.90
916.96
924.11
914.10
913.14
24942.87
985.86
941.04
935.08
936.03
929.12
928.16
927.93
926.97
25012.97
941.99
931.02
929.12
936.99
933.89
926.02
926.02
24962.90
983.00
938.89
932.93
931.02
938.18
931.98
934.84
928.88
25021.79
917.91
898.84
898.84
890.02
923.87
921.96
929.12
24940.97
1022.10
958.92
953.91
948.91
957.97
952.96
949.14
951.05
25048.97
963.93
954.15
961.07
961.07
955.10
951.05
947.95
25031.09
980.85
973.94
966.07
946.04
947.95
947.95
959.87
24997.95
1019.95
963.93
956.06
964.88
957.97
957.01
954.87
952.96
25039.91
959.87
964.88
957.01
963.93
960.11
952.01
957.01
25048.97
949.86
928.88
923.16
929.12
943.90
956.06
947.00
24994.13
990.15
947.00
937.94
941.99
938.18
935.08
936.03
931.02
21031.86
933.89
931.98
932.93
936.99
931.02
924.11
927.93
25020.84
955.82
936.03
931.98
935.08
930.07
928.16
927.93
24960.99
977.04
931.02
923.87
921.96
923.16
934.84
938.89
931.02
25025.84
941.04
921.01
927.93
920.06
918.15
914.10
900.03
904.08
24995.09
919.10
915.05
906.94
916.00
896.93
903.13
890.02
24934.05
965.83
927.93
919.10
929.12
889.06
897.17
889.06
890.02
24999.14
944.14
927.93
926.02
926.97
923.16
925.06
925.06
28949.02
928.16
882.15
877.86
879.05
890.97
878.10
878.10
874.04
24909.02
995.87
949.14
941.99
934.84
875.95
895.02
895.02
900.03
24954.08
998.02
947.00
941.04
942.95
936.03
946.04
937.94
24960.99
1000.17
947.95
945.81
948.91
951.05
943.90
943.18
945.09
25050.88
947.95
928.16
922.92
912.90
891.92
904.08
908.85
24946.93
976.09
930.79
922.92
920.77
930.07
926.02
921.01
911.95
25002.00
936.03
921.96
917.91
916.96
910.04
914.10
908.14
905.04
24981.02
895.98
885.96
880.96
885.96
880.00
888.82
898.84
24919.03
964.16
902.89
895.98
885.01
895.02
883.82
878.81
885.96
28912.07
983.00
926.02
929.12
916.00
929.12
911.95
911.95
920.06
25012.02
940.80
924.83
920.06
911.00
892.16
895.02
895.02
888.11
25007.01
913.86
911.00
909.09
916.00
911.95
904.08
901.94
16941.79
939.13
887.87
884.06
875.95
885.96
878.10
876.90
872.85
24911.88
926.97
882.15
880.00
884.06
890.97
879.05
883.10
885.96
24934.05
992.06
952.01
938.18
926.02
874.04
878.81
876.90
883.10
25031.09
972.03
969.17
968.93
967.98
964.88
963.93
964.16
25051.12
989.91
968.93
969.17
975.13
965.83
965.83
962.97
24994.13
950.10
905.99
895.02
900.98
949.14
942.95
948.91
948.19
25062.08
970.13
963.93
957.01
962.97
957.97
957.01
952.01
21039.01
906.94
883.10
884.06
896.93
889.06
885.96
889.78
887.87
17034.05
932.93
927.93
923.16
931.98
918.15
916.96
919.10
24949.07
965.83
922.92
916.96
919.10
929.12
925.06
915.05
920.06
33028.13
935.08
909.09
909.09
911.00
907.90
899.79
901.94
24919.03
961.07
911.00
904.08
901.22
911.00
899.08
900.03
900.03
24940.97
945.81
911.95
895.98
896.93
950.10
941.04
930.07
936.03
25002.96
912.19
890.02
897.17
899.08
897.88
892.88
900.03
901.22
25005.82
921.96
900.98
912.90
912.19
907.90
902.89
906.94
24942.87
950.81
905.04
900.03
896.22
899.08
926.97
930.79
927.93
25045.87
931.02
907.90
902.89
912.90
905.04
898.84
907.90
897.17
24994.13
905.99
899.08
897.17
900.03
895.02
893.12
893.12
890.97
922.20
917.91
926.97
923.16
25026.08
942.95
920.06
919.82
917.91
925.06
927.93
931.02
926.97
921.96
921.96
922.92
923.16
25011.06
950.10
931.02
931.98
933.89
927.21
931.98
923.16
920.06
957.97
954.87
970.84
25002.00
972.99
926.02
927.93
12950.90
952.01
891.92
887.87
885.01
874.04
889.06
898.12
895.98
895.98
894.07
892.88
891.92
887.87
28989.08
894.78
890.97
889.06
884.06
891.21
885.96
882.15
886.92
17071.96
982.05
969.89
967.98
978.95
972.03
968.93
966.07
25027.99
916.96
902.18
893.83
895.98
952.96
952.01
960.11
17002.11
952.96
905.99
903.13
900.98
941.04
935.08
938.18
936.03
24997.00
904.80
880.96
882.15
890.02
883.10
885.01
879.05
880.00
24991.04
901.94
885.96
886.20
894.07
883.10
881.91
886.92
883.10
25026.08
950.10
941.04
940.08
909.09
908.14
920.06
905.99
914.81
905.99
914.10
899.08
24925.95
968.93
914.81
907.90
908.85
908.85
904.80
897.88
899.79
895.98
965.12
975.13
975.13
25007.01
970.13
921.96
918.87
911.00
946.04
954.15
961.07
957.01
962.97
956.06
956.06
952.96
21039.01
949.14
928.88
925.06
911.95
902.89
895.98
891.92
890.02
924.83
927.93
921.96
927.93
25004.86
906.94
881.20
883.82
877.86
903.84
905.99
901.94
905.99
915.05
898.12
905.99
898.12
24940.01
954.87
913.86
904.80
911.95
905.04
905.99
899.79
900.03
878.10
912.90
913.86
920.06
24973.87
966.07
919.10
923.87
913.86
936.03
944.85
957.97
960.11
957.97
956.06
953.20
945.09
25048.02
962.97
956.06
942.95
961.07
945.81
952.01
950.10
941.04
951.05
956.06
959.87
40988.92
956.06
917.91
911.00
908.85
914.81
906.94
905.99
910.04
25015.83
957.97
940.08
940.08
923.16
911.00
913.86
909.81
902.89
25035.86
958.92
945.09
948.19
957.01
945.09
947.00
946.04
25048.02
966.07
946.04
951.05
953.91
946.04
947.95
948.19
24988.89
935.08
890.02
889.06
894.07
940.08
932.93
939.85
951.05
25023.94
921.96
903.13
900.98
909.09
902.18
895.98
895.02
24922.85
948.91
898.84
892.88
886.92
896.22
885.01
890.97
881.91
24925.95
964.16
918.87
918.87
911.00
897.88
880.00
881.91
883.82
24938.82
958.92
924.83
911.00
909.09
967.03
983.95
965.83
977.99
975.13
971.08
969.89
971.08
25072.10
985.86
978.95
972.03
983.00
975.85
970.84
972.03
936.03
937.94
933.89
934.84
25039.91
982.05
957.97
957.97
936.03
878.10
890.02
891.92
892.16
891.92
895.02
881.91
888.11
24983.17
903.13
883.10
883.10
888.11
883.10
880.96
880.96
885.01
874.04
928.88
937.94
945.09
24983.88
941.04
885.96
881.91
886.20
946.04
950.10
957.97
971.08
975.13
966.07
964.16
970.84
25019.88
913.86
898.12
887.16
892.88
920.06
902.89
914.10
909.09
916.96
907.18
910.04
906.94
25007.01
931.98
907.90
906.94
916.00
906.94
906.94
898.84
893.83
936.03
920.06
916.00
913.86
25019.17
935.08
916.96
911.95
913.14
945.09
940.08
939.13
946.04
941.04
940.08
938.18
936.99
25022.03
940.80
941.04
921.96
937.94
898.12
900.98
895.98
24944.07
972.03
926.97
924.83
936.03
926.02
919.10
921.01
919.10
25017.98
940.80
923.87
923.87
921.01
923.87
920.06
918.87
24955.03
980.14
952.01
940.08
941.04
936.99
938.89
936.99
936.99
25052.79
977.04
972.03
968.93
975.85
967.98
968.93
964.88
25065.18
986.10
976.09
972.03
977.04
969.89
972.99
969.89
25052.79
978.95
950.10
954.15
953.91
895.98
906.94
904.80
24931.91
1005.89
972.99
957.01
956.06
957.01
967.98
967.03
970.84
972.99
964.88
972.03
967.98
25064.95
984.91
969.89
967.98
981.09
961.07
967.98
966.07
943.18
915.05
919.10
911.00
24958.13
1011.13
973.94
947.00
948.91
917.91
922.20
921.01
916.00
927.93
921.01
917.20
921.01
25016.07
933.89
908.85
916.00
918.15
922.92
906.94
905.99
913.86
876.90
898.84
899.79
905.99
24959.09
962.97
942.95
936.03
920.06
881.91
897.88
903.84
907.90
920.77
906.94
911.95
910.04
24950.98
951.05
914.10
911.95
917.91
910.04
916.00
916.00
915.05
25036.10
933.17
914.10
916.00
912.19
871.90
884.06
881.91
24921.89
962.02
900.98
893.83
892.88
895.98
885.96
892.16
893.12
24928.09
947.00
915.05
900.98
895.02
900.98
902.89
908.14
909.09
24991.04
902.18
890.02
885.01
882.86
946.04
947.95
950.10
949.14
25007.96
916.00
906.94
905.04
917.91
906.94
911.00
897.88
24931.91
942.95
907.18
903.84
900.03
909.09
903.13
899.08
895.02
24951.93
973.94
934.84
919.82
912.90
898.84
888.82
892.88
888.82
905.04
896.93
893.12
893.12
24930.95
922.92
888.11
890.97
890.02
893.12
882.86
881.91
881.91
876.19
919.10
926.97
909.09
24940.97
962.02
903.13
895.98
895.98
877.14
909.09
920.06
906.94
908.85
913.86
916.00
908.85
903.84
24997.95
920.06
914.10
908.14
907.90
895.98
893.12
895.98
876.90
893.12
902.18
900.98
903.13
29031.99
946.04
924.11
911.00
917.91
916.00
909.09
906.94
24935.01
967.03
926.02
916.96
911.95
926.02
913.86
911.95
911.00
25005.82
916.00
887.16
895.02
893.12
913.14
911.00
919.10
911.95
25001.05
905.04
894.07
885.01
891.92
883.10
890.02
890.02
886.92
24984.12
911.95
896.93
900.03
909.09
904.08
899.79
905.04
16944.89
970.13
926.97
926.97
921.01
927.93
926.97
911.00
913.86
889.06
885.96
890.97
888.11
24934.05
1008.99
962.97
961.78
952.96
874.04
875.00
875.00
878.10
879.05
880.00
879.05
875.00
875.95
24963.86
895.98
879.05
879.05
899.08
881.91
881.91
882.86
881.91
967.98
957.01
961.07
957.97
25013.92
921.01
910.04
896.93
904.08
914.10
905.99
904.08
902.18
903.13
905.04
895.98
895.98
24997.95
915.05
898.12
896.93
905.04
895.02
890.97
891.92
890.02
917.91
926.97
923.87
922.92
33027.17
946.04
926.97
933.89
932.93
930.07
928.16
928.16
24973.87
1023.05
973.94
973.94
963.21
900.03
905.04
913.14
905.04
25039.20
970.13
963.93
955.82
962.02
962.97
955.10
956.06
25045.16
976.09
969.17
962.02
957.97
963.93
958.20
956.06
25005.10
1014.95
959.87
958.92
938.18
933.89
941.99
950.10
946.04
940.08
936.03
939.85
931.98
25038.00
952.01
937.94
940.08
939.13
936.03
931.98
934.12
927.93
923.87
923.87
935.08
24955.03
1000.88
942.95
937.94
936.03
926.02
937.94
936.03
932.93
936.99
931.98
929.12
925.06
24960.99
987.05
931.02
926.02
937.94
928.16
926.02
929.12
930.07
913.14
931.02
926.97
936.03
25033.95
944.14
938.18
932.93
919.82
912.90
912.19
912.90
919.82
910.04
914.10
906.94
914.81
33040.05
948.91
936.99
936.99
935.08
891.21
887.87
885.96
24915.93
988.96
936.99
931.98
923.87
941.04
926.97
927.93
927.93
25027.04
947.95
932.93
931.98
936.03
932.93
928.88
923.16
24966.00
994.92
939.13
919.10
921.96
934.84
939.85
941.04
924.83
25018.93
941.99
930.07
915.05
925.06
920.06
917.20
919.10
24950.98
970.84
929.83
921.01
921.96
926.02
917.91
916.00
918.15
25019.88
951.05
943.90
928.88
913.14
902.18
921.01
921.01
913.86
25032.04
957.01
945.09
950.10
907.90
895.98
894.07
895.98
902.18
894.07
891.92
887.87
885.01
24986.03
904.08
893.12
890.97
903.13
894.07
890.97
890.97
885.96
877.86
889.78
889.06
889.06
25002.00
912.90
894.07
887.87
884.77
918.87
911.95
905.99
910.04
916.00
916.00
903.84
901.94
24995.09
921.96
899.08
897.88
907.90
899.08
892.16
894.07
893.12
900.98
894.07
887.87
894.07
24945.97
947.95
898.84
890.97
890.97
881.91
877.86
879.05
878.10
887.16
952.96
946.04
942.95
24974.11
939.13
896.93
887.87
881.91
899.79
889.06
883.10
879.05
885.96
934.84
933.17
936.99
938.89
17020.23
949.86
940.08
940.08
949.86
935.79
932.93
936.99
25018.93
931.02
911.95
911.00
913.14
915.05
908.14
905.99
913.14
25010.11
929.12
921.96
908.85
916.96
915.05
911.95
911.00
24960.04
945.81
895.98
899.08
890.97
940.08
953.91
950.81
947.00
25010.11
909.09
895.98
892.16
900.03
893.12
886.92
885.01
885.01
24979.83
900.98
897.17
890.97
894.78
881.91
890.97
891.92
24921.18
970.13
915.05
908.14
904.08
890.97
884.06
883.82
882.86
28919.94
960.11
915.05
908.14
916.00
914.81
908.85
904.08
905.04
915.05
895.02
890.97
890.97
24928.09
957.01
907.90
895.02
892.88
885.96
916.00
917.20
926.02
934.12
921.96
927.93
921.01
24953.84
978.95
934.84
923.87
921.96
931.02
926.02
921.96
924.11
925.06
911.00
921.01
921.96
24957.18
970.13
932.93
921.96
925.06
909.09
915.05
917.20
911.95
927.93
907.18
904.08
904.08
24956.94
947.00
911.95
907.90
908.85
897.88
899.79
900.03
905.99
917.91
961.07
962.97
958.92
24999.14
938.89
907.90
895.98
895.98
932.93
930.07
932.22
925.06
932.93
921.96
924.11
919.10
21008.97
916.96
902.18
895.02
890.97
887.87
883.82
887.87
887.87
25004.15
936.03
915.05
909.81
915.05
909.09
911.95
907.90
24938.11
967.98
917.91
911.00
913.14
916.00
914.10
911.95
907.90
24962.19
950.10
906.94
900.98
890.97
880.00
883.10
887.16
879.05
24992.94
958.92
938.89
934.84
943.90
936.99
934.84
941.99
24966.00
983.95
953.91
937.94
941.99
946.04
933.89
947.00
938.89
25048.02
960.11
947.95
943.90
903.13
921.01
924.83
926.97
24966.96
953.91
928.16
911.95
913.86
912.90
908.14
910.04
901.94
916.96
902.89
897.17
896.93
24930.00
957.01
914.81
905.99
900.03
911.95
900.98
896.93
897.17
886.92
925.78
922.92
934.12
24961.95
949.86
889.06
890.02
884.06
905.99
943.90
934.84
931.98
944.14
932.93
934.12
931.98
24968.86
989.91
942.95
931.98
945.09
937.22
937.94
932.93
937.94
892.88
896.93
904.08
909.09
24960.04
