987.05
940.80
926.97
933.17
921.01
911.95
916.00
902.89
898.84
921.96
916.00
916.00
24970.05
953.91
903.84
898.84
908.85
907.90
918.87
907.18
901.94
905.04
946.04
936.03
931.02
40984.87
974.89
938.89
947.00
921.01
924.11
915.05
916.96
926.97
25020.12
921.01
911.00
906.94
905.99
955.10
939.13
936.03
940.08
957.01
942.95
927.93
24962.90
1008.99
942.23
954.87
943.90
900.03
923.87
908.85
905.04
914.81
911.95
904.08
896.93
24961.95
977.04
921.01
938.89
920.06
898.84
902.89
907.18
896.93
16999.01
939.13
916.00
904.80
901.94
903.13
894.07
888.11
894.07
17038.11
961.07
954.15
934.84
933.89
937.94
935.08
927.21
25023.94
916.96
905.04
903.13
887.16
941.04
930.07
943.18
936.99
941.04
940.80
937.94
939.13
25048.97
983.00
960.11
963.93
978.95
957.01
976.80
1031.88
17051.94
962.02
958.92
955.10
968.93
947.95
946.04
952.96
24991.04
999.21
952.01
947.95
951.77
947.95
943.90
949.86
24966.00
985.15
933.89
931.02
916.96
918.87
911.00
905.99
906.94
908.14
905.04
901.94
893.12
24909.97
962.97
900.98
903.84
892.88
912.90
898.12
890.97
903.84
902.89
905.99
900.03
905.99
906.94
893.12
885.01
899.08
905.04
16942.98
972.99
941.99
1458.17
939.13
956.06
945.09
951.05
955.10
953.91
967.98
962.02
939.85
954.87
944.85
957.01
16993.05
962.02
914.81
910.04
906.94
911.95
904.08
903.13
895.98
897.88
896.22
897.88
896.93
24930.00
976.09
931.02
925.06
928.88
934.12
935.08
920.06
925.78
920.06
907.90
906.94
913.14
20947.93
977.04
921.01
914.10
911.00
911.00
931.02
927.93
926.97
25033.95
943.18
932.93
906.94
910.04
889.06
900.03
890.02
887.87
25043.01
942.95
941.04
933.17
921.01
899.08
904.08
893.12
903.13
895.98
890.97
890.02
908.14
25015.12
916.00
912.90
914.81
900.98
909.09
901.94
911.00
912.19
914.10
924.11
904.08
901.94
41008.95
925.06
912.90
916.00
925.06
953.91
968.93
947.00
24986.03
955.10
922.92
927.93
924.11
952.96
954.87
946.04
942.95
949.86
938.89
941.99
942.95
25010.11
919.10
895.98
891.21
910.04
941.04
929.12
932.22
931.98
931.02
927.93
938.18
934.12
29024.84
926.02
909.09
905.04
915.05
910.04
917.20
917.91
916.96
921.01
926.02
913.86
913.86
939.85
912.90
911.95
902.89
17019.99
971.08
957.01
965.12
934.12
939.13
953.91
942.95
930.07
941.99
926.97
947.00
916.00
910.04
921.96
924.11
906.94
17045.97
944.85
919.82
924.11
911.95
947.95
931.98
930.07
934.84
935.79
931.98
930.07
936.03
25052.07
991.11
960.11
960.83
13038.87
958.92
962.97
939.85
942.95
934.12
939.13
918.87
926.97
936.03
929.12
918.15
24940.97
1010.18
958.92
957.01
968.93
968.22
954.87
952.96
957.01
25012.97
942.95
937.94
988.01
923.87
917.91
922.20
931.02
936.03
890.97
902.89
910.04
24935.01
1020.91
967.98
972.03
961.07
956.06
950.10
940.08
929.12
921.01
927.21
917.91
922.92
28965.00
954.87
931.98
921.96
918.15
913.14
911.95
916.96
907.90
931.98
943.90
941.99
937.94
938.18
926.02
916.96
916.00
16940.12
981.09
920.06
923.16
916.96
918.87
916.96
903.13
900.03
910.04
930.79
919.82
918.87
908.85
918.15
900.98
900.98
899.08
25058.03
948.19
945.09
937.94
940.08
929.12
935.08
922.92
923.87
928.16
930.07
942.95
24981.98
979.19
928.88
926.97
930.07
931.98
918.87
922.92
921.96
907.90
929.12
926.02
934.12
24975.06
972.99
927.93
916.00
914.10
958.92
945.81
952.01
957.01
25041.10
925.06
909.09
898.12
915.05
901.94
893.83
893.83
897.88
898.84
898.84
893.83
895.02
25019.88
947.00
941.99
934.12
931.98
884.06
885.01
881.91
890.02
887.87
885.01
885.01
885.01
32991.89
909.81
894.07
886.92
894.07
883.82
878.81
881.91
885.96
16990.90
906.94
895.02
885.96
880.96
913.14
911.95
917.91
24955.99
950.10
898.12
890.97
887.87
876.90
890.97
895.98
885.96
897.88
895.02
891.92
891.92
890.97
24991.99
904.08
890.02
880.96
875.95
892.88
886.92
892.16
891.92
891.92
883.10
890.97
883.82
28924.94
977.04
938.89
920.06
926.97
924.11
922.92
921.01
922.92
934.84
916.96
909.09
916.00
903.84
884.06
885.01
885.01
883.82
17019.99
935.08
905.99
911.00
916.96
897.88
896.22
890.97
903.13
899.08
896.93
893.12
889.06
935.08
915.05
911.95
908.85
24988.89
940.80
911.00
909.09
911.00
901.94
892.16
892.88
895.02
915.05
910.04
908.14
904.08
24950.03
960.11
924.11
922.92
928.88
908.14
907.90
900.03
900.03
17029.05
933.89
926.97
905.99
905.99
885.01
876.90
881.91
885.01
25013.92
945.81
947.00
925.06
926.97
920.06
905.99
910.04
32977.10
990.87
953.91
943.18
920.06
905.04
904.08
898.12
895.02
903.84
897.88
898.84
893.83
24962.90
974.18
964.88
963.93
926.97
900.03
901.94
895.98
890.02
903.13
895.98
890.02
892.16
882.86
917.91
916.00
921.96
16941.79
1003.03
957.01
951.05
945.81
947.00
947.00
943.90
943.18
947.95
953.91
946.04
947.00
932.93
929.12
924.11
926.02
16986.13
979.19
922.92
921.01
914.10
931.98
921.01
917.91
918.87
913.86
951.05
943.90
946.04
24996.04
990.87
947.95
952.96
944.85
943.90
943.90
949.14
941.99
965.83
972.99
966.07
966.07
21008.01
919.10
905.04
907.18
900.03
910.04
909.09
910.04
24940.01
962.02
921.96
912.90
915.05
13003.83
940.08
938.89
933.89
892.16
911.95
911.00
906.94
20953.89
1000.88
956.77
954.87
941.99
951.05
961.07
944.14
952.01
949.14
940.08
940.08
947.00
25053.98
952.96
943.90
938.18
943.90
942.95
938.89
938.18
936.99
969.17
958.92
947.95
16982.08
960.11
921.01
910.04
923.87
918.87
922.92
918.87
926.02
938.89
961.07
955.82
954.87
960.11
952.01
953.91
955.10
16986.13
987.05
945.09
924.11
933.17
922.92
918.15
911.00
913.86
894.78
923.87
911.95
909.09
914.10
911.95
910.04
905.99
24944.07
967.03
926.02
921.96
911.95
924.11
919.10
911.00
911.00
926.02
911.95
912.90
908.14
24950.98
970.84
921.96
923.16
926.02
933.17
912.90
919.82
920.06
25013.92
944.85
932.93
932.22
924.11
923.87
913.86
912.90
24935.01
977.99
920.06
928.88
921.96
927.93
918.15
926.97
918.87
24967.19
961.07
919.10
917.91
921.01
921.01
914.10
915.05
915.05
926.97
934.84
931.02
942.95
25041.82
980.85
957.97
955.10
953.91
947.95
951.05
951.05
931.98
945.09
926.97
929.12
942.95
926.97
923.16
922.92
921.96
17020.94
946.04
928.88
919.82
920.06
922.92
916.00
909.09
910.04
913.14
910.04
909.09
901.94
916.00
901.94
908.85
905.04
16948.22
977.04
939.13
935.08
949.14
937.94
925.06
923.87
924.11
926.02
923.87
920.06
918.15
25015.12
942.95
918.87
921.01
921.01
919.10
916.00
906.23
913.86
911.00
910.04
911.00
904.08
28998.14
930.07
914.10
902.18
914.10
909.09
898.12
900.98
899.08
25043.01
947.00
949.14
939.85
953.91
949.14
951.05
941.99
29017.93
938.18
921.96
934.12
931.98
924.11
917.20
921.96
927.21
925.06
921.96
922.20
917.91
25023.94
938.18
930.07
926.02
939.13
925.06
920.06
917.91
930.79
921.01
921.01
928.16
918.15
17050.98
956.06
959.87
942.23
915.05
900.03
897.88
895.98
900.03
898.12
898.12
897.88
895.98
915.05
936.03
931.02
933.89
17036.91
931.98
914.10
895.98
896.93
960.11
939.13
956.06
951.05
944.14
946.04
941.99
947.95
910.04
910.04
900.98
902.89
24992.94
940.08
913.86
901.94
890.02
880.00
890.02
900.03
919.10
930.07
914.10
903.13
909.09
24970.05
971.08
931.98
915.05
931.02
912.90
895.02
885.96
879.76
25016.07
908.14
890.97
896.93
911.00
912.19
911.95
919.82
24961.95
988.01
938.89
932.93
939.13
950.10
938.89
935.08
931.98
25006.06
923.87
901.94
899.08
895.02
875.95
889.06
904.08
906.94
931.98
926.02
942.95
939.13
25059.94
957.97
952.01
953.91
925.06
936.03
921.01
911.95
905.04
888.11
879.05
890.97
901.94
935.08
908.14
900.98
908.14
16953.95
974.89
930.07
925.06
910.04
889.06
888.11
905.04
914.81
924.83
925.06
931.02
935.08
938.18
936.03
933.17
931.02
16988.04
969.17
932.93
914.81
912.90
922.92
918.15
916.96
911.00
909.09
942.95
939.85
924.83
24968.86
985.86
949.86
931.02
939.85
932.93
926.02
926.02
927.93
892.88
943.18
957.97
937.22
25041.10
941.99
916.96
921.01
917.91
920.06
911.95
912.90
24945.02
970.84
921.96
917.20
917.91
923.87
914.10
922.20
912.90
918.87
913.86
915.77
915.05
24946.93
968.93
921.96
915.05
926.02
919.82
917.91
913.14
914.10
919.10
916.00
912.90
915.05
24944.07
968.93
923.87
919.82
917.91
922.92
920.06
909.81
912.90
923.16
911.95
918.87
912.90
24945.97
973.94
919.82
922.92
914.81
921.01
916.96
911.00
912.90
921.01
916.00
917.91
914.81
24940.97
974.18
921.01
915.05
919.10
928.16
912.90
918.15
911.00
925.06
914.81
921.96
911.00
24946.21
974.89
917.91
915.05
913.86
921.96
911.95
908.85
908.85
921.96
906.94
912.90
912.19
24941.92
971.08
926.02
918.15
906.94
918.87
915.05
917.91
909.09
918.15
910.04
905.99
903.13
24935.96
957.01
915.05
898.12
910.04
911.00
903.84
896.93
903.13
902.89
896.93
899.08
899.08
24921.18
965.12
909.09
905.04
900.98
908.85
900.03
894.07
895.02
905.99
896.93
899.08
898.84
895.98
25012.02
914.10
903.13
899.08
909.09
904.08
906.94
904.80
902.89
897.88
894.78
894.07
890.02
25001.05
916.96
903.84
896.93
906.94
902.89
899.79
895.98
895.98
900.98
899.08
901.94
895.02
24971.01
929.12
905.04
894.78
906.94
902.18
899.08
900.03
895.02
907.90
895.98
900.98
895.98
24935.96
951.05
907.90
895.02
895.02
901.94
899.79
895.02
892.88
894.07
896.93
895.98
890.97
24919.99
952.96
905.04
896.93
895.98
911.95
890.97
890.97
894.07
895.02
898.12
893.12
893.12
889.06
24996.04
909.09
897.17
892.88
902.89
895.98
890.02
895.98
895.02
900.98
895.98
900.03
892.88
24986.03
917.91
908.14
905.04
904.08
896.93
897.88
895.02
895.98
906.94
891.92
895.98
898.84
24931.91
950.10
900.98
904.80
897.88
905.99
900.03
895.02
898.12
908.85
895.02
895.98
900.98
24933.10
964.88
906.94
903.84
895.02
907.90
897.88
895.02
900.03
903.13
902.89
895.02
895.98
898.84
25003.91
913.14
905.04
901.94
908.85
902.89
904.08
902.89
909.09
905.04
903.84
900.98
902.89
25014.88
929.83
913.86
914.81
920.77
916.00
914.10
914.10
914.10
911.95
910.04
909.09
900.03
25018.93
926.97
914.10
913.14
922.92
911.00
908.85
907.90
924.83
912.90
910.04
911.95
908.14
25027.99
926.97
916.96
914.10
922.20
912.90
915.05
918.87
921.01
914.10
913.14
911.95
914.81
25013.92
931.98
921.96
920.06
923.87
911.95
917.91
911.00
925.06
915.05
920.06
909.09
921.96
25004.15
936.99
928.88
918.15
924.11
921.01
914.10
920.06
917.20
920.06
912.90
911.00
24950.03
975.85
927.93
919.10
916.96
925.06
912.90
916.00
918.87
918.87
913.86
915.05
917.91
24953.13
986.10
945.09
929.12
922.92
931.98
921.96
919.82
918.87
925.78
923.87
917.91
929.12
24960.04
977.99
927.93
919.82
926.97
929.12
926.02
920.06
919.10
929.12
926.02
923.16
927.93
24960.99
972.03
931.98
917.91
957.97
926.97
10931.02
1009.94
949.86
940.08
924.11
934.12
911.95
905.99
893.83
886.92
895.98
896.93
892.88
24923.80
997.07
950.10
936.99
929.12
929.12
911.95
906.94
886.20
891.92
921.96
928.16
930.07
24965.05
971.08
932.22
930.79
941.99
909.09
917.91
916.00
911.00
926.97
909.09
911.00
902.18
24936.91
961.07
915.05
900.98
902.89
907.18
890.97
896.93
889.06
889.06
897.17
911.00
905.04
24909.02
974.89
913.14
909.09
905.99
913.86
885.96
885.01
887.16
890.97
890.97
885.96
888.82
890.02
25000.10
909.09
898.12
892.88
900.03
895.98
891.92
895.98
892.16
886.92
899.08
895.02
900.98
32988.07
974.18
951.05
949.14
952.01
952.96
947.00
945.09
24977.92
998.02
940.08
937.94
942.95
957.01
951.77
951.05
950.10
25022.98
926.02
913.86
897.88
909.09
896.22
894.07
898.12
24924.04
947.00
901.94
898.12
895.02
898.12
892.16
892.88
890.02
24935.96
985.86
934.84
921.96
921.01
900.03
901.94
896.93
895.02
24990.80
941.99
931.02
939.13
956.06
941.04
940.08
934.84
24956.94
975.13
911.00
899.08
885.01
889.06
901.94
908.85
916.00
25034.90
925.06
912.90
902.89
900.03
945.09
921.96
911.00
906.94
905.04
886.92
876.90
893.12
24968.15
932.93
903.84
899.79
899.08
900.03
895.98
895.02
895.02
900.98
932.22
928.88
922.92
24972.92
960.11
920.06
908.14
903.13
904.08
904.08
905.99
900.03
905.99
899.08
898.12
894.07
24928.09
951.05
901.94
895.98
895.02
903.13
895.02
890.02
900.98
891.92
895.98
904.08
906.94
900.98
25010.11
914.10
898.12
896.93
890.02
917.91
922.20
922.92
921.96
924.11
919.10
911.95
916.96
25027.04
933.17
926.97
918.87
934.84
925.78
916.00
919.10
924.11
921.96
942.95
944.14
24981.98
983.95
923.16
916.96
916.00
911.95
913.14
901.94
899.08
25002.96
921.96
898.12
886.92
905.99
890.97
892.88
885.96
882.86
25011.06
937.94
931.02
914.10
916.96
888.82
888.82
880.96
24920.94
993.97
927.93
923.16
911.00
927.21
907.90
902.89
899.79
24947.88
946.04
911.95
917.91
910.04
908.14
909.09
902.89
902.89
25033.00
946.04
926.02
940.80
933.89
916.96
926.02
912.90
24953.13
969.89
921.01
905.99
902.18
900.03
902.18
899.08
893.12
912.90
901.94
905.99
898.84
24924.04
952.96
905.99
904.08
898.84
905.04
889.06
891.92
889.06
880.96
888.82
890.02
887.87
891.92
25032.04
946.04
921.01
915.05
935.08
895.98
903.84
896.93
905.04
898.84
895.98
898.12
900.98
25012.97
921.96
909.09
902.18
913.86
900.03
905.04
898.12
894.07
883.10
900.98
911.95
930.07
25035.14
920.06
907.18
911.95
888.82
905.99
885.96
883.82
890.02
917.91
909.81
927.93
933.17
25043.01
967.98
946.04
936.99
936.03
917.91
917.91
905.04
887.16
911.95
908.85
910.04
911.95
25023.94
959.87
948.91
937.94
936.03
909.09
906.94
902.89
903.13
898.12
900.03
894.07
899.08
17012.12
926.97
912.90
911.00
913.86
907.90
912.19
909.09
24935.96
968.93
917.20
915.05
906.94
920.06
905.99
905.99
901.94
24991.04
957.97
929.12
926.02
924.11
890.97
898.84
893.83
897.88
25050.88
946.04
931.02
919.10
921.01
921.01
921.01
926.97
24948.12
961.78
930.07
926.97
920.06
922.92
913.14
910.04
916.00
25025.84
928.88
924.83
929.83
931.02
916.96
919.10
921.96
28937.82
957.97
920.06
904.80
906.94
908.14
900.98
902.89
898.84
905.99
926.02
921.01
911.95
24945.97
965.12
905.04
900.03
900.03
870.94
918.15
921.01
939.13
963.93
937.94
936.99
931.98
24950.03
971.79
911.00
898.12
885.01
897.17
899.08
919.10
918.15
922.92
917.20
914.10
911.95
24946.93
980.14
928.16
914.10
900.03
925.06
933.17
942.95
939.85
941.99
936.99
931.02
931.02
24971.96
994.21
941.99
938.18
941.04
938.18
932.93
936.99
936.03
918.15
932.93
926.02
916.00
21023.04
922.20
911.00
924.11
917.20
896.93
895.98
905.04
901.94
25018.93
933.17
917.91
905.99
896.93
885.96
892.16
905.04
24954.08
972.99
932.93
939.13
949.14
947.00
946.04
936.03
925.06
25023.94
938.89
931.98
922.92
926.97
880.00
909.09
914.10
24971.96
962.02
908.14
895.02
897.88
899.08
900.98
891.92
895.98
24994.13
920.06
903.13
899.08
905.04
894.07
899.08
895.02
888.11
24993.18
914.10
897.88
891.92
880.96
891.92
890.02
885.01
890.02
901.94
899.08
886.20
894.07
24945.97
946.04
910.04
909.09
909.09
904.08
905.04
907.18
905.04
905.04
905.04
911.00
902.89
24949.79
957.01
908.14
914.10
905.99
907.90
900.98
903.84
911.00
912.90
906.94
904.08
905.99
24935.96
963.93
922.20
909.09
904.08
914.10
907.90
906.94
903.13
895.98
913.86
911.00
910.04
24946.93
962.97
904.08
898.12
896.93
927.93
964.16
961.07
958.92
957.01
945.09
951.05
946.04
25012.97
983.95
945.81
946.04
946.04
948.91
937.94
936.03
24970.05
992.06
957.97
941.04
941.99
954.87
933.89
953.91
936.03
25028.94
952.01
933.89
934.12
918.15
952.01
945.09
938.18
24977.92
989.91
941.04
937.94
926.97
937.94
921.96
923.16
925.06
25017.98
932.93
925.78
923.87
925.78
918.87
910.04
908.85
20948.89
967.98
926.02
922.92
920.06
916.00
912.90
899.79
905.04
904.08
898.12
900.98
910.04
24932.15
970.13
921.96
918.87
911.00
922.92
916.00
915.05
911.95
918.87
934.84
936.03
943.90
24981.98
982.05
945.09
940.08
921.01
932.93
928.16
936.99
932.93
935.08
931.02
928.88
927.93
25026.08
960.11
926.02
929.12
931.02
925.06
922.92
931.02
926.02
926.02
925.06
928.16
930.07
25024.89
938.89
931.02
915.05
938.89
917.91
903.84
916.00
912.90
916.00
917.91
908.14
908.14
29013.87
911.95
893.12
890.97
900.03
910.04
911.00
918.87
24966.00
989.91
930.07
917.91
922.20
932.93
921.01
911.00
900.03
25006.06
931.98
908.14
910.04
906.94
897.88
895.98
899.08
896.93
24977.92
904.08
892.16
893.12
902.89
895.98
892.16
889.06
24930.95
964.88
926.02
913.14
914.10
896.93
891.92
892.16
890.97
24945.97
970.13
925.06
920.06
919.10
917.91
914.81
910.04
911.00
25015.12
926.02
916.96
916.00
923.16
909.09
911.95
907.90
24950.03
990.87
937.94
926.02
908.85
920.06
916.00
911.00
912.90
29009.10
946.04
938.18
932.93
936.99
922.92
916.96
911.95
921.96
965.12
940.08
946.04
941.99
25000.81
907.90
905.04
915.05
911.95
926.97
923.16
916.96
921.01
915.05
916.96
919.82
911.00
25005.10
926.02
918.15
917.91
926.02
912.90
920.06
920.06
906.94
937.22
931.02
937.94
24967.91
984.91
924.11
924.11
921.01
937.94
942.95
935.08
933.89
943.90
935.08
929.12
930.07
24973.15
989.91
957.01
939.13
946.04
941.04
934.12
936.03
940.80
911.00
890.02
888.11
889.06
24976.02
960.83
927.93
921.01
908.85
947.95
939.13
946.04
930.07
25027.99
940.08
942.95
943.90
955.10
939.13
943.90
940.80
25043.01
960.11
952.01
945.09
950.10
940.08
941.04
941.04
24979.11
976.09
925.78
925.06
916.96
924.83
936.99
935.08
926.02
25049.92
963.93
970.13
946.04
967.98
952.96
946.04
942.95
25032.04
972.99
952.01
946.04
951.05
945.81
947.95
945.09
24981.02
965.83
916.00
895.02
885.01
936.99
920.06
926.97
911.00
25016.07
963.93
958.92
938.18
940.08
926.02
914.10
905.99
24926.90
936.99
896.93
910.04
915.05
931.98
933.17
935.08
946.04
956.06
951.05
955.10
948.91
24980.07
960.83
913.86
895.98
889.06
926.02
916.96
913.86
919.82
926.97
925.06
914.10
921.96
24952.89
957.97
919.10
911.00
916.00
915.05
911.95
919.10
908.14
890.97
883.82
893.83
890.02
24951.93
957.01
10918.14
979.90
941.04
940.08
929.12
940.08
932.93
921.01
932.93
927.93
935.08
938.89
927.93
24954.80
952.01
894.07
890.02
892.88
911.00
911.95
916.00
920.06
931.98
899.08
892.88
894.07
24928.09
957.97
893.83
885.96
898.12
916.00
919.10
914.10
926.97
17035.01
961.07
941.04
941.99
948.19
938.89
961.07
947.00
24971.96
995.87
945.81
944.85
939.85
948.19
941.04
941.04
941.04
25033.00
953.91
941.99
932.93
926.02
925.06
916.00
911.95
24963.86
982.05
925.06
922.92
926.97
917.91
912.90
912.19
912.90
25007.01
928.16
905.04
904.08
911.00
905.04
902.89
901.22
895.98
1024.01
949.14
938.89
923.87
910.04
887.87
890.97
893.12
24928.09
967.03
941.99
937.94
954.15
952.96
938.89
935.08
920.06
906.94
897.17
895.98
893.12
24983.17
944.14
931.02
920.06
921.96
906.94
902.18
905.04
902.18
911.00
900.98
897.17
889.06
24935.01
938.18
893.12
891.92
895.98
890.02
888.11
890.97
890.02
881.91
896.93
892.16
890.97
24923.09
979.90
917.20
915.05
905.04
921.01
926.02
926.97
918.87
927.93
928.16
916.96
926.02
24947.88
977.99
931.02
922.92
912.19
921.01
911.95
903.84
897.88
895.02
929.83
926.02
937.94
28968.81
966.07
908.14
907.90
908.85
915.05
899.08
902.89
901.94
25002.96
941.99
917.91
905.04
904.08
893.12
891.92
900.98
890.97
25030.14
950.10
922.92
922.92
926.97
926.02
924.11
930.07
24963.86
976.09
935.08
928.88
930.79
931.02
919.10
936.03
921.01
25053.98
957.97
935.79
926.02
895.02
945.09
932.93
936.99
24986.03
946.04
895.98
889.06
905.99
918.15
920.06
920.06
935.08
21018.03
904.08
891.21
894.07
900.03
894.07
896.22
894.07
899.08
899.08
900.03
900.03
904.08
25005.10
941.04
918.87
917.20
907.90
897.88
902.89
896.93
893.12
900.03
894.07
889.06
890.02
24923.80
946.04
900.98
896.22
900.03
892.16
890.97
889.06
883.82
892.88
892.16
894.07
893.12
24935.96
972.03
916.00
894.78
896.93
917.20
904.08
900.98
908.85
906.94
903.13
905.04
910.04
905.04
25008.20
924.11
921.01
921.01
933.89
914.81
921.96
923.16
907.90
892.88
914.10
909.09
28956.17
984.19
928.88
907.90
901.94
936.99
936.03
926.97
917.20
16999.01
951.05
915.05
917.20
920.06
916.00
923.16
910.04
919.10
25033.95
952.01
939.13
934.12
932.93
933.89
931.02
929.83
25007.01
962.97
936.99
936.99
941.99
928.88
932.93
926.97
24965.05
970.13
901.94
899.08
905.04
912.90
909.09
909.09
909.09
28948.07
985.86
964.88
963.93
938.89
912.90
916.00
926.97
916.96
17028.09
941.99
938.89
945.81
921.01
913.86
916.00
916.00
24949.07
967.98
932.93
917.91
911.00
926.02
918.87
921.96
914.10
920.06
914.81
907.90
905.04
24947.17
949.14
901.94
892.88
902.18
898.12
892.88
901.94
900.03
891.92
925.06
913.14
917.91
24971.01
962.97
906.94
903.13
900.03
905.04
907.90
909.09
906.94
913.86
906.94
905.99
908.85
24946.93
967.98
921.01
914.10
907.18
907.90
895.02
895.98
895.98
893.12
891.92
911.00
925.06
24964.09
967.03
908.14
904.08
904.08
915.05
919.10
919.10
911.00
900.03
893.83
892.88
905.04
911.00
24998.19
942.95
947.95
941.99
949.86
943.90
926.97
922.92
912.90
901.94
903.84
900.98
24933.10
980.14
942.95
938.89
950.81
923.87
923.16
916.00
919.10
926.02
919.10
916.00
916.96
24955.03
968.93
923.16
912.90
921.01
915.05
913.14
915.05
914.10
25021.08
947.00
939.85
928.88
929.83
926.97
918.15
922.92
24955.99
998.97
954.15
951.05
941.99
935.08
933.89
941.04
933.89
25040.86
945.81
937.94
939.13
944.14
943.90
936.03
936.99
32994.99
974.89
933.89
919.10
915.05
930.79
938.89
933.17
934.12
946.04
934.12
937.94
926.97
25024.89
929.83
916.96
917.20
925.06
910.04
913.14
900.03
905.99
936.99
936.03
936.99
938.89
25010.82
920.06
906.94
906.94
904.08
947.95
941.04
936.99
937.94
928.16
933.89
929.83
927.93
25018.93
945.09
936.03
934.12
936.03
931.98
931.98
928.88
926.02
948.91
949.86
947.00
24987.94
975.85
939.85
929.83
931.98
931.02
950.10
938.89
936.03
942.95
933.89
935.79
931.98
25031.09
955.10
936.99
933.17
937.94
939.85
937.94
932.22
24973.87
972.03
908.14
890.97
893.83
941.99
940.08
936.03
929.12
25033.00
930.79
912.90
916.00
911.95
911.00
916.00
911.00
24929.05
974.89
929.83
916.00
930.07
927.93
930.07
926.02
929.12
25016.07
983.00
945.81
941.99
927.93
929.83
932.93
924.11
24964.09
1005.17
962.02
946.04
946.04
962.97
947.00
949.86
952.01
25048.02
965.12
946.04
952.01
964.88
947.00
949.86
948.91
25033.00
942.95
921.01
905.99
905.04
941.04
946.04
942.95
20982.03
967.98
905.99
901.94
892.88
922.92
956.06
967.98
959.16
965.12
959.87
953.91
953.91
24988.17
1004.93
962.97
958.92
963.93
960.11
957.97
957.01
947.00
909.09
911.00
915.05
910.04
25059.94
975.85
960.83
960.83
941.99
904.08
901.94
897.88
903.84
901.22
897.88
898.84
901.94
25011.06
920.06
910.04
905.04
949.14
911.00
10932.92
972.03
935.79
946.04
957.01
931.98
928.88
935.08
932.93
17020.94
952.01
947.00
930.07
936.03
939.13
931.98
931.02
25039.91
924.11
908.14
910.04
916.00
930.07
935.08
916.96
24945.97
983.95
934.12
920.06
936.03
937.22
947.00
936.99
947.00
25033.00
955.10
941.04
946.04
947.00
936.03
932.93
938.18
24977.92
1013.99
947.00
943.18
940.08
937.94
940.08
929.12
945.09
25033.00
941.04
922.92
929.83
25017.02
921.01
905.99
899.08
905.99
903.13
895.02
901.22
900.98
887.16
894.07
890.97
894.78
24960.04
973.94
927.93
930.07
921.01
911.95
907.90
911.00
910.04
925.06
920.06
908.85
908.85
24993.18
935.08
916.96
916.00
926.02
918.15
911.00
910.04
911.00
901.94
931.02
923.87
929.83
25043.96
957.01
954.15
936.03
922.92
910.04
912.90
916.96
913.14
909.09
909.09
908.14
905.04
25012.97
916.96
900.98
896.93
904.08
904.08
900.98
895.02
895.98
902.89
892.16
898.12
895.98
16973.97
920.06
901.94
905.99
915.05
900.98
916.00
921.01
914.10
25038.96
969.89
949.14
944.14
940.08
941.99
936.03
927.93
29006.00
935.79
902.89
897.88
885.96
895.02
890.02
891.92
888.11
25004.15
936.03
919.10
917.20
918.87
917.91
900.03
911.95
24933.10
973.22
926.02
906.94
910.04
917.91
897.88
897.88
901.94
24953.13
962.02
912.90
900.98
894.07
891.92
897.88
890.02
894.78
28996.94
916.96
903.13
900.03
895.98
900.03
894.07
890.02
896.93
935.08
929.12
928.88
927.93
25029.18
926.02
911.00
911.95
897.17
930.07
931.98
939.85
938.89
934.12
936.03
931.98
937.94
25038.00
946.04
938.89
939.13
937.94
937.94
936.03
935.08
924.11
905.99
904.80
900.03
900.98
25033.95
962.97
936.99
937.94
945.81
937.94
936.03
927.93
946.04
935.08
931.02
929.83
24963.86
974.89
931.02
927.93
931.02
932.93
926.97
926.97
925.06
909.09
941.04
936.99
942.95
25029.18
954.15
932.93
922.92
923.16
931.98
924.83
918.87
921.96
920.06
914.10
919.10
908.14
25013.92
918.87
910.04
897.88
900.03
898.12
895.98
887.16
895.98
922.92
934.12
941.04
934.84
29047.97
947.00
944.14
950.10
929.12
939.13
931.98
940.80
24970.05
987.05
951.05
930.07
931.98
928.88
916.96
911.00
912.19
25013.92
916.00
901.94
893.83
902.89
895.98
901.94
905.04
908.85
24997.00
914.10
906.94
897.88
911.00
890.97
895.02
895.98
24948.84
963.93
908.85
896.93
891.21
905.99
893.12
890.02
892.16
15192.99
991.82
959.87
953.20
952.01
951.05
959.16
952.01
957.01
952.96
28985.98
979.90
925.78
925.06
917.91
941.99
936.99
939.13
936.03
944.85
935.79
936.03
936.03
25047.06
959.16
927.93
936.03
916.00
896.93
895.98
901.94
901.94
909.09
897.17
906.94
890.97
25005.10
