1091.00
1081.94
1098.16
1090.05
1076.94
1075.98
13200.04
1112.94
1093.86
1095.06
1082.90
1082.90
1082.90
1080.99
1071.93
1061.92
1063.11
13208.15
1114.13
1106.02
1086.95
1089.10
1082.18
1078.13
1085.04
1075.03
1061.20
1095.06
13231.04
1107.93
1081.94
1084.80
1079.08
1062.15
1075.98
1075.98
1075.98
1086.00
1077.89
13216.02
1110.08
1100.78
1122.00
1094.10
1080.99
1086.95
1089.81
1081.94
1076.94
1089.10
13201.00
1107.93
1107.93
1107.22
1084.09
1080.04
1070.02
1091.00
1074.08
1080.04
13118.98
1175.17
1105.07
1098.87
1102.92
1076.94
1080.99
1070.98
17223.12
1120.09
1110.79
1098.87
1086.00
1079.80
1091.00
1086.00
1071.93
1082.18
1080.99
13207.91
1117.23
1096.96
1098.16
1093.15
1080.04
1086.95
1093.86
1075.98
1117.94
13221.98
1171.83
1104.83
1116.04
1088.14
1087.90
1067.88
1076.94
1079.08
1071.21
1086.00
13111.11
1147.99
1089.10
1075.03
1091.00
1070.98
1066.92
1073.84
1079.80
1065.02
1074.08
13118.98
1153.95
1091.00
1080.04
1087.90
1079.08
1077.89
1079.08
1064.06
1070.98
1068.12
13123.99
1163.96
1096.96
1084.09
1096.96
1070.02
1070.98
1074.79
1078.13
1069.07
1063.11
13118.98
1147.99
1089.81
1081.94
1098.16
1071.93
1069.07
1080.99
1069.07
1073.84
1067.88
13119.94
1158.24
1101.97
1084.80
1088.86
1089.10
1079.08
1093.15
1069.07
1070.98
1064.78
13130.90
1163.96
1088.14
1080.04
1082.18
1070.98
1073.84
1080.99
1076.22
1075.03
1065.02
13123.99
1146.79
1101.97
1090.05
1094.10
1081.94
1068.12
1082.18
1080.04
1068.12
1069.07
13116.12
1151.08
1091.96
1083.14
1088.14
1079.08
1075.03
1076.94
1077.18
1075.03
1073.84
13134.96
1149.89
1089.81
1078.84
1087.90
1080.04
1079.08
1081.94
1080.04
1070.02
1071.93
13135.91
1147.03
1089.10
1091.96
1103.88
1086.00
1069.07
1074.08
1073.12
1074.08
1075.03
13167.86
1122.00
1096.96
1088.86
1097.92
1080.99
1077.18
1080.99
1078.84
1075.03
1071.93
13203.86
1117.94
1088.86
1099.11
1091.00
1073.12
1079.08
1083.85
1081.94
1081.23
1082.90
13217.93
1107.93
1096.01
1092.91
1080.99
1070.02
1071.93
1075.03
1063.11
1068.12
1073.12
13215.07
1116.99
1085.04
1096.01
1096.01
1090.05
1073.84
1089.81
1079.08
1078.13
1075.98
13219.83
1115.08
1096.96
1087.19
1086.00
1075.03
1071.93
1091.96
1080.99
1083.85
1080.99
13210.06
1104.83
1098.87
1091.96
1094.82
1085.04
1086.95
1080.04
1085.04
1069.07
13102.05
1174.93
1089.10
1088.14
1082.18
1075.03
1071.93
1087.90
1080.04
1070.98
1070.02
13106.82
1163.96
1102.92
1098.16
1099.11
1077.18
1076.94
1078.84
1080.04
1086.00
1065.02
13121.84
1169.92
1092.91
1086.95
1083.14
1069.07
1070.02
1069.07
1084.09
1080.99
1066.92
13108.97
1168.97
1095.06
1093.15
1093.86
1071.93
1077.89
1071.93
1089.10
1069.07
1064.78
13115.88
1168.97
1086.95
1090.05
1084.09
1075.03
1082.90
1076.94
1085.04
1060.96
1063.11
13117.07
1173.97
1095.06
1091.96
1085.04
1076.94
1065.97
1080.04
1076.94
1073.12
1070.98
13120.89
1169.92
1090.05
1090.05
1097.20
1087.90
1081.94
1072.88
1084.09
1075.98
1070.02
13122.08
1160.14
1101.02
1097.92
1090.05
1086.95
1081.94
1090.05
1076.94
1070.98
1065.97
13125.90
1163.96
1091.00
1080.99
1087.90
1075.98
1082.18
1085.04
1075.98
1065.02
1060.96
13119.94
1151.80
1093.86
1095.06
1101.02
1083.14
1074.08
1089.81
1072.88
1080.99
1074.08
13124.94
1158.00
1096.96
1082.90
1092.91
1076.94
1069.07
1086.00
1080.99
1065.02
1070.98
13129.95
1159.91
1098.16
1079.08
1084.80
1080.99
1075.03
1074.08
1071.21
1073.12
1058.10
13119.94
1167.06
1096.96
1080.99
1090.05
1080.04
1075.03
1084.09
1075.03
1076.94
1067.88
13178.83
1124.14
1089.10
1075.98
1086.95
1075.98
1070.98
1075.03
1079.08
1073.12
1078.13
13195.99
1121.04
1086.00
1088.86
1094.82
1072.88
1070.02
1080.99
1077.18
1070.98
1066.92
13204.10
1127.00
1099.11
1099.11
1092.91
1083.85
1073.84
1080.99
1086.00
1075.03
1066.92
13224.84
1110.08
1096.96
1096.01
1091.96
1073.84
1069.07
1081.94
1067.88
1069.07
1072.88
13219.12
1117.94
1089.10
1097.20
1080.99
1074.08
1076.94
1083.14
1079.08
1077.89
1061.20
13216.02
1103.88
1086.00
1092.91
1077.89
1072.88
1080.04
1085.04
1069.07
1081.94
1079.08
13225.08
1106.02
1089.10
1096.96
1080.04
1071.21
1069.07
1086.95
1066.92
1072.88
1071.21
13194.08
1112.94
1086.00
1090.05
1078.13
1072.17
1088.14
1087.90
1070.02
1071.93
1072.88
13198.85
1099.82
1091.00
1091.96
1086.00
1086.00
1089.10
1086.00
1075.03
1070.02
13096.09
1172.78
1110.08
1080.99
1099.82
1077.89
1075.03
1080.04
1084.09
1069.07
1075.03
13124.94
1164.91
1094.82
1085.04
1090.05
1082.90
1075.03
1078.13
1081.94
1081.94
1076.94
13118.03
1175.88
1102.92
1098.87
1106.98
1083.14
1078.13
1074.08
1083.14
1065.02
1065.97
13125.90
1161.81
1096.01
1086.00
1096.96
1075.98
1075.98
1075.03
1080.04
1083.14
1072.88
13129.95
1163.01
1089.10
1084.09
1087.90
1070.02
1075.03
1075.98
1084.80
1070.98
1072.17
13124.94
1163.01
1099.11
1083.14
1101.02
1077.89
1085.04
1088.86
1089.81
1075.98
1078.13
13131.86
1163.96
1107.22
1097.92
1101.97
1096.96
1086.00
1085.04
1081.94
1078.84
1080.99
13203.14
1121.04
1099.11
1091.00
1091.00
1084.09
1094.10
1075.98
1075.98
1079.08
1076.94
13218.88
1103.88
1097.92
1096.01
1092.20
1078.13
1078.13
1080.99
1078.84
1079.80
1070.98
13223.17
1124.14
1103.16
1104.12
1089.10
1080.99
1080.04
1080.99
1077.89
1081.94
1077.18
13215.07
1115.08
1092.20
1100.06
1085.04
1070.02
1077.89
1076.94
1072.17
1083.14
1063.11
13206.96
1116.04
1094.10
1092.91
1080.99
1074.08
1078.13
1086.00
1072.88
1070.02
13099.91
1173.02
1102.92
1094.10
1095.06
1082.18
1070.98
1086.00
1084.09
1073.12
1076.94
13109.92
1169.92
1099.11
1085.04
1092.91
1070.02
1076.94
1070.02
1085.04
1065.02
1068.83
13117.07
1164.20
1088.14
1081.94
1096.96
1077.89
1078.84
1075.03
1089.10
1084.09
1078.13
13127.09
1175.88
1103.88
1082.90
1103.88
1080.04
1075.98
1070.98
1082.90
1071.93
1069.78
13114.93
1162.05
1099.11
1095.06
1096.01
1085.04
1082.90
1090.05
1080.99
1076.22
1080.99
13131.86
1159.91
1097.92
1083.14
1098.16
1079.08
1072.17
1091.96
1073.84
1071.93
1075.98
13125.18
1163.01
1110.08
1096.96
1094.82
1080.99
1074.08
1083.85
1080.99
1076.94
1075.98
13147.12
1146.08
1092.20
1077.89
1089.10
1074.08
1069.07
1095.06
1084.09
1082.90
1081.94
13195.99
1129.87
1091.96
1099.82
1081.94
1083.14
1078.13
1094.10
1084.09
1074.08
1073.12
13211.01
1110.08
1099.11
1093.86
1078.84
1067.88
1064.78
1084.09
1075.98
1070.02
1080.04
13216.02
1126.05
1096.01
1106.98
1099.11
1089.10
1080.04
1081.23
1086.95
1074.08
1079.80
13223.89
1106.02
1092.20
1087.90
1096.01
1079.08
1083.14
1081.94
1080.99
1074.08
1077.18
13209.10
1114.13
1092.91
1085.04
1086.00
1076.94
1079.08
1094.82
1076.94
1065.97
1065.02
1211.88
1106.98
1091.00
1106.02
1084.09
1083.14
1075.98
1085.04
1076.94
1067.16
13111.11
1164.20
1101.02
1092.91
1110.79
1091.96
1074.08
1075.03
1078.84
1066.92
1066.21
13119.94
1168.97
1097.92
1091.00
1093.86
1086.95
1080.99
1079.08
1096.01
1080.99
1072.88
13109.92
1171.11
1100.06
1085.04
1090.05
1075.03
1074.08
1075.98
1087.19
1080.99
1074.08
13127.80
1153.95
1099.82
1097.92
1091.00
1080.04
1076.94
1080.04
1070.98
1073.84
1080.04
13127.09
1151.08
1094.10
1090.05
1089.10
1072.17
1075.03
1083.14
1072.17
1075.98
1056.91
13131.14
1163.96
1093.86
1080.99
1094.10
1068.12
1080.99
1075.03
1083.14
1070.02
1077.89
13125.18
1160.14
1093.15
1081.94
1091.96
1080.04
1083.85
1077.89
1067.88
1072.88
1072.88
13127.80
1163.96
1093.86
1089.10
1091.00
1083.14
1088.14
1079.08
1068.12
1065.02
1070.02
13149.02
1142.98
1091.00
1088.86
1083.85
1072.88
1080.04
1084.09
1076.94
1062.87
1071.93
13185.98
1131.06
1096.01
1085.04
1099.11
1079.08
1065.02
1078.13
1076.94
1069.07
1070.98
13196.95
1110.79
1091.00
1090.05
1084.80
1080.99
1073.12
1080.04
1065.97
1063.11
1078.13
13216.02
1111.03
1095.06
1085.04
1080.04
1067.88
1080.99
1091.96
1081.94
1066.92
1075.03
13214.83
1117.94
1086.00
1082.90
1081.94
1068.12
1070.02
1072.88
1078.84
1079.80
1066.92
13207.91
1111.03
1085.04
1085.04
1074.79
1081.94
1084.09
1079.08
1075.98
1075.03
1072.88
13224.12
1106.02
1088.86
1083.85
1093.86
1072.88
1080.99
1081.94
1082.90
1078.84
1067.88
13212.20
1099.11
1087.90
1098.87
1077.89
1068.83
1061.92
1090.05
1070.98
1067.16
1079.08
13203.14
1110.08
1088.14
1098.16
1086.00
1074.79
1065.97
1081.94
1080.04
1068.83
1071.93
13213.87
1103.88
1092.91
1094.82
1082.18
1076.94
1077.89
1085.04
1080.04
1073.84
13100.86
1178.03
1099.11
1092.91
1096.01
1086.00
1075.03
1087.19
1091.00
1066.92
1077.18
13118.98
1178.03
1096.01
1084.09
1101.97
1082.18
1070.98
1066.92
1080.04
1071.93
1074.08
13131.86
1174.93
1106.98
1091.96
1103.88
1075.03
1078.13
1084.09
1077.89
1076.94
1081.94
13122.08
1166.82
1101.97
1084.09
1090.05
1079.08
1073.12
1080.99
1083.85
1072.88
1070.02
13123.99
1170.87
1094.82
1092.91
1090.05
1080.99
1087.19
1080.99
1089.10
1069.07
1068.83
13130.90
1161.81
1094.10
1099.11
1096.96
1081.94
1076.94
1076.22
1069.07
1068.12
1070.98
13125.18
1162.05
1097.20
1086.95
1089.81
1075.03
1075.98
1091.00
1075.98
1080.04
1070.02
13127.09
1160.86
1099.82
1086.00
1091.00
1078.13
1070.02
1079.80
1076.94
1071.93
1066.21
13175.01
1137.02
1086.95
1088.86
1097.92
1086.00
1075.03
1095.06
1073.12
1066.92
1081.94
13215.78
1113.89
1097.92
1086.00
1073.84
1070.02
1057.15
1079.08
1075.03
1066.21
1060.01
13201.95
1114.13
1091.00
1089.10
1072.17
1072.88
1077.89
1077.89
1080.99
1070.98
1070.98
13217.93
1102.92
1076.94
1086.00
1083.85
1065.97
1075.03
1073.12
1077.18
1077.18
1074.08
13219.12
1106.02
1098.87
1100.06
1086.95
1075.98
1079.08
1083.14
1074.08
1070.02
1072.17
13216.02
1102.92
1088.14
1091.00
1083.85
1085.04
1082.90
1087.90
1083.85
1081.94
1082.18
13223.89
1101.02
1085.04
1091.00
1086.00
1074.08
1079.08
1099.11
1084.09
1072.88
1072.88
13209.10
1105.79
1086.00
1102.21
1089.10
1081.94
1073.84
1080.04
1065.02
1068.12
1064.06
13203.86
1108.88
1089.81
1097.92
1079.80
1077.89
1072.88
1081.94
1069.07
1075.98
13118.03
1171.11
1100.06
1080.04
1091.96
1073.12
1068.12
1075.98
1075.98
1074.08
1060.96
13104.92
1173.97
1100.06
1091.00
1094.82
1077.89
1075.03
1085.04
1086.00
1068.83
1065.97
13113.98
1164.91
1096.96
1098.87
1091.00
1074.08
1079.08
1075.03
1091.96
1086.00
1067.88
13123.99
1160.14
1088.14
1078.13
1093.86
1085.04
1070.98
1070.02
1087.90
1069.07
1065.02
13105.15
1170.16
1097.92
1080.99
1093.15
1081.94
1074.08
1076.94
1077.89
1079.80
1071.93
13113.02
1160.14
1085.04
1089.81
1090.05
1079.08
1072.17
1070.02
1073.84
1072.88
1070.02
13108.97
1164.91
1096.96
1078.84
1096.01
1086.00
1068.12
1074.08
1086.95
1072.17
1219.03
13130.19
1167.06
1086.95
1081.94
1093.86
1083.85
1069.07
1086.95
1087.90
1079.08
1071.93
13124.94
1152.99
1093.15
1082.90
1085.04
1075.03
1075.03
1077.89
1070.02
1065.02
1078.84
13134.00
1143.93
1101.02
1083.14
1088.14
1075.98
1069.07
1081.94
1070.98
1067.16
1080.99
13172.86
1134.87
1093.86
1080.99
1092.91
1078.13
1075.03
1080.99
1067.88
1070.02
1070.02
13192.18
1116.99
1086.00
1076.94
1091.96
1082.18
1070.98
1106.98
1089.10
1065.97
1071.93
13206.01
1110.08
1082.90
1091.00
1086.95
1072.88
1068.83
1076.94
1072.17
1068.12
1069.07
13196.95
1118.90
1082.90
1093.15
1080.04
1081.94
1078.13
1080.04
1060.01
1068.83
1070.02
13210.06
1113.18
1087.19
1096.96
1086.00
1078.13
1075.98
1074.79
1080.99
1070.02
1067.88
13201.00
1113.18
1085.04
1090.05
1080.04
1063.82
1065.97
1089.10
1063.82
1065.97
1068.12
13221.98
1116.04
1085.04
1096.01
1091.96
1070.98
1074.08
1085.04
1075.98
1074.08
1069.07
13211.97
1106.98
1085.04
1080.99
1072.17
1070.02
1068.12
1075.98
1070.98
1073.84
1067.88
13224.84
1112.94
1082.18
1093.15
1084.09
1074.08
1080.04
1089.10
1067.16
1075.98
1071.21
13218.88
1100.06
1088.14
1096.96
1086.95
1082.18
1085.04
1091.00
1073.84
1065.97
1059.06
13211.01
1100.06
1084.09
1083.14
1081.94
1077.89
1062.87
1074.79
1067.88
1062.87
1065.97
13211.01
1104.12
1099.11
1086.00
1079.80
1070.98
1077.18
1074.08
1071.93
1063.11
1074.08
13199.09
1099.82
1091.00
1088.14
1067.16
1080.99
1072.17
1070.98
1080.99
1071.93
13097.05
1187.09
1102.92
1088.86
1087.90
1075.98
1075.03
1062.87
1084.80
1065.97
1065.02
13115.88
1173.97
1096.01
1088.14
1091.96
1085.04
1075.03
1079.08
1080.04
1078.84
1072.88
13120.89
1176.12
1097.92
1085.04
1094.10
1077.18
1074.08
1079.80
1090.05
1075.98
1061.92
13109.92
1175.17
1099.11
1096.01
1092.91
1082.90
1083.14
1080.99
1086.95
1080.99
1069.07
13113.02
1156.81
1095.06
1083.14
1092.20
1081.94
1071.93
1074.08
1077.89
1066.92
1065.02
13108.02
1173.02
1102.92
1085.04
1096.01
1082.18
1086.00
1065.97
1100.06
1070.98
1083.14
13142.11
1167.06
1092.91
1090.05
1092.91
1080.99
1081.94
1086.00
1083.14
1076.94
1077.89
13129.00
1168.01
1104.83
1096.01
1101.97
1086.00
1086.95
1086.95
1077.18
1084.09
1079.08
13195.99
1129.15
1096.96
1076.94
1084.80
1075.98
1067.16
1080.04
1071.93
1070.98
1065.97
13200.04
1113.89
1084.80
1091.96
1080.99
1075.98
1086.00
1079.08
1075.98
1072.88
1073.84
13211.97
1106.98
1097.92
1082.90
1077.18
1075.98
1067.88
1093.86
1077.89
1076.94
1065.02
13228.89
1108.88
1103.16
1093.15
1090.05
1075.03
1071.93
1086.00
1073.84
1062.87
1075.98
13234.14
1113.18
1091.00
1082.90
1087.90
1085.04
1073.84
1080.99
1081.94
1075.98
1080.99
13229.13
1101.97
1097.92
1096.01
1074.08
1079.08
1085.04
1089.10
1070.98
1082.90
1060.96
13220.07
1101.02
1091.96
1104.12
1083.14
1080.04
1087.19
1079.08
1065.97
1063.82
13104.92
1196.86
1096.96
1092.91
1105.07
1081.94
1080.99
1075.98
1083.14
1081.94
1065.97
13113.98
1173.02
1105.07
1097.20
1091.96
1083.85
1083.85
1085.04
1074.08
1080.04
1078.13
13117.07
1163.01
1101.02
1086.00
1092.91
1085.04
1083.85
1075.98
1084.09
1066.21
1070.98
13121.13
1152.04
1100.06
1091.96
1096.01
1082.18
1075.03
1069.07
1085.04
1069.07
1068.83
13118.98
1168.97
1102.92
1099.82
1107.93
1077.89
1084.80
1081.94
1083.85
1078.84
1069.07
13139.01
1161.81
1086.00
1086.95
1097.92
1080.99
1070.02
1086.95
1076.94
1080.99
1073.12
13133.05
1168.97
1096.01
1082.90
1087.19
1075.98
1085.04
1084.80
1075.98
1070.98
1076.94
13178.83
1133.92
1094.82
1078.84
1092.91
1079.80
1074.08
1075.03
1078.13
1063.11
1062.15
13203.14
1117.94
1102.92
1106.98
1089.10
1078.13
1076.94
1080.04
1070.98
1082.90
1077.18
13211.97
1127.00
1098.16
1096.96
1081.94
1085.04
1072.88
1087.19
1087.90
1074.08
1075.98
13208.15
1110.08
1089.10
1098.16
1091.96
1074.08
1080.04
1088.14
1070.98
1068.83
1059.06
13221.03
1116.04
1091.96
1102.21
1092.91
1086.00
1084.09
1084.09
1076.94
1075.03
1063.11
13215.07
1106.02
1091.00
1091.00
1085.04
1072.88
1081.94
1091.00
1072.88
1070.02
1074.08
13198.14
1105.07
1086.00
1088.14
1080.04
1078.13
1074.08
1081.94
1072.88
1070.98
13103.01
1178.98
1091.00
1086.00
1098.16
1089.10
1086.95
1086.00
1096.01
1082.90
1055.96
13124.94
1162.05
1093.15
1078.13
1097.20
1077.89
1070.02
1065.97
1075.98
1080.99
1061.92
13121.13
1171.83
1101.97
1095.06
1104.12
1079.80
1072.88
1071.93
1094.82
1075.03
1064.06
13126.13
1170.87
1097.92
1082.18
1097.92
1075.03
1079.08
1075.98
1091.96
1073.12
1066.92
9152.89
1154.90
1092.91
1098.87
1116.99
1084.09
1086.00
1090.05
1087.90
1080.99
1080.99
1090.05
1070.98
1085.04
1070.98
13216.02
1114.13
1097.92
1097.92
1085.04
1080.99
1077.18
1083.14
1065.97
1067.16
1065.97
13221.98
1116.99
1091.96
1085.04
1083.14
1075.98
1072.88
1076.94
1062.87
1066.21
1065.02
13223.17
1107.93
1094.10
1091.00
1075.03
1072.88
1072.88
1084.80
1067.88
1070.98
1064.06
13224.84
1098.87
1086.95
1086.95
1091.96
1084.09
1067.16
1078.13
1078.13
1078.13
1065.97
13215.07
1096.01
1087.90
1086.95
1080.99
1079.08
1069.07
1078.13
1065.02
1066.92
1070.98
13214.11
1106.02
1078.84
1082.90
1089.81
1080.04
1074.08
1089.10
1074.79
1075.98
1070.02
13198.85
1104.83
1086.00
1090.05
1074.79
1073.12
1076.94
1083.85
1070.02
1074.08
13092.04
1178.98
1096.01
1086.00
1088.14
1075.98
1078.13
1067.16
1085.04
1075.03
1065.02
13114.93
1168.01
1096.01
1082.90
1091.00
1080.04
1069.07
1070.02
1078.84
1069.07
1075.03
13116.12
1171.11
1087.19
1088.14
1083.14
1074.08
1066.92
1068.83
1077.89
1075.98
1069.07
13109.21
1163.96
1091.00
1091.00
1091.00
1084.09
1075.03
1083.85
1086.00
1069.07
1061.92
13113.98
1170.16
1102.92
1083.85
1091.96
1072.17
1074.08
1075.03
1081.94
1070.02
1077.89
13117.79
1167.06
1096.01
1078.84
1087.90
1076.94
1075.03
1082.90
1086.00
1086.95
1070.98
13124.94
1168.01
1100.06
1084.09
1094.82
1091.00
1080.99
1073.12
1080.04
1066.92
1072.17
13113.02
1158.95
1101.02
1085.04
1096.01
1075.98
1066.92
1070.98
1084.09
1080.04
1060.01
13121.84
1163.96
1100.06
1097.20
1087.90
1091.96
1074.79
1078.84
1083.85
1066.92
1075.03
13129.95
1168.97
1087.90
1085.04
1092.20
1082.90
1073.84
1080.04
1076.94
1069.07
1065.02
13114.93
1163.01
1092.91
1088.86
1096.96
1080.99
1083.85
1082.90
1080.99
1070.98
1066.92
13120.89
1168.97
1087.19
1081.94
1108.88
1083.85
1076.94
1075.03
1080.04
1070.98
1065.02
13141.87
1160.86
1096.01
1087.19
1091.96
1068.83
1071.93
1093.15
1070.02
1070.98
1072.17
13174.06
1127.00
1091.00
1078.13
1087.19
1062.15
1075.98
1081.94
1072.17
1071.93
1066.92
13180.97
1129.15
1087.90
1092.91
1092.91
1080.99
1075.03
1096.96
1090.05
1064.06
1075.98
13211.01
1121.04
1089.10
1086.00
1079.08
1081.94
1068.83
1078.84
1073.12
1071.93
1075.03
13227.94
1118.90
1097.92
1099.82
1083.85
1076.94
1088.86
1092.91
1073.12
1073.84
1065.97
13227.94
1101.02
1082.18
1097.92
1067.88
1072.88
1077.89
1087.19
1074.08
1075.03
1074.08
13225.08
1113.89
1087.90
1089.81
1075.98
1070.02
1083.85
1083.85
1077.89
1070.98
1070.02
13213.16
1111.98
1091.96
1093.15
1080.99
1072.88
1073.84
1087.90
1065.02
1066.92
1063.82
13206.96
1107.93
1086.95
1096.01
1088.86
1070.02
1080.99
1084.09
1071.21
1066.92
13093.95
1183.03
1104.12
1081.94
1089.10
1081.94
1075.98
1077.18
1084.09
1079.08
1069.07
13114.93
1171.11
1101.97
1086.00
1130.10
1084.09
1075.98
1075.03
1088.86
1086.95
1071.21
13128.04
1163.01
1103.16
1090.05
1092.20
1079.08
1080.04
1072.17
1084.09
1080.99
1072.17
13114.93
1167.06
1089.10
1073.84
1098.87
1077.89
1075.03
1074.08
1090.05
1075.03
1076.94
13129.00
1164.91
1098.87
1096.01
1106.98
1089.10
1080.99
1089.81
1083.85
1080.99
1074.08
13129.95
1159.19
1094.10
1087.90
1101.97
1074.79
1084.09
1086.00
1082.90
1072.17
1080.04
13151.88
1153.95
1099.11
1092.20
1106.98
1082.90
1082.18
1087.90
1074.08
1077.89
1075.03
13221.98
1119.14
1096.96
1099.11
1077.89
1095.06
1079.80
1085.04
1072.88
1075.98
1082.18
13221.03
1117.94
1086.95
1099.11
1094.10
1087.19
1082.90
1091.00
1076.94
1085.04
1069.07
13235.09
1111.03
1080.99
1093.15
1082.18
1082.90
1075.98
1092.91
1080.04
1065.97
1066.92
13210.06
1116.04
1098.16
1101.97
1085.04
1090.05
1075.03
1091.96
1074.08
1078.84
1071.93
1201.87
1108.88
1101.02
1104.12
1084.09
1075.03
1069.07
1086.00
1079.08
1076.94
13119.94
1160.86
1112.94
1091.00
1099.82
1079.08
1082.90
1088.86
1087.90
1079.08
1081.94
13123.99
1173.02
1103.16
1083.14
1096.96
1081.94
1078.13
1086.00
1091.96
1090.05
1080.04
13126.85
1162.05
1094.10
1096.01
1101.02
1080.04
1074.08
1072.88
1078.84
1071.93
1074.08
13134.00
1177.07
1100.06
1083.14
1095.06
1080.04
1071.93
1088.14
1084.09
1077.18
1070.98
13144.02
1160.14
1091.00
1093.86
1094.10
1080.99
1075.98
1078.13
1080.99
1070.02
1081.94
13213.87
1120.09
1091.96
1097.92
1091.96
1072.17
1076.94
1081.94
1070.98
1064.06
1070.98
13203.86
1125.10
1104.12
1090.05
1083.14
1073.12
1070.98
1085.04
1076.94
1068.12
1070.02
13215.07
1116.99
1102.92
1097.92
1082.18
1074.08
1070.98
1086.00
1071.93
1068.12
1078.13
13215.07
1121.04
1092.91
1091.00
1093.86
1086.95
1074.08
1092.91
1071.21
1079.08
1069.07
13226.03
1106.98
1096.01
1092.91
1079.08
1082.18
1070.98
1075.03
1078.13
1071.21
1077.89
13216.97
1119.14
1089.10
1093.15
1086.95
1083.85
1080.99
1096.96
1070.98
1069.07
13094.90
1186.85
1105.79
1085.04
1096.01
1080.04
1080.99
1083.14
1091.00
1083.85
1067.88
13118.98
1177.07
1095.77
1096.01
1100.06
1082.90
1077.89
1077.18
1086.00
1079.08
1074.08
13129.00
1165.87
1110.08
1089.10
1091.00
1076.94
1075.03
1086.95
1088.14
1089.10
1081.94
13128.04
1157.05
1109.84
1086.95
1098.87
1078.84
1076.94
1092.91
1083.85
1070.98
1063.82
13124.94
1162.05
1094.10
1090.05
1106.02
1074.08
1071.93
1096.01
1075.98
1082.90
1075.98
13136.15
1153.95
1092.91
1085.04
1094.10
1086.00
1074.08
1082.90
1084.09
1071.93
1079.08
13201.00
1127.00
1105.07
1084.09
1093.15
1084.09
1081.94
1082.90
1083.85
1080.04
1070.98
13218.88
1116.99
1090.05
1106.98
1102.92
1085.04
1091.00
1091.96
1084.09
1070.02
1077.89
13231.99
1105.07
1088.14
1103.16
1093.15
1084.09
1082.90
1086.95
1084.09
1080.04
1069.07
13235.09
1111.03
1093.86
1098.87
1084.80
1076.94
1077.89
1076.94
1075.98
1070.98
1074.79
13216.97
1106.02
1095.06
1094.82
1091.96
1075.98
1074.08
1082.18
1069.07
1071.93
13118.98
1174.93
1099.82
1098.87
1092.91
1073.84
1083.85
1080.04
1089.10
1076.94
1074.08
13124.94
1175.88
1106.02
1091.00
1092.91
1093.15
1080.99
1077.89
1078.84
1078.84
1085.04
13133.05
1171.11
1104.83
1087.90
1101.97
1091.00
1080.04
1091.00
1088.14
1086.00
1065.97
13128.04
1162.05
1102.92
1100.06
9234.91
1101.97
1098.16
1091.00
1077.89
1080.99
1080.04
1081.23
1068.12
1075.03
1082.18
13216.97
1103.88
1092.20
1086.00
1087.19
1091.96
1081.94
1100.06
1085.04
1080.99
13114.93
1178.03
1101.97
1090.05
1106.02
1092.91
1080.99
1084.09
1091.96
1080.04
1074.08
13112.07
1183.99
1106.98
1094.10
1106.98
1081.94
1088.86
1075.03
1093.15
1091.96
1081.94
13130.19
1165.15
1094.10
1080.99
1090.05
1086.00
1073.84
1085.04
1086.00
1087.90
1075.98
13130.19
1158.00
1107.93
1084.80
1097.92
1071.93
1079.08
1095.06
1086.95
1081.94
1065.97
13142.11
1152.99
1096.01
1076.94
1101.02
1083.14
1084.09
1080.99
1086.00
1080.99
1079.08
13209.82
1116.99
1098.16
1092.91
1077.89
1087.90
1074.79
1090.05
1075.03
1080.99
1070.02
13234.14
1114.13
1086.95
1100.06
1086.95
1070.98
1077.18
1075.03
1065.02
1071.93
1067.16
13214.11
1111.03
1101.97
1091.00
1081.94
1080.99
1071.93
1079.08
1080.04
1061.92
1075.03
13227.94
1121.04
1096.96
1096.01
1083.85
1082.90
1077.89
1074.79
1064.06
1064.06
1068.12
13236.05
1106.98
1080.99
1088.86
1089.81
1077.89
1080.04
1085.04
1076.94
1076.94
1065.02
13228.89
1108.88
1091.00
1088.14
1079.08
1072.17
1082.90
1085.04
1070.02
1074.08
13097.05
1188.04
1104.12
1099.11
1086.00
1087.90
1085.04
1069.07
1079.08
1071.93
1075.03
13110.16
1173.97
1094.82
1091.00
1095.06
1080.99
1084.09
1093.15
1076.94
1072.88
1075.98
13119.94
1174.93
1102.92
1088.86
1088.86
1075.98
1081.94
1074.08
1087.90
1067.88
1063.82
13129.00
1169.92
1100.06
1088.86
1098.87
1086.00
1083.14
1081.94
1089.10
1070.98
1070.98
13124.94
1173.02
1097.20
1097.92
1091.00
1084.09
1081.94
1083.14
1086.00
1077.18
1076.94
13130.90
1158.00
1099.11
1096.01
1090.05
1086.95
1075.98
1088.14
1081.94
1074.08
1072.88
13129.95
1163.01
1092.91
1091.00
1095.06
1073.12
1070.98
1085.04
1080.99
1075.98
1063.11
13180.02
1139.88
1087.90
1080.99
1091.00
1075.98
1080.99
1084.09
1070.98
1066.92
1063.82
13198.85
1116.99
1089.10
1098.16
1090.05
1077.89
1076.94
1089.10
1077.18
1080.99
1069.78
13211.01
1130.82
1102.92
1089.81
1072.88
1073.12
1078.13
1084.09
1084.09
1083.14
1072.88
13209.10
1121.04
1097.20
1094.10
1082.90
1071.93
1070.98
1079.08
1075.98
1070.02
1065.02
13219.12
1110.08
1084.09
1086.00
1081.94
1071.93
1070.02
1080.99
1075.98
1079.08
1071.93
13220.79
1101.02
1091.96
1091.96
1082.90
1070.98
1078.13
1086.95
1074.08
1074.08
1066.92
13231.99
1109.12
1075.98
1088.86
1080.99
1077.18
1075.03
1076.94
1079.08
1080.04
1070.98
13198.85
1106.02
1089.10
1084.09
1085.04
1080.04
1080.99
1079.08
1064.06
1080.99
13107.06
1180.17
1101.97
1091.96
1091.00
1096.96
1087.90
1075.03
1093.86
1083.85
1067.88
13122.08
1170.87
1101.02
1087.19
1090.05
1077.18
1082.90
1076.94
1092.91
1070.02
1069.07
13125.90
1172.07
1086.00
1087.90
1087.90
1076.94
1080.99
1075.98
1086.95
1075.03
1065.97
13113.98
1161.10
1107.22
1083.14
1092.91
1086.00
1090.05
1074.79
1080.04
1076.94
1070.02
13132.10
1159.19
1091.00
1080.99
1095.06
1080.04
1078.13
1079.08
1080.04
1065.02
1073.12
13124.94
1163.01
1099.82
1091.00
1104.12
1086.00
1077.89
1078.84
1075.03
1070.98
1087.90
13123.04
1156.09
1098.16
1095.06
1089.10
1084.80
1077.89
1089.81
1084.09
1075.98
1070.02
13134.00
1154.18
1100.06
1082.90
1096.01
1071.93
1074.08
1090.05
1075.98
1072.88
1073.84
13194.08
1141.07
1105.79
1090.05
1100.06
1086.00
1077.89
1093.86
1071.93
1073.12
1070.98
13226.99
1113.89
1094.82
1090.05
1092.91
1071.93
1070.02
1086.95
1075.03
1068.83
1067.88
13217.93
1108.88
1084.80
1091.00
1079.08
1075.03
1071.93
1075.03
1075.98
1085.04
1074.08
13221.03
1106.98
1096.96
1094.10
1087.19
1080.04
1075.03
1086.95
1075.03
1080.04
1078.13
13216.97
1114.85
1082.90
1086.00
1086.95
1081.94
1080.99
1092.91
1083.85
1066.92
1067.88
13216.02
1101.97
1094.10
1095.06
1087.90
1088.86
1083.85
1082.90
1080.04
1075.98
13120.89
1175.88
1104.83
1101.02
1111.98
1083.85
1075.98
1080.04
5215.88
1107.93
1096.96
1094.82
1075.98
1083.85
1083.85
1081.94
1078.13
1080.99
1075.03
13207.91
1121.04
1095.06
1101.97
1077.89
1086.95
1075.98
1094.82
1066.92
1071.93
13124.94
1175.88
1106.98
1083.14
1094.10
1080.99
1077.89
1080.04
1093.15
1082.90
1077.89
13118.98
1173.97
1101.97
1096.96
1094.10
1080.99
1077.89
1073.12
1082.18
1075.98
1068.83
13119.94
1163.96
1093.86
1082.90
1093.86
1081.94
1080.04
1096.96
1084.09
1075.03
1070.02
13133.05
1159.19
1096.96
1096.96
1095.06
1074.08
1082.18
1079.08
1074.08
1086.00
1081.94
13134.00
1157.05
1099.11
1095.06
1102.92
1072.17
1078.13
1089.10
1086.00
1076.94
1075.98
13161.90
1138.93
1109.84
1101.97
1093.15
1075.98
1080.99
1076.94
1078.13
1069.07
1078.13
13208.15
1118.18
1085.04
1083.14
1080.99
1083.85
1070.98
1082.18
1075.98
1061.92
1078.13
13221.03
1127.96
1093.15
1102.92
1080.99
1073.84
1069.07
1081.94
1070.98
1080.04
1070.02
13225.08
1110.08
1076.94
1095.06
1085.04
1078.13
1075.03
1082.90
1080.99
1065.97
1073.12
13242.96
1101.97
1091.00
1083.14
1082.90
1075.03
1074.08
1073.12
1064.06
1065.02
1074.08
13230.09
1106.98
1086.95
1096.96
1085.04
1080.04
1067.88
1078.84
1071.93
1077.18
1070.98
13249.16
1104.12
1088.14
1091.00
1080.04
1070.98
1077.89
1084.09
1084.09
1067.16
1071.93
13206.01
1114.13
1088.14
1092.91
1082.90
1073.84
1080.99
1080.04
1071.93
1066.92
13098.00
1183.99
1093.86
1100.06
1099.11
1084.09
1080.04
1077.18
1094.10
1075.98
1073.12
13118.03
1168.97
1097.20
1089.10
1090.05
1087.19
1075.98
1075.03
1079.08
1075.98
1075.98
13128.04
1181.84
1108.88
1096.01
1102.92
1080.04
1081.94
1086.95
1086.00
1083.85
1072.88
13125.90
1166.82
1095.06
1088.86
1081.94
1076.94
1082.18
1094.10
1076.94
1073.84
1071.93
13135.91
1166.11
1099.11
1098.87
1097.20
1086.95
1083.85
1096.01
1075.03
1088.86
1068.83
13144.97
1153.95
1089.81
1095.06
1101.97
1082.18
1078.13
1075.03
1083.14
1068.12
1064.06
13202.91
1132.01
1096.96
1092.91
1086.00
1075.03
1085.04
1093.86
1074.79
1076.94
1081.94
13216.97
1125.10
1105.07
1094.10
1081.94
1079.08
1075.03
1080.04
1077.89
1071.93
1068.12
13213.16
1121.04
1093.15
1106.02
1087.90
1080.99
1076.94
1083.85
1072.88
1075.98
1080.04
13223.89
1107.93
1095.77
1093.86
1091.96
1082.90
1091.00
1090.05
1077.89
1067.88
1078.84
13208.87
1110.08
1087.90
1101.02
1088.14
1095.06
1074.08
1084.80
1075.03
1075.03
13109.21
1175.17
1089.10
1103.16
1105.07
1086.95
1091.00
1090.05
1095.06
1070.02
1071.93
13129.00
1172.07
1107.93
1099.11
1111.03
1096.96
1079.08
1080.04
1088.14
1075.98
1087.90
13119.94
1168.97
1105.07
1087.19
1101.02
1086.00
1081.94
1079.08
1070.02
1075.98
1078.13
13136.15
1163.96
1102.92
1088.86
1096.96
1093.15
1095.06
1089.10
1075.03
1071.21
1064.06
13145.92
1147.03
1092.20
1086.00
1091.00
1077.18
1070.98
1095.06
1085.04
1074.08
1072.17
13213.16
1127.96
1086.95
1096.96
1085.04
1083.14
1080.99
1080.04
1086.00
1065.02
1075.03
13218.16
1117.94
1090.05
1093.86
1096.01
1086.00
1080.04
1076.22
1070.98
1080.99
1080.04
13227.94
1116.04
1091.96
1093.86
1093.86
1076.94
1086.95
1095.06
1080.04
1070.02
1068.83
13237.95
1109.84
1088.86
1090.05
1087.19
1079.08
1080.04
1080.04
1069.78
1081.94
1071.21
13223.89
1111.98
1098.87
1096.01
1080.04
1077.18
1081.94
1090.05
1075.03
1076.22
13123.04
1185.89
1093.86
1086.00
1091.96
1100.78
1075.03
1095.06
1086.00
1080.99
1073.12
13112.07
1178.03
1104.83
1095.06
1108.88
1101.02
1082.18
1075.03
1075.03
1070.98
1074.08
13127.09
1167.06
1102.92
1097.92
1101.02
1086.00
1085.04
1090.05
1086.00
1071.93
1070.98
13134.96
1158.00
1109.84
1092.91
1104.83
1088.86
1086.00
1086.00
1080.99
1079.08
1069.07
13165.00
1153.95
1091.96
1083.85
1106.98
1084.09
1091.00
1084.09
1073.12
1080.04
1070.98
13226.99
1116.99
1091.00
9124.04
1176.12
1101.97
1085.04
1103.16
1091.00
1075.98
1079.08
1091.00
1075.03
1068.83
13128.04
1172.07
1104.83
1092.91
1102.92
1083.14
1089.10
1089.10
1100.06
1089.10
1076.94
13132.10
1168.97
1096.96
1093.86
1093.86
1082.90
1084.80
1080.04
1073.12
1074.08
1068.12
13138.06
1168.97
1099.11
1083.14
1105.07
1093.15
1078.13
1093.15
1086.00
1071.93
1086.00
13185.02
1140.83
1087.90
1081.94
1093.15
1080.04
1087.19
1071.93
1085.04
1076.94
1075.98
13218.16
1122.00
1096.01
1085.04
1088.14
1093.15
1087.90
1088.86
1080.04
1070.98
1073.84
13221.98
1120.09
1093.15
1098.16
1085.04
1085.04
1084.80
1091.00
1081.94
1066.92
1069.07
13226.03
1109.84
1088.86
1083.85
1098.87
1083.85
1082.90
1084.80
1077.89
1077.89
1075.98
13228.18
1114.13
1086.00
1089.10
1092.91
1075.03
1074.08
1086.95
1081.94
1079.08
13097.05
1294.85
1121.04
1101.02
1101.02
1081.94
1080.04
1080.04
1091.00
1073.12
1066.92
13134.00
1166.11
1109.84
1098.87
1103.88
1085.04
1078.84
1086.00
1089.10
1065.97
1068.12
13127.09
1163.01
1105.07
1091.00
1090.05
1086.95
1075.03
1093.86
1078.84
1080.99
1080.04
13137.82
1168.01
1098.87
1096.96
1090.05
1087.90
1078.13
1085.04
1088.86
1093.86
1080.99
13212.92
1123.91
1101.97
1132.01
1101.97
1078.84
1080.04
1090.05
1090.05
1077.18
1072.88
13216.97
1126.05
1100.06
1100.06
1101.97
1098.87
1084.80
1085.04
1085.04
1074.08
1080.04
13226.03
1110.08
1089.10
1095.06
1086.95
1087.19
1070.98
1094.10
1092.20
1075.03
1071.93
13206.01
1107.22
1100.06
1099.11
1080.99
1078.84
1073.12
1081.94
1069.78
1082.90
13120.89
1171.11
1106.98
1094.82
1100.06
1088.14
1086.95
1085.04
1086.00
1081.94
1076.94
13129.95
1169.92
1100.78
1100.06
1098.87
1088.86
1081.94
1077.18
1095.06
1086.00
1075.03
13148.07
1176.12
1105.07
1095.06
1101.02
1091.00
1083.14
1089.10
1073.12
1086.00
1087.90
13135.91
1164.91
1097.20
1091.00
1106.02
1080.99
1082.18
1098.87
1085.04
1086.00
1075.98
13209.10
1125.10
1083.14
1095.06
1080.99
1082.90
1084.80
1092.91
1087.90
1075.98
1070.02
13222.93
1112.94
1089.81
1096.01
1084.80
1076.94
1076.94
1084.09
1068.12
1069.07
1067.16
13236.05
1125.81
1093.86
1108.88
1100.06
1076.94
1071.93
1086.00
1078.84
1073.84
1082.90
13226.99
1120.09
1085.04
1101.97
1089.10
1081.94
1080.04
1086.00
1079.08
1074.08
13095.14
1187.80
1107.93
1093.15
1099.11
1084.09
1078.13
1081.94
1076.94
1068.83
1072.88
13128.04
1183.03
1094.82
1091.96
1103.88
1080.99
1080.99
1072.17
1091.00
1086.00
1067.88
13118.98
1164.91
1106.02
1091.96
1101.97
1091.00
1077.89
1078.84
1086.00
1079.08
1069.07
13134.00
1167.06
1104.12
1091.96
1094.10
1090.05
1079.08
1089.81
1080.99
1078.13
1074.08
13144.02
1178.98
1105.07
1093.86
1092.91
1077.89
1080.99
1080.99
1075.03
1074.08
1081.94
13164.04
1138.93
1096.01
1088.14
1107.93
1088.86
1076.94
1083.85
1078.84
1073.84
1067.88
13218.88
1127.96
1094.10
1096.96
1096.01
1074.08
1077.18
1084.09
1067.88
1074.08
1082.90
13221.98
1122.95
1093.15
1091.00
1082.90
1075.03
1077.89
1075.03
1070.98
1070.02
1071.93
13226.99
1117.94
1089.10
1101.97
1080.99
1075.03
1081.94
1089.10
1070.98
1064.06
1072.17
13223.89
1112.94
1098.87
1085.04
1079.08
1068.12
1084.09
1078.13
1075.03
1075.03
1065.97
13230.80
1116.04
1091.00
1094.82
1078.84
1067.88
1079.08
1086.00
1069.07
1078.84
1085.04
13220.07
1104.12
1088.14
1092.91
1078.84
1072.88
1065.97
1084.09
1072.17
1070.02
13126.85
1168.01
1100.06
1097.92
1094.10
1082.90
1073.12
1088.14
1091.00
1067.88
1075.98
13138.06
1159.91
1102.92
1096.01
1101.97
1084.09
1084.09
1070.02
1073.12
1068.83
1073.84
13118.98
1173.97
1101.97
1080.99
1096.96
1080.04
1088.14
1085.04
1077.18
1079.08
1068.12
13124.94
1157.05
1105.07
1080.99
1090.05
1091.00
1085.04
1087.90
1073.84
1071.93
1083.85
13145.92
1154.90
1096.01
1082.90
1100.06
1078.13
1085.04
1085.04
1089.81
1081.94
1072.88
13129.95
1155.14
1103.16
1081.94
1101.02
1086.00
1080.99
1090.05
1076.94
1068.12
1070.98
13201.00
1114.13
1096.96
1081.94
1097.20
1071.93
1075.03
1091.00
1087.90
1077.18
1081.94
13212.92
1118.90
1108.17
1085.04
1089.81
1090.05
1092.91
1081.94
1076.94
1073.12
1067.16
13211.97
1109.12
1083.14
1090.05
1081.94
1075.03
1077.89
1079.08
1081.23
1079.08
1078.13
13220.07
1111.98
1092.91
1101.02
1089.10
1082.90
1080.04
1086.95
1080.04
1073.12
1073.12
13225.08
1114.13
1083.14
1081.94
1080.04
1070.98
1075.98
1089.10
1070.98
1071.93
1069.07
13209.10
1102.92
1090.05
1093.15
1091.00
1078.84
1079.80
1083.85
1073.12
1075.03
13092.04
1180.89
1102.92
1081.94
1096.96
1086.00
1074.08
1073.12
1101.97
1082.90
1067.88
13133.05
1182.08
1103.16
1080.99
1114.13
1085.04
1076.22
1072.88
1086.00
1070.02
1070.98
13113.02
1171.11
1101.02
1080.04
1098.87
1087.19
1085.04
1079.08
1091.96
1074.08
1073.12
13133.05
1169.20
1092.91
1090.05
1099.11
1085.04
1080.99
1090.05
1073.12
1078.13
1060.96
13137.10
1168.01
1092.91
1091.96
1102.21
1086.00
1082.90
1083.14
1075.03
1086.24
1081.94
13136.86
1166.82
1096.01
1093.15
1098.16
1076.94
1087.90
1094.82
1084.09
1073.12
1075.03
13213.16
1120.09
1089.81
1091.96
1086.95
1079.08
1071.93
1083.85
1080.99
1073.12
1076.94
13210.06
1112.94
1086.00
1091.00
1080.04
1071.93
1070.02
1074.08
1065.97
1070.98
1070.02
13220.07
1110.08
1079.08
1094.10
1087.19
1070.02
1078.84
1079.80
1080.04
1068.12
1075.03
13203.86
1116.04
1084.09
1090.05
1087.90
1075.98
1072.88
1075.98
1081.94
1063.11
1065.02
13213.16
1110.08
1095.06
1094.82
1086.00
1070.98
1075.98
1103.16
1072.88
1061.92
1065.97
13214.11
1103.16
1084.09
1097.92
1076.94
1076.94
1070.02
1075.03
1063.11
1068.12
1075.98
13210.06
1113.89
1083.85
1092.91
1090.05
1076.94
1070.98
1076.94
1071.93
1060.96
1067.88
13216.97
1107.93
1084.09
1093.15
1075.03
1073.12
1066.92
1088.14
1075.03
1074.08
1074.79
13207.91
1111.98
1082.90
1087.19
1079.08
1078.13
1070.98
1086.95
1072.88
1076.94
1066.92
13195.99
1111.03
1097.92
1092.20
1091.00
1078.84
1077.89
1086.95
1070.02
1068.12
13112.07
1170.87
1096.96
1076.22
1092.91
1090.05
1080.04
1072.17
1088.14
1071.93
1078.84
13123.99
1173.97
1099.11
1079.80
1091.96
1080.99
1085.04
1085.04
1080.04
1083.14
1070.02
13123.04
1181.13
1100.06
1089.81
1091.00
1084.09
1075.98
1072.88
1083.85
1076.94
1073.12
13132.10
1164.20
1097.92
1089.81
1105.07
1072.88
1067.88
1080.99
1070.98
1070.98
1065.02
13127.09
1163.96
1097.92
1088.86
1098.87
1089.81
1070.98
1073.12
1070.02
1076.94
1072.17
13123.99
1169.92
1090.05
1080.99
1101.02
1077.18
1071.93
1081.94
1078.13
1083.14
1078.13
13139.01
1159.19
1099.11
1089.10
1100.06
1080.99
1073.84
1071.93
1076.22
1074.08
1070.02
13139.01
1160.86
1091.00
1090.05
1091.00
1077.89
1080.99
1088.86
1086.95
1087.19
1076.94
13223.89
1122.95
1093.15
1091.00
1082.90
1086.00
1087.90
1089.10
1078.13
1076.94
1081.94
13219.12
1127.00
1100.06
1097.20
1082.90
1080.04
1084.09
1096.01
1078.84
1075.98
1080.99
13216.97
1119.14
1095.06
1095.06
1089.81
1077.89
1083.85
1087.90
1070.02
1079.08
1066.92
13214.83
1110.08
1101.02
1097.92
1087.90
1071.93
1070.98
1087.90
1073.84
1062.87
13107.06
1188.04
1108.88
1098.87
1096.01
1084.09
1083.14
1086.00
1084.09
1074.79
1074.08
13119.94
1178.03
1095.06
1091.96
1101.97
1088.86
1077.89
1080.99
1098.87
1068.12
1071.93
13116.84
1177.07
1110.08
1091.00
1101.97
1080.04
1090.05
1091.00
1086.95
1089.81
1075.03
13138.06
1154.18
1096.01
1090.05
1097.92
1089.10
1084.80
1079.08
1080.99
1076.94
1065.97
13144.02
1163.96
1105.07
1078.84
1103.88
1086.00
1070.98
1085.04
1079.08
1080.04
1072.17
13185.98
1135.11
1091.00
1087.19
1090.05
1092.91
1080.99
5137.21
1158.00
1104.83
1088.86
1093.86
1078.84
1085.04
1080.99
1087.90
1082.18
1075.03
13133.05
1162.05
1101.02
1095.06
1097.92
1098.16
1086.00
1088.86
1086.00
1065.97
1071.93
13179.06
1127.96
1099.11
1093.15
1090.05
1072.17
1079.08
1080.04
1075.98
1066.92
1077.89
13208.87
1123.91
1096.96
1098.16
1083.14
1082.18
1074.08
1080.04
1070.98
1069.07
1066.92
13213.87
1120.09
1091.96
1096.01
1091.00
1080.99
1086.00
1089.10
1070.02
1069.07
1081.94
13227.94
1119.85
1097.92
1096.01
1093.15
1075.98
1072.17
1086.00
1082.90
1077.18
1083.14
13210.06
1103.88
1092.91
1098.87
1099.11
1082.18
1076.94
1091.00
1077.18
1084.09
1069.07
13209.82
1113.89
1092.91
1105.79
1086.00
1088.86
1074.79
1087.90
1075.03
1065.97
13123.99
1167.06
1098.87
1086.95
1101.02
1081.94
1073.12
1081.94
1093.15
1086.95
1072.88
13115.88
1174.93
1101.97
1085.04
9228.94
1103.16
1085.04
1102.92
1091.96
1070.02
1078.13
1080.04
1082.18
1069.07
1071.93
13231.99
1111.98
1095.06
1095.06
1103.88
1083.14
1073.12
1091.96
1086.00
1073.12
1070.02
13226.99
1110.08
1089.81
1096.01
1086.95
1082.90
1078.84
1086.95
1076.94
1075.98
1082.18
13216.97
1113.89
1091.00
1087.90
1098.87
1085.04
1085.04
1089.10
1077.89
1085.04
13121.84
1184.94
1098.87
1096.96
1103.16
1086.00
1080.04
1071.93
1084.80
1081.94
1072.88
13145.21
1178.03
1111.98
1096.01
1103.16
1086.95
1073.84
1076.94
1079.80
1067.88
1080.99
13136.15
1167.06
1098.87
1090.05
1106.98
1087.19
1080.04
1081.94
1075.98
1080.99
1073.84
13124.94
1165.87
1108.88
1084.80
1089.10
1080.99
1080.04
1087.90
1086.00
1075.98
1067.88
13140.92
1148.94
1093.15
1090.05
1096.96
1080.04
1072.17
1088.14
1084.09
1086.95
1076.94
13214.11
1122.95
1088.14
1101.97
1082.90
1083.14
1079.08
1086.00
1079.08
