1124.14
1112.94
1112.94
1111.98
1122.95
1106.02
25191.07
1142.02
1114.13
1123.19
1110.08
1104.12
1102.92
21160.13
1133.20
1097.92
1101.02
1118.90
1142.98
1114.13
25176.05
1147.03
1113.89
1108.88
1118.18
1106.02
1109.12
25166.99
1150.13
1116.04
1114.13
1119.14
1109.84
1106.98
25174.14
1147.99
1116.04
1106.98
1117.23
1111.98
1108.17
25145.05
1176.12
1112.94
1110.79
1116.04
1111.03
1105.07
1113.89
25208.95
1123.19
1109.12
1118.90
1102.92
1110.08
1111.98
25223.02
1116.99
1116.04
1122.00
1108.17
1104.12
1111.98
25225.16
1116.99
1115.08
1121.04
1111.98
1116.04
1108.17
25219.92
1108.88
1107.93
1111.98
1102.92
1097.20
1093.86
25216.82
1169.92
1099.11
1099.11
1085.04
1086.95
1092.91
25138.85
1111.98
1079.08
1068.12
1080.04
1072.17
1060.96
25109.05
1087.90
1059.06
1060.01
1055.96
1055.96
1047.13
1042.13
25143.15
1053.09
1036.88
1036.88
1052.14
1038.07
1032.11
25058.98
1107.93
1062.15
1060.01
1065.97
1065.02
1070.98
1077.89
25186.06
1091.00
1083.14
1081.94
1089.81
1076.94
1080.99
25162.94
1130.82
1101.02
1093.86
1100.06
1106.98
1110.79
25167.94
1147.99
1111.98
1120.09
1119.14
1106.98
1089.10
25129.08
1163.01
1094.82
1105.07
1106.98
1104.12
1106.02
1086.95
25197.98
1093.15
1077.89
1080.99
1070.98
1058.82
1054.05
25130.03
1081.94
1060.01
1050.95
1060.01
1057.86
1055.00
25113.11
1088.14
1044.99
1039.03
1032.11
1059.06
1057.15
1055.96
21133.90
1070.02
1065.02
1063.11
1091.96
1072.17
1065.02
25130.99
1095.06
1070.02
1057.86
1051.90
1083.14
1071.93
1075.98
25187.97
1101.02
1085.04
1107.93
1099.82
1101.97
1085.04
25197.98
1097.92
1102.21
1104.83
1159.91
1175.88
1172.78
25225.88
1094.10
1084.09
1090.05
1119.14
1158.00
1183.03
25222.78
1079.08
1060.96
1061.20
1075.03
1063.11
1047.13
25111.91
1118.90
1080.99
1086.00
1092.20
1050.00
1044.03
1055.00
25208.95
1097.92
1101.02
1098.87
1072.88
1070.02
1066.92
25170.09
1124.86
1088.14
1095.06
1090.05
1088.86
1089.10
25153.16
1130.10
1101.97
1104.83
1139.88
1152.04
1179.93
25217.06
1109.84
1070.98
1069.07
1080.99
1121.04
1124.86
25183.92
1108.88
1083.14
1061.92
1065.97
1115.08
1631.02
25144.82
1123.91
1066.92
1055.00
1071.93
1080.99
1070.98
25117.16
1121.04
1053.09
1040.22
1034.02
1076.94
1074.08
1079.80
25177.00
1058.10
1031.88
1030.92
1066.92
1065.02
1062.87
25130.99
1086.00
1048.09
1050.00
1036.88
1070.02
1066.92
1057.15
25166.03
1067.16
1061.92
1055.96
1052.14
1049.04
1052.14
25119.07
1071.93
1040.94
1043.08
1044.03
1068.12
1072.17
1076.94
25187.97
1062.87
1050.00
1045.94
1078.84
1102.92
1117.94
25177.96
1070.02
1019.00
1053.09
1060.01
1119.85
1132.01
25208.00
1134.16
1102.92
1092.91
1083.14
1116.04
1127.00
25169.85
1163.01
1114.13
1127.96
1150.13
1077.89
1080.99
1078.13
25244.95
1110.79
1107.93
1095.06
1050.00
1055.00
1052.14
25175.09
1091.96
1076.94
1079.08
1054.05
1050.00
1050.95
25117.16
1080.99
1041.89
1036.17
1038.07
1034.98
1055.96
1061.92
25166.99
1068.12
1043.08
1052.86
1077.89
1091.00
1094.82
25155.07
1100.06
1059.06
1060.01
1061.92
1143.93
1162.05
25207.04
1090.05
1051.90
1063.82
1075.03
1132.01
1122.95
1123.91
25175.81
1064.06
1050.00
1051.19
1077.89
1085.04
1075.03
25156.02
1070.02
1050.95
1040.94
1082.90
1060.01
1050.00
25113.82
1078.84
1039.98
1043.08
1051.90
1047.85
1050.00
1048.09
25141.00
1075.98
1055.00
1055.00
1063.82
1055.96
1055.96
25107.86
1090.05
1060.01
1069.78
1075.03
1070.02
1058.10
1063.11
25173.19
1071.93
1050.95
1064.06
1078.13
1073.12
1061.92
25130.03
1096.96
1089.81
1068.83
1101.02
1093.86
1086.00
1069.07
25165.08
1102.21
1090.05
1105.07
1091.00
1092.91
1097.92
25199.17
1122.95
1103.88
1119.14
1105.07
1116.04
1101.02
25196.79
1114.85
1106.02
1121.04
1106.02
1121.04
1133.92
25233.03
1112.94
1096.96
1104.83
1095.06
1101.97
1108.88
25168.18
1135.11
1105.07
1105.07
1111.03
1113.89
1108.17
25155.07
1140.12
1110.08
1114.13
1122.00
1122.00
1109.12
25201.80
1160.86
1139.88
1129.87
1138.93
1122.00
1128.91
25190.11
1164.20
1132.01
1133.92
1138.93
1132.01
1111.03
25177.96
1161.81
1139.88
1122.00
1132.97
1125.10
1130.10
25192.02
1163.01
1132.97
1129.15
1142.02
1132.97
1124.86
25187.97
1163.96
1131.06
1131.06
1136.06
1131.06
1129.15
25193.93
1168.01
1137.02
1133.92
1147.03
1128.91
1123.91
25188.92
1170.87
1137.02
1132.97
1139.16
1129.87
1127.96
25192.02
1166.82
1137.02
1132.97
1142.02
1132.01
1132.97
25197.03
1162.05
1137.97
1136.06
1131.06
1130.82
1132.97
25195.12
1163.01
1140.12
1137.97
1142.02
1135.11
1127.96
25220.16
1147.03
1139.16
1133.92
1132.01
1107.93
1106.02
25187.02
1132.97
1110.08
1115.08
1106.98
1114.13
1117.94
25170.80
1135.83
1111.98
1106.02
1109.84
1086.95
1090.05
25139.09
1107.93
1091.96
1079.08
1080.04
1078.13
1070.98
1076.94
25176.05
1144.89
1120.09
1096.01
1094.82
1088.86
1078.84
25192.02
1094.10
1074.08
1080.04
1067.16
1071.93
1070.98
25113.11
1086.00
1062.15
1055.00
1062.15
1060.96
1057.86
1052.86
25137.90
1060.96
1051.90
1060.96
1060.96
1060.01
1056.91
25110.01
1080.04
1065.02
1055.96
1069.78
1056.91
1055.00
25085.93
1114.13
1067.88
1065.02
1065.97
1059.06
1060.01
1060.96
25170.80
1077.89
1069.07
1061.92
1069.07
1066.92
1062.87
25120.02
1102.92
1064.06
1060.96
1067.16
1059.06
1060.01
1057.86
25169.85
1070.02
1066.92
1070.98
1055.96
1057.86
1061.92
25118.11
1090.05
1064.06
1059.06
1060.01
1051.90
1050.95
1051.19
25152.92
1058.82
1050.95
1064.06
1050.00
1044.99
1043.08
25117.16
1070.02
1053.09
1044.03
1060.01
1047.85
1045.94
1049.04
25158.17
1058.10
1046.90
1051.90
1055.00
1045.94
1058.10
25115.01
1091.96
1068.83
1063.82
1078.84
1063.11
1075.98
25111.91
1120.81
1072.88
1074.79
1080.99
1075.98
1070.98
1068.12
25181.06
1082.90
1068.83
1080.99
1079.08
1075.98
1073.84
25135.99
1102.21
1080.04
1079.08
1076.94
1072.88
1074.79
25110.01
1130.10
1079.08
1069.07
1080.04
1073.12
1068.12
1063.11
25192.98
1080.99
1068.83
1074.08
1075.03
1068.12
1066.92
25141.95
1098.16
1069.07
1065.97
1082.90
1069.78
1072.88
1070.02
25216.10
1120.09
1106.02
1086.00
1078.13
1074.08
1079.08
25208.00
1125.81
1117.94
1115.08
1093.86
1095.06
1099.11
25228.02
1127.96
1126.05
1126.05
1137.97
1152.04
1148.94
21206.86
1069.07
1055.00
13099.91
1152.99
1101.02
1097.92
13168.10
1074.08
1047.13
1050.00
13199.09
1095.06
1088.86
13165.24
1091.00
1053.09
1050.95
1064.06
1053.81
1046.90
1043.08
25159.12
1061.92
1045.94
1060.01
1046.90
1048.80
1042.84
25107.86
1077.89
1055.00
1060.96
1069.07
1062.15
1051.90
1061.92
25175.09
1072.17
1067.88
1077.18
1061.92
1060.96
1068.12
25128.13
1096.01
1072.88
1065.97
1070.02
1064.06
1074.08
25129.08
1103.88
1076.94
1074.08
1079.08
1076.94
1073.84
1070.98
25179.15
1079.08
1077.89
1082.90
1076.94
1079.08
1070.02
25138.14
1101.02
1080.99
1071.93
1080.99
1070.02
1081.94
25111.91
1122.95
1094.10
1075.03
1085.04
1076.94
1078.13
1075.03
25189.16
1090.05
1070.98
1081.94
1078.13
1070.98
1073.12
25139.09
1105.07
1077.18
1085.04
1088.14
1073.84
1080.04
25141.95
1111.98
1087.19
1075.03
1088.14
1080.99
1084.09
1070.02
25185.82
1089.10
1087.90
1083.85
1088.86
1105.79
1106.98
25218.01
1065.02
1053.09
1051.90
1090.05
1111.98
1113.18
29178.14
1176.12
1141.07
1141.07
1158.00
1137.97
1144.89
25196.08
1175.17
1142.98
1155.85
1145.84
1143.93
1144.17
25237.08
1158.95
1144.17
1152.04
1147.03
1147.03
1140.83
25244.95
1154.18
1139.88
1149.89
1147.99
1142.02
1142.02
25249.96
1148.94
1144.89
1150.13
1147.03
1151.08
1158.95
25246.86
1159.91
1148.94
1170.16
1149.89
1149.89
25208.00
1199.96
1152.99
1151.08
1165.15
1148.94
1154.90
25199.89
1177.07
1147.03
1142.02
1152.99
1141.07
1147.03
25192.98
1169.92
1149.18
1138.93
1150.85
1141.79
1143.93
25205.85
1171.83
1149.89
1146.08
1146.08
1137.02
1140.83
21229.98
1073.12
1050.95
1053.09
1073.12
1106.02
1112.94
25181.06
1142.98
1122.00
1121.04
1146.08
1138.21
1135.11
25192.98
1183.03
1142.98
1155.14
1161.10
1152.04
1147.99
25207.04
1179.93
1158.00
1158.95
1151.08
1155.14
1146.08
25253.06
1163.01
1152.04
1160.86
1165.87
1176.83
1178.98
25296.93
1189.23
1174.93
1187.09
1175.17
1178.98
25240.90
1221.18
1184.94
1176.83
1188.99
1176.12
1173.02
25244.00
1207.11
1183.03
1188.99
1178.03
1171.83
1172.78
25285.01
1188.04
1177.07
1186.13
1182.08
1178.03
25225.88
1219.03
1187.09
1173.02
1186.13
1178.03
1177.79
25233.98
1209.02
1179.93
1182.08
1178.98
1170.87
1171.11
25289.06
1192.09
1178.98
1188.04
1180.17
1179.93
25217.06
1249.07
1180.89
1180.89
1185.18
1179.93
1177.79
25242.09
1216.89
1179.93
1186.13
1178.03
1176.83
1180.89
25285.01
1188.04
1187.09
1185.89
1180.89
1182.08
25208.00
1241.92
1183.03
1178.03
1190.19
1179.93
1176.12
25242.09
1210.21
1182.08
1182.08
1175.88
1177.79
1176.83
25280.00
1193.05
1177.07
1187.09
1178.98
1177.79
1179.93
25282.14
1185.18
1178.03
1186.13
1176.12
1174.93
25238.99
1214.98
1183.99
1176.83
1183.99
1178.03
1172.07
25238.04
1107.93
1086.00
1078.84
1085.04
1073.12
1070.98
29124.98
1112.94
1079.80
1090.05
1101.02
1091.00
1098.16
25160.07
1147.03
1113.18
1119.85
1128.91
1120.09
1117.94
25146.01
1182.08
1127.00
1119.85
1131.06
1116.99
1117.94
1116.04
25208.00
1126.05
1122.00
1125.10
1122.00
1116.04
1117.94
25215.15
1128.91
1119.85
1125.81
1116.99
1115.08
1117.94
25228.98
1127.96
1122.95
1127.00
1122.00
1117.94
1116.99
25231.12
1130.10
1120.09
1122.95
1115.80
1119.85
1115.80
25225.88
1133.92
1118.18
1126.05
1122.95
1114.85
1118.18
25229.93
1122.95
1121.04
1124.14
1117.94
1117.94
1116.04
25228.98
1129.87
1120.81
1127.00
1116.99
1116.04
1116.04
25233.03
1131.06
1116.99
1123.91
1118.90
1118.18
1117.94
25231.12
1132.01
1117.94
1130.10
1120.09
1114.13
1116.04
25232.08
1132.01
1113.89
1122.00
1113.89
1118.90
1113.89
25213.00
1072.88
1058.82
1063.82
1114.85
1132.97
1135.11
25172.00
1099.11
1067.16
1059.06
1076.94
1088.86
1073.84
25148.87
1116.04
1059.06
1045.94
1039.98
1050.95
1048.09
1052.14
25166.99
1081.94
1062.15
1065.02
1059.06
1071.93
1075.98
25140.05
1120.09
1096.96
1092.91
1098.16
1119.14
1113.89
25181.06
1125.81
1097.92
1103.16
1111.98
1101.02
1105.07
1110.08
25199.89
1108.88
1101.02
1106.98
1087.19
1101.97
1089.10
25202.99
1107.93
1106.02
1107.93
1082.90
1080.99
1090.05
25197.98
1121.04
1097.92
1099.82
1078.84
1082.90
1083.14
25156.97
1132.97
1099.82
1098.16
1065.97
1076.22
1070.98
25132.18
1127.96
1088.86
1091.96
1088.14
1041.89
1049.04
1040.94
25172.95
1067.16
1051.90
1045.94
1068.12
1080.04
1090.05
25156.97
1075.98
1037.84
1041.89
1056.19
1074.08
1084.09
1070.02
25167.94
1058.82
1060.01
1045.94
1049.04
1050.95
1045.94
25130.99
1106.02
1070.02
1074.08
1069.07
1098.16
1100.06
25159.12
1127.96
1078.84
1079.80
1091.00
1094.10
1096.96
1096.01
25193.21
1096.01
1095.06
1078.13
1062.15
1071.93
1064.78
25183.92
1132.97
1121.04
1128.20
1127.00
1116.04
1116.04
25222.78
1132.01
1126.05
1121.04
1122.95
1121.04
1114.13
25207.04
1136.06
1119.14
1127.00
1135.11
1136.06
1135.11
25238.99
1153.95
1140.12
1147.99
1142.02
1138.93
1136.06
25247.10
1148.94
1137.97
1146.08
1137.97
1137.97
1141.07
25253.06
1146.08
1137.97
1148.94
1141.07
1135.83
1136.06
25251.87
1144.89
1133.92
1142.98
1137.97
1138.93
1132.01
25232.08
1147.03
1137.02
1150.85
1142.02
1138.93
25175.09
1197.10
1145.12
1132.97
1149.89
1141.07
1137.02
25199.17
1173.02
1142.98
1137.97
1146.08
1142.02
1140.12
25197.98
1178.03
1142.02
1136.06
1147.03
1137.97
1137.97
25195.12
1174.93
1143.93
1137.02
1151.08
1137.02
1138.93
25202.04
1177.79
1142.98
1137.97
1143.93
1139.88
1138.93
25200.13
1167.06
1137.02
1142.02
1135.83
1138.93
1136.06
25197.98
1168.97
1139.16
1142.02
1139.88
1134.87
1138.93
25237.80
1155.85
1138.93
1142.02
1143.93
1142.02
1138.93
25251.87
1150.85
1140.83
1143.22
1145.84
1140.83
1137.02
25250.91
1148.94
1137.02
1142.98
1142.02
1133.92
1137.97
25254.01
1147.99
1142.02
1147.03
1138.93
1138.21
1137.97
25231.12
1141.07
1136.06
1147.99
1139.16
1135.11
25172.95
1190.90
1140.12
1135.11
1152.04
1139.16
1132.97
25196.08
1175.88
1138.21
1134.87
1143.93
1141.79
1132.97
25194.17
1174.93
1143.93
1137.97
1143.93
1135.11
1137.02
25202.04
1176.83
1138.93
1139.16
1150.85
1137.02
1137.02
25207.04
1172.07
1135.83
1142.98
1150.13
1137.02
1135.11
25195.12
1163.01
1137.02
1133.92
1147.99
1139.88
1133.92
25202.04
1165.87
1140.12
1146.08
1141.07
1137.02
1132.97
25219.92
1158.00
1137.02
1142.02
1138.21
1134.87
1133.92
25243.04
1154.18
1141.07
1150.13
1139.88
1138.93
1136.06
25251.15
1150.13
1137.02
1142.02
1134.16
1137.97
1136.06
25251.87
1147.99
1138.93
1145.84
1133.92
1137.02
1132.01
25245.90
1145.84
1134.87
1142.98
1139.16
1134.87
1137.02
25228.02
1141.07
1137.97
1141.07
1137.97
1139.16
25172.00
1194.95
1138.93
1141.07
1144.89
1136.06
1136.06
25190.11
1173.97
1140.12
1140.12
1142.98
1139.88
1134.87
25192.98
1166.11
1138.93
1135.11
1145.12
1136.06
1141.07
25202.04
1170.87
1140.83
1137.02
1147.99
1139.16
1132.97
25202.04
1169.92
1139.16
1137.02
1147.03
1137.02
1136.06
25197.03
1172.07
1137.97
1131.06
1144.89
1139.88
1134.87
25196.79
1163.01
1136.06
1139.16
1135.83
1163.01
1153.95
25187.97
1124.14
1117.94
1119.85
1107.93
1111.98
1109.84
25175.09
1140.83
1122.00
1112.94
1119.85
1112.94
1120.09
25175.09
1149.18
1118.90
1112.94
1124.14
1116.04
1116.99
25182.96
1150.13
1120.09
1116.04
1122.00
1117.94
1114.13
25182.01
1161.10
1127.00
1119.85
1116.04
1106.98
1105.07
25173.90
1119.85
1074.79
1070.02
1067.88
1107.93
1113.18
1096.01
25216.10
1113.18
1104.12
1070.98
1077.18
1076.94
1068.12
25229.93
1134.87
1124.14
1102.92
1040.94
1055.96
1047.85
21116.02
1131.06
1096.96
1087.90
13208.87
1109.84
1107.93
13170.00
1078.84
1065.97
1064.06
13165.95
1095.06
1081.94
21134.85
1178.03
1133.92
1127.96
1138.93
1133.20
1132.01
25187.97
1173.97
1136.06
1128.91
1136.06
1128.91
1127.00
25190.11
1168.01
1132.97
1130.10
1137.97
1130.82
1132.01
25189.88
1177.07
1136.06
1131.06
1136.06
1130.10
1131.06
25192.98
1168.97
1137.02
1136.06
1137.97
1133.20
1132.97
25190.11
1172.07
1135.11
1127.96
1142.98
1135.11
1134.16
25197.98
1171.11
1135.11
1131.06
1140.12
1132.97
1132.01
25189.88
1166.82
1133.92
1130.10
1146.08
1133.92
1134.87
25194.88
1170.87
1137.97
1132.01
1138.93
1133.92
1134.16
25200.13
1163.96
1134.87
1129.15
1143.93
1132.01
1133.92
25199.89
1163.01
1137.02
1140.12
1132.01
1128.91
1130.10
25201.08
1155.14
1132.01
1140.12
1129.15
1128.91
1130.82
25187.02
1099.11
1070.02
1072.17
1044.99
1065.97
1059.06
25120.02
1129.15
1099.11
1087.90
1077.89
1050.95
1052.86
1044.99
29146.91
1080.04
1078.84
1081.94
1078.13
1080.04
1072.88
25135.04
1115.08
1086.00
1091.96
1105.07
1091.96
1097.92
25169.13
1153.95
1118.18
1117.94
1123.19
1116.99
1114.13
25172.00
1154.18
1119.14
1120.09
1127.00
1116.99
1114.85
25170.80
1158.00
1124.14
1118.90
1123.91
1114.85
1113.89
25150.06
1177.79
1119.85
1111.98
1122.00
1117.94
1112.94
1112.94
25216.10
1120.09
1115.08
1120.09
1119.14
1116.04
1111.03
25219.92
1122.00
1117.94
1122.95
1117.94
1113.18
1112.94
25221.82
1124.86
1117.94
1122.00
1108.88
1114.85
1112.94
25228.02
1122.95
1116.99
1122.95
1117.94
1116.04
1117.94
21231.17
1126.05
1113.18
1122.00
1115.80
1107.93
1109.12
25224.92
1127.00
1119.14
1122.00
1115.08
1117.94
1113.89
25227.79
1128.91
1118.18
1125.10
1117.94
1114.13
1113.18
25228.98
1132.01
1120.81
1127.00
1118.90
1116.99
1114.85
25225.88
1135.83
1120.09
1126.05
1118.18
1116.99
1113.18
25216.10
1135.11
1114.13
1122.00
1120.09
1118.18
1116.04
25197.98
1139.88
1119.85
1122.95
1117.94
1116.99
1116.99
25181.06
1149.18
1124.14
1124.86
1118.90
1114.85
1118.90
25183.20
1154.90
1122.95
1121.04
1126.77
1118.90
1114.13
25179.15
1147.03
1121.04
1114.13
1126.05
1116.04
1121.04
25178.19
1151.08
1122.00
1116.04
1127.00
1113.89
1132.01
25182.01
1148.94
1122.95
1116.99
1127.00
1114.13
1118.90
25182.01
1157.05
1119.14
1119.14
1130.10
1116.99
1122.00
25183.92
1156.09
1127.00
1118.90
1126.05
1118.18
1115.08
25183.92
1161.10
1124.86
1115.80
1126.05
1116.99
1116.99
25177.00
1160.86
1124.86
1112.94
1132.01
1117.94
1120.09
25170.09
1164.20
1118.90
1118.90
1129.15
1119.14
1118.90
25155.07
1177.07
1122.00
1116.04
1123.91
1116.99
1116.04
25128.13
1204.97
1121.04
1116.04
1126.05
1119.14
1116.99
1117.23
25223.02
1127.00
1114.85
1093.15
1064.06
1065.02
1071.21
25203.94
1127.00
1117.94
1104.12
1059.06
1061.20
1057.86
21111.01
1105.07
1092.20
1080.99
1099.11
1102.92
1087.90
25149.11
1125.81
1116.99
1116.99
1132.01
1117.94
1116.04
25177.00
1157.05
1120.09
1117.94
1127.96
1124.14
1115.08
25167.94
1154.90
1124.14
1117.94
1127.96
1119.14
1116.04
25157.93
1178.03
1126.05
1121.04
1129.15
1116.99
1115.80
25149.82
1184.94
1123.91
1121.04
1125.10
1120.09
1115.08
1118.18
25223.97
1125.10
1121.04
1124.14
1120.09
1117.94
1116.99
25228.02
1130.10
1120.09
1125.10
1116.99
1118.90
1118.90
25238.99
1128.91
1116.99
1127.00
1119.14
1113.89
1117.94
25240.18
1127.96
1117.23
1123.91
1116.99
1111.98
1116.04
25233.03
1121.04
1124.86
1120.81
1122.95
1120.09
1118.18
25232.08
1127.00
1116.04
1125.10
1122.00
1116.99
1110.08
25224.92
1124.86
1116.99
1126.05
1116.99
1121.04
1115.08
25220.87
1092.91
1069.07
1061.20
1070.98
1073.12
1081.94
25142.91
1093.15
1068.12
1061.92
1052.86
1063.82
1054.05
25097.85
1127.00
1053.09
1049.04
1045.94
1105.79
1111.03
1111.98
25196.79
1076.94
1060.01
1067.88
1097.20
1091.96
1097.20
25166.99
1096.01
1063.82
1060.96
1095.06
1069.07
1065.02
25115.97
1121.04
1075.98
1063.11
1066.92
1047.85
1055.00
1054.05
25178.91
1085.04
1091.00
1085.04
1057.15
1075.98
1087.90
25154.11
1119.14
1085.04
1089.10
1092.91
1116.99
1132.97
25187.02
1117.94
1092.91
1092.20
1087.90
1078.84
1071.93
1077.18
25220.87
1113.89
1101.97
1086.95
1060.96
1059.06
1058.10
25180.10
1100.06
1070.98
1064.06
1038.07
1059.06
1066.92
25146.96
1090.05
1055.96
1050.00
1051.90
1122.95
1118.18
25130.99
1152.99
1073.84
1056.91
1055.00
1064.06
1065.97
1062.15
25171.04
1070.02
1050.00
1050.00
1031.16
1071.93
1063.82
25134.80
1082.90
1046.90
1042.13
1034.98
1114.85
1115.80
1108.88
25194.88
1068.12
1058.10
1058.10
1096.01
1091.00
1092.91
25158.88
1094.82
1063.82
1060.01
1064.06
1058.10
1055.96
25089.98
1116.04
1088.86
1073.84
1091.00
1080.99
1086.00
1073.84
25182.96
1083.14
1085.04
1087.19
1072.88
1070.98
1079.08
25142.19
1097.92
1083.85
1083.85
1092.91
1093.86
1088.14
25148.15
1106.02
1103.16
1096.01
1098.16
1086.00
1092.20
1082.90
25197.98
1088.14
1096.01
1096.01
1100.06
1088.14
1086.00
25210.86
1102.92
1092.20
1098.87
1098.87
1087.19
1095.06
25160.07
1115.08
1098.16
1106.98
1114.13
1116.99
1103.88
25166.99
1129.87
1106.98
1113.18
1127.00
1113.18
1111.98
25174.14
1145.12
1114.13
1106.02
1125.10
1116.99
1111.03
25188.92
1149.89
1106.98
1115.08
1141.07
1135.11
