976.09
962.02
936.03
939.13
932.93
927.93
938.18
24967.91
985.86
926.02
921.01
920.06
957.01
967.98
961.07
972.99
25017.98
936.03
935.08
911.00
924.83
918.87
911.00
909.09
24955.03
949.86
908.85
908.85
908.14
900.03
897.17
899.08
899.08
25006.06
945.09
930.07
941.99
908.85
890.97
877.14
882.86
887.87
21029.00
948.91
922.92
921.96
927.93
896.93
900.98
888.82
892.88
895.98
889.06
888.11
886.92
24992.94
911.95
895.98
890.97
890.02
888.11
885.96
893.12
884.06
907.18
913.86
917.91
914.81
25019.88
912.90
901.22
895.98
893.12
931.98
930.07
934.12
937.94
918.87
931.98
936.03
987.05
25048.02
939.85
931.98
938.18
938.89
924.83
926.97
932.93
921.01
899.08
913.14
912.90
913.86
25034.90
960.11
963.93
959.87
877.86
880.00
882.15
886.92
893.12
894.78
900.03
891.92
897.88
24997.95
921.01
905.04
909.81
905.04
902.89
900.98
905.99
883.10
937.94
923.87
926.97
941.04
21017.79
916.00
915.05
920.06
905.04
885.01
885.01
885.01
24915.93
975.13
916.00
1500.84
971.08
840.90
904.08
904.08
24936.20
971.08
918.15
921.01
905.04
923.87
948.19
948.91
944.85
25022.98
903.13
881.91
875.00
875.95
885.01
878.10
890.02
872.14
24979.11
890.02
880.00
877.86
881.91
880.96
881.91
873.80
877.86
25008.92
923.16
910.04
905.04
897.17
869.99
876.90
878.10
882.15
25017.98
925.06
916.96
913.14
925.06
905.99
899.79
903.84
24950.03
955.10
930.07
929.12
931.98
926.97
943.18
921.01
921.01
936.99
901.94
897.88
892.88
24941.21
937.94
894.07
890.02
894.07
948.19
921.96
938.18
961.07
936.03
928.88
914.10
925.06
24971.01
952.96
930.07
914.10
921.01
911.00
911.00
910.04
909.09
874.04
907.90
906.23
911.00
24951.93
942.95
891.21
892.88
884.06
881.91
893.12
900.03
897.88
901.94
900.98
900.98
903.13
24922.85
957.01
922.92
905.99
895.98
905.99
898.84
891.92
894.78
891.92
883.10
880.96
875.00
874.04
25020.12
942.95
916.96
918.15
932.93
904.80
902.89
906.94
906.94
902.89
899.79
897.88
891.92
25008.92
919.10
918.87
953.91
919.82
897.88
900.98
901.94
24937.87
955.10
897.88
896.93
891.92
895.98
882.86
885.01
880.96
24926.19
936.03
898.12
888.11
884.06
895.98
893.83
903.84
893.83
24950.03
931.02
900.03
899.08
886.92
908.85
917.91
926.02
925.06
25027.04
937.22
914.10
921.01
926.02
921.96
916.00
919.10
24943.11
968.93
926.97
920.06
929.12
930.07
916.00
916.00
921.01
936.03
970.13
961.07
962.97
967.03
963.93
955.82
962.02
16985.18
926.02
884.06
902.89
886.20
891.92
887.16
880.00
880.00
889.06
956.06
957.97
963.21
969.89
954.15
958.92
963.93
16983.03
961.07
912.90
912.90
908.85
917.91
925.06
922.20
911.00
909.09
916.96
957.01
967.98
968.93
961.07
968.93
955.82
16983.03
973.94
934.12
922.92
928.88
926.97
925.06
926.02
920.06
908.85
897.88
906.94
911.95
916.96
917.91
920.06
912.90
916.00
17019.03
929.12
919.10
920.06
927.21
915.05
914.10
912.90
915.05
885.01
890.02
882.15
898.12
911.95
886.92
877.14
884.06
16920.09
974.18
925.06
920.06
910.04
923.87
907.18
902.89
895.98
907.90
904.08
906.94
905.99
24932.86
946.04
906.94
894.07
889.06
896.93
894.07
890.02
890.02
897.88
892.88
887.16
890.02
882.15
37013.05
935.08
931.02
927.93
940.08
926.02
934.84
930.07
24976.97
941.04
897.88
892.88
885.01
943.90
923.87
906.94
895.02
16988.99
912.90
890.02
892.88
16927.00
944.14
904.08
905.04
901.94
923.87
919.82
908.85
911.95
24996.04
921.01
905.99
910.04
904.80
915.05
907.90
900.03
905.04
893.12
885.01
880.96
880.00
24932.15
962.02
928.16
923.87
936.99
944.85
930.79
931.02
924.11
943.90
927.93
933.89
933.17
932.93
938.89
925.06
930.79
16957.04
982.05
936.03
931.02
941.04
930.07
935.08
926.97
928.88
920.77
923.87
926.97
910.04
921.01
904.08
905.04
908.85
16920.80
960.11
920.06
921.96
914.81
881.91
899.79
905.99
915.05
915.05
903.13
905.04
905.99
904.08
875.95
883.82
892.88
886.92
16988.99
949.86
919.82
931.98
933.89
930.07
926.97
928.88
934.84
918.87
920.77
922.92
908.85
25035.86
953.91
926.97
932.93
928.16
931.98
930.07
934.12
924.11
890.97
911.00
905.99
905.99
29031.99
924.83
914.10
917.20
917.91
912.90
914.10
914.10
32958.98
993.97
939.13
935.08
936.99
936.03
937.94
928.88
932.22
899.08
885.01
894.07
887.16
24936.91
943.90
892.88
892.88
890.02
890.97
888.11
885.96
888.82
877.86
897.88
906.23
905.04
32927.99
964.88
924.83
923.87
916.00
924.11
916.96
918.87
916.96
923.87
911.95
911.00
916.00
24948.12
967.03
926.02
924.11
917.91
927.93
920.06
916.00
916.00
922.92
916.00
916.00
917.20
24949.07
967.98
926.02
918.15
920.06
925.06
929.12
920.06
915.05
926.02
917.91
919.10
916.96
20953.89
953.91
893.83
895.98
899.08
878.10
885.96
882.86
890.02
16928.91
937.94
896.93
894.07
895.98
876.90
892.88
895.02
893.83
24999.86
909.81
895.02
890.97
892.88
885.01
880.00
890.97
881.20
24978.16
896.93
892.88
890.02
881.91
882.86
883.82
881.91
885.01
25021.79
938.89
927.93
931.02
905.99
888.11
896.93
898.84
24932.86
962.97
916.00
913.86
907.90
17019.99
941.04
944.14
937.94
931.98
944.14
939.13
936.99
25001.05
924.83
895.02
890.02
895.98
896.93
893.12
895.02
890.02
864.03
919.10
926.02
924.11
32978.06
972.99
930.07
921.01
917.91
910.04
910.04
899.79
900.98
896.93
891.92
887.16
890.97
24925.95
948.19
912.90
916.00
913.14
920.06
912.90
931.02
976.09
958.92
949.86
953.91
948.91
25022.98
1008.03
997.07
1003.03
1003.03
982.05
987.05
988.96
1013.99
1007.08
996.11
998.02
25077.10
995.87
975.13
962.02
953.91
948.19
952.01
957.97
950.81
952.96
956.06
892.16
24997.00
1022.82
973.94
974.18
972.03
949.14
947.95
955.82
952.01
963.93
950.81
953.91
950.10
25063.04
984.91
971.79
963.93
947.95
962.02
962.02
967.03
967.03
969.17
971.08
973.94
25016.07
1024.01
1002.07
1007.08
1015.90
1033.07
1019.95
1000.17
25093.08
988.01
978.95
974.18
983.95
964.16
972.99
977.99
25064.95
999.93
983.95
977.99
991.11
977.99
970.13
975.13
972.99
956.06
965.12
962.02
25007.01
1007.08
963.93
959.87
963.93
964.16
962.02
962.02
956.06
1026.87
1020.91
997.07
24970.05
972.99
974.89
964.88
960.83
969.89
955.82
957.97
952.01
964.88
959.87
967.98
973.94
25065.90
983.00
967.98
969.17
977.04
965.12
962.02
963.21
968.93
1004.93
1020.19
1035.93
25114.06
1004.93
985.15
984.91
988.96
976.09
974.18
976.09
977.99
976.09
987.05
983.95
25089.03
998.97
986.10
986.10
993.01
976.09
983.95
977.04
988.01
960.11
962.97
971.08
25039.91
1001.83
974.89
969.89
976.09
967.03
965.83
964.88
959.87
993.01
980.85
973.94
25003.19
1031.16
972.99
961.07
967.03
957.97
903.13
953.91
958.92
1021.15
1023.05
1026.15
25063.99
1031.88
981.81
983.95
983.00
979.90
970.13
977.04
977.99
972.99
977.99
964.88
950.81
25072.81
986.10
968.93
969.89
975.85
964.88
969.17
962.02
970.13
1015.19
998.97
987.05
21081.92
972.03
966.79
911.00
973.94
961.07
963.93
963.21
967.98
960.11
955.10
967.98
25020.84
1023.05
992.06
995.16
998.97
1007.80
998.97
1002.07
990.15
980.14
981.09
959.87
25014.88
1003.03
959.16
969.89
980.85
977.99
983.00
983.95
998.97
997.07
1005.17
993.01
25033.00
984.91
987.05
967.03
964.16
964.88
967.03
962.97
911.00
901.94
898.84
903.84
898.84
24992.94
917.91
899.08
900.03
903.13
888.11
889.06
888.11
885.01
894.07
885.01
887.87
883.82
24917.84
931.02
885.96
881.91
880.00
892.88
877.86
882.86
881.20
12924.91
947.00
904.08
895.02
903.13
905.04
904.08
921.01
912.90
915.77
911.00
910.04
904.08
24955.99
944.85
902.89
897.17
888.11
921.01
930.07
917.20
916.96
924.83
917.91
923.16
921.01
24972.20
958.92
921.96
905.04
906.94
926.97
925.06
925.06
923.87
934.12
934.12
923.16
922.92
24973.15
960.11
913.14
914.10
911.00
912.90
897.17
898.12
904.08
874.04
890.02
896.22
900.03
20940.07
974.18
921.96
916.00
914.81
920.06
904.08
905.04
906.94
916.00
910.04
906.94
900.98
24934.05
959.16
915.05
909.09
905.99
917.91
914.81
908.85
899.79
906.94
899.08
899.79
903.84
48933.03
944.14
895.02
895.98
883.82
894.07
887.87
885.01
894.07
24930.00
948.91
897.88
891.92
889.06
905.04
952.01
954.87
954.87
25041.82
963.93
940.80
934.84
941.99
929.12
929.83
928.88
24969.82
983.00
933.17
932.93
933.89
932.93
929.12
932.93
931.02
25030.85
942.95
933.17
931.98
916.00
922.92
916.96
926.02
920.06
919.10
914.10
919.10
917.91
25017.98
936.03
929.83
914.81
926.02
913.14
911.95
913.86
906.94
888.11
886.92
881.91
880.00
25009.87
947.00
932.93
932.93
919.10
892.16
897.88
892.88
901.94
895.98
892.88
888.82
886.92
24987.94
905.04
900.98
896.93
900.98
890.97
890.97
887.87
886.92
910.04
937.94
944.14
951.05
25033.95
928.88
907.18
910.04
911.00
959.87
947.00
953.91
962.97
952.01
950.10
952.01
952.01
1029.97
966.07
960.11
954.15
963.93
956.06
948.91
955.82
899.08
890.97
892.16
905.04
20946.03
959.87
929.83
917.91
911.00
906.94
921.01
914.10
914.10
20999.91
900.98
884.06
892.16
880.96
885.01
884.06
891.92
884.06
25025.84
926.97
921.01
911.00
929.12
885.01
881.91
885.96
24911.17
980.14
932.93
927.21
932.93
929.83
926.02
921.96
919.82
25007.01
921.96
906.94
916.00
911.00
904.08
900.98
895.98
892.88
25010.82
910.04
906.94
911.95
904.08
874.04
889.06
883.82
24913.79
947.00
905.04
892.88
889.78
897.88
890.02
890.02
890.97
28920.89
933.89
890.02
883.10
881.91
891.92
881.20
882.86
884.06
880.00
928.16
931.98
938.89
24966.00
969.89
917.91
908.14
904.08
905.99
945.09
955.10
957.01
959.87
953.91
951.05
945.09
24990.08
1001.83
954.87
955.82
958.92
955.10
958.92
951.77
952.96
869.99
885.01
890.97
884.06
25002.00
967.98
951.05
951.05
922.92
885.01
889.06
890.02
890.02
898.84
884.06
884.06
885.96
24937.15
931.02
897.88
893.12
894.07
900.98
890.02
889.06
889.06
880.96
911.00
921.01
911.00
24960.04
951.05
911.00
900.98
900.03
892.16
921.01
915.05
912.19
13011.93
912.90
900.03
893.83
906.94
902.18
900.98
900.98
898.12
906.94
872.85
878.81
880.00
28913.02
965.12
921.01
924.83
915.05
931.02
920.06
916.96
916.96
25032.04
934.84
937.94
923.16
916.00
932.22
940.08
931.98
24969.10
962.02
920.06
917.91
916.00
915.05
909.09
897.17
909.09
25002.00
936.03
921.96
923.16
16953.95
946.04
907.90
890.97
895.98
900.03
890.02
891.21
888.11
24991.04
921.01
902.18
894.07
901.94
891.92
895.98
891.92
890.02
25012.97
946.04
929.83
931.98
925.06
905.04
903.13
897.88
32934.90
946.04
895.98
894.78
885.96
898.12
881.91
895.98
890.02
887.16
936.03
946.04
931.98
24945.97
967.98
898.84
888.82
885.01
884.06
911.95
915.05
913.86
916.00
915.05
903.13
913.14
902.89
25017.02
928.16
914.10
917.91
922.92
911.00
911.95
908.14
915.05
926.02
916.96
914.10
910.04
25007.96
941.04
912.90
911.95
910.04
917.20
910.04
915.05
923.16
914.10
917.91
912.90
914.81
21002.05
911.95
890.02
885.01
893.12
881.91
892.88
895.02
896.93
886.20
887.87
884.06
880.00
24983.17
898.12
886.92
879.05
883.82
890.02
886.92
876.90
880.00
900.03
913.14
900.98
897.17
28942.11
932.93
900.98
890.97
889.06
861.88
880.96
889.06
894.07
16932.96
943.90
905.04
900.98
898.12
890.02
894.07
890.97
890.02
24990.08
915.05
901.94
895.02
895.98
891.92
893.12
892.16
891.92
25003.91
922.92
910.04
902.18
911.95
899.08
903.13
899.08
24929.05
988.96
941.04
930.79
930.07
923.87
928.88
931.98
929.12
25027.04
944.14
930.07
931.02
931.98
926.97
926.97
930.07
24959.09
980.14
935.08
932.93
927.93
933.17
931.02
925.06
926.97
29022.93
905.04
895.02
888.11
885.96
895.02
894.07
886.92
886.20
892.88
885.96
887.16
886.92
24925.95
938.89
897.88
893.12
898.12
909.09
895.02
899.08
900.98
896.93
882.15
875.00
882.15
885.01
25010.82
942.95
926.97
921.96
914.10
885.01
885.96
885.01
885.96
886.92
888.11
887.16
890.97
24998.90
926.97
919.10
916.96
926.97
921.01
907.18
912.90
24941.92
952.96
921.96
916.00
909.09
926.02
912.19
907.90
916.00
25002.96
932.93
909.09
909.09
910.04
916.00
916.00
915.05
919.10
24985.07
905.04
890.97
885.01
895.98
887.87
893.12
892.16
24918.08
937.94
897.88
894.78
889.06
898.84
889.06
892.88
894.07
24927.14
961.07
921.96
905.99
910.04
876.19
881.91
884.06
881.91
890.02
883.10
884.06
874.04
873.09
24983.88
899.08
895.98
877.14
892.16
884.06
885.01
879.05
882.86
886.92
900.03
901.94
900.03
24996.04
912.90
900.03
893.83
885.01
917.91
927.93
927.21
917.91
931.02
924.11
921.01
920.06
25008.20
938.89
921.96
927.93
927.93
923.16
915.05
914.10
916.00
902.89
907.18
897.88
891.21
25000.10
910.04
895.98
881.20
885.01
892.16
885.96
888.11
890.97
17025.95
927.93
921.01
917.91
922.20
909.09
912.90
911.00
24954.08
951.05
905.99
895.98
894.07
902.18
921.01
919.10
908.14
24961.95
931.02
904.08
893.12
899.08
895.02
891.92
895.02
894.07
25001.05
905.04
899.08
896.93
905.04
895.02
889.78
890.97
895.98
25002.00
913.14
906.94
897.17
898.12
901.94
895.02
906.94
24941.92
976.09
930.79
920.06
917.91
923.87
919.82
917.91
917.91
25007.96
931.98
921.01
920.06
922.92
913.14
911.00
910.04
916.96
25007.01
947.95
923.87
922.92
905.99
895.98
900.98
907.90
24960.99
982.05
941.99
932.93
928.16
926.02
930.07
926.97
920.06
941.04
926.02
932.93
931.02
21025.18
923.87
906.94
900.98
8942.84
933.89
892.16
893.12
882.86
8986.00
911.00
895.02
905.99
24997.95
933.89
920.06
907.90
909.81
896.93
913.14
913.14
906.94
913.86
908.85
905.04
907.90
24989.13
921.01
906.94
901.94
901.94
910.04
905.99
905.99
907.18
894.07
884.06
889.06
894.07
24943.11
990.15
953.91
947.95
931.98
880.96
886.20
880.00
883.10
889.06
879.05
883.10
883.10
24911.88
937.94
898.84
888.82
885.01
893.12
885.01
880.96
885.01
898.12
919.10
905.04
901.94
905.99
912.90
911.00
905.04
900.03
905.04
922.92
918.15
931.02
24963.14
964.16
908.14
905.04
900.98
914.10
893.12
895.98
890.02
24928.09
938.89
898.84
892.88
892.88
890.97
890.02
881.91
890.02
24977.92
945.09
925.06
919.10
899.08
896.93
881.91
883.82
883.82
25011.06
958.92
936.03
929.12
942.95
927.93
933.17
933.89
24969.82
981.09
940.08
936.03
938.18
940.08
927.93
937.94
931.02
25026.80
957.97
933.17
932.93
25031.81
945.09
933.89
932.93
937.22
931.02
926.02
926.97
24980.07
997.07
946.04
940.80
925.06
937.94
933.17
942.95
932.93
25026.08
942.95
931.02
921.96
922.92
916.00
912.90
922.92
24950.98
962.97
921.01
917.91
925.06
919.82
914.81
916.00
910.04
25025.13
956.06
935.08
943.18
915.05
924.11
930.07
924.11
24969.10
985.15
948.91
934.84
942.95
931.02
933.89
936.03
931.98
25037.05
948.91
932.93
925.06
931.02
911.95
920.06
906.94
24948.12
952.01
909.81
900.03
905.99
901.22
892.88
892.88
893.83
25003.91
916.96
915.05
905.99
893.83
885.96
875.00
880.00
881.91
892.88
881.20
875.95
880.00
22536.99
959.16
918.15
916.96
917.20
912.90
915.05
8960.96
976.80
938.89
934.12
8965.02
963.93
926.02
918.87
922.20
8996.96
913.86
900.98
895.98
9015.08
972.03
952.01
955.10
13014.08
922.20
904.08
896.93
895.98
895.02
898.12
884.06
887.87
25026.08
941.99
916.96
921.01
927.93
916.00
918.87
916.00
24949.07
965.12
930.07
920.06
920.06
927.93
940.08
936.03
933.89
25037.05
921.01
915.05
913.14
926.02
920.06
914.10
915.05
24949.07
963.93
921.96
916.00
920.06
923.16
915.05
916.00
916.96
25019.17
956.06
942.95
926.02
16971.11
967.98
927.93
921.01
928.16
922.92
916.96
921.96
916.96
25027.99
933.89
919.10
919.10
925.06
915.05
916.96
914.10
24944.07
951.05
911.00
895.98
902.18
902.89
895.02
886.92
886.92
875.00
910.04
897.88
900.98
893.12
24999.14
909.09
902.89
900.03
910.04
890.97
890.97
895.02
898.12
898.12
890.97
893.83
891.92
24987.94
911.95
896.93
889.06
895.02
893.83
891.92
893.12
895.98
886.92
905.99
912.90
915.05
25012.97
910.04
890.97
880.00
878.10
939.13
934.12
939.13
933.89
943.18
936.03
935.08
936.99
25028.94
949.14
942.95
931.02
940.08
931.98
935.08
938.89
926.97
907.90
916.00
912.90
907.18
25038.96
931.02
918.87
921.01
899.08
890.02
897.17
893.12
901.94
894.07
891.92
897.17
895.02
24990.08
898.12
887.16
890.02
893.12
884.06
880.00
885.01
880.00
25017.98
947.00
938.89
931.98
925.06
893.12
891.92
890.02
24932.15
961.07
913.14
905.04
905.99
911.00
905.04
904.08
907.18
24993.90
922.92
901.94
904.08
912.19
899.08
900.03
906.94
901.94
25011.06
925.06
915.05
911.95
905.99
896.93
894.07
895.98
16926.05
963.93
908.14
905.99
900.98
905.99
890.97
891.92
890.02
24937.87
931.98
895.98
888.11
884.06
886.92
885.01
881.91
885.01
24939.06
918.15
895.98
892.16
905.04
892.16
900.03
894.07
904.08
25018.93
934.12
909.09
911.00
898.12
917.20
912.90
923.87
24945.02
973.94
926.02
925.06
926.97
924.83
906.94
914.10
907.18
24956.94
942.95
910.04
904.08
905.99
905.04
905.99
899.08
905.04
25023.94
948.19
940.08
927.93
929.83
882.86
892.16
888.11
24917.13
981.09
947.95
926.97
930.07
945.09
921.01
935.08
932.93
25021.08
955.10
933.17
931.02
940.08
929.12
929.12
931.02
24978.16
965.12
916.00
909.09
906.94
923.87
939.85
933.89
941.99
25034.90
932.93
916.00
920.06
927.93
921.01
922.92
916.00
24952.17
979.19
932.93
923.87
918.87
933.17
914.10
911.95
915.05
24996.04
927.93
917.20
909.09
908.85
910.04
900.98
905.04
905.99
25022.98
941.04
934.12
919.10
927.93
891.92
895.98
890.97
36926.98
981.81
916.96
921.01
906.94
934.12
927.93
926.02
913.14
24997.95
914.81
892.88
890.02
891.92
883.10
889.06
891.92
888.11
24981.02
907.90
889.06
893.12
894.07
888.11
887.16
886.92
884.06
24993.90
905.99
897.88
892.88
880.00
910.04
912.90
912.90
24949.07
947.95
900.03
890.97
899.08
896.93
895.98
893.12
901.94
890.02
915.05
920.06
923.16
32952.07
998.02
947.95
941.04
941.04
881.20
905.04
907.90
900.98
910.04
899.08
898.12
899.08
24925.95
956.06
911.95
905.99
900.03
907.18
896.93
905.99
900.98
888.82
881.91
883.10
885.96
889.06
25023.94
937.94
926.97
932.93
920.06
887.16
894.07
895.02
895.02
900.98
897.88
891.92
900.03
24991.99
908.14
899.08
889.06
899.08
904.08
895.98
897.88
899.79
902.89
885.96
890.97
893.83
24947.88
956.77
921.96
913.14
907.90
898.84
897.88
900.98
899.08
904.08
896.93
892.88
897.88
20960.09
952.96
907.90
914.81
908.85
936.03
926.02
933.17
933.89
933.89
936.03
925.06
930.07
32994.03
951.05
915.05
913.86
911.00
921.01
928.16
938.89
935.08
25021.08
951.05
926.97
922.92
935.08
919.10
924.11
924.11
24962.19
961.07
923.16
925.06
925.06
921.96
916.00
916.96
919.10
25010.11
921.01
916.00
905.04
902.18
916.00
923.16
912.90
24950.98
991.11
938.18
926.97
936.99
936.03
932.93
937.94
929.12
21029.00
911.95
905.04
888.82
878.81
879.05
878.10
878.10
874.04
25023.94
931.98
923.16
908.14
917.91
882.86
878.81
880.96
890.02
878.81
880.00
875.95
884.06
24981.98
900.98
895.98
888.11
900.98
895.98
895.98
904.08
902.18
902.89
916.96
917.91
916.96
25015.12
947.00
931.98
926.97
929.83
899.08
920.06
907.90
906.94
920.06
909.81
908.85
906.94
25001.05
925.06
911.00
910.04
906.94
910.04
905.04
910.04
908.14
936.03
924.11
931.98
924.83
25013.92
920.06
894.78
889.06
879.05
936.03
931.02
936.03
932.93
940.08
934.12
936.99
932.93
45008.90
932.93
917.91
916.00
916.96
911.00
919.10
908.14
24955.03
1003.03
947.00
936.03
937.94
872.85
900.03
901.94
905.99
20980.12
904.08
890.97
892.88
897.88
893.83
886.92
890.02
882.86
24977.92
918.15
913.14
900.03
898.12
870.94
888.11
883.10
890.02
21029.95
926.02
918.87
917.91
921.01
911.00
911.95
914.81
902.89
867.84
890.02
887.87
886.92
25021.79
933.89
921.96
929.12
927.93
882.86
875.95
885.01
886.92
883.10
880.00
873.80
880.96
24974.82
908.85
887.87
880.96
890.02
876.90
890.02
885.01
885.01
870.94
909.81
916.96
910.04
24957.18
945.09
895.98
890.97
888.11
873.09
911.95
916.00
912.90
920.77
916.00
916.00
913.14
24940.01
982.05
935.08
921.96
916.96
926.02
913.14
920.06
910.04
920.06
932.22
940.08
927.93
24966.96
973.22
921.96
920.06
911.95
910.04
895.02
882.86
890.02
895.98
886.20
886.92
885.01
885.01
24961.95
896.93
880.00
890.02
889.06
885.01
880.96
884.06
881.91
880.96
882.15
880.96
882.86
44997.93
909.09
890.97
890.97
893.12
892.16
892.88
891.92
890.02
24989.13
909.09
899.08
890.97
895.98
884.06
887.16
890.02
889.06
24985.07
901.94
889.06
883.10
885.01
887.87
890.02
890.02
24924.04
967.03
916.96
906.94
907.18
917.91
907.90
901.94
911.00
24943.11
982.05
934.12
924.11
926.97
921.01
922.92
922.92
926.02
24991.99
905.04
884.06
880.00
882.86
944.85
941.04
939.85
32970.91
947.95
904.08
903.13
895.98
905.04
900.98
892.88
897.17
901.94
939.85
934.84
934.84
24971.96
950.81
908.85
896.93
896.93
911.95
931.02
921.96
936.99
929.83
926.97
926.02
924.83
24957.90
973.94
930.07
931.98
927.93
936.99
931.02
926.02
927.93
902.18
914.10
916.00
913.14
24967.91
967.98
926.02
913.86
900.03
909.09
916.96
921.01
930.07
940.08
923.87
925.06
923.87
24977.92
965.83
928.88
928.88
934.12
926.97
931.02
922.92
923.87
9002.92
925.06
908.85
892.88
904.80
900.98
893.12
894.07
24930.00
951.05
897.88
888.11
893.12
902.18
885.01
883.10
882.15
24930.00
943.90
898.12
895.02
885.96
916.00
920.06
923.16
916.00
25026.80
933.89
914.81
916.00
921.01
923.87
921.01
914.81
24940.97
972.99
934.84
926.02
927.93
936.99
921.01
927.93
921.96
25027.04
940.08
916.96
917.91
916.00
911.00
910.04
905.04
901.22
905.99
904.08
900.98
892.88
24957.90
920.06
897.88
891.21
892.88
890.02
884.06
880.96
878.81
895.98
910.04
902.89
910.04
20939.83
992.06
947.95
927.93
944.14
935.08
931.98
935.08
932.93
923.16
905.04
911.00
905.04
24952.89
967.03
930.07
927.93
927.93
914.10
916.96
913.86
908.85
921.96
914.10
914.10
907.18
24962.90
952.96
910.04
916.96
921.96
908.85
913.86
904.80
905.99
880.96
885.01
894.07
898.12
24933.10
940.08
904.08
895.02
890.02
897.88
901.94
891.92
892.16
916.96
939.13
941.04
945.81
20978.93
948.91
911.00
897.88
896.93
900.03
898.12
894.07
892.16
24955.03
935.08
891.21
892.88
893.83
920.06
921.96
919.10
920.06
25029.90
929.12
916.00
908.85
932.93
916.00
907.90
916.96
24949.07
963.93
931.98
916.00
907.90
924.83
910.04
913.86
908.85
25017.98
923.16
901.94
900.03
890.97
926.02
913.86
922.92
931.98
25003.91
902.89
896.93
888.11
890.02
886.92
880.96
882.86
24914.98
939.13
897.17
891.92
885.01
899.08
880.96
883.82
880.96
28929.00
951.05
900.03
888.11
894.07
915.05
909.09
916.00
916.96
919.82
907.90
904.80
897.88
25025.84
967.03
920.06
921.01
909.09
4981.04
928.88
926.02
923.87
9039.88
954.87
936.03
941.99
9024.14
936.03
931.02
928.16
8967.16
936.99
890.97
886.92
888.82
9029.87
944.85
942.95
935.08
949.14
940.08
936.99
937.94
25036.10
972.03
932.93
940.08
933.17
933.89
925.06
926.97
24975.06
1001.83
949.86
936.99
936.03
935.08
940.08
939.13
931.98
25039.91
949.14
935.08
941.99
941.99
936.99
938.18
937.94
24992.94
979.90
936.03
940.80
929.83
937.94
932.93
937.94
931.02
28985.02
910.04
900.03
890.97
899.08
892.88
892.16
893.12
883.10
894.07
891.92
890.97
892.16
24997.00
921.01
911.00
906.94
902.89
894.07
890.97
888.82
889.06
899.08
895.98
885.01
890.02
24941.92
939.85
911.95
904.08
904.08
905.04
907.18
905.04
915.05
896.22
915.05
911.95
918.87
24966.00
959.16
915.05
898.12
911.00
923.16
931.98
933.89
932.22
936.99
930.07
926.97
931.98
24999.86
961.07
932.93
931.02
941.04
930.07
932.93
931.02
935.08
931.98
931.02
941.04
936.99
33036.95
926.02
906.94
905.99
900.03
906.94
914.81
916.00
911.95
916.96
910.04
906.94
905.04
29025.08
928.16
918.15
912.90
922.92
912.19
909.09
916.96
16938.92
944.85
896.93
902.89
895.98
898.12
888.11
885.01
895.02
24936.91
974.89
923.87
914.10
914.10
884.06
887.16
885.96
885.96
24997.00
952.96
943.90
941.99
945.81
941.99
940.08
941.04
24978.16
1000.17
953.91
943.90
949.86
943.18
939.85
943.90
939.85
25028.94
936.99
931.98
917.91
933.89
938.89
936.99
932.93
24971.96
949.14
901.94
895.02
890.97
884.77
890.02
889.06
890.97
28986.93
954.87
941.99
941.99
946.04
942.95
935.08
941.04
939.13
893.12
895.02
898.12
891.92
25007.01
920.06
906.94
899.08
900.98
898.84
892.88
892.88
889.78
929.83
943.90
941.99
938.89
21012.07
