1032.11
1001.12
1008.03
1016.14
998.97
997.78
990.87
25107.86
1021.86
991.82
988.01
986.10
1002.07
1513.96
25030.85
1038.07
994.92
980.85
1016.86
988.96
984.91
983.00
29030.08
1029.01
986.81
983.00
979.90
974.89
1021.86
974.18
25032.04
1027.11
988.01
976.09
981.09
1010.18
998.02
1009.94
29083.01
1032.11
1000.17
999.93
1011.85
998.97
1002.07
1017.09
25113.11
1018.05
1001.83
988.01
993.01
1019.00
1009.94
998.02
25133.85
1017.81
995.87
995.87
1003.98
1003.03
1007.08
1001.83
25107.86
1015.90
1011.13
1013.04
999.21
1008.99
1008.03
21049.02
1062.87
1010.89
1002.79
1018.05
1006.13
999.93
1004.93
983.00
1022.10
1034.02
1100.06
25062.80
1023.05
987.05
987.05
988.96
1013.99
1014.95
1034.02
1026.87
1046.90
1021.15
1023.05
29121.16
1032.11
1010.89
1009.94
1019.95
1019.95
1002.07
1006.13
25122.17
1022.10
1023.05
1008.03
1013.04
998.97
998.97
25043.01
1055.96
1013.99
1004.93
1014.95
1008.99
998.97
1007.08
25063.04
1055.96
1023.05
1013.04
1011.85
1021.86
1031.16
1012.09
25130.03
1044.03
1024.01
1027.82
1004.93
1025.92
1008.03
1019.00
1019.95
1023.05
1022.10
1014.95
17150.16
1044.99
1041.89
9085.18
1059.06
1016.14
1007.08
1019.00
968.22
966.07
956.06
25012.97
1073.12
1022.10
1009.94
1013.99
1018.05
1010.89
1006.84
25096.89
1020.91
988.01
976.09
992.06
998.97
1005.89
1006.84
25110.01
993.97
983.95
972.03
977.99
967.98
972.03
971.08
25052.07
1003.98
974.18
967.98
969.89
958.92
966.07
966.07
964.88
1028.06
1034.02
1030.92
25110.01
1019.00
986.10
977.99
990.87
1039.03
1031.88
1036.88
1054.05
1041.89
1041.89
1041.89
25107.15
1017.09
999.21
995.87
989.91
1006.84
1096.96
33000.95
1033.07
973.94
967.98
976.09
965.12
956.06
955.10
957.97
25092.84
989.91
988.96
988.96
967.98
957.97
964.88
955.10
25079.97
988.01
984.91
967.98
966.07
990.15
964.88
974.89
21121.03
1041.89
1034.98
1029.97
1044.03
1039.03
1025.20
1043.08
983.00
991.11
988.01
25020.84
1105.07
1058.10
1055.96
1055.96
1014.95
1029.01
1023.05
1022.10
1022.10
1012.09
1016.14
29137.85
1030.92
999.93
999.93
972.03
968.93
977.04
979.90
25102.14
1011.13
1003.98
991.82
998.97
990.15
979.90
982.05
25086.88
1001.12
988.96
986.10
987.05
982.05
983.00
976.09
25092.12
1017.09
999.93
997.07
1003.98
978.95
970.84
972.03
25084.97
1019.00
1008.99
997.07
987.05
962.02
970.84
960.83
970.84
957.01
962.02
962.97
25060.89
993.01
980.85
974.89
981.81
989.91
974.89
980.14
1011.13
962.02
969.17
962.02
25043.96
1032.11
1004.93
1005.89
1013.04
1020.91
1009.23
1024.01
25117.16
1028.06
1012.09
1021.15
1039.03
1039.03
1005.17
1008.03
25107.15
1075.03
1000.17
993.97
1006.13
1005.89
1005.89
25046.83
1030.92
972.03
965.83
957.01
1019.95
1027.82
1015.19
1038.07
1027.11
1018.05
1018.05
25059.22
1076.94
917.91
975.85
978.95
971.08
971.08
987.05
981.81
992.06
993.01
993.01
25038.00
1065.02
1005.89
1003.98
999.93
992.06
992.06
1519.92
25128.84
1025.92
1005.89
1006.84
1009.94
1005.17
1002.07
25041.10
1049.04
990.15
988.01
977.04
967.03
963.93
957.97
949.86
25070.91
975.85
967.03
957.01
962.97
983.95
961.07
965.12
29091.12
1014.95
1003.03
998.97
1002.07
993.01
993.01
993.97
25111.91
1027.11
1019.95
1003.98
993.01
984.19
993.97
25026.08
1052.86
991.82
978.95
976.09
982.05
988.96
1001.83
25025.84
1025.92
967.03
963.93
965.83
957.97
958.92
954.87
951.05
25058.98
974.89
963.21
959.87
969.89
962.97
962.97
951.05
25082.83
994.92
977.04
957.01
964.88
984.91
983.00
997.07
21094.08
1007.08
978.95
977.04
1028.06
1024.96
1025.92
1022.10
1030.92
1019.95
1022.10
1024.01
25071.86
985.86
977.99
974.89
977.04
972.03
970.13
962.97
998.02
1015.90
1019.00
1018.05
29109.00
1017.09
1006.13
1016.14
1005.89
1007.08
1010.89
25037.05
1066.92
1018.05
1014.95
1016.14
1006.13
1012.09
1007.08
25050.88
1029.01
982.05
981.09
970.13
983.95
972.03
983.00
25011.06
1055.96
988.96
984.91
975.85
974.89
972.99
973.94
25011.06
1034.98
984.91
976.09
977.99
977.04
971.08
977.04
972.03
1012.09
1008.03
1023.05
25049.92
1065.02
1009.94
1016.86
999.93
1004.22
1002.07
1005.89
1000.88
990.87
995.87
993.97
25038.00
1049.04
999.93
1000.17
993.97
983.00
982.05
983.95
25036.81
1052.86
1005.89
1005.17
1000.88
978.95
973.94
981.09
25039.91
1040.94
999.21
1007.08
1017.09
1004.93
996.11
995.16
25089.98
1021.15
998.97
996.83
1006.84
1003.98
994.92
991.11
1001.12
1001.12
1003.98
1009.94
25125.03
1017.81
1006.84
999.93
1003.03
1001.83
989.20
987.05
1002.07
982.05
983.00
974.18
25111.91
1007.08
995.87
984.91
997.07
979.19
986.10
981.09
25105.00
1039.98
1019.00
1007.80
1016.86
998.97
993.01
25022.03
1111.98
1040.94
1023.05
1015.90
1001.12
998.02
998.97
25012.97
1044.99
996.83
988.96
989.20
991.11
976.09
975.85
33009.05
1058.10
1018.05
1003.98
1008.03
1002.07
996.11
993.01
17055.03
1060.96
1001.12
1003.98
1005.89
995.16
999.93
1001.83
25092.84
1021.86
1001.83
993.01
989.91
984.91
986.81
977.99
975.13
997.07
1007.08
998.97
25087.83
1005.89
984.91
980.14
987.05
1013.99
1020.91
1013.99
1025.92
1006.84
1019.00
1004.93
25104.05
1027.82
1003.98
995.16
999.93
998.02
999.93
988.96
1008.99
983.95
984.91
977.99
25129.08
1038.07
1034.02
1023.05
1025.92
1020.19
1024.96
1022.82
1029.01
1024.96
1022.82
25069.95
1081.94
1030.92
1024.01
1025.92
1029.01
1024.01
1019.00
25125.98
1051.19
1044.03
1025.92
1029.01
1035.93
1042.84
1046.90
21108.15
1024.96
1013.04
1004.93
1007.08
1007.08
999.21
999.93
1000.88
1005.89
999.93
25033.95
1050.00
1018.05
1009.23
1002.07
995.87
993.01
991.11
984.91
1043.08
1036.17
1033.07
25081.16
1043.08
1000.88
997.07
1006.84
1016.86
1024.96
1012.09
1026.15
1013.04
1013.04
1010.18
29134.04
1034.02
1014.95
1009.94
1016.86
1010.89
1011.85
1008.99
17121.08
1040.94
1020.91
1023.05
1019.00
996.11
1008.03
25033.00
1053.09
1011.13
1007.08
1002.07
999.93
992.06
990.87
25022.03
1044.03
977.99
972.03
972.03
976.09
975.13
973.94
981.81
980.85
973.94
972.99
25016.07
1034.02
984.19
977.99
990.15
975.13
968.93
983.00
988.96
1039.98
1052.14
1034.02
25083.07
1060.01
1013.99
1011.13
1002.07
1029.97
1030.92
1028.06
1024.01
1013.04
1014.95
1013.04
25131.94
1050.00
1039.03
1037.12
1014.95
983.95
983.00
988.96
25110.01
1043.08
1036.88
1036.17
1049.04
1039.03
1033.78
25076.87
1097.92
1045.94
1041.17
1043.08
1037.12
1034.02
1034.98
1016.14
1018.05
1029.97
1021.86
25142.91
1043.08
1034.98
1029.01
981.09
997.07
998.97
1005.89
1002.07
991.11
995.16
992.06
25089.03
1015.90
1002.07
998.97
1006.84
992.06
993.97
991.11
971.08
959.16
962.97
967.03
25118.83
1045.94
1025.92
1023.05
958.20
971.08
963.93
963.93
977.99
969.89
971.08
973.94
33113.96
1024.96
998.02
995.16
1003.03
985.15
984.91
985.86
25110.96
1027.11
1013.04
1032.11
1018.05
1008.99
1010.89
25048.02
1064.06
1029.01
1008.99
1019.95
1013.04
1010.89
1011.13
1001.12
967.03
966.07
978.95
25030.85
1073.84
1034.02
1017.09
1014.95
967.03
971.08
960.11
979.90
979.90
980.85
967.03
13020.04
1084.09
1061.20
1040.94
1030.92
1026.15
1028.06
1029.01
1023.05
1014.95
1013.04
1012.09
25118.11
1033.07
1015.90
1015.19
17077.92
990.15
977.04
975.13
1023.05
1017.09
1028.06
25041.82
1060.96
986.10
984.19
969.89
969.89
969.89
972.99
975.85
21093.85
1009.94
1006.84
1000.88
998.02
990.87
998.02
991.82
967.98
972.03
969.89
967.98
25121.93
1029.97
1024.96
1010.89
965.12
972.03
975.85
979.90
970.13
972.03
977.04
980.85
25079.01
997.07
983.95
980.85
988.01
977.99
987.05
988.01
1019.00
1019.00
1022.10
25038.96
1064.06
996.11
1001.12
1003.03
1005.89
990.87
995.87
25021.79
1051.90
1003.98
1003.98
1003.98
998.97
1003.98
999.93
25019.88
1060.01
1018.05
1003.98
1000.88
996.11
986.10
1002.07
25038.96
1067.88
1016.14
1017.09
1013.99
1014.95
1008.03
1003.03
1008.03
1003.03
999.93
1000.88
25096.89
1026.87
1003.98
1008.99
1010.18
998.97
1000.88
999.21
979.90
990.87
988.96
993.01
25115.97
1019.00
992.06
991.11
965.12
984.91
980.85
1002.07
1003.03
988.96
1003.98
998.02
29148.82
1044.99
1028.06
1030.21
1036.88
1024.01
1029.01
21065.00
1067.88
1005.89
999.93
997.07
996.11
991.11
981.09
25017.98
1034.98
996.11
981.09
983.00
986.10
980.14
977.04
971.08
983.00
1003.98
996.11
25031.09
1050.95
991.82
980.85
974.89
1003.98
998.97
1000.88
1003.98
983.00
988.01
993.01
25016.07
1053.09
994.21
983.00
993.01
984.91
979.19
979.90
974.89
1000.88
1006.84
1006.84
25061.85
1050.95
1006.13
993.97
979.90
1014.95
1005.17
1018.05
1029.97
1007.08
1012.09
1019.00
25053.02
1057.15
1018.05
1019.95
1023.05
1007.08
1010.89
1010.89
25107.86
1008.99
979.90
979.90
993.97
1004.93
998.02
1003.03
21125.08
1051.19
1045.94
1039.03
1043.08
1035.93
1035.93
17074.11
1065.02
1026.87
1012.80
1021.86
1019.00
1013.99
1019.00
1000.88
1021.15
1023.05
1024.01
25073.05
1035.93
1001.12
997.07
992.06
1028.06
1034.98
1039.03
1046.90
1038.07
1035.93
1034.98
25144.10
1069.07
1043.08
1039.98
1044.03
1037.84
1039.03
1027.11
1044.03
1044.03
1020.91
33074.14
1079.08
1059.06
1033.78
1044.99
1037.12
1031.88
1034.02
25136.95
1053.81
1042.84
1055.96
1039.98
1038.07
1043.08
25075.20
1083.14
1040.94
1026.87
1024.01
1036.88
1032.83
1020.91
1026.87
1030.92
1013.04
1028.06
25112.15
1042.13
1026.87
1003.98
1016.14
1011.13
998.02
1003.98
9084.94
999.93
993.01
985.86
9117.84
1036.88
1031.88
1031.88
977.04
977.04
977.04
21013.98
1107.93
1050.95
1040.94
1046.90
1039.98
1040.94
1035.93
1070.98
1050.00
1039.98
1034.98
33136.13
1045.94
1024.01
1024.01
1030.21
1028.06
1037.12
25062.08
1065.97
996.83
994.92
986.10
1032.11
1018.05
1011.13
1023.05
1026.15
1015.90
1019.00
25049.92
1061.92
1024.01
1001.12
1010.89
999.93
998.97
984.91
990.87
979.90
978.95
978.95
25053.02
1058.10
1034.02
1014.95
1011.85
967.98
967.03
977.99
977.99
979.19
972.99
979.19
25061.13
1010.89
993.97
977.99
1005.89
990.87
990.15
998.02
991.82
1013.04
1024.01
1012.09
25097.13
997.07
973.94
973.22
989.91
1006.13
998.02
988.01
25084.02
1000.88
978.95
977.04
983.00
977.99
977.99
981.09
21103.14
1042.13
1029.97
1025.20
1041.89
1016.86
1013.04
1013.99
986.10
974.18
971.08
963.93
25098.09
1010.18
994.92
997.07
959.87
976.09
983.95
972.03
990.87
981.81
990.87
984.91
25089.98
999.93
995.16
984.91
995.87
993.97
978.95
985.86
1030.92
1015.19
1024.01
1019.00
25110.01
1008.03
997.07
989.20
1040.94
1029.01
1006.84
25063.04
1065.97
1004.93
1002.07
989.91
1006.13
1008.99
1009.94
25033.95
1060.96
999.93
1001.12
1019.95
1011.85
993.97
998.02
25033.00
1044.03
1008.99
991.82
1009.94
996.11
993.01
991.11
996.11
1004.93
1015.90
1012.09
25117.16
1026.15
997.07
996.11
994.92
1025.92
1021.15
1024.96
1024.96
1024.01
1016.14
1019.00
13087.03
984.19
974.89
973.94
971.79
982.05
979.90
988.01
998.02
987.05
987.05
988.96
25087.12
1009.94
994.92
991.11
17119.17
1014.95
1006.84
998.02
970.84
967.98
981.09
976.09
25114.06
1027.11
1014.95
1020.91
999.21
998.02
997.07
21036.15
1068.12
1039.03
1019.00
1028.06
1017.09
1012.09
1015.90
1014.95
986.10
983.00
984.91
25033.00
1072.88
1042.84
1033.07
1017.09
1002.07
998.02
993.01
1003.03
998.02
991.11
992.06
25077.10
1024.01
998.97
1002.07
1002.07
998.97
991.82
988.01
986.10
1029.01
1025.20
1029.01
25117.16
1014.95
1001.83
994.92
1001.12
1013.04
1013.99
1014.95
1041.17
1028.06
1008.99
1019.95
33096.08
1024.01
1001.83
1016.14
1010.18
1013.04
1008.99
25036.81
1050.95
1019.00
1013.99
1008.03
1012.80
992.06
1003.98
986.10
1012.09
1003.98
1006.84
25055.89
1040.22
990.87
989.91
979.90
1000.17
991.11
992.06
998.02
990.15
987.05
992.06
21037.10
1024.01
978.95
969.17
952.96
968.93
966.07
964.16
978.95
972.99
965.12
972.03
25002.00
1039.03
991.11
1003.98
991.11
996.11
997.07
988.01
997.07
1026.15
1025.92
1006.84
49053.91
1102.92
1052.14
1052.14
1030.92
985.15
981.09
972.99
29026.99
1015.90
978.95
976.09
978.95
968.93
965.12
962.97
25020.84
1078.13
1010.89
1015.90
997.07
972.03
977.99
972.03
25019.17
1032.11
998.02
987.05
994.21
981.09
991.11
979.90
25025.13
1027.11
978.95
981.09
988.01
978.95
977.04
978.95
21013.98
1085.04
1039.98
1022.82
1041.89
1017.81
1031.88
1019.00
1010.89
1000.88
1008.99
1013.99
25128.13
1024.01
1003.03
1003.98
1018.05
1025.92
1021.15
1016.86
1028.06
1014.95
1013.99
1008.99
29108.05
1040.94
1003.98
996.83
1021.86
1024.01
1023.05
25069.00
1039.03
987.05
977.04
986.81
985.86
974.89
972.99
25007.96
1036.88
986.10
974.18
977.99
987.05
983.00
968.93
25018.93
1053.09
994.21
988.01
971.08
993.97
998.02
998.97
25034.90
1046.90
997.07
989.91
1001.12
986.10
988.01
996.83
988.01
1034.98
1032.11
1036.17
21074.06
1016.14
976.09
967.03
977.99
978.95
977.04
979.19
966.07
1019.95
1004.93
1008.99
25052.07
1019.95
969.89
967.98
950.10
992.06
988.01
984.91
25033.95
1047.13
995.87
990.87
983.95
967.98
970.84
970.84
25007.96
1026.15
977.99
972.03
975.13
970.84
969.89
983.00
25005.10
1079.08
1025.20
1024.01
1015.90
965.83
975.85
975.85
25017.02
1091.96
1024.96
1022.10
1003.98
1002.79
1013.99
1006.13
1008.03
1003.98
989.91
988.01
25030.14
1039.03
995.16
994.92
998.02
1004.93
988.96
985.15
1020.91
1024.96
1020.19
1018.05
25110.96
997.07
971.08
970.84
983.00
964.88
974.89
970.84
25086.88
994.92
985.86
976.80
992.06
978.95
980.85
975.13
25078.06
1023.05
998.02
989.91
963.93
987.05
992.06
990.87
25111.91
1008.99
998.02
993.97
996.83
1028.06
1022.10
1017.09
1029.01
1023.05
1014.95
1018.05
25130.99
1035.21
1020.91
1026.87
1017.81
1015.90
1017.81
1018.05
1022.10
1013.99
1013.04
25058.03
1086.00
1032.11
1019.95
1033.78
1021.86
1023.05
1020.91
25120.97
1046.90
1030.21
1023.05
1029.97
1021.86
1021.15
1021.15
25124.07
1034.98
1019.95
1028.06
1021.15
1018.05
1018.05
25053.98
1045.94
1005.17
998.02
990.15
1003.03
995.16
998.97
41026.83
1054.05
1022.10
1003.98
1008.99
994.92
1003.03
1005.89
25049.92
1066.92
1044.03
1029.01
1039.98
1055.00
1037.84
1040.94
25099.99
1020.91
1011.85
1010.89
1010.18
993.97
989.20
995.87
1016.86
1013.99
1007.08
1014.95
25103.81
1005.89
989.91
997.07
989.20
996.11
990.87
994.92
988.01
995.87
984.91
989.20
25084.97
992.77
988.96
987.05
987.05
990.15
982.05
976.09
967.03
984.19
982.05
977.04
29140.00
1040.94
1029.01
1008.03
1004.93
1029.01
1018.05
17049.07
1083.14
1033.07
1019.00
1014.95
975.13
973.94
978.95
25038.00
1097.92
1046.90
1048.09
1056.19
1029.01
1031.16
1028.06
983.00
1013.99
1010.89
1001.83
25133.85
1026.87
1002.07
1003.03
976.09
972.03
976.09
975.13
992.06
975.13
978.95
977.04
25094.99
1004.93
987.77
989.91
994.21
986.10
987.05
988.96
979.19
982.05
983.95
980.85
25079.97
999.93
983.95
982.05
980.14
973.94
973.94
981.81
988.96
982.05
979.90
990.15
25106.91
1023.05
1005.89
1002.07
1021.86
1011.85
1011.85
1000.88
25125.03
1036.88
1025.92
1019.95
1011.13
1011.85
1008.99
21046.16
1080.04
1001.12
1008.99
991.82
1029.97
1028.06
1033.07
1038.07
1038.07
1041.17
1030.92
25120.02
1007.08
987.05
987.05
998.02
1054.05
1037.84
1029.97
1038.07
1026.15
1026.15
1029.01
25130.03
1052.14
1032.11
1034.98
1033.07
1026.87
1027.82
1022.82
978.95
990.15
1001.12
25048.02
1080.99
1040.94
1033.07
1020.91
1011.13
1003.98
1024.01
25121.93
1043.08
1017.09
1015.90
1009.94
1008.99
1005.89
1003.03
25090.93
1006.13
1001.12
997.07
992.06
983.00
981.81
978.95
25103.09
1007.08
988.01
979.90
975.85
983.00
985.15
978.95
991.82
978.95
981.09
979.19
25099.99
997.07
991.82
988.01
1003.03
996.11
1007.08
1002.07
1011.13
1024.96
1010.89
1006.13
25100.95
1014.95
1004.22
1003.98
1023.05
1017.81
1025.92
1024.96
1025.92
1016.86
1020.91
29054.16
1068.12
1024.96
1019.00
1020.91
1010.89
1015.90
1022.10
25120.02
1005.89
991.82
980.85
977.99
1018.05
1005.17
1024.96
29140.00
1069.07
1049.04
1044.03
1047.13
1041.89
1039.98
25073.05
1080.99
1034.98
1017.09
1009.94
1030.92
1037.12
1052.14
25089.98
1061.92
1010.18
1008.03
1024.01
1004.93
1012.09
1008.03
25112.87
1039.98
1012.09
1016.14
1015.90
1013.04
1013.04
1016.14
21122.93
1034.02
1029.01
1031.16
1029.01
1017.09
1018.05
1017.81
1019.95
1019.00
1026.87
25070.91
1069.07
1019.00
1009.94
1003.03
1013.99
1010.18
1025.92
1024.96
1021.15
1010.89
1018.05
29123.07
1029.97
1021.86
1020.91
982.05
998.97
993.97
994.21
25120.97
1001.12
988.96
989.91
1007.80
1039.03
1044.03
25050.16
1089.10
1022.10
1007.08
1013.04
1008.03
1000.88
1012.09
25042.06
1052.86
1023.05
1021.15
1020.91
1000.88
1007.80
1003.03
25059.94
1034.02
999.93
993.97
985.15
1004.93
1007.80
1009.94
1026.15
1008.03
1008.03
1009.23
25114.06
1034.98
1016.86
1004.93
1018.05
1010.18
999.93
1008.99
996.11
1019.95
1024.01
1022.10
25124.07
1030.92
1013.04
1024.96
1009.94
1024.96
1022.82
25058.03
1111.98
1044.99
1045.94
1025.92
1016.86
1012.09
1019.00
25106.91
1019.95
987.05
985.15
989.91
977.99
977.99
980.14
25074.01
1001.83
989.91
983.00
997.07
983.00
983.00
989.91
981.81
1008.99
1003.98
1014.95
25106.19
1012.09
987.05
978.95
1000.88
1012.80
1027.82
1025.92
1024.01
1014.95
1017.09
1015.19
25108.10
1003.98
979.90
977.99
989.91
970.84
977.99
970.13
25119.07
1033.07
1024.01
1025.92
996.11
997.07
1000.17
994.92
25115.01
1028.06
1023.05
1029.97
1022.82
1021.86
1023.05
25061.85
1049.04
1000.17
988.01
978.95
1026.87
1026.87
1024.96
29095.17
1004.93
983.00
976.09
983.00
977.04
977.04
986.81
21040.92
1070.02
1029.97
1025.92
1039.03
1029.01
1033.07
1024.96
25153.88
1050.00
1034.98
1043.80
1034.02
1033.07
1028.06
1033.07
1002.07
1005.89
1006.13
25043.01
1083.85
1048.80
1031.88
1015.90
1038.07
1028.06
1025.92
1033.07
1021.15
1023.05
1019.00
25134.09
1044.03
1024.01
1022.82
1037.84
1025.92
1021.15
1019.95
990.87
980.14
990.15
982.05
25114.06
1024.01
1019.00
1012.09
1008.03
1015.19
1001.83
1008.03
999.93
1000.88
1000.88
25035.14
1101.97
1056.91
1042.13
1029.01
1029.97
1035.93
1026.87
25130.03
1049.04
1045.94
1042.84
1055.96
1033.07
1033.07
1024.96
21099.09
1019.95
1007.08
1002.79
1006.84
999.93
1001.83
1006.84
1022.82
1023.05
1027.11
25063.99
1055.96
1004.93
1013.04
991.11
1038.07
1039.03
1029.01
1029.01
1023.05
1021.15
1021.86
25105.95
1047.85
1022.82
1018.05
1028.06
1033.07
1024.01
1010.89
1044.03
1015.90
1017.09
1017.09
25115.01
1041.89
1032.83
1050.00
1013.04
1015.90
1008.99
25052.07
1074.08
1037.12
1019.95
1029.97
1016.14
1014.95
1015.90
25119.07
1040.94
1024.01
1014.95
1043.08
1028.06
1017.09
1017.09
25130.99
1024.96
1011.13
1014.95
1000.88
1012.09
1003.03
1019.00
1008.99
1003.03
1012.09
25033.95
1073.12
1026.87
1018.05
1012.09
1018.05
1010.18
1005.89
1004.93
996.11
998.97
998.02
25048.97
1073.12
1046.90
1029.01
1019.95
1001.12
1013.99
1002.79
1026.87
992.06
988.96
998.97
21102.91
1051.19
1030.92
1013.04
1019.95
1011.13
1008.03
1012.80
25115.01
1033.07
1014.95
1019.95
1013.04
1014.95
1009.94
25048.02
1080.99
1017.09
1003.03
1003.98
988.01
996.11
998.02
1007.08
999.93
993.97
997.78
25040.86
1045.94
1008.99
1010.18
1019.00
998.02
998.02
998.97
1000.17
975.13
974.89
974.89
25024.89
1065.97
1007.08
1013.99
1010.89
965.12
974.18
982.05
972.99
979.19
981.09
973.94
25017.98
1029.97
992.06
981.09
987.05
982.05
983.00
976.80
965.83
971.08
979.90
984.91
25036.81
1045.94
988.01
994.92
987.05
1019.95
1015.90
1016.86
25064.95
1058.10
1006.13
993.97
1003.98
993.97
993.97
997.07
21044.02
1081.23
1055.96
1033.07
1052.14
1044.99
1039.03
1042.84
1024.01
1030.92
1026.15
1019.95
25138.85
1051.90
1024.01
1022.82
1013.04
1008.03
1019.00
1018.05
1009.94
1023.05
1013.99
25050.88
1069.07
1020.91
1003.98
1004.93
995.87
998.97
998.02
1006.13
988.96
988.96
991.11
25067.09
1094.10
1049.04
1045.23
1039.03
992.06
995.16
984.91
998.02
984.91
984.91
983.00
25104.05
1025.92
1009.94
996.11
980.14
971.08
973.94
981.09
989.20
972.03
967.03
978.95
25099.04
1029.97
1020.91
1009.23
990.87
1004.93
1001.12
997.07
1001.12
990.15
982.05
988.01
29122.11
1027.11
1032.11
1010.18
1034.02
998.02
1015.90
1006.13
1001.12
1002.07
998.02
21031.14
1080.04
1026.87
1008.99
1010.89
980.85
979.90
987.05
25020.12
1061.92
1017.09
1009.94
1009.94
1013.04
1001.83
1003.98
1002.07
972.03
977.99
969.89
21014.93
1055.00
996.83
993.01
987.05
992.06
989.20
1002.07
995.87
997.78
993.01
991.11
25038.00
1041.89
1007.80
994.92
1013.99
996.83
994.92
990.87
985.15
998.97
995.87
1003.03
21032.09
1039.98
1000.88
997.78
1010.89
999.93
1001.12
992.06
25079.97
1049.04
1022.10
1017.09
1029.01
1013.99
1009.94
1007.80
17097.00
1019.95
1003.03
1013.04
983.00
994.92
1006.13
1008.99
25137.90
1041.17
1027.11
1024.96
1017.81
1015.90
1016.86
33051.97
1073.12
1029.01
1017.09
1026.15
1017.09
1015.90
1014.95
1015.19
976.09
991.11
983.95
25043.96
1038.07
1001.83
998.97
1001.12
972.99
977.04
977.04
979.19
979.90
970.84
973.94
25014.16
1028.06
992.06
986.81
989.91
980.85
976.80
984.91
972.99
1025.92
1023.05
1029.97
25075.20
1039.98
998.02
976.09
1012.09
1029.97
1029.97
1028.06
13118.03
986.10
977.04
969.89
980.14
967.03
963.93
967.03
960.83
977.04
972.03
982.05
25034.19
1035.93
979.90
967.03
969.89
969.89
983.95
983.00
990.87
990.87
985.86
987.05
25024.89
1067.88
1031.88
1020.19
1027.11
1022.10
1024.01
1017.09
1013.04
1011.85
1017.81
1009.94
25141.95
1050.95
1041.89
1044.03
993.97
977.04
983.00
974.89
25113.11
1016.14
996.11
983.95
989.20
977.04
998.02
996.83
1008.99
994.92
987.05
986.10
25104.05
1008.99
993.01
992.06
970.13
971.08
972.03
968.93
979.90
975.13
972.99
969.89
25120.02
1007.08
1002.07
989.91
971.08
977.99
972.99
977.99
977.99
982.05
984.91
981.09
25137.19
1029.01
1032.11
1029.01
966.79
974.89
972.99
972.99
983.00
983.00
977.99
977.99
25125.03
1029.97
1024.96
1024.96
974.89
977.04
977.99
974.89
987.05
973.94
967.03
976.09
25127.89
1040.94
1034.02
1018.05
978.95
977.04
976.09
979.19
973.94
970.84
975.85
972.99
25105.95
1024.96
1003.98
1016.86
1006.13
1005.17
1009.94
1010.18
1010.89
1005.89
1014.95
25048.97
1066.92
1021.86
1003.98
1013.04
1008.99
999.93
1005.89
1011.13
1008.03
1006.13
1005.17
25041.10
1049.04
1011.13
992.06
1021.15
997.07
993.01
993.01
25072.81
999.93
998.97
983.95
993.01
983.00
987.05
983.00
991.82
1009.94
1023.05
1008.99
25128.13
1028.06
1022.10
1014.95
1018.05
1055.96
1030.21
1036.88
1042.84
1029.97
1023.05
25064.95
1078.13
1052.14
1049.04
1044.99
1026.87
1029.01
1027.11
1023.05
1017.09
1023.05
1019.00
21093.85
1022.82
998.97
992.06
983.95
1020.91
1011.85
1003.98
25125.98
1021.86
1013.04
1008.03
1012.09
1008.99
1001.12
998.97
25110.96
1027.11
1001.12
1004.93
1010.89
995.87
1000.88
999.21
1012.09
1009.94
1009.94
25043.96
1049.04
997.07
982.05
986.10
1021.15
1033.07
1013.04
1028.06
1012.80
1010.89
1010.89
25055.17
1065.97
1040.94
1028.06
1030.92
1027.11
1021.15
1010.89
1020.91
976.09
980.14
975.13
25077.10
1045.94
1030.92
1021.86
1029.97
1006.13
1008.99
1007.08
1008.99
995.87
1003.98
1001.12
25122.88
1037.12
1020.91
1010.89
1013.99
999.93
1013.99
25027.99
1057.86
999.93
996.83
993.97
1024.96
1013.04
1026.87
1024.96
1023.05
1024.01
1022.10
25064.95
1056.91
1006.13
998.02
998.02
1029.01
1031.16
1032.11
1031.88
1024.96
1021.15
1017.09
25133.13
1028.06
1022.10
1005.17
998.02
1023.05
1010.18
1009.94
1020.91
1013.99
1011.85
1008.99
25099.99
1013.04
1006.13
997.07
1008.03
1005.89
1008.99
1021.86
1013.99
1003.98
1005.89
25027.99
