1184.94
1158.95
1168.01
1158.00
1154.18
1132.01
1150.13
1135.11
1132.97
1132.97
25273.08
1199.01
1185.89
1211.17
1182.08
1174.93
1182.79
1188.04
1187.09
1175.88
25304.79
1200.91
1211.17
1218.08
1199.96
1195.91
1204.01
1194.00
1191.14
1193.05
13233.90
1145.84
1136.06
1142.98
1142.02
1141.07
1139.16
1135.11
1142.98
1133.92
25226.12
1143.93
1123.91
1132.01
1117.94
1122.95
1124.14
1132.97
1130.82
1135.83
25163.89
1246.93
1177.79
1183.99
1193.05
1168.01
1174.93
1172.07
1113.89
1121.04
1125.81
25270.94
1174.21
1188.99
1190.19
1125.10
1127.96
1119.85
1133.92
1119.14
1113.89
1142.02
1111.98
1112.22
1112.94
25286.91
1173.02
1154.90
1170.16
1164.91
1152.04
1169.92
1147.99
1157.05
1160.14
25301.93
1196.86
1186.85
1190.90
1173.02
1179.93
1173.02
9246.83
1180.89
1155.85
1167.06
1174.93
1173.97
1140.83
1152.04
1167.06
1162.05
1184.94
1170.87
1169.92
17246.96
1202.82
1185.89
1179.93
1178.98
1178.98
1158.95
1157.05
1154.90
1152.99
17236.95
1209.02
1177.07
1187.09
1188.04
1169.92
1173.02
1155.85
1207.83
1190.19
1189.95
1188.99
1182.08
1191.14
17277.00
1178.03
1160.86
1171.83
1158.00
1102.92
1149.18
1167.06
1165.15
1147.99
1158.00
1144.89
1150.85
25200.84
1159.91
1137.97
1119.14
1116.99
1124.14
1127.00
1135.83
1135.83
1142.98
1148.94
25239.94
1150.13
1127.00
1132.97
1181.13
1177.07
1184.94
1202.82
1198.05
1188.99
25241.14
1211.17
1180.89
1190.90
1186.13
1188.04
1168.01
1182.79
1165.87
1173.02
37226.92
1168.01
1131.06
1118.90
1118.18
1147.99
1137.02
1152.99
1152.99
1147.03
1142.02
1143.93
1388.07
1219.03
17246.01
1140.12
1136.06
1137.02
1116.99
1123.91
1121.04
1122.95
1117.94
1116.04
1121.04
1118.18
1111.98
1114.85
21215.92
1158.00
1129.87
1138.93
1139.16
1133.92
1133.92
1149.89
1142.98
1127.00
25185.11
1209.02
1172.07
1151.08
1167.06
1163.01
1159.91
1170.87
1108.88
1722.10
1201.15
1194.95
1185.89
1178.03
25285.01
1210.93
1194.95
1191.14
1188.04
1184.94
1185.89
1200.20
1184.94
1194.00
37230.97
1128.91
1115.80
1111.98
1140.12
1148.94
1155.14
1156.09
1140.12
1138.93
1164.91
1139.16
1138.93
17166.85
1209.97
1160.14
1163.01
1173.02
1152.04
1160.86
1158.95
1105.07
1125.10
1122.95
1135.83
1126.05
1126.05
21194.93
1206.87
1169.92
1169.92
1165.87
1143.93
1126.05
1130.10
1123.19
1127.96
1122.00
25223.97
1158.00
1119.85
1133.92
1122.95
1131.06
1122.95
1131.77
1122.95
1125.10
1120.09
1160.14
1183.03
1176.12
25281.91
1199.96
1168.97
1163.01
1116.99
1116.04
1113.89
1122.95
1111.98
1115.80
21199.94
1214.03
1175.88
1175.88
1163.96
1167.06
1166.11
9290.93
1186.85
1173.02
1158.00
1178.98
1184.94
1170.16
17266.04
1166.11
1143.93
1155.85
1138.93
1150.13
17207.15
1194.95
1152.04
1137.02
1151.08
1151.08
1147.03
21219.02
1191.85
1155.85
1140.83
1148.94
1131.06
1138.93
25213.00
1164.91
1126.05
1119.14
1134.87
1116.99
1116.99
1139.88
1119.85
1120.81
1118.90
25287.87
1135.83
1132.01
1147.99
1142.98
1147.99
1132.97
1146.08
1152.04
1138.93
13211.01
1178.98
1142.02
1146.08
1135.11
1126.05
1111.03
1121.04
1166.11
1164.20
1194.95
1190.19
1161.10
1165.87
13284.92
1183.99
1163.01
1178.03
1151.08
1152.04
1142.98
1147.99
1158.95
1127.96
25203.94
1203.06
1171.11
1171.11
1178.03
1171.11
1173.02
1208.78
1199.96
1183.99
21251.92
1220.94
1177.07
1177.07
1160.14
1168.01
1152.04
1152.99
1130.82
1135.11
25191.07
1171.83
1127.00
1120.09
1152.04
1130.10
1130.10
19190.07
1214.98
1194.00
1170.87
1169.92
1185.89
1175.17
1174.93
1177.79
25295.02
1182.08
1167.06
1183.03
1166.82
1173.02
1177.07
1101.97
1113.18
1118.90
21189.93
1206.16
1169.92
1180.89
1182.79
1167.06
1173.97
1183.99
1194.00
1174.93
25252.82
1162.05
1118.90
1126.05
1142.02
1139.16
1139.88
1162.05
1155.85
1142.02
1147.03
23148.06
1187.09
1174.21
1168.97
1177.07
1187.09
1188.99
1188.99
25249.96
1170.87
1133.20
1137.02
1127.00
1115.08
1115.08
1125.10
1125.10
1133.92
1141.07
25291.20
1199.96
1166.11
1168.01
1160.86
1151.80
1139.88
1127.00
1122.95
1121.04
29248.95
1189.95
1169.92
1184.94
1168.97
1176.83
1176.83
1170.87
1176.83
1178.98
1180.89
1174.93
1173.97
17235.99
1181.84
1157.05
1152.04
1158.95
1137.97
1147.03
1152.99
1145.84
1144.89
1144.89
1161.10
1183.03
1180.89
9248.97
1224.99
1185.18
1201.87
1194.00
1191.14
1183.99
1128.91
1140.12
1152.04
25225.16
1186.13
1147.99
1140.12
1161.10
1163.96
1180.89
1176.12
1168.97
1177.07
25225.16
1200.91
1170.87
1179.93
1178.98
1162.77
1164.91
1174.93
1178.98
1175.88
1170.16
1157.05
1147.03
1144.89
17224.07
1214.98
1183.99
1175.88
1151.80
1152.99
1142.02
1172.07
1146.79
1141.07
1152.99
1156.09
1145.12
1141.07
37267.92
1173.02
1161.10
1165.87
1165.87
1163.96
1162.05
1179.93
1178.98
1182.08
33296.11
1156.09
1141.07
1146.08
1145.12
1148.94
1141.79
1126.05
1133.92
1137.02
1147.03
1139.16
1131.06
1127.00
9269.95
1188.04
1177.07
1181.13
1177.07
1174.93
1188.99
1169.92
1183.99
1181.13
1179.93
1161.81
1170.87
17237.90
1216.17
1176.12
1161.10
1168.01
1181.13
1183.99
9259.94
1139.16
1130.10
1139.88
1127.96
1131.06
1125.81
9234.91
1212.12
1191.14
1209.02
1207.11
1201.15
1194.95
17249.82
1163.96
1158.00
1190.90
1149.18
1152.99
1163.01
1144.89
1140.83
1143.93
1129.15
1164.91
1162.05
17247.92
1200.91
1180.17
1168.97
1194.00
1182.08
1178.03
1189.95
1176.12
1164.91
1172.07
1163.96
1147.99
1151.08
17250.06
1150.85
1125.81
1153.95
1126.05
1129.87
1120.81
1142.98
1136.06
1137.02
1145.12
1132.97
1137.97
1133.92
17225.98
1144.17
1133.92
1132.97
1124.86
1121.04
1125.10
1139.88
1128.91
1122.95
1132.97
1144.89
1152.99
1154.90
17268.90
1138.93
1124.14
1136.06
1110.08
1132.01
1132.97
1140.12
1131.06
1145.12
1152.04
1144.17
1141.07
1143.93
17257.93
1145.12
1136.06
1157.05
1121.04
1125.81
1124.86
1122.95
1158.00
1146.08
1162.05
1142.98
1152.99
1144.89
1158.00
1153.95
1148.22
17241.00
1166.82
1132.01
1136.06
1132.01
1134.16
1132.97
1145.84
1133.20
1146.08
1144.89
1132.01
1148.94
1160.86
17282.96
1203.06
1196.15
1192.09
1167.06
1166.11
1172.07
1179.22
1163.96
1163.96
1172.07
1173.02
1165.15
17237.90
1239.06
1171.11
1174.93
1178.98
1159.91
1158.95
1148.94
1168.97
1176.12
1170.16
1176.12
1179.93
1171.11
17271.04
1158.00
1136.06
1142.02
1134.87
1133.92
1124.14
1135.11
1126.05
1123.91
1133.92
1151.08
1152.04
1145.12
17284.15
1193.05
1184.94
1185.89
1194.00
1178.98
1180.17
1122.00
1117.94
1116.99
1131.06
1125.10
1141.07
1147.03
17282.01
1180.17
1182.08
1174.93
1178.98
1174.93
1176.83
1160.86
1158.95
1163.01
1123.91
1127.00
1132.97
17230.03
1212.84
1174.93
1197.10
1168.01
1173.97
1161.10
1172.07
1162.05
1159.91
1175.17
1163.01
1157.05
1164.20
17293.93
1180.17
1157.05
1173.02
1159.91
1164.20
1163.96
1128.20
1146.08
1141.07
1143.93
1138.93
1138.93
1140.12
17286.06
1183.03
1159.19
1170.87
1169.92
1158.95
1179.93
1173.97
1173.02
1170.16
1168.97
1179.93
1179.93
17278.91
1202.11
1177.07
1172.07
1119.85
1134.87
1150.13
1152.04
1141.07
1146.08
1154.18
1148.94
1142.98
1138.93
17297.98
1188.04
1178.03
1180.89
1179.93
1158.95
1155.85
1170.16
1158.95
1154.90
1170.16
1157.05
1154.90
17196.89
1231.91
1144.17
1142.02
1152.04
1140.12
1136.06
1142.02
1174.21
1158.00
1173.97
1182.79
1170.87
1163.01
17233.13
1158.95
1127.00
1124.86
1138.93
1130.10
1125.10
1135.11
1131.06
1126.05
1122.95
1145.84
1144.89
1143.93
17219.07
1247.17
1197.10
1189.95
1139.16
1147.99
1146.79
1157.05
1149.89
1147.03
1152.99
1149.18
1140.83
1147.99
17281.06
1194.95
1184.94
1168.01
1143.22
1150.85
1146.79
1132.01
1157.05
1163.01
1178.98
1166.82
1158.00
17216.92
1224.99
1169.20
1142.98
1162.05
1148.94
1135.11
1142.98
1135.11
1125.10
1119.85
1132.97
1170.16
1183.99
17250.06
1219.03
1165.87
1156.81
1163.01
1157.05
1155.14
1156.09
1168.97
1193.05
1190.90
1185.89
1180.89
1175.17
17266.99
1146.79
1126.05
1129.87
1118.90
1120.81
1119.85
1133.92
1122.00
1127.00
1127.00
1143.22
1148.94
1150.85
17285.82
1176.83
1158.95
1158.95
1158.95
1156.09
1149.89
1117.94
1130.10
1115.08
1130.10
1124.14
1122.00
1122.00
17266.99
1158.00
1152.04
1151.08
1150.85
1147.99
1142.98
1147.99
1135.83
1149.89
1141.07
1117.94
1137.97
1132.97
17270.09
1155.14
1155.85
1162.05
1157.05
1147.03
1163.96
1145.12
1148.94
1163.96
1169.92
1162.05
1168.97
17227.89
1169.20
1158.00
1152.04
1175.88
1165.15
1166.11
1175.88
1169.92
1171.83
1174.93
1152.04
1163.96
1172.07
21304.13
1181.13
1152.04
1158.00
1111.98
1127.96
1122.00
9267.09
1163.96
1149.89
1148.94
1135.11
1132.01
1129.15
5264.04
1194.00
1177.07
1180.89
1163.96
1171.11
9233.95
1218.08
1179.93
1168.01
1179.93
1158.95
1157.05
9243.01
1178.03
1162.05
1164.20
1170.87
1158.00
1163.01
13306.14
1225.95
1209.02
1214.98
1205.21
1201.87
9267.81
1217.13
1196.86
1196.86
1202.82
1186.85
1206.87
5257.84
1195.91
1174.93
1188.04
1183.03
1183.99
1177.07
9316.92
1175.88
1164.91
1183.99
1168.01
1173.02
17228.13
1168.97
1129.87
1132.97
1143.93
1133.92
1140.83
1137.02
1173.02
1186.13
1177.07
1186.85
1173.97
1177.07
9256.12
1205.92
1181.84
1187.09
1178.03
1176.12
1184.94
9292.84
1174.93
1149.18
1169.92
1154.90
1165.15
1151.08
9274.01
1188.99
1183.99
1155.14
1133.92
1138.93
17205.95
1194.00
1150.13
1136.06
1148.94
1177.07
1172.07
1178.98
1178.98
1177.07
1176.12
1185.89
1174.93
1163.96
9362.94
1170.87
1174.21
1170.87
1168.01
1167.06
1169.92
1176.12
1175.17
1177.07
1174.93
1188.99
1188.04
17252.92
1187.09
1167.06
1152.99
1166.82
1158.95
1164.91
1173.02
1173.02
1176.12
1178.03
1178.03
1167.06
1158.95
17295.84
1178.98
1162.05
1163.01
1158.95
1157.05
1151.08
9258.99
1154.90
1146.08
9206.06
1171.11
1147.99
1150.85
1152.99
1150.13
1147.99
9247.06
1157.05
1147.99
1152.04
1119.14
1123.91
1124.14
1132.97
1117.94
1120.09
9175.06
1198.05
1146.79
1152.04
1153.95
1142.98
1151.08
9206.06
1208.07
1202.11
1178.03
1148.94
1131.06
1121.04
9194.85
1204.01
1167.06
1178.98
1163.96
1167.06
1167.06
17262.22
1143.93
1125.10
1131.06
1118.90
1132.01
1123.91
1159.19
1122.95
1124.14
17177.10
1240.97
1194.95
1196.15
1210.93
1208.07
1199.96
1211.17
1202.11
1195.91
1199.01
1178.03
1173.97
1173.97
9279.01
1154.18
1145.12
1143.93
1176.83
1168.97
1184.94
1182.08
1178.98
1191.14
1197.10
1173.97
1175.88
37255.05
1185.89
1166.11
1151.08
1160.14
1143.93
1146.08
1154.18
1147.99
1144.89
1146.08
21264.08
1158.00
1158.00
1163.01
1147.03
1148.94
17219.07
1183.99
1142.02
1144.17
1127.00
1142.02
1143.93
1146.08
1144.17
1138.93
1134.87
21255.97
1145.12
1123.91
1132.01
1152.04
1155.14
1163.01
1175.17
1168.97
1164.20
1172.07
1158.95
1160.86
25191.07
1207.83
1142.02
1132.97
1147.99
1139.88
1140.83
1149.89
1150.13
1147.03
1149.18
33250.09
1172.07
1127.00
1168.97
1118.18
1142.98
1147.03
1165.15
1159.91
1158.00
1163.96
1147.99
1156.09
1153.95
17287.97
1177.07
1162.05
1173.97
1172.07
1169.92
1176.12
1123.19
1144.89
1139.88
1159.19
1147.99
1145.84
29218.20
1214.98
1176.12
1158.00
1153.95
1170.16
1160.86
1195.91
1192.81
1172.07
13212.92
1203.06
1151.08
1152.04
1167.06
1142.98
1158.95
1155.14
1164.91
1155.85
1162.05
37289.86
1167.06
1142.98
1147.03
1144.89
1136.78
1134.87
1140.83
1127.00
1128.91
33202.89
1186.85
1150.85
1145.84
1144.89
1142.02
1141.07
1132.97
1171.11
1166.11
1190.19
1167.06
1177.07
1159.91
17269.85
1165.87
1148.94
1154.18
1141.07
1132.01
1130.10
1140.12
1127.00
1114.13
1129.15
1142.02
1146.08
1155.14
9267.09
1195.91
1165.87
1174.93
1177.07
1171.11
1172.07
1115.08
1153.95
1139.88
25254.01
1182.08
1158.95
1135.83
1183.03
1189.95
1191.14
1213.07
1192.09
1188.99
13252.97
1199.01
1170.87
1190.90
1185.89
1168.01
1162.05
1169.92
1158.00
1162.05
25237.08
1213.07
1180.17
1187.09
1177.07
1177.07
1173.02
1173.02
1180.89
1174.93
41243.79
1199.01
1152.99
1139.88
1119.85
1142.98
1137.97
1150.85
1154.90
1154.18
1143.93
25256.16
1157.05
1144.17
1152.04
1173.02
1167.06
1201.15
1173.97
1170.87
1173.97
25278.09
1162.05
1147.99
1149.89
1141.07
1141.79
1140.83
1147.03
1149.89
1144.89
37209.03
1179.93
1139.88
1145.84
1188.04
1170.87
1167.06
1177.07
1157.05
1149.18
1157.05
1147.99
1139.16
1141.07
17247.92
1143.93
1131.06
1135.83
1122.95
1119.14
1118.90
1127.96
1113.18
1124.86
1129.87
1126.05
1141.07
1137.97
21272.90
1150.13
1142.02
1152.99
1149.89
1144.89
1145.12
1157.05
1156.09
1143.93
25209.90
1202.82
1159.91
1152.99
1168.01
1155.14
1155.14
1134.87
1200.91
1197.81
1213.79
1194.00
1199.96
1196.86
25299.79
1203.06
1188.04
1194.00
1183.99
1183.03
1194.00
1182.08
1191.14
1179.93
37305.83
1175.88
1154.90
1145.84
1178.03
1199.01
1193.05
1193.05
1198.05
1195.19
1204.01
1199.01
1196.15
17261.03
1212.84
1173.02
1197.10
1187.09
1184.94
1169.92
1145.12
1166.11
1158.95
1179.93
1174.93
1179.93
1170.16
15276.91
1194.00
1156.09
1158.00
1159.91
1158.00
1147.99
1157.05
25221.11
1162.05
1141.07
1144.17
1143.93
1143.93
1139.16
1146.08
1139.88
1143.93
13180.02
1271.96
1191.14
1188.04
1197.10
1183.99
1183.03
1164.91
1132.97
1127.00
1125.10
25293.11
1197.81
1185.89
1162.05
1117.23
1126.05
1133.92
1139.88
1130.82
1138.93
17243.15
1152.04
1132.97
1142.02
1137.97
1131.77
1135.83
1127.96
1197.10
1199.96
37262.92
1175.88
1127.00
1119.85
1137.02
1141.07
1142.02
1137.97
1149.89
1150.85
1142.98
1177.07
1155.14
1158.00
25237.08
1219.99
1187.09
1173.02
1142.02
1160.86
1153.95
1163.01
1151.80
1157.05
41224.96
1217.13
1178.98
1173.02
1183.03
1178.98
1170.16
1176.12
1183.99
1173.02
25235.89
1227.86
1184.94
1173.97
1185.89
1178.98
1171.11
1178.98
1176.12
1173.97
1183.99
1180.89
1184.94
1175.17
25305.03
1192.09
1176.12
1152.04
1122.95
1126.05
1121.04
1150.13
1126.05
1128.91
1139.88
1128.91
1130.10
1125.10
17302.99
1198.05
1188.99
1179.93
1141.79
1142.02
1143.93
1147.03
1141.07
1146.08
25239.94
1196.86
1162.05
1176.12
1157.05
1163.01
1168.97
1174.93
1168.01
1158.00
41229.01
1194.95
1167.06
1170.16
1158.00
1153.95
1147.99
1152.04
1142.98
1146.08
25197.98
1214.98
1174.93
1167.06
1212.12
1168.01
1188.99
1177.07
1155.14
1147.03
1145.12
25285.01
1195.19
1169.92
1152.04
1148.94
1159.91
1168.01
1153.95
1156.09
1159.19
41282.89
1204.01
1177.07
1182.08
1179.93
1170.87
1186.13
1173.02
1168.01
1178.03
25296.93
1193.05
1170.87
1174.93
1179.93
1163.01
1174.93
1188.04
1177.07
1172.07
1173.97
1134.87
1136.78
25192.98
1210.21
1172.07
1168.97
1173.02
1138.93
1137.02
1142.02
1132.97
1130.10
1134.16
41222.10
1142.02
1142.98
1143.93
1132.97
1131.06
1132.01
1147.03
1136.06
1137.02
25197.03
1199.01
1188.04
1178.03
1194.00
1182.08
1183.03
1198.05
1183.99
1182.79
1184.94
1178.03
1177.07
1191.14
25310.04
1179.93
1172.07
1187.09
1177.07
1174.21
1189.95
1173.97
1175.88
1174.93
37304.16
1183.99
1171.11
1173.97
1149.89
1149.18
1152.99
1175.88
1197.10
1201.15
1209.02
1202.11
1201.15
17260.07
1230.96
1201.87
1206.87
1194.95
1194.00
1194.95
1204.97
1197.81
1195.91
1168.97
1142.02
1147.99
9176.02
1247.88
1168.97
1177.07
1188.04
1173.97
1170.87
1172.07
1128.91
1133.92
1124.86
25250.91
1150.85
1131.06
25208.95
1165.87
1134.16
1124.14
1130.10
1127.96
1127.96
1112.94
1166.82
1167.06
1174.93
25259.97
1152.99
1142.02
1146.08
1126.05
1116.99
1127.00
1126.05
19262.08
1178.98
1139.88
1133.20
1164.91
1168.01
1179.93
9227.04
1194.95
1155.14
1163.96
1147.03
1152.04
1142.98
9255.17
1156.09
1152.04
1147.99
1139.88
1142.02
1139.88
9257.08
1190.90
1194.00
1149.89
1132.97
1127.96
21943.81
1159.91
1144.89
1140.83
1199.01
1178.03
1187.09
1192.09
1178.03
1178.03
25238.99
1168.97
1144.89
1157.05
1141.07
11292.93
1215.93
1176.12
1188.04
1186.13
1171.11
1163.96
1184.94
1178.98
1183.99
37250.04
1163.01
1142.98
1135.11
1148.94
1133.92
1132.01
1119.85
1120.81
1144.89
1149.89
1168.97
1136.06
1144.89
13216.97
1199.01
1151.80
1155.85
1114.85
1118.90
1123.91
1143.22
1147.99
1152.04
1149.89
25231.12
1147.99
1138.93
1150.13
1135.11
1138.93
1138.93
1142.02
1135.11
1130.10
25227.07
1159.91
1146.08
1154.90
1146.79
1145.84
1148.94
1149.18
1177.07
1177.07
25244.00
1211.88
1178.03
1171.11
1166.11
1140.12
1157.05
1156.09
1152.04
1151.08
25169.13
1239.06
1185.18
1159.91
1174.93
1164.91
1161.10
1166.11
1170.16
1167.06
1173.02
25297.16
1208.07
1173.02
1177.79
1174.93
1170.16
1188.04
1178.98
1160.86
1178.03
25313.14
1196.15
1199.96
1208.78
1190.90
1186.13
1183.99
1163.01
1169.92
1172.07
17296.08
1162.05
1149.89
1151.08
1141.07
1137.02
1134.87
1137.02
1123.91
1122.95
25206.09
1222.13
1199.96
1204.97
1194.95
1192.81
1194.95
25320.05
1184.94
1158.00
1158.00
1214.98
1206.16
1213.07
1205.92
1207.83
1204.01
25277.85
1168.01
1158.00
1169.92
1155.14
1154.90
1164.91
1152.99
1163.01
1152.99
13267.99
1168.97
1147.99
1147.99
1135.11
1128.91
1115.08
1116.99
1157.05
1158.95
25227.07
1231.19
1203.06
1197.10
1177.07
1172.07
1173.97
1187.80
1176.83
1174.93
21239.04
1199.01
1169.92
1164.91
1127.00
1154.90
1155.85
1155.85
1158.95
1153.95
1155.85
25297.88
1206.16
1194.95
1206.87
1189.95
1195.19
1199.96
1191.14
1187.09
1185.18
13240.10
1150.13
1139.88
1160.86
1159.91
1168.01
1158.95
1158.95
1165.87
1175.17
25255.92
1148.94
1127.96
1134.87
1141.07
1150.85
1147.03
1163.01
1137.02
1132.97
17214.06
1163.01
1124.86
1127.00
1136.06
1146.08
1158.00
1135.83
1126.05
1144.89
1143.93
25254.01
1143.93
1117.23
1116.99
1159.19
1168.97
1175.17
1171.11
1159.91
1183.99
17290.12
1166.11
1156.09
1167.06
1181.13
1158.95
1168.01
1122.00
1144.17
1152.99
25215.15
1169.92
1132.01
1128.91
1195.91
1181.84
1194.00
1201.87
1188.04
1183.99
17259.12
1198.05
1161.10
1162.05
1173.97
1171.83
1168.97
1168.97
1124.86
1131.06
1127.00
25258.06
1166.11
1152.99
1142.98
1157.05
1158.00
1170.87
1145.84
1148.94
1144.17
17260.07
1143.93
1140.83
1139.88
1138.93
1151.08
1151.08
1188.04
1178.98
1196.86
29765.84
1175.88
1147.03
1144.89
1139.88
1140.83
1151.80
1143.93
1141.07
1144.17
25222.06
1173.02
1149.18
1161.10
1147.03
1151.08
1151.08
1154.90
1147.99
1146.08
25213.96
1189.95
1148.94
1151.80
1118.90
1142.02
1158.00
1182.08
1154.90
1168.97
1158.00
1189.95
1172.07
1177.07
13252.02
1163.01
1142.02
1149.89
1142.98
1139.16
1143.93
1123.91
1118.90
1127.00
29189.83
1174.93
1126.05
1120.09
1142.02
1125.81
1122.00
1163.01
1149.18
1146.08
1148.94
25288.82
1193.05
1178.98
1176.12
1162.05
1150.13
1152.99
1163.96
1148.94
1137.02
33210.04
1214.03
1180.89
1199.01
1174.93
1176.83
1178.98
1163.01
1144.89
1147.03
1148.94
1144.17
1141.07
1138.93
17272.00
1193.05
1183.03
1193.05
1178.03
1178.03
1188.04
1176.12
1182.08
1178.98
1170.16
1173.02
1174.93
25248.05
1194.00
1154.90
1148.94
1171.11
1157.05
1150.13
1142.98
1142.02
1144.89
25190.83
1244.07
1183.99
1163.96
1184.94
1185.18
1189.95
1191.85
1179.93
1173.02
1172.07
1196.86
1178.98
1163.01
25262.12
1147.99
1127.00
1128.91
1124.14
1130.10
1134.87
1145.84
1142.98
1147.99
33217.19
1219.99
1180.89
1168.97
1165.87
1158.00
1156.09
1147.03
1136.06
1127.00
1136.06
1138.21
1132.97
1123.91
17194.03
1204.01
1181.13
1168.97
1178.03
1168.01
1167.06
1178.98
1171.11
1159.91
1167.06
1132.97
1135.11
1134.16
25279.05
1194.95
1185.89
1192.09
1180.17
1152.04
1182.08
1143.93
1128.91
1124.14
21207.09
1163.96
1136.06
1149.89
1136.06
1132.01
1143.93
5225.90
1179.93
1147.99
17212.87
1205.92
1151.80
1150.85
1153.95
1152.04
1149.18
25220.87
1204.01
1183.99
1163.01
1178.03
1160.14
1151.08
1146.08
1145.12
1131.06
13153.08
1251.94
1200.91
1183.03
1195.91
1185.18
1186.13
1194.00
1188.04
1192.09
37220.00
1263.86
1192.81
1183.03
1199.01
1169.20
1163.01
1179.93
1149.89
1158.00
1144.89
25246.86
1158.95
1142.98
1157.05
1149.89
1151.80
1162.05
1156.09
1172.07
1168.01
33294.92
1201.15
1175.88
1194.95
1168.01
1179.93
1171.11
1173.02
1168.97
1183.99
1187.09
1169.92
1181.84
21245.00
1176.12
1142.02
1135.11
1144.17
1131.06
1137.97
1142.02
1123.91
1124.86
1119.85
1137.97
1132.97
1126.05
21198.03
1218.08
1185.18
1177.07
1184.94
1178.03
1179.93
1177.79
1178.98
1175.17
25238.04
1223.09
1176.12
1178.03
1187.80
1173.02
1160.14
1147.99
1152.99
1144.89
1143.93
1170.16
1143.93
1132.97
25193.93
1185.89
1168.01
1158.95
1158.00
1160.86
1164.91
1173.97
1170.87
1175.88
37244.80
1173.97
1134.16
1130.10
1139.88
1169.92
1173.97
1185.89
1176.83
1165.87
1179.93
1181.13
1168.97
1169.92
17287.97
1175.88
1174.93
1183.03
1171.11
1161.10
1180.17
1116.99
1152.04
1152.99
1152.99
1142.98
1143.93
1147.99
7267.95
1138.93
1129.15
1120.09
1118.90
1132.01
1144.89
1139.16
25217.06
1209.02
1158.00
1154.90
1153.95
1152.99
1146.08
1132.97
1129.15
1132.01
1132.97
25258.06
1156.09
1188.99
1162.05
1139.88
1139.16
1148.94
1143.93
1141.79
1152.04
1137.97
1179.93
1167.06
17238.14
1228.09
1188.99
1170.87
1187.80
1169.92
1173.02
1183.99
1167.06
1168.01
1174.93
1173.02
1166.82
1167.06
25283.10
1168.97
1152.99
1158.00
1145.12
1142.98
1147.99
25263.07
1148.94
1151.80
1150.85
1144.89
1148.94
1148.94
1156.81
1148.94
1147.99
25223.97
1197.10
1173.02
1178.03
1158.00
1174.93
1178.98
1187.09
1174.93
1188.99
25244.00
1195.19
1158.00
1158.00
1149.18
1132.97
1126.05
1133.92
1119.14
1114.13
1126.05
25277.14
1189.95
1170.87
1183.99
1184.94
1194.95
1204.01
1196.86
1196.15
1188.04
33303.02
1209.97
1188.99
1190.90
1186.13
1184.94
1170.87
1127.00
1151.08
1157.05
1168.01
1150.13
1150.13
17213.11
1204.01
1192.81
1188.99
1182.08
1182.08
1183.99
1191.85
1179.93
1182.08
1158.00
1150.13
1150.13
1142.98
25252.10
1150.13
1127.00
1137.02
1120.09
1132.01
1130.10
1156.09
1142.02
1142.98
25224.92
1209.97
1168.01
1171.83
1169.92
1187.09
1188.04
1205.92
1180.17
1183.03
1204.01
1184.94
1182.08
25213.96
1215.93
1147.99
1141.07
1145.12
1133.92
1120.81
1120.81
1116.99
1122.00
1127.00
33232.93
1152.99
1132.97
1142.98
1129.87
1129.87
1127.00
1126.05
1146.08
1141.07
1145.12
1142.98
1146.08
1143.93
17266.99
1207.11
1194.00
1184.94
1183.03
1186.13
1189.95
1182.08
1181.13
1182.08
1183.99
1181.13
1180.17
29242.99
1196.86
1154.18
1142.02
1167.06
1186.13
1183.03
1185.18
1172.07
1178.03
25212.05
1190.19
1137.97
1127.00
1156.09
1133.92
1128.20
1149.89
1185.89
1191.85
1190.90
13275.15
1163.01
1157.05
1142.98
1151.80
1155.85
1152.04
1167.06
1155.85
1157.05
25220.87
1199.01
1163.96
1174.93
1163.96
1168.01
1158.00
1171.83
1156.09
1156.09
1170.16
1115.08
1126.05
1122.00
13252.97
1199.96
1175.88
1175.88
1163.01
1161.81
1168.01
1161.10
1169.92
1159.91
25295.97
1209.02
1187.09
1202.11
1190.90
1185.89
1185.18
1121.04
1116.99
1120.09
25198.22
1177.07
1163.96
1155.85
1129.87
1145.84
1150.85
1158.95
1152.04
1142.02
41193.01
1181.13
1132.97
1122.95
1133.20
1122.95
1122.95
1125.10
1178.98
1176.83
1175.88
1185.89
1189.95
1194.95
17250.06
1187.80
1150.85
1150.85
1159.91
1150.85
1150.85
1158.95
1146.08
1140.12
1150.13
1183.99
1172.07
1172.07
9262.08
1142.02
1118.18
1130.10
1120.09
1125.10
1122.95
1132.01
1154.90
1164.91
25227.07
1167.06
1136.06
1130.82
1132.01
1193.05
1188.99
1192.81
1185.89
1188.99
1188.04
17272.95
1180.89
1169.92
1176.12
1166.11
1171.11
1155.14
1173.97
1192.81
1165.87
25288.11
1251.94
1189.95
1155.85
1156.09
1157.05
1168.97
1169.20
1168.97
1173.02
21250.01
1142.02
1127.00
1119.85
1117.94
1126.05
1119.14
1132.01
1120.81
1117.94
25190.11
1183.03
1153.95
1147.03
1152.99
1152.04
1141.07
1156.09
1139.16
1158.00
1150.13
13278.96
1204.97
1188.04
1185.18
1169.92
1173.97
1170.16
1147.99
1149.18
1152.04
25267.12
1208.07
1183.03
1158.00
1150.85
1154.90
1149.18
1168.97
15203.00
1189.95
1175.88
1154.18
1174.93
1163.96
1162.05
1204.01
1143.93
1142.02
25191.07
1247.88
1170.87
1152.04
1175.88
1152.99
1153.95
1138.93
1199.96
1199.96
1191.14
29258.01
1144.17
1136.06
1156.09
1152.04
1153.95
1172.07
1133.92
1142.98
1138.93
1143.93
1138.93
1137.02
17176.87
1212.84
1171.83
1170.87
1185.89
1174.93
1175.17
1193.05
1199.96
1195.19
1199.96
1175.17
1182.08
1178.03
33298.97
1155.85
1139.88
1137.97
1135.11
1132.01
1132.01
1150.85
1143.22
1141.07
25225.88
1163.96
1127.00
1125.81
1132.97
1122.00
1114.85
1131.06
1115.80
1122.00
1123.91
25238.99
1152.99
1144.89
1153.95
1141.07
1146.08
1147.99
1163.01
1150.13
1147.03
37233.11
1169.92
1139.88
1131.77
1147.03
1134.87
1139.88
1147.99
1132.97
1136.78
1130.82
25264.02
1157.05
1140.12
1156.09
1140.12
1140.12
1164.91
1153.95
1177.07
1174.93
25287.87
1199.96
1172.07
1167.06
1128.91
1147.99
1136.78
1159.91
1137.97
1136.06
41206.12
1204.01
1165.15
1173.97
1163.96
1174.93
1173.97
1170.16
1171.11
1177.07
25250.91
1217.84
1178.03
1188.04
1191.14
1188.04
1178.98
1191.85
1178.03
1174.93
1187.80
1196.86
1186.85
1181.84
25272.13
1154.18
1142.02
1132.97
1183.99
1174.93
1188.04
1186.13
1173.02
1184.94
41265.01
1168.01
1158.00
1156.81
1158.00
1152.99
1146.79
1164.91
1153.95
1147.03
25223.02
1214.03
1183.03
1185.18
1190.90
1176.83
1178.98
1199.96
1184.94
1177.07
1183.99
1168.01
1178.98
1175.17
25289.06
1199.01
1184.94
1181.13
1169.92
1170.87
1175.88
1170.87
1164.20
1168.01
37302.97
1176.83
1152.99
1151.08
1168.97
1159.19
1159.91
1163.01
1160.14
1158.95
1173.97
1163.01
1154.18
17223.12
1182.08
1142.98
1135.83
1139.88
1128.91
1113.18
1121.04
1141.07
1140.12
1142.98
1157.05
1144.89
1142.98
13216.02
1216.89
1173.02
1180.89
1177.07
1177.07
1192.09
1208.07
1199.96
1190.90
25249.96
1188.99
1156.81
1144.89
1149.89
1125.10
1115.08
1134.16
1120.09
1122.95
1129.87
13282.06
1175.88
1153.95
1165.15
1147.99
1143.22
29195.07
1232.15
1172.07
1168.01
1191.14
1212.12
1203.06
1211.88
1206.87
1204.97
17257.93
1228.81
1159.91
1167.77
1170.87
1167.06
1152.04
1151.08
1142.98
1163.96
1168.01
25286.20
1188.99
1171.11
1168.01
1164.20
1168.97
1158.00
1154.90
1142.98
1134.87
17269.85
1174.93
1167.06
1171.83
1176.83
1170.87
1163.96
1147.99
1163.96
1165.15
25211.10
1158.00
1129.87
1136.78
1132.97
1123.19
1125.10
1129.87
1123.91
1128.91
1124.14
17247.92
1157.05
1144.89
1142.02
1133.92
1137.02
1145.12
1138.93
1128.91
1132.01
33249.86
1183.99
1163.96
1152.99
1162.05
1153.95
1159.91
1168.97
1173.02
1174.21
13242.01
1194.00
1166.82
1172.07
1172.07
1173.97
1175.88
1194.00
1193.05
1183.99
25266.17
1182.08
1142.02
1134.87
1142.02
1123.91
1119.14
1125.10
1122.95
1119.85
1128.91
37305.12
1178.98
1170.87
1180.89
1178.98
1183.03
1189.95
1176.83
1173.02
1172.07
13256.07
1163.01
1145.12
1137.97
1130.82
1141.07
1150.85
1152.99
1139.88
1147.99
1161.10
1147.03
1142.02
1157.05
25300.98
1201.87
1189.95
1187.09
1181.13
1172.07
1192.09
1166.11
1183.03
1179.22
33305.88
1184.94
1167.06
1164.20
1120.09
1116.04
1130.10
1126.05
1126.05
1127.00
1155.85
1146.08
1145.84
17191.17
1253.13
1194.95
1181.84
1199.01
1188.04
1191.14
1173.02
1116.04
1120.09
1128.20
1146.08
1134.87
1147.03
17215.97
1224.04
1194.95
1194.00
1198.05
1189.95
1188.04
1194.00
1194.00
1184.94
25269.99
1220.94
1185.89
1198.77
1188.04
1199.01
1191.14
1199.01
1186.85
1189.95
13267.04
1176.83
1147.99
1152.99
1164.91
1178.03
1186.85
1190.90
1183.03
1182.08
25242.09
1215.93
1192.09
1181.13
1175.88
1177.07
1168.97
1181.13
1177.07
1175.17
17244.10
1203.06
1178.03
1160.86
1163.96
1147.99
1147.99
1150.13
1137.97
1131.06
1122.00
25242.09
1148.94
1147.03
1168.01
1158.00
1163.96
1178.03
1180.17
1177.07
1171.11
17301.08
1196.15
1168.97
1162.05
1164.20
1171.11
1165.87
1161.81
1159.91
1173.97
37296.06
1214.03
1188.04
1178.98
1148.94
1145.12
1158.95
1185.89
1151.80
1148.94
1163.01
1150.85
1152.99
1152.99
25286.91
1204.01
1186.85
1199.96
1189.95
1184.94
1197.10
1186.13
1188.04
33199.07
