1183.99
1158.95
1166.11
1168.97
1172.07
1152.04
1142.02
1173.97
1182.79
1209.02
1200.91
1189.95
1188.99
17319.92
1216.17
1192.09
1449.11
1168.01
1163.96
1157.05
1119.14
1116.04
1130.82
1142.02
1137.97
1135.83
17220.97
1191.14
1163.96
1204.01
1137.97
1144.17
1138.93
1152.04
1142.02
1142.02
1149.18
1149.89
1152.99
1147.03
17250.06
1147.99
1138.93
1142.98
1137.97
1142.98
1148.94
1147.99
1165.15
1168.01
1156.09
1163.01
1156.81
1168.97
17320.16
1231.91
1214.98
1227.14
1219.03
1220.23
1187.09
1175.88
1169.92
1197.10
1181.13
1183.99
1191.14
17292.02
1186.13
1164.91
1172.78
1156.81
1164.91
1163.01
1210.93
1226.19
1209.02
1250.03
1288.89
1206.16
17279.15
1209.97
1196.15
1194.95
1241.92
1235.96
1234.05
1245.98
1235.96
1229.05
1213.07
1206.87
1205.21
17277.00
1250.03
1234.05
1226.90
1145.12
1142.98
1169.92
1165.15
1147.99
1147.99
1137.97
1150.85
1166.11
1155.14
17262.94
1152.99
1135.11
1128.91
1182.79
1197.81
1704.93
1168.01
1170.87
1163.01
1178.03
1193.05
1185.89
9306.91
1191.14
1184.94
1201.87
1191.85
1181.84
9256.12
1186.85
1152.99
1142.02
1150.13
1138.93
1142.02
17210.96
1203.06
1181.13
1172.07
1147.03
1125.10
1118.18
1121.04
1115.08
1120.09
1132.97
1132.01
1128.91
1122.95
17189.98
1183.99
1158.95
1144.89
1156.09
1142.02
1144.17
1148.94
1138.93
1146.08
1149.18
1161.10
1139.88
1111.98
17175.91
1155.85
1134.87
1135.83
1154.90
1145.84
1145.84
1152.04
1147.99
1161.10
1171.11
1173.97
1163.01
1166.11
17260.07
1177.07
1159.91
1176.12
1166.11
1172.07
1173.02
1190.19
1180.89
1178.98
1173.97
1163.01
1149.89
17181.87
1250.98
1182.08
1167.06
1178.98
1174.93
1172.78
1172.07
1168.01
1172.07
1162.05
1183.03
1168.97
1183.99
17266.04
1173.97
1158.00
1154.90
1141.07
1142.98
1154.90
1184.94
1219.03
1206.87
1210.93
1209.02
1203.06
13264.18
1221.18
1170.87
1168.01
1128.91
1146.79
1141.07
1144.89
1145.12
1136.06
1137.02
1152.99
1147.99
1152.99
13228.89
1208.07
1161.10
1150.85
1178.03
1154.90
1160.86
9231.81
1174.93
1150.13
1163.01
1161.10
1152.99
1149.89
9259.94
1154.90
1144.89
1146.08
1141.79
1139.88
1135.83
9283.07
1179.93
1163.01
1178.03
1178.03
1186.85
17230.99
1225.95
1195.91
1196.15
1187.09
1181.13
1179.93
1188.99
1186.13
1183.03
1185.89
1183.03
1184.94
1178.98
17290.12
1192.09
1185.89
1188.04
1189.95
1179.22
1189.95
1185.18
1180.89
1178.98
1188.04
1178.98
1182.79
17241.95
1215.93
1192.09
1189.95
1184.23
1182.08
1179.93
1195.91
1179.22
1182.08
1184.94
1180.89
1178.98
1183.99
17292.02
1199.01
1184.23
1193.05
1187.09
1186.85
1175.88
1171.11
1171.11
1178.03
1195.91
1190.19
1183.99
17255.07
1173.02
1146.79
1137.02
1147.03
1142.98
1148.94
1153.95
1154.90
1139.16
1147.99
1143.93
1142.98
1138.93
17265.80
1167.06
1142.02
1143.93
1132.01
1138.93
1142.02
1159.91
1148.94
1152.99
9219.88
1171.11
1143.93
1141.07
1110.79
1129.87
1133.92
17204.05
1215.22
1184.94
1173.97
1127.96
1150.13
1140.12
1148.94
1126.05
1127.96
1266.00
1135.83
1132.01
1137.02
1145.12
1136.06
1146.08
1147.03
1166.11
1172.07
1178.03
1183.99
1193.05
1168.97
25247.81
1221.90
1178.98
1173.02
1173.97
1173.02
1187.09
1161.10
1155.14
1163.96
1161.10
1158.00
1159.91
1153.95
17295.12
1196.15
1179.93
1188.99
1189.95
1175.88
1178.03
1159.91
1166.11
1173.02
1179.93
1164.91
1168.01
17230.99
1206.16
1169.92
1163.01
1180.17
1160.86
1149.89
1158.00
1193.05
1199.01
1202.11
1197.10
1192.09
1189.95
17279.86
1165.87
1152.04
1159.91
1156.09
1159.19
1159.91
1155.85
1164.20
1156.09
1163.01
1155.14
1156.09
17230.99
1230.00
1188.04
1161.10
1188.99
1164.91
1158.95
1162.05
1199.01
1199.96
1204.01
1194.00
1196.86
1185.89
13292.07
1152.04
1137.97
1127.00
1173.97
1191.85
1174.93
17251.97
1152.99
1140.12
1143.93
1142.02
1144.89
1142.98
1141.79
1141.07
1140.83
1145.84
1174.93
1170.16
17223.12
1199.01
1160.14
1152.99
1169.92
1187.09
1178.98
1184.94
1185.18
1187.09
1188.04
1178.98
1174.21
1175.88
13273.95
1154.18
1143.93
1158.00
1153.95
1151.08
1150.85
1163.96
1152.99
1145.12
1151.08
1146.08
1147.99
1147.03
17277.00
1199.01
1166.11
1176.83
1173.02
1171.11
1193.05
1188.04
1192.09
1180.17
1199.96
1189.95
1194.95
17253.16
1227.14
1192.09
1194.00
1190.19
1183.99
1187.09
1197.10
1183.03
1186.13
1198.05
1187.09
1183.03
17238.14
1186.13
1140.12
1129.87
1148.94
1186.13
1181.13
1192.09
1183.99
1180.17
1179.93
1165.15
1156.09
1149.89
17240.05
1163.01
1134.87
1131.06
1133.20
1127.96
1142.02
1147.03
1132.01
1139.88
1147.99
1111.03
1135.11
1131.06
17223.12
1209.97
1193.05
1168.01
1154.90
1153.95
1157.05
1154.90
1145.12
1145.12
1159.91
1148.94
1142.98
1146.08
17261.98
1172.78
1169.92
1168.97
1158.00
1152.04
1158.95
1170.87
1154.18
1154.90
1160.86
1154.90
1156.81
1147.99
1147.99
1150.85
1152.99
1158.95
1147.99
1150.85
17220.97
1207.11
1163.01
1164.91
1174.21
1161.81
1157.05
1153.95
1209.02
1204.01
1195.19
1189.95
1183.99
1184.94
25297.16
1217.13
1204.97
1194.00
1189.95
1187.09
1192.09
1182.08
1187.09
1187.09
1192.09
1187.09
1186.13
17248.87
1222.85
1188.04
1200.91
1185.89
1189.23
1187.09
1191.85
1183.99
1183.99
1190.19
1192.09
1183.99
17210.01
1263.86
1173.97
1168.97
1173.02
1147.99
1148.94
1163.01
1147.99
1152.04
1152.04
1166.11
1147.99
1145.84
17220.97
1197.10
1155.14
1160.14
1178.03
1188.04
1172.78
1198.05
1176.12
1180.89
1196.15
1183.03
1188.04
1194.95
17302.04
1182.08
1176.12
1173.97
1161.81
1163.01
1176.12
1169.92
1164.20
1164.91
1163.96
1176.12
1183.03
17258.17
1209.02
1174.21
1156.09
1219.03
1201.15
1204.01
1209.97
1199.96
1194.00
1206.16
1197.10
1201.87
17242.91
1256.94
1183.03
1186.13
1205.92
1212.84
1210.93
1222.13
1204.01
1211.17
1213.07
1214.98
1211.88
1217.13
9240.15
1151.08
1138.93
1158.95
1154.18
1143.93
1160.86
1151.80
1147.03
1151.08
1158.00
1185.89
1187.09
25263.07
1184.94
1152.04
1159.91
1127.00
1148.94
1150.13
1171.83
1163.01
1163.01
1162.05
1159.91
1167.06
1158.95
17226.93
1219.03
1198.05
1187.09
1153.95
1169.92
1176.12
1175.17
1167.06
1164.91
1178.98
1170.16
1153.95
1173.02
17275.09
1178.03
1177.07
1176.12
1171.11
1167.06
1191.14
1168.97
1171.11
1158.95
1159.91
1154.18
1163.01
1165.15
1167.06
1158.95
1159.91
1175.88
1182.08
1165.15
17280.10
1204.97
1181.13
1174.93
1178.98
1178.03
1166.82
17287.02
1193.05
1188.99
1190.90
1176.83
1182.08
1199.01
1200.91
1212.12
1207.11
1143.93
1125.81
1127.00
17197.13
1225.95
1199.01
1179.93
1212.12
1234.05
1218.08
1221.18
1226.90
1211.88
1227.86
1218.08
1215.93
9295.94
1177.07
1146.08
1141.07
1156.09
1142.02
1147.03
1148.94
1147.99
1147.99
1140.12
1214.03
1196.86
1204.97
17313.96
1183.99
1173.02
1179.93
1170.16
1165.15
1168.01
1181.13
1179.93
1158.95
1173.02
1163.96
1163.96
25213.96
1219.99
1194.00
1174.93
1195.91
1189.95
1191.85
1169.92
1178.03
1177.79
1178.03
1168.97
1166.82
1178.03
17297.98
1214.03
1194.95
1209.97
1194.00
1204.97
1202.11
1189.95
1188.99
1182.08
1194.95
1181.13
1184.94
17243.86
1199.96
1166.11
1172.07
1179.22
1170.87
1175.17
1177.07
1167.06
1177.07
1183.99
1161.81
1171.83
1169.92
17275.09
1163.01
1156.81
1164.91
1162.05
1160.14
1166.11
1181.13
1192.09
1188.99
1203.06
1191.14
1187.09
17260.07
1249.07
1220.94
1214.98
1147.99
1150.85
1153.95
1165.15
1160.86
1157.05
1174.93
1162.05
1164.91
1156.81
17298.94
1219.99
1218.08
1224.99
1217.13
1218.08
1201.15
1204.01
1219.03
1217.13
9084.94
1189.95
1192.09
1168.01
1207.11
1199.96
17282.96
1232.86
1194.95
1192.09
1203.06
1200.91
1187.80
1195.91
1191.85
1186.85
1179.93
1142.02
1156.81
1165.87
17345.91
1216.89
1206.16
1230.00
1212.12
1205.92
1207.11
1204.01
1201.87
1201.87
1199.01
1195.91
1194.95
1199.96
1194.95
1197.10
17264.13
1230.00
1203.06
1199.01
1190.90
1185.89
1186.13
1168.01
1180.17
1190.90
1194.00
1179.93
1174.93
1173.02
17263.89
1158.95
1151.08
1142.98
1148.94
1163.96
1178.98
1166.11
1163.01
1156.81
1168.97
1163.96
1152.99
17231.94
1227.86
1209.02
1204.01
1138.93
1168.01
1159.91
9272.81
1211.88
1188.99
1182.08
1225.95
1225.95
9286.17
1255.99
1231.91
1216.89
1169.20
1157.05
1155.14
9222.98
1204.01
1173.97
1177.07
1163.96
1168.97
1171.11
9282.11
1179.93
1183.03
1188.99
1175.17
1168.97
17210.01
1295.09
1240.02
1223.09
1232.15
1218.08
1223.09
1226.90
1218.80
1222.85
1209.97
1202.11
1209.02
1213.79
17333.03
1221.18
1226.90
1214.03
1194.95
1204.01
1207.11
1203.06
1193.05
1204.97
1167.06
1178.98
1189.95
17323.97
1214.98
1194.95
1209.02
1203.78
1204.97
1222.13
1199.96
1180.89
1174.93
1156.09
1152.04
1151.08
1154.18
1148.94
1154.90
1166.11
1162.05
1158.00
1164.91
17262.94
1169.20
1157.05
1141.07
1165.15
1163.96
1161.10
1181.13
1166.11
1163.96
1186.13
1147.99
1181.84
1211.88
17298.22
1229.05
1230.00
1223.09
1213.07
1214.98
1219.99
1213.07
1211.17
9284.02
1195.19
1165.87
1166.82
1202.82
1170.87
1170.87
9270.91
1240.02
1234.05
1239.06
1240.02
1234.05
1230.00
1188.04
1209.02
1212.12
1214.98
1194.00
1199.96
29253.96
1248.12
1225.95
1214.98
1210.93
1213.79
1209.97
1226.19
1216.89
1214.03
1203.06
1167.06
1161.10
17235.04
1218.08
1163.01
1158.95
1173.97
1180.17
1187.09
1196.15
1187.09
1183.03
1187.09
1183.03
1192.09
1194.95
17301.08
1188.04
1169.92
1170.87
1172.07
1178.03
1197.10
1178.98
1165.15
1158.95
1168.97
1162.05
1158.95
17231.94
1219.03
1185.89
1180.89
1127.00
1158.95
1155.14
1160.14
1147.99
1144.17
1151.08
1151.08
1142.98
1147.03
17261.03
1161.10
1138.93
1137.97
1137.97
1159.91
1158.00
1163.96
1152.99
1152.99
1158.95
1155.85
1154.90
1158.00
17339.94
1232.86
1214.98
1188.99
1156.09
1150.13
1152.99
1144.17
1146.08
1142.02
1152.04
1146.08
1145.12
17215.97
1182.08
1161.10
1148.94
1158.00
1152.04
1150.13
1165.15
1139.88
1142.02
1147.03
1153.95
1143.93
1147.03
17228.84
1214.03
1172.07
1152.04
1141.79
1147.03
1152.99
1122.00
1188.04
1194.00
1209.02
1215.22
1224.04
17253.88
1246.93
1194.95
1183.03
1160.14
1183.03
1185.18
1195.91
1194.95
1188.99
1188.99
1189.95
1187.09
1196.15
9387.97
1199.96
1183.99
1175.88
1140.83
1147.99
1151.08
1158.00
1150.85
1146.08
1158.00
1146.08
1151.08
17183.07
1219.99
1164.91
1159.19
1160.86
1164.91
1166.11
1172.07
1147.03
1161.81
1158.00
1179.93
1159.91
1159.91
17218.11
1197.10
1169.20
1169.92
1154.90
1158.00
1154.90
1170.87
1159.91
1154.18
1161.10
1163.96
1152.99
1158.00
25305.99
1214.03
1194.95
1190.90
1193.05
1189.95
1188.04
1142.02
1156.81
1149.89
1161.81
1142.02
1147.03
17206.19
1276.02
1226.19
1167.06
1198.05
1182.08
1181.13
1189.95
1188.99
1185.18
1185.89
1164.91
1172.07
1158.00
9286.88
1160.86
1150.85
1154.90
1158.00
1148.94
1155.14
5259.04
1192.09
1188.99
1223.80
1211.88
1190.90
9255.89
1192.81
1152.99
1156.09
1150.13
1156.09
1152.99
17268.18
1206.16
1190.90
1199.01
1141.07
1152.04
1151.08
1156.09
1151.08
1150.13
1146.08
1158.00
1154.18
1147.99
1168.01
1158.95
1154.90
17253.88
1210.93
1190.19
1183.03
1147.99
1153.95
1156.09
1167.06
1152.99
1155.85
9215.83
1213.07
1189.95
1176.12
1178.98
1181.84
1176.83
9290.93
1187.80
1179.93
1182.08
1170.16
1181.13
1173.97
1185.18
1173.97
1173.02
1176.12
1128.20
1133.92
1134.87
17291.78
1204.97
1201.15
1204.97
1200.91
1191.85
1209.97
1195.91
1191.85
1205.92
1212.12
1202.11
1189.95
29296.88
1168.01
1153.95
1135.11
1165.15
1175.88
1159.91
1171.83
1175.88
1168.01
1160.86
1156.81
1153.95
17223.12
1192.09
1162.05
1157.05
1163.96
1155.14
1156.09
1153.95
1195.19
1193.05
1183.99
1195.91
1197.10
1198.05
17308.00
1192.09
1185.89
1188.99
1140.12
1142.02
1142.98
1166.11
1147.03
1150.85
1148.94
1208.07
1195.91
17243.86
1226.90
1157.05
1150.85
1168.97
1199.96
1192.81
1196.86
1186.85
1186.85
1178.98
1194.95
1182.08
1186.13
17295.12
1171.11
1163.01
1170.16
1167.06
1173.97
1163.96
1184.94
1167.06
1187.09
1183.03
1178.03
1186.13
17249.11
1221.90
1176.83
1168.01
1199.01
1233.10
1230.96
1235.01
1235.96
1235.01
1240.02
1229.05
1231.91
17287.02
1265.05
1205.92
1194.00
1168.01
1188.99
1168.01
1183.99
1177.07
1182.08
1183.99
1176.83
1156.81
1162.05
1164.91
1158.95
1155.14
9237.05
1186.13
1155.14
1144.89
1152.99
1148.94
1146.08
9219.88
1193.05
1157.05
17184.02
1259.09
1185.89
1187.09
1168.97
1124.86
1175.88
1177.79
1159.91
1173.02
1178.03
1190.90
1179.93
1163.96
17226.93
1243.11
1202.11
1214.03
1148.22
1154.90
1158.00
1162.05
1145.12
1148.94
1163.01
1143.93
1152.04
1147.03
17322.06
1224.99
1212.12
1181.13
1148.94
1142.98
1161.10
1142.98
1148.94
1147.03
1160.14
1161.10
1158.00
17229.80
1257.90
1243.83
1235.96
1232.15
1225.95
1214.98
1230.96
1214.98
1219.03
1224.99
1216.89
1218.08
17278.19
1234.05
1207.11
1206.87
1209.02
1199.01
1202.11
1209.02
1201.87
1200.91
1197.10
1130.82
1148.22
1142.02
17274.86
1163.96
1155.14
1135.11
1219.03
1209.02
1216.17
1211.88
1211.88
1207.83
1217.84
1212.84
1207.83
17291.07
1193.05
1179.93
1160.86
1190.90
1200.20
1205.92
1185.89
1183.99
1189.95
1199.01
1187.09
1186.85
17256.98
1216.17
1175.88
1178.98
1197.10
1198.05
1205.21
1211.88
1201.87
1198.05
1199.01
1200.91
1194.00
17246.96
1244.07
1175.88
1173.97
1156.09
1182.08
1195.91
1180.89
1180.89
1176.12
1180.17
1179.93
1171.83
1175.88
17297.98
1173.97
1161.10
1162.05
1154.18
1168.97
1161.10
1185.18
1168.01
1165.15
1153.95
1143.22
1142.02
1155.14
17266.99
1168.01
1151.08
1154.90
1146.08
1147.99
1158.95
1149.89
1150.13
1160.14
1138.93
1183.99
1183.03
17250.06
1191.14
1168.97
1161.81
1176.83
1171.83
1168.01
1177.07
1170.87
1168.97
1174.93
1185.89
1204.01
1185.89
9291.17
1214.03
1175.17
1207.11
1190.90
1183.03
1182.08
1160.14
1168.97
1170.16
1178.03
1166.11
1168.97
17248.87
1181.84
1163.01
1158.95
1155.85
1147.03
1142.02
1148.94
1149.89
1144.89
1144.17
1183.99
1175.17
1177.07
17296.08
1171.11
1147.99
1152.99
1152.04
1147.99
1135.83
1144.89
1139.16
1138.93
1138.93
1137.02
1130.10
1131.06
17246.96
1145.12
1127.96
1140.83
1133.20
1133.92
1127.00
1140.83
1132.01
1132.01
1135.11
1131.06
1130.10
1122.95
25281.19
1176.12
1168.97
1168.01
1155.85
1158.00
1152.99
1228.09
1225.95
1229.05
1221.90
1226.90
1217.13
17284.15
1171.11
1141.07
1137.97
1132.97
1133.92
1126.05
1126.05
1171.11
1176.12
1189.95
1187.09
1177.07
1173.97
5261.18
1198.05
1173.02
1161.81
1168.01
1160.86
1158.95
9277.11
1163.01
1165.87
1180.17
1144.89
1142.98
1157.05
1149.89
1148.94
1151.08
1160.14
1157.05
1158.00
17220.97
1229.05
1188.99
1183.99
1200.91
1212.84
1204.01
1213.07
1204.01
1212.12
17285.11
1207.11
1152.99
1205.92
1193.05
1188.99
1202.11
1204.01
1196.15
1194.95
1196.86
1200.91
1192.09
17242.19
1192.09
1155.14
1158.95
1168.97
1154.90
1167.06
1156.09
1169.20
1184.94
1169.92
1178.98
1176.83
1174.93
17243.86
1200.91
1166.11
1175.17
1170.87
1161.81
1154.90
1185.89
1160.14
1168.97
1183.03
1171.11
1176.12
1172.07
17291.07
1203.06
1182.08
1191.85
1190.90
1185.18
1170.87
1200.91
1204.01
1199.01
1200.91
1199.01
1188.04
17310.14
1208.07
1192.09
1187.09
1158.95
1211.88
1223.09
1213.07
1213.07
1211.17
1218.08
1214.03
1204.01
17290.12
1259.09
1229.05
1219.99
1132.01
1156.09
1154.90
1168.97
1147.99
1144.89
1152.04
1241.92
1237.15
17286.06
1255.99
1231.91
1211.88
1125.81
1139.88
1140.83
1157.05
1149.89
1144.89
1148.94
1154.18
1138.93
1142.98
17220.97
1250.03
1215.93
1199.01
1124.86
1152.99
1146.08
1150.13
1147.03
1142.98
1151.80
1148.94
1147.99
1142.98
17250.06
1173.97
1163.01
1159.19
1143.93
1148.94
1152.99
1147.99
1142.98
1141.07
1132.01
1138.93
1142.02
1154.90
17340.18
1233.10
1233.10
1184.94
1149.89
1150.13
1158.00
1150.85
1149.89
1148.94
1158.95
1149.89
1147.03
17228.13
1235.01
1208.07
1199.96
1178.03
1191.14
1174.93
1200.91
1183.99
1178.03
1183.99
1181.84
1199.96
17215.01
1223.80
1152.04
1153.95
1153.95
1155.14
1153.95
1172.78
1158.95
1157.05
1154.18
1163.01
1132.97
1194.00
17260.07
1214.03
1185.89
1171.83
1176.83
1170.87
1173.97
1189.95
1169.92
1170.16
1177.07
1153.95
1166.11
1162.05
17285.11
1170.16
1158.00
1149.18
1143.93
1140.83
1134.87
1148.94
1125.10
1128.20
1127.00
1204.01
1191.14
17266.04
1183.03
1141.07
1137.02
1151.08
1146.08
1140.12
17195.94
1226.90
1190.19
1204.97
1138.93
1145.12
1147.03
1157.05
1152.99
1150.13
1153.95
1163.01
1154.90
1162.05
9274.96
1240.02
1228.09
1235.96
1228.09
1227.14
1219.99
1137.02
1132.97
1134.16
1147.99
1137.97
1139.88
17194.03
1281.98
1231.91
1232.15
1242.16
1230.96
1229.05
1241.92
1235.01
1228.09
1199.96
1122.95
1137.02
1131.06
17244.10
1146.08
1145.12
1152.99
1141.07
1140.12
1137.97
1167.06
1179.93
1169.92
1191.14
1173.02
1170.16
17250.06
1253.13
1188.99
1211.88
1197.10
1206.16
1187.09
1153.95
1158.00
1169.92
1161.81
1160.86
1154.90
1147.99
17319.92
1202.11
1188.04
1199.01
1193.05
1180.89
1173.02
1132.01
1131.06
1133.92
1147.03
1132.97
1131.06
17196.18
1168.97
1142.02
1127.00
1139.16
1132.97
1128.91
1137.02
1128.91
1128.91
1122.00
1139.88
1144.17
1136.06
17193.08
1183.03
1145.84
1142.98
1165.15
1159.91
1147.03
1161.10
1157.05
1148.94
1155.85
1152.99
1150.13
1149.89
17220.02
1188.99
1166.11
1152.04
1163.01
1149.89
1151.08
1160.14
1154.90
1150.85
1159.91
1148.94
1147.03
1152.04
13267.99
1163.01
1142.98
9325.98
1176.12
1147.99
1147.03
1158.95
1132.01
1142.02
1127.96
1130.82
1137.97
1127.96
1145.84
1137.02
1139.88
17205.00
1190.19
1159.91
1168.01
1146.08
1147.99
1144.89
1146.79
1139.88
1137.02
1140.83
1121.04
1129.87
1144.89
17259.84
1173.97
1148.94
1152.04
1145.12
1142.98
1137.97
1143.93
1135.11
1130.10
1135.11
1166.11
1178.03
1180.17
17292.02
1166.11
1158.00
1161.10
1155.14
1154.90
1149.89
1152.99
1158.95
1163.96
1158.00
1206.16
1199.96
25256.16
1211.17
1169.92
1169.92
1188.99
1194.00
1175.88
1190.90
1197.81
1184.94
1208.07
1188.04
1182.79
1180.89
17318.01
1200.91
1184.94
1204.01
1199.96
1188.04
1194.00
1192.09
1204.01
1184.94
1193.05
1190.90
1191.14
17282.96
1186.13
1168.01
1150.13
1156.09
1161.10
1151.08
1176.12
1147.99
1140.12
1140.12
1151.08
1167.06
1156.09
17268.18
1159.91
1143.93
1147.99
1137.02
1136.06
1145.12
1148.94
1142.02
1142.02
1145.12
1194.00
1185.18
17261.03
1190.19
1142.02
1141.07
1159.19
1159.91
1161.81
1159.91
1166.82
1160.86
1154.90
1161.81
1160.86
1160.86
17221.93
1158.95
1132.97
1140.12
1152.04
1141.07
1141.07
1136.06
1148.94
1137.97
1143.93
1161.10
1148.94
1142.98
17225.98
1162.05
1134.87
1133.20
1127.00
1128.20
1127.00
1137.97
1124.86
1130.82
1133.92
1130.10
1127.00
1132.01
17221.93
1209.02
1169.92
1191.85
1175.88
1173.02
1174.93
1165.87
1144.17
1147.03
1154.18
1148.94
1138.93
1147.03
17269.85
1184.94
1172.07
1188.99
1164.91
1169.92
1170.16
1196.86
1194.00
1178.03
1193.05
1199.01
1176.83
17226.93
1230.00
1190.90
1191.14
1193.05
1188.04
1175.88
1157.05
1173.02
1173.02
1190.19
1185.89
1170.87
1178.03
17282.96
1193.05
1178.98
1182.08
1173.97
1171.83
1177.07
1168.01
1177.07
1169.92
1185.89
1173.97
1183.99
17220.97
1189.95
1168.97
1179.93
1161.10
1168.01
1145.84
1178.03
1175.88
1171.83
1174.93
1166.82
1185.89
1176.12
17282.01
1161.81
1154.90
1142.98
1187.09
1188.04
1198.05
1198.05
1194.95
1197.10
1202.11
1191.85
1194.00
17250.06
1176.12
1152.04
1158.95
1153.95
1146.79
1158.00
1147.03
1192.09
1195.19
1192.09
1188.99
1183.99
1183.99
13271.09
1158.95
1139.88
1142.98
1134.16
1130.10
1138.93
1133.92
1136.06
1137.02
1148.94
1120.09
1134.16
1131.06
17282.96
1170.87
1149.89
1166.11
1147.99
1154.90
1158.00
1155.85
1158.00
1152.99
1161.10
1147.03
1152.04
21211.86
1199.96
1151.08
1152.99
1158.95
1173.02
1171.11
1162.05
1159.19
1153.95
1157.05
1160.14
1172.07
1164.20
17287.02
1194.95
1191.85
1178.03
1148.94
1145.84
1150.85
1172.07
1155.85
1143.93
1160.14
1151.08
1154.90
1145.84
17256.02
1147.03
1132.01
1127.00
1165.87
1165.15
1179.93
1168.01
1161.10
1162.05
1160.86
1144.17
1155.14
17217.87
1197.10
1162.05
1163.96
1143.93
1165.15
1156.09
1171.11
1157.05
1160.14
1158.95
1165.15
1158.95
1156.81
17251.97
1163.01
1142.98
1147.99
1140.12
1137.97
1143.93
1162.05
1152.99
1152.04
1151.08
1163.96
1180.89
1168.97
17271.04
1150.13
1140.12
1123.91
1173.02
1160.86
1159.91
1180.89
1162.05
1164.91
1166.11
1162.05
1165.15
17220.02
1200.20
1163.01
1158.00
1173.02
1175.88
1173.02
1185.89
1168.01
1173.97
1167.06
1181.13
1168.97
1163.96
17254.11
1207.11
1194.95
1219.99
1200.91
1201.87
1201.87
1227.14
1207.11
1207.11
1183.99
1147.03
1153.95
17208.10
1198.05
1156.09
1159.91
1163.01
1151.08
1140.12
1152.99
1147.99
1142.98
1131.06
1176.12
1163.01
1159.91
17237.19
1168.97
1142.02
1139.88
1137.97
1137.97
1135.11
1143.93
1139.88
1148.94
1152.04
1132.01
1133.92
1135.11
17210.96
1182.08
1159.91
1173.02
1157.05
1178.03
1183.99
1189.95
1178.03
1173.97
1177.07
1137.97
1138.21
1134.87
9271.14
1170.16
1160.86
1171.83
1182.08
1183.99
1183.99
1174.93
1182.08
1178.98
1219.99
1186.13
1183.99
25260.93
1198.05
1172.07
1170.87
1117.94
1134.16
1146.08
1158.00
1144.89
1143.93
1152.99
1150.85
1147.03
1147.03
17282.96
1198.77
1184.94
1188.99
1187.09
1173.02
1168.97
1152.04
1138.93
1138.93
1147.99
1144.89
1144.17
1138.93
17295.84
1192.81
1209.97
1194.95
1187.09
1189.95
1187.09
1188.99
1188.99
1190.90
1184.94
1180.89
1181.84
17303.94
1188.99
1166.82
1168.01
1158.95
1158.00
1163.96
1176.83
1183.03
1192.09
1205.92
1195.91
1188.04
5255.94
1166.11
1140.12
1138.93
1153.23
1179.93
1169.92
9235.14
1214.98
1196.86
1188.99
1155.14
1158.95
1154.90
9274.96
1204.97
1194.00
1162.05
1195.91
1183.99
9215.83
1224.99
1163.96
1163.01
1158.00
1184.94
1178.98
9255.17
1219.03
1198.05
1196.15
1132.01
1137.97
1137.97
9217.98
1170.87
1137.97
1147.03
1194.00
1183.99
1181.13
1199.01
1193.05
1179.93
1196.15
1191.85
1183.99
17280.10
1217.13
1154.90
1138.93
1157.05
1182.08
1188.99
1182.08
1178.98
1183.03
1178.03
17282.01
1158.00
1161.10
1157.05
1184.23
1192.09
1190.90
1185.89
1186.13
1178.03
1189.23
1183.03
1178.03
17246.96
1176.83
1147.99
1157.05
1157.05
1154.18
1157.05
1152.99
1185.18
1183.03
1189.95
1185.89
1182.08
1177.79
17282.01
1167.06
1157.05
1168.97
1148.94
1146.08
1166.82
1174.93
1181.13
1182.08
1191.14
1176.12
1196.86
17256.02
1193.05
1161.10
1151.08
1173.97
1170.16
1167.06
1173.02
1170.16
1169.92
1186.85
1181.84
1181.84
1169.92
17293.21
1201.87
1170.87
1176.83
1185.89
1186.85
1189.95
1184.94
1188.99
1189.95
1218.08
1189.95
1188.99
17268.18
1214.98
1196.15
1201.15
1163.01
1185.18
1169.92
1170.16
1173.97
1172.07
1166.82
1174.93
1169.20
1151.08
17286.06
1186.13
1175.88
1165.87
1153.95
1153.95
1181.84
1156.81
1157.05
1158.00
1142.98
1166.82
1168.97
17221.21
1209.97
1165.87
1173.97
1182.08
1167.06
1187.09
1193.05
1193.05
1181.13
1194.00
1152.99
1148.94
1150.13
17285.11
1203.06
1207.11
1197.10
1190.90
1188.99
1185.89
1187.80
1189.95
1201.15
1205.92
1200.91
1176.12
17246.01
1178.98
1148.94
1160.14
1158.00
1151.08
1149.18
1153.95
1144.89
1140.83
1140.83
1128.91
1131.06
1133.92
17254.11
1151.08
1137.02
1145.12
1147.03
1137.97
1136.78
1161.81
1138.93
1146.08
1150.13
1194.00
1189.95
1194.00
17292.02
1168.97
1165.15
1175.88
1158.95
1163.96
1180.89
1179.93
1187.09
1179.93
1195.91
1192.09
1173.02
17251.97
1209.97
1199.96
1188.99
1185.18
1177.07
1183.99
1181.13
1171.11
1182.08
1176.12
1162.05
1174.93
1175.88
17273.19
1203.06
1179.93
1183.03
1168.97
1187.80
1180.89
1176.83
1187.80
1173.97
1182.08
1183.99
1173.97
17252.92
1199.01
1179.93
1198.05
1178.98
1185.18
1177.07
9277.11
1173.02
1163.96
1170.87
1155.85
1158.95
9207.01
1216.89
1199.96
1194.00
1197.81
1178.98
1181.13
1184.94
1178.03
1179.93
1183.99
1180.89
1175.88
1172.78
17283.92
1209.97
1194.95
1204.97
1192.09
1198.05
1220.94
1224.04
1224.04
1208.07
1158.00
1140.83
1137.02
17194.99
1204.01
1168.01
1171.11
1224.99
1233.82
1239.06
1244.07
1235.01
1230.96
1245.02
1231.91
1230.96
17296.08
1228.81
1170.87
1174.93
1198.05
1195.91
1214.03
1212.12
1192.09
1202.11
1218.08
1224.04
1204.01
17254.83
1291.04
1229.05
1245.98
1163.96
1147.99
1144.17
1149.89
1150.85
1157.05
1155.14
1221.90
1236.92
1234.05
17319.92
1231.19
1221.90
1234.05
1228.09
1215.93
1223.80
1214.03
1222.13
1244.07
1164.91
1162.05
1163.96
17287.02
1216.89
1209.02
1216.89
1210.21
1203.06
1212.12
1220.94
1204.01
1213.07
1149.89
1168.97
1163.01
25250.91
1232.15
1189.95
1198.05
1182.08
1179.22
1172.07
1184.94
1179.93
1188.99
1185.89
1177.07
1175.88
1200.20
17266.04
1173.97
1173.02
1163.01
1182.08
1173.02
1200.91
1183.99
1188.99
1201.15
1186.85
1179.93
1178.03
1180.17
1199.01
1195.19
1194.00
1188.99
1176.83
1191.85
17302.99
1197.10
1210.93
1204.97
1183.99
1186.85
1196.86
1191.14
1188.04
1189.95
1138.93
1167.06
1154.90
17227.89
1212.12
1183.03
1209.02
1192.09
1198.05
1202.82
1170.87
1174.93
1173.97
1189.95
1178.03
1181.13
1183.99
17273.90
1198.05
1196.15
1156.09
1184.94
1183.99
1173.97
1168.01
1172.07
1167.06
1172.07
1180.89
1173.02
17257.93
1240.97
1207.83
1219.99
1147.03
1158.95
1154.90
1166.11
1142.02
1140.83
9212.97
1243.83
1209.02
1201.87
1204.97
1194.95
1189.95
9284.02
1170.87
1164.20
1180.89
1163.01
1164.91
9203.91
1233.82
1199.01
1186.13
1189.95
1178.98
1178.98
1193.05
1175.88
1161.81
1171.83
1178.98
1163.96
1159.91
17254.11
1171.11
1160.14
1166.11
1152.99
1147.03
1147.03
1163.01
1147.99
1137.97
1139.88
1134.87
1144.89
1134.87
17259.12
1157.05
1149.18
1154.90
1154.90
1167.06
1172.07
1174.21
1175.88
1168.97
17281.06
1193.05
1179.93
1178.03
1165.15
1158.95
1158.95
1188.99
1176.83
1170.87
1187.80
1183.03
1196.86
17232.89
1199.96
1163.01
1168.01
1187.80
1172.07
1168.01
1188.99
1177.07
1191.14
1191.14
1203.06
1200.91
1204.01
17297.03
1165.15
1153.95
1158.00
1149.89
1156.81
1159.91
1152.99
1144.89
1147.99
1147.99
1148.94
1146.08
1142.98
17255.07
1163.01
1157.05
1163.01
1163.01
1163.01
1168.97
1177.07
1169.20
1167.06
1168.01
1167.06
1165.15
17226.93
1201.87
1170.87
1164.20
1178.98
1160.14
1160.14
1173.97
1160.86
1160.14
1171.11
1162.05
1163.96
1162.05
17278.91
1186.13
1173.02
1178.98
1184.94
1166.11
1167.06
1177.07
1165.87
1163.96
17280.82
1204.01
1188.04
1177.07
1158.95
1170.87
1169.92
1177.07
1164.20
1162.05
1177.07
1167.06
1163.96
17179.01
1263.14
1191.14
1179.93
1189.23
1187.09
1199.96
1208.07
1193.05
1184.94
1191.14
1189.95
1178.98
1181.13
21275.04
1161.10
1155.85
1151.80
1145.84
1138.93
1134.87
1193.05
1231.19
1236.92
1245.02
1236.92
1233.82
17288.92
1224.04
1188.99
1190.90
1185.89
1173.97
1173.02
1177.07
1172.07
1168.01
1180.89
1168.97
1175.88
1170.87
17254.83
1171.83
1157.05
1157.05
1148.94
1147.99
1170.16
1158.95
1164.91
1162.05
1172.78
1164.91
1153.95
17184.02
1175.17
1165.15
1178.98
1183.03
1180.89
1182.79
1183.03
1173.97
1187.80
1198.05
1190.90
1181.84
1191.85
17289.88
1195.19
1190.90
1194.00
1198.05
1185.89
1194.95
1183.99
1180.89
1184.94
1193.05
1182.79
1178.98
17244.10
1224.99
1184.94
1196.15
1194.95
1190.19
1181.13
1190.90
1179.93
1183.03
1191.14
1188.99
1183.99
1191.14
17288.92
1211.88
1194.95
1193.05
1187.09
1194.00
1208.07
1193.05
1185.89
1185.18
1199.01
1191.14
1193.05
17282.01
1199.96
1201.15
1188.99
1197.81
1189.95
1198.05
1195.19
1207.11
1193.05
1213.07
1194.00
1194.95
17265.08
1224.04
1195.91
1193.05
1171.83
1163.96
1167.06
1176.12
1163.96
1163.01
1168.97
1172.07
1168.97
1167.06
17293.93
1184.94
1175.88
1178.98
1169.92
1171.11
1163.96
1197.81
1201.87
1195.91
1208.07
1196.15
1194.95
17269.85
1230.00
1200.91
1200.91
1181.84
1192.09
1188.04
1200.91
1182.08
1181.13
1179.93
1178.03
1173.02
17232.18
1214.03
1194.95
1178.98
1205.92
1199.96
1201.15
1209.97
1199.01
1195.91
1194.95
1135.11
1142.02
1137.02
9265.90
1161.81
1152.99
1147.99
1213.07
1234.05
9248.02
1210.93
1169.92
1165.87
1169.20
1183.99
1185.18
9267.09
1210.93
1200.91
1190.19
1199.96
1204.01
1198.05
9286.88
1178.03
1166.11
1161.10
1176.12
1180.89
1192.81
1189.95
1181.13
1180.89
1186.85
1184.94
1178.03
17259.84
1230.00
1181.13
1168.01
1180.89
1173.02
1188.99
1192.09
1188.04
1178.98
1184.94
1183.03
1178.98
1178.98
17289.16
1188.99
1192.09
1183.03
1183.99
1187.09
17244.10
1227.14
1204.01
1190.19
1154.90
1170.87
1158.95
1177.07
1160.14
1157.05
1180.17
1163.01
1158.00
1159.91
17292.02
1214.03
1199.96
1206.87
1207.11
1201.15
1204.97
1158.00
1172.07
1169.92
1180.17
1166.11
1168.97
17231.94
1202.11
1173.02
1166.82
1184.94
1165.15
1163.96
1178.98
1175.17
1175.88
1173.02
1147.03
1142.98
1145.84
17271.04
1195.91
1193.05
1194.95
1187.80
1190.90
1181.84
1179.93
1180.17
1173.97
1187.09
1142.98
1147.99
5203.01
1250.98
1240.02
1245.98
1236.92
1237.15
1234.05
9328.13
1219.99
1221.90
1208.07
1196.15
1198.05
9276.15
1179.93
1154.90
1150.13
1162.05
1161.10
1162.05
1163.01
1198.05
1192.81
1219.03
1205.92
1200.91
1207.11
17317.06
1213.79
1213.07
1229.05
1224.04
1213.07
1194.95
1158.00
1168.01
1167.06
1175.17
1167.06
1168.97
17248.87
1246.93
1219.03
1224.04
1214.03
1218.80
1217.84
1151.08
1155.85
1149.89
1153.95
1153.95
1158.95
29216.05
1208.07
1170.16
1169.92
1130.82
1191.85
1196.15
1187.09
1169.92
1176.83
1178.03
1187.09
1168.97
1175.17
17311.10
1235.96
1245.98
1244.07
1250.03
1212.12
1219.99
1207.11
1200.91
1197.81
1206.87
1199.01
1199.96
17287.02
1164.91
1163.01
1168.97
1163.01
1169.92
1165.87
1187.09
1161.10
1161.10
1168.97
1159.91
1162.05
1159.91
17275.09
1181.13
1166.11
1178.03
1169.92
1175.88
1184.94
1178.98
1178.98
1167.06
1182.08
1174.93
1169.92
17226.93
1203.06
1183.99
1178.98
1168.01
1168.01
1161.10
1173.97
1168.01
1174.93
1178.98
1169.92
1162.05
1166.11
17291.07
1189.95
1173.02
1183.03
1169.92
1176.12
1175.17
1169.92
1173.02
1173.02
1174.93
1174.93
1165.15
17215.01
1212.84
1181.84
1180.89
1165.87
1168.97
1167.06
1193.05
1173.97
1162.05
1176.83
1171.83
1162.05
1167.06
17288.92
1188.04
1175.88
1187.80
1173.02
1173.02
1179.93
1167.06
1177.07
1168.01
1179.93
1169.20
1170.87
17221.93
1201.87
1176.12
1166.11
1181.13
1163.96
1169.92
1176.12
1168.97
1171.83
1163.01
1163.01
1173.97
1147.99
17311.10
1208.07
1195.19
1200.91
1197.81
1190.90
1202.82
1198.05
1194.00
1192.09
1200.20
1192.09
1195.91
17262.22
1209.97
1174.21
1167.06
1144.89
1145.12
1153.95
1173.97
1161.10
1152.99
1152.04
1172.07
1171.11
1168.97
17287.97
1188.04
1176.12
1183.03
1163.96
1163.96
1180.17
1179.93
1174.93
1172.07
1173.97
1157.05
1163.01
17241.00
1240.97
1203.06
1199.96
1185.89
1185.18
1184.94
1197.10
1184.23
1178.98
1182.08
1173.02
1172.07
1166.11
17302.99
1214.98
1203.06
1203.06
1183.99
1177.07
1181.84
1177.79
1179.93
1173.97
1199.01
1186.13
1184.94
17306.09
1216.17
1210.93
1188.04
1234.05
1226.90
1245.98
1259.09
1237.15
1243.11
1244.07
1237.87
1239.06
17302.04
1163.01
1143.93
1137.97
1228.09
1227.14
1235.01
1222.13
1225.95
1220.94
1229.05
1233.10
1225.95
17312.05
1174.93
1160.86
1158.00
1157.05
1158.00
1151.80
1154.90
1147.03
1140.83
1144.89
1147.03
1151.80
1142.98
17291.07
1226.19
1198.05
1190.90
1159.91
1168.01
1174.93
1170.16
1173.02
1177.07
1183.99
1183.99
1178.03
17258.17
1229.05
1194.00
1213.07
1224.99
1218.08
1214.98
1234.05
1216.17
1215.93
1191.85
1153.95
1157.05
17207.86
1273.87
1229.05
1216.89
1132.01
1135.83
1139.88
1148.94
1137.97
1137.02
1142.02
1152.99
1139.16
1142.98
17229.08
1271.96
1241.92
1236.92
1162.77
1168.01
1165.15
1178.98
1162.05
1166.11
1168.97
1167.06
1169.92
9339.09
1266.00
1205.92
1187.09
1183.99
1165.87
1165.87
1168.97
1157.05
1154.18
1151.08
1183.03
1198.05
1178.98
17294.88
1169.92
1152.99
1153.95
1147.03
1142.98
1148.94
1158.00
1159.91
1161.81
1163.01
1161.10
1161.10
1171.11
17268.90
1181.84
1183.03
1178.03
1173.02
1168.97
17243.15
1235.96
1195.19
1204.97
1176.83
1178.03
1180.89
1183.03
1179.93
1189.95
1193.05
1187.09
1182.08
1173.02
17240.05
1166.11
1143.22
1151.08
1151.08
1147.99
1142.02
1134.87
1139.16
1137.02
1147.03
1141.79
1137.02
17163.99
1195.91
1152.99
1139.88
1147.99
1146.08
1147.99
1158.00
1147.99
1155.14
1147.03
1161.10
1152.04
1152.99
17214.06
1201.15
1156.09
1158.00
1178.03
1158.95
1155.14
1168.01
1150.13
1156.09
1157.05
1166.11
1148.94
1152.04
17228.13
1188.04
1153.95
1165.87
1157.05
1157.05
1158.95
1162.05
1158.00
1149.89
1160.14
1158.00
1155.14
1152.04
17260.07
1176.12
1160.86
1168.01
1158.95
1158.95
1172.07
1162.05
1155.14
1156.09
1168.01
1158.00
1156.81
17210.96
1199.96
1168.01
1171.11
1174.93
1168.01
1161.10
1164.91
1159.91
1164.20
1170.87
1168.01
1159.91
1158.95
17218.11
1207.11
1169.92
1170.87
1159.91
1158.00
1158.95
1174.93
1168.01
1178.98
1169.20
1164.91
1164.91
1168.97
17302.99
1199.01
1194.00
1198.05
1188.99
1199.01
1188.04
1209.02
1187.09
1189.95
1176.83
1183.03
1186.13
17294.88
1163.01
1146.08
1153.95
1144.17
1150.13
1157.05
1153.95
1158.00
1152.99
1167.06
1163.96
1163.96
1161.10
17323.02
1214.03
1210.21
1201.87
1183.99
1178.98
1190.19
1174.93
1179.93
1179.93
1188.99
1182.08
1173.97
17284.87
1199.01
1165.15
1161.10
1215.93
1210.93
1204.01
1213.79
1209.97
1209.97
1214.98
1204.01
1208.07
17290.83
1220.94
1183.99
1177.07
1229.05
1216.89
1218.08
1222.13
1222.13
1213.07
1224.04
1221.18
1223.09
17282.01
1234.05
1213.79
1214.03
1198.05
1208.07
1209.02
1224.99
1214.03
1214.98
1217.13
1212.12
1209.97
17277.96
1219.99
1180.89
1170.87
1179.93
1197.10
1196.15
1209.97
1203.06
1190.90
1193.05
1196.86
1199.96
1213.07
17275.09
1166.11
1158.00
1142.98
1206.16
1212.12
1211.88
1214.98
1213.07
1211.17
1220.94
1215.93
1209.02
17338.99
1223.09
1210.93
1189.95
1203.06
1199.01
1224.99
1233.10
1224.04
1223.09
1265.05
1233.82
1237.87
17339.94
1255.99
1245.98
1214.03
1194.95
1195.91
1200.91
1193.05
1206.16
1192.09
1209.97
1185.89
1197.10
17257.93
1231.91
1199.01
1195.91
1205.92
1214.98
1196.86
1210.93
1198.05
1197.10
1215.93
1205.21
1214.98
17265.08
1246.93
1214.98
1228.81
1221.90
1206.16
1210.93
1224.99
1219.99
1215.93
1214.03
1204.01
1209.97
17291.78
1255.04
1222.13
1222.13
1213.07
1209.02
1214.98
1223.80
1212.84
1214.03
1217.13
1212.12
1209.02
17274.14
1247.88
1224.04
1206.87
1230.00
1219.03
1217.13
1228.09
1215.93
1211.17
1218.08
1214.98
1216.17
17275.09
1271.01
1233.82
1255.04
1245.02
1237.87
1232.86
1248.84
1235.96
1238.11
1234.05
1242.16
1239.06
17304.90
1276.02
1241.92
1245.02
1240.02
1235.96
1234.05
1247.17
1240.97
1237.87
1242.88
1235.01
1238.11
17302.04
1266.96
1242.88
1246.93
1237.87
1240.02
1240.97
1240.02
1232.15
1238.11
1142.02
1141.07
1152.99
17237.90
1233.10
1224.04
1214.03
1199.01
1209.02
1215.93
1133.92
1132.01
1127.00
1142.02
1133.20
1134.87
1132.01
1146.08
1133.92
1142.02
9209.87
1235.01
1191.14
1189.95
1188.99
1171.11
1173.02
13290.17
1153.95
1135.11
1144.17
1182.08
1173.02
1171.11
9270.91
1185.89
1187.09
1172.78
1154.90
1152.99
1149.89
1147.03
1154.90
1158.00
1159.91
1155.14
1163.96
17240.05
1241.92
1204.97
1203.06
1205.21
1209.97
1199.96
17307.04
1218.08
1195.19
1197.81
1201.87
1198.05
1213.07
1193.05
1193.05
1192.09
1175.17
1148.94
1151.08
17216.21
1194.95
1164.91
1163.01
1179.22
1157.05
1132.97
1147.99
1141.07
1147.03
1148.22
1152.99
1152.04
1152.99
17261.98
1167.06
1163.01
1164.91
1157.05
1166.11
1158.95
1169.92
1158.00
1158.00
1167.06
1158.95
1157.05
1156.09
17270.09
1180.89
1170.87
1171.83
1160.86
1160.86
1184.94
1168.01
1168.97
1171.11
1178.03
1168.01
1160.14
1158.00
1141.07
1142.02
1139.88
1165.15
1132.97
1128.20
17209.05
1240.02
1205.92
1194.00
1134.87
1155.85
1157.05
1168.01
1153.95
1165.15
1162.05
1163.01
1148.22
1158.95
17270.09
