1261.95
17496.11
1333.00
1291.04
17498.97
1312.97
1271.01
17492.06
1311.06
1266.96
17485.14
1300.10
1279.12
17482.04
1300.10
1287.94
17482.04
1295.09
17345.19
1415.97
1295.09
17376.90
1382.11
1281.02
17400.98
1369.00
1315.12
17436.98
1427.17
1272.92
17471.08
1384.02
1281.98
17406.94
1369.95
1276.02
17426.01
1363.04
18278.84
1375.91
1286.03
17390.01
1374.96
1286.03
17425.06
1382.83
1293.90
17449.86
1368.05
1286.98
17441.99
1390.93
1288.89
17528.06
1335.14
1280.07
17525.20
1333.95
1271.96
17513.99
1310.11
1263.14
17496.11
1307.96
1262.90
17488.00
1301.05
17289.88
1444.10
1281.98
17364.98
1441.00
1274.11
17363.07
1378.06
1281.98
17387.87
1374.01
1269.82
17418.86
1377.11
1291.04
17412.90
1365.90
1277.92
17437.22
1362.09
1274.11
17421.01
1372.10
1272.92
17460.82
1379.01
1277.21
17405.99
1363.99
1288.89
17457.01
1311.06
1274.82
17484.90
1310.11
1264.10
17483.95
1323.94
1271.01
17491.10
1302.00
1260.04
17498.97
1300.10
1268.86
17498.97
1308.92
1258.85
21516.80
1291.04
1280.07
13489.01
1289.84
17324.92
1440.05
1287.94
17385.96
1389.03
1285.79
17392.87
1378.06
1266.00
17387.87
1362.09
1275.06
17407.89
1358.99
1266.96
17399.07
1371.15
1267.19
17395.97
1352.07
1289.13
17418.15
1363.99
1286.03
17401.22
1383.07
1283.17
17391.92
1369.00
1269.10
17411.95
1392.13
1320.12
17424.11
1334.19
1271.01
17467.02
1332.04
1274.11
17508.98
1333.00
1275.06
17511.13
1330.14
1276.97
17599.82
1300.10
1289.13
17472.98
1291.99
17335.18
1418.83
1295.09
17333.98
1415.01
1283.17
17382.14
1372.10
1280.07
17393.83
1358.03
1284.12
17385.96
1354.93
1277.92
17385.96
1354.93
1275.06
17396.21
1358.03
1290.08
17390.01
1374.96
1297.00
17419.10
1381.16
1293.90
17404.08
1367.09
1283.17
17436.98
1366.85
1297.95
21416.90
1360.89
1285.08
17493.96
1332.04
1270.06
17496.11
1294.85
1305.82
17505.88
1301.05
1279.12
17533.06
1302.96
1280.78
17509.94
1299.86
1267.91
17452.96
1298.90
17302.99
1423.84
1292.94
17364.03
1415.01
1294.14
17380.00
1369.00
1275.06
17393.11
1392.84
1297.95
17412.90
1374.01
1297.00
17415.05
1375.91
1283.88
17409.09
1361.13
1276.02
17398.12
1354.93
1281.02
17396.21
1359.94
1266.00
17424.82
1357.08
1273.16
17417.91
1357.08
1272.92
17401.93
1338.01
1270.06
17410.99
1334.91
1259.80
21447.90
1336.10
1259.09
13457.06
1330.85
1282.93
17483.95
1312.97
1295.80
17504.93
1359.94
1373.05
17480.85
1302.00
1276.02
17497.06
1294.14
17359.97
1416.92
1281.02
17354.01
1384.97
1297.95
17398.12
1365.18
1274.11
17377.14
1367.09
1275.06
17412.90
1379.01
1266.96
17399.79
1376.15
1274.11
17386.91
1358.03
1270.06
17401.93
1358.99
1270.06
17414.09
1357.79
1275.06
17400.03
1365.90
1276.97
17409.09
1370.91
1285.08
17433.88
1354.93
1260.04
17424.11
1345.16
1275.06
17440.08
1333.00
1274.11
17476.08
1325.13
1272.92
17510.89
1316.07
1268.15
17493.96
1294.85
1266.00
17502.07
1291.99
1260.04
17830.13
1311.06
17395.02
1384.97
1276.02
17400.98
1367.09
1275.06
17392.87
1368.05
1283.88
17401.93
1379.01
1289.13
17428.16
1366.14
1292.94
13418.91
1363.04
1271.01
17434.84
1360.89
1297.95
17470.84
1345.87
1286.03
21492.96
1334.91
1267.91
17509.94
1294.85
1255.04
17507.08
1292.94
1263.14
13494.97
1293.90
1255.99
17508.98
1311.06
1262.90
17529.96
1291.04
17322.06
1446.01
1285.08
17404.08
1384.02
1291.99
17410.99
1387.12
1292.94
18305.06
1315.12
1271.01
17510.89
1307.96
17339.94
1446.01
1277.92
21394.01
1451.97
1294.14
17413.14
1377.11
1266.96
17405.03
1363.99
1271.01
17396.21
1363.99
1268.86
17401.93
1367.09
1264.81
21415.95
1358.03
1270.06
13379.10
1366.85
1298.90
17407.89
1353.98
1274.82
17410.04
1353.98
1280.07
17395.97
1348.97
1279.12
17419.10
1352.07
1277.21
17480.13
1317.02
1269.82
17514.94
1315.83
1269.82
17497.06
1317.02
1266.00
17530.92
1304.86
1266.00
17508.98
1297.00
1282.93
17507.08
1312.02
17339.94
1429.08
1281.98
17366.89
1379.01
1263.86
17378.81
1379.01
1263.86
17372.85
1374.01
1297.95
17381.19
1361.13
1276.02
17390.01
1360.89
1286.98
17403.13
1362.80
1283.88
17417.91
1361.85
1279.12
17414.09
1361.13
1283.17
17415.05
1358.99
1280.07
17404.08
1370.91
1268.86
17404.79
1372.10
1286.03
17403.84
1346.11
1265.05
17418.86
1337.05
1255.04
17423.15
1338.01
1272.92
17452.96
1307.96
1261.00
17467.02
1289.13
1261.95
17487.05
1304.15
1259.09
17491.10
1308.20
1266.96
17492.06
1310.11
1258.13
17497.06
1312.97
1264.10
17517.09
1292.23
1265.05
17489.91
1291.04
1260.04
17486.81
1305.10
17344.00
1470.09
1388.07
17410.99
1380.92
1291.99
17428.16
1369.00
1278.88
17421.96
1356.84
1271.01
17385.96
1371.15
1289.13
17411.95
1369.95
1266.00
17409.09
1361.13
1271.96
17416.00
1359.94
1276.02
17407.89
1332.04
1270.06
17455.10
1330.85
1257.90
17465.11
1321.79
1261.00
17477.04
1297.95
1257.18
17491.10
1316.07
1271.96
17491.10
1300.81
1261.95
21517.99
1307.96
1277.92
13504.98
1299.86
1270.06
17507.08
1305.82
17313.00
1461.98
1301.05
17390.01
1398.09
1288.18
17391.92
1387.12
1276.97
17391.92
1380.92
1268.86
17465.83
1390.93
1276.02
17406.94
1361.13
1270.06
17399.07
1353.03
1265.05
17391.92
1349.93
1288.18
17412.90
1348.02
1271.01
17408.85
1343.01
1287.94
17423.15
1358.03
1263.86
17410.04
1349.21
1269.10
17446.04
1333.95
1267.19
17508.98
1314.88
1285.79
17498.97
1314.88
1276.02
17510.89
1318.93
1277.92
17516.14
1303.91
1266.00
17476.08
1316.07
1266.00
1451.02
1276.97
17316.10
1425.98
1284.12
17337.08
1432.90
1288.89
17372.13
1377.11
1291.99
17415.05
1351.12
1274.11
17398.12
1369.95
1281.02
17398.83
1425.98
1284.84
17410.04
1355.89
1277.21
17393.11
1358.03
1283.88
17404.79
1357.08
1290.08
17428.87
1365.90
1282.93
17393.11
1363.04
1281.02
17432.93
1341.10
1274.11
17484.90
1336.10
1265.05
17493.01
1327.99
1261.00
17491.10
1297.00
1261.00
17498.97
1307.01
1262.19
17501.12
1291.99
1266.00
17492.06
1289.13
1271.01
17505.17
1290.08
1266.00
17483.95
1292.94
17328.02
1430.03
1295.09
17378.09
1390.93
1303.91
17398.12
1368.05
1277.92
17395.02
1360.89
1270.06
17405.99
1374.96
1286.03
17401.93
1369.95
1271.96
17430.07
1409.05
1380.92
17434.12
1362.80
1297.00
21482.23
1322.03
1271.01
13485.91
1317.02
1263.14
17464.16
1265.05
1248.84
17431.02
1285.08
1239.06
17455.82
1288.89
1253.84
17483.95
1284.84
1254.08
17470.12
1289.13
1246.93
17483.00
1299.86
1256.94
17493.01
1308.92
1266.96
17483.00
1297.00
1261.00
17488.96
1286.03
1254.08
17497.06
1285.79
1251.94
17490.86
1307.01
1260.04
17474.89
1296.04
1259.09
17465.11
1297.95
17292.98
1434.09
1275.06
1240.97
17462.97
1291.99
17318.96
1412.87
1294.14
17333.98
1421.93
1288.89
17356.87
1367.09
1269.10
17369.03
1359.94
1279.12
17373.09
1363.04
1281.98
17385.01
1352.07
1271.01
17383.10
1360.89
1281.98
17401.93
1368.05
1280.07
17374.04
1365.90
1274.82
17396.93
1363.04
1276.97
17405.99
1357.08
1268.15
17397.17
1371.15
1279.12
17407.89
1361.13
1266.00
17397.88
1348.97
1281.98
17392.87
1364.95
1274.82
17416.00
1358.99
1276.97
17405.03
1358.99
1266.00
17415.05
1350.88
1284.84
17455.82
1319.17
1281.98
17472.98
1302.00
1280.07
17492.06
1306.06
1263.86
17500.88
1302.00
1260.04
17506.84
1298.90
1263.86
17519.00
1300.10
1277.92
17510.89
1302.96
1271.96
17474.17
1297.00
17329.93
1415.97
1289.13
17380.00
1382.11
1280.07
17363.07
1379.97
1297.00
17385.96
1352.79
1277.92
17386.91
1360.89
1278.88
17382.86
1354.93
1281.02
17392.16
1363.04
1276.97
21399.02
1360.89
1270.06
13389.11
1369.00
1276.97
17394.07
1345.87
1273.87
17418.15
1369.95
1269.10
17394.07
1355.89
1270.06
17397.88
1358.99
1276.97
17410.04
1358.99
1264.10
17390.97
1345.87
1275.06
17390.01
1337.05
1271.96
17400.03
1367.09
1280.07
17411.95
1347.06
1266.00
17437.93
1320.84
1265.05
17473.94
1311.06
1261.95
17472.03
1315.12
1270.06
17492.06
1298.90
1272.20
17508.98
1305.82
1265.05
17492.06
1295.80
1261.95
17494.20
1306.06
1269.10
17505.17
1294.14
1265.05
17477.99
1292.94
17318.96
1436.95
1281.98
17347.10
1404.05
1279.83
17334.94
1399.04
1291.99
17364.98
1366.85
1281.02
17383.10
1367.09
1266.00
17390.01
1358.99
1265.05
17382.14
1352.07
1276.02
17391.92
1369.00
1264.10
17403.13
1357.79
1283.88
17395.97
1358.99
1280.07
17393.11
1353.98
1285.08
17403.13
1356.84
1271.01
17405.99
1352.07
1276.02
17420.05
1348.97
1282.93
17390.97
1357.08
1266.00
17386.91
1346.83
1278.88
17421.96
1351.12
1272.92
17406.94
1345.87
1277.92
17409.09
1343.97
1280.07
17439.84
1333.00
1263.14
17483.00
1315.12
1261.95
17498.02
1317.98
1268.15
17508.98
1307.96
1266.00
17510.89
1305.82
1252.89
17495.87
1303.91
1271.01
17516.14
1295.09
1284.12
17475.13
1287.94
17319.92
1430.99
1286.98
17391.92
1374.01
1281.02
17367.12
1372.10
1270.06
21373.99
1378.06
1281.98
13384.10
1369.95
1276.97
17403.84
1369.95
1276.02
17405.99
1356.84
1277.92
17406.94
1353.03
1271.96
17400.98
1354.93
1281.02
17419.10
1367.81
1279.12
17401.93
1362.09
1270.06
17384.05
1361.85
1287.94
17412.19
1348.97
1278.88
17406.94
1343.97
1274.11
17409.09
1359.94
1276.02
17442.94
1324.89
1276.97
17483.00
1304.86
1269.10
17484.90
1314.88
1266.00
17493.01
1317.98
1272.92
17517.81
1308.92
1282.93
17513.99
1293.18
1268.15
17482.04
1305.10
17310.14
1441.00
1294.14
17338.04
1429.80
1291.04
17378.09
1378.06
1281.02
17390.97
1365.90
1276.97
17388.11
1361.13
1297.95
17403.13
1363.99
1278.88
17396.93
1371.86
1276.97
17396.93
1367.09
1277.92
17417.91
1355.89
1281.98
17412.19
1352.07
1279.83
17414.81
1352.07
1269.82
17395.97
1361.13
1275.06
17417.91
1356.84
1271.01
17403.13
1338.01
1281.98
17444.85
1322.98
1271.01
17467.98
1331.09
1271.96
17487.05
1297.00
1268.15
17476.08
1307.01
1265.05
17500.16
1292.94
1270.06
17508.98
1303.91
1273.87
17510.89
1296.04
1281.02
17502.07
1292.94
17300.13
1431.94
1293.90
17339.94
1420.02
1296.04
17384.05
1366.85
1266.96
17377.14
1361.85
1273.87
17409.09
1358.99
1276.97
17394.07
1374.01
1277.92
17391.92
1361.85
1281.02
17400.98
1374.96
1280.07
17411.95
1358.99
1274.11
21428.11
1369.00
1271.01
13396.02
1358.03
1271.96
17417.19
1345.16
1277.21
17410.99
1362.09
1275.06
17410.04
1354.93
1269.82
17422.91
1353.98
1286.03
17469.17
1309.16
1275.06
17477.99
1307.01
1280.07
17487.05
1304.86
1257.90
17508.03
1312.02
1263.86
17506.84
1297.00
1270.06
17510.89
1297.95
1261.00
17476.08
1293.18
1263.14
17466.07
1301.05
17345.91
1420.97
1285.08
17346.86
1415.97
1287.22
17387.87
1367.09
1279.12
17390.01
1363.99
1295.09
17416.95
1373.05
1286.03
17387.87
1369.00
1274.11
17429.83
1363.04
1274.11
17410.04
1350.88
1272.92
17413.85
1357.08
1287.94
17416.00
1348.97
1279.12
17417.19
1360.18
1272.92
17396.93
1355.89
1268.86
17413.85
1338.01
1274.11
17444.13
1326.08
1270.06
17467.02
1303.91
1260.04
17493.01
1302.96
1266.00
17487.05
1306.06
1283.17
17486.10
1297.95
1266.96
17508.03
1317.02
1276.02
17508.03
1296.04
1259.09
17498.97
1300.10
17293.93
1461.98
1301.05
17348.05
1409.05
1275.06
17386.91
1380.92
1276.97
17390.97
1365.90
1264.10
17382.14
1368.05
1270.06
17404.08
1369.00
1272.92
17395.02
1363.99
1272.92
17416.00
1369.24
1277.92
17400.98
1358.99
1271.01
17407.89
1342.06
1290.08
17400.98
1363.99
1263.14
17405.99
1353.03
1270.06
17416.95
1344.92
1267.19
17429.11
1348.97
1276.97
17396.93
1348.02
1271.01
21420.00
1353.03
1264.10
13445.14
1308.92
1257.18
17470.12
1299.14
1264.10
17477.99
1302.96
1274.82
17493.01
1310.11
1271.96
17489.91
1299.86
1270.06
17501.12
1290.08
1261.00
17504.93
1297.95
1250.03
17500.88
1297.95
1262.19
17497.06
1300.10
17330.88
1444.10
1292.94
17333.03
1408.82
1273.87
17359.02
1374.01
1276.02
17383.81
1368.05
1283.88
17392.16
1358.99
1270.06
17393.11
1357.08
1272.92
17388.11
1365.90
1279.83
17402.89
1368.05
1277.92
17401.93
1351.83
1286.03
17400.98
1353.03
1279.12
17406.94
1352.07
1272.92
17406.94
1351.83
1261.00
17409.09
1357.08
1266.00
17395.02
1339.91
1278.88
17390.97
1356.84
1285.79
17410.99
1341.82
1276.97
17409.09
1344.92
1269.10
17403.13
1345.87
1268.86
17406.94
1348.97
1264.81
17459.87
1327.04
1265.05
17479.18
1317.98
1264.10
17478.94
1302.00
1276.02
17488.00
1307.01
1272.92
21516.08
1299.86
1267.91
17508.03
1307.01
1261.00
13473.99
1301.05
1268.86
17475.84
1291.04
1271.96
17459.87
1278.88
1267.91
21488.90
1285.79
17350.91
1412.15
1279.12
17374.99
1395.94
1287.94
17378.09
1363.04
1280.07
17411.95
1363.04
1273.16
17393.11
1370.91
1281.98
17391.92
1357.08
1279.12
17399.07
1372.81
1262.90
17396.93
1349.93
1278.88
17387.87
1359.94
1266.96
17389.06
1346.11
1276.97
17401.93
1369.00
1331.09
1295.09
1259.09
1255.99
29433.97
1374.01
1268.15
17402.17
1363.99
1271.01
17405.99
1354.93
1276.97
17417.19
1356.12
1283.17
17409.09
1351.83
1285.79
17449.86
1322.03
1274.11
17497.06
1316.79
1268.86
17498.02
1308.92
1274.11
17506.12
1299.14
1270.06
17524.00
