1183.03
1075.98
1070.98
1067.16
1055.96
1052.86
25116.92
1218.08
1088.14
1083.14
17283.92
1114.13
1080.04
17163.99
1213.07
1091.96
1073.12
17269.13
1106.98
1091.00
17140.87
1220.94
1087.90
1070.02
17281.06
1113.89
1081.23
17140.87
1194.95
1075.98
1059.06
17287.02
1108.17
1078.13
17132.04
1199.01
1091.00
1071.93
17264.13
1112.94
1093.86
17139.91
1194.95
1090.05
1065.97
1081.94
1087.19
1140.12
1068.12
25269.99
1113.89
1081.94
1082.18
1080.99
1067.88
1060.01
25269.99
1112.94
1076.94
13152.84
1186.13
1096.96
1085.04
1081.94
1062.87
1053.81
25093.08
1228.09
1091.00
1070.02
13195.99
1119.14
1058.10
1049.04
1079.80
1052.86
1049.04
25120.02
1222.85
1086.00
1067.88
13275.86
1128.91
1071.93
1070.02
1071.93
1058.10
1046.90
25144.82
1216.17
1090.05
1073.84
13279.91
1111.03
1100.06
1083.14
1066.92
1061.92
1058.82
25285.96
1111.03
1064.06
13139.01
1197.10
1083.85
1071.93
1105.07
1082.90
1063.11
1055.00
25257.83
1118.90
1072.88
13160.94
1182.08
1086.00
1069.07
1071.21
1065.02
1054.05
25130.03
1206.16
1080.99
1070.02
17262.94
1117.94
1091.00
13139.96
1200.91
1101.02
1087.90
17270.09
1123.91
1087.90
17149.93
1206.87
1090.05
1071.93
17251.97
1106.98
1090.05
17140.87
1193.05
1088.86
1065.97
17256.02
1112.94
1063.82
17113.92
1199.01
1075.98
1060.96
17251.97
1114.13
1070.98
17102.96
1203.06
1085.04
1070.98
17173.05
1159.19
1085.04
1063.82
17246.01
1107.22
1081.94
17178.06
1219.99
1179.93
17122.03
1224.99
1096.01
1071.93
17227.89
1127.00
1075.98
1059.06
17239.09
1083.85
1065.97
17140.15
1164.91
1080.04
1062.87
17256.02
1091.96
1072.17
17153.02
1173.97
1065.97
1060.96
17259.12
1106.98
1066.92
17127.99
1205.92
1090.05
1071.93
21279.10
1117.23
1077.89
17136.10
1209.97
1098.87
1081.94
17270.09
1124.86
1077.89
17166.14
1188.99
1081.94
1081.94
17267.94
1116.04
1085.04
17168.05
1188.04
1096.01
1079.08
1080.04
1064.06
1057.86
1050.95
25262.83
1108.88
1080.04
13226.03
1127.96
1099.11
1078.13
1080.99
1060.96
1054.05
25149.11
1196.86
1082.90
1069.78
13263.94
1106.02
1074.08
17147.06
1188.99
1075.03
1091.00
17270.09
1106.02
1067.88
17150.88
1196.86
1086.95
1071.93
17257.93
1113.18
1091.96
21144.87
1207.11
1097.92
1087.90
9253.98
1101.02
1063.11
13143.06
1174.93
1088.86
1075.03
1078.13
1055.96
1044.99
1057.15
22485.02
1109.12
1086.95
1078.84
1057.86
1055.00
29288.77
1111.03
1064.78
17155.89
1197.10
1091.96
17982.01
1141.07
1072.88
1055.96
17244.10
1116.04
1087.90
17172.10
1220.94
1182.79
21147.01
1206.87
1087.90
1083.85
1086.00
1064.06
1064.06
1057.15
25285.01
1107.93
1065.02
9139.06
1178.03
1075.98
1065.02
13246.06
1098.87
1064.06
1061.92
1074.08
1056.91
1052.86
25145.05
1192.81
1093.86
1067.88
13262.03
1098.16
1066.92
1072.88
1066.92
1044.99
1049.04
25265.93
1128.91
1078.13
13132.10
1200.91
1091.00
1082.90
1092.91
1067.88
1065.02
1056.91
25289.06
1113.18
1081.94
13159.99
1182.79
1094.10
1080.04
1093.15
1060.96
1060.01
25130.99
1220.94
1096.96
1075.98
13304.00
1127.00
1082.90
1087.90
1066.92
1066.92
1063.11
25263.07
1128.91
1075.03
13108.02
1213.07
1086.00
1071.93
1070.98
1056.19
1044.99
1039.03
25300.98
1109.84
1077.89
13139.01
1194.95
1086.00
1059.06
1071.93
1054.05
1053.09
1056.91
25269.03
1109.84
1077.89
13160.94
1185.89
1083.85
1077.89
1089.81
1059.06
1062.87
25137.90
1214.03
1098.87
1081.94
13263.23
1111.98
1070.02
1074.08
1062.15
1057.15
1049.04
25135.04
1193.05
1091.00
1065.02
17288.92
1106.98
1067.88
17148.02
1186.13
1084.09
1067.88
17301.08
1124.86
1096.01
17146.11
1167.77
1077.89
1056.91
1076.22
1063.11
1054.05
25122.88
1205.92
1086.95
1075.98
1091.00
1075.03
1069.07
1060.96
29289.96
1118.90
1080.99
1075.03
1065.97
1060.96
1056.91
21251.92
1112.94
1080.99
17135.86
1214.98
1087.90
1085.04
17277.00
1121.04
1073.12
17128.94
1200.91
1078.13
1073.12
17272.95
1119.85
1075.03
21127.94
1224.04
1080.04
1067.88
3963.95
1107.93
1070.98
1069.07
1058.10
17241.00
1098.16
1075.98
1090.05
1080.04
1062.15
1058.10
25265.93
1136.06
1089.10
13175.01
1283.88
1089.10
1081.94
1079.08
1072.88
1077.89
1068.83
25274.04
1100.06
1075.98
13225.08
1144.89
1077.89
1058.10
1069.07
1055.00
1050.95
25128.84
1207.11
1100.06
1078.13
13261.08
1113.89
1066.92
1060.01
1073.84
1056.91
1048.80
25136.95
1188.04
1080.99
1070.98
17283.20
1100.06
1063.11
21160.13
1185.89
1083.14
1070.98
13246.06
1096.01
1080.99
17153.02
1183.03
1093.86
1094.82
1086.95
1066.21
1059.06
25130.99
1209.02
1087.19
1064.06
13236.05
1111.03
1079.08
1079.08
1065.97
1053.09
1089.10
25161.98
1179.93
1079.08
1063.11
13261.08
1107.93
1077.89
1076.94
1060.96
1050.95
1050.00
25192.02
1152.04
1079.08
1056.91
13259.89
1100.06
1064.06
1082.90
1066.21
1062.15
1070.02
29279.95
1147.99
1085.04
21178.96
1206.16
1099.11
1073.12
1075.03
1065.97
1065.97
25132.18
1217.84
1076.94
1066.92
9209.16
1137.02
1064.06
1056.91
13237.95
1095.06
1078.13
1079.08
1056.19
1053.09
1049.04
25263.07
1118.18
1069.07
13130.19
1185.18
1086.00
1067.88
1069.78
1059.06
1050.95
1049.04
25263.07
1103.16
1072.17
17169.00
1202.11
1084.09
1068.83
17277.96
1101.97
1080.04
1092.20
1075.03
1060.96
1059.06
25247.10
1118.18
1070.98
13123.99
1195.19
1080.99
1065.97
1070.98
1056.91
1058.82
1059.06
25269.99
1110.08
1078.13
13142.11
1179.93
1075.98
1061.92
1077.89
1050.95
1060.96
1060.01
25273.08
1106.02
1079.08
13147.12
1181.84
1086.00
1074.08
1099.11
1063.11
1055.00
29131.89
1229.05
1086.95
1074.08
21291.02
1121.04
1079.08
1073.12
1075.03
1065.02
1055.96
25180.10
1186.85
1080.99
1065.97
9245.87
1101.02
1069.78
13150.93
1168.97
1077.89
1072.88
1079.80
1060.96
1057.15
25120.97
1217.13
1100.06
1072.17
13256.07
1118.18
1079.08
1081.94
1080.04
1065.97
1055.96
25137.90
1191.85
1092.91
1082.90
17274.86
1115.08
1081.94
17148.97
1190.90
1089.81
1071.93
1088.14
1069.07
1055.96
25120.02
1210.93
1092.91
1080.99
13260.13
1128.91
1078.13
1083.14
1071.93
1069.07
1071.93
25162.94
1196.86
1086.95
1071.93
13278.01
1111.03
1079.08
1079.80
1062.87
1070.02
1067.16
25274.04
1119.85
1079.08
13144.02
1195.91
1090.05
1074.08
1082.18
1060.01
1061.92
1063.82
29300.93
1116.99
1083.14
21243.10
1152.04
1091.00
1080.04
1075.98
1064.06
1063.11
25156.97
1204.01
1096.01
1075.98
9243.97
1115.08
1079.08
13155.94
1180.89
1086.95
1075.03
17267.94
1106.98
1086.00
9131.91
1168.01
1091.96
1072.88
13257.98
1105.07
1078.13
1080.04
1075.98
1070.02
1070.98
25210.14
1145.12
1077.18
1083.14
13255.12
1114.13
1078.13
21189.21
1162.05
1086.00
1076.94
13232.95
1106.98
1077.18
17156.12
1167.06
1082.90
1080.99
17246.96
1106.02
1078.13
17147.06
1174.93
1089.10
1080.04
17269.85
1118.90
1082.90
17153.02
1187.09
1084.09
1076.94
17267.94
1114.13
1080.04
17155.89
1194.00
1095.06
1076.94
13249.16
1101.97
1076.94
17149.21
1178.98
1086.95
1083.85
1074.08
1075.03
1070.98
25119.07
1208.78
1086.95
1075.98
13238.91
1117.94
1084.09
1081.94
1076.94
1062.87
1060.01
25144.10
1193.05
1093.15
1078.13
13267.04
1106.02
1080.99
1082.18
1076.94
1069.07
1061.92
25266.89
1125.10
1084.09
13144.97
1207.11
1088.14
1076.94
1096.01
1065.02
1060.01
1063.11
29302.12
1110.08
1081.94
21162.99
1199.01
1091.96
1077.18
1090.05
1066.92
1065.02
25131.94
1213.07
1101.97
1080.04
9257.08
1109.84
1072.88
13140.92
1200.91
1081.94
1073.12
1084.09
1066.92
1059.06
1064.06
25273.08
1101.02
1086.95
13162.85
1171.11
1084.09
1076.94
1075.98
1060.01
1065.02
25129.08
1209.02
1091.96
1070.98
13263.94
1118.90
1090.05
25140.05
1201.87
1098.87
1084.09
17253.16
1137.97
1091.96
17149.21
1205.92
1096.01
1090.05
17272.95
1122.95
1086.00
17147.06
1203.06
1093.86
1086.95
17266.99
1118.90
1090.05
17143.01
1201.87
1101.97
1086.00
17271.04
1116.99
1082.90
17153.98
1183.99
1095.06
1073.12
17261.03
1117.94
1083.14
1077.18
1074.08
1067.16
1065.02
25225.16
1128.91
1080.04
1075.98
1090.05
1067.88
1055.00
29170.04
1211.88
1087.90
1097.92
1096.01
1076.94
1068.12
25127.17
1205.92
1096.01
1076.94
13263.23
1127.00
1077.89
1080.04
1073.84
1064.06
1059.06
25142.19
1188.99
1091.00
1080.99
13275.86
1111.03
1083.14
1081.94
1070.02
1055.96
1056.91
25259.97
1128.91
1093.15
13137.10
1204.01
1097.92
1075.03
1089.10
1075.98
1065.02
1069.07
25263.07
1108.88
1080.99
13164.04
1182.08
1091.00
1077.18
1077.89
1062.87
1059.06
25125.03
1195.91
1105.07
1084.09
13253.21
1114.13
1086.95
1077.89
1065.97
1062.15
1060.01
25133.13
1178.03
1084.09
1080.99
13261.80
1099.11
1091.96
1086.95
1065.97
1071.93
1070.02
25247.10
1122.95
1080.99
13144.02
1198.05
1091.00
1080.04
17261.03
1119.14
1091.96
17138.00
1194.95
1090.05
1077.89
17270.80
1115.08
1083.14
17138.00
1199.01
1096.01
1080.04
21250.96
1110.08
1080.99
9122.13
1175.88
1081.94
1073.12
13233.90
1120.09
1082.18
1081.94
1064.06
1061.92
1061.92
25145.05
1177.07
1085.04
1078.13
13259.17
1113.18
1080.04
13150.93
1171.11
1091.00
1079.08
17265.08
1106.98
1084.09
17138.96
1193.05
1086.95
1082.90
17256.02
1120.09
1085.04
17143.96
1201.87
1101.97
1080.04
17263.89
1117.94
1082.18
13139.01
1180.89
1090.05
1075.03
21269.08
1120.09
1075.03
13144.02
1180.89
1105.07
1079.08
17260.07
1106.98
1075.03
1080.04
1080.99
1068.12
1063.11
25159.12
1192.81
1090.05
1074.08
13262.03
1105.07
1070.98
1081.94
1067.16
1068.12
1063.11
25258.06
1127.00
1070.98
13136.86
1194.00
1093.86
1076.94
1084.09
1062.87
1058.10
1055.00
25273.08
1104.12
1077.89
13166.90
1183.03
1092.20
1080.99
1091.00
1055.96
1064.78
29150.96
1220.94
1100.06
1084.09
21281.00
1127.00
1085.04
1080.04
1076.94
1068.12
1068.12
25254.01
1146.08
1091.00
9109.97
1198.05
1087.90
1077.89
13246.77
1116.04
1080.04
1087.90
1080.99
1070.02
1068.12
25144.10
1189.95
1083.85
1072.88
13273.00
1111.03
1083.85
1091.96
1074.08
1071.21
1066.92
25263.07
1132.97
1085.04
13144.02
1199.96
1091.00
1078.13
21268.13
1133.20
1086.95
13137.82
1201.15
1095.06
1077.18
1090.05
1073.84
1067.88
1062.87
25251.87
1111.03
1075.98
13161.90
1182.08
1091.96
1074.08
1085.04
1063.82
1062.87
25125.98
1214.98
1093.15
1080.99
13252.97
1118.18
1078.13
1084.09
1086.00
1068.12
1063.11
25160.07
1196.15
1099.11
1073.12
13264.18
1101.02
1073.84
1086.00
1073.12
1062.87
1069.07
25262.83
1122.95
1090.05
17154.93
1207.11
1096.96
1081.94
17272.00
1111.98
1091.00
17149.93
1192.09
1086.00
1081.94
17258.88
1105.07
1079.08
17141.10
1190.90
1091.00
1073.84
1091.96
1072.17
1063.11
1065.02
25250.91
1127.96
1083.14
13215.07
1143.93
1081.94
1077.89
1092.91
1086.00
1062.87
25151.97
1185.89
1094.82
1080.99
13271.09
1119.85
1091.00
17151.12
1190.90
1090.05
1075.03
17266.99
1111.03
1084.09
17151.12
1185.18
1088.14
1091.00
17266.99
1110.79
1086.00
17148.02
1188.99
1096.01
1088.86
17282.01
1121.04
1076.22
17152.07
1182.08
1086.95
1079.08
17263.89
1122.95
1091.96
17155.89
1182.08
1090.05
1086.95
17256.98
1101.97
1084.80
17159.94
1185.89
1097.20
1085.04
17262.94
1106.98
1086.00
17147.06
1188.99
1095.06
1081.94
17262.94
1116.99
1090.05
17165.90
1191.85
1089.10
1080.99
17262.94
1122.95
1084.09
17142.77
1189.95
1084.09
1075.98
17280.82
8183.96
1101.97
1080.04
13152.12
1164.91
1092.91
1082.18
17257.93
1116.99
1083.14
17147.06
1178.03
1099.11
1084.09
17256.02
1110.79
1086.95
17152.79
1179.22
1092.91
1090.05
17260.07
1110.08
1093.15
17154.93
1173.97
1101.02
1081.94
17255.07
1114.13
1086.00
17164.95
1187.09
1093.86
1096.01
17263.17
1105.07
1083.14
17140.15
1169.92
1086.95
1071.93
17250.06
1101.02
1084.09
17141.82
1183.99
1096.96
1080.04
17256.02
1102.92
1075.98
17143.01
1183.99
1101.02
1076.94
17279.86
1112.94
1077.89
17148.97
1177.79
1087.90
1078.84
17265.08
1111.03
1074.79
17158.03
1180.17
1091.00
1086.95
17256.98
1122.00
1085.04
17144.92
1178.98
1091.96
1074.79
17251.97
1103.88
1080.04
17144.92
1188.04
1086.00
1075.98
17253.88
1113.89
1084.80
17138.00
1182.79
1091.00
1074.79
17245.05
1116.04
1087.90
17131.81
1183.03
1091.96
1081.94
17249.11
1116.99
1074.79
17128.94
1209.02
1099.82
1070.02
17239.09
1132.01
1086.95
17137.05
1202.11
1091.96
1080.99
17250.06
1120.81
1086.95
17126.80
1200.91
1097.92
1076.94
17246.01
1127.96
1081.94
17117.98
1202.11
1089.81
1078.84
17218.11
1127.96
1090.05
1072.88
17268.90
1103.88
1077.89
17215.97
1132.01
1094.10
1081.94
21258.83
1101.97
1081.94
13207.91
1139.16
1099.11
1072.17
17245.05
1111.98
1080.99
17166.85
1163.96
1091.00
1074.08
17244.10
1103.88
1089.81
17169.00
1189.95
1094.10
1080.99
13254.88
1113.89
10504.96
1123.19
1079.08
17127.99
1196.86
1096.96
1084.09
17244.10
1128.91
1091.00
1085.04
1082.18
1073.12
1063.11
25144.10
1197.81
1101.02
1075.03
13284.92
1109.84
1072.88
1086.00
1075.03
1064.78
1055.96
25257.11
1138.93
1086.00
13148.07
1207.11
1106.02
1086.00
1087.19
1075.03
1072.17
1060.01
25259.02
1113.89
1074.08
17169.95
1177.07
1090.76
1075.98
17262.94
1108.88
1088.14
9181.02
1158.95
1080.99
1078.13
1087.19
1070.02
1060.01
17137.05
1194.95
1097.92
1079.08
1082.18
1080.99
1070.02
1064.06
17253.16
1101.02
1081.94
1088.14
1083.14
1064.06
1061.20
17266.99
1112.94
1094.10
1088.14
1075.98
1062.87
1068.83
17246.96
1128.20
1080.99
1091.96
1071.93
1067.88
1068.83
17143.01
1178.03
1086.95
1075.03
1086.95
1065.97
1060.96
25123.12
1216.89
1093.86
1080.99
13257.98
1124.86
1088.86
1080.99
1083.85
1065.97
1061.20
25153.88
1213.07
1095.06
1080.99
13283.97
1111.98
1080.99
1091.96
1067.88
1065.02
1063.11
25283.10
1124.86
1091.00
13157.13
1204.97
1096.01
1085.04
1088.14
1067.16
1063.11
21091.94
1235.96
1101.02
1090.05
1086.95
1071.93
1067.88
1065.02
25312.90
1121.04
1085.04
17156.84
1208.07
1101.97
1080.99
17277.00
1115.08
1081.23
21152.97
1206.87
1093.86
1091.00
17288.21
1098.16
1078.13
17142.06
1168.97
1081.94
1070.98
13262.03
1100.06
1077.18
1069.07
1067.16
1059.06
1060.96
25251.87
1121.04
1076.94
13134.96
1199.96
1087.90
1075.03
1085.04
1062.15
1061.92
1066.92
25280.95
1111.03
1077.89
13140.92
1192.09
1088.14
1079.08
1080.04
1069.07
1058.10
25128.84
1225.95
1086.00
1076.22
13258.93
1122.00
1078.13
17121.08
1219.03
1099.11
1080.04
21265.03
1132.97
1080.04
9125.95
1195.91
1096.96
1075.98
13231.04
1112.94
1080.99
1091.00
1072.17
1060.01
1063.82
25130.99
1188.99
1092.91
1080.04
13273.00
1106.02
1087.19
1087.90
1073.84
1063.11
1060.01
25264.98
1127.96
1080.99
13136.15
1193.05
1092.91
1084.09
1092.91
1068.12
1061.92
1061.20
29284.00
1121.04
1079.08
17148.97
1188.04
1084.80
1077.89
13279.91
1106.02
1083.14
1086.00
1071.21
1059.06
1058.10
25266.17
1122.00
1088.86
13151.88
1204.97
1091.96
1080.99
1080.99
1065.97
1064.06
1056.91
25279.05
1115.08
1086.00
13174.06
1175.17
1082.18
1080.04
1079.80
1062.87
1075.03
25150.06
1210.93
1089.81
1080.99
13282.06
1127.00
1079.80
17151.83
1191.14
1087.90
1083.85
21265.98
1118.90
1082.90
9131.19
1167.06
1099.11
1087.19
13261.08
1110.08
1080.04
1086.00
1068.12
1065.97
1070.98
25196.08
1152.99
1088.14
1078.13
13241.05
1099.82
1081.94
1086.00
1070.98
1068.83
1074.08
25260.93
1122.00
1073.84
13161.90
1188.04
1095.06
1075.98
1088.14
1073.12
1061.92
29089.93
1251.94
1100.06
1080.04
17251.97
1137.02
1094.10
13144.97
1209.97
1096.96
1084.09
1087.19
1068.12
1063.11
1059.06
25285.01
1122.95
1072.88
13153.08
1191.14
1085.04
1078.84
1099.11
1066.92
1059.06
25135.04
1214.03
1093.15
1086.00
13258.93
1118.90
1084.80
1086.95
1073.12
1064.78
1065.02
25144.10
1199.01
1091.96
1074.08
13274.91
1111.98
1084.09
17163.99
1181.13
1095.06
1076.94
21283.15
1113.89
1081.94
9140.01
1161.10
1086.00
1076.94
13249.16
1105.07
1083.14
1091.96
1077.89
1065.02
1069.07
25266.17
1122.00
1088.86
13158.08
1199.96
1085.04
1076.94
1078.13
1071.93
1057.86
1057.86
25278.09
1109.12
1086.00
13161.90
1170.87
1091.00
1071.93
1077.89
1067.88
1060.96
29144.05
1215.93
1101.02
1084.09
17262.94
1124.14
1079.08
13146.16
1209.97
1095.06
1084.80
1089.10
1063.11
1062.15
1060.01
25258.06
1111.03
1091.00
13231.04
1155.14
1090.05
1084.09
1073.12
1069.07
1066.92
25151.01
1190.90
1087.90
1074.08
13275.15
1112.94
1076.94
1081.94
1077.89
1067.88
1063.11
25259.02
1133.92
1080.04
13127.09
1208.78
1095.06
1080.04
17251.01
1131.06
1086.00
21126.03
1207.83
1096.96
1081.94
9224.18
1122.00
1071.93
13126.13
1199.01
1087.90
1072.88
1091.96
1072.17
1062.15
1065.02
25261.88
1122.00
1075.03
13139.96
1191.85
1096.01
1075.03
1084.80
1064.06
1055.96
25076.87
1238.82
1091.96
1078.84
13207.91
1147.03
1080.99
1087.90
1094.10
1067.16
1065.97
25157.93
1200.91
1086.95
1069.07
13274.91
1118.90
1087.90
1081.94
1075.98
1060.96
1059.06
29273.03
1137.97
1077.89
1086.00
1073.12
1064.06
1063.11
25161.03
1204.01
1091.00
1083.14
13283.01
1114.13
1076.94
1089.10
1074.08
1063.11
1054.05
25278.09
1121.04
1086.00
13156.18
1202.82
1096.96
1073.12
1086.00
1061.92
1062.87
1060.01
25269.03
1110.79
1080.99
17169.00
1168.01
1083.85
1074.79
17272.95
1108.88
1073.84
1077.89
1066.92
1065.02
1056.91
25259.02
1116.04
1083.85
13149.02
1192.81
1086.95
1076.94
1084.80
1060.01
1065.97
1063.11
25264.98
1107.93
1075.03
13159.04
1176.12
1090.05
1080.99
1086.00
1060.96
1067.88
25126.22
1211.88
1102.92
1076.94
17270.09
1118.90
1087.19
13144.02
1191.14
1089.10
1075.98
13259.89
1111.03
1079.08
1086.95
1075.03
1064.78
1065.97
29194.12
1182.08
1080.99
1070.98
1081.94
1063.11
1062.15
25133.13
1209.97
1095.06
1074.08
13267.99
1111.03
1073.12
1085.04
1070.02
1062.87
1072.88
25221.82
1150.13
1087.90
1070.98
1229.05
1093.15
1070.02
1089.10
1078.13
