1199.96
1208.07
1203.78
25254.01
1163.01
1160.86
1158.00
1149.89
1140.83
1150.85
1174.93
1188.04
1198.05
25299.07
1171.11
1152.99
1158.00
1149.89
1147.03
1146.08
25277.85
1168.01
1156.09
1147.99
1221.18
1275.06
25234.94
1178.98
1141.07
1137.02
1136.06
1125.81
1122.00
25184.15
1153.95
1127.00
1130.10
1153.95
1139.88
1130.82
25194.88
1191.85
1164.20
1149.89
1154.90
1162.05
1175.88
1170.16
1178.98
1172.07
25256.87
1204.97
1168.01
1156.09
1144.17
1166.11
1166.11
17237.90
1251.94
1216.89
1200.20
1204.97
1192.81
1205.92
25298.12
1214.98
1178.98
1190.19
1182.08
1187.09
25159.84
1203.06
1178.98
1102.92
1173.02
1139.88
1136.78
25213.96
1235.01
1212.84
1212.12
1206.16
1188.99
1182.08
21329.16
1186.13
1158.95
1167.06
1155.85
1173.97
1167.06
17276.05
1173.02
1168.01
1181.84
1161.81
1162.05
1153.95
1148.94
1157.05
1145.12
17317.06
1189.95
1189.95
1183.99
1194.95
1183.99
25238.04
1234.05
1189.95
1183.03
1193.05
1177.07
1179.93
25252.82
1205.92
1181.84
1174.93
1170.16
1178.03
1168.01
25307.89
1201.15
1184.94
1206.87
1184.94
1199.01
44591.90
1181.84
1140.83
1137.97
1142.98
1130.82
1133.92
1132.01
25251.87
1158.00
1732.11
1209.97
1224.99
1219.03
25300.03
1161.10
1140.12
1146.08
1266.96
1221.90
1215.93
1236.92
1234.05
1223.80
24773.84
1141.07
1132.97
1135.11
1137.97
1125.10
1131.06
1141.07
1188.99
1189.95
1190.19
21301.98
1199.01
1199.01
1194.95
1197.81
1192.81
9250.88
1194.00
1188.99
1179.93
1174.93
1170.87
1166.82
1164.91
1176.12
1192.09
29248.95
1224.04
1194.00
1192.09
1210.93
1199.01
1181.13
29273.03
1168.97
1150.85
1179.93
1160.14
1154.90
1158.95
25310.04
1187.80
1179.93
1166.11
1152.99
1163.96
13206.96
1172.07
1139.88
1148.94
1156.09
1148.22
1158.00
1173.97
1245.02
1178.98
1152.04
29282.09
1192.09
1197.10
1194.00
1163.01
1174.93
17249.11
1236.20
1188.04
1184.94
1130.82
1127.96
1129.15
17211.91
1252.89
1230.00
1220.94
1217.84
1216.89
1215.93
25325.06
1232.15
1225.95
9367.94
1158.00
1161.10
1166.11
1168.97
1156.09
29196.02
1214.98
1183.99
1188.04
1195.19
1194.00
1178.03
1166.82
1131.06
1137.02
1151.08
25310.04
1190.19
1188.99
1188.99
1129.87
1209.97
1150.13
1141.07
1151.08
1152.04
1158.00
1188.99
1199.01
29258.01
1155.85
1151.80
1168.01
1142.98
1133.92
1130.10
1142.98
1211.88
1204.97
21276.00
1220.94
1197.10
1184.94
1204.01
1215.93
1201.15
25299.07
1178.03
1165.87
1176.12
1163.01
1158.00
1154.90
21320.82
1217.84
1201.87
1204.01
1198.05
1200.91
1200.91
1149.18
1145.84
1154.90
25321.01
1213.07
1212.12
1189.95
1177.07
1162.05
1175.17
1169.92
1175.88
1163.01
25281.91
1191.85
1181.84
1199.01
1178.98
1177.79
1159.91
1125.81
1132.01
1136.06
25268.08
1196.15
1204.01
1166.11
1158.95
1147.03
1153.95
17311.10
1180.17
1174.93
1217.84
1222.85
1152.99
25213.96
1199.01
1166.11
1156.09
1171.11
1164.91
1167.06
25225.88
1178.98
1158.95
1159.91
1157.05
1150.13
1151.08
25296.93
1199.01
1188.04
1165.15
1152.99
1158.00
1158.00
25257.11
1158.95
1145.84
1155.14
1155.14
1152.99
25198.22
1218.08
1169.92
1184.94
1163.96
1142.02
1133.92
29214.86
1242.88
1210.93
1209.97
1201.87
1199.96
1202.11
25300.03
1165.15
1147.99
1160.14
1197.10
1194.95
29258.97
1241.21
1209.02
1192.09
1217.13
1194.95
1196.15
25266.17
1193.05
1178.03
1208.07
1182.08
1174.93
1165.15
25311.95
1191.14
1173.97
1183.99
1182.08
1166.11
25234.94
1224.99
1209.97
1106.98
1173.02
1175.17
1188.04
21235.94
1224.04
1194.95
1204.01
1186.13
1177.07
1177.07
1184.94
1175.88
1161.81
25239.94
1223.80
1194.00
1203.06
1171.11
1187.09
1178.03
1186.13
1178.98
1194.00
29242.04
1189.95
1164.91
1157.05
1158.95
1148.94
1149.89
25233.03
1183.99
1158.95
1162.05
1158.95
1156.81
1170.87
25292.87
1182.79
1178.98
1186.13
1183.03
1194.00
25230.88
1215.93
1184.94
1188.99
1177.07
1189.95
1190.90
29242.04
1211.17
1174.93
1164.91
1176.12
1183.99
1187.80
1190.90
1106.02
1138.21
25192.98
1177.07
1150.85
1153.95
1187.09
1153.95
1157.05
9237.05
1251.94
1203.06
1204.97
1147.99
1155.85
1146.79
25291.92
1224.99
1227.86
1175.88
1137.97
1137.02
25180.10
1276.02
1194.95
1199.01
1673.94
1126.05
1121.04
25264.98
1175.88
1158.00
1147.03
1119.14
1126.05
1129.15
21284.10
1203.06
1182.08
1174.93
1166.11
1167.06
1178.98
1128.91
1147.99
1152.99
21287.92
1187.80
1163.96
1152.04
1165.15
1147.99
1142.02
1159.19
1172.07
1183.03
45241.12
1193.05
1179.22
1165.87
1132.01
1132.01
1132.01
25250.91
1168.97
1157.05
1152.04
1142.02
1140.83
1145.12
25305.99
1218.08
1189.95
1173.97
1150.13
1168.97
25209.90
1178.03
1142.98
1139.16
1123.91
1118.90
1123.91
1132.01
1120.81
1126.05
1130.10
25229.93
1144.89
1132.97
1136.06
1130.10
1132.01
1133.92
1150.13
1177.07
1182.08
29232.03
1217.13
1167.06
1163.01
1144.89
1168.97
1169.92
25219.20
1224.99
1201.87
1190.19
1182.08
1184.94
1178.03
25250.91
1164.91
1142.98
1151.80
1146.08
1152.04
1145.12
25281.91
1178.98
1168.97
1177.79
1168.01
1163.96
21220.92
1183.03
1147.99
1150.13
1163.01
1149.18
1151.08
1138.93
1123.91
1127.00
1132.01
25262.12
1163.96
1137.02
1137.02
1116.99
1126.05
1120.09
21322.97
1214.03
1219.99
1178.98
1167.06
1150.85
17224.07
1179.93
1145.84
1133.92
1170.16
1208.07
1201.87
25267.84
1175.88
1147.99
1139.88
1132.01
1150.85
1151.08
25281.91
1202.82
1180.89
1165.15
1185.89
1188.04
1181.13
25233.03
1156.09
1147.99
1150.85
1147.03
1142.98
1154.18
1156.09
1154.90
1156.81
25276.90
1168.01
1167.06
9212.97
1203.06
1171.11
1170.87
1185.89
1160.86
1158.95
17270.09
1214.03
1181.84
1173.02
1194.00
1193.05
1185.18
29265.88
1163.01
1163.96
1168.97
1152.04
1163.01
17360.21
1189.95
1152.04
1146.08
1164.91
1149.89
1150.13
25213.00
1181.84
1151.80
1154.90
1146.79
1144.89
1145.84
29236.79
1222.85
1196.86
1199.96
1186.13
1204.97
1183.99
21284.10
1190.90
1194.95
12990.00
1199.96
1184.23
1184.94
1127.00
1137.97
1142.02
1156.81
1144.89
1136.78
25209.90
1186.85
1197.81
1155.85
1171.83
1164.91
1163.96
1146.08
1190.90
1199.96
25202.99
1245.02
1166.11
1151.08
1169.92
1159.91
1170.87
25230.17
1197.10
1155.14
1153.95
1177.79
1154.90
1151.08
25232.08
1214.03
1205.92
1183.99
1207.83
1230.96
1223.09
1224.99
1230.96
1219.99
25324.82
1195.91
1182.79
1158.00
1137.02
1160.14
1158.00
25307.18
1190.90
1183.99
1194.95
1168.01
1173.97
1166.11
1207.11
1218.08
1204.97
25316.00
1207.83
1200.91
1158.95
1152.04
1155.14
1167.06
1159.19
1149.89
1148.94
29268.03
1183.03
1173.97
1167.06
1169.20
1152.04
1147.99
25287.15
1181.13
1174.93
1158.00
1150.13
1147.03
25215.15
1223.09
1203.06
1199.96
1214.98
1200.91
1202.82
25300.98
1178.03
1164.91
1152.04
1192.09
1199.96
1194.00
21225.93
1149.89
1139.88
1143.93
1132.01
1136.78
1134.87
1124.86
1128.91
1131.77
25220.87
1172.07
1144.89
1152.04
1127.96
1140.83
1135.83
1142.02
1131.06
1136.06
29187.92
1221.90
1172.07
1169.92
1181.84
1171.11
1156.09
25236.13
1222.13
1194.00
1204.01
1190.19
1169.92
1163.96
25300.98
1183.03
1163.96
1167.06
1156.81
1164.91
1150.13
25258.06
1164.91
1143.93
1144.17
1136.06
1136.06
25183.92
1218.08
1159.91
1135.83
1145.84
1138.93
1132.01
21203.04
1196.86
1159.91
1152.99
1163.96
1147.99
1146.08
1137.02
1183.03
1189.95
1186.13
25258.06
1168.01
1160.86
1163.96
1145.12
1143.93
1144.89
1143.93
1159.91
1160.86
25302.89
1200.91
1182.08
1168.01
1142.02
1143.93
1147.03
1164.91
1151.80
1162.05
29244.90
1243.83
1221.18
1234.05
1222.13
1219.03
1228.09
1178.03
1168.97
1177.07
25300.98
1215.93
1203.78
1190.90
1183.03
1181.84
1190.90
1171.11
1172.07
1179.93
25295.02
1166.11
1142.02
1147.99
1143.93
1140.12
1137.02
1125.10
1186.13
1167.06
25249.96
1189.95
1169.20
1173.02
1159.19
1157.05
1166.11
1164.91
1177.07
1178.03
25247.10
1209.02
1168.01
1170.87
1178.98
1204.97
1191.85
1204.01
1199.01
1195.91
25258.06
1204.97
1181.13
1157.05
1144.17
1136.06
1148.94
1144.89
1138.21
1134.87
1142.98
25269.99
1171.83
1158.00
1179.93
1157.05
1153.95
9183.88
1235.01
1210.93
1192.09
1202.11
1194.00
1187.80
25263.07
1190.90
1165.87
1155.14
1152.99
1157.05
1154.90
17301.08
1209.97
1194.95
1183.03
1185.89
1185.18
1206.87
1195.91
1194.95
1194.00
25280.00
1161.10
1143.22
1149.89
1144.89
1145.84
1137.02
1176.83
1192.81
1185.89
25279.05
1159.91
1144.89
1147.03
1135.11
1137.02
1142.98
1129.87
1194.00
1188.99
29281.14
1182.08
1154.18
1151.08
1155.85
1127.96
1150.13
1173.02
1163.96
1162.05
1147.03
33277.03
1169.92
1152.04
1161.81
1140.83
1138.93
25217.06
1207.11
1194.95
1175.88
1184.94
1173.02
1172.07
1178.03
1158.00
1162.05
25207.04
1235.96
1176.83
1168.01
1175.88
1163.96
1163.96
1159.91
1134.16
1142.98
1124.86
25260.93
1202.11
1170.87
1184.94
1178.98
1158.00
1170.16
1121.04
1148.94
1151.80
25266.89
1207.83
1183.99
1183.99
1130.10
1137.02
1148.94
1161.10
1149.18
1156.09
29221.06
1181.13
1152.04
1151.08
1164.91
1147.99
1146.08
17230.03
1171.83
1142.98
1147.99
1178.03
1190.90
1181.13
17296.08
1190.90
1177.07
1158.00
1170.16
1158.95
1183.99
1166.11
1162.05
1163.01
25280.95
1239.06
1215.93
1215.93
1194.95
1204.01
1200.91
1194.95
1193.05
1190.19
25273.08
1154.18
1143.93
1140.83
1189.95
1205.92
1191.85
1209.02
1193.05
1194.00
25305.99
1173.02
1158.00
1145.84
1206.87
1206.87
1231.19
1223.09
1211.88
1221.90
25336.03
1255.04
1235.96
1245.98
1235.96
1233.82
1220.94
1216.17
1220.94
25272.85
1231.91
1198.05
1190.90
1150.13
1130.10
1137.97
1139.88
1137.02
1131.77
1134.87
25281.91
1166.82
1148.94
1152.99
1147.99
1144.17
1147.03
17251.97
1147.03
1138.93
17260.07
1173.97
1156.09
1142.02
1122.00
1131.77
1132.97
1152.04
1137.97
1135.83
21214.96
1238.82
1204.97
1194.00
1199.01
1188.04
1191.14
17333.98
1245.98
1219.99
17287.97
1218.80
1198.05
1177.07
1220.94
1215.93
1229.05
25290.01
1187.80
1170.87
1176.83
1164.91
1159.19
21223.07
1199.96
1175.88
1174.93
1187.09
1168.01
1162.05
1149.89
1194.95
1186.13
25238.99
1227.14
1166.11
1158.95
1188.99
1176.12
1168.01
1184.23
1170.87
1165.87
1165.15
25274.04
1186.13
1167.06
1177.07
1173.02
1174.93
1162.05
1133.20
1144.89
1147.99
25280.95
1178.03
1168.01
1156.09
1136.06
1140.12
1141.07
17285.11
1186.13
1177.07
1163.01
1160.14
1155.14
25227.07
1239.06
1207.11
1195.91
1165.87
1158.00
1163.96
21219.97
1178.03
1151.80
1155.85
1152.99
1147.99
1163.01
1158.00
1194.95
1180.89
25252.82
1188.99
1152.04
1147.99
1193.05
1194.00
1197.10
1206.16
1199.01
1191.14
25260.93
1236.92
1202.11
1198.05
1211.88
1199.01
1194.95
1190.90
1170.87
1162.05
25240.90
1174.21
1144.89
1139.88
1153.95
1147.03
1147.03
25205.14
1173.97
1151.80
1152.04
1163.96
1147.99
1138.93
25227.07
1220.23
1194.00
1188.99
1180.17
1173.02
1178.98
1199.01
1174.93
1173.97
25255.92
1233.10
1197.10
1209.02
1173.97
1183.99
1180.17
1184.94
1174.93
1181.84
25254.96
1217.13
1181.13
1183.03
1179.22
1182.08
1189.95
1204.97
1188.04
1183.03
25243.04
1233.10
1228.09
1221.18
1220.94
1228.09
1238.11
1151.08
1134.16
1137.02
25220.16
1181.13
1162.05
1163.01
1147.99
1148.94
1137.02
1138.93
1132.97
1137.02
25196.08
1224.04
1183.99
1170.87
1175.88
1166.11
1147.99
1156.81
1127.00
1137.02
1138.93
25293.11
1179.93
1163.01
1177.07
1148.94
1158.00
1158.95
1127.96
1142.02
1140.12
25259.02
1164.91
1134.16
1146.08
1152.04
1138.93
1137.97
1136.06
1194.95
1193.05
25279.05
1173.02
1139.88
1123.91
1141.07
1121.04
1200.91
1188.99
1185.89
1186.85
25275.95
1248.12
1199.01
1193.05
1202.11
1227.14
1204.97
17308.95
1182.08
1168.01
1166.11
1157.05
1158.00
1154.90
25269.99
1203.06
1188.99
1192.81
1189.95
1181.13
25249.96
1182.08
1155.85
1158.95
1165.87
1149.89
1147.99
1139.88
1158.00
1149.89
1145.84
25290.01
1189.95
1163.96
1158.00
1167.06
1162.05
1163.96
1159.91
1159.91
1155.14
25273.08
1178.03
1158.00
1170.87
1161.10
1160.14
1156.09
1189.95
1192.81
1188.99
25305.99
1180.17
1177.07
1188.04
1167.06
1168.97
1178.98
17307.04
1191.85
1183.03
1195.91
1181.13
1167.06
25228.98
1209.97
1171.11
1172.07
1194.00
1167.06
1169.92
25258.06
1186.13
1176.12
1167.06
1162.05
1164.20
1154.90
1165.87
1186.85
1194.00
25257.83
1204.97
1171.11
1178.98
1200.91
1189.95
1196.15
1204.01
1194.00
1194.00
25244.00
1221.90
1196.15
1201.15
1190.90
1194.95
1188.99
1204.01
1161.81
1173.97
29217.00
1200.91
1166.82
1170.87
1150.85
1145.84
1150.85
25256.87
1169.92
1150.85
1137.97
1235.96
1231.19
1228.09
13279.91
1179.93
1181.13
1175.17
1153.95
1147.99
17205.95
1222.13
1187.09
1167.06
1157.05
1164.91
1159.91
25239.94
1234.05
1180.17
1172.07
1187.09
1185.89
1194.95
27534.96
1204.97
1180.17
1158.95
1178.03
1168.01
1183.03
1178.98
25316.00
1179.93
1172.07
1166.11
1200.91
1191.14
1199.01
1204.01
1210.93
1212.12
29302.12
1178.03
1160.86
1141.79
1145.84
1149.89
1148.94
1164.20
1152.04
1147.03
25218.01
1204.97
1182.08
1180.17
1187.09
1183.03
1183.99
17313.00
1226.90
1218.08
1230.96
1224.99
1199.96
25290.01
1227.86
1221.90
1219.99
1219.99
1230.00
1211.17
33321.14
1199.96
1178.98
1173.02
1146.08
1147.99
29183.15
1236.92
1180.89
1142.98
1178.98
1153.95
1146.08
25228.98
1163.96
1136.06
1132.01
1148.94
1149.89
1149.89
17215.01
1154.90
1129.87
1124.86
1131.77
1125.81
1123.91
1115.80
1170.87
1190.90
1192.09
25226.12
1136.06
1126.05
1134.16
1125.10
1127.96
1132.01
1138.93
1151.08
1144.17
25212.05
1160.14
1135.11
1124.14
1137.97
1152.99
1142.98
1161.10
1153.95
1137.97
25201.08
1187.09
1159.91
1149.89
1153.95
1146.08
1147.99
29222.01
1212.12
1175.17
1166.11
1177.07
1162.05
1168.97
25241.85
1219.03
1188.04
1187.09
1178.98
1179.93
1185.18
21295.07
1197.10
1184.94
1178.98
1122.00
1124.86
1130.82
1135.83
1126.05
1127.00
25226.12
1188.04
1165.15
1147.99
1194.00
1204.01
1203.06
1216.17
1209.97
1208.07
25275.95
1198.05
1177.07
1185.18
1174.93
1182.79
1176.83
1158.00
1157.05
1152.99
21217.11
1182.08
1155.14
1153.95
1159.91
1161.10
1154.18
25259.02
1168.01
1160.14
1158.00
1116.99
1135.83
1132.01
25274.04
1173.02
1155.85
1152.99
1149.89
1158.00
1147.03
1120.09
1127.00
1125.10
25201.08
1189.23
1148.94
1142.98
1162.05
1158.95
1165.15
1174.93
1160.86
1159.91
25207.04
1173.97
1145.12
1135.11
1124.86
1178.98
1170.16
1174.93
1163.01
1164.91
1173.97
25285.96
1164.91
1151.80
1166.82
1156.81
1154.90
1158.00
1154.90
1175.88
1178.03
25280.00
1164.91
1159.91
1168.01
1166.82
1159.19
1161.10
1171.11
1158.95
1160.86
25217.77
1152.99
1138.21
1130.10
1137.02
1126.05
1120.09
1132.97
1124.86
1125.81
1122.95
25242.09
1149.18
1136.06
1142.98
1140.12
1132.97
1139.88
1154.90
1138.93
1148.94
25228.98
1214.03
1176.12
1179.93
1171.11
1168.01
1165.15
1183.03
1161.10
1181.13
17222.88
1188.04
1151.08
1152.99
1158.00
1143.93
1147.99
1143.93
1158.95
1153.95
25184.87
1252.89
1207.83
1183.03
1199.96
1174.93
1178.98
1176.83
1125.81
1136.06
1141.07
41282.89
1196.86
1191.14
1173.02
1158.00
1162.05
29228.93
1180.89
1154.18
1158.00
1165.15
1157.05
1156.09
25218.96
1204.97
1170.87
1179.93
1158.95
11285.07
1210.21
1169.92
1173.02
1167.06
1168.01
1160.14
29272.08
1207.11
1199.01
1200.91
1192.09
1181.13
1183.99
25263.07
1193.05
1168.97
1181.84
1169.92
1161.81
1164.91
1161.10
1180.17
1168.01
25291.92
1193.05
1164.91
1146.79
1168.01
1153.95
25219.92
1219.99
1167.06
1170.87
1170.87
1159.91
1161.10
9211.06
1230.96
1194.00
1197.10
1214.03
1214.03
1207.83
25331.02
1247.88
1237.87
1245.98
1236.92
1235.96
25296.93
1271.01
1245.98
1252.17
1238.11
1239.06
25274.04
1268.86
1196.86
1176.83
1163.01
1189.95
1192.81
21271.94
1184.94
1163.96
1159.91
1159.19
1155.85
1153.95
1152.04
1210.21
1203.06
36993.98
1268.86
1214.03
1212.84
1153.95
1146.08
1150.13
1156.09
1145.12
1147.03
1142.98
25287.87
1185.89
1186.85
1173.97
1140.12
1147.03
1157.05
1150.13
1146.08
1141.07
25268.08
1166.11
1162.05
1152.04
1158.00
1164.91
1169.92
1168.01
1161.81
1156.81
17221.93
1194.00
1163.96
1183.99
1165.87
1157.05
1166.11
17275.09
1180.89
1173.02
1178.03
1167.06
1173.97
1172.07
21245.00
1158.95
1148.94
1166.11
1158.00
1159.91
1157.05
1181.13
1172.07
1167.06
28738.98
1219.99
1194.00
1188.04
1158.00
1158.95
1157.05
9248.02
1155.85
1143.93
1147.03
1139.88
1136.78
1139.88
1142.02
1142.02
1131.06
25193.93
1225.95
1214.98
1183.03
1143.93
1133.92
1142.02
1147.99
1134.87
1140.83
1138.21
33355.95
1162.05
1148.94
1158.00
1144.89
1142.98
1137.97
1156.09
1170.16
1166.11
17266.99
1179.93
1163.01
1155.85
1149.89
1152.99
1150.85
17291.07
1184.94
1175.88
1170.16
1156.09
1159.91
21214.01
1227.14
1196.15
1209.97
1201.15
1197.10
1194.95
1180.89
1123.91
1130.10
37173.03
1252.89
1178.98
1170.16
1166.11
1174.93
1171.83
25240.90
1194.95
1163.96
1161.81
9228.94
1151.08
1144.17
1150.85
1142.98
1140.12
22287.13
1238.11
1198.05
1167.06
1176.12
1178.03
29245.14
1204.01
1169.92
1183.03
1176.12
1175.17
1166.11
17271.04
1174.93
1161.81
1162.05
1164.91
1160.86
1156.81
34523.01
1177.07
1157.05
1170.87
1170.87
12283.80
1198.05
1148.94
1145.84
1137.97
1142.02
1137.02
1137.02
25213.96
1168.01
1148.94
1158.95
1151.08
1142.98
1154.18
29242.04
1194.95
1183.99
1192.09
1172.07
1167.06
1168.01
21306.99
1210.93
1185.89
1202.82
1183.99
1181.13
17241.00
1246.93
1225.95
1226.90
1222.85
1219.03
1214.03
25326.01
1232.86
1213.79
1226.90
1219.99
1215.93
1228.81
1225.95
1220.23
18828.87
1209.02
1165.15
1157.05
1158.00
1157.05
1148.94
1137.97
1130.82
25199.89
1228.09
1183.03
1174.93
1223.09
1222.13
1216.17
1246.93
1212.12
1221.18
25290.01
1193.05
1155.85
1153.95
1162.05
1155.14
1162.05
1142.02
1128.91
1132.97
1132.01
21294.83
1206.87
1188.04
1203.06
1187.09
1187.09
21265.03
1204.01
1169.92
1163.01
1163.01
1163.01
1156.09
1148.94
1149.89
1151.08
25219.92
1209.97
1173.97
1170.16
1190.90
1168.01
1147.99
1142.98
1133.92
1161.10
1153.95
23113.01
9212.02
1187.09
1180.17
1168.97
1187.09
1172.78
1183.03
17236.95
1162.05
1142.02
1137.02
1156.81
1141.07
1131.06
25213.00
1188.99
1168.97
1159.19
1136.06
1138.93
1132.01
1147.03
1137.02
1130.82
23182.87
1203.06
1168.01
1162.05
1157.05
1161.10
1152.99
1148.94
1154.18
17259.12
1188.04
1171.11
1172.07
1176.12
1162.05
1162.05
1171.11
1178.98
1175.17
21239.04
1176.12
1150.13
9176.02
1263.14
1200.91
1199.01
1197.10
1194.00
1210.93
23399.83
1230.00
1137.97
1160.86
1143.93
1150.13
1147.03
1146.08
33169.98
1231.91
1159.91
1136.78
1154.90
1144.89
1140.12
25195.12
1171.11
1150.13
1135.83
1153.95
1141.07
1138.93
19498.83
1188.99
1164.20
1152.04
1148.94
1144.89
1196.15
1194.95
25219.92
1261.95
1207.11
1222.13
1184.94
1187.80
1185.89
1186.13
1178.98
1181.84
29217.00
1259.09
1187.09
1178.98
1163.96
1148.94
1149.89
29229.16
1208.07
1168.97
1161.81
1198.05
1187.09
1184.94
17294.88
1182.79
1183.99
1178.03
1133.92
1142.02
1133.92
29309.03
1207.11
1196.86
1189.95
1192.09
1183.03
21255.02
1175.88
10640.86
1221.90
1201.87
1196.86
1202.82
1195.91
1198.05
17282.01
1245.98
1220.23
1230.96
1219.99
1220.94
21250.96
1200.91
1145.84
1142.02
1131.06
1137.02
1141.07
1152.99
1147.03
1139.16
1136.06
25254.01
1157.05
1196.86
1156.09
1147.99
1158.95
1163.01
1176.12
1164.91
1162.05
17230.03
1185.18
1164.91
1168.97
1158.95
1149.89
1151.08
17276.05
1216.17
1198.05
1204.01
1202.11
1173.02
1151.08
1166.11
1147.03
1151.08
25248.05
1248.84
1217.13
1202.11
1171.11
1185.89
1173.97
1188.99
1173.97
1176.12
21275.04
1167.06
1147.99
1147.03
1133.92
1137.02
1137.02
25261.16
1202.11
1188.04
1199.96
1184.94
1184.94
1177.07
1146.79
1168.97
1168.97
25286.91
1218.80
1180.89
1204.97
1185.89
1173.02
1181.13
1157.05
1146.08
1147.03
25228.02
1196.15
1173.02
1183.99
1180.89
1170.16
1168.97
1154.90
1152.99
1159.91
25228.98
1214.98
1175.17
1173.97
1175.17
1166.11
1168.97
1168.97
1142.02
1142.98
25199.89
1186.85
1152.99
1144.89
1132.97
1142.02
1142.98
10146.14
1198.05
1194.00
1181.13
1136.06
1146.08
17228.13
1184.94
1145.12
1136.06
1149.18
1142.98
1129.15
25205.14
1172.07
1142.02
1135.11
1142.98
1138.93
1135.11
25221.11
1199.96
1165.87
17953.87
1159.91
1147.03
1149.89
1142.02
1135.11
1134.16
25247.10
1152.04
1145.12
1152.04
1152.99
1147.99
1149.89
25285.96
1183.99
1179.93
1166.11
1162.05
1160.14
1163.01
1158.95
1155.85
1150.85
17294.88
1205.92
1193.05
1202.11
1188.99
1190.19
25250.91
1199.01
1166.11
1157.05
1169.92
1152.99
1151.08
25218.96
1170.87
1163.96
1152.04
1172.07
1152.99
1153.95
20902.16
1230.96
1196.86
1195.91
1202.11
1198.05
1194.00
25286.91
1155.14
1142.98
1152.04
1167.06
1163.96
1162.05
21279.10
1174.21
1170.87
1168.01
1166.11
1158.00
1149.18
1122.95
1136.78
1137.97
25249.96
1217.84
1194.00
9469.99
1197.81
1167.06
1170.87
1164.91
1159.19
1159.91
1177.07
1158.00
1158.00
25218.96
1217.84
1185.89
1177.79
1196.86
1183.99
1199.96
1201.15
1204.01
1194.00
29245.85
1204.01
1178.03
1171.11
1170.16
1164.91
1168.97
1155.14
1168.01
1159.19
21219.97
1227.86
1219.99
1194.00
1204.97
1210.93
1197.10
17276.05
1206.16
1186.13
1199.96
1183.99
1178.03
1178.03
1193.05
1187.80
1190.90
25336.98
1216.89
1188.04
1188.04
1183.03
1174.93
1179.93
1182.79
1179.93
1172.07
25288.82
1170.87
1151.80
1157.05
1158.00
1161.10
1152.99
1163.96
1204.01
1206.87
25271.18
1212.12
1175.88
1198.05
1177.07
1187.09
1179.93
1190.90
1195.91
1208.07
25282.86
1219.03
1194.00
1192.09
1183.03
1179.93
1178.98
1191.14
1193.05
1201.87
22295.95
