1369.00
1255.04
1287.94
1265.05
1245.98
1254.80
1250.98
1241.21
13324.02
1314.88
1266.96
1279.83
1241.92
1244.07
1236.92
1252.89
1251.94
1238.11
13432.98
1271.96
1259.80
1265.05
1231.91
1242.88
1247.88
1244.78
1234.05
9348.15
1315.12
1258.13
1285.08
1266.00
1254.08
9295.94
1358.03
1266.00
1261.00
1285.08
1250.03
1249.79
5409.00
1273.16
1244.07
1269.10
1258.13
1241.92
1272.92
1237.87
1233.82
13348.10
1311.06
1254.08
1266.00
1245.02
1230.96
1260.04
1262.90
1255.99
1235.96
13444.90
1349.93
1268.86
1271.96
1255.99
1244.07
1263.86
1242.88
1247.88
13418.91
1314.88
1281.98
1266.96
1249.07
1265.05
1250.98
1240.02
1226.90
13334.04
1318.93
1252.89
1256.94
1257.18
1250.98
1239.78
1251.94
1221.90
1245.98
13422.97
1283.88
1256.94
1257.90
1245.02
1240.02
17410.04
1315.83
1255.04
1285.08
1269.82
1246.93
17392.87
1341.10
1271.01
1275.06
1261.95
1258.13
17364.98
1352.07
1270.06
1278.88
1255.99
1255.99
25353.91
1386.88
1267.91
1277.92
1264.81
1245.02
1245.02
1261.00
1291.99
1255.99
17464.16
1286.98
1263.86
1271.01
1243.11
1242.16
17455.10
1292.94
1270.06
1271.01
1254.08
1240.97
17385.96
1333.95
1253.13
1268.15
1246.93
1250.03
17384.05
1355.89
1283.88
1284.84
1265.05
1252.89
29386.04
1370.19
1277.92
1273.87
1281.02
1255.99
21314.86
1459.12
1280.07
1263.14
1259.09
1239.06
1242.88
29499.05
1291.04
1254.08
1262.90
1256.23
1255.99
21496.06
1308.92
1258.85
1266.00
1240.97
1240.97
25466.92
1301.05
1258.13
13466.12
1297.00
1255.04
1279.12
1247.88
1241.92
17401.93
1338.96
1328.95
1376.87
1267.91
1256.94
17390.97
1343.01
1266.00
1271.01
1268.86
1251.94
17364.98
1368.05
1292.94
1273.16
1256.94
1257.90
17361.88
1351.83
1286.03
1264.10
1250.98
1259.09
17286.06
1401.90
1258.85
1250.98
1271.01
1252.89
1242.88
17486.81
1281.98
1266.00
1269.10
1256.94
1256.94
29510.97
1306.06
1266.00
1267.19
1254.08
1255.99
21502.02
1343.01
1300.10
1263.14
1271.96
1247.88
17418.86
1362.09
1287.94
1261.95
2099.99
17417.91
1374.01
1271.96
1261.95
1242.88
1252.89
1249.07
17493.01
1321.08
1273.16
1253.13
1251.94
1233.82
17488.00
1284.12
1261.95
1276.97
1247.88
1251.94
17503.02
1317.98
1286.98
1300.10
1269.10
1258.13
17494.92
1299.86
1266.00
1274.11
1261.00
1255.99
17385.01
1342.06
1259.09
1268.15
1258.13
1245.98
25399.92
1353.03
1253.13
13381.00
1348.02
1274.11
1268.15
1260.04
1260.04
25388.00
1368.05
1262.90
9376.05
1335.14
1279.12
9379.15
1333.00
1266.00
9355.07
1338.01
1271.96
9360.07
1344.92
1268.86
9345.05
1333.00
1276.02
9338.86
1338.01
1265.05
9321.21
1327.99
1330.85
9356.02
1326.08
1276.02
9317.87
1327.99
1255.99
9299.04
1364.95
1266.00
1250.98
9392.02
1261.95
1255.04
13442.04
1280.78
1250.03
1257.18
1240.02
1238.82
25490.05
1300.81
1261.95
13504.03
1289.13
1254.08
1251.94
1240.02
1245.98
17455.10
1323.94
1272.20
1277.92
1266.96
1255.04
17405.99
1349.93
1277.92
1297.95
1253.13
1257.18
17399.07
1340.87
1264.81
1263.86
1250.98
1247.17
17390.01
1382.11
1285.08
1269.10
1257.18
1260.04
17344.00
1389.03
1272.92
1261.00
1260.04
1256.94
1237.87
25542.97
1311.06
1255.99
13458.01
1281.02
1245.98
1255.99
1255.99
1247.88
25505.07
1317.02
1266.00
13511.90
1281.02
1250.98
1269.10
1240.97
1243.83
25516.03
1306.06
1262.90
13508.08
1309.87
1281.98
1273.16
1264.10
1256.94
25511.03
1314.16
1271.01
13506.89
1302.00
1281.98
1272.92
1261.00
1254.08
17470.12
1290.08
1257.18
1264.10
1237.15
1241.92
1245.02
1235.01
1239.06
13360.02
1329.90
1257.90
1261.95
1253.13
1239.06
1242.16
1253.13
1235.96
1227.14
13440.13
1285.08
1255.04
1271.01
1255.99
1250.98
1297.95
1346.11
1250.03
13430.83
1302.00
1261.00
1271.01
1255.99
1253.84
1254.08
1250.03
1246.93
13354.06
1331.09
1271.01
1256.94
1249.79
1254.08
1261.95
1246.93
1239.06
1235.01
13441.09
1283.17
1260.04
1256.94
1246.93
1250.98
1260.04
1240.97
1249.07
13370.04
1312.97
1251.94
1265.05
1251.94
1245.98
1261.00
1247.17
1239.06
13290.17
1367.09
1258.13
1252.17
1265.05
1250.98
1256.94
1267.91
1257.18
1260.04
13426.07
1301.05
1266.00
1274.11
1254.08
1253.13
1266.00
1259.80
1265.05
13348.10
1322.03
1319.89
1297.00
1259.09
1275.06
1261.00
1245.98
1248.12
1236.92
13416.05
1266.96
1247.17
1276.02
1243.83
1242.88
1241.92
1235.96
1231.91
13345.96
1314.88
1262.90
1259.09
1245.02
1237.15
1250.98
1248.84
1244.07
13298.99
1359.94
1272.92
1242.16
1266.96
1245.02
1258.13
1278.88
1247.88
1240.02
13430.12
1289.13
1261.95
1263.86
1246.93
1253.84
1252.89
1259.09
1254.08
13344.05
1333.95
1266.00
1273.87
1245.02
1240.02
1241.92
1237.15
1237.15
1239.06
13428.21
1277.92
1241.92
1251.94
1237.15
1236.92
1312.02
1255.04
1242.16
13340.00
1313.92
1261.00
1273.87
1248.84
1235.96
17344.00
1339.91
1247.88
1233.82
1230.96
1219.99
1226.90
17438.89
1257.90
1241.92
1251.94
1232.15
1230.00
17394.78
1300.10
1246.93
1252.89
1233.82
1235.96
17366.17
1333.00
1250.98
1254.08
1240.02
1235.96
17302.99
1374.96
1261.00
1250.98
1250.03
1235.01
1235.01
17475.13
1286.03
1250.98
1258.13
1248.12
1248.12
17465.11
1282.93
1259.09
1271.96
1233.82
1235.96
25379.18
1343.97
1265.05
9377.00
1325.85
1246.93
13372.90
1338.01
1263.86
1251.94
1250.98
1253.13
17383.10
1348.02
1262.90
1278.88
1263.86
1253.84
17304.90
1387.12
1265.05
1260.04
1255.99
1250.03
1235.96
17477.04
1281.02
1251.94
1262.90
1245.98
1254.08
17479.18
1283.17
1250.98
1268.86
1248.84
1243.11
17375.95
1334.91
1260.04
1262.90
1245.98
1239.06
17357.11
1341.82
1258.85
1261.00
1249.07
1239.78
29330.97
1397.85
1277.92
1264.10
1254.08
1238.82
1233.82
29492.86
1296.04
1255.99
13492.11
1278.16
1260.04
1280.07
1245.98
1241.92
25495.05
1307.01
1261.23
9458.07
1280.07
1245.02
9433.98
1266.00
1260.04
9440.18
1281.02
1251.94
9431.12
1264.10
1249.07
9415.86
1284.84
1260.04
9422.06
1279.12
1247.17
9406.09
1276.97
1250.03
9406.09
1278.16
1261.95
9396.79
1274.11
1250.98
9330.99
1305.10
1255.99
9349.11
1316.79
1266.00
13360.98
1324.18
1254.08
1271.01
1253.13
1241.92
25377.99
1369.95
1270.06
13397.93
1344.92
1261.00
1272.92
1261.95
1255.99
17338.99
1389.98
1276.02
1271.01
1246.93
1250.98
1247.17
17483.95
1291.04
1261.95
1267.91
1253.84
1240.97
17463.92
1291.99
1258.13
1276.02
1253.84
1245.98
17449.86
1290.08
1255.04
1271.96
1250.03
1250.98
17374.99
1338.96
1276.97
1279.83
1254.80
1245.98
25387.05
1352.07
1280.07
9367.94
1343.01
1270.06
13372.18
1341.10
1262.90
1274.11
1253.84
1240.97
17313.96
1378.06
1268.86
1263.86
1257.90
1240.97
1244.07
17463.92
1293.90
1271.01
1272.20
1245.98
1241.92
17471.79
1290.08
1267.19
1271.01
1251.22
1241.92
17427.92
1322.03
1261.00
1275.06
1246.93
1248.84
17396.93
1346.83
1270.06
1267.91
1249.07
1251.94
17380.00
1337.05
1268.86
1273.16
1255.99
1240.97
29331.92
1407.86
1279.12
1271.01
1260.04
1256.23
1254.08
21521.09
1317.98
1282.93
1266.96
1248.12
1250.03
25497.20
1302.00
1271.01
13503.07
1291.04
1262.90
1278.88
1257.90
1245.02
17483.95
1295.09
1261.00
1263.86
1252.89
1250.03
17472.03
1303.20
1265.05
1279.83
1253.84
1242.88
17383.10
1341.10
1268.15
1276.97
1252.89
1246.93
17379.05
1339.91
1276.02
1267.19
1266.96
1246.93
17381.19
1350.16
1256.94
1262.90
1255.99
1243.11
1246.93
25477.17
1281.98
13312.10
1420.02
1276.97
1269.10
1266.96
1261.95
1249.07
25515.79
1305.10
1266.00
9454.97
1285.08
1264.10
9438.99
1286.98
1258.85
9424.92
1282.93
1259.80
9428.02
1276.02
1246.93
9429.22
1282.93
1260.04
9428.02
1291.04
1266.00
9423.02
1281.02
1248.84
9425.88
1276.02
1259.09
9417.06
1283.88
1260.04
9418.01
1277.92
1250.98
9417.06
1276.02
1240.97
13437.99
1281.98
1258.85
1276.02
1246.93
1241.92
25393.01
1344.20
1274.11
13396.02
1332.04
1253.13
1281.02
1251.94
1246.21
17381.91
1331.09
1268.15
1266.00
1248.84
1250.03
17369.99
1358.03
1275.06
1284.84
1267.91
1250.98
17291.07
1415.97
1269.10
1261.95
1257.90
1235.96
1238.82
17468.93
1297.95
1264.10
1269.10
1249.79
1245.98
17467.02
1292.94
1267.19
1285.08
1261.00
1243.83
25391.10
1346.11
1277.92
9389.88
1323.94
1269.10
13381.00
1322.98
1257.90
1263.14
1253.13
1239.06
17383.10
1335.14
1269.10
1271.96
1255.04
1251.94
17359.02
1366.14
1276.97
1260.04
1251.94
1250.03
1245.02
17462.02
1268.15
1256.94
1262.90
1243.83
1247.88
17463.92
1297.00
1250.98
1260.04
1246.93
1250.03
17447.95
1303.91
1262.90
1261.95
1242.88
1238.11
17374.99
1333.95
1266.00
1281.98
1255.04
1242.16
29405.12
1370.91
1292.23
1271.96
1268.86
1248.84
29381.99
1389.98
1272.92
13395.07
1357.79
1274.11
1283.88
1271.01
1245.98
25326.97
1431.94
1289.13
13379.10
1357.79
1278.88
1273.87
1255.99
1254.08
1263.14
25497.91
1294.14
13327.12
1415.97
1283.88
1282.93
1266.00
1251.94
1256.94
25503.16
1301.05
1276.02
13484.95
1291.04
1253.13
1270.06
1245.98
1245.02
25497.91
1302.00
1271.96
13508.08
1282.93
1252.17
1276.97
1259.80
1242.88
25493.86
1311.06
1261.95
13494.01
1277.92
1262.90
1265.05
1255.99
1250.98
25478.12
1314.16
1261.95
13491.87
1291.04
1259.09
1275.06
1254.08
1269.10
25473.83
1321.08
1257.90
13490.92
1313.92
1268.15
1273.16
1251.94
1246.93
25385.86
1365.18
1273.16
13427.02
1319.17
1260.04
1263.86
1255.99
1247.88
25405.88
1354.93
1275.06
9366.04
1326.80
1271.96
9356.02
1317.02
1274.11
9358.17
1308.20
1261.95
9350.06
1319.89
1261.00
9343.86
1329.90
1261.95
9353.16
1320.12
1271.01
9338.86
1326.08
1255.04
9325.03
1313.92
1269.82
9299.99
1346.11
1266.00
1251.94
9375.81
1275.06
1255.04
9415.15
1270.06
1251.94
13422.97
1272.92
1248.84
1261.95
1242.88
1247.88
25476.93
1312.02
1271.96
13469.93
1284.84
1262.90
1266.96
1254.08
1246.93
17395.97
1321.08
1265.05
1276.97
1261.00
1246.21
17378.09
1338.96
1261.95
1258.85
1254.08
1245.02
17372.13
1346.83
1262.90
1273.87
1255.99
1242.16
1236.92
17439.84
1276.97
1247.88
1277.92
1244.78
1244.07
17450.09
1285.08
1252.89
1270.06
1248.84
1242.88
25469.78
1307.96
1257.90
13459.92
1296.04
1255.04
1281.98
1250.98
1246.93
29425.14
1366.85
1269.82
13406.99
1333.95
1266.96
1281.98
1252.89
1245.98
25403.98
1353.03
1266.96
9382.01
1330.14
1271.01
13366.94
1323.94
1269.10
1281.02
1255.04
1247.88
13349.06
1348.97
1267.91
9340.05
1332.04
1266.00
9333.13
1336.10
1271.01
13340.95
1338.96
1276.97
1261.95
1254.80
1244.07
1240.02
13434.17
1294.14
1256.94
13440.85
1291.04
1255.04
1279.83
1244.07
1241.92
17434.84
1292.94
1257.90
1268.86
1249.07
1236.92
25388.96
1340.87
1276.97
13398.17
1332.04
1255.99
1264.10
1254.08
1245.98
17371.89
1329.90
1261.95
1271.96
1256.94
1242.88
17362.83
1349.93
1269.82
1261.00
1249.07
1254.80
1244.07
17462.97
1276.02
1249.07
1266.00
1236.92
1243.11
17449.14
1302.00
1264.81
1270.06
1250.03
1260.04
17410.04
1299.86
1261.00
1286.03
1254.08
1252.89
25374.89
1354.93
1253.84
13394.83
1335.14
1264.10
1267.91
1246.93
1253.13
21388.77
1374.96
1275.06
1269.10
1264.10
1239.06
25314.81
1423.12
1276.02
13372.90
1369.95
1273.16
1266.96
1254.08
1246.93
1255.04
17601.97
1322.98
1267.91
1245.98
1249.07
1242.16
17471.08
1276.97
1261.95
1268.86
1249.79
1255.99
17467.98
1285.08
1263.14
1271.01
1238.11
1247.88
17400.98
1321.08
1250.98
1266.00
1247.17
1245.02
17374.04
1337.05
1268.15
1267.91
1259.09
1240.97
17366.89
1343.01
1264.10
1270.06
1254.08
1247.17
1243.11
29490.95
1276.97
1260.04
1273.87
1252.89
1245.02
17501.83
1298.90
1261.95
9459.02
1285.08
1266.00
9433.98
1297.00
1261.00
13463.97
1286.98
1259.09
1269.10
1255.99
1245.98
13437.99
1290.08
1261.95
9412.05
1278.88
10682.11
1274.82
1256.94
9420.87
1273.87
1248.84
9403.94
1291.04
1260.04
9390.12
1299.14
1255.04
9340.05
1302.96
1257.90
9341.00
1309.16
1276.02
9345.05
1317.98
1255.04
9340.05
1317.02
1261.95
9354.83
1306.06
1266.00
9346.96
1322.98
1260.04
9328.13
1311.06
1256.94
9330.03
1320.84
1264.10
9320.97
1333.00
1270.06
9272.10
1368.05
1256.94
1258.13
9394.17
1273.16
1251.94
9423.97
1285.08
1250.98
9413.96
1277.92
1264.10
9413.96
1279.12
1247.17
9412.05
1264.81
1243.83
9404.90
1275.06
1255.04
9409.90
1276.02
1253.13
9410.14
1282.93
1255.04
9394.17
1289.13
1251.94
9368.90
1304.86
1266.00
9330.03
1322.98
1270.06
9341.00
1310.11
1251.94
1265.05
1255.99
1245.02
1254.08
1251.94
1244.07
1242.88
1257.90
1243.83
1240.02
13427.02
1273.87
1253.84
1262.90
1256.94
1243.11
1248.12
1239.06
1233.10
13345.96
1316.79
1263.86
1265.05
1252.89
1241.92
1250.98
1250.03
1243.11
1248.12
13410.09
1266.96
1250.98
1261.95
1260.04
1254.08
1255.99
1247.17
1248.12
13340.95
1316.07
1261.95
1255.99
1253.13
1245.02
1252.89
1247.17
1233.10
13322.11
1338.01
1263.86
1262.90
1260.04
1244.07
1249.07
1256.94
1251.94
1251.94
13413.91
1284.12
1255.99
1261.95
1255.99
1247.88
1250.03
1247.17
1250.03
13332.13
1325.85
1262.90
1272.92
1255.99
1249.07
1242.88
1241.92
1250.98
1246.93
25473.83
1297.00
1255.99
1271.96
1253.84
1243.83
17462.02
1300.10
1261.95
1272.92
1258.13
1240.02
17391.92
1332.04
1266.00
1271.01
1250.03
1245.98
17387.15
1338.01
1271.96
1266.00
1250.98
1245.02
17361.88
1350.88
1272.92
1265.05
1268.86
1255.04
1255.99
17452.96
1285.79
1250.98
1267.91
1257.90
1252.89
17479.18
1294.14
1261.00
1276.02
1241.92
1250.98
17457.96
1296.04
1262.90
1273.16
1245.02
1252.17
17405.99
1338.01
1268.86
1262.19
1255.04
1240.97
17323.97
1311.06
1239.06
1254.80
1232.86
1234.05
17287.02
1394.03
1265.05
1249.07
1255.99
1237.15
1232.86
17453.91
1286.03
1250.03
1269.10
1250.98
1245.02
17434.12
1297.00
1260.04
1270.06
1253.84
1248.84
17386.91
1338.96
1266.00
1267.91
1245.98
1247.88
17385.01
1343.97
1275.06
1271.96
1258.85
1250.98
17344.00
1363.04
1262.19
1271.96
1257.90
1234.05
1235.01
17459.87
1287.94
1248.84
1266.96
1255.99
1245.02
1250.98
1235.96
1251.94
13366.94
1317.98
1257.18
1260.04
1260.04
1245.02
1254.80
1237.87
1239.06
13303.04
1375.91
1265.05
1267.19
1254.08
1250.03
1242.88
1260.04
1241.92
1236.92
13432.98
1288.89
1252.89
1271.01
1252.17
1243.11
1246.93
1250.03
1244.07
13345.00
1325.85
1305.82
1277.92
1255.99
1246.93
1261.95
1252.17
1240.97
1235.01
13435.13
1269.10
1250.03
1264.81
1246.93
1242.88
1249.79
1239.06
1235.01
13343.81
1313.92
1260.04
1276.97
1255.99
1240.02
1261.00
1245.02
1238.11
1245.98
13416.05
1259.09
1250.03
1270.06
1255.99
1243.11
5418.06
1273.87
1251.94
1275.06
1245.98
1245.02
17369.99
1328.95
1263.86
1261.00
1251.94
1243.11
17369.03
1338.96
1271.01
1266.00
1254.08
1254.80
17375.95
1350.88
1267.91
1276.97
1256.94
1258.13
1249.07
17451.05
1284.12
1261.00
1271.01
1257.18
1245.98
17473.94
1290.08
1261.95
1277.92
1257.90
1237.87
17462.97
1294.14
1262.19
1274.11
1255.99
1250.98
17392.16
1337.05
1261.00
1271.96
1259.80
1253.84
25394.92
1344.92
1261.95
13391.02
1332.04
1273.16
1274.11
1254.08
1246.93
25375.84
1360.18
1271.96
9354.83
1327.04
1266.00
9346.01
1341.10
1266.00
9341.96
1340.15
1271.01
9316.21
1337.05
1264.81
9280.92
1356.84
1266.00
1258.13
9413.96
1268.86
1251.94
9405.14
1276.02
1246.93
9418.01
1267.91
1245.98
9412.05
1265.05
1250.03
9404.18
1271.01
1240.97
9400.13
1276.02
1260.04
13430.12
1281.02
1246.93
1271.01
1247.88
1235.01
25374.17
1336.10
1273.87
13397.22
1330.14
1261.95
1259.09
1252.89
1249.07
17408.13
1349.93
1272.20
1266.00
1255.99
1249.07
17338.99
1348.97
1272.92
1271.96
1254.08
1250.03
1245.98
17459.15
1280.07
1259.09
1265.05
1245.98
1255.99
17463.92
1287.22
1261.00
1267.19
1250.03
1242.16
17391.92
1312.97
1258.85
1262.90
1250.98
1237.87
25389.91
1356.84
1266.96
13400.79
1343.97
1263.86
1266.96
1251.94
1236.92
29389.14
1392.13
1276.02
13396.02
1345.16
1285.08
1284.12
1257.90
1251.94
25348.90
1371.86
1278.88
9361.98
1349.21
1266.00
9349.11
1338.01
1271.96
9322.88
1322.03
1261.00
9283.78
1367.09
1271.01
1252.89
9392.02
1281.02
1258.85
9421.83
1267.91
1261.95
9413.00
1277.92
1257.90
9410.86
1274.82
1263.86
9413.00
1283.17
1257.18
9403.94
1282.93
1252.89
9415.15
1282.22
1249.07
13421.06
1281.02
1259.09
1275.06
1255.04
1250.98
25388.96
1343.01
1261.00
13381.96
1333.00
1260.04
1277.92
1254.08
1237.87
17388.82
1344.92
1271.96
1271.01
1260.04
1260.04
17370.94
1345.16
1262.19
1271.96
1253.84
1248.84
1247.88
17457.96
1276.02
1261.95
1271.96
1254.08
1250.03
17477.99
1291.99
1266.00
1270.06
1244.78
1248.12
17472.98
1297.00
1250.03
1296.04
1254.80
1245.98
25389.91
1346.83
1272.92
9398.94
1314.88
1261.00
13368.13
1317.98
1260.04
1261.95
1248.12
1240.02
17379.05
1347.06
1271.01
1266.00
1260.04
1250.03
17346.86
1348.02
1273.16
1277.92
1261.95
1260.04
1240.02
17462.97
1284.12
1266.96
1267.91
1255.99
1245.98
17468.21
1284.12
1258.13
1270.06
1242.16
1239.06
17451.05
1297.95
1259.09
1274.11
1261.00
1250.03
25389.91
1343.97
1271.01
13403.89
1332.04
1260.04
1259.09
1245.02
1240.97
25388.00
1358.99
1273.87
9374.14
1332.04
1255.99
9349.11
1333.00
1266.00
9340.05
1324.89
1262.19
9338.14
1319.17
1261.95
9325.03
1315.12
1266.96
9295.94
1348.97
1278.16
1245.98
9392.98
1259.09
1250.03
9403.94
1261.95
1258.13
9413.96
1266.96
1247.17
9419.92
1283.88
1266.96
9423.97
1273.87
1255.04
13431.07
1275.06
1263.86
1269.82
1242.88
1240.97
25413.04
1324.89
1259.09
13402.22
1312.02
1254.80
1269.10
1253.13
1251.94
17366.89
1330.85
1266.96
1265.05
1256.94
1244.07
17359.97
1336.10
1264.10
1259.09
1250.03
1245.98
1243.11
17462.02
1302.96
1260.04
1266.00
1252.17
1250.03
17467.98
1286.03
1259.09
1276.02
1242.88
1240.97
17451.05
1289.13
1257.90
1275.06
1251.22
1246.93
25404.93
1348.97
1266.00
13391.02
1341.10
1279.12
1280.07
1239.06
1240.97
29395.10
1380.21
1286.03
13404.13
1355.89
1271.96
1271.01
1246.93
1252.89
25392.06
1362.09
1276.02
9372.00
1337.05
1282.93
13369.80
1341.10
1265.05
1273.16
1252.17
1240.97
13316.87
1358.03
1262.19
9293.08
1370.19
1274.11
1256.94
13414.86
1271.01
1270.06
1270.77
1250.03
1238.11
17450.09
1287.22
1261.95
1276.97
1258.13
1238.11
13426.07
1292.94
1274.11
9410.14
1285.08
1264.10
13393.16
1305.10
1259.09
1271.96
1252.89
1240.02
25383.95
1353.03
1265.05
13398.17
1333.00
1261.00
1269.10
1255.99
1247.88
17380.95
1348.97
1262.19
1271.96
1255.04
1252.89
17287.97
1415.01
1275.06
1269.10
1261.00
1242.88
1244.78
17478.94
1278.88
1251.94
1263.14
1236.20
1246.93
17462.97
1291.04
1253.84
1260.04
1251.94
1242.88
17381.91
1323.94
1276.02
1277.92
1258.13
1250.03
25379.90
1353.98
1277.21
9360.07
1323.94
1258.13
13379.10
1337.05
1263.86
1259.80
1261.00
1248.12
17347.10
1363.04
1281.98
1275.06
1253.84
1249.79
1237.87
17461.06
1278.16
1259.09
1272.92
1239.06
1245.98
17466.78
1291.04
1261.00
1271.01
1253.13
1254.08
17419.10
1309.16
1255.99
1266.00
1252.17
1250.03
17376.90
1339.91
1260.04
1256.94
1256.94
1246.93
17374.99
1343.01
1269.10
1268.15
1266.00
1255.99
29284.00
1454.11
1286.03
1268.15
1257.90
1241.92
1240.02
29526.00
1308.92
1261.95
13486.15
1298.19
1260.04
1276.97
1266.00
1252.17
25500.06
1307.96
1266.00
13470.89
1288.89
1265.05
1271.01
1247.17
1245.02
25475.98
1304.15
1268.15
13484.00
1286.98
1264.81
1276.02
1256.94
1240.97
25484.09
1309.87
1267.91
13470.89
1286.98
1274.11
1276.97
1257.90
1248.84
25434.02
1336.10
1263.14
13463.97
1305.10
1266.00
1271.01
1251.94
1252.89
25419.95
1354.93
1267.19
13409.14
1343.01
1266.00
1277.92
1250.98
1248.12
25389.19
1367.09
1265.05
13388.87
1347.06
1275.06
1281.02
1264.81
1253.84
25398.02
1369.00
1274.11
13381.96
1344.92
1281.02
1271.01
1262.90
1264.10
25375.84
1370.91
1281.02
13391.02
1359.94
1277.92
1277.21
1255.99
1245.98
25291.92
1436.95
1266.96
13315.92
1437.90
1273.87
1268.86
1264.10
1255.99
1249.07
25498.15
1293.90
1255.04
13479.95
1286.98
1268.86
1275.06
1259.09
1249.07
25504.11
1291.04
1261.95
13489.96
1291.04
1268.15
1272.92
1246.93
1248.12
25491.00
1299.14
1260.04
13475.18
1295.09
1258.13
1262.90
1245.02
1252.89
25469.06
1310.83
1274.11
13458.01
1282.93
1257.18
1266.00
1251.94
1247.17
25402.07
1358.99
1265.05
13402.94
1339.91
1271.96
1270.06
1250.98
1240.97
25384.90
1353.98
1266.00
13389.83
1338.01
1262.19
1261.95
1259.80
1244.07
25379.90
1366.14
1278.88
13401.03
1363.99
1270.06
1267.91
1260.04
1243.11
25317.91
1434.09
1284.12
13373.14
1367.09
1278.16
1268.15
1257.90
1250.98
1245.02
25499.82
1286.98
1259.09
13458.01
1282.93
1252.89
1266.00
1241.92
1245.98
25505.07
1297.95
1262.90
13498.07
1277.92
1278.88
1266.00
1244.07
1240.97
25491.00
1307.96
1269.10
13479.95
1298.19
1266.00
1266.00
1245.02
1247.17
25480.99
1312.02
1269.10
13463.97
1297.95
1261.23
1267.91
1250.98
1242.88
25397.06
1353.98
1262.90
13398.89
1341.82
1281.02
1270.06
1251.22
1245.02
25377.04
1357.08
1276.97
13401.99
1341.10
