1025.92
1011.85
998.02
907.90
1051.90
993.01
954.87
952.96
952.01
25043.01
976.09
964.88
973.94
986.10
979.19
985.86
984.91
1000.88
953.20
956.06
972.03
25084.02
1030.92
1011.13
1012.09
1019.00
989.91
990.15
1001.12
998.02
989.91
998.97
1002.07
25098.09
1016.14
1001.12
1003.98
1011.85
1009.94
1019.95
997.07
17109.87
1020.91
1021.86
1004.93
1026.15
1008.99
1011.85
17034.05
1074.08
1049.04
1037.12
1039.03
1044.03
1034.98
1033.07
17081.02
1052.14
1010.89
1003.03
1013.99
989.91
983.00
980.85
979.90
973.22
958.92
961.07
25019.88
1065.02
1024.01
1019.00
1032.11
1010.18
1015.90
1008.99
1018.05
1021.15
1013.99
1008.03
25132.89
1060.96
1039.03
1044.03
1052.14
1054.05
1044.03
1044.99
989.91
999.93
992.77
21021.84
1044.99
995.16
991.11
993.97
984.19
988.01
986.10
25028.94
1132.97
1158.95
1022.10
1009.94
975.85
973.94
987.05
998.02
977.99
983.00
975.13
21032.09
1055.00
1011.85
1006.84
1008.99
997.07
994.92
994.92
17127.99
1049.04
1033.07
1033.07
1029.97
1019.00
1009.94
1008.99
17091.99
1004.93
974.89
969.17
967.03
966.07
951.05
960.83
17066.00
980.14
963.93
971.08
993.01
988.01
988.96
991.82
25104.05
998.97
977.04
963.93
982.05
1010.18
1016.14
1008.99
1026.15
1009.94
1017.81
1019.00
13098.96
1011.85
1007.08
1001.83
989.91
1013.04
995.87
988.96
941.99
965.12
977.99
975.85
29098.03
1024.01
1001.12
1012.09
990.15
1003.03
998.02
21008.97
1049.04
1008.03
994.92
993.01
991.82
988.01
987.05
997.07
1034.98
1025.92
1013.99
29039.86
1027.82
979.90
977.04
980.85
972.03
975.85
985.86
25045.87
1033.07
962.97
980.14
952.96
1030.92
1037.12
1053.09
1072.17
1060.96
1060.01
1052.86
25146.01
1080.04
1059.06
1059.06
1063.11
1055.96
1050.00
25086.16
1070.98
1040.22
1038.07
1034.02
1019.00
1006.84
1005.89
1003.03
1041.89
1101.97
1003.03
21094.08
1036.17
1030.92
1014.95
1019.95
1009.94
1008.03
1003.98
17122.98
1057.86
1036.17
1033.07
1044.03
1030.92
1039.98
1036.88
1036.17
1034.02
1029.97
1030.92
1000.17
996.11
1003.03
17047.17
1027.11
982.05
967.03
976.09
1019.00
1019.00
1027.11
1025.20
1029.01
1023.05
1025.20
1022.10
1035.93
1029.97
1020.91
25134.09
1065.97
1039.98
1040.94
1040.94
1035.21
1035.93
1044.99
1030.92
1028.78
1026.87
25064.95
1038.07
970.84
978.95
988.01
1015.19
1019.00
1027.11
1035.93
1010.89
1012.80
1014.95
33050.06
1057.15
1024.01
1015.19
1013.04
960.11
971.08
977.04
969.17
986.10
992.06
990.87
17045.97
1030.92
987.05
976.09
976.09
1001.12
985.15
1000.88
990.87
996.83
989.91
986.81
979.90
1037.84
1027.82
1035.93
17102.96
1077.89
1044.03
1048.09
1004.93
1517.06
995.87
1001.83
995.87
989.91
998.97
1005.89
988.96
993.01
992.77
25021.08
1040.94
994.92
998.02
988.96
997.07
988.01
989.91
971.79
973.94
973.22
967.98
17001.87
1065.97
1081.94
976.09
978.95
985.15
975.13
976.09
17021.89
1043.08
993.01
975.13
985.15
976.09
983.95
960.83
17001.87
1056.91
992.06
1005.17
970.84
998.02
991.11
991.11
998.02
991.11
989.91
985.15
25006.06
1063.82
1018.05
1013.04
1019.95
1004.93
1003.03
1004.93
1008.99
992.06
993.97
985.15
25033.95
1038.07
1008.99
993.01
977.04
1006.84
1023.05
993.97
1007.08
1000.17
976.09
1046.90
25126.93
1087.90
1061.20
1060.01
1068.12
1063.11
1056.91
1063.82
1056.91
1055.00
1050.00
25085.93
1089.10
1059.06
1043.08
1032.11
957.97
958.92
961.07
954.15
967.03
965.12
962.02
25004.86
1093.86
1039.98
1032.11
1011.85
969.89
974.89
969.17
969.89
969.89
969.89
972.99
25022.03
1095.06
1044.99
1034.98
1033.78
1020.91
1013.99
1010.89
1021.86
1014.95
1016.14
1012.09
25120.97
1044.99
1032.11
1022.10
1028.06
1029.97
1017.09
1021.15
986.10
989.91
992.06
986.81
21139.86
1039.03
1032.11
1034.02
1026.15
1024.01
1025.92
21072.15
1028.06
980.14
977.99
975.13
974.18
971.08
972.99
25004.86
1025.92
975.13
983.00
967.03
967.03
965.12
977.99
984.19
971.08
977.04
974.89
983.95
25086.16
1019.00
1013.99
1005.89
1001.12
1008.99
997.07
1007.08
997.07
996.11
993.01
25031.09
1045.94
993.01
983.95
988.96
993.01
988.96
994.92
1013.99
1011.85
1002.07
992.06
25039.91
1034.02
982.05
977.04
965.83
967.03
974.89
969.89
972.99
967.98
970.13
966.07
965.12
25088.07
1013.99
1018.05
1022.10
1024.01
1014.95
1006.13
1006.13
991.11
999.93
988.96
25033.95
1057.86
1016.86
1003.03
1012.09
1002.07
1002.07
1001.12
989.91
999.93
1006.13
1005.17
25045.87
1044.99
1000.88
991.11
1001.12
997.07
988.01
989.91
988.01
1041.17
1034.98
1034.98
25121.93
1032.83
1017.81
1008.99
1014.95
1001.83
998.02
1002.07
1012.09
1025.92
1029.97
1024.01
25087.12
978.95
969.89
973.94
975.13
1028.06
1034.98
1020.91
1021.15
1022.10
1018.05
1012.09
25084.97
1003.98
998.02
1003.03
998.97
1014.95
1011.85
9048.94
1033.78
995.87
985.86
989.91
990.87
982.05
981.81
25018.93
1042.84
999.93
988.01
990.87
993.97
983.00
983.00
33016.92
1035.93
990.15
977.99
13018.85
1021.86
983.95
977.99
983.00
981.09
973.94
979.19
967.98
999.93
1008.03
1016.86
25057.79
1071.93
1016.86
1013.99
1019.00
968.22
989.91
983.00
991.11
991.11
986.10
981.09
25014.88
1071.93
1030.92
1019.00
1025.92
1024.01
1017.09
1018.05
1008.99
957.97
956.06
954.87
28999.81
1019.95
983.00
977.99
980.14
983.95
982.05
985.86
25016.78
1051.90
998.02
990.87
998.02
980.14
984.91
988.96
25030.14
1068.12
1024.96
1019.00
1019.95
1015.90
1013.04
1017.81
25105.00
1042.13
1015.90
1016.86
1024.96
1018.05
1011.13
971.08
25116.92
1022.10
1012.09
1005.89
1025.92
1009.94
993.97
1007.80
25150.06
1058.10
1044.03
1055.00
994.92
1011.13
1000.88
25053.98
1038.79
998.97
988.01
993.01
975.85
972.03
1006.13
25034.90
1019.95
988.96
972.03
988.01
982.05
972.99
968.93
25033.95
1019.95
976.09
968.93
968.93
962.97
977.04
966.07
24990.08
1029.01
989.91
988.01
993.01
984.91
995.87
990.15
21029.00
1099.82
1060.96
1050.00
1032.83
1011.85
1016.86
1008.03
1019.95
1012.09
1011.13
1013.04
29104.95
989.20
977.04
970.13
983.00
965.12
961.07
964.88
21013.02
1013.04
974.18
961.07
952.96
964.16
957.97
952.96
961.07
952.96
952.96
948.19
28965.00
1077.89
1006.13
995.16
1000.88
965.83
970.84
962.97
962.02
25047.06
977.99
967.98
966.07
972.99
969.89
962.02
960.83
1000.88
1010.89
985.15
996.11
25112.15
1017.09
1002.07
998.97
1021.86
994.92
998.97
988.01
25121.93
1056.91
1061.20
1039.98
959.16
975.13
962.97
1002.07
965.83
976.09
974.18
28989.08
1041.17
1001.12
982.05
991.11
983.00
987.05
977.99
979.90
1000.17
1002.07
1001.12
1008.99
990.87
986.81
981.81
17001.87
1030.92
983.00
964.88
970.84
977.99
964.16
962.02
941.99
1001.83
989.91
983.95
1003.03
998.02
984.91
984.91
992.06
17104.15
1003.03
995.16
988.01
995.87
979.19
977.04
967.03
983.00
973.94
963.93
963.93
25069.95
987.05
965.83
962.97
975.13
962.02
960.11
961.07
960.11
986.10
973.94
967.98
25048.02
994.21
961.07
956.06
957.97
998.02
1003.03
987.05
983.95
982.05
981.81
972.99
25016.07
1051.19
1007.08
998.02
988.01
986.10
975.13
954.15
959.87
957.01
951.05
953.20
17004.01
1060.01
1024.96
1008.03
999.93
957.01
953.91
956.06
961.07
958.20
965.12
964.88
972.99
1010.89
987.05
992.06
972.99
17100.81
1013.04
998.97
980.85
970.84
979.90
994.92
983.95
993.97
977.99
991.82
988.01
993.97
985.15
983.95
985.86
25095.94
1003.03
993.01
993.01
995.87
983.00
990.87
984.91
1001.12
980.14
994.92
976.09
25111.20
1001.12
989.91
987.05
998.02
987.05
988.96
980.14
956.06
959.16
969.89
967.98
33094.17
998.97
989.20
987.05
998.97
977.04
977.04
970.13
989.91
974.89
970.13
975.13
25107.15
1017.09
1000.17
1001.83
980.85
973.94
972.99
967.98
983.95
967.03
970.13
965.12
25072.10
1010.18
983.95
985.86
991.82
964.88
965.83
967.03
988.96
974.89
977.99
972.99
25095.94
1009.94
977.99
977.99
966.07
1004.22
1004.93
998.97
1013.04
998.97
1004.93
1001.12
25111.91
987.05
973.94
957.97
969.17
1029.01
1033.07
1029.97
1003.03
966.07
967.98
969.89
25099.99
1024.96
1001.12
1004.93
1004.22
988.01
981.09
972.03
25112.15
1028.06
1008.99
993.01
1009.94
993.01
996.83
993.01
25123.12
1034.02
1019.00
1023.05
1019.95
1016.14
1014.95
25053.98
1066.92
1021.86
1009.94
1024.96
1015.90
1011.13
1006.13
25056.12
1068.12
1015.90
1019.00
1024.01
1015.19
1013.04
1019.00
25125.03
1044.03
1027.11
1019.00
1032.83
1020.91
1022.10
1023.05
25122.88
1038.07
1025.92
1024.96
1022.82
1021.86
1024.96
25062.08
1072.17
1015.90
1005.89
1020.91
1014.95
1014.95
1004.22
17090.08
986.10
969.89
958.92
969.89
956.06
969.89
962.02
25001.05
1025.92
981.81
969.89
993.97
978.95
971.08
977.04
25017.98
1071.93
1024.01
1014.95
1022.10
1015.90
1013.99
1014.95
25111.20
1039.03
1019.95
1015.90
983.95
993.97
998.02
992.06
17112.97
1029.01
1023.05
1018.05
1039.03
1022.82
1015.90
1011.13
25094.99
1023.05
1010.89
1000.88
993.97
1003.03
999.21
33024.07
1055.00
1019.95
1002.07
1003.98
998.02
996.11
1003.98
993.01
1001.83
1000.88
999.93
25033.00
1050.95
998.02
991.11
979.19
962.02
962.97
964.88
960.83
959.87
965.83
962.97
964.16
20723.10
988.96
977.99
962.97
984.91
1013.99
1015.90
1008.03
17103.91
996.83
977.99
969.17
974.89
968.93
966.07
972.03
973.94
983.00
975.85
970.84
25090.93
1014.95
999.93
989.91
1000.88
974.18
972.03
975.13
985.15
971.08
970.13
973.94
25047.06
1066.21
1010.89
1004.93
1027.11
994.21
993.01
993.97
1003.98
996.11
996.11
993.97
25093.08
1036.17
1023.05
1015.19
1029.97
1030.21
23008.11
1005.89
996.83
996.83
1011.85
993.01
1003.03
992.06
1000.17
994.92
993.97
993.01
17114.88
1026.87
1012.09
1019.00
1016.14
1013.04
1008.99
1021.15
1012.09
1009.94
1007.80
25066.85
1064.06
1024.01
1000.88
1008.99
1009.94
993.97
1002.07
988.96
1012.09
1013.04
1013.04
21056.89
1059.06
1017.09
1008.99
1019.95
1003.98
998.97
1011.13
1013.04
1007.08
1002.07
1007.08
25120.02
1039.03
1022.10
1023.05
1033.07
1020.19
1018.05
1018.05
996.11
957.97
952.96
956.06
13100.15
1012.09
1002.07
1000.17
968.93
964.88
959.16
957.97
9110.93
1026.15
1013.04
1012.09
1019.00
1013.99
1012.09
9027.00
1046.90
990.87
981.09
990.15
982.05
981.09
979.19
982.05
9099.01
1017.81
1010.89
9042.98
1018.05
970.13
957.01
963.21
983.95
995.16
994.92
5220.89
1018.05
974.89
980.85
5005.84
1044.03
1017.09
1008.99
1010.18
1008.99
1002.79
1003.03
1003.03
996.11
993.01
977.99
992.06
990.15
982.05
986.10
17021.89
1057.86
1032.83
1025.92
1024.96
1019.00
1011.13
1013.99
1024.96
1019.00
1013.99
1014.95
25115.01
1025.92
1015.90
1015.19
1029.97
1017.09
1019.95
1013.99
1027.11
1019.00
1019.95
1013.04
24921.89
1002.07
974.89
967.98
21143.91
1038.07
1024.01
1020.19
947.00
962.02
962.02
952.01
13108.02
1020.91
1003.98
1019.00
1003.03
998.02
994.92
988.01
1025.92
1029.97
1035.93
25072.10
1074.79
1042.84
1029.01
1007.08
988.96
970.84
974.89
974.18
966.07
963.93
959.87
24996.04
1078.84
1034.02
1029.01
1023.77
980.85
967.03
962.97
972.03
971.08
965.83
958.92
33004.05
1032.83
966.07
967.03
966.07
957.01
950.81
954.87
948.91
987.05
973.94
975.13
972.03
25088.07
1011.85
996.83
994.92
1001.12
998.02
988.96
993.01
960.11
972.99
980.85
969.89
25134.09
1024.01
1011.85
1027.82
1023.05
1010.89
1009.94
1003.03
984.91
1003.03
1005.89
21042.11
1056.91
987.05
979.90
982.05
981.81
975.85
977.04
25007.01
1032.83
977.99
965.12
990.87
947.95
950.10
971.08
971.08
17102.96
1004.93
998.02
985.15
984.91
986.81
986.81
988.96
25077.10
999.93
982.05
983.00
983.00
975.85
974.18
975.13
29166.94
1040.94
1029.01
1022.82
1009.94
1001.12
1013.99
1017.09
1017.09
1003.98
1013.99
25045.87
1061.92
1017.81
1005.89
1020.91
1011.13
1005.89
1003.98
1011.13
994.92
999.93
991.11
21095.04
1057.15
1037.12
1034.98
1044.99
1029.97
1037.12
1039.98
25083.07
978.95
959.87
960.11
1044.03
1031.16
1037.12
17058.85
1060.96
1019.95
998.02
1008.99
1004.93
993.01
998.02
25031.09
1050.00
998.97
995.16
1006.13
994.92
989.91
980.14
29021.98
1060.96
1023.05
1021.15
998.02
1006.13
1014.95
999.93
1008.03
997.07
995.87
996.11
25035.14
1051.90
1015.90
1004.93
1007.08
997.07
992.06
994.21
983.00
1019.00
1016.86
1021.86
29129.98
1029.97
1020.91
1008.99
965.83
983.95
996.11
986.10
25143.15
1013.99
997.07
993.01
998.02
998.02
999.21
989.91
17118.93
1029.01
1022.82
1010.89
1010.89
1006.84
1024.96
25030.14
1059.06
1011.13
1003.03
1003.98
1003.03
994.92
961.07
25002.96
1074.08
1013.04
1013.04
13053.89
1030.92
987.05
993.97
1029.01
993.97
999.93
1000.17
17045.97
1015.90
966.07
968.93
972.99
967.03
972.03
971.08
25009.87
1048.09
1013.04
1003.98
995.87
984.19
981.09
997.07
984.91
994.92
983.00
977.99
25019.88
1037.12
1002.07
993.01
998.97
998.02
977.99
984.91
25017.98
1054.05
1014.95
1008.99
998.02
998.02
999.93
983.00
1016.86
989.91
984.19
978.95
29035.09
1069.07
1028.06
1016.86
1024.01
950.10
952.96
952.01
961.07
967.03
962.97
968.93
29018.16
1070.98
1020.91
1013.99
1028.06
1008.03
1013.04
1012.09
21092.18
994.92
970.84
963.93
959.16
1015.90
1008.99
1000.17
1007.08
1001.12
999.93
990.87
25082.83
1067.88
1045.94
1042.13
1043.08
1043.08
1039.98
1039.98
977.04
955.10
962.97
961.78
25074.01
991.11
971.08
971.08
957.01
972.03
974.89
982.05
986.10
981.09
981.09
982.05
25098.09
1028.06
1017.09
998.02
1025.92
1018.05
1016.86
1010.89
1024.01
1011.85
1013.04
1013.04
25130.03
1054.05
1034.98
1029.97
1029.01
1022.10
1025.92
1015.90
977.04
974.89
972.99
25008.92
1046.90
998.97
998.97
1000.17
992.06
1011.13
999.93
979.90
1023.05
1027.11
1029.01
25074.96
1059.06
1025.92
1015.19
1010.89
999.93
992.06
992.06
996.83
997.78
990.87
993.97
25085.93
1006.84
989.91
970.84
984.91
975.13
972.03
976.80
975.85
975.85
983.95
994.21
25033.95
1027.11
972.99
969.89
975.85
965.83
979.90
973.94
959.16
986.10
988.01
998.02
25029.90
1085.04
1050.95
1034.98
1036.88
952.96
962.02
960.11
957.01
967.03
962.02
963.93
24994.85
1065.02
1024.96
1013.04
1020.91
1007.08
1013.99
1005.89
1030.92
1048.09
1050.95
1048.09
25110.01
1004.93
975.13
977.04
1035.93
1050.00
1050.00
1044.03
1063.11
1044.99
1050.00
25072.10
1070.02
1020.91
1017.09
1024.01
1021.15
1016.14
1011.13
1003.98
1017.09
1023.05
1013.99
25061.85
1075.98
1041.17
1044.03
1058.10
1053.09
1043.08
1039.98
991.82
957.01
955.10
956.06
25119.07
1014.95
995.87
991.82
1013.99
994.92
993.97
988.01
958.92
981.09
977.99
972.99
25120.97
1041.89
1017.81
1015.90
1025.92
1017.09
1009.94
1019.95
1025.20
1013.04
1018.05
25048.02
1062.87
1025.92
1027.11
1029.97
1022.82
1025.92
1023.05
1027.82
1028.06
1014.95
1019.00
25074.01
1070.02
1041.17
1034.02
1025.20
1003.98
1000.17
1003.03
1010.18
1000.88
1008.03
988.96
25067.09
996.11
971.08
974.18
977.99
968.93
962.02
973.94
17104.86
1032.83
1009.94
1003.98
1014.95
1003.03
1005.17
999.93
975.85
967.98
957.97
962.97
25093.08
1002.07
984.91
987.05
982.05
1035.93
1041.17
1035.93
1001.83
975.85
985.15
978.95
21105.05
1003.03
986.10
988.01
998.02
984.91
991.82
984.91
25081.87
987.77
979.90
969.89
988.01
967.98
977.04
969.89
1000.17
1026.15
1033.07
1025.92
25120.97
1013.99
1000.88
1007.80
985.86
957.97
955.10
960.11
967.98
962.97
959.87
960.83
25093.79
1030.92
1029.97
1024.96
964.16
957.97
958.20
958.92
967.03
967.98
972.03
959.16
25086.88
982.05
967.03
960.11
986.10
1003.98
1005.17
994.92
1003.03
993.97
990.87
988.96
25094.03
1036.17
1019.95
1017.81
1024.01
1012.09
15484.09
1194.95
21740.91
1021.86
989.91
977.04
985.86
978.95
983.00
972.03
984.91
987.05
977.99
988.01
25014.16
1042.13
996.11
993.97
990.87
991.11
984.19
988.96
988.01
979.90
988.01
988.96
25017.02
1029.01
970.84
962.02
967.03
1038.07
1023.05
1028.06
1026.87
1026.87
1025.20
1023.05
25058.98
1046.18
1003.03
995.16
999.93
1017.09
1013.99
1018.05
1028.06
1014.95
1011.85
1020.91
25129.80
1077.89
1069.07
1054.76
962.02
977.04
990.15
988.01
993.97
993.01
998.02
998.02
25105.95
1011.85
1011.85
991.82
1020.91
1000.88
996.11
998.02
1022.82
1000.88
996.83
992.06
21110.06
1028.06
1023.05
998.97
1002.07
1004.93
1003.98
1008.99
995.87
990.15
988.96
25027.99
1054.05
995.16
974.89
965.83
1005.89
1022.82
1018.05
1034.02
987.05
986.10
988.96
25021.08
1029.97
977.99
948.91
949.86
1051.90
1046.90
1047.13
1052.14
1050.95
1044.03
1044.03
25126.93
1050.00
1036.88
1033.07
1039.98
1039.03
1031.88
1034.02
988.01
969.89
970.84
970.84
25114.06
1057.86
1044.99
1039.98
1038.07
1025.20
1036.88
1024.01
988.96
989.91
988.01
25023.94
1027.11
984.19
968.93
975.85
963.93
964.16
961.07
976.09
963.93
964.88
967.98
971.08
25071.14
988.96
977.99
977.04
991.11
977.99
985.86
978.95
986.10
974.18
977.99
977.99
25110.01
1029.97
1016.86
1018.05
1012.09
1012.09
1012.09
1003.03
1022.10
1034.02
1033.07
25071.14
1096.01
1033.07
1020.91
1024.96
1056.91
1061.20
1055.96
1013.99
984.91
985.15
972.03
25110.01
1039.03
1024.01
1020.19
1030.92
1022.82
1013.99
1028.06
941.99
985.86
990.87
991.82
25104.05
998.97
980.14
972.03
991.11
981.09
983.00
971.79
983.95
965.12
968.93
963.93
29062.03
1031.88
1008.99
999.93
1014.95
1003.03
1008.99
1006.84
25085.93
996.83
979.90
974.89
936.03
974.89
981.09
989.20
29116.87
1037.84
1021.86
1015.90
1019.00
1025.92
1013.04
21049.98
1062.15
990.15
978.95
983.95
997.07
995.16
996.83
994.92
1001.12
985.15
993.97
29016.97
1039.98
993.97
988.01
999.93
983.00
967.03
977.99
15058.99
1096.01
1032.11
968.93
974.89
976.09
982.05
989.20
979.90
988.96
21023.04
1072.88
1020.91
1018.05
1019.00
1012.80
1011.85
1016.86
25044.92
1060.01
1018.05
1011.13
1018.05
1004.93
1009.94
1008.03
1014.23
1009.94
1007.08
1004.93
25101.90
1029.01
1014.95
1003.03
1024.01
1008.03
1011.85
1016.86
969.89
986.81
994.92
1006.13
25118.11
991.11
982.05
972.03
983.00
975.85
977.04
974.89
993.97
1019.95
1009.94
1018.05
25119.07
1031.88
1012.09
1015.19
1014.95
1005.89
1008.03
1012.80
1014.95
1010.18
1010.89
21041.87
1061.92
1024.01
1010.89
1012.80
1018.05
1010.89
1010.89
1010.18
1011.13
1019.00
1023.05
25075.20
1063.11
1029.97
1013.04
1022.82
1009.94
1013.04
1004.93
1022.10
1009.94
1004.93
998.02
25101.90
1052.14
1019.95
1015.90
9083.03
993.01
974.89
970.84
975.85
966.07
968.93
967.03
21094.08
988.01
984.19
977.04
954.15
973.94
980.85
983.00
998.97
972.99
972.99
977.04
25063.99
988.96
988.96
988.96
1006.13
998.97
1004.93
998.97
1013.99
1002.07
993.01
997.07
25133.13
1034.02
1020.91
1017.09
1027.11
1014.95
1019.95
1018.05
998.97
992.06
982.05
981.09
25105.95
1030.92
1019.00
1024.01
1001.83
1014.95
1007.08
996.11
1001.12
994.92
1006.84
25033.95
1073.12
1016.14
1035.93
1023.05
1013.04
1002.07
1006.84
1013.99
1004.93
1008.03
1005.89
25066.14
1052.14
1024.96
1023.05
1028.06
1014.95
1019.95
1018.05
983.00
1011.13
1013.04
1024.01
25125.03
1010.18
989.91
981.81
1050.00
1068.12
1063.11
1070.02
1063.11
1059.06
1061.20
25106.91
1065.02
1019.00
1018.76
1013.99
1003.98
994.21
984.91
994.92
976.09
975.13
972.03
25034.19
1041.89
1006.84
1003.98
1018.05
1008.99
1008.99
1003.98
1003.98
1010.89
1026.87
1014.23
25098.09
1019.95
1010.89
1011.13
1028.06
1013.04
1010.18
1009.94
980.85
988.96
1003.03
990.15
25123.12
1039.03
1020.19
1017.09
1017.09
1008.99
1008.99
1006.84
967.98
963.93
963.93
990.87
25118.83
1050.00
1037.12
1045.94
1032.83
1040.94
1039.03
1034.98
1042.13
1034.02
1032.11
25120.02
1024.01
1011.85
998.02
999.93
983.00
981.09
974.89
983.00
974.89
971.08
967.03
21083.12
1056.91
1051.90
1034.02
1020.91
980.14
978.95
952.96
17116.07
1017.09
1000.17
988.01
1000.17
1009.94
998.02
999.93
1001.12
1007.08
994.92
989.91
25101.18
1012.09
998.97
998.97
1036.17
1022.10
1028.06
1035.93
1019.95
1029.97
1030.92
25053.98
1088.86
1044.03
1038.07
1044.03
1039.03
1036.17
1034.02
1041.17
1034.98
1036.88
1009.23
21154.88
1060.96
1039.98
1055.00
1047.13
1045.94
1046.90
17093.18
1039.98
988.96
987.05
1001.12
985.15
994.92
983.95
976.09
1064.06
1068.12
1061.92
25133.85
1035.93
1011.85
1010.89
1002.79
1055.00
1064.06
1054.05
1063.11
1048.09
1056.19
24159.91
1073.84
1063.82
1065.97
1060.01
1065.97
1058.10
1050.00
1052.86
25099.99
986.10
974.89
969.89
988.01
966.07
967.03
976.09
974.18
1019.95
1022.10
1031.16
25107.15
1029.97
1006.84
990.87
1040.94
1027.11
1026.15
1023.05
1048.09
1028.06
1022.10
25061.13
1032.83
968.93
966.07
964.16
1022.10
1024.96
1027.82
1060.96
1026.15
1024.96
1024.96
25078.06
1048.09
1015.19
1004.93
992.06
1033.07
1039.03
1043.08
1053.09
1037.12
1035.93
1047.13
25124.07
1016.14
1003.98
988.01
1018.05
1039.98
1053.09
1044.03
977.99
978.95
988.96
981.09
25082.11
986.10
983.95
984.91
979.19
982.05
968.93
972.99
986.10
973.94
973.94
977.99
25074.96
1002.79
983.95
974.18
981.09
967.03
974.18
963.93
985.86
967.98
970.13
971.08
25069.00
988.01
964.88
970.84
967.03
960.11
964.88
963.93
973.94
972.03
972.99
972.03
21015.88
1023.05
983.00
981.81
987.05
972.03
982.05
977.04
17017.84
1080.99
1055.96
1037.84
1045.94
1050.00
1039.98
1039.98
25095.94
1000.88
993.01
982.05
1051.90
1036.88
1032.11
1028.06
1034.98
1014.95
1026.15
25038.96
1034.98
998.97
973.94
963.93
989.91
1007.80
995.87
997.78
988.96
996.11
993.97
25014.88
1111.03
1060.01
1053.81
1044.03
979.90
967.98
962.02
974.89
972.03
969.89
977.04
25040.86
1020.91
988.96
983.95
970.84
972.03
971.08
965.12
962.02
998.02
989.91
1003.98
25026.08
1068.12
1022.10
1004.93
996.83
1013.99
1027.11
1025.92
1035.93
1041.89
1033.07
1025.92
25126.93
993.01
972.99
968.22
974.89
968.93
961.07
963.21
948.91
1030.92
1031.16
1028.06
25102.14
993.97
962.97
974.18
980.85
985.86
982.05
998.02
996.11
957.01
958.92
972.03
17023.09
1043.80
990.87
978.95
975.13
1023.05
1029.01
1034.02
25127.89
988.96
969.17
964.88
965.83
957.97
952.96
957.01
24997.00
1005.89
972.03
962.97
969.17
1007.08
1009.94
999.93
1017.09
996.11
978.95
981.81
25012.97
1052.14
1007.08
982.05
976.80
964.88
975.85
981.81
1000.88
1007.80
1005.89
1004.93
25068.04
1051.90
1018.05
1014.95
1017.09
1019.95
1011.85
1013.99
25108.10
1024.96
1019.95
1012.09
1013.99
1011.85
1004.22
1014.95
983.95
981.09
1001.12
992.06
33093.93
993.01
979.90
988.01
984.19
987.05
979.90
978.95
25109.05
1028.06
1008.03
1005.89
983.00
967.98
960.11
960.11
968.93
957.01
961.07
962.02
25062.08
991.11
971.08
970.13
976.09
962.02
969.17
966.07
957.97
995.16
993.01
994.21
25039.91
1023.05
969.89
973.94
954.15
997.07
996.11
1009.94
1003.03
1004.93
1003.98
1005.17
25059.94
1035.93
983.00
974.89
972.03
1019.95
1003.03
1010.18
1019.95
1011.85
1014.95
998.97
21129.85
999.93
979.19
981.09
980.14
963.93
964.88
963.21
977.04
952.96
954.87
954.87
24996.04
1019.95
993.01
973.94
974.89
969.89
962.97
969.17
974.89
963.93
970.13
962.97
24991.99
1034.98
987.05
977.04
985.15
977.04
973.94
967.03
972.03
977.04
952.01
961.07
963.93
25083.78
978.95
973.94
966.07
967.98
962.97
964.88
962.97
956.06
1003.98
1005.89
1004.93
25096.18
988.01
967.98
970.84
974.89
968.93
966.07
964.16
964.88
1003.03
1009.94
1005.89
25105.00
991.11
972.99
965.12
973.94
949.86
962.97
957.01
973.94
962.97
23073.91
998.97
972.99
965.83
974.89
965.12
962.02
952.01
973.94
962.97
959.87
955.82
24996.04
1023.05
977.04
972.03
978.95
970.84
962.97
973.94
12982.85
1065.97
1051.19
1013.04
1002.07
976.09
977.04
972.99
983.00
978.95
970.13
971.08
972.99
25059.94
993.01
973.94
972.99
1000.88
1015.19
999.93
1005.89
1000.17
994.92
998.97
25037.05
1086.95
1029.97
1020.19
1029.01
1022.10
1024.01
1021.15
1014.95
968.22
977.04
972.99
25020.84
1061.92
1030.92
1008.99
1010.89
1010.89
1003.98
1003.98
998.02
959.16
957.01
962.02
25003.91
1019.95
972.99
967.98
978.95
958.92
961.07
966.07
953.20
1019.95
1019.00
1020.91
25062.80
1040.94
980.85
969.89
957.97
1019.00
1014.95
1014.95
1019.95
1016.14
1012.09
1013.99
17057.90
1015.90
968.93
971.08
976.09
963.93
965.12
967.03
17015.22
1042.13
976.09
983.95
975.13
970.13
968.93
961.78
25011.06
1048.09
993.01
990.87
967.03
959.87
952.96
957.01
947.00
961.07
953.91
961.07
963.93
25116.21
1026.15
1026.87
1028.06
1003.03
1006.13
1008.03
1013.99
1007.80
1008.99
1000.17
25042.06
1058.10
1018.05
1015.19
1009.94
1006.84
1006.84
1003.98
995.16
1026.87
1021.86
1019.00
25068.04
1051.19
1029.01
1008.03
991.11
1021.15
1029.97
1018.05
1038.07
1019.00
1019.95
1019.00
25125.03
1034.98
1025.92
1036.17
1001.12
1008.99
1011.13
1013.04
1010.18
998.02
1013.04
1012.09
25069.00
1003.98
994.92
988.01
1019.95
1017.81
1011.85
1025.92
1013.99
1013.04
1016.14
25059.94
1070.02
1019.00
1011.13
988.96
1032.83
1013.04
1009.94
1021.86
1014.95
1018.05
1012.09
25116.21
1039.03
1015.19
1032.11
1037.84
1021.86
1020.91
1021.86
1029.97
1020.91
1021.86
1021.86
25125.03
1034.02
1026.15
1029.97
1022.10
1018.05
1020.91
1028.06
1022.10
1024.01
1015.19
25065.90
1063.82
1013.99
1022.10
1007.08
968.22
974.89
974.89
981.09
972.99
978.95
965.12
12997.15
1074.08
1029.97
1025.92
1044.99
1034.98
1015.19
977.99
983.00
973.94
976.09
973.94
29033.18
1016.14
977.04
977.99
979.19
977.99
971.08
965.12
21016.12
1051.19
988.96
988.96
996.11
988.01
990.15
977.99
976.09
953.20
951.05
954.15
28995.04
1049.04
981.81
972.99
985.15
973.94
977.99
974.89
21026.85
1047.13
983.00
988.01
981.09
977.04
984.91
998.02
996.83
993.97
993.01
994.92
33024.07
1039.03
976.09
970.13
976.09
972.99
975.13
971.08
976.09
965.12
962.97
962.97
966.07
25079.97
983.00
967.98
959.16
968.93
962.97
961.07
961.07
25106.91
1037.12
1021.15
1013.99
1006.13
1005.17
962.97
966.07
968.93
971.08
966.07
972.99
973.94
965.12
952.96
964.88
17081.98
996.11
983.00
977.99
986.10
967.03
979.90
989.91
968.93
988.01
979.19
1008.03
1015.90
1000.88
991.82
998.97
17109.16
