1099.82
1034.02
1024.01
1036.17
1019.00
1024.96
1017.09
21117.93
1020.91
1006.84
999.93
1000.88
992.06
982.05
989.91
21106.00
1012.09
1002.07
989.91
1005.89
998.02
1000.88
1003.98
25110.96
1034.98
1024.96
1037.84
1019.95
1026.15
1055.00
25172.00
1058.10
1019.95
1021.86
1029.01
1015.90
1027.11
1023.05
23185.97
1003.98
1024.01
993.01
993.97
988.96
997.07
993.01
984.91
1000.17
19094.94
999.93
990.87
984.19
986.10
987.05
989.91
984.91
983.95
987.05
25089.03
1010.89
985.86
988.01
988.01
981.09
980.14
959.87
9132.86
1051.90
1025.92
9052.04
1089.81
1034.02
1040.94
1024.01
993.97
1000.88
996.83
25042.06
1064.06
1037.12
1044.99
1038.79
1016.86
1486.06
25002.00
1042.84
999.93
991.11
993.01
1019.00
997.07
988.96
21019.94
1040.22
994.92
986.81
988.96
997.07
980.85
983.95
993.01
993.01
992.06
993.97
25033.00
1070.98
1003.98
998.02
990.15
1029.01
1011.85
1024.96
1022.10
1003.03
1013.99
1001.83
21054.98
1045.94
999.93
995.87
999.93
997.07
990.87
999.21
17051.94
1103.88
1051.90
1060.96
1059.06
1029.01
1032.83
1041.89
25151.97
988.01
982.05
988.01
998.02
991.11
988.96
996.83
25107.86
1033.07
1024.01
1022.82
1025.92
1038.79
1039.03
25069.95
1066.92
996.83
1037.84
1044.99
972.03
972.03
989.20
25027.04
1039.03
1014.95
1009.94
1024.01
998.97
1000.88
998.97
25114.06
1025.20
1008.03
1026.15
1010.89
1023.05
1023.05
1034.02
25110.01
1024.96
1011.13
1021.15
1009.94
1008.99
1005.17
21037.82
1081.94
1012.09
995.87
989.20
998.97
996.83
999.93
995.16
1001.12
998.97
1001.12
25033.95
1060.96
1012.09
1002.07
1022.82
1007.08
999.93
1001.12
982.05
972.99
975.85
969.89
37004.95
1088.86
1031.88
1031.16
1030.92
1029.01
1030.92
1034.98
25146.01
1002.07
985.86
991.82
967.03
1019.95
1011.85
1011.85
25130.99
1025.92
1005.89
997.07
1019.95
1027.11
1032.11
1013.99
25115.97
1024.96
1025.20
1028.06
1018.05
1019.00
1021.86
1034.02
990.87
999.93
1012.09
25027.04
1091.96
1017.09
1016.14
1012.09
1005.17
992.06
993.97
1006.84
1008.03
989.91
1005.89
25079.97
1026.15
1003.03
997.07
1013.99
1003.03
1003.98
1001.83
25101.90
1021.15
1024.96
1008.03
1040.94
1014.95
1014.95
1008.99
21728.99
1007.08
987.05
1018.05
998.97
1013.04
1021.15
21212.10
1041.89
1035.93
1029.97
1022.10
1035.93
1013.99
25048.97
1078.84
1039.98
1016.14
13077.02
1052.14
996.11
993.01
977.04
981.09
973.22
969.89
975.85
977.04
971.08
969.89
25014.88
1025.92
986.81
977.04
988.01
988.01
977.99
977.04
17026.19
1045.94
1008.03
1004.93
989.91
993.01
989.91
1004.93
33029.08
1072.88
1045.94
1022.10
1038.07
1043.08
1027.11
1019.00
25107.15
1060.01
1032.83
1023.05
1025.92
1020.91
1016.86
1018.05
25166.99
1066.92
1046.90
1030.92
1053.09
1026.15
1029.01
16798.02
1073.84
1027.82
1031.88
1020.91
1018.05
1013.99
1013.04
9067.06
1041.17
997.07
997.07
992.06
1000.88
983.00
982.05
17043.11
1063.11
1040.94
1023.05
1035.93
1014.95
1000.17
1032.11
21128.89
1046.90
1029.01
1037.12
1015.90
1026.87
1020.19
1016.86
25141.00
1067.16
1075.03
1069.07
1075.03
1060.01
1056.91
25150.06
1070.98
1058.82
1062.87
1083.85
1057.86
1055.96
1060.01
1058.10
1050.00
1057.86
25099.04
1110.08
1061.92
1054.05
1071.93
1060.96
1058.82
1060.96
1063.11
1076.94
1072.88
25090.93
1105.79
1057.86
1067.88
1056.19
1063.11
1065.02
1052.14
9125.95
1039.98
1024.01
1021.86
1041.89
1034.02
1029.97
21070.96
1126.05
1113.89
1045.94
1043.08
992.06
971.79
974.89
981.81
971.08
967.03
967.03
25007.01
1087.90
1053.81
1055.00
1029.97
998.02
1003.03
1012.09
1487.02
993.01
973.94
981.81
1145.12
1075.03
1055.00
1045.94
1023.05
1022.10
1035.93
1024.96
1017.09
1016.14
1018.05
21141.05
1068.83
1047.85
1061.92
1047.13
1034.02
1024.96
1020.91
978.95
1000.17
993.97
986.10
29114.96
1040.94
1017.09
1025.20
1014.95
1016.14
1001.83
25038.96
1099.11
1029.97
1007.08
1008.99
1006.13
1002.07
992.06
25030.14
1037.12
998.02
980.14
997.07
991.11
984.19
993.97
981.09
969.17
962.02
965.12
19850.97
1044.03
1008.99
1019.00
1009.94
1010.89
1001.12
988.96
985.86
29022.93
1057.15
1013.99
1021.86
1013.99
1013.99
1019.00
1011.85
25075.91
1078.84
1067.88
1054.05
1060.96
1047.13
1044.99
1041.89
25142.91
1058.10
1049.04
1052.86
1044.99
1048.09
1049.04
25094.03
1039.98
998.97
987.05
1018.05
1044.03
1043.08
1044.03
25130.99
1008.03
998.97
1003.98
1021.15
1005.89
1006.84
1005.89
1017.81
1012.80
1025.92
1006.84
25105.00
1047.13
1019.95
1047.13
1029.01
1027.82
1028.06
1017.09
1021.86
1021.86
1013.99
25060.89
1081.94
1047.85
1048.80
1065.97
1053.09
1052.14
1044.03
19124.98
1003.98
9120.94
1034.02
1034.02
1051.19
1033.07
1044.99
1033.07
25095.22
1060.96
1016.86
1019.00
1012.09
1050.95
1039.03
1045.94
29098.99
1035.93
1008.99
1009.94
1015.90
1000.88
985.15
985.15
25118.11
1014.95
1012.09
1020.19
972.03
973.94
973.94
976.80
25097.85
1015.90
1000.88
1011.13
1016.14
1019.95
1013.99
1025.92
1013.99
1019.00
1024.96
25048.02
1071.93
1039.98
1034.02
1028.06
1024.01
1019.00
1019.95
1013.04
1009.94
1018.05
1015.19
19135.00
1032.83
1008.03
1013.99
1008.99
1008.03
1017.09
1011.13
1017.09
1013.99
25118.11
1022.10
1008.03
993.97
980.85
997.78
982.05
987.05
1009.94
1006.84
1016.86
1008.99
25109.05
1039.03
1007.80
1021.86
998.97
1006.13
1007.08
25029.90
1050.95
995.87
996.83
988.01
1004.22
1005.89
1008.03
41054.01
1060.96
1024.01
1018.05
1012.80
1010.89
998.02
990.87
25089.98
1068.12
1046.90
1060.96
1040.94
980.85
983.00
987.05
25104.05
1057.86
1052.14
1055.96
1047.85
1075.03
1074.08
25098.09
1106.02
1062.87
1058.10
1068.12
1055.00
1051.90
1053.09
997.07
983.00
988.01
977.99
22148.13
1011.13
986.10
996.11
972.99
972.03
959.87
997.07
1022.10
1013.99
1016.86
21093.85
988.01
973.94
983.00
987.05
978.95
979.90
979.90
25099.99
1042.13
1019.00
1011.13
1008.03
1006.13
992.06
25027.04
1055.96
1013.04
1008.99
1009.94
1011.13
1011.13
1016.14
21049.02
1074.08
1021.15
1013.99
1021.86
1013.99
1013.99
1022.10
25115.97
1039.03
1014.95
1014.95
1008.03
1024.01
1016.86
1018.05
1029.01
1018.05
1017.09
1012.09
25129.08
1029.01
1022.10
1024.96
1021.86
1017.81
1018.05
1018.05
994.92
993.97
998.02
25025.84
1075.03
1016.14
1010.89
1044.99
967.98
970.13
967.98
25006.06
1077.18
1020.91
1023.05
16800.88
1096.96
1055.00
1044.99
1048.09
1047.13
1039.98
1050.00
25138.85
1023.05
1013.04
1012.09
998.02
1042.13
1042.13
1018.05
25115.97
1013.04
1009.94
1003.03
1014.95
1002.79
1011.85
25027.99
1071.21
1014.95
1008.99
1008.99
1002.07
1002.07
1004.93
998.02
1024.96
1026.87
1024.96
25062.08
1060.96
1009.94
1017.09
1003.03
1013.99
1003.03
994.21
1017.09
1003.98
1001.12
993.97
25063.04
1039.98
999.93
1000.17
1007.08
994.92
1003.03
998.02
25098.09
1034.02
1005.89
1014.95
1010.89
1000.88
994.92
993.01
21093.85
1021.86
1008.99
1006.13
1016.14
1007.08
26751.04
993.01
987.77
983.95
986.10
980.14
984.91
976.80
25070.91
1009.94
985.15
1006.13
1023.05
1011.13
999.93
1001.83
9128.81
1050.00
1040.94
1039.98
13071.06
987.05
973.94
976.09
1043.08
1042.13
1048.09
1050.00
1038.79
1040.94
1032.11
33092.02
1080.99
1031.16
1034.98
1023.05
1010.89
1003.98
994.92
25103.09
1028.06
996.83
990.87
988.96
986.10
980.14
977.04
25100.95
1036.88
1020.19
1033.07
1018.05
992.06
996.11
988.01
17102.96
1017.09
997.07
1000.17
1029.97
1013.99
1018.05
1019.95
1016.86
1015.90
1020.19
29055.12
1079.08
1024.96
1020.91
1003.98
1005.89
993.01
997.07
9042.02
1025.92
981.09
981.09
979.90
988.01
988.01
985.15
29029.13
1037.12
996.11
984.91
986.81
985.86
991.82
988.96
25042.06
1047.85
993.01
985.15
968.93
989.91
984.19
992.06
25033.00
1042.13
992.06
986.10
992.06
992.06
996.11
991.11
25033.00
1039.98
1008.99
996.83
1009.94
1008.03
998.97
998.02
1018.05
994.92
997.07
1003.03
25094.03
1021.15
1003.03
1003.98
1013.99
993.97
1001.83
1003.03
1015.90
999.93
1002.79
1011.85
25111.91
1050.95
1037.12
1022.10
1055.00
23817.06
1013.99
998.97
998.02
1012.80
998.02
991.11
988.96
17102.96
1011.13
991.11
1001.12
998.97
994.21
993.01
997.07
25089.98
1019.00
998.02
996.83
996.83
994.92
989.91
25017.98
1125.10
1055.96
1053.81
1032.83
1008.03
1017.09
998.02
25058.98
1073.12
1029.97
1034.02
1034.02
983.95
984.19
986.10
999.93
999.93
1000.17
992.06
17112.97
1058.82
1034.02
1032.11
1039.03
1029.01
1029.01
1029.97
29107.09
1033.07
1027.11
1034.98
1026.87
1030.92
1033.78
25073.05
1116.99
1065.02
1056.91
1064.06
1056.91
1057.15
1051.90
25161.03
1075.98
1060.01
1063.82
1064.06
1052.86
1056.91
25101.18
1096.96
1060.96
1053.09
1011.13
1012.09
1016.14
1008.03
25153.16
1042.13
1034.98
1025.92
985.15
984.91
977.04
974.89
987.05
971.08
972.99
973.94
25089.03
1001.12
986.10
991.11
998.02
984.19
978.95
984.91
975.13
967.03
972.99
976.80
25081.87
1014.95
994.21
988.96
1004.93
998.02
989.91
987.05
25109.05
1016.86
999.93
1005.17
1034.98
1005.17
1003.98
25027.99
1090.05
1020.91
1021.15
1013.99
1003.03
1011.13
998.97
22492.89
1072.88
1034.98
1031.16
1009.94
1020.91
1002.07
1043.08
1040.22
1038.07
25074.01
1063.82
998.02
988.01
991.11
1042.13
1045.94
1041.89
13079.17
1066.92
1034.02
1022.10
1037.12
1015.90
1025.92
1020.91
17127.04
1027.82
1022.82
1021.15
1003.03
986.10
985.15
978.95
25110.96
1039.98
1027.82
1011.85
1025.92
1012.80
1014.95
25047.06
1078.13
1023.05
1019.95
1026.87
1017.81
1015.90
1015.19
25058.98
1079.08
1023.05
1012.09
1027.11
1026.15
1033.07
1021.15
21095.99
1029.97
1013.99
996.11
1004.93
993.01
982.05
983.00
999.93
1018.05
1016.86
1014.95
25104.05
994.92
987.05
989.20
1002.07
989.91
989.91
994.21
1005.89
1013.04
1009.94
21555.19
1040.94
988.01
983.00
972.03
965.83
976.80
983.00
33019.07
1042.84
1002.79
988.96
1001.12
984.19
1003.98
972.99
25009.87
1060.96
1029.97
1016.86
1034.02
1013.04
1014.95
1022.82
25110.96
1029.01
1024.01
1015.90
1049.04
1066.92
1062.87
25091.17
1054.05
1020.19
1007.08
1024.96
1010.89
1013.04
1018.05
1008.03
1020.19
1019.95
1019.00
25069.95
1084.80
1055.96
1056.19
1054.05
990.15
993.97
998.02
1004.93
993.01
1005.89
997.07
25113.11
1024.96
1021.86
1009.94
1018.05
1024.96
1017.09
1008.99
21124.12
1042.84
1026.87
1021.86
1008.99
997.78
26118.04
1055.96
999.93
995.87
990.15
1037.12
1037.12
1042.84
25089.98
1072.17
1035.93
1024.96
1027.11
1012.09
1009.94
1003.03
25099.99
1006.84
993.01
984.91
1003.98
986.10
986.10
988.96
968.93
1026.15
1009.94
1016.14
25113.11
1013.04
1002.07
1002.79
978.95
1012.09
1008.03
999.21
1005.89
988.96
988.96
983.95
17085.08
993.01
976.80
977.99
983.95
983.95
984.19
983.00
25088.07
1011.85
996.83
998.97
1002.07
988.96
993.01
990.15
1003.03
1005.17
998.97
996.11
25081.16
1019.00
1008.99
1006.84
1003.98
998.02
999.93
17034.05
1065.97
1030.92
1021.86
1025.92
4025.22
1035.93
1008.99
996.11
992.06
1005.17
1000.88
994.92
21042.82
1044.99
1005.17
993.01
993.01
990.15
971.08
970.13
25017.02
1092.20
1045.94
1034.02
1044.03
1000.17
1005.89
1011.85
1016.86
1015.90
1017.81
1005.89
25149.82
1072.88
1062.15
1048.09
1028.06
1015.19
1009.94
1019.95
1019.95
1006.84
998.02
25049.92
1094.10
1043.08
1050.95
1025.92
971.79
977.99
973.94
983.95
977.99
978.95
985.15
25017.02
1037.84
1015.90
998.02
1003.98
997.07
1001.12
1008.99
1007.08
1039.03
1042.84
1034.02
25146.01
1034.02
1014.95
1018.05
995.16
1024.01
1021.15
1039.98
22833.11
1019.00
1002.79
998.02
994.21
987.05
17107.96
1040.94
1019.95
1025.92
1025.20
1022.10
1024.96
1006.13
25092.12
1017.09
1019.00
1022.10
1013.04
996.11
991.11
994.92
968.93
967.98
967.98
988.01
981.81
975.85
977.04
976.09
982.05
972.03
979.90
977.99
29092.07
1015.19
993.01
981.09
1003.98
1000.88
989.91
991.11
25074.01
1019.95
1002.79
1010.89
996.83
1000.88
996.83
29033.90
1044.03
997.07
993.01
997.07
1001.83
989.91
986.10
25025.13
1036.17
994.92
993.01
998.97
998.02
990.87
995.87
17029.05
1059.06
1021.86
1004.93
990.15
1012.09
1003.98
998.02
16838.07
1060.01
1011.85
1004.93
9052.04
1097.20
1003.98
989.20
993.97
986.81
973.94
976.09
17029.05
1106.02
1056.91
1054.05
1085.04
1067.16
1054.05
1054.05
25094.99
996.11
988.01
988.01
1055.00
1026.15
1024.01
25064.95
1049.04
997.07
986.10
1012.09
998.02
993.01
992.06
25026.80
1050.95
996.83
987.05
993.01
1003.03
994.92
991.11
33027.17
1067.16
1027.11
1013.04
1019.95
1014.95
1008.03
995.87
25049.92
1043.08
997.07
991.11
987.05
980.85
975.85
970.84
17027.85
1070.98
1028.06
1024.96
1052.86
1024.96
1024.01
1024.96
1007.08
970.13
968.93
964.88
983.00
968.93
962.02
971.79
29098.03
1067.16
1054.05
1044.03
1055.00
1044.99
1044.03
1043.08
17152.07
1057.15
1045.94
1050.95
1044.03
1048.09
1043.08
17122.03
1048.80
1019.95
1017.09
1027.11
1017.09
1018.05
1022.10
25135.99
1039.03
1030.92
1014.95
1029.01
1019.00
1021.86
17047.88
1070.98
1022.10
1024.96
1016.14
1017.09
1002.07
1002.07
25039.20
1037.12
988.96
981.09
968.22
983.95
988.01
988.01
21027.09
1074.08
1017.09
1010.18
992.06
972.03
984.91
985.15
997.07
992.06
987.05
987.05
25037.05
1034.02
1003.03
990.15
1001.83
990.87
988.01
998.02
991.11
982.05
983.00
981.09
25027.99
1055.00
1007.08
998.02
1012.09
997.07
1004.93
1007.08
1012.09
1008.99
1010.89
1012.09
25111.91
1050.95
1025.92
1031.88
1048.80
1033.07
1029.01
1039.03
17091.99
1005.17
993.97
997.07
1004.93
998.02
1002.07
997.07
25087.12
997.07
990.15
995.16
1004.93
1003.03
1003.03
21036.15
1058.10
1009.94
993.01
993.01
977.04
985.15
977.04
996.11
993.01
990.87
984.91
29023.17
1065.97
1005.89
984.19
993.01
1006.13
1002.07
1016.14
17045.02
1083.85
1015.90
1012.80
993.97
977.04
973.94
973.94
17031.91
1055.00
1026.15
1005.89
1010.89
1000.88
1015.90
1006.13
29103.99
1019.95
1003.03
993.01
1005.89
969.89
979.90
978.95
13154.98
1000.88
986.10
991.11
1000.17
1001.12
998.97
997.07
25104.05
1016.86
1005.17
1008.03
1008.99
1000.88
1007.08
1006.13
968.93
992.06
988.01
993.97
33090.11
988.96
978.23
983.95
977.99
972.03
976.09
973.94
986.81
977.99
977.04
977.99
25086.88
1008.99
986.10
983.95
994.21
990.87
990.87
992.06
1003.98
1017.09
1024.01
1011.85
25105.00
1019.95
996.11
994.92
1026.87
1027.82
1024.96
1055.96
1029.97
1034.98
1036.88
29052.02
1065.97
1022.82
1029.97
1023.05
1018.05
1019.00
1008.99
29057.03
1029.01
989.91
978.95
988.96
984.91
975.13
980.14
972.03
972.03
972.99
977.04
25010.11
1119.14
1050.95
1044.03
1039.98
1004.93
1003.98
998.02
25106.91
1018.05
1006.13
1012.09
1013.99
1006.13
1002.07
1006.13
973.94
1022.82
1021.86
1011.85
25126.93
1036.88
1042.84
1043.80
993.97
1003.03
1001.83
1020.91
1006.84
1011.85
1008.99
25053.98
1064.06
1013.04
1023.05
1026.15
1019.95
1031.88
1020.19
25110.96
1043.80
1026.87
1018.05
1036.88
1043.08
1033.07
1043.08
25113.11
1049.04
1015.19
1040.94
1024.96
1019.00
1010.89
25046.11
1069.78
1016.86
999.93
1006.84
995.87
993.97
981.09
21023.99
1060.01
1003.98
987.05
17428.87
1050.95
1035.93
1031.88
1050.00
1039.03
1044.99
25075.20
1053.09
1003.98
1000.88
996.83
1016.86
1013.99
1017.09
1016.14
1013.99
1011.13
1013.04
21057.13
1065.97
1017.81
1008.03
1013.99
1037.12
1033.07
1013.99
21106.96
1044.03
1021.86
1020.91
1039.98
1019.95
1022.10
1024.01
1003.03
1013.99
990.15
996.11
41085.96
989.91
980.85
980.85
989.91
1011.13
1008.03
1001.12
25074.96
985.86
979.90
973.94
1001.12
986.10
987.05
996.11
25090.93
1015.90
994.92
1000.88
997.07
993.01
990.87
17005.92
1070.02
11287.93
1051.90
1006.84
1006.84
1020.91
1028.06
1025.92
1018.05
1022.82
994.92
992.06
989.91
25079.97
1021.86
1019.95
1002.07
1006.13
997.07
984.19
987.05
1026.15
999.93
1001.83
998.02
25072.10
1007.08
983.95
977.99
988.96
976.80
980.85
983.95
992.06
981.81
979.90
979.90
25079.01
999.93
984.91
980.14
987.05
977.04
972.03
978.95
991.11
978.95
979.90
981.09
25084.97
1003.98
991.11
993.97
991.82
988.01
983.95
988.96
1002.07
1044.03
1030.92
1033.07
25152.21
1075.98
1052.86
1047.85
1050.00
1049.04
1060.01
1047.85
1048.80
1050.00
1042.84
25114.06
1084.09
1046.90
1041.89
1055.00
1033.07
1038.07
1039.98
1047.13
1050.00
14887.09
1056.19
1048.09
1045.94
1039.98
1034.98
1053.81
9073.02
1087.90
1024.01
1022.10
1015.90
1005.89
1001.83
990.87
21057.84
1061.92
1024.01
1021.86
1028.78
993.97
1002.07
982.05
1008.03
995.87
998.02
1003.03
25095.94
1039.98
1026.15
1013.04
1072.17
1039.98
1028.06
1040.94
1039.98
1055.00
1034.02
25078.06
1050.00
993.97
998.02
995.87
1044.03
1035.93
1029.01
17076.97
1030.21
984.91
985.86
974.89
1004.93
1000.17
999.93
17077.92
1055.00
1020.91
1024.01
1002.07
990.87
993.97
986.10
997.07
986.10
987.05
988.96
25084.97
1034.02
1019.95
1019.95
1022.10
1012.09
987.05
1013.99
1019.00
1014.95
999.93
996.11
25155.07
1037.12
1035.93
1031.88
977.04
983.00
986.10
982.05
977.04
1043.08
1041.89
29074.19
1110.08
1053.09
1055.00
1048.80
1047.85
1059.06
1058.10
25130.99
1023.05
997.78
999.93
1029.97
1007.08
1001.12
999.93
29108.05
1014.95
994.92
988.01
1002.07
993.01
993.01
988.01
25101.18
1012.09
998.02
997.07
989.91
983.95
988.96
991.11
17091.99
1017.09
1004.93
1005.89
1003.98
997.07
1003.98
25041.82
1056.91
999.93
1008.03
1004.93
975.13
988.96
993.01
21049.02
1045.94
983.95
982.05
969.89
994.92
1008.03
1010.89
17052.17
1081.94
10695.93
1077.89
1031.88
1022.10
8969.07
1061.20
1020.91
1019.95
1043.08
1027.11
1032.11
1029.97
1029.01
1007.08
1002.07
1003.03
25108.10
1067.16
1031.88
1031.88
999.93
1003.03
997.07
1004.93
37143.95
1069.07
1049.04
1038.79
993.97
991.11
1003.03
1011.13
997.07
996.11
993.01
25017.98
1080.04
1037.12
1034.98
1016.86
970.84
965.83
967.98
972.99
967.03
967.03
967.03
25003.91
1067.88
1004.22
984.91
973.94
968.93
967.03
971.08
979.90
970.84
967.98
975.13
968.93
25136.95
1059.06
1044.03
1034.02
1000.88
1009.94
1007.08
1024.96
1008.99
1008.03
1006.13
25048.02
1109.84
1048.80
1040.94
1020.19
1008.99
1011.13
1010.18
1029.01
1003.03
1008.99
1014.95
25139.81
1065.97
1050.00
1039.98
977.99
976.80
972.03
982.05
991.11
978.95
982.05
978.95
25124.07
1034.02
1039.98
1016.14
956.06
972.99
978.95
975.13
983.95
977.04
973.94
976.80
25127.89
1019.00
1024.96
1022.82
1014.95
1019.00
1009.94
1017.09
983.95
994.92
984.19
25027.99
1070.02
1029.97
1010.89
1035.93
1014.95
1037.84
1036.88
1014.95
1024.96
1030.92
1027.11
25114.06
1039.03
1024.01
1017.09
1023.05
1006.84
1012.09
1001.12
1035.93
1031.88
1031.88
1020.91
25113.11
1015.90
990.15
978.95
983.00
973.94
978.95
969.17
1013.99
1005.17
1001.12
1005.89
25084.02
993.97
973.94
981.09
988.01
975.85
985.86
978.95
13092.99
1018.05
1000.17
1013.99
1001.83
1000.88
1001.83
1003.98
1029.01
1021.15
1019.00
25063.99
1053.09
997.07
996.11
990.87
1023.05
1023.05
1019.00
1024.01
1019.95
1020.19
1019.00
21065.95
1067.88
1033.07
1029.97
1030.21
1024.96
1024.01
1029.01
992.06
1024.96
1015.90
1007.80
25140.05
1025.92
1011.85
1005.89
1016.86
1019.00
1021.15
1024.01
1013.04
1011.85
1006.84
25048.97
1063.11
1029.97
1018.05
1039.03
1019.95
1018.05
1002.07
25053.98
1057.86
1015.90
1039.98
1003.98
999.93
1006.13
1001.12
1015.90
999.93
998.02
972.99
41068.08
1000.88
993.97
975.13
998.97
974.18
975.13
972.99
25058.03
1011.85
978.95
987.05
976.09
977.04
988.01
972.99
17084.12
1096.96
1037.84
1052.86
1036.88
987.05
990.87
986.81
25110.01
1044.99
1032.83
1031.88
1039.03
1013.99
1020.19
37044.05
1088.14
1019.00
1016.86
1011.13
1060.96
1059.06
1057.86
25135.99
1029.97
1006.84
1018.05
1003.98
992.77
994.92
978.95
21108.15
1031.88
1019.00
1019.95
1019.95
1001.12
1008.03
995.87
991.11
967.03
974.89
971.08
21099.09
1024.01
1018.05
987.05
1000.88
982.05
984.91
977.99
21131.04
1038.07
1004.22
1013.99
965.12
972.99
972.03
973.94
977.99
978.95
972.03
977.04
21123.89
1036.88
1026.87
1027.82
1003.98
998.02
992.06
17026.90
1080.99
1040.94
1035.93
1049.04
1039.03
1048.09
1040.94
25120.97
1065.02
1048.09
1053.09
1068.12
1055.96
1050.00
1043.08
25080.92
1014.95
1000.17
1015.90
1056.91
1050.00
1044.03
1048.09
1043.08
1043.08
1042.13
25113.11
1079.08
1050.95
1053.81
1071.93
1051.19
1049.04
1044.03
997.07
988.96
996.11
988.01
25133.13
1059.06
1044.03
1036.88
1036.88
1023.05
1022.10
1042.13
1029.01
1019.95
1019.95
25064.95
1050.95
1024.96
1019.00
1028.06
1013.99
1020.19
1020.91
1017.81
977.04
979.90
977.99
33065.08
987.05
973.94
971.08
986.10
971.08
976.09
969.89
25071.86
994.92
982.05
979.90
1001.83
983.00
985.15
984.91
25099.99
1026.15
1020.91
1029.97
1001.12
968.93
972.99
967.98
984.91
973.22
978.95
968.93
25089.98
1004.93
988.96
990.15
1004.93
985.86
986.81
983.95
994.21
1035.93
1025.92
1025.20
25115.01
1017.09
1006.13
1002.07
1016.14
999.93
1000.17
1004.93
958.92
966.79
973.94
972.03
21108.87
1008.99
988.01
987.77
972.03
988.96
986.81
978.95
33082.01
988.96
981.81
972.03
987.05
976.09
972.03
971.08
29120.92
1070.98
1051.90
1034.98
20426.03
1044.99
1004.93
1008.99
1013.99
1001.83
1003.03
1004.93
21106.96
1006.13
988.96
983.00
1007.08
983.95
983.00
984.91
25086.88
1028.06
1019.95
1011.13
1028.06
1013.04
1013.04
1029.97
21142.01
1041.89
1019.00
1030.92
1017.09
1012.09
1005.17
33041.00
1049.04
1003.03
994.92
991.82
1024.96
1033.07
1021.86
23712.16
1058.10
1005.89
994.21
990.87
985.86
983.00
988.01
1013.99
19025.09
1072.17
990.87
999.93
993.01
998.02
993.97
993.01
989.91
995.16
25034.90
1044.03
993.97
992.06
980.85
1015.90
1012.80
1019.00
1024.01
1019.95
1018.05
1008.99
25017.02
1065.02
1007.80
1005.89
1011.85
1003.03
1008.99
1005.17
1008.99
1024.01
1013.04
1008.99
21135.81
1030.92
1016.86
1015.19
993.97
1016.86
1024.01
1013.99
25149.11
1062.15
1068.12
1048.09
1005.89
1008.03
1004.93
25048.02
1062.15
1018.05
1026.15
1008.99
1010.18
1024.01
1029.97
1033.07
1013.04
1011.13
1013.99
25103.09
1037.12
1021.15
1022.10
1025.92
1034.98
1019.00
1016.86
1017.81
1051.90
1036.17
1031.16
25096.89
1042.84
1020.91
1017.81
1029.97
1018.05
1011.13
1018.05
1019.00
1019.95
1008.03
25054.93
1076.94
1023.05
1005.17
992.06
992.06
988.96
980.85
1016.86
1004.93
1001.83
1010.18
25078.06
1050.00
1006.84
1005.89
1011.85
965.83
973.94
971.08
25070.91
1050.23
1031.88
1025.92
1027.82
1026.87
1010.89
1013.99
21103.86
1019.00
993.97
980.85
989.91
978.95
971.08
977.04
1003.98
1021.86
1013.04
1012.09
25102.14
1001.12
986.10
987.05
1030.92
1047.85
1043.08
1054.05
1039.03
1039.98
1044.03
25074.01
1109.84
1049.04
1044.99
1045.94
1047.85
1036.88
1044.03
1024.96
1002.07
996.11
991.11
29117.11
1058.10
1045.94
1034.02
1023.05
1028.06
1031.16
25069.95
1076.94
1008.99
995.87
1003.03
994.92
988.96
984.91
25023.94
1057.15
1003.98
1000.17
1008.99
1004.93
993.01
990.87
973.94
1007.08
1008.99
1009.23
25068.04
1060.96
1013.04
1001.12
998.97
1012.09
1007.08
1002.07
1019.00
1016.14
1000.17
1005.89
25099.99
1019.95
994.92
994.92
992.06
987.05
985.86
976.80
996.83
988.01
993.01
984.19
25079.01
1003.03
975.85
982.05
983.95
974.18
978.95
969.89
987.05
972.99
983.00
977.99
25063.99
1010.89
977.99
982.05
984.91
979.90
983.95
977.99
25067.09
1008.99
987.05
986.10
996.11
990.15
986.10
979.90
21081.92
1034.98
1008.03
994.21
997.07
967.98
966.79
973.94
980.14
970.13
975.13
973.94
29027.94
1036.17
993.01
990.15
1008.99
988.96
1032.11
1033.07
9119.03
1003.03
981.81
975.85
973.94
972.99
974.89
983.00
