1146.08
1097.92
17165.90
1207.11
1110.08
1104.12
17276.05
1122.95
1097.20
17164.95
1201.15
1107.93
1092.91
17272.00
1122.00
1096.96
1101.02
1085.04
1077.89
1086.00
25285.96
1161.10
1113.18
13178.11
1205.92
1107.22
1101.97
1111.98
1092.91
1099.11
25168.18
1247.17
1122.00
1091.00
17302.04
1152.04
1111.98
13175.96
1192.09
1099.11
1091.00
21253.11
1123.19
1100.06
17230.99
1157.05
1100.06
13161.90
1221.90
1106.02
1102.21
21279.10
1156.09
1113.18
17171.14
1218.08
1121.04
1096.01
17291.07
1140.83
1101.02
13190.03
1209.02
1127.00
1105.07
1111.03
1088.86
1088.14
25179.15
1221.18
1114.13
1100.06
13296.13
1136.06
1112.94
1115.08
1115.08
1091.00
1081.94
25319.81
1145.12
1105.07
13201.00
1215.93
1122.95
1096.96
1092.20
1086.95
1075.98
25180.82
1220.94
1112.94
1108.88
17293.93
1158.95
1145.12
17386.20
1160.14
1116.04
13179.78
1218.08
1123.91
1097.92
21280.05
1122.95
1087.90
9164.81
1194.95
1136.06
1101.97
13255.83
1116.99
1088.86
1102.92
1086.00
1080.99
1086.95
25277.14
1117.94
1119.14
13194.08
1180.89
1101.02
1091.96
1091.96
1084.09
1078.84
25157.93
1230.00
1103.88
1120.81
13302.09
1135.11
1106.02
1105.07
1111.03
1091.96
1097.20
25318.15
1137.97
1117.94
17177.10
1224.04
1111.03
1101.02
1101.97
1083.14
1083.14
25169.13
1215.93
1106.02
1087.90
1113.89
1098.16
1083.14
29200.08
1233.82
1128.91
1091.96
1109.12
1091.00
1083.85
25156.02
1238.82
1116.04
1105.07
13304.95
1163.96
1134.16
1142.02
1108.17
1112.94
1092.91
25299.07
1145.12
1120.09
13199.09
1218.08
1108.17
1087.90
13247.97
1122.00
1091.00
17252.92
1164.91
1116.99
1110.08
1095.06
1091.00
1079.08
25175.09
1206.87
1111.03
1093.15
13262.03
1144.89
1104.83
1132.97
1102.21
1099.11
1088.14
25321.01
1136.06
1106.02
13274.19
1147.99
1102.92
1113.89
1093.86
1083.85
1083.85
25198.94
1196.86
1100.06
13136.86
1258.85
1141.07
1348.02
1116.99
1095.06
1094.82
29167.89
1249.07
1096.01
1092.91
21312.95
1127.00
1103.16
1106.02
1100.78
1075.98
1090.05
25291.92
1150.85
1122.00
9164.81
1210.93
1123.91
1100.06
13273.00
1132.01
1124.14
1122.95
1120.81
1086.00
1089.10
25305.03
1139.88
1111.03
13214.11
1187.80
1122.95
1107.93
1096.01
1090.05
1080.99
25176.05
1207.11
1112.94
1099.82
13293.03
1127.00
1091.96
17273.90
1202.11
1110.08
13159.99
1208.07
1110.79
17978.91
1189.95
1111.03
1086.95
1108.88
1101.97
1091.00
25166.99
1241.92
1195.91
1109.12
13267.99
1137.97
1121.04
1116.04
1091.96
1088.86
1085.04
25293.11
1132.97
1111.03
13228.18
1177.07
1108.17
1106.02
1091.96
1101.97
1089.10
25171.04
1211.17
1106.98
1102.21
13267.04
1121.04
1096.01
1092.91
1084.09
1090.05
1078.13
25285.01
1132.97
1100.06
21176.10
1210.21
1104.12
1101.97
9260.89
1135.11
1097.92
13188.84
1177.07
1096.01
1096.96
1108.17
1094.10
1080.99
25172.95
1209.02
1116.99
1101.97
13285.16
1137.97
1106.02
1107.93
1091.96
1110.08
1093.86
25280.95
1121.04
1125.81
13211.01
1195.91
1115.08
1111.98
1103.16
1089.10
1084.09
25160.07
1200.91
1112.94
1099.11
13271.09
1130.82
1096.96
1102.21
1091.00
1097.92
1085.04
29294.97
1142.98
1110.79
1122.95
1100.06
1087.90
1084.09
21308.90
1132.01
1106.02
1103.88
1096.96
1093.86
1097.92
25312.19
1155.14
1101.02
1107.22
1093.86
1084.09
1078.13
29308.08
1142.98
1110.08
1112.94
1093.86
1102.92
1081.94
25315.05
1149.89
1101.02
13175.96
1201.87
1106.02
1089.10
17272.95
1122.00
1102.92
13173.10
1204.01
1110.08
1110.79
1116.99
1096.01
1086.00
25166.99
1204.01
1106.02
1097.20
13281.11
1144.17
1096.01
1101.97
1102.21
1097.92
1090.05
25298.12
1147.03
1113.89
13188.84
1205.92
1113.89
1096.96
1106.02
1097.92
1094.10
25181.06
1223.09
1116.04
1097.92
17284.87
1130.82
1100.06
13167.14
1192.09
1125.81
1104.83
21260.02
1113.89
1102.92
9222.03
1142.98
1109.12
13147.12
1199.01
1110.08
1101.97
1096.01
1083.85
1084.09
1075.03
25277.85
1128.91
1087.90
13180.97
1191.85
1099.82
1097.92
1106.98
1099.11
1091.00
25163.89
1342.06
1223.80
13180.97
1224.04
1116.99
1106.98
1106.02
1097.92
1098.87
25149.82
1242.16
1118.18
1102.92
13293.03
1134.87
1104.12
1100.06
1091.96
1090.05
1078.84
29274.94
1150.85
1108.88
1095.06
1091.96
1080.99
1087.19
25179.86
1222.13
1116.99
13162.14
1237.15
1106.98
1114.85
1106.98
1089.10
1073.12
1075.98
25285.01
1127.00
1096.96
13234.85
1173.02
1104.83
1101.97
1095.06
1091.00
1096.01
25181.06
1228.09
1116.04
13152.84
1279.83
1122.95
1104.83
17305.85
1155.14
1103.88
13180.02
1217.84
1122.95
1120.81
1105.07
1095.06
1090.05
21157.03
1230.00
1114.85
1114.13
1109.12
1090.05
1080.04
25147.91
1240.02
1113.18
1095.06
1107.22
1084.09
1082.90
1079.08
29311.90
1122.95
1107.93
1102.92
1091.96
1085.04
1081.94
25300.03
1131.06
1100.06
13244.15
1171.11
1106.02
13157.84
1227.14
1122.00
1098.87
17300.84
1148.94
1122.00
1113.18
1130.10
1091.00
1093.86
25294.07
1140.12
1108.17
13174.06
1230.96
1122.00
1098.87
17289.88
1118.90
1102.92
9150.03
1202.11
1103.16
1093.15
13275.15
1122.95
1094.82
1127.96
1106.98
1080.99
1075.03
25295.97
1127.00
1088.86
13160.94
1209.02
1106.02
1109.84
1108.88
1081.94
1085.04
33160.92
1219.03
1104.83
1097.92
9291.89
1145.84
1101.97
17169.00
1209.97
1105.79
1091.96
21278.86
1133.92
1101.02
17255.07
1159.91
1108.17
17158.03
1235.01
1125.10
1098.16
1105.07
1090.05
1087.90
1083.14
25278.09
1122.00
1103.88
13279.91
1153.95
1106.02
1111.03
1106.98
1086.00
1085.04
25228.98
1173.97
1106.98
17154.93
1246.93
1122.00
1101.02
13281.82
1137.97
1108.88
17164.95
1220.94
1116.04
1109.84
17276.05
1128.20
1105.07
17169.95
1206.16
1117.94
1097.92
21288.87
1133.92
1107.22
9194.14
1178.98
1106.98
13130.90
1221.90
1126.05
1097.92
1116.99
1097.20
1090.05
1089.10
25292.16
1136.06
1106.98
13230.09
1168.01
1108.17
1106.02
1087.90
1079.80
1082.90
29192.92
1229.05
1121.04
1108.17
17295.12
1134.16
1106.98
17283.92
1152.99
1109.12
21175.15
1240.97
1118.18
1106.98
13298.99
1128.91
1099.11
17183.07
1205.21
1107.93
1101.97
17274.86
1138.93
1108.17
13190.03
1185.89
1100.06
1113.89
1095.06
1080.99
1084.80
25169.85
1212.12
1116.99
1096.96
13281.11
1125.81
1104.83
1111.03
1098.16
1086.95
1085.04
25296.93
1140.12
1094.10
13179.06
1189.95
1115.08
1091.00
1101.02
1090.05
1088.86
25172.00
1219.03
1109.84
1102.92
17293.93
1132.97
1106.98
17182.83
1199.01
1108.88
1093.86
13262.03
1128.91
1111.98
21260.98
1152.99
1110.08
9146.93
1204.97
1108.88
1097.20
13284.92
1138.93
1101.97
1106.02
1099.82
1092.91
1083.85
25267.84
1146.08
1101.97
13175.01
1214.98
1107.93
1100.06
1103.88
1091.96
1084.09
25125.03
1250.98
1117.94
1099.82
13278.96
1152.04
1103.88
1108.88
1103.88
1092.91
1086.95
25266.89
1165.87
1108.88
17179.97
1235.96
1122.00
1098.87
1115.08
1105.07
1094.10
25161.98
1250.98
1122.95
1101.97
1111.03
1096.96
1091.00
29158.83
1264.10
1132.01
1107.93
1115.08
1096.01
1098.16
29161.93
1264.10
1126.05
1111.98
1120.09
1097.20
1086.95
25143.86
1269.10
1124.14
1104.12
9264.95
1135.11
1111.03
13180.02
1219.99
1118.90
1113.89
13283.97
1131.06
1096.96
17177.10
1214.98
1122.00
1104.83
1117.94
1094.82
1086.00
29188.16
1230.96
1110.79
1101.97
1116.04
1095.77
1092.91
25199.89
1225.95
1110.08
1110.08
9276.15
1127.00
1104.12
13175.96
1209.02
1111.98
1096.01
1117.94
1093.15
1083.14
25177.00
1224.04
1120.09
1111.98
13299.94
1142.02
1106.98
1108.17
1096.96
1087.90
1082.90
29337.17
1133.92
1104.12
21270.04
1176.83
1103.88
1107.93
1106.02
1085.04
1090.05
25184.15
1230.96
1111.98
9132.86
1240.97
1124.86
1103.88
13277.05
1145.12
1104.12
1108.17
1101.97
1094.82
1086.00
25257.11
1176.83
1114.85
13172.86
1223.09
1117.94
1104.12
1109.12
1092.91
1090.05
25155.07
1230.00
1124.14
1104.12
13291.84
1152.99
1111.03
25177.96
1231.91
1124.86
1102.92
13292.07
1131.06
1106.98
1105.79
1101.02
1089.10
1079.08
29293.06
1143.93
1107.93
1108.17
1101.02
1089.10
1087.19
25293.11
1142.98
1103.88
13180.02
1212.84
1108.88
1093.86
1111.03
1089.10
1080.99
25159.84
1233.10
1124.14
1101.97
13302.09
1133.92
1094.10
1099.11
1096.01
1087.90
1087.19
25291.92
1144.89
1109.12
13190.03
1209.97
1102.21
1093.15
17292.02
1138.21
1104.12
13176.92
1192.09
1113.18
1101.97
1104.83
1086.00
1091.00
25161.98
1209.97
1119.14
1099.11
13282.06
1133.92
1109.84
1108.88
1090.05
1081.94
1087.90
25271.89
1142.98
1102.92
13189.79
1212.12
1115.08
1104.12
1125.10
1092.91
1086.95
25169.13
1211.17
1102.92
1097.92
13288.97
1130.82
1100.06
13168.10
1195.19
1111.03
1094.10
17275.09
1128.91
1107.93
1116.99
1095.06
1086.95
1087.90
25283.81
1136.06
1104.12
13197.90
1185.89
1117.94
1114.13
1101.97
1086.95
1090.05
25175.09
1214.03
1113.89
1108.88
13287.07
1132.97
1111.98
1116.99
1101.97
1098.16
1099.11
25295.97
1132.97
1103.88
13239.86
1162.05
1110.08
1109.12
1103.16
1094.10
1098.87
33216.00
1226.90
1114.85
9168.86
1230.00
1122.95
1101.97
17271.04
1150.13
1101.97
17175.91
1221.90
1129.87
1097.92
17288.92
1140.83
1110.08
17168.05
1210.93
1114.85
1102.92
13274.19
1129.15
1100.06
1100.06
1096.96
1091.00
1087.90
25304.08
1142.02
1118.18
13185.02
1190.19
1119.14
1092.91
1108.88
1085.04
1091.00
25171.04
1228.09
1114.13
1101.02
17288.21
1130.10
1108.17
15995.03
1183.03
1119.85
1101.02
1095.06
25309.09
1137.97
1116.99
25305.03
1180.17
1127.00
13180.97
1230.96
1124.14
1109.12
17303.94
1152.99
1107.93
17182.83
1216.17
1111.98
1103.88
1112.94
1093.15
1088.14
25166.99
1224.99
1122.95
1099.11
13299.94
1130.10
1116.99
1118.18
1094.10
1091.00
1091.00
25300.03
1142.98
1112.94
13243.20
1169.20
1107.93
1106.02
1096.01
1098.87
1093.86
25177.96
1212.12
1122.95
13136.15
1254.08
1122.00
1111.98
17274.14
1153.95
1113.89
13165.00
1222.85
1111.03
1116.04
1119.14
1099.11
1091.00
29162.88
1250.03
1132.01
1106.98
1113.89
1101.97
1098.16
25160.07
1246.93
1127.00
1113.89
13290.88
1145.12
1101.97
1113.89
1096.01
1091.96
1086.95
25293.11
1151.08
1111.03
13193.13
1208.78
1116.04
1098.16
1135.11
1102.92
1092.91
29171.94
1251.94
1127.96
1112.94
17316.10
1148.94
1109.12
21207.81
1216.89
1124.86
9145.98
1220.94
1124.14
1106.98
13268.95
1137.02
1101.02
1101.02
1096.01
1090.05
1085.04
25259.02
1163.96
1127.96
13176.20
1223.09
1119.85
1113.89
1114.85
1108.88
1100.06
25146.01
1230.96
1122.00
1118.90
17287.02
1143.22
1116.04
13155.94
1204.97
1110.08
1091.96
17285.11
1135.83
1113.89
17184.02
1211.17
1106.98
1103.88
1107.93
1092.20
1080.99
25168.90
1215.93
1116.99
1102.92
13280.87
1127.96
1102.92
1110.08
1096.01
1086.00
1088.14
25286.20
1139.16
1114.13
13174.06
1201.87
1106.98
1100.06
1102.92
1091.00
1084.09
25151.01
1230.00
1113.18
1096.96
13272.05
1135.11
1101.02
17172.81
1196.15
1114.13
1095.06
13274.19
1132.97
1111.03
1114.13
1098.16
1092.91
1085.04
29313.09
1149.89
1112.94
1113.89
1097.92
1086.00
1096.96
25301.22
1135.11
1100.06
13172.86
1209.97
1110.79
1101.97
1109.84
1083.85
1088.86
25171.04
1214.98
1110.08
1102.92
13295.89
1132.01
1101.02
1119.85
1091.00
1095.06
1081.94
29304.98
1132.97
1113.18
17189.03
1219.03
1116.04
1100.06
21275.04
1136.78
1121.04
9258.03
1149.89
1101.97
13157.13
1201.15
1115.08
1099.82
1106.02
1088.14
1083.14
1082.18
25280.00
1122.00
1101.02
13266.09
1149.89
1102.21
1100.06
1097.92
1080.04
1090.05
25182.96
1194.95
1123.19
13135.91
1240.02
1124.86
1096.96
13252.02
1137.02
1103.16
17165.90
1225.95
1117.94
1106.02
17276.05
1139.88
1104.83
13165.95
1196.86
1118.90
1096.96
1107.93
1098.16
1095.06
25160.07
1225.95
1115.08
1102.21
13284.92
1130.10
1105.07
1110.79
1096.96
1086.00
1087.90
25289.77
1137.97
1102.92
13162.14
1217.84
1116.99
1096.01
1113.89
1097.92
1095.06
25156.02
1231.91
1115.80
1101.97
17295.84
1137.97
1117.94
21188.02
1217.13
1116.99
1100.06
17288.21
1125.10
1101.02
1108.17
1099.82
1088.86
1086.95
25296.21
1132.01
1093.86
1105.07
1092.91
1093.86
1089.81
29304.98
1147.03
1106.98
1105.79
1096.96
1092.91
1089.10
25303.13
1163.96
1112.94
13182.88
1217.13
1112.94
1106.02
1107.93
1093.86
1082.90
25177.00
1222.85
1114.85
1097.92
13290.88
1132.01
1106.02
13175.01
1204.01
1111.03
1101.02
17274.86
1122.00
1111.98
1116.99
1099.11
1097.92
1092.20
25286.91
1137.02
1102.92
13225.08
1165.87
1106.02
1106.98
1104.83
1096.96
1089.10
25175.09
1218.08
1116.04
1104.83
13270.85
1139.88
1122.95
1120.09
1101.02
1100.06
1100.06
25292.16
1134.16
1113.89
13282.06
1163.01
1123.91
1116.04
1107.93
1093.86
1088.86
29291.87
1164.91
1111.98
21195.17
1250.03
1122.95
1114.13
1122.95
1102.92
1094.10
25171.04
1236.92
1126.05
1101.97
9295.94
1135.83
1111.98
13178.11
1209.02
1123.91
1102.92
1111.98
1096.01
1092.91
25174.86
1222.13
1116.99
1107.93
13295.17
1141.07
1110.79
1122.95
1098.16
1104.12
1093.15
25296.93
1137.02
1111.98
13210.06
1196.86
1117.94
21152.97
1245.02
1126.05
1116.04
13279.91
1150.13
1104.83
21168.95
1224.04
1123.19
1106.98
9254.93
1129.87
1106.98
13159.04
1197.81
1116.04
1106.02
1111.98
1091.96
1091.96
25162.22
1219.99
1121.04
1106.02
13279.20
1137.02
1107.93
1121.04
1091.00
1086.95
1092.91
25284.05
1146.08
1116.99
13180.02
1212.12
1125.81
1101.97
1114.13
1095.06
1086.95
25166.99
1223.09
1115.08
1099.11
13307.09
1137.02
1105.07
1110.79
1091.96
1090.05
1091.96
29315.95
1135.11
1110.08
1114.13
1098.16
1087.90
1080.99
25308.13
1147.99
1106.02
13182.16
1209.97
1122.00
1104.83
1116.99
1101.02
1095.06
25171.04
1229.05
1122.00
1093.86
13285.88
1127.00
1107.93
1122.95
1103.16
1096.01
1093.86
25310.04
1129.15
1110.08
13184.79
1207.11
1119.14
17154.93
1228.09
1121.04
1109.84
13273.00
1146.08
1101.97
1110.08
1106.02
1093.86
1093.86
25254.01
1151.80
1108.88
13164.04
1226.19
1106.98
1097.92
1106.02
1090.05
1088.14
1087.19
1266.96
1118.90
1097.92
13267.04
1136.06
1095.06
1094.82
1096.96
1089.10
1095.06
25185.82
1200.91
1107.93
13124.94
1239.06
1116.99
1105.07
13261.08
1147.99
1101.97
17159.94
1219.99
1120.09
1111.98
1111.98
1096.96
1088.86
25141.00
1248.12
1122.95
1107.93
13289.93
1139.16
1104.12
1107.93
1103.88
1086.95
1084.80
25274.04
1152.99
1099.11
13163.09
1230.96
1118.18
1103.88
1109.12
1096.01
1094.10
25138.14
1241.92
1126.05
1102.92
13278.01
1145.12
1098.16
1110.08
1101.97
1088.86
1095.77
33312.08
1162.05
1101.02
13179.06
1239.06
1120.09
1102.21
17315.86
1141.07
1106.98
17198.80
1215.93
1120.09
17122.98
1268.15
1127.96
1106.98
17284.15
1147.03
1105.79
1124.86
1097.92
1090.05
1091.00
25268.08
1164.91
1111.03
13174.06
1240.02
1123.91
1106.02
1106.98
1093.86
1088.86
25143.86
1244.07
1116.99
1110.08
9279.97
1149.89
1112.94
17182.83
1202.11
1110.08
1109.84
17291.07
1140.12
1112.94
17174.01
1205.92
1122.95
1099.11
17268.18
1132.01
1105.79
17256.02
1151.08
1101.97
1109.12
1094.10
1097.92
1086.00
25186.06
1211.88
1116.99
13141.87
1238.11
1126.77
1112.94
1117.94
1100.78
1085.04
1090.05
25270.94
1134.87
1111.98
17275.09
1161.10
1125.81
13165.00
1221.90
1126.05
1111.98
17285.11
1142.98
1120.09
17193.08
1211.88
1115.80
1096.96
17287.02
1138.93
1109.84
21205.90
1189.95
1118.90
9140.01
1214.98
1115.08
1106.02
13265.13
1138.93
1104.12
1108.17
1098.16
1102.92
1088.86
25229.93
1168.97
1109.84
13162.85
1218.08
1118.90
1109.12
1121.04
1096.01
1101.02
29116.15
1270.06
1124.86
1106.98
17283.20
1152.04
1110.79
17171.86
1235.01
1130.10
1098.16
21301.98
1142.02
1105.07
13169.05
1203.06
1117.94
1098.87
17299.89
1127.96
1102.92
17244.82
1173.02
1105.07
13155.22
1203.06
1117.94
1104.12
1113.18
1095.06
1090.05
1081.94
25269.03
1132.01
1106.98
13251.07
1147.99
1104.12
1109.12
1095.06
1090.05
1086.00
25188.92
1202.11
1106.98
1085.04
13273.00
1132.01
1102.92
1112.94
1086.95
1090.05
1086.00
25295.02
1149.89
1110.08
17265.08
1165.15
1112.94
17163.04
1236.92
1119.14
1110.08
13282.06
1146.79
1107.93
21173.95
1215.93
1127.00
1105.07
9267.09
1136.06
1109.12
13166.19
1200.20
1118.90
1101.97
1116.99
1095.06
1095.06
25162.94
1206.16
1111.03
1096.01
13289.93
1127.00
1096.96
1106.02
1096.96
1091.96
1095.06
25298.83
1139.88
1114.85
13185.98
1200.91
1125.10
1099.82
1116.99
1096.01
1093.86
25178.91
1225.95
1120.81
1105.07
17286.06
1134.87
1107.93
1116.99
1099.11
1092.91
1102.92
25310.99
1147.03
1122.00
1115.08
1095.06
1093.86
1093.86
29325.96
1139.88
1114.85
1122.00
1101.02
1105.07
1096.96
25302.89
1147.03
1122.00
13287.07
1156.09
1108.88
1104.83
1102.92
1096.96
1091.96
25245.90
1193.05
1114.13
13178.11
1229.05
1122.95
1110.08
13284.92
1142.02
1107.93
13195.04
1199.01
1118.90
1101.02
21284.10
1140.12
1106.98
9166.00
1195.91
1115.80
1105.07
13268.95
1131.06
1114.13
1116.99
1095.06
1090.05
1095.06
25287.15
1147.03
1107.93
13224.12
1167.06
1107.22
1111.03
1108.88
1088.86
1094.82
25162.94
1219.03
1125.10
1113.18
13264.18
1130.10
1100.06
1115.80
1096.01
1094.10
1106.02
29310.94
1148.94
1114.13
21297.93
1159.91
1118.18
1122.00
1111.98
1096.96
1098.87
25280.95
1159.91
1110.08
9157.90
1216.89
1119.85
1103.88
13282.06
1136.06
1100.78
1109.12
1099.11
1096.96
1086.00
25274.04
1143.93
1106.02
13174.06
1212.84
1122.00
1101.97
1117.94
1092.20
1091.96
25152.92
1233.10
1122.00
1106.02
17302.99
1142.98
1101.02
17184.97
1219.99
1119.14
1105.07
1111.98
1106.02
1096.01
25177.96
1219.99
1118.18
1104.12
13308.05
1141.07
1113.18
1126.05
1105.07
1088.14
1089.10
25316.00
1142.98
1106.98
13214.11
1188.99
1108.88
1111.98
1110.79
1095.06
1089.10
25172.00
1224.99
1117.94
1108.17
13288.02
1129.15
1116.04
1114.85
1101.02
1100.06
1093.15
29299.97
1143.93
1107.93
21306.99
1169.92
1113.89
1113.89
1093.86
1086.95
1090.05
25280.00
1152.99
1102.92
9162.19
