1163.01
1093.15
1093.86
1103.88
1102.92
1089.10
29120.21
1092.91
1041.89
1045.94
1044.03
1053.09
1041.17
1039.98
1029.01
1089.81
1083.85
1090.05
25201.08
1065.97
1056.19
1050.95
1110.08
1134.16
1143.93
1142.98
1157.05
1155.14
25218.96
1200.91
1165.15
1161.10
1168.01
1161.81
1158.00
1126.05
1058.10
1064.06
1051.19
25187.97
1158.95
1158.95
1137.02
1073.84
1070.02
1075.98
1087.90
1076.94
1075.98
1081.94
25178.19
1089.10
1086.00
1084.09
1076.94
1087.90
1091.00
1073.12
1086.00
1083.85
1103.88
25205.85
1096.01
1096.01
1088.14
1096.01
1089.10
1088.14
1097.92
1080.99
1080.99
1085.04
29172.18
1072.17
1059.06
1051.90
1060.96
1049.04
1056.91
25120.97
1090.05
1069.07
1064.06
1074.08
1055.96
1052.86
25092.84
1109.84
1060.96
1057.15
1060.01
1052.14
1058.10
1065.02
25186.06
1140.83
1118.18
1118.90
1060.96
1066.21
1053.09
25131.94
1127.00
1091.00
1096.96
1103.88
1091.96
1091.00
25151.97
1136.06
1086.00
1091.96
1101.97
1077.89
1089.10
1073.12
25206.09
1122.95
1096.01
1070.02
1095.06
1072.88
1073.12
17173.05
1075.03
1063.82
1073.84
1081.94
1079.08
1072.17
1056.91
1142.98
1140.12
1135.11
25185.82
1074.08
1052.86
1042.84
1138.93
1131.06
1138.21
1142.02
1140.12
1136.06
25190.11
1176.12
1142.98
1136.06
1149.18
1137.02
1135.83
1137.97
1096.96
1098.87
1087.19
25177.96
1139.88
1112.94
1116.99
1116.04
1119.14
1118.18
1108.88
1118.90
1104.83
1002.07
25182.01
1086.00
1075.98
1093.15
1070.98
1644.85
1097.92
1022.10
1038.79
1034.98
25089.98
1115.80
1082.90
1083.14
1065.97
1069.07
1106.02
1063.11
1064.06
1065.02
1056.19
33103.94
1101.02
1047.13
1040.94
1048.80
1039.98
1047.13
1025.92
25133.85
1070.98
19167.18
1103.88
1075.98
1074.08
1048.09
1064.06
1055.00
17110.82
1085.04
1039.98
1035.93
1039.98
1111.03
1107.93
1106.02
25174.86
1052.86
1044.99
1039.03
1033.07
1041.17
1032.83
25104.05
1068.12
1045.94
1048.80
1067.88
1055.96
1055.96
1052.86
25213.00
1135.11
1126.05
1106.02
1069.07
1096.96
1079.08
25217.06
1168.97
1153.95
1168.01
1158.00
1159.91
1159.91
21187.07
1074.08
1055.00
1056.91
1053.09
1053.09
1044.99
1033.07
1103.88
1093.15
1098.16
25199.89
1064.06
1055.00
1049.04
1106.02
1121.04
987.05
1052.86
1054.05
1046.90
1044.99
25148.87
1057.86
1043.80
1054.05
1064.06
1045.94
1051.19
1054.05
1047.13
1060.01
1055.96
25125.03
1101.97
1055.96
1060.01
1055.96
1051.90
1056.19
1050.95
1057.86
1057.86
1051.19
25091.89
1101.97
1060.01
1047.85
1051.90
1052.14
1048.09
1052.14
1043.08
1075.98
1080.04
1076.94
25190.11
1065.02
1057.15
1049.04
1049.04
1101.97
1144.89
1103.88
1087.90
1100.06
1096.96
36199.09
1141.07
1089.10
1083.14
1086.95
1080.04
1092.20
1078.84
25208.00
1103.16
1092.91
1087.90
1070.02
1078.84
1086.95
25176.05
1132.97
1106.02
1108.17
1075.03
1100.06
1080.04
25170.09
1121.04
1091.96
1094.82
1105.07
1092.91
1093.86
25151.01
1124.86
1106.98
1095.06
1108.17
1098.87
1101.97
1111.03
25182.01
1081.94
1075.98
1060.01
1085.04
1105.07
1091.96
25231.12
1086.95
1086.95
1084.09
1080.04
1074.08
1071.21
37136.08
1101.02
1070.98
1095.06
1080.04
1067.16
1060.96
1060.96
1040.94
1044.99
1045.94
25116.21
1081.94
1046.90
1053.09
1042.13
1044.03
1039.03
1038.07
1044.99
1027.11
1029.97
1026.87
25146.01
1044.99
1034.02
1037.84
1037.84
1034.98
1049.04
1051.19
1101.97
1101.97
1091.00
25198.94
1075.03
1072.17
1060.01
1096.01
1083.14
1078.13
1077.89
1070.98
1069.07
1072.17
25167.94
1091.96
1078.13
1071.93
1078.13
1078.13
1078.13
1055.96
1094.10
1091.96
1096.96
25196.08
1082.18
1065.02
1059.06
1080.99
1087.90
1076.22
1070.02
1048.09
1079.08
1054.05
25109.05
1089.81
1073.84
1070.02
1080.99
1079.08
1073.12
25130.03
1099.11
1073.12
1071.93
1067.88
1063.82
1070.02
1064.06
25202.99
1146.08
1126.05
1120.09
1076.94
1091.96
1089.10
25218.01
1147.03
1140.83
1162.05
1133.92
1147.03
1133.92
19405.84
1091.00
1083.14
1080.04
1080.04
1055.00
1057.15
1068.12
1065.02
33161.16
1058.10
1045.94
1050.95
1083.14
1099.11
1101.02
1110.08
1096.01
1076.94
1087.19
25186.06
1123.91
1119.85
1127.96
1127.96
1135.83
1136.06
1074.08
1039.98
1047.13
1053.09
25231.12
1127.00
1111.98
1092.20
1028.06
1034.02
1029.01
1042.84
1045.94
1048.09
1053.09
25153.16
1063.11
1054.05
1065.97
1061.92
1053.09
1062.15
1060.01
1038.07
1049.04
1058.82
25131.94
1129.15
1102.92
1110.79
1070.02
1073.12
1060.96
1071.93
1059.06
1065.02
1055.00
25118.83
1087.90
1060.01
1048.09
1057.86
1050.00
1055.00
1040.94
1077.89
1079.08
1083.14
25136.95
1072.88
1050.95
1039.03
1053.09
1042.13
1043.08
1043.08
25163.17
1055.00
1037.12
1038.07
1037.12
1043.08
1050.00
25110.96
1101.97
1066.92
1059.06
1064.78
1069.07
1062.87
1052.86
25218.96
1101.02
1087.90
1099.11
1070.02
1076.94
1078.13
1087.90
1062.87
1066.92
1065.97
25153.88
1066.92
1058.82
1051.90
1044.99
1044.99
1047.13
21114.11
1127.00
1098.87
1088.86
1062.15
1065.02
1073.84
1070.98
1077.89
1078.84
1069.78
25143.86
1101.97
1089.10
1087.19
1098.87
1086.95
1086.95
1077.89
1050.95
1054.05
1053.81
25123.83
1133.92
1111.03
1097.92
1111.98
1069.07
1070.98
1067.88
1073.12
1073.12
1070.98
25129.08
1103.88
1078.84
1066.92
1080.04
1075.98
1074.08
1066.92
1074.08
1121.04
1109.12
25176.05
1127.00
1087.90
1084.09
1067.16
1080.99
1086.00
1084.09
1096.01
1081.94
1076.94
25146.96
1113.89
1078.84
1086.95
1097.20
1075.03
1089.10
1080.04
1070.98
1089.81
1077.89
29155.97
1114.13
1092.91
1086.95
1084.09
1068.12
1065.97
25101.18
1168.01
1093.15
1086.95
1097.92
1091.00
1088.86
1083.85
25186.78
1095.06
1094.10
1096.01
1084.09
1091.00
1088.86
25183.92
1110.08
1096.96
1095.06
1100.06
1094.10
1095.06
25156.97
1114.85
1078.84
1082.90
1085.04
1077.89
1072.17
25120.97
1104.83
1086.95
1079.08
1089.10
1074.08
1089.10
1081.94
25227.07
1125.10
1112.94
1107.93
1050.00
1070.02
1065.02
17168.05
1055.00
1047.85
1041.17
1043.08
1040.94
1034.98
1040.94
1074.08
1085.04
1075.98
25150.06
1130.82
1101.02
1092.91
1102.92
1071.21
1065.97
1073.12
1075.03
1070.02
1067.88
25129.80
1091.96
1070.02
1065.97
1070.98
1065.97
1065.02
1066.92
1069.07
1097.20
1088.86
25166.03
1095.06
1058.10
1059.06
1055.00
1070.98
1073.12
1076.94
1077.89
1078.13
1079.08
25146.01
1116.99
23127.08
1080.99
1051.90
1048.09
1056.19
1043.08
1046.90
1044.99
1078.13
1095.06
1096.01
25161.98
1101.97
1059.06
1058.10
1058.10
1110.08
1110.08
1107.22
1116.04
1102.92
1103.88
25172.95
1162.05
1136.06
1135.11
1050.00
1065.97
1067.16
25122.88
1168.01
1128.91
1118.90
1142.02
1124.86
1114.85
25172.95
1154.18
1125.10
1120.09
1131.06
1123.91
1119.85
25158.88
1179.93
1128.91
1122.00
1106.98
1095.06
1084.09
1096.01
25217.06
1101.97
1101.02
1117.94
1105.07
1101.02
1102.92
25212.05
1114.13
1096.01
1120.81
1096.96
1107.22
1096.01
25233.03
1101.97
1096.96
1096.01
1068.12
1089.10
1084.09
25167.94
1132.97
1098.87
1093.86
1102.21
1090.05
1088.14
25152.92
1123.19
1094.10
1092.91
1099.82
1097.92
1096.01
33150.20
1100.06
1057.15
1055.00
1034.98
1060.01
1059.06
1057.15
1062.87
1055.00
1057.15
1056.91
25167.23
1068.12
1059.06
1066.92
1060.01
1058.10
1060.01
1041.17
1090.05
1072.88
1082.90
25212.05
1082.18
1072.88
1065.97
1089.10
1106.02
1108.88
1109.84
1106.98
1101.97
1101.97
25216.10
1120.09
1106.98
1108.88
1105.07
1109.12
1100.06
1058.10
1033.07
1032.83
1035.21
25188.92
1082.90
1060.01
1055.00
1028.06
1038.07
1034.02
1039.98
1037.84
1034.98
1038.07
25125.98
1065.97
1046.90
1043.08
1055.00
1052.14
1051.90
1055.96
1060.01
1062.87
1061.92
17120.12
1107.93
1069.07
1066.92
1053.81
1111.03
1106.02
1104.12
25173.90
1100.06
1090.05
1089.10
1091.96
1082.90
1083.85
25183.92
1094.10
1090.05
1085.04
1095.06
1087.90
1086.00
25166.99
1157.05
1122.00
1122.00
1116.99
1137.97
1141.07
25185.11
1137.02
1105.79
1102.92
1115.80
1106.98
1105.07
25160.07
1146.79
1106.02
1105.07
1116.99
1102.21
1107.93
25172.00
1098.16
1070.02
1060.01
1055.96
1127.00
1131.06
29176.95
1151.08
1095.06
1089.10
1091.00
1089.10
1087.90
1083.85
1072.88
1061.92
1059.06
25094.03
1152.99
1088.86
1084.09
1077.89
1093.15
1096.96
1093.15
1094.10
1091.00
1090.05
25146.01
1116.99
1091.96
1091.96
1099.11
1092.20
1087.90
1086.95
1120.09
1119.14
1118.90
25175.81
1115.08
1090.05
1090.05
1105.07
1104.12
1091.96
1092.91
1083.14
1078.13
1077.89
25137.90
1099.82
1075.98
1070.02
1075.03
1062.87
1067.16
1060.96
1051.90
1059.06
1058.82
17165.90
1097.92
1231.91
1087.19
5220.89
1164.91
1166.82
1124.86
1053.81
1055.00
1060.01
1080.04
1070.02
1071.93
1065.97
37153.01
1060.96
1050.00
1042.13
1086.00
1118.90
1115.08
25219.20
1066.92
1050.95
1052.14
1059.06
1055.00
1057.86
25119.78
1091.00
1074.08
1067.16
1077.89
1074.08
1065.97
1067.16
25218.96
1101.97
1111.98
1097.92
1049.04
1050.95
1048.09
25134.09
1102.92
1080.99
1080.04
1093.15
1089.10
1079.08
29142.86
1117.94
1087.90
1088.14
1070.98
1050.00
1050.95
1045.94
25197.03
1098.16
1077.89
1086.00
1038.07
1055.00
1057.15
25116.92
1079.08
1048.09
1049.04
1050.00
1056.19
1054.05
1054.05
1055.96
1052.86
1054.05
25121.93
1113.18
1074.08
1067.88
1060.01
1066.92
1072.88
1074.08
1096.01
1086.00
1077.89
29137.85
1137.97
1109.12
1097.92
1080.04
1101.02
1095.06
1091.96
1101.97
1098.16
1097.92
1080.99
1069.07
1067.88
1062.87
17169.95
1065.02
1050.95
1053.09
1055.96
1046.90
1045.94
1037.12
1043.08
1058.10
1060.96
25115.97
1096.01
1071.21
1055.00
1074.08
1061.20
1056.91
1060.01
1080.04
1060.01
1053.09
21110.06
1101.02
1064.06
1058.10
1050.00
1055.00
1059.06
1059.06
33180.00
1072.17
1065.02
1065.02
1053.81
1052.86
1049.04
17123.94
1078.84
1039.98
1036.88
1034.02
1064.06
1063.11
1056.91
21178.01
1104.12
1081.94
1089.81
1039.03
1054.05
1056.19
1060.01
1059.06
1054.05
1055.00
25173.90
1101.97
1107.93
1101.97
1054.05
1075.03
1068.83
1081.94
1074.08
1069.07
1068.12
21201.13
1134.87
1115.08
1113.89
1104.83
1103.88
1099.11
33183.10
1119.14
1089.10
1086.95
1095.06
1080.99
1082.90
1091.96
1067.16
1066.92
1072.88
25161.98
1104.12
1084.09
1085.04
1102.92
1091.00
1085.04
1075.98
1085.04
1083.14
1089.10
17187.83
1071.93
1060.01
1052.86
1061.92
1058.82
1052.86
25128.84
1133.92
1095.06
1092.91
1094.10
1086.95
1083.85
1087.90
25159.12
1061.20
1049.04
1050.00
1048.80
1045.94
1059.06
25146.01
1149.89
1127.00
1116.04
1032.11
1028.06
1034.02
1041.89
1042.84
1042.13
1048.09
25114.06
1103.16
1070.98
1068.83
1046.90
1034.02
1039.03
1041.89
1047.85
1043.08
1051.90
1048.09
1081.94
1099.11
1092.91
17164.95
1107.93
1073.12
1068.12
1055.96
1082.18
1088.14
1092.91
1082.90
1083.14
1087.19
1071.93
1030.92
1039.98
1037.84
25115.97
1110.08
1074.08
1075.03
1073.84
1061.92
1068.83
1061.92
1045.94
1056.91
1055.00
25116.92
1097.92
1061.92
1064.78
1086.95
1062.15
1064.06
1065.97
25187.02
1075.03
1085.04
1073.12
1088.14
1016.14
1044.99
25156.02
1101.97
1089.10
1090.05
1038.79
1055.96
1056.19
25121.93
1137.02
1121.04
1116.99
1108.17
1106.98
1096.96
1107.93
1093.86
1087.90
1080.99
25136.95
1114.13
1086.00
1075.98
1089.81
1080.99
1080.04
1084.09
1079.08
1079.08
1075.03
9144.78
1132.01
1095.06
1099.11
17216.92
1111.98
1099.11
1093.15
1086.95
1088.14
1089.10
25192.02
1089.81
1066.92
1072.17
1054.05
1062.15
1065.97
1070.98
1056.91
1052.86
1055.96
25134.09
1135.11
1107.93
1106.02
1069.07
1080.99
1077.89
25154.83
1142.98
1106.98
1089.81
1111.03
1092.91
1091.96
25151.01
1123.91
1111.03
1109.84
1102.92
1100.06
1099.82
1099.82
25209.90
1113.18
1115.08
1087.90
1060.96
1075.98
1075.98
25220.16
1113.89
1096.96
1094.10
1090.05
1095.06
1079.08
25145.05
1128.91
1092.91
1093.15
1107.93
1091.96
1091.96
29177.90
1154.90
1119.85
1125.81
1119.85
1119.85
1122.00
25175.09
1160.14
1123.91
1117.94
1136.06
1129.15
1111.98
25192.98
1124.14
1085.04
1079.08
1070.98
1120.09
1106.02
25163.89
1144.89
1097.92
1080.99
1093.86
1081.94
1086.95
1090.05
25201.08
1100.06
1088.14
1096.96
1082.18
1089.10
1090.05
25192.02
1061.20
1036.88
1039.98
1062.15
1086.00
1085.04
25158.17
1088.14
1047.13
1059.06
1058.10
1054.05
1053.09
1050.00
21163.94
1095.06
1089.10
1096.96
1093.86
1087.90
1093.15
25156.02
1092.20
1065.02
1060.01
1060.96
1085.04
1083.14
25139.09
1098.16
1060.01
1055.00
1063.82
1060.01
1060.01
1056.19
25162.94
1068.83
1056.91
1058.10
1064.06
1060.96
1055.96
25125.98
1136.06
1116.04
1102.21
1060.01
1039.98
1036.88
1039.98
25191.07
1091.96
1078.84
1065.97
1079.08
1087.19
1084.09
1102.92
1085.04
1084.09
1083.85
25113.11
1060.01
1041.89
1061.92
1064.06
1071.93
1066.92
1051.90
1028.78
1029.97
1037.12
25150.06
1075.98
1065.02
1060.96
1021.15
1030.92
1028.06
1029.97
1037.12
1039.03
1037.12
25109.05
1144.89
1102.92
1104.12
1113.18
1105.07
1102.92
1098.16
1059.06
1076.94
1078.84
25156.02
1122.00
1087.90
1091.96
1060.96
1073.84
1071.93
1072.17
1069.07
1071.93
1066.92
25135.99
1106.02
1078.13
1073.12
1075.98
1069.07
1068.83
1068.12
1124.14
1101.97
1116.99
29156.92
1087.90
1003.98
1025.92
1048.80
1039.98
1042.13
1039.03
17190.93
1128.91
1122.95
1137.02
1122.00
1137.97
1123.91
25201.08
1071.93
1060.96
1052.14
1122.95
1112.94
1119.14
25208.95
1092.91
1065.97
1071.93
1077.89
1065.02
1062.87
25130.99
1100.06
1073.84
1070.02
1074.08
1059.06
1062.15
1056.91
17163.04
1066.92
1063.11
1068.12
1064.06
1059.06
1058.10
25130.03
1110.08
1078.84
1073.84
1086.00
1055.96
1057.86
21096.94
1118.90
1060.01
1052.86
1053.09
1051.19
1046.90
1049.04
1034.02
1048.09
1055.96
1049.04
25156.02
1061.92
1048.80
1096.96
1100.06
1109.12
1106.98
1106.98
1106.02
1103.16
1101.02
25212.05
1111.03
1095.06
1105.07
1087.90
1086.95
1087.19
1072.88
1037.84
1039.03
1038.07
25196.08
1111.03
1091.96
1083.85
1034.98
1048.09
1056.91
1063.11
1053.09
1047.13
1050.00
25157.93
1060.96
1051.90
1060.96
1052.14
1050.00
1052.14
1043.08
1094.10
1122.00
1121.04
37221.19
1099.11
1084.09
1086.00
1039.03
1063.11
1059.06
25130.99
1109.84
1092.91
1089.10
1090.05
1084.80
1082.90
1074.79
25166.99
1086.95
1083.85
1101.02
1104.12
1095.06
1091.00
25254.01
1143.93
1135.11
1131.06
1053.09
1067.16
1061.92
25217.06
1173.97
1166.11
1168.97
1160.86
1168.01
1166.11
25281.91
1177.79
1168.97
1178.98
1167.06
1165.15
25222.06
1113.18
1088.86
1070.02
1067.16
1082.90
1080.04
1080.04
1086.95
1077.89
1075.03
25114.77
1101.02
1069.07
1065.97
1068.83
1070.98
1064.06
1063.11
1045.94
1056.91
1054.05
1054.05
25175.81
1070.98
1064.06
1050.00
1060.96
1059.06
1050.00
1064.06
1060.96
1060.96
1059.06
25166.99
1075.98
1060.96
1061.20
1060.01
1061.92
1055.96
1047.13
1029.01
1037.84
1031.88
25110.96
1096.01
1063.82
1061.92
1038.07
1044.99
1048.09
1045.94
1060.01
1054.05
1055.96
21116.97
1123.91
1103.88
1095.06
1101.97
1088.14
1090.05
1087.90
25198.94
1098.16
1096.96
1103.88
1096.01
1111.98
1104.12
25189.88
1070.02
1058.10
1056.91
1101.97
1087.90
1091.00
25160.07
1091.00
1060.96
1057.15
1066.92
1056.19
1052.86
25084.02
1111.98
1062.87
1056.91
1063.11
1056.19
1056.91
1057.86
25154.11
1084.09
1064.06
1065.97
1034.98
1079.08
1079.08
25144.10
1095.06
1065.02
1060.96
1062.15
1050.95
1054.05
1054.05
21178.01
1101.97
1079.80
1088.86
1083.85
1091.00
1088.14
1061.92
1064.06
1059.06
1061.92
25230.88
1150.13
1150.13
1146.08
1146.08
1148.94
1144.17
1106.98
1091.96
1100.06
29156.92
1092.91
1068.12
1058.10
1064.06
1060.01
1060.01
1056.91
1054.05
1090.05
1102.92
25145.05
1105.07
1066.92
1065.02
1052.14
1095.06
1096.96
1093.86
1103.88
1101.02
1098.87
25156.97
1134.16
1105.07
1095.06
1103.88
1097.92
1096.96
1096.96
1057.86
1052.86
1053.09
33121.11
1175.88
1144.17
1147.03
1155.14
1142.02
1139.16
25202.04
1127.00
1091.00
1084.09
1096.01
1139.88
1155.14
25212.05
1113.89
1073.12
1065.97
1066.92
1057.15
1065.02
1059.06
25159.84
1068.83
1064.06
1069.07
1070.98
1060.01
1069.07
25141.00
1114.85
1128.91
1069.07
1042.13
1055.00
1050.95
25099.99
1134.87
1067.88
1068.12
1072.17
1067.88
1071.93
1068.12
33210.04
1097.92
1088.14
1080.99
1084.09
1086.95
1085.04
1089.81
1085.04
1084.09
1080.99
25194.17
1096.96
1085.04
1094.82
1091.96
1086.95
1087.90
1077.18
1132.01
1132.01
1152.99
25178.91
1098.87
1108.17
1086.95
1111.98
1100.06
1096.01
1099.11
1087.90
1081.94
25132.18
1109.12
1086.95
1082.90
1088.14
1081.94
1077.89
1073.12
1082.18
1095.06
1096.96
25165.80
1121.04
1079.08
1073.12
1062.15
1110.08
1107.93
1104.83
1118.90
1104.83
1107.93
25165.08
1137.97
1110.08
1105.07
1115.08
1106.02
1102.92
1096.01
1038.07
1060.01
1059.06
25142.91
1112.94
1083.14
1073.12
1084.09
1070.02
1069.07
9117.13
1122.95
1069.07
1060.96
1071.21
1068.83
1059.06
1055.00
25171.04
1075.03
1056.91
1063.82
1055.96
1054.05
1055.00
25130.03
1094.10
1064.06
1055.00
1049.04
1075.98
1076.94
1086.00
25167.94
1048.09
1044.99
1042.84
1037.84
1035.93
1034.02
25101.90
1058.82
1042.84
1040.94
1043.08
1035.21
1041.89
1040.94
25178.19
1076.94
1060.01
1052.86
1057.86
1071.93
1080.04
25163.89
1109.12
1070.02
1079.80
1091.96
1085.04
1086.00
1084.80
1103.88
1116.99
1101.97
25163.89
1111.98
1085.04
1082.18
1091.00
1107.93
1101.97
1101.02
1093.15
1099.11
1096.96
25207.04
1120.09
1106.98
1113.18
1110.08
1102.92
1106.02
1080.04
1042.13
1049.04
1049.04
25199.17
1110.08
1102.92
1096.96
1029.01
1036.88
1037.84
1044.99
1039.03
1034.02
1032.11
25105.00
1060.96
1044.03
1037.12
1048.09
1036.17
1029.97
1032.11
1033.07
1038.07
1034.02
25068.04
1124.86
1055.00
1052.14
1042.13
1055.96
1070.02
1063.82
1074.79
1072.88
1062.87
1062.87
25215.86
1106.02
1096.96
1083.14
1034.02
1031.16
1031.88
1034.98
1033.07
1031.16
1033.07
33133.03
1091.00
1082.90
1076.94
1086.00
1068.12
1064.06
1050.00
1090.05
1086.95
1091.96
25174.14
1075.98
1056.19
1054.05
1076.94
1070.02
1070.98
17128.94
1110.08
1081.94
1069.07
1064.06
1127.00
1136.06
1157.05
25196.08
1093.15
1089.10
1092.91
1086.95
1087.19
1086.00
25195.12
1091.96
1093.86
1096.01
1085.04
1086.00
1082.18
25156.02
1072.88
1045.94
1041.89
1057.86
1055.96
1054.05
25079.97
1126.05
1050.95
1048.09
1039.98
1044.99
1040.94
1042.84
1053.81
1041.89
1042.84
1046.90
25159.84
1072.88
1062.15
1048.09
1064.06
1055.00
1055.00
1050.00
1060.96
1064.06
1068.12
25134.09
1068.12
1038.07
1034.98
1041.17
1053.09
1051.90
1060.01
1060.01
1058.10
1053.09
25110.96
1088.86
1061.92
1055.96
1060.96
1055.96
1054.05
1052.14
1069.07
1106.98
1101.02
25145.05
1119.85
1061.92
1057.15
1049.04
1055.96
1047.13
1049.04
1065.02
1052.86
1046.90
1044.99
25171.04
1064.06
1054.05
1066.21
1061.92
1060.01
1070.02
1063.11
1060.96
1060.01
1059.06
25166.99
1093.86
1077.89
1080.99
1046.90
1048.09
1043.08
1044.99
1034.98
1041.17
1037.12
45095.92
1072.88
1050.00
1054.05
1055.00
1041.17
1037.12
1040.94
25188.92
1093.86
1080.04
1066.92
1037.12
1044.03
1040.22
25115.01
1098.16
1063.11
1055.00
1062.15
1051.90
1055.00
1058.10
25166.03
1068.12
1060.01
1061.20
1057.86
1050.00
1048.09
25124.07
1096.96
1065.02
1056.91
1058.82
1034.98
1039.03
1032.83
25200.84
1075.03
1070.98
1089.81
1075.98
1075.98
1065.97
13211.01
1090.05
1076.22
1076.94
1068.83
1075.03
1071.93
1059.06
1071.93
1096.01
1096.96
25236.13
1106.98
1102.21
1093.86
1063.82
1078.84
1094.82
1092.91
1098.16
1096.96
1090.05
25199.89
1117.94
1117.94
1124.86
1127.00
1112.94
1111.98
1092.91
1052.86
1051.90
1050.95
25223.02
1129.87
1131.06
1103.88
1080.99
1060.01
1065.97
1064.06
1061.92
1060.01
25101.90
1126.05
1074.08
1065.02
1068.12
1060.01
1063.82
1062.87
1051.90
1028.06
1031.16
1034.98
37162.78
1091.00
1062.15
1075.98
1063.11
1060.01
1064.06
25130.99
1119.85
1105.07
1095.06
1036.88
1066.92
1062.87
25101.18
1136.06
1069.07
1071.21
1070.98
1070.02
1060.96
1059.06
25176.05
1080.99
1065.97
1068.83
1065.02
1062.87
1060.01
25125.98
1147.03
1103.88
1096.96
1101.02
1067.88
1066.92
21103.86
1112.94
1067.16
1061.92
1072.88
1065.02
1065.02
1068.83
25203.94
1104.12
1088.14
25130.99
1133.92
1088.86
1096.96
1101.02
1091.96
1089.81
1087.90
1062.87
1099.11
1101.02
25179.86
1143.93
1101.97
1098.87
1068.12
1109.84
1115.80
1128.91
1125.81
1122.95
1132.01
25204.18
1140.12
1139.88
1141.07
1134.87
1130.82
1123.91
1120.09
1038.07
1041.89
1037.12
25208.95
1147.99
1128.91
1099.82
1055.00
1052.14
1052.86
1055.96
1048.09
1050.95
1057.86
25161.98
1064.06
1067.88
1079.08
1056.91
1055.00
1056.91
9121.18
1095.06
1071.93
1061.92
1070.02
1059.77
1056.91
1066.92
25166.03
1072.88
1060.01
1067.88
1065.97
1061.92
1066.92
25147.91
1120.09
1106.02
1102.92
1037.12
1033.07
1037.12
25096.89
1115.08
1085.04
1089.10
1092.91
1083.85
1081.94
1076.94
25199.89
1095.77
1087.90
1086.95
1080.99
1080.04
1082.90
25179.86
1065.97
1050.00
1047.85
1073.12
1083.14
1086.00
25142.91
1105.07
1080.04
1060.01
1070.02
1065.02
1063.11
1060.96
25179.86
1089.81
1067.88
1075.03
1059.06
1063.11
1061.92
1061.92
1077.89
1086.00
1091.00
25197.98
1087.90
1081.23
1075.98
1079.08
1081.94
1080.99
1083.14
1050.00
1065.02
1065.97
25172.00
1072.88
1072.17
1078.13
1063.11
1063.82
1061.92
1058.82
1061.92
1061.92
1059.06
25152.92
1073.12
1055.00
1055.96
1032.11
1064.06
1075.03
1082.90
1085.04
1082.18
1089.10
25167.94
1137.02
1102.92
1094.82
1112.94
1091.00
1087.90
1076.22
1077.89
1092.91
1087.19
25187.02
1111.98
1093.86
1093.86
1101.02
1096.96
1102.92
1111.98
1109.12
1103.16
1105.07
25177.00
1056.91
1041.17
1040.94
1034.02
1034.02
1034.02
25090.93
1067.88
1036.88
1031.88
1041.89
1036.17
1033.07
1034.02
25177.96
1111.98
1090.05
1104.12
1022.10
1032.11
1038.07
25102.14
1120.09
1088.14
1087.90
1092.91
1080.99
1080.99
1082.90
25182.01
1099.11
1101.02
1094.10
1092.91
1089.81
1086.00
25168.18
1065.97
1044.99
1042.13
1062.87
1064.06
1065.02
25134.09
1078.84
1038.07
1042.13
1045.94
1034.02
1034.02
1039.03
33164.02
1072.88
1063.82
1050.00
1140.12
1143.93
1142.02
1147.99
1149.18
1135.11
25183.92
1193.05
1141.07
1142.98
1153.23
1147.03
1146.08
1126.05
1034.02
1052.14
1062.15
25121.93
1071.93
1057.86
1048.80
1055.00
1042.13
1044.03
1043.08
1039.98
1068.83
1068.83
25140.05
1100.06
1068.12
1055.96
1035.93
1075.98
1062.87
1067.16
1073.12
1068.12
1066.92
1061.92
25186.06
1076.94
1070.98
1080.04
1076.94
1057.15
1065.02
1061.20
1058.82
1055.00
1054.05
25192.02
1083.14
1080.04
1087.19
1059.06
1127.96
1149.89
1140.12
1130.10
1144.17
25168.90
1133.92
1101.02
1101.97
1107.93
1098.87
1097.92
1099.11
1069.07
1060.01
1051.90
25114.06
1116.99
1101.02
1095.06
1078.13
1044.03
1042.84
1045.94
1059.06
1054.05
1049.04
1055.00
21150.83
1050.00
1044.03
1056.19
1045.94
1040.94
1034.02
17104.15
1080.04
1056.91
1055.00
1065.02
1050.95
1051.19
1055.00
25174.14
