921.01
901.94
896.93
900.03
914.81
917.91
915.05
904.08
911.00
905.04
910.04
900.03
24990.08
926.02
907.90
898.84
12936.12
934.84
889.06
885.96
884.06
889.06
900.03
885.01
880.96
882.86
881.20
883.10
880.96
899.08
21016.12
936.03
938.89
922.20
907.90
944.85
942.95
956.06
25025.13
983.00
936.99
934.12
926.97
923.16
922.92
914.81
912.90
25012.02
936.03
1463.89
926.02
920.06
914.10
921.96
917.91
25029.18
1008.99
934.12
917.20
962.97
979.90
967.03
952.96
25012.97
895.02
891.92
876.90
875.00
880.96
874.04
880.96
880.00
24971.96
899.08
887.16
884.06
886.92
884.06
886.92
876.90
877.14
33025.03
938.89
916.96
908.85
922.92
877.14
870.94
873.09
877.86
865.94
872.14
868.08
869.99
24942.16
910.04
873.80
873.80
890.97
876.19
884.06
879.05
875.95
895.98
920.06
919.10
927.93
24958.85
955.10
885.96
888.11
876.19
883.10
938.89
952.96
955.10
946.04
926.02
925.06
924.83
24955.99
979.19
936.99
951.05
942.95
942.95
932.93
941.99
929.12
967.03
947.00
937.94
962.02
25015.83
927.93
912.19
900.98
920.06
962.97
959.87
957.01
962.97
960.83
947.00
941.04
947.95
21071.91
997.78
989.91
991.11
988.01
995.87
985.15
982.05
24973.15
906.94
902.89
890.97
894.07
968.93
975.85
964.88
25048.02
946.04
924.11
925.06
927.93
926.02
926.97
923.87
926.02
25014.88
936.03
927.93
928.88
943.90
931.02
995.16
913.14
25040.86
997.07
972.99
960.11
927.93
869.99
873.09
880.96
24894.95
1013.04
944.14
965.12
955.10
940.08
941.99
940.08
939.13
29001.00
911.95
885.01
888.11
898.12
894.07
893.12
896.93
895.02
904.08
920.06
916.00
913.14
24994.13
943.90
918.87
908.85
907.90
889.06
905.99
916.96
911.00
912.90
900.98
903.84
903.13
24934.05
938.89
907.18
895.98
901.94
897.17
896.93
905.04
900.98
910.04
885.01
884.06
884.06
24916.17
960.11
931.02
913.14
908.14
911.95
896.93
890.97
892.88
889.06
895.98
889.06
884.06
879.05
24980.78
895.02
889.06
890.97
892.88
897.88
905.99
889.06
895.02
931.98
924.83
923.87
931.02
25008.92
920.77
906.94
896.22
900.03
894.07
899.08
889.06
16906.98
951.05
883.10
884.06
873.09
883.82
878.81
869.99
873.09
24892.09
930.07
882.15
883.10
874.04
884.06
869.99
867.84
869.99
869.04
25002.00
925.06
920.06
908.14
921.01
898.12
895.98
897.17
24935.96
978.95
939.13
897.17
904.08
899.08
898.12
884.06
890.02
24981.02
900.98
881.91
877.86
887.87
895.02
885.01
875.00
909.09
24991.04
895.02
877.86
878.81
887.87
877.86
872.85
872.85
891.92
24974.11
884.06
872.85
869.04
882.86
872.85
880.00
880.00
887.16
899.08
883.10
890.02
888.11
24925.95
939.85
885.96
880.00
875.00
869.99
885.01
883.82
881.91
880.00
880.96
875.00
870.94
869.99
24971.01
890.02
873.80
876.90
881.91
879.05
873.80
875.00
874.04
891.92
870.94
870.94
880.96
24927.85
954.87
898.84
895.02
891.92
900.98
880.00
880.00
871.90
875.95
874.04
875.00
875.00
875.95
24990.08
892.88
875.95
884.06
881.91
879.05
876.19
881.91
881.91
887.16
902.89
915.05
901.94
28950.93
954.87
935.79
933.89
934.84
927.93
932.22
930.07
927.93
25002.00
910.04
890.97
885.96
900.98
904.08
905.99
902.89
24941.92
943.18
899.08
890.97
884.06
887.87
870.94
875.95
875.00
24909.97
918.87
877.86
875.95
873.09
875.95
875.00
872.14
870.94
24910.21
952.96
905.99
902.89
895.02
860.93
880.96
886.20
876.90
24931.91
965.83
918.87
913.86
910.04
901.22
900.98
900.98
901.94
21036.86
979.19
967.98
960.11
977.04
965.12
962.02
967.98
963.21
964.88
962.02
962.97
24980.07
981.09
947.00
944.85
941.04
863.08
884.06
882.15
880.96
893.83
877.86
880.00
886.92
24909.02
947.00
916.00
908.85
900.98
916.00
908.14
905.99
905.99
900.03
927.93
926.02
926.97
24957.90
945.81
898.84
885.96
890.02
914.81
925.06
912.90
915.05
923.87
915.05
917.91
913.86
24932.86
968.93
919.82
920.06
913.86
923.87
916.96
916.00
912.90
909.09
874.04
872.14
869.99
881.91
25029.18
922.92
913.86
908.85
915.05
905.99
907.18
904.08
16952.04
1013.99
972.03
964.88
968.93
970.13
967.03
965.83
24996.04
1017.09
983.00
972.99
967.98
973.94
970.13
968.93
967.98
25017.02
931.02
933.17
916.96
921.01
962.97
971.79
969.89
25045.16
936.03
918.15
905.99
912.19
905.99
908.14
910.04
910.04
25012.02
931.98
914.81
922.92
926.97
913.86
911.00
908.14
24950.03
949.14
906.94
897.88
893.12
897.17
890.02
888.11
888.11
24971.96
913.86
882.86
882.86
882.86
868.80
872.85
870.94
875.00
876.90
877.14
876.90
875.95
878.10
24960.04
906.94
888.11
885.01
899.79
890.02
885.01
887.16
894.07
870.94
877.86
880.96
885.01
24999.14
919.10
911.00
905.04
891.92
875.00
873.09
875.95
873.80
889.06
881.91
875.00
871.90
24916.89
948.91
902.89
893.12
889.06
861.17
901.94
907.90
895.02
905.99
896.93
897.88
901.22
901.94
24986.98
895.02
883.10
875.00
875.00
926.97
933.17
923.87
928.88
923.87
921.96
919.10
921.01
25025.13
936.99
926.02
919.82
917.91
885.01
887.16
882.86
879.05
879.05
878.10
880.96
877.86
24976.97
944.85
933.89
923.16
917.91
895.02
886.92
883.82
885.96
884.06
885.01
879.05
885.01
885.96
876.90
873.80
881.91
880.00
24986.98
891.21
885.96
877.14
885.01
880.96
874.04
879.05
875.00
883.10
876.90
878.81
873.09
24919.03
916.00
880.00
878.10
876.90
882.86
881.91
880.96
878.10
878.10
885.96
886.92
883.10
880.00
24992.94
899.08
892.16
883.10
896.93
892.16
889.06
881.91
890.02
889.06
895.98
884.06
893.12
24981.02
899.79
890.02
887.87
895.98
883.10
885.01
882.86
880.96
893.12
882.86
886.92
881.91
24913.07
936.99
897.88
890.97
890.02
897.17
892.88
882.86
894.78
898.84
895.02
895.98
896.93
884.06
24990.08
904.08
891.92
890.02
900.98
886.20
902.89
890.97
900.98
897.17
895.98
891.92
895.98
24981.98
910.04
904.08
895.98
903.84
894.07
890.97
890.02
891.92
904.08
885.96
886.92
897.88
24931.19
935.08
900.03
893.12
899.08
899.08
897.17
891.92
892.88
902.89
898.84
888.82
895.02
24912.83
966.07
911.00
904.08
900.03
906.94
902.18
900.03
899.08
905.04
904.08
896.93
900.03
897.88
41003.94
910.04
900.03
898.84
903.84
900.98
896.93
895.98
24919.03
947.00
903.13
890.02
894.07
898.12
898.12
891.92
891.92
24937.15
970.13
917.91
912.90
918.87
899.79
903.84
901.94
903.13
24997.95
931.02
925.06
936.03
940.08
936.99
925.06
901.94
24904.97
936.03
885.96
909.09
911.95
938.89
930.79
931.02
908.14
24944.07
926.97
875.00
878.10
879.05
900.03
935.08
926.02
907.90
24997.00
910.04
903.13
890.97
886.92
883.10
880.96
883.82
874.04
33030.99
967.03
927.93
915.05
895.98
930.07
921.01
896.22
892.88
879.05
881.91
897.88
918.15
25021.08
933.89
941.99
929.12
910.04
888.11
880.96
868.80
895.98
897.17
890.02
883.10
885.01
24959.09
907.18
904.08
915.05
922.92
896.93
910.04
898.84
900.98
905.99
908.14
898.84
896.93
24935.96
945.09
900.03
897.17
890.02
900.98
889.06
890.97
891.21
887.87
921.96
916.00
927.93
24955.99
956.06
924.11
905.04
905.04
892.16
920.06
914.10
920.06
913.14
921.01
922.20
922.92
20953.89
939.85
885.01
888.11
883.10
885.96
877.14
875.95
877.86
16916.99
957.97
902.89
888.82
877.86
895.98
907.90
917.91
923.87
24990.80
947.95
898.12
888.11
885.01
885.96
908.14
911.00
930.07
25020.12
914.10
899.08
898.12
880.96
880.00
885.96
906.23
915.05
24972.92
905.04
895.98
891.92
894.07
891.92
885.01
887.87
24913.79
937.94
893.12
883.10
880.96
890.97
886.92
889.78
889.06
24922.13
962.97
899.79
895.98
890.02
891.21
888.82
886.92
883.82
24929.05
935.08
896.93
890.97
889.06
887.87
881.20
884.06
878.10
24945.97
972.99
919.10
890.02
883.10
880.00
875.00
875.95
880.00
885.01
875.00
873.80
874.04
24899.96
941.99
921.01
929.12
932.93
947.00
921.01
895.02
887.87
886.20
916.96
916.96
917.91
24946.93
1003.03
949.86
928.88
900.98
914.10
920.06
933.17
924.11
941.99
927.93
928.88
931.02
24972.92
976.09
940.08
935.08
939.13
940.08
935.08
933.89
931.02
941.04
924.11
918.15
921.96
25002.96
944.85
915.05
910.04
904.08
910.04
910.04
906.94
905.99
905.99
900.03
895.02
900.03
24941.92
933.17
900.98
892.16
902.89
895.02
892.88
890.97
893.12
878.10
910.04
921.01
912.90
32941.10
980.14
921.96
916.96
914.10
919.10
914.10
914.10
911.95
25002.00
931.02
917.20
911.95
924.83
921.01
916.96
911.00
912.90
24974.82
916.96
903.13
900.98
887.16
893.12
897.88
897.88
24930.95
956.77
908.85
900.98
891.92
907.90
900.03
896.93
895.98
24941.92
942.95
905.04
895.02
900.98
891.21
896.93
895.98
900.03
24971.96
920.06
924.11
919.10
906.94
904.08
891.21
890.97
894.07
896.93
894.07
889.06
889.06
24928.81
957.97
918.15
926.02
921.01
920.06
915.05
913.86
917.91
875.00
890.02
915.05
933.17
24981.02
937.94
911.95
905.99
902.89
881.91
911.00
921.01
936.03
931.98
926.97
900.98
890.97
24913.07
934.12
915.05
916.00
928.88
942.95
934.12
909.09
889.06
879.05
880.96
877.86
885.96
24923.09
988.01
921.96
895.98
882.86
875.00
888.11
884.06
879.05
889.06
887.16
885.96
878.81
887.87
24974.82
889.06
890.97
887.87
886.20
875.00
880.00
875.95
879.05
882.86
876.19
880.96
886.92
32921.08
972.99
938.89
924.83
935.08
926.02
927.93
928.88
925.06
25027.99
947.00
938.18
932.93
942.95
931.98
931.02
929.12
24967.91
977.04
921.96
921.96
916.96
913.86
920.06
917.91
914.10
25006.06
938.89
924.11
929.12
930.07
928.16
921.96
924.83
24958.85
968.93
931.02
927.93
929.83
927.93
927.21
922.92
924.11
25016.07
919.10
892.16
875.00
886.92
911.95
907.90
898.84
904.80
890.97
900.98
898.84
896.93
24985.79
933.89
921.96
914.10
923.16
915.05
915.05
921.96
915.05
900.98
890.02
867.13
884.06
24979.11
993.97
972.99
967.03
953.91
939.13
931.98
908.85
893.83
880.96
875.00
891.21
911.00
25014.16
951.05
947.95
932.22
905.04
894.07
880.96
880.96
898.12
893.12
891.92
908.85
895.02
24983.88
922.92
888.82
875.95
880.96
916.96
918.15
911.00
903.13
921.01
909.09
895.02
921.96
24953.13
921.01
891.92
913.14
924.11
935.08
945.09
940.08
926.02
894.07
882.15
883.10
880.00
32930.14
979.19
927.93
916.96
923.16
895.02
892.16
890.02
888.11
898.12
885.96
888.11
888.11
24933.10
959.16
900.03
895.98
885.01
897.88
880.96
879.05
878.10
16924.14
998.02
938.89
920.06
892.88
882.15
877.14
875.00
880.96
24922.85
921.01
898.12
900.03
911.95
881.91
893.83
902.89
898.84
24995.80
904.08
886.92
882.86
882.86
880.96
877.14
874.04
875.00
870.94
922.92
931.02
917.91
24973.87
945.09
907.18
900.03
899.08
900.98
895.02
891.92
891.92
897.17
896.93
900.98
895.02
902.89
898.12
897.17
896.93
895.02
16977.07
889.06
875.95
871.90
873.09
869.99
865.94
868.08
869.99
885.01
875.95
875.00
875.00
884.06
876.90
880.00
877.86
880.00
16957.04
903.13
892.16
889.06
905.99
890.02
882.86
885.96
885.96
888.82
885.01
887.87
883.82
24914.03
942.95
905.04
898.12
895.98
903.13
890.97
892.88
897.88
895.98
901.94
893.83
890.02
895.98
24997.00
917.91
922.92
931.02
911.00
924.11
921.96
922.20
16958.00
927.93
898.12
905.99
926.02
931.02
938.89
936.99
922.92
24986.03
932.93
918.87
931.98
952.01
926.97
905.99
890.97
879.05
879.05
895.98
903.84
905.04
25023.94
927.93
900.03
888.82
883.82
894.07
916.00
923.16
934.12
891.92
908.14
910.04
901.22
28995.99
928.16
914.10
912.90
916.00
900.98
908.14
900.03
897.17
889.06
875.95
906.94
923.16
940.08
947.95
934.84
906.94
16927.00
978.95
932.93
930.07
929.83
932.93
928.16
922.92
929.83
917.91
942.95
909.09
893.12
891.92
880.96
893.12
911.00
923.87
13006.93
913.14
904.08
904.08
906.94
905.99
899.08
903.13
893.12
905.99
932.93
932.93
931.98
25010.11
918.15
903.13
911.00
911.00
907.90
900.98
916.00
904.08
895.98
890.02
874.04
887.16
29043.91
926.02
915.05
907.18
909.09
912.90
902.89
905.99
24925.95
954.87
895.98
888.11
884.06
885.96
887.87
885.96
882.86
24916.89
952.01
903.13
900.03
900.03
878.10
887.16
907.90
921.96
24983.17
963.93
923.87
912.90
919.82
915.05
912.90
912.19
910.04
21017.07
919.82
911.95
901.94
901.94
893.12
889.06
893.12
883.10
921.01
924.11
936.03
928.88
25024.89
923.16
915.05
911.95
904.08
921.01
919.10
931.02
931.98
922.92
934.12
926.97
920.77
25017.98
945.09
921.96
931.02
931.02
929.12
926.02
919.10
918.15
921.96
914.81
931.98
921.01
25019.88
933.17
925.06
921.01
912.90
918.15
928.88
926.97
942.95
918.87
919.82
917.91
24944.07
964.16
926.02
919.82
919.82
921.96
916.00
921.96
913.86
905.04
936.03
916.96
899.79
24929.05
977.99
935.79
921.96
916.00
930.79
921.96
920.06
926.02
25015.83
931.98
931.98
921.01
924.11
926.02
928.16
919.10
24955.99
938.18
888.11
880.96
877.14
884.06
877.14
875.00
879.05
24908.07
978.95
890.02
904.08
895.98
905.04
891.21
888.11
891.92
28936.15
921.01
882.86
869.04
870.94
883.82
870.94
872.14
875.95
24909.97
983.00
943.18
934.12
926.02
890.02
889.78
890.02
885.96
28966.90
887.87
876.19
880.96
892.16
886.92
885.01
899.08
895.98
885.01
902.89
895.98
903.13
24935.96
980.85
941.04
930.07
931.98
864.98
880.00
890.97
890.97
895.02
890.02
887.87
883.82
24909.97
936.99
895.98
890.02
890.02
898.12
891.92
896.93
890.02
886.92
890.02
876.90
879.05
907.90
25017.98
921.01
911.95
904.08
882.15
895.98
876.90
887.87
906.94
925.06
930.07
939.13
927.93
25032.04
983.95
972.99
972.03
925.06
878.10
880.96
900.98
925.06
937.94
936.03
938.89
916.00
24986.98
903.84
880.96
882.15
921.01
923.16
932.93
943.18
932.93
891.92
904.08
907.18
905.04
25004.15
930.07
920.06
935.79
912.90
900.03
900.03
911.95
904.08
903.13
901.94
906.94
895.98
25024.89
943.90
904.08
900.03
884.77
927.93
921.96
926.02
16960.14
943.18
894.07
889.06
887.16
911.00
885.01
875.95
895.02
24958.13
967.03
921.01
911.95
921.96
905.99
906.94
900.03
894.07
24986.98
913.14
900.98
897.88
900.03
895.02
895.98
887.16
890.02
24982.93
893.12
886.92
880.00
875.95
903.84
910.04
911.95
24935.01
958.92
901.94
900.98
900.98
906.94
888.82
891.92
890.02
24922.85
947.00
913.14
895.02
898.12
13007.16
931.98
931.98
927.93
926.97
917.91
924.83
920.06
911.95
974.18
969.89
972.03
24999.86
977.04
941.04
924.11
928.16
947.00
961.78
975.85
972.03
982.05
972.99
971.08
972.99
25054.93
984.19
974.89
968.93
980.14
972.03
972.03
969.89
922.20
894.07
880.96
883.10
24942.16
1002.07
962.02
948.91
945.09
905.04
890.97
880.96
880.96
913.14
910.04
925.06
943.18
24967.91
957.01
901.94
890.97
881.20
895.98
904.08
921.96
931.02
913.86
913.86
907.90
909.09
24948.12
941.99
905.99
918.15
922.92
937.94
935.08
920.06
909.81
16999.01
938.18
921.01
911.95
917.91
905.04
910.04
905.99
891.92
24987.94
911.00
905.04
900.03
909.09
901.94
897.88
886.92
24941.21
959.16
910.04
898.12
899.08
883.10
879.05
880.00
885.01
28933.05
928.16
884.06
889.06
884.06
915.05
914.81
910.04
903.84
911.95
909.09
904.08
900.98
895.98
931.02
906.94
894.07
888.11
17012.12
929.12
916.00
905.99
901.94
892.16
880.96
880.96
875.00
880.96
870.94
875.95
869.99
863.08
943.90
924.83
906.94
16911.03
974.18
924.11
906.94
913.86
900.98
943.90
933.89
916.96
904.08
889.06
873.09
894.07
911.95
25017.02
941.99
940.80
928.88
911.95
894.07
835.18
926.97
936.03
929.83
923.87
926.02
24939.06
957.01
901.94
895.02
886.92
907.18
920.06
913.14
937.94
24983.88
950.81
900.03
889.06
886.92
903.84
922.92
919.82
929.83
29028.89
911.00
888.11
886.92
888.82
882.86
875.95
878.10
871.18
878.10
868.08
869.04
869.99
24908.07
936.99
901.94
905.99
900.03
916.96
913.86
907.90
910.04
917.91
917.20
915.05
918.87
20955.80
965.12
916.00
899.08
898.12
904.08
891.92
890.97
885.96
24924.99
971.08
921.01
917.91
917.20
906.94
912.90
905.99
892.88
29026.03
924.11
907.90
905.99
890.02
876.19
890.02
894.07
899.79
920.06
907.90
909.81
906.94
25035.14
931.98
905.99
905.04
890.02
918.87
926.97
924.11
927.93
926.97
926.02
921.96
921.96
41025.16
912.90
890.02
883.10
917.91
921.96
936.99
939.85
16986.85
1029.97
982.05
965.12
960.11
890.97
888.82
882.86
897.88
926.02
922.92
929.12
932.93
24961.95
949.14
902.18
890.02
881.20
907.90
917.20
932.93
933.89
953.20
931.02
907.18
892.88
28918.98
950.10
907.90
910.04
903.84
911.95
908.14
910.04
905.99
908.85
942.95
931.98
927.93
923.16
915.05
903.13
902.89
896.93
17008.07
936.03
925.06
918.87
934.84
923.16
920.06
921.96
923.87
975.85
989.91
984.19
977.99
976.09
972.03
967.03
12995.00
958.92
900.98
885.96
878.10
903.13
918.15
926.02
932.93
927.93
924.11
902.18
890.97
875.95
24972.20
920.06
921.01
930.07
952.96
941.99
931.02
899.08
894.07
883.10
880.96
905.99
917.91
32971.86
879.05
872.14
878.10
885.01
884.06
888.82
887.87
24904.01
986.81
931.98
927.93
916.00
926.97
921.01
915.05
916.00
24971.01
935.08
900.03
893.12
886.92
967.03
963.93
957.97
957.01
967.98
950.81
956.06
955.10
25002.96
903.84
885.96
880.96
879.05
937.94
930.07
929.12
931.02
916.00
920.06
905.99
910.04
885.01
877.86
880.96
881.91
16916.04
954.15
899.08
890.97
897.17
920.06
893.12
892.88
886.92
894.78
890.97
893.12
890.02
887.87
907.90
913.14
921.96
911.00
16994.00
904.08
889.06
883.10
900.98
897.88
903.84
902.89
904.80
907.90
896.93
901.94
900.98
24941.92
964.88
926.02
914.10
914.10
890.02
905.04
895.02
898.84
897.88
895.98
900.98
895.02
24929.05
1022.10
962.02
956.06
966.79
952.01
953.91
949.86
951.05
25027.99
946.04
933.89
931.02
939.85
933.89
934.84
932.22
28980.97
950.10
920.06
922.20
921.96
918.15
916.96
912.90
917.91
916.96
917.91
913.14
915.05
24985.07
936.99
920.06
911.95
910.04
920.06
911.95
914.81
905.99
919.10
910.04
908.14
906.94
16980.89
904.80
880.00
875.95
880.00
869.99
872.14
877.14
871.90
869.99
930.07
921.96
929.83
927.93
928.16
925.06
931.02
921.01
17040.97
946.04
936.03
935.08
926.02
928.16
910.04
924.11
899.08
869.99
888.11
884.06
893.12
890.02
879.05
895.98
886.92
12936.83
1003.98
956.77
956.06
956.06
956.06
956.06
956.06
951.05
934.12
926.02
876.19
892.88
25017.98
932.93
902.89
890.97
874.04
894.07
885.96
885.01
884.06
894.07
931.02
936.03
942.95
33053.87
954.15
941.04
941.04
934.84
918.87
888.82
877.86
871.90
874.04
887.87
893.83
888.82
24976.97
950.10
923.16
926.02
921.01
921.01
917.91
906.94
899.08
911.00
897.88
886.20
874.04
24919.99
951.05
918.15
908.14
909.09
873.09
889.06
889.06
891.92
900.03
904.08
900.03
911.95
24946.93
940.80
882.86
876.90
875.00
914.10
969.89
981.81
973.94
977.04
971.08
970.13
972.03
25040.15
931.02
912.90
914.10
901.22
945.09
945.09
961.07
962.97
967.98
957.01
960.11
956.06
25019.17
943.18
937.94
932.93
911.95
941.04
951.05
961.07
961.07
967.03
958.92
966.07
24997.00
955.10
906.94
906.94
899.08
968.22
974.89
974.89
968.93
977.04
971.08
968.93
968.93
25013.92
933.89
905.99
901.94
898.12
929.12
931.02
941.99
943.90
948.91
941.99
938.89
24980.07
962.97
909.09
900.03
895.98
927.21
992.06
978.95
969.89
977.99
962.02
968.93
952.96
25047.06
931.02
917.91
913.14
905.99
976.09
966.07
957.97
958.92
953.20
957.01
949.14
947.95
25012.97
941.04
921.01
921.01
931.02
948.91
936.99
935.08
935.08
920.06
925.06
913.14
24929.05
984.19
917.91
921.01
902.89
943.90
915.05
907.90
900.03
900.98
894.07
887.16
880.96
879.05
25002.00
905.04
899.08
894.07
904.08
859.98
875.00
878.10
16917.94
937.94
887.87
893.83
912.90
904.08
881.20
885.96
889.06
24916.89
939.13
905.04
916.96
925.06
942.95
937.94
923.87
900.03
24977.92
903.13
882.15
898.12
920.06
931.02
941.99
939.85
932.93
24955.99
881.91
875.00
873.80
871.90
933.17
933.89
926.02
24950.03
932.22
875.95
876.19
874.04
881.91
868.08
874.04
871.90
24911.17
936.99
901.94
899.08
905.04
906.94
919.10
905.04
905.99
905.04
915.05
921.96
921.96
24945.02
962.97
911.95
898.84
901.94
917.20
921.01
919.10
926.02
921.96
924.83
926.02
922.92
24949.07
967.98
923.16
921.01
921.01
929.12
916.96
921.96
921.01
911.95
906.94
906.94
915.05
24956.94
972.03
927.93
938.18
930.07
911.95
926.97
932.93
942.95
951.05
940.08
940.08
952.01
25002.96
980.14
967.03
965.12
970.84
964.88
964.88
962.02
957.97
924.11
938.89
930.07
927.93
25053.98
976.09
967.98
961.07
873.09
892.16
916.96
925.06
947.95
939.13
925.06
904.08
32937.05
964.88
921.01
921.96
933.17
890.02
875.00
883.82
879.05
24930.00
952.96
924.11
936.03
946.04
948.19
931.98
921.01
900.03
24986.03
895.98
890.97
910.04
931.02
935.08
941.04
936.03
24967.91
947.95
914.10
925.06
934.12
939.13
945.09
955.10
952.01
25025.13
918.87
890.97
888.11
899.08
913.86
926.97
936.03
24982.93
993.97
936.99
898.84
889.06
895.98
890.02
907.90
916.96
25043.96
956.06
937.22
928.88
916.00
908.14
893.12
878.10
889.06
25016.07
943.90
931.02
937.94
942.23
926.97
926.02
922.92
905.99
880.00
885.01
906.94
24933.10
980.14
911.95
906.94
902.89
900.03
880.00
892.16
908.14
925.06
931.02
946.04
936.03
923.87
24995.09
904.08
888.11
885.96
912.90
921.01
931.02
933.89
930.07
896.93
916.00
901.94
905.04
24998.19
912.90
915.05
917.91
916.96
900.03
902.89
902.18
904.08
897.88
895.98
899.08
888.11
24995.09
904.08
890.02
891.92
890.02
883.82
885.01
880.96
882.86
902.89
885.01
874.04
867.84
24924.99
967.03
916.00
903.84
908.14
873.09
882.15
885.01
888.11
896.93
895.98
895.02
897.88
32938.96
998.97
964.16
952.96
956.77
900.98
907.18
902.89
901.94
25014.16
966.07
961.07
950.81
972.03
955.10
962.97
955.10
24981.98
985.86
948.91
929.83
951.05
941.99
941.04
929.12
919.10
25027.04
941.99
910.04
895.02
921.01
947.95
948.91
939.13
25019.17
950.10
938.89
936.03
942.95
921.01
900.98
895.02
885.96
957.97
934.12
919.10
914.10
25021.08
957.97
921.96
905.99
895.98
899.08
911.00
919.82
926.97
921.01
913.86
916.96
917.91
936.03
894.07
902.89
897.88
16934.87
973.94
929.12
924.11
923.87
871.90
868.08
881.91
888.11
890.02
899.08
895.02
903.84
908.85
880.00
885.96
883.82
883.82
16983.99
937.94
920.06
919.10
911.95
871.90
872.14
884.06
883.10
904.08
897.17
898.12
900.03
890.97
898.84
883.82
886.92
883.10
16999.01
920.06
916.00
911.95
905.04
864.03
883.82
885.96
890.97
898.84
895.02
895.02
900.03
913.14
905.04
908.14
901.94
16955.85
953.91
921.96
920.06
911.00
914.81
903.84
908.85
906.94
905.99
936.03
936.99
953.20
24998.90
972.99
939.13
926.97
931.02
924.83
925.06
922.92
923.87
944.85
963.93
980.14
970.84
29018.88
916.00
903.84
896.93
903.84
887.87
889.78
890.97
889.06
25005.10
921.01
906.94
907.18
898.12
900.03
890.97
887.87
24924.99
966.07
913.14
919.10
912.90
910.04
906.94
898.84
893.83
24951.22
962.02
935.08
927.21
928.88
926.02
923.16
923.87
923.87
21004.92
941.99
924.11
917.91
928.16
917.91
921.96
917.20
909.09
935.08
916.00
910.04
24928.81
997.07
946.04
936.99
932.93
937.22
928.88
929.83
932.93
931.98
985.86
962.02
964.88
17030.00
1014.95
1004.93
971.08
966.07
955.10
948.91
939.85
921.96
879.05
875.00
878.81
877.86
882.86
880.00
880.96
881.20
16918.90
1015.90
958.92
943.18
943.90
931.02
925.06
921.01
926.97
926.97
932.93
931.98
932.22
936.99
935.08
931.98
926.97
16967.06
938.89
892.88
890.97
897.17
900.03
890.02
895.02
897.88
889.06
930.07
929.83
918.87
926.97
931.02
931.02
926.02
922.92
17017.13
923.16
896.93
885.01
891.92
896.93
916.00
932.93
939.13
972.03
985.15
982.05
962.02
963.93
965.12
957.01
962.02
20999.91
909.81
881.91
894.07
916.00
924.83
926.97
939.13
937.94
929.83
911.95
895.98
880.96
24975.06
916.96
914.10
924.11
939.13
948.91
939.13
916.00
905.04
894.07
880.96
885.01
906.94
33038.14
941.04
918.87
917.91
926.97
921.96
925.06
912.19
24948.12
982.05
935.08
931.02
937.94
926.02
929.83
924.83
921.96
25029.18
936.99
933.89
929.83
939.13
929.12
923.87
923.87
24960.04
984.91
941.99
932.93
933.89
935.08
928.16
932.93
927.21
936.99
924.11
924.11
924.11
24996.04
955.10
938.18
925.06
935.08
927.93
929.83
926.97
926.02
936.99
927.93
922.92
928.16
29013.16
914.10
899.08
879.05
872.14
898.12
883.10
880.96
883.10
882.15
866.89
875.00
865.94
24909.97
936.99
900.03
892.88
893.83
901.94
907.18
904.08
900.98
908.14
895.02
901.94
904.08
24919.99
989.91
929.83
921.01
912.90
911.00
878.10
874.04
877.14
880.96
878.81
880.00
878.10
875.95
24973.15
901.94
887.87
885.01
890.97
887.16
887.87
885.96
889.06
859.98
928.88
933.89
926.02
24991.04
935.08
913.14
911.95
900.03
906.94
936.99
941.99
931.02
912.19
897.88
884.06
878.10
24933.10
962.97
938.18
937.94
953.91
926.97
909.09
900.98
877.14
16994.00
929.12
914.10
908.14
921.96
916.00
911.95
911.24
24945.97
964.16
915.05
916.00
909.81
870.94
900.03
899.79
900.03
24944.07
960.11
917.91
912.90
916.00
913.86
912.90
910.04
909.81
25007.01
926.97
921.96
915.05
921.96
915.05
916.96
908.85
24948.84
935.08
886.92
904.80
918.87
922.92
928.16
916.96
913.86
24991.04
909.81
885.01
891.92
915.05
924.11
937.94
933.89
928.16
25016.07
931.02
933.89
918.15
925.06
919.10
919.10
921.01
908.14
931.02
949.14
947.00
24952.17
962.97
921.96
914.10
908.14
890.97
921.01
924.83
941.04
951.05
935.08
911.00
890.97
24916.17
942.95
907.90
923.16
927.93
948.91
932.93
923.16
900.03
898.12
957.01
961.07
966.07
25017.02
974.89
937.94
945.09
940.08
935.08
956.06
967.03
960.83
964.88
958.92
965.12
960.11
25057.08
986.81
970.84
961.07
963.93
964.88
966.07
964.16
936.03
899.08
895.02
897.17
24933.10
1003.03
960.11
950.10
941.99
910.04
915.05
906.94
909.81
910.04
905.99
914.10
910.04
24941.92
953.91
913.14
916.00
918.15
918.15
916.96
907.18
915.05
878.10
905.99
912.19
898.84
24946.93
980.14
919.10
915.05
917.20
891.92
906.94
900.98
905.99
25004.15
942.95
912.90
912.90
922.20
911.00
909.09
910.04
912.90
24999.14
