1094.10
1030.92
1023.05
1029.97
1029.97
1016.86
1031.88
25076.87
1069.07
1040.94
1021.86
1021.86
976.80
972.03
967.98
29062.99
1002.07
980.14
966.07
988.96
980.85
976.80
969.89
25030.85
1012.80
983.00
964.16
971.08
971.08
965.12
973.94
25005.82
1024.01
982.05
979.19
972.03
988.96
993.97
977.99
25026.80
1034.98
983.00
971.08
977.99
978.95
972.99
977.04
25015.12
1025.20
979.90
980.85
988.96
975.13
972.99
974.18
25012.02
1028.06
984.91
973.94
977.99
925.06
1018.05
1021.15
25048.02
1073.84
1021.86
1026.87
1042.84
1017.09
1014.23
1012.09
25064.95
1061.20
1098.87
1020.91
1030.92
1021.15
1012.09
1019.95
1024.96
1009.94
1004.93
1006.13
25105.00
1022.82
1001.83
1013.99
1008.03
986.10
976.09
998.02
25130.03
1029.97
1013.04
996.11
969.17
969.89
972.99
976.09
29091.12
1013.99
1006.84
1017.81
1007.08
1004.93
1010.89
25057.08
1067.88
1012.80
1013.99
1012.09
1042.13
1034.98
1032.83
24997.95
1083.14
1043.08
1028.06
1032.11
981.09
1557.11
25114.06
988.96
1034.98
1022.10
989.91
1029.01
1044.03
1034.02
25105.00
1025.20
1010.89
988.96
993.01
972.03
983.95
971.79
29077.05
1005.89
979.90
981.81
970.84
1008.99
1008.03
1003.98
25120.02
1042.13
1017.09
1040.94
970.84
978.95
984.19
968.93
25116.92
1044.99
1028.06
1044.03
994.92
972.03
974.89
982.05
25089.03
1047.13
1007.08
1003.98
1007.08
1003.03
1004.93
25031.09
1054.05
1001.83
1003.03
1008.99
1002.07
990.15
993.01
25007.01
1045.94
994.92
983.95
983.00
992.06
980.14
983.95
25007.96
1034.02
1004.93
992.06
1021.86
1079.80
989.91
983.00
25038.00
1028.06
1000.17
988.01
987.05
982.05
986.10
978.95
29038.91
1026.87
994.92
980.14
970.13
1035.93
1016.86
1015.90
25061.85
1044.03
996.11
981.09
988.01
1029.01
1025.92
1024.96
25126.93
1017.09
994.92
997.07
1002.07
1022.10
1029.01
1024.96
25133.85
1034.98
1027.11
1033.07
1015.19
1015.90
1019.00
21131.04
1088.14
1038.07
1037.12
1034.02
1025.92
1024.96
1024.96
25120.02
1049.04
1030.92
1019.00
1032.83
1031.88
1016.86
1016.86
25139.09
1046.90
1034.02
1037.84
1020.91
1014.95
1013.99
25056.84
1075.98
1033.07
1019.00
8812.90
1042.84
998.97
1008.03
1007.08
978.95
977.99
973.94
25027.04
1059.06
1008.03
1006.84
1027.82
970.84
967.98
971.08
25018.93
1044.99
1007.08
982.05
980.85
990.87
989.91
1003.98
25022.03
1038.07
986.81
983.00
976.09
1003.03
999.93
1002.07
25031.09
1040.94
1003.98
998.02
1005.89
989.20
997.07
999.93
25035.86
1046.90
1010.89
1010.18
1008.99
1004.93
1012.09
1024.01
25120.97
1036.17
1013.99
1053.09
1296.04
1013.99
1008.99
25036.10
1058.10
1011.13
999.93
993.01
988.01
974.18
973.94
29025.08
1059.77
1000.88
988.01
988.01
1055.00
1035.93
1034.98
25090.93
1068.83
1036.88
1019.00
1017.09
1015.90
1030.92
1025.92
22780.18
1032.11
1019.00
1022.10
1003.03
1007.08
25092.84
1024.96
1013.99
1020.91
1026.87
1015.19
1013.04
1024.96
25120.02
1053.09
1019.00
1029.97
1044.03
1020.19
1023.05
25063.04
1088.86
1025.92
1029.01
1030.92
1034.98
1012.09
1010.18
25052.07
1058.10
1001.12
985.15
1014.95
983.00
976.09
981.09
25045.87
993.01
973.94
967.03
973.94
972.03
967.03
975.13
29012.92
1040.94
977.04
977.04
976.09
1063.11
1065.02
1059.06
25142.91
1022.10
1009.94
1006.84
1036.88
1058.82
1063.82
1054.05
25099.04
1039.03
1026.15
1026.15
1041.89
1047.85
1041.89
25110.96
1108.88
1060.01
1055.96
1061.92
1055.00
1048.80
1054.05
25166.03
1065.02
1059.77
1061.92
1053.09
1059.06
1058.82
25099.04
1079.08
1053.09
1045.94
1053.81
1049.04
1046.90
1046.90
25146.96
1060.96
1057.15
1075.03
1129.15
1049.04
1017.09
25097.13
1051.19
1091.00
1006.13
1013.99
1013.04
992.06
988.01
981.09
993.97
988.96
986.10
25092.12
1000.88
947.95
1016.14
991.11
963.93
964.88
967.03
25091.89
1060.01
1055.96
1031.88
1011.13
1007.08
996.11
997.07
25137.90
1056.19
1039.03
1029.01
1522.06
997.07
989.91
25108.81
1025.92
1029.01
1023.05
1013.04
1013.99
1024.96
1012.09
29106.14
1029.97
1017.81
1016.86
1024.96
1028.06
1019.00
25040.15
1080.99
1026.87
1009.23
1014.95
1022.82
1039.98
1013.99
25101.90
1038.79
1013.04
993.97
1011.85
1014.95
1008.03
996.83
21096.94
1011.85
993.01
992.06
998.97
993.97
984.91
989.91
25110.01
1033.07
1020.91
1007.08
1014.95
1012.09
1010.18
1009.94
25084.02
1029.97
1025.92
1036.17
1015.90
1022.82
1025.92
25059.94
1066.21
1022.10
1030.92
1044.99
1029.97
1016.14
1029.97
25099.99
1044.99
1026.87
1006.13
1025.92
1008.03
1008.99
994.92
25084.97
1011.85
988.01
983.00
983.00
970.84
978.95
964.16
25082.11
986.10
972.03
973.22
985.86
979.90
977.99
982.05
25079.01
1004.22
988.01
981.09
998.97
995.87
986.10
983.00
29067.99
986.10
972.99
976.09
995.16
1023.05
1007.08
1011.13
25131.94
1029.01
1019.95
1028.06
1021.15
1015.90
1014.95
22768.02
1051.90
1005.89
1019.95
1007.08
1000.88
997.07
25083.07
1019.95
1009.94
1028.06
1015.19
1020.91
1015.90
25045.87
1070.02
1024.01
1019.00
1024.01
1039.03
1018.05
1016.86
25079.97
1052.14
1022.10
1019.95
1045.94
1031.16
1015.90
1020.91
25120.02
1039.03
1031.88
1024.01
1034.02
1025.92
1019.00
25053.02
1072.88
1029.97
1027.11
1024.01
1024.96
1024.01
1028.78
29065.85
1075.98
1029.97
1034.98
1008.99
1011.85
1021.86
1013.99
25133.13
1049.04
1034.02
1031.88
983.95
967.03
966.07
963.93
25094.99
1013.99
1000.88
1011.13
977.99
975.85
979.90
971.79
25107.86
1004.93
1000.17
993.01
1005.17
990.15
993.97
998.02
25105.95
1004.93
996.11
1002.07
998.02
994.21
996.11
25016.07
1070.02
1013.04
1010.89
1016.86
1007.80
1021.86
1006.84
25044.92
1070.98
1039.98
1014.95
1030.21
1019.95
1025.20
1025.92
25106.19
1058.10
1026.15
1083.85
1025.92
1017.81
1010.89
1015.90
990.15
967.98
973.94
975.13
29081.11
993.01
984.19
977.99
990.15
977.99
976.09
976.09
25088.07
1004.93
988.96
982.05
994.92
983.00
983.00
977.99
25110.01
1023.05
994.92
989.91
1005.89
988.01
988.96
993.01
25096.89
1001.83
997.07
990.87
1022.10
999.21
989.91
993.01
25223.02
1026.15
1013.04
1015.19
1013.04
1013.99
1013.99
25043.96
1066.92
1013.04
1001.83
1011.85
1009.94
1008.99
1003.98
25096.18
1030.92
1007.80
1005.89
1019.00
1006.13
998.02
1002.07
21092.18
1001.12
978.95
973.94
994.92
1001.83
998.97
990.15
25079.01
998.02
980.85
982.05
987.05
976.09
976.09
977.04
29092.07
1003.98
979.90
977.99
991.11
977.99
976.80
973.94
25098.09
1003.98
1007.08
989.91
1000.88
986.10
983.00
984.91
25117.16
1019.00
1006.84
992.06
1031.88
998.02
998.97
998.02
25097.85
1013.99
1002.07
1008.03
994.21
1001.12
1000.88
25027.99
1060.01
1023.05
1009.94
1013.99
1014.95
1009.94
1022.10
25046.11
1062.15
1017.09
1009.94
1017.09
1006.13
1008.03
1001.83
33088.92
1019.95
993.97
996.83
1010.89
1001.83
998.97
1006.13
25111.91
1029.97
1005.89
1001.12
1007.08
1003.98
1009.94
1007.08
21093.13
1005.89
990.15
991.11
1029.01
1019.00
1003.98
1008.03
25094.03
1017.81
1003.03
989.91
1013.04
1024.96
1006.13
25054.93
1055.00
1005.17
1003.98
1003.03
1009.94
1014.95
1020.91
25053.02
1044.03
1005.17
996.11
988.96
1038.07
1025.20
1023.05
25115.97
1041.89
1020.91
1010.18
1023.05
1065.02
1051.19
1043.08
25131.94
1045.94
1029.01
1022.82
1015.90
7880.93
1024.96
1010.89
1019.00
1014.95
1015.19
1029.97
25048.97
1067.16
1014.95
1014.95
1025.20
1023.05
1013.99
1005.89
25049.21
1047.13
1017.09
1018.05
1023.05
1002.07
1008.03
999.93
25076.15
1001.12
985.86
980.85
994.92
988.01
973.94
968.93
25062.08
1006.84
985.15
978.95
973.94
963.21
973.94
966.79
25023.94
1020.91
973.22
977.99
960.11
1002.07
993.97
1003.98
25041.10
1033.07
988.01
987.05
993.97
1004.22
1008.99
1008.03
25113.82
1014.95
1010.89
1013.04
1018.05
1005.89
1006.13
1008.03
29103.99
1029.97
1034.98
10045.05
1014.95
999.93
1005.17
1019.00
997.07
998.02
999.93
25089.03
1016.86
1003.98
1013.04
1004.93
993.97
994.21
25033.00
1058.82
1010.89
999.21
1007.08
1002.07
998.02
998.02
25029.90
1045.94
1001.12
999.93
1006.84
993.01
994.92
993.97
25044.20
1043.08
998.97
993.97
1003.98
998.02
991.11
990.87
25030.85
1039.98
998.97
983.95
997.07
987.77
987.05
983.95
25032.04
1034.02
986.10
985.15
995.87
990.87
989.91
985.15
22484.06
1044.99
1008.99
1022.82
1023.05
1013.99
25045.16
1080.04
1021.86
1019.00
1013.99
1028.06
1013.99
1018.05
25071.14
1072.17
1016.86
1010.89
1016.86
1006.84
1019.95
1013.04
25110.01
1018.05
986.10
983.95
994.92
1000.17
1008.03
1002.07
25106.19
998.97
979.90
981.09
979.19
983.00
983.00
979.90
25093.08
1015.90
983.95
985.15
1007.08
981.09
983.00
974.18
25073.05
1005.89
977.99
981.09
1010.18
976.09
978.95
980.85
25074.96
1002.07
977.99
972.03
984.91
977.04
974.18
977.04
28653.14
1055.00
1022.82
1008.03
1014.95
989.91
995.16
998.02
25039.91
1044.03
993.97
983.95
1003.98
980.14
971.08
980.14
25022.03
1027.82
987.05
977.04
986.10
972.03
15244.96
1023.05
1006.13
993.01
997.07
965.12
975.13
969.89
25076.87
1016.86
991.82
988.96
980.14
973.94
983.95
983.00
25086.16
997.07
982.05
988.01
962.97
1006.13
1002.07
1001.12
25112.87
1009.94
996.83
989.91
962.02
1010.89
995.87
1003.03
25115.01
1006.13
993.01
1002.07
975.13
1006.13
997.07
1008.99
22752.05
1019.95
1008.03
996.11
983.00
978.23
25090.93
984.91
985.15
974.89
989.91
980.85
983.00
985.86
21093.85
1034.98
1014.95
1006.84
1049.04
1008.03
1003.98
999.93
25103.09
1013.99
993.97
975.13
1061.92
1005.89
1006.13
25022.98
1061.92
985.86
983.95
983.95
1049.04
1031.88
1019.95
25063.04
1056.91
1007.80
1002.07
1000.88
1067.88
1068.83
1054.05
25136.95
1050.00
1028.06
1035.93
1027.11
1028.06
1031.88
1027.11
25110.01
1023.05
998.02
992.06
1034.98
1037.84
1031.88
24811.98
1066.21
993.97
975.13
980.14
1034.02
1039.03
1024.01
33061.03
1100.78
1060.96
1062.15
1039.03
1017.09
1001.12
1003.03
25074.01
1080.04
1059.06
1055.00
989.91
977.99
972.03
975.13
25124.07
1079.08
1064.06
1043.08
1005.17
1002.07
998.02
993.01
25155.07
1066.92
1048.80
1039.98
1021.15
1010.89
1015.90
29053.93
1056.19
1023.05
1003.98
1015.90
1002.07
1008.99
997.07
25088.07
1019.95
1000.88
991.11
1001.83
985.86
983.95
981.09
25074.01
991.82
975.85
970.84
978.95
974.18
967.03
975.13
21058.08
1007.08
992.06
987.05
994.92
966.07
972.99
971.79
25028.94
1020.91
995.16
995.16
983.95
972.03
975.85
978.95
25030.14
1028.06
1009.94
1009.94
985.15
988.01
1000.88
987.05
21077.16
1026.15
1020.91
1008.99
1019.00
1016.14
1004.93
1022.82
25129.08
1061.92
1047.13
1032.11
1064.06
1042.13
1041.89
25079.97
1104.83
1068.83
1068.83
1065.97
1056.19
1051.90
1052.86
21159.89
1093.86
1061.92
1068.12
1059.06
1053.09
1054.05
25101.18
1106.02
1072.17
1066.92
1067.88
1058.82
1055.96
1058.10
29142.86
1064.06
1053.09
1031.88
1009.94
1021.15
1031.16
25073.05
1052.14
1001.12
1003.03
988.01
1008.03
1012.09
1013.99
22955.18
1048.09
1016.14
993.01
985.15
978.95
25009.87
1026.87
985.86
975.85
984.91
972.99
969.89
973.94
25012.97
1024.01
976.09
973.94
992.06
972.03
977.99
976.09
25020.84
1032.83
985.86
977.99
998.97
984.91
989.20
989.91
25029.90
1060.01
1003.98
1007.08
1006.84
999.93
1001.12
1003.98
25033.00
1050.00
1012.09
1002.07
1010.89
1008.99
1009.94
1003.03
25094.99
1029.97
1011.85
1000.88
1016.14
1008.99
1009.94
1011.13
25120.02
1031.16
1008.03
1008.99
1023.05
1015.90
1015.90
1014.95
25125.03
1046.90
1029.97
1051.90
1040.94
1057.15
1063.11
25110.01
1102.92
1065.97
1048.80
1034.02
1010.89
1004.93
1003.98
25131.94
1055.96
1045.94
9052.04
1018.05
982.05
975.85
980.85
972.99
967.98
971.08
976.80
25076.87
993.97
991.11
988.01
996.83
993.01
986.10
997.07
25078.06
1010.18
1002.07
1009.94
993.97
992.06
996.11
21158.93
1074.08
1006.13
990.87
972.99
1019.00
1023.05
1014.95
33069.13
1058.10
1021.15
1024.96
1023.05
1009.94
1005.17
1004.93
25117.87
1039.03
1035.93
1030.92
1034.02
1024.01
1016.86
1013.04
25119.07
1053.09
1042.13
1012.09
1029.97
1044.99
1027.11
25079.97
1068.83
1039.98
1025.92
9120.94
1062.87
1050.00
1050.95
1073.12
1059.06
1055.00
25076.87
1071.93
998.97
986.10
978.95
1050.95
1049.04
1046.18
25082.11
1091.96
1061.92
1045.23
1077.89
1068.83
1050.00
1049.04
25160.07
1094.82
1065.02
1069.07
1062.15
26911.02
1097.20
1057.86
1052.86
1086.95
1067.16
1064.06
1054.05
25151.97
1076.94
1060.01
1062.87
1055.96
1055.96
1052.86
25093.08
1111.98
1060.96
1053.09
1064.06
1054.05
1049.04
1062.87
25160.79
1067.88
1061.92
1067.16
1057.15
1051.90
1060.96
25094.99
1098.87
1071.93
1057.15
1070.02
1057.15
1052.14
1056.91
25151.97
1074.08
1053.09
1060.96
1053.81
1055.00
1051.90
25102.85
1098.87
1069.07
1056.91
1065.02
1051.90
1051.90
1056.19
25197.98
1079.08
1052.14
1044.99
1044.03
1042.84
1040.94
25124.07
1058.82
1041.89
1038.79
1045.94
1033.07
1033.07
1034.02
25135.04
1043.08
1045.94
1047.85
1043.08
1043.08
1045.94
21086.93
1045.23
999.93
993.97
993.97
1025.92
1036.17
1028.06
25141.00
1020.91
1011.13
1004.93
977.04
1007.08
998.97
1003.03
25128.84
1019.95
1008.99
1001.83
984.91
969.89
973.94
981.09
29087.07
993.97
983.00
973.94
989.91
979.19
989.91
991.82
25100.95
1016.14
1010.18
1000.88
1006.84
1002.07
997.07
1001.12
19500.97
1002.07
980.85
973.94
968.93
962.02
1058.10
1051.90
1054.05
25143.86
1019.00
998.97
994.92
981.09
1026.15
1023.05
1015.19
25134.09
1029.97
1024.01
1013.99
982.05
978.95
985.15
969.89
25107.86
1013.04
998.97
986.10
985.15
999.93
991.82
998.02
25089.98
993.01
977.04
977.04
967.03
995.16
980.85
980.85
25076.87
995.87
990.87
982.05
989.91
1007.08
1008.03
25019.17
1075.98
1009.94
1003.03
1003.98
983.95
988.96
988.01
25036.81
1056.91
1009.94
1011.13
998.02
958.92
967.03
970.84
25009.87
1041.89
979.90
983.95
982.05
963.21
983.00
972.99
33000.95
1057.86
1003.98
988.96
985.86
1006.84
1004.93
1007.08
25057.08
1047.85
998.97
983.00
970.13
1013.99
1013.99
1008.03
25058.03
1030.92
987.05
974.89
966.07
1017.09
1022.10
1013.99
25055.89
1039.03
1003.03
996.11
997.07
1013.99
1013.99
1017.09
21089.08
1021.15
998.02
997.07
1008.99
994.92
992.77
998.02
25094.03
1016.86
998.97
998.02
1002.07
993.97
999.93
993.97
25090.93
1039.03
999.93
1003.98
1024.01
1008.03
1003.98
1011.13
25118.11
1038.07
1027.11
1019.95
1032.83
1021.86
1017.81
25061.85
1075.98
1038.07
1019.00
1024.96
1022.10
1023.05
1017.09
25102.14
1044.99
1034.02
1039.03
1034.98
1027.82
1021.86
1021.15
25130.03
1039.98
1025.92
1029.01
1025.92
1028.06
1022.10
25066.14
1083.14
1035.93
1021.86
1032.83
1029.01
1027.11
1027.11
25111.91
1047.85
1029.97
1024.96
1033.78
1025.92
1024.96
1021.15
25129.08
1041.89
1026.87
1035.93
1020.19
1024.96
1032.11
25061.13
1081.94
1036.88
1024.96
1029.97
1029.97
1024.96
1024.01
29121.16
1047.13
1034.98
1025.92
1034.02
1003.98
1009.94
1003.98
25102.85
1030.92
998.97
984.91
1029.01
1018.05
1019.95
1021.86
17134.19
1080.99
1049.04
1034.02
987.05
984.19
983.95
25045.87
1067.16
1024.96
1042.84
1023.05
1007.08
1004.93
1004.93
25098.09
1044.99
1041.89
1043.80
1039.98
1019.95
1021.86
1016.86
25162.94
1082.18
1055.96
1050.95
1019.95
1024.01
1020.19
25052.07
1101.02
1040.94
1039.98
1018.05
989.91
997.78
997.07
25100.95
1045.94
1033.07
1027.11
1021.15
978.95
982.05
26330.95
995.16
980.14
982.05
1024.96
1024.01
1030.92
25070.91
1045.94
1002.07
996.11
998.02
1023.05
1033.07
1031.88
25065.18
1056.91
1026.87
1023.05
1011.85
998.02
973.94
974.89
25050.88
1040.94
1013.99
999.93
1001.12
967.98
977.04
977.99
25077.10
1008.99
989.91
990.87
990.87
978.95
978.95
978.95
25079.01
1006.84
993.97
987.05
980.14
970.13
977.99
976.09
25069.95
1010.89
998.02
990.15
993.01
970.13
971.08
974.89
25081.87
1098.87
1033.07
1031.88
993.97
976.09
975.13
977.99
25125.03
1057.15
1067.88
1065.97
1007.08
1010.18
1019.00
25039.20
1122.00
1061.92
1060.96
1029.01
1008.99
1024.01
1008.99
25079.01
1096.01
1050.95
1044.99
997.07
979.90
983.00
985.15
21132.95
1070.98
1058.10
1054.05
1089.10
1054.05
1047.13
25112.15
1095.06
1054.05
1045.94
1050.95
1044.03
1050.00
1054.05
25146.96
1053.09
1036.17
1035.93
1045.94
1046.18
1034.98
25069.00
1080.99
1039.03
1027.82
1052.86
1030.92
1024.96
1029.97
24103.16
1035.93
1014.95
997.78
994.92
1019.95
999.93
995.87
989.91
33085.11
1006.84
993.01
984.91
989.91
976.80
974.89
975.85
25079.97
995.16
973.94
977.04
983.95
978.23
972.99
970.13
25076.15
988.96
975.85
975.13
983.00
971.79
978.95
981.09
25079.01
1000.88
988.01
981.81
998.97
980.14
975.13
977.99
25076.15
1005.17
986.10
982.05
993.97
981.81
977.99
985.15
25084.97
1007.08
993.97
983.95
993.01
988.01
986.10
983.00
25088.07
1006.84
995.87
991.82
1003.98
993.01
990.15
990.15
25096.89
1014.95
996.83
991.82
999.93
994.92
998.97
989.91
25094.99
1009.94
998.97
994.92
1004.93
998.97
990.15
988.01
23178.10
9034.16
1054.05
1019.00
1012.09
1003.98
1004.22
1003.03
999.93
25019.88
1041.89
994.92
991.82
996.83
987.05
988.96
976.09
25011.78
1034.98
995.16
977.99
983.95
981.09
970.13
971.08
25007.96
1026.87
986.81
977.99
975.13
966.07
968.93
977.04
25000.10
1032.11
988.01
973.94
981.09
974.18
977.99
978.95
975.85
25070.91
998.97
980.14
9947.06
997.07
984.19
988.96
1055.96
1063.11
1065.02
17102.00
1046.90
1005.89
994.21
982.05
1027.11
1027.11
1018.05
25065.90
1055.00
1017.09
1017.09
989.91
1032.83
1030.92
1024.01
25125.98
1032.83
1019.95
1016.14
1020.91
1023.05
1017.09
1011.85
25128.84
1059.06
1028.06
1027.11
1009.94
1017.09
1013.04
25057.79
1077.89
1034.02
1034.02
1027.11
1026.15
1028.06
1003.98
25110.01
1035.93
1003.98
1001.12
1006.13
1019.95
1020.91
1013.04
25094.03
998.97
983.00
975.85
1003.98
1014.95
1021.86
1018.05
25105.95
1010.89
997.07
988.96
1029.97
1023.05
1019.95
25053.98
1059.06
1007.08
1007.08
993.01
1019.00
1010.89
1016.14
25064.95
1055.00
1004.22
1000.88
984.91
1009.94
1022.10
1008.99
25067.09
1039.98
1012.09
993.97
993.97
1008.99
1001.83
1005.89
25112.15
1029.01
1021.15
1006.13
983.00
1007.08
1003.03
997.78
29101.85
1024.96
1006.13
1002.07
998.02
997.07
986.81
974.89
25079.01
1001.83
980.85
977.99
983.00
965.83
979.90
973.94
25090.93
993.97
983.00
977.99
988.01
971.79
980.85
980.85
33081.05
993.01
980.14
976.09
1004.93
978.95
991.11
980.14
25110.96
1058.82
1041.89
1021.86
1028.06
1021.86
1011.13
25048.97
1096.96
1034.02
1047.85
1024.01
1054.05
1054.05
1042.84
25134.80
1045.94
1026.15
1023.05
1002.07
1011.13
1013.04
1016.14
25154.11
1034.98
1041.17
1039.03
988.01
988.01
986.10
993.01
25083.07
1004.93
996.11
989.91
1016.86
1015.90
1013.04
21042.82
1055.00
1008.99
998.97
1012.09
1001.12
998.97
990.87
25039.20
1050.95
1002.07
997.07
1003.03
996.11
19669.06
1013.04
991.82
993.97
990.15
996.11
990.87
25002.00
1065.97
998.97
1000.88
1001.83
1007.80
995.87
994.92
19184.83
1070.98
9075.16
1060.96
1020.91
1017.81
1008.03
983.00
983.00
988.01
25097.13
1036.88
1009.94
1013.04
1003.03
973.94
982.05
978.95
25094.99
1013.04
999.93
1003.98
988.01
977.04
968.93
972.99
25091.17
995.16
990.87
985.86
984.91
980.14
980.14
969.89
25084.02
995.16
977.99
974.18
976.09
971.08
974.89
972.03
25087.83
1001.12
979.90
9496.93
1061.20
1023.05
1013.99
1006.84
1000.88
1006.13
1001.12
25048.97
1044.03
1001.12
988.01
996.11
996.11
977.99
980.85
25018.93
1035.93
988.96
984.91
992.06
985.15
982.05
972.03
25019.88
1064.06
1004.93
998.97
976.09
997.07
988.96
988.01
25031.09
1055.00
1003.98
995.87
998.97
993.01
983.95
983.95
25057.79
1020.91
988.96
981.09
985.15
975.13
971.08
977.99
25017.98
1023.05
976.09
977.99
985.15
970.13
968.93
965.83
25023.22
1041.89
1003.98
998.02
994.92
965.12
973.94
975.85
25017.02
1054.05
1008.99
992.06
988.96
975.13
974.18
970.84
25036.81
1041.89
1002.07
993.97
996.11
1008.03
1008.99
999.93
25050.88
1070.98
1033.07
1010.18
1024.01
1043.08
1040.22
1034.98
25130.99
1043.08
1026.87
1020.91
1039.03
1041.89
1040.94
21091.94
1039.98
995.87
980.14
989.91
980.85
979.90
970.84
25007.96
1036.17
986.10
977.99
991.82
977.04
977.04
973.94
25007.01
