984.19
986.10
997.07
1269.10
1008.03
1003.98
29035.09
1008.99
968.93
968.93
966.07
963.21
957.97
953.91
24989.13
1032.11
994.92
984.91
978.95
976.09
981.09
974.18
25002.96
1034.98
1008.03
979.90
985.86
988.96
988.01
986.10
25016.07
1095.06
1032.11
1021.15
1034.98
993.01
994.92
995.16
25007.96
1050.00
1007.08
998.97
1014.95
987.05
976.09
997.07
25033.95
1050.00
1013.04
1012.09
998.02
1041.89
1053.81
1052.86
25112.87
993.97
966.07
957.01
967.98
957.01
956.06
957.01
25017.02
1006.13
966.07
950.10
953.91
980.85
977.99
996.11
29030.08
1024.96
991.82
997.07
997.07
1006.13
989.91
981.81
25008.92
1086.95
1057.15
1035.93
1039.03
1035.93
1040.94
1015.19
25115.97
1043.80
1021.86
1028.06
1023.05
1028.06
1022.10
25051.12
1052.14
986.10
977.99
999.21
1022.10
1036.88
1027.82
25073.05
1103.88
1050.00
1035.93
1026.87
952.01
964.16
953.91
25001.05
1034.02
977.99
963.93
969.17
963.93
961.07
1528.98
25084.97
988.96
972.03
969.17
989.91
980.85
968.93
963.21
25184.87
1061.92
1039.03
1042.13
1044.03
1046.18
1044.99
24951.93
1024.96
978.95
969.17
989.91
976.09
980.85
977.99
25014.88
1038.07
921.01
1009.23
1015.90
1005.89
1013.04
1003.98
25044.92
1063.11
1029.97
1022.10
991.11
1013.04
1006.84
996.83
25049.92
1047.85
994.92
992.06
987.05
1008.99
997.07
1003.03
25027.04
1070.98
1004.93
989.91
1000.88
1008.99
992.06
986.10
25047.06
1041.89
1002.07
997.07
1002.07
1034.98
1021.86
995.87
25074.96
1018.05
992.06
1004.93
1017.09
982.05
981.09
993.01
19755.84
1047.85
1022.82
1013.99
1008.03
998.02
1013.04
1021.86
1019.00
25117.87
1037.84
1013.99
1013.04
1008.99
1011.85
1025.92
1012.09
29087.07
1001.12
976.09
969.17
1019.00
1016.14
1007.08
1003.98
25105.00
1031.88
1021.86
1030.92
1012.09
1020.19
1010.89
25053.02
1069.07
1027.11
1019.00
1028.06
1016.14
1013.99
1028.06
25088.07
998.97
972.99
965.12
988.96
965.83
978.95
983.95
25027.04
1024.96
979.90
953.20
1018.05
1019.00
1010.89
1034.02
29094.93
983.00
970.84
968.93
973.22
974.89
967.03
968.93
25029.90
1036.88
977.04
971.08
980.14
967.03
967.98
967.03
29014.11
1053.09
1000.17
1001.12
998.02
1000.88
981.09
979.19
25033.95
1086.95
1020.91
1017.09
1008.99
993.97
988.96
987.77
25074.01
1065.97
1035.93
1041.17
1045.94
1025.92
1032.11
1035.93
25125.98
1056.19
1046.90
1009.94
989.20
967.98
980.14
25007.01
1074.79
1020.91
1017.81
1020.91
1020.19
1027.11
1013.04
21054.03
1044.99
999.93
998.02
1012.09
1011.85
1067.88
966.07
25053.98
997.78
969.89
975.85
991.82
992.06
987.05
986.10
25053.02
1065.02
1033.07
1015.90
1019.00
1009.94
1011.85
1013.04
25099.99
997.07
977.99
977.99
1007.08
1004.93
1001.83
988.96
25110.96
1034.02
1023.05
1012.09
1020.19
999.93
1003.03
1006.84
25075.91
998.97
976.09
8994.10
1081.94
1036.88
1021.86
1010.89
964.16
963.93
974.89
25014.88
1039.98
988.01
978.95
972.03
1000.17
1004.93
1007.08
25041.10
1103.16
1058.10
1058.10
1046.90
974.89
981.81
984.91
25089.03
1123.91
1042.84
1039.98
991.11
977.04
981.09
986.10
25115.97
1032.83
998.97
993.01
967.03
968.93
976.80
989.91
25115.01
1026.87
1013.99
1014.95
962.02
957.01
950.81
965.83
25122.88
1029.97
1020.19
1019.95
971.79
970.84
983.00
951.05
25117.16
1018.05
1013.04
992.77
967.03
952.96
955.82
950.81
25118.11
1011.13
991.11
983.95
965.83
965.83
962.02
965.83
25127.89
1060.96
1055.00
1050.00
942.95
953.91
960.11
967.98
25071.86
1008.99
1006.13
996.11
1060.01
1063.11
1054.05
25084.02
1061.92
1004.93
989.20
991.11
1034.02
1033.07
1035.93
29118.06
1020.91
988.01
978.95
984.91
1033.07
1032.83
1040.94
25128.13
975.13
957.97
947.95
962.97
957.01
959.87
963.93
25064.95
1010.89
991.82
997.07
9078.98
993.97
982.05
976.09
947.00
983.00
1529.93
25040.86
1055.00
1015.90
1008.03
998.97
991.11
934.12
970.13
25012.02
1060.01
998.97
999.21
1000.88
972.03
983.95
991.82
25023.94
1055.00
1014.95
996.83
989.91
960.11
972.99
998.97
25111.91
1034.02
1001.12
987.05
980.14
1032.11
1013.04
1013.99
22176.98
1045.94
972.03
967.98
962.97
957.01
953.91
25002.96
1022.82
973.94
972.99
972.03
994.92
993.01
1003.98
25035.86
1008.03
971.08
963.93
952.01
962.97
962.02
951.05
24979.11
1041.17
1000.88
993.97
1003.03
972.03
959.87
942.95
25043.96
1067.88
1019.00
1013.04
1016.14
1009.94
1008.99
1005.17
25040.86
1008.99
973.94
967.03
968.93
969.89
968.22
962.02
24994.13
1026.15
974.89
962.02
962.02
967.03
964.88
957.97
957.01
25055.17
972.99
957.01
956.06
957.97
981.81
998.97
983.00
29088.02
993.97
997.78
995.87
993.01
995.87
998.97
991.11
17053.13
988.01
966.07
957.01
983.95
970.13
970.13
972.99
25110.96
1014.95
993.97
993.01
953.20
957.97
969.17
973.94
25074.01
975.13
968.93
961.78
962.02
991.11
989.91
988.96
29089.21
970.13
958.92
955.82
983.00
962.97
962.97
962.97
33085.82
993.97
981.09
972.99
984.91
962.02
968.93
972.99
21074.06
1019.95
1003.03
993.01
991.11
983.00
989.20
986.81
25094.03
1013.99
996.83
995.87
1020.91
988.01
983.95
972.99
25079.01
1018.05
998.02
988.96
973.94
982.05
988.01
993.01
25103.09
1014.95
998.02
996.11
958.92
982.05
991.11
989.91
25099.99
998.02
992.06
987.05
957.01
992.06
993.01
991.11
25137.90
1053.81
1040.94
1043.08
1036.17
1040.94
1035.93
25063.04
1039.98
1002.07
997.07
988.96
972.03
972.99
962.97
25007.96
1099.11
1051.19
1050.00
1055.00
1040.94
1049.04
1046.18
25123.12
1012.09
997.07
989.91
981.81
1010.89
1022.82
1010.89
25106.91
1029.01
1007.80
1004.93
999.21
1037.84
1030.92
29051.78
1106.02
1056.91
1060.96
1066.92
1062.15
1060.01
1057.15
25156.02
1049.04
1028.78
1021.86
999.93
1007.80
1004.93
1008.99
25130.03
1042.13
1022.10
1033.07
1031.16
1033.07
1029.01
25046.11
1011.13
965.12
961.07
961.07
960.11
957.97
961.78
962.02
25075.91
992.06
976.09
988.01
985.15
987.05
987.05
980.14
25084.02
1002.07
985.86
979.90
994.21
983.00
987.05
985.86
25086.88
1003.03
988.96
986.10
997.07
990.15
984.91
983.95
1070.02
1061.20
968.93
991.82
993.97
988.01
991.82
994.92
998.02
993.01
990.87
25024.89
1050.00
1008.03
1000.17
1018.05
1001.12
997.07
996.11
25038.00
1069.78
1008.99
995.16
1019.95
1006.13
1000.17
995.87
25038.00
1064.06
994.92
1056.19
1033.07
1028.06
1029.01
1021.15
25115.01
1028.06
1019.95
1009.94
1019.95
1003.03
1004.93
1006.84
25103.81
1028.06
1007.08
1008.99
985.15
998.97
1003.03
997.07
25083.07
1010.18
995.87
1015.90
977.99
993.97
986.81
24999.86
1045.94
1002.79
998.97
20617.01
1027.82
1006.84
970.84
965.83
988.01
971.08
965.12
967.98
25072.81
984.91
978.95
993.01
998.02
989.91
988.96
997.07
25118.11
1008.03
1002.79
987.05
957.01
996.11
993.01
1000.88
25135.04
1010.89
983.95
973.94
982.05
962.97
968.22
1009.94
25084.97
983.00
955.82
958.92
988.01
988.01
987.05
988.96
25082.83
987.05
972.03
970.13
973.94
962.02
959.87
957.97
25063.04
1006.84
985.86
980.14
996.11
955.10
956.06
957.97
25060.89
983.95
962.97
958.92
961.07
1033.07
1029.01
1037.84
25136.95
1025.92
990.15
992.06
990.15
1043.08
1052.86
1047.85
25141.00
1029.01
1020.91
1021.86
999.93
1007.08
1015.90
25051.83
1061.92
1025.92
1009.94
997.07
998.02
1013.99
1015.90
25056.12
1080.99
1038.79
1028.06
1030.92
1028.78
1039.03
1026.87
25135.99
1047.13
1030.92
1032.83
1037.84
1030.92
1022.82
25064.95
1049.04
989.91
967.98
983.00
1046.90
1057.15
1043.08
25093.08
1024.96
975.85
952.01
1011.13
993.97
998.97
1000.88
25048.02
1038.07
993.01
987.05
983.00
986.10
989.91
983.00
21034.96
1042.13
989.20
969.89
963.93
966.07
959.16
956.06
24995.09
1054.05
1020.19
997.07
988.01
961.07
956.06
955.10
24990.08
1044.03
993.01
979.90
982.05
983.95
974.89
962.97
29005.05
1075.03
1016.86
1011.85
1010.89
1005.89
1001.12
1008.03
25034.90
1040.94
998.02
991.82
973.94
1002.07
998.02
1012.80
25058.03
1033.07
992.06
985.15
968.93
962.97
952.96
959.87
24995.80
1031.88
977.04
975.13
982.05
963.93
967.03
962.97
24991.04
1012.09
964.88
952.96
962.02
970.84
964.88
958.92
993.97
29134.04
1034.98
1017.81
1013.04
1009.94
1019.00
1009.94
25053.98
1070.02
1001.83
998.02
1008.03
998.02
998.02
997.07
25038.96
1060.01
1021.86
1012.09
1012.09
1010.89
1005.89
1001.83
25084.97
1032.11
1020.19
1002.07
1018.05
1002.07
1003.03
1006.13
25098.09
1014.95
1003.98
994.92
968.93
959.16
950.10
956.06
25095.94
1083.85
1052.86
1045.94
984.19
962.02
952.01
948.91
25098.09
1016.86
1005.17
999.93
988.96
979.19
981.09
966.07
25088.07
988.96
980.85
973.94
9138.11
998.02
985.15
983.00
17092.94
1005.89
998.02
1001.12
994.92
985.86
986.81
25004.86
1078.13
1017.09
1029.01
1016.14
999.93
994.92
992.06
25022.98
1035.93
999.93
989.20
994.92
1003.03
992.06
983.95
25021.79
1052.86
1011.85
1014.95
9044.17
1013.04
975.13
963.93
959.87
1031.88
1021.86
1019.95
25047.06
1033.78
1007.08
990.87
989.91
988.01
970.84
980.85
25018.22
1044.03
993.01
973.22
1007.08
1011.85
1010.89
1010.18
25105.95
1039.03
1013.99
1013.04
984.19
984.91
988.96
989.91
29115.92
1025.92
999.93
1000.88
1011.85
999.93
1002.07
1001.12
25099.99
1019.95
1003.03
985.86
975.85
968.93
972.99
982.05
25119.07
1019.95
1007.80
1003.98
982.05
985.86
979.90
969.17
25128.84
1030.92
1015.90
1013.99
1004.93
1008.99
1009.94
25027.04
1038.79
990.87
988.01
992.06
1013.99
1008.03
999.93
25016.07
1062.87
1013.04
1019.00
1015.90
1009.94
1015.19
1002.07
25038.96
1034.98
983.00
970.13
987.05
968.22
967.03
961.07
25002.00
1003.98
972.03
958.20
972.99
972.03
971.08
983.00
29021.98
1049.04
991.11
982.05
979.90
953.20
958.92
962.02
24981.02
1090.05
1019.95
1004.93
1008.03
1023.77
1019.95
1041.17
25066.14
1044.99
997.07
988.01
1002.07
988.96
987.05
993.01
25025.84
1039.03
997.07
990.15
998.97
985.86
990.87
974.18
25017.02
1059.06
1007.80
1005.89
998.02
960.11
958.92
970.13
25015.12
1058.10
1024.01
1019.00
1013.04
955.10
960.11
956.06
25005.10
1057.15
998.97
996.11
994.92
963.93
964.88
958.20
23267.03
1060.01
1015.90
1000.17
967.98
989.20
995.87
984.91
988.01
985.86
25107.86
1011.85
987.05
972.03
962.97
1016.86
1017.09
1010.18
25121.93
1008.99
995.16
993.97
952.96
1002.07
1003.98
1005.89
25122.17
1013.04
994.21
985.86
988.96
1023.05
997.07
957.01
25092.12
1009.94
982.05
974.89
980.85
972.99
966.07
956.06
25082.11
991.11
966.07
968.93
1000.88
999.93
998.02
994.92
25089.98
990.87
982.05
967.03
997.07
985.86
983.00
979.90
25094.99
1001.12
991.11
982.05
969.17
956.06
960.11
961.07
21084.07
1018.05
1006.13
993.97
1005.89
995.87
994.21
993.97
25113.11
1013.99
1005.17
1003.98
1003.98
993.97
1000.17
25037.05
1056.19
1013.99
1019.00
1021.86
1003.98
1016.86
1005.89
25037.05
1055.00
1023.05
1019.00
1017.09
997.07
977.99
979.90
21023.99
1030.92
983.95
987.77
976.09
1013.99
1016.14
1023.05
25082.11
1007.08
977.99
972.99
971.79
973.94
983.00
989.91
25053.98
1008.99
973.94
956.06
956.06
1010.89
1011.13
1014.95
25065.90
1019.95
964.16
969.89
962.97
1029.97
1022.82
1039.98
21129.13
1034.98
1007.80
947.00
987.05
980.14
987.05
988.96
29105.90
1008.99
992.06
988.01
981.09
965.12
969.89
978.95
29093.03
1014.95
988.96
980.85
967.98
970.13
1006.13
998.97
25091.17
986.10
970.13
972.03
978.95
982.05
978.95
981.81
25094.99
998.02
993.01
989.91
1007.08
1000.17
992.06
993.97
25121.21
1029.01
1011.13
1012.09
1018.05
1017.09
1009.23
1008.03
25113.11
1023.05
1001.12
952.01
997.78
978.95
983.00
971.08
25109.05
1019.00
1006.84
1005.89
1002.07
998.02
995.16
29019.12
1063.11
1021.15
1010.89
1033.07
1005.17
1013.99
1010.18
25053.02
1034.98
1055.96
1028.06
983.95
994.92
990.87
988.96
25038.00
1055.00
1027.11
1023.05
1020.91
1024.96
1017.09
1015.19
25108.10
1019.95
1008.03
1005.89
963.93
959.16
987.05
981.09
25119.07
1002.07
984.91
979.90
952.96
972.99
981.81
985.86
25071.86
977.04
963.93
958.92
9091.14
1034.98
1025.92
1016.14
988.01
964.88
958.20
953.91
25119.07
1082.90
1053.81
1042.84
993.01
981.09
975.13
966.07
29118.06
1044.99
1026.87
1028.06
995.16
993.01
986.10
25024.18
1037.12
981.09
978.95
969.89
1033.07
1037.84
1052.86
25071.86
1034.02
983.95
969.89
967.03
952.01
958.92
949.86
28983.12
1053.09
1001.12
1000.17
978.95
1012.80
1013.04
1008.03
25068.04
1045.94
1001.12
1004.93
989.91
1003.03
1003.03
1012.09
17058.85
1051.90
1013.04
1008.99
1009.23
995.87
989.91
979.90
25067.09
1024.01
1008.99
1003.98
1007.08
1005.89
1016.14
998.97
25106.91
1011.13
1007.08
993.97
1006.84
993.01
991.11
995.87
21123.89
1037.84
1029.01
1021.15
950.10
956.06
966.07
954.15
25110.96
1009.23
988.96
991.11
988.96
1003.03
989.91
1000.88
25097.85
1015.90
1003.98
1003.03
1018.05
1012.09
1024.96
25053.02
1065.02
1019.95
1011.13
1003.98
1003.98
993.97
990.15
25023.94
1024.96
987.05
977.99
984.91
975.85
972.99
972.03
25007.01
1062.87
1029.01
1003.03
996.11
1001.12
992.06
1006.13
25038.00
1043.80
1013.99
1001.12
986.10
976.09
986.10
999.93
25034.90
1065.02
1014.95
996.83
1017.81
998.97
1001.12
999.93
29134.99
1085.04
1053.09
1046.18
1015.90
1021.86
1004.93
1000.17
25130.03
1050.00
1029.97
1019.95
1009.94
1015.19
1013.04
25058.98
1101.02
1050.95
1043.08
1050.95
1045.94
1044.99
1043.08
25124.07
1008.03
996.11
993.97
1003.03
988.96
995.87
987.05
25089.98
1005.89
994.92
996.11
1003.03
981.09
988.96
974.89
33098.94
1012.09
1007.80
988.96
952.96
977.99
969.17
972.03
25102.14
987.05
971.08
968.22
1020.91
1062.15
1057.15
25093.08
1158.95
1069.07
1062.87
1071.93
1062.15
1038.07
962.97
17067.19
977.99
960.11
962.02
961.78
957.01
957.01
957.97
24997.00
1051.19
1012.09
988.96
995.87
1017.81
1013.99
1007.08
25082.11
992.06
975.13
976.09
973.94
970.84
971.79
972.99
25039.20
1024.01
983.00
963.93
956.77
1008.99
1013.04
1019.00
25055.89
1013.99
974.18
955.10
1046.90
1008.03
1023.05
1020.91
33113.00
1021.15
987.05
990.15
1001.12
981.09
968.93
971.79
29069.90
993.01
977.99
975.13
978.95
1032.83
1030.92
1027.11
17110.11
1002.07
992.06
936.99
990.87
1028.06
1018.05
1013.99
25086.88
976.80
962.02
958.92
1022.82
998.02
1000.88
1000.88
25057.79
977.04
962.97
961.07
974.18
970.13
963.93
972.99
25098.09
1029.01
1017.09
1010.18
970.13
958.92
969.89
972.99
25128.84
1024.01
1019.95
1000.88
1015.90
996.11
998.02
989.20
25096.89
1012.09
998.02
994.21
1034.02
1013.99
1016.86
25050.88
1062.87
1028.06
1009.94
1003.98
1007.08
1001.12
1003.98
25076.15
1037.12
983.00
977.99
978.95
998.02
990.15
985.15
25031.09
1024.01
989.91
972.99
988.01
983.95
986.81
983.00
25028.94
1024.96
989.20
993.01
1002.07
997.07
987.05
989.91
25027.99
1033.07
1000.88
998.97
979.19
1007.08
1014.95
1010.89
25086.16
1089.10
1040.94
993.97
1012.09
1015.19
1007.08
1023.05
25112.87
988.01
975.13
964.16
983.95
998.97
1008.03
1008.03
25142.91
1068.12
1050.00
1065.02
973.94
968.93
966.07
962.97
25128.84
1041.89
1029.01
1019.95
980.85
981.81
975.85
25014.88
1043.08
983.95
983.00
982.05
966.07
962.02
957.01
957.97
29109.95
1014.95
998.02
989.91
1054.05
1057.15
1051.90
37082.91
1055.00
1020.91
1010.18
1013.99
1008.03
1008.03
1001.83
33112.05
1024.96
1003.98
1009.94
998.97
997.07
994.21
998.02
25100.95
1003.03
983.00
972.99
986.10
1024.01
1018.05
1027.11
25106.91
1001.12
987.05
983.00
946.04
970.84
979.90
986.81
33108.95
996.11
983.00
972.03
1024.01
1019.95
1005.89
999.93
33105.13
1007.08
988.96
985.86
1004.93
999.21
984.91
984.91
25070.19
991.11
981.09
977.99
999.21
977.04
974.89
977.99
25135.99
1037.12
1029.01
1026.87
1014.95
1008.99
1011.85
25050.16
1061.20
1012.09
1008.99
1001.12
1007.08
1018.05
1022.10
25090.93
1081.94
1051.19
1029.97
999.21
983.00
1001.12
1010.18
33127.07
1039.98
1022.82
1025.92
1027.82
1013.04
1016.86
1010.89
33079.15
1000.17
991.11
992.06
953.91
972.99
972.03
975.85
37114.14
1035.93
1011.85
1013.99
1037.12
1019.00
1028.06
33068.18
1086.00
1042.84
1021.86
1015.90
964.16
960.11
959.87
25002.96
1042.84
1003.98
998.97
996.11
980.14
973.94
963.93
25021.08
1019.00
972.03
960.11
952.01
967.03
964.88
968.22
25001.05
1090.05
1043.80
1031.88
1020.91
957.01
962.97
962.02
25003.91
1053.81
998.02
979.90
987.05
1037.12
1039.98
1029.97
33088.92
1060.01
1015.90
1019.00
998.97
977.04
970.13
982.05
33082.01
1015.90
1000.88
985.15
1003.03
1034.02
1027.82
1029.97
25094.03
987.05
973.94
965.12
990.15
979.90
983.95
976.09
25070.19
1018.05
989.91
1000.88
9140.97
1029.01
1008.99
1007.08
1014.95
1008.03
1005.89
1005.89
25100.95
1038.07
1017.81
1025.92
1013.99
1016.86
1010.89
33051.97
1026.15
978.95
972.99
977.99
970.84
970.84
962.02
33010.96
1123.91
1072.17
1060.96
1074.08
1053.09
1059.06
1060.01
25168.90
1088.14
1065.02
1070.98
1067.16
1060.01
1056.91
25082.11
1013.04
970.84
965.83
973.94
965.12
962.97
958.92
25001.05
1044.99
1011.13
986.10
986.10
1066.92
1065.02
1056.91
25115.01
1043.08
1022.10
1012.09
1011.13
962.02
962.97
962.97
33051.97
1016.86
993.01
982.05
985.86
1017.81
1014.95
1023.05
33140.18
1050.95
1035.21
1035.93
1011.13
1024.01
1008.99
1012.09
25107.15
1020.91
1011.85
1004.93
1039.03
1049.04
1057.86
25080.92
1072.88
1032.11
1027.11
1019.95
1004.93
1003.98
998.97
25102.14
998.97
983.00
973.94
977.04
1029.01
1024.01
1032.11
33145.90
1039.03
1022.10
1019.00
973.22
997.07
992.06
992.06
33092.98
1001.83
977.99
972.03
1017.09
1024.01
1016.86
1011.85
25060.89
978.95
965.12
960.11
947.95
960.83
967.03
966.07
25124.07
1042.13
1013.04
1002.07
960.11
983.95
986.10
990.15
25073.05
972.03
958.92
961.07
986.10
972.99
973.94
1000.17
29078.96
983.95
974.18
967.03
977.99
965.83
969.89
960.83
33114.91
1020.91
1012.09
1007.08
1020.19
1007.08
1006.13
1007.08
41121.01
1037.12
1026.15
1037.12
1028.06
1020.91
1024.96
33063.17
1047.13
1014.95
1004.22
1007.08
1003.03
1000.88
1001.83
33038.85
1041.89
996.83
992.06
1004.93
994.21
988.96
997.07
25043.96
1046.90
1014.95
1008.03
1017.09
1007.08
1006.13
1005.17
25094.99
983.95
977.04
970.13
972.99
977.99
970.84
988.01
25079.97
1021.86
1013.99
991.11
1019.95
1000.88
988.96
998.02
33101.08
981.09
968.93
967.98
966.07
967.98
962.97
957.97
33066.99
1024.01
1010.89
1002.07
1019.00
998.97
995.16
996.11
33101.08
1038.07
1018.05
1003.03
988.01
972.99
976.09
975.13
25079.97
994.92
975.85
982.05
17102.96
1052.86
1029.97
1036.17
1021.86
1029.01
1033.07
25059.94
1080.04
1062.15
1020.91
1029.01
1015.90
1021.86
1013.99
33141.14
1079.08
1078.13
1061.92
1071.93
1069.07
1063.11
33094.88
1065.02
1008.03
998.97
1002.07
1001.12
1003.98
995.87
25034.19
1052.14
1007.08
995.87
1007.08
999.93
1000.17
999.93
25038.96
1020.19
983.00
972.99
982.05
974.89
979.90
984.91
25037.05
1092.91
1047.85
1040.94
1050.95
1041.89
1037.84
1046.90
33107.04
997.78
977.99
969.17
978.95
973.94
981.09
983.95
33099.89
972.99
966.07
953.91
967.03
952.01
957.01
956.06
33042.19
1029.97
1010.89
1012.09
1023.05
1012.80
1009.94
1011.13
25087.12
963.93
950.81
954.87
957.01
952.01
952.96
961.07
25060.89
998.97
981.09
983.95
999.93
997.07
1001.12
1009.94
33113.96
965.83
955.82
952.96
967.98
959.87
963.93
962.02
33029.08
1048.80
1007.08
1010.89
1020.91
1000.17
999.93
988.01
33072.95
1038.07
1016.14
1001.12
1031.88
1006.84
1006.84
1005.89
25136.95
1047.13
1039.98
1016.86
958.20
967.98
972.03
968.93
25089.03
