1031.88
1034.02
1054.05
1028.06
1024.96
25063.04
1083.14
1034.02
1050.00
1042.84
1039.03
1020.91
1050.95
25161.03
1062.15
1026.87
1026.87
1035.93
1033.07
1039.03
1027.82
25142.91
1038.07
1030.21
1039.03
1027.11
1019.95
1026.87
25084.02
1049.04
1028.06
1038.79
1041.89
1042.84
1036.88
1046.90
25138.14
1067.16
1050.95
1052.86
1069.07
1057.15
1061.92
25117.87
1080.99
1079.08
1065.97
1067.88
1070.98
1065.97
1070.02
25161.03
1106.02
1065.97
1066.92
1072.88
1060.01
1056.91
25135.04
1107.93
1068.83
1075.98
1070.98
1071.93
1070.02
25116.92
1136.78
1073.84
1077.89
1087.90
1088.14
1080.04
1071.93
25229.93
1255.99
1063.11
1071.93
1070.98
1068.12
1066.92
25147.91
1102.21
1094.10
1096.96
1097.20
1096.01
1099.11
25165.08
1132.97
1106.02
1101.02
1111.98
1096.96
1094.10
25151.01
1134.87
1101.02
1094.82
1110.79
1096.01
1092.91
1093.86
25200.13
1103.16
1093.86
1097.92
1110.08
1090.05
1087.90
25202.99
1094.10
1094.10
17145.87
1065.97
1021.86
1037.12
1033.07
1029.01
1027.11
1026.15
25131.94
1093.86
1072.88
1065.97
1009.94
1039.98
1050.00
25108.10
1068.12
1034.02
1044.03
1044.99
1050.95
1058.82
1081.94
25247.10
1084.09
1078.13
1086.95
1015.90
1041.17
1043.08
25109.05
1101.97
1053.81
1042.84
1035.93
1055.00
1058.10
1054.05
25162.94
1034.98
1031.88
1039.03
1065.02
1075.03
1087.90
25141.95
1105.07
1091.96
1069.78
1083.85
1088.14
1085.04
1100.06
25185.11
1094.10
1080.99
1073.12
1064.06
1063.11
1055.00
25164.84
1073.84
1053.09
1034.98
1024.96
1033.07
1034.98
25074.01
1114.85
1070.02
1061.92
1065.02
1029.01
1040.94
1041.89
25148.15
1116.99
1080.99
1076.94
1034.98
1033.07
1044.03
25125.98
1085.04
1035.93
1017.81
1019.95
1033.07
1043.08
1049.04
25132.89
1098.87
1080.04
1091.96
1064.06
1075.98
1070.98
25143.15
1116.04
1086.00
1066.92
1060.96
1092.91
1087.90
1092.91
25172.00
1049.04
1038.07
1034.98
1076.22
1079.08
1079.08
25142.91
1074.08
1051.90
1064.06
1072.88
1059.06
1056.91
25082.83
1157.05
1113.18
1107.93
1092.91
1063.11
1073.12
1044.03
21156.07
1071.21
1071.93
1076.94
1095.06
1572.13
1009.94
25126.93
1032.11
1019.95
1044.03
1049.04
1057.15
1069.07
25126.93
1107.93
1117.94
1031.88
1030.92
1029.97
1020.91
1036.17
25151.01
1060.96
1069.07
1080.99
1078.13
1084.09
1100.06
25159.12
1121.04
1090.05
1080.04
1082.90
1071.93
1052.14
25090.93
1073.84
1034.02
1024.01
1021.15
1024.96
1039.03
1051.19
25114.06
1090.05
1079.08
1074.08
1089.10
1075.03
1080.04
25135.04
1142.02
1106.98
1103.88
1120.09
1099.11
1096.01
1097.92
25213.00
1111.03
1101.97
1106.98
1105.07
1104.83
1109.84
25223.97
1119.14
1111.03
1114.13
1113.89
1114.85
1107.93
25222.06
1122.00
1113.89
1113.89
1122.95
1154.90
1098.87
25211.81
1101.02
1094.10
1105.07
1081.94
1077.18
1065.02
21111.01
1075.98
1047.13
1029.97
1027.11
1017.09
1019.95
1029.97
25146.96
1060.01
1063.11
1075.03
1075.03
1072.88
1081.23
25140.05
1105.07
1088.14
1095.06
1116.04
1105.07
1102.21
25172.00
1148.94
1105.07
1111.98
1118.90
1111.98
1101.97
25151.01
1137.02
1094.10
1082.90
1082.90
1066.21
1054.05
1050.00
25156.97
1056.91
1039.98
1023.05
1024.01
1035.93
1020.19
25109.05
1069.07
1062.87
1071.21
1085.04
1084.09
1106.02
1095.06
25222.06
1116.99
1102.92
1111.03
1106.02
1085.04
1086.95
25187.02
1094.10
1075.98
1065.97
1044.99
1044.03
1034.02
25100.95
1064.06
1035.21
1040.94
1063.82
1060.96
1061.92
1078.84
25189.88
1109.84
1087.19
1096.96
1095.77
1087.90
1093.86
25182.96
1105.07
1062.15
1051.90
1056.91
1029.01
1026.87
25059.94
1061.20
1037.12
1034.98
1050.00
1062.87
1061.92
1054.05
25163.17
1095.06
1091.00
1081.94
1091.00
1099.11
1107.93
25173.90
1145.84
1107.93
1094.10
1106.02
1095.06
1103.16
25151.01
1121.04
1132.01
1147.99
1091.96
1078.84
1067.88
1055.00
25149.11
1052.14
1034.02
1028.06
1016.14
1019.00
1027.11
25113.11
1078.13
1065.02
1075.03
1082.90
1088.14
1100.06
1100.06
25178.91
1100.06
1092.91
1096.96
1088.14
1070.98
1065.97
25176.05
1055.96
1039.03
25063.99
1116.04
1029.01
1032.83
1030.21
1044.99
1064.06
1065.97
25132.89
1080.99
1054.05
1051.90
1060.01
1050.95
1042.13
1049.04
25125.03
1045.94
1039.03
1050.00
1029.97
1022.10
1023.05
25089.98
1054.05
1038.07
1030.92
1042.84
1044.99
1068.12
1048.09
25151.01
1050.00
1054.05
1051.90
1056.91
1058.10
1043.08
25109.05
1076.94
1056.19
1052.86
1065.97
1060.01
1064.78
1055.96
25177.96
1072.88
1075.98
1075.03
1075.98
1080.04
1082.90
25128.84
1111.03
1092.91
1086.95
1101.02
1082.90
1084.09
25149.11
1113.18
1080.04
1075.98
1085.04
1080.99
1075.03
1075.03
25186.06
1094.10
1081.94
1085.04
1080.04
1080.04
1087.90
25178.91
1079.80
1060.01
1060.96
1074.79
1066.92
1067.88
25141.00
1115.08
1096.01
1098.16
1103.88
1092.91
1096.01
25129.80
1158.95
1105.07
1100.78
1106.98
1096.96
1099.82
1100.06
25208.95
1109.84
1100.06
1109.12
1100.06
1100.06
1101.97
21193.03
1075.98
1063.11
1053.09
1040.94
1065.02
1068.83
25138.85
1101.02
1060.96
1058.82
1060.01
1080.04
1085.04
1072.88
25153.16
1055.96
1051.90
1034.02
1035.93
1031.16
1032.11
25105.00
1060.01
1030.92
1024.01
1025.92
1053.09
1057.15
1052.14
25171.04
1043.08
1032.11
1028.06
1066.92
1075.98
1080.99
25161.98
1071.93
1040.22
1030.92
1036.88
1074.79
1071.93
1074.08
25166.99
1056.91
1050.00
1040.94
1030.92
1032.11
1028.06
25101.90
1070.02
1034.98
1023.05
1027.11
1055.00
1070.02
1069.78
25175.81
1051.90
1047.85
1036.88
1087.90
1101.97
1102.92
25166.99
1070.98
1040.94
1047.13
1065.97
1080.04
1075.98
25114.06
1105.79
1033.07
1030.92
1031.88
1043.80
1041.89
1037.84
25121.93
1068.83
1042.84
1038.79
1036.88
1055.96
1064.06
1056.91
25187.97
1070.98
1071.93
1061.20
1060.01
1070.02
1073.84
25187.97
1104.12
1088.14
1086.00
1080.04
1084.80
1092.91
25156.97
1117.94
1102.92
1100.78
1092.91
1093.86
1092.91
25166.03
1124.86
1103.88
1095.06
1086.00
1112.94
1104.12
1106.02
25192.02
1101.02
1089.10
1068.12
1093.15
1092.91
1095.77
21157.98
1068.12
1060.01
1080.04
1066.92
1060.96
1064.06
25129.08
1092.91
1069.07
1070.98
1079.08
1075.03
1065.02
1070.02
25171.04
1083.14
1075.03
1090.05
1072.17
1075.98
1089.10
25192.02
1101.02
1079.08
1080.99
1091.96
1096.01
1094.10
25162.94
1080.99
1058.10
1055.00
1054.05
1090.05
1071.93
1065.02
25156.97
1075.03
1068.83
1065.02
1058.82
1062.87
1060.96
25171.04
1077.18
1060.96
1055.00
1067.88
1055.96
1048.09
25115.01
1071.93
1044.99
1037.84
1024.01
1024.01
1032.11
1034.98
25116.92
1068.12
1044.03
1036.17
1028.06
1065.97
1066.92
25111.20
1116.99
1036.88
1037.12
1037.12
1119.14
1105.07
1106.02
25195.12
1088.14
1070.98
1092.20
1085.04
1075.98
1068.12
25110.01
1086.95
1055.96
1059.77
1061.92
1053.81
1051.90
1047.13
25158.17
1065.02
1055.00
1055.96
1050.00
1045.94
1045.94
25100.95
1064.06
1036.88
1031.16
1042.84
1034.98
1032.11
1028.06
25141.00
1043.80
1039.03
1051.90
1039.98
1039.03
1039.98
25100.95
1072.88
1057.86
1058.10
1069.07
1056.91
1062.87
1060.96
25166.99
1068.83
1059.06
1077.89
1065.02
1062.87
1077.89
25137.90
1115.80
1085.04
1081.94
1091.00
1086.00
1089.10
25156.97
1130.82
1097.92
1100.78
1116.99
1086.95
1105.07
1108.88
25228.02
1116.04
1106.98
1118.90
1109.12
1104.12
1109.12
25219.92
1116.99
1106.02
1114.13
1108.88
1108.88
1108.88
25216.82
1119.85
1108.88
1114.85
1110.08
1107.93
1104.12
25212.05
1122.95
1112.94
1118.90
1109.84
1107.93
1106.02
25197.98
1127.96
1108.88
1115.08
1111.03
1107.22
1106.02
25172.95
1144.89
1111.03
1111.98
1124.14
1111.98
1108.17
25170.09
1143.93
1119.85
1108.17
1117.94
1110.79
1109.84
25173.90
1143.93
1112.94
1111.98
1122.95
1108.88
1104.83
25173.90
1147.99
1114.85
1111.03
1115.08
1113.89
1105.07
25160.07
1151.08
1110.08
1111.03
1114.13
1106.02
1103.16
1105.07
25210.14
1115.08
1110.08
1116.04
1111.98
1102.92
1106.98
25222.06
1116.04
1107.93
1121.04
1106.98
1106.98
1109.12
25217.06
1116.99
1106.98
1116.99
1108.17
1107.93
1105.07
25215.86
1121.04
1110.08
1116.04
1111.98
1102.92
1106.98
25202.99
1125.10
1106.98
1111.98
1107.93
1102.92
1108.17
25174.86
1141.07
1111.03
1106.02
1122.00
1105.07
1103.88
25169.13
1142.02
1109.84
1109.12
1115.08
1106.02
1106.02
25174.86
1144.89
1116.04
1101.97
1115.08
1107.93
1107.93
25172.00
1149.89
1113.89
1107.93
1120.09
1110.08
1106.98
25145.05
1176.83
1112.94
1113.18
1118.90
1107.93
1102.92
1106.98
25216.82
1116.99
1112.94
1112.94
1111.03
1105.07
1103.16
25218.01
1113.18
1109.12
1113.89
1104.83
1106.02
1101.97
25220.16
1119.14
1111.03
1114.13
1103.88
1105.07
1107.93
25216.10
1121.04
1109.12
1116.99
1110.08
1106.98
1105.07
25182.01
1131.06
1104.12
1110.08
1106.02
1105.07
1105.07
25165.08
1140.83
1111.98
1104.12
1116.99
1110.08
1109.12
25172.00
1144.89
1111.98
1112.94
17202.14
1065.02
1054.05
1048.80
1060.01
1072.88
1068.83
25152.92
1082.90
1037.12
1040.94
1030.92
1090.05
1096.01
1101.97
25167.94
1051.90
1039.03
1041.89
1080.04
1080.04
1081.23
25184.87
1076.94
1065.97
1060.96
1091.96
1080.99
1076.94
25133.13
1127.00
1092.91
1083.14
1085.04
1063.11
1057.15
1048.09
25213.00
1105.79
1095.06
1067.88
1051.90
1044.99
1044.99
25144.82
1088.86
1065.02
1062.87
1039.03
1032.11
1029.97
25063.04
1116.99
1052.14
1039.03
1029.01
1024.01
1029.01
1034.98
25120.02
1111.98
1074.08
1069.07
1072.17
1037.12
1035.93
1031.88
25198.94
1086.00
1088.86
1082.90
1037.12
1029.97
1029.01
25146.96
1119.14
1107.93
1116.99
1027.11
1029.97
1032.83
25102.85
1089.81
1054.05
1043.08
1039.98
1026.15
1029.01
1030.21
25146.96
1091.00
1066.92
1074.08
1036.88
1030.92
1022.82
25084.97
1134.16
1086.95
1073.84
1061.92
1024.01
1035.93
1036.17
25172.95
1065.02
1044.99
1052.14
1044.99
1066.21
1076.94
25135.99
1096.01
1065.02
1059.06
1045.94
1099.82
1108.88
1101.97
25198.94
1077.89
1056.91
1058.10
1080.99
1080.99
1076.94
21165.13
1065.02
1052.86
1048.09
1055.00
1049.04
1050.95
25094.99
1086.00
1053.09
1050.95
1057.86
1050.00
1047.85
1047.85
25121.93
1065.97
1044.03
1044.03
1053.81
1050.00
1039.98
1042.13
1119.14
1046.18
1039.03
1044.99
1039.03
1037.84
1040.94
25103.09
1062.15
1044.03
1039.03
1052.14
1030.92
1037.84
1039.98
25162.94
1059.06
1044.99
1049.04
1044.03
1043.08
1040.94
25102.14
1069.07
1047.13
1040.94
1044.03
1040.94
1044.99
1037.12
25157.93
1044.99
1039.03
1050.00
1042.84
1037.84
1045.94
25111.20
1074.08
1055.00
1055.00
1059.06
1053.09
1055.00
1050.95
25174.86
1065.02
1063.11
1051.90
1050.95
1054.05
1057.15
25120.02
1089.10
1058.10
1055.00
1072.88
1062.15
1059.06
1063.11
25173.90
1072.88
1059.77
1062.87
1055.00
1053.09
1070.02
21122.22
1136.06
1107.93
1104.83
1114.13
1111.03
1105.07
25177.96
1149.89
1113.89
1106.98
1116.04
1111.03
1106.02
25168.90
1147.99
1110.08
1106.98
1117.94
1106.98
1105.07
25141.00
1174.93
1114.13
1110.08
1116.99
1108.88
1108.17
1108.88
25213.00
1120.09
1113.18
1112.94
1109.84
1102.92
1104.12
25219.92
1116.04
1112.94
1114.85
1111.03
1110.08
1111.03
25223.02
1120.09
1114.13
1120.09
1110.08
1106.98
1111.03
25222.06
1122.95
1111.03
1115.08
1108.17
1111.03
1108.17
25216.10
1126.05
1116.04
1118.18
1106.02
1106.98
1104.83
25177.96
1137.02
1111.03
1114.85
1111.98
1107.93
1107.93
25181.06
1140.12
1111.98
1108.17
1120.09
1111.98
1108.17
25172.95
1144.89
1111.98
1106.98
1113.18
1107.93
1106.02
25166.03
1148.94
1116.04
1110.08
1121.04
1111.03
1105.07
25160.07
1152.04
1114.85
1108.88
1116.04
1113.89
1109.12
25123.12
1190.19
1120.09
1113.89
1116.04
1109.84
1107.93
1105.07
25222.06
1119.85
1112.94
1114.13
1111.98
1108.17
1106.98
25222.78
1122.00
1112.94
1116.99
1108.88
1106.98
1106.98
25218.96
1122.95
1111.03
1114.85
1107.93
1106.98
1102.92
25220.16
1122.00
1112.94
1116.04
1109.12
1106.98
1104.83
25205.85
1126.05
1107.93
25154.11
1082.90
1039.98
1043.80
1046.90
1097.92
1089.10
1101.02
25186.06
1047.13
1024.96
1019.95
1040.94
1045.94
1044.03
25110.01
1109.12
1076.94
1088.86
1098.87
1092.20
1106.02
1101.97
25207.04
1103.88
1102.92
1091.00
1086.00
1075.98
1070.02
25158.88
1068.12
1044.03
1033.07
1029.01
1028.06
1026.15
25063.99
1111.03
1071.93
1079.80
1091.00
1091.96
1088.86
1084.80
25224.92
1119.14
1096.01
1100.06
1091.00
1078.84
1080.99
25144.10
1073.12
1048.09
1040.94
1034.98
1019.95
1016.86
1031.16
25149.11
1063.11
1066.92
1090.05
1083.14
1084.09
1083.14
25188.92
1111.03
1104.12
1117.94
1108.88
1093.86
1093.86
25144.10
1113.89
1079.08
1068.83
1065.97
1048.09
1044.03
1031.16
1098.87
1035.93
1024.96
1050.00
1055.00
1054.05
1074.08
25142.91
1112.94
1096.01
1078.84
1096.01
1106.02
1109.12
25171.04
1151.08
1113.89
1100.06
1110.08
1102.92
1093.15
21150.11
1114.13
1073.84
1072.88
1047.85
1082.90
1080.99
1086.00
25216.10
1100.06
1086.24
1076.94
1114.13
1098.16
1106.02
25208.95
1082.90
1091.00
1076.94
1099.11
1096.01
1091.96
25156.02
1098.16
1070.98
1058.82
1067.88
1049.04
1041.89
1035.93
25186.06
1084.80
1078.84
1070.02
1020.91
1039.98
1050.00
25138.85
1118.90
1092.20
1090.05
1069.07
1091.00
1103.16
25175.09
1121.04
1086.00
1080.99
1080.99
1074.08
1056.19
1048.09
25191.07
1104.12
1093.86
1072.88
1040.94
1028.06
1022.10
25117.16
1108.17
1061.92
1062.87
1007.80
1049.04
1071.93
25115.97
1127.00
1070.02
1070.02
1063.11
1066.92
1066.92
1044.99
25173.90
1066.92
1049.04
1046.18
1013.04
1024.01
1042.13
25102.14
1075.03
1034.02
1024.01
1024.01
1088.14
1080.04
1074.08
25175.09
1053.09
1023.05
1021.15
1032.11
1019.95
1021.15
1019.00
25161.03
1047.85
1050.00
1042.84
1065.97
1077.18
1084.09
25181.06
1075.98
1053.81
1052.86
1072.88
1050.00
1043.08
25073.05
1137.97
1080.04
1089.10
1070.98
1016.14
1017.09
1018.05
25135.04
1070.02
1061.20
1058.10
1013.04
1063.11
1067.88
21131.99
1134.16
1089.10
1090.05
1096.01
1085.04
1087.90
1085.04
25196.08
1099.11
1087.90
1100.06
1092.20
1086.00
1086.95
25186.06
1106.98
1091.96
1086.00
1083.85
1075.98
1080.04
25135.04
1106.98
1082.90
1067.88
1079.80
1073.84
1067.88
25105.00
1120.09
1078.13
1065.02
1048.09
1053.09
1065.97
1077.89
25190.83
1059.06
1045.94
1046.90
1062.15
1039.98
1041.17
25088.07
1077.89
1043.80
1036.88
1049.04
1034.98
1033.07
1030.92
25095.94
1055.00
1034.98
1034.98
1051.90
1032.83
1034.98
1022.10
25141.95
1044.99
1029.01
1039.03
1038.07
1041.89
1042.13
25107.15
1070.98
1055.00
1050.00
1080.04
1052.14
1058.10
1046.90
25166.99
1065.97
1056.91
1060.96
1057.86
1061.92
1053.09
25120.97
1092.20
1069.07
1057.86
1070.98
1059.06
1067.16
1060.96
25177.00
1083.14
1091.00
1090.05
1084.09
1083.14
1081.94
25189.16
1100.06
1098.16
1111.03
1101.97
1098.87
1091.96
25159.12
1137.97
1103.88
1098.87
1106.98
1102.92
1098.87
25162.94
1138.21
1109.84
1101.97
1114.13
1101.97
1099.82
25162.94
1138.93
1109.12
1104.12
1112.94
1103.88
1101.02
25135.99
1168.01
1106.02
1102.92
1109.12
1104.12
1101.97
1103.16
25218.01
1115.08
1102.92
1107.93
1104.83
1101.97
1101.02
25212.05
1111.03
1108.17
1113.89
1106.02
1098.87
1098.87
25206.80
1117.94
1106.02
1111.03
1106.02
1104.12
1106.02
25185.11
1122.00
1096.01
1118.90
1106.02
1099.82
1100.06
25163.89
1137.97
1106.02
1099.82
1112.94
1102.92
1102.92
25161.98
1141.07
1106.98
1104.12
1111.98
1100.78
1100.06
25157.93
1147.03
1102.92
1103.16
1115.08
1104.12
1101.02
1102.21
25205.85
1112.94
1101.97
1108.88
1099.82
1102.92
1103.88
25221.11
1115.08
1103.16
1114.13
1106.98
1105.07
1101.97
25220.87
1117.94
1110.08
1106.02
1109.12
1103.16
1103.88
25211.81
1117.94
1099.82
1106.98
1102.92
1101.02
1101.97
25165.08
1136.06
1109.12
1107.93
1119.85
1103.88
1098.16
25156.02
1143.93
1110.08
1101.97
1113.18
1106.02
1101.97
25164.13
1136.06
1104.12
1105.07
1111.03
1106.98
1101.02
25141.95
1159.91
1107.22
1105.07
1111.03
1107.93
1102.92
1099.11
25217.06
1116.04
1104.83
1116.04
1106.98
1105.07
1101.02
25218.01
1112.94
1102.21
1114.85
1101.02
1101.97
1103.16
25203.94
1116.04
1106.98
1114.13
1103.88
1106.02
1101.97
25196.08
1122.00
1107.93
1106.98
1110.08
1105.79
1104.83
25168.90
1135.83
1102.92
1107.93
1117.94
1101.02
1101.97
25165.08
1141.07
1112.22
1101.97
1111.03
1101.02
1102.92
25161.98
1146.08
1103.16
1106.98
1109.12
1101.02
1103.16
25141.00
1170.16
1104.12
1101.02
1108.17
1102.92
1099.11
1104.12
25214.91
1111.03
1106.02
1115.08
1101.02
1099.82
1101.97
25210.14
1115.08
1101.97
1109.12
1102.92
1099.82
1103.88
25209.90
1116.99
1108.88
1110.79
1101.97
1099.11
1100.06
25164.13
1137.02
1101.02
1105.07
1112.94
1106.02
1102.92
25168.18
1129.15
1104.12
1101.97
17200.23
1088.86
1082.90
1083.85
1060.96
1091.00
1078.13
25192.02
1117.94
1098.16
1099.82
1050.95
1074.08
1072.88
25149.11
1099.82
1053.81
1043.08
1035.93
1107.93
1102.92
1110.79
25148.87
1032.83
1028.06
1038.07
1070.98
1069.78
1065.02
25144.10
1116.04
1091.96
1085.04
1065.02
1056.91
1055.00
25100.95
1111.03
1058.10
1050.95
1035.93
1034.02
1034.98
1043.80
25112.87
1088.86
1055.00
1053.09
1046.90
1071.93
1071.21
25141.00
1137.97
1096.96
1102.92
1091.96
1077.18
1091.96
1080.04
25210.14
1083.14
1070.02
1062.15
1059.06
1083.14
1071.93
25166.99
1055.00
1024.01
1016.86
1057.86
1086.00
1081.94
25159.12
1096.96
1057.15
1058.10
1062.15
1081.94
1093.86
1094.10
25206.09
1106.02
1096.96
1097.92
1057.86
1073.84
1080.04
25157.93
1105.79
1060.96
1050.00
1062.87
1107.93
1111.98
25174.86
1095.06
1040.94
1027.82
1043.80
1087.90
1089.81
1091.00
25170.09
1053.09
1050.00
1052.14
1041.17
1044.99
1046.18
25122.88
1136.06
1103.88
1086.95
1070.02
1055.00
1055.00
1048.09
25150.06
1042.13
1022.10
1024.01
1041.17
1040.94
1042.84
21111.97
1059.06
1030.92
1028.06
1049.04
1053.81
1050.95
1056.19
25186.06
1090.05
1084.09
1090.05
1091.96
1101.02
1106.02
25221.11
1126.05
1097.20
1096.01
1091.00
1077.18
1079.08
25121.93
1091.96
1049.04
1043.08
1039.03
1021.86
1021.15
1034.02
25150.06
1059.06
1060.01
1076.94
1076.22
1081.94
1088.14
25151.97
1126.05
1106.02
1110.08
1126.05
1106.02
1089.10
25158.17
1130.10
1092.91
1078.84
1089.81
1070.02
1055.00
1045.94
25140.05
1049.04
1017.81
1024.01
1032.11
1044.03
1044.03
25115.97
1100.06
1079.08
1086.95
1091.96
1097.20
1090.05
25156.97
1153.95
1111.98
1106.02
1106.02
1096.01
1091.00
1083.85
25177.96
1071.93
1057.86
1056.91
1043.08
1034.02
1016.86
25094.99
1053.09
1048.09
1043.08
1074.08
1070.98
1076.94
1081.94
21184.92
1104.83
1102.92
1115.08
1108.17
1097.92
1096.96
25202.99
1096.01
1077.89
1088.86
1071.93
1060.96
1047.85
25110.01
1060.96
1019.95
1016.14
1044.99
1041.17
1051.90
1046.18
25180.10
1086.95
1083.14
1099.11
1088.14
1096.96
1101.97
25218.96
1117.94
1094.82
1097.92
1092.91
1086.00
1078.13
25138.14
1086.00
1047.85
1040.94
1045.94
1028.06
1018.05
1022.10
25142.91
1049.04
1055.96
1070.98
1082.90
1075.98
1083.14
25154.11
1114.13
1101.02
1102.92
1111.03
1095.06
1088.14
25147.91
1112.94
1091.00
1070.02
1076.94
1054.05
1046.90
1039.03
25141.95
1041.17
1021.86
1029.97
1046.90
1036.88
1056.91
25124.07
1101.02
1081.94
1080.04
1092.91
1088.86
1104.83
25139.81
1178.03
1116.04
1115.08
1119.14
1113.89
1107.93
1104.12
25197.98
1106.02
1090.05
1086.00
1077.89
1063.11
1051.19
25153.88
1055.00
1040.94
1019.00
1034.98
1025.92
1038.07
25089.98
1122.00
1088.14
1080.04
1091.00
1093.86
1098.87
1106.98
25212.05
1103.16
1087.90
1092.91
1079.80
1067.88
1051.90
25106.19
1070.98
1029.97
1022.10
1039.03
1024.01
1042.13
1050.00
25180.82
1078.84
1078.84
1103.88
1106.98
1110.08
1107.93
25224.92
1124.14
1110.08
1120.09
1108.88
1107.93
