995.87
988.01
976.09
983.00
962.97
992.06
1107.93
25089.98
1017.09
987.05
984.19
985.86
968.93
962.02
1008.99
25105.95
1036.88
1023.05
1024.01
1026.15
1024.96
1024.01
1019.95
25118.11
1047.13
1019.00
1040.22
1014.95
1032.83
1024.01
25065.90
1065.97
1035.21
1015.90
1030.92
1027.11
1032.11
1013.99
25116.92
1043.08
1030.92
1055.00
1051.19
1040.94
1036.17
1019.00
25118.11
1048.09
1029.01
1021.15
1021.15
1020.91
1013.99
25046.11
1078.13
1033.07
1014.95
1036.88
1015.90
1023.05
1009.94
25111.20
1050.00
1024.01
1011.85
1039.03
1029.01
1012.09
1008.03
25103.09
1022.10
1007.08
1013.04
1013.99
1014.95
1010.89
1003.03
25089.98
1034.02
1008.03
1008.99
1006.13
1002.07
1003.98
25040.86
1071.93
1031.16
1023.05
1022.10
1016.14
1023.05
1008.03
25061.13
1057.86
1010.18
1008.03
1011.13
1004.93
1007.08
1020.91
25109.05
1034.02
1008.99
995.87
1001.12
993.01
1003.03
993.01
25083.07
993.97
973.94
984.91
980.14
965.12
968.93
965.83
25115.01
1040.94
1019.95
1517.06
1016.14
1001.12
1009.94
25050.88
1029.01
927.93
1046.90
1106.02
988.01
986.10
972.99
25103.81
1042.84
1060.96
1038.07
996.11
967.98
924.11
1009.94
25146.01
1040.94
1034.02
1028.06
1000.17
1000.88
1003.98
991.11
25132.89
1044.03
1028.06
1019.95
965.83
969.89
977.04
25016.07
1075.03
1027.82
1016.86
1014.95
996.11
1009.94
1008.99
25048.97
1059.06
1031.88
1008.99
996.11
999.93
1012.09
996.83
25077.82
1020.91
988.01
994.92
989.91
988.96
980.14
981.09
25089.98
1003.03
974.89
979.90
971.79
972.99
962.02
967.98
25052.07
1023.05
977.04
971.08
980.14
970.13
967.03
969.17
25023.94
1037.84
988.01
987.05
1000.17
979.90
985.86
980.85
25022.03
1034.98
989.91
969.89
974.18
962.97
956.06
960.83
24985.07
1008.99
949.14
937.94
952.01
957.97
965.12
967.03
962.02
25059.94
993.97
971.08
981.09
988.01
988.96
992.06
993.01
25087.12
1003.03
1001.83
1003.03
998.02
1008.03
999.21
25048.02
1057.15
1017.09
1014.95
1020.91
1010.89
1012.09
1016.14
25046.11
1065.02
1022.82
1020.91
1026.15
1027.11
1098.87
1005.89
25112.87
1024.01
1026.15
1020.91
1009.94
1010.18
1007.08
997.07
25115.01
1020.19
1015.90
993.97
1020.91
1005.89
1003.03
25038.96
1070.02
1008.99
1011.85
1008.99
1017.09
1012.09
1009.94
25052.07
1065.02
1020.91
1013.99
1019.00
1017.09
1012.09
1017.09
25084.02
1046.18
1013.99
1006.84
1021.86
1000.17
994.92
1000.88
25115.01
1034.98
995.16
993.97
989.91
979.19
984.91
968.93
25081.16
993.97
968.93
959.16
973.94
958.92
954.15
956.06
25053.98
978.95
979.19
956.06
959.87
948.91
955.82
941.99
29016.97
1008.99
973.94
951.05
951.05
1001.12
998.02
1003.03
25027.99
1034.98
978.95
965.12
962.97
979.90
976.80
972.99
25018.93
1044.99
992.06
989.91
994.21
964.88
972.03
967.98
24998.90
1063.82
1019.00
1006.13
1013.04
981.09
963.93
972.99
25007.96
1052.86
1004.93
993.01
997.07
972.03
978.95
969.89
25007.01
1032.11
985.15
963.93
957.01
982.05
992.06
995.16
25017.02
1019.95
961.07
957.97
963.93
957.97
961.07
965.12
993.01
25142.91
972.99
958.20
958.92
965.83
965.83
971.08
963.93
25067.81
977.99
969.17
968.93
977.04
969.89
961.07
973.94
25077.82
999.93
985.15
990.15
1009.94
995.16
993.97
987.05
25099.99
1019.95
1005.89
1008.99
1018.05
1013.99
1012.80
1013.99
25099.04
1029.01
1013.04
1019.00
1030.92
1008.99
1010.18
25043.96
1071.21
1019.00
1022.10
1021.15
1016.14
1004.93
1025.92
25076.15
1036.17
1010.89
1006.84
1015.90
1006.13
1003.98
1004.93
25112.15
1019.95
1011.85
1004.93
1039.03
1034.98
1013.99
1008.03
25106.91
1029.97
1016.14
1020.91
1019.00
1007.08
1009.94
25039.91
1067.88
1008.99
1008.99
1010.89
1008.99
1004.93
991.11
29043.20
1066.92
1013.04
995.87
988.96
995.16
1002.07
992.06
25029.18
1039.98
1011.13
1000.17
1000.88
993.97
990.15
999.93
25102.85
1019.95
1521.11
1001.12
990.15
990.87
999.93
25020.12
1036.88
989.91
977.99
991.82
982.05
970.13
964.88
25006.06
1039.03
983.00
972.99
981.09
950.10
986.10
1013.99
25039.20
1071.93
1024.01
1039.03
1147.03
1030.92
1024.01
1034.02
21106.96
1036.88
1008.99
1015.90
1013.04
1034.98
1031.88
1034.98
17123.94
1029.97
997.07
976.09
982.05
988.01
993.97
1007.08
25055.89
957.97
946.04
958.92
987.05
955.10
956.06
950.81
29053.93
985.15
972.03
970.13
972.03
991.82
991.82
995.87
21101.00
993.01
977.04
972.99
980.14
972.03
971.08
971.08
25062.08
1000.17
968.93
965.83
979.90
974.18
960.11
963.93
25012.02
1008.99
966.07
965.83
964.16
966.07
969.89
956.06
24995.09
1015.19
972.99
964.16
963.93
960.83
959.87
957.97
24981.98
1021.86
972.03
959.87
959.87
969.89
959.16
952.96
957.01
25084.02
1004.93
972.99
968.93
961.07
957.01
949.14
952.96
25062.08
991.11
976.09
973.94
984.91
955.10
959.16
959.87
25083.07
1028.06
1008.03
1004.93
993.01
944.85
948.19
954.87
25058.98
975.85
954.87
947.24
954.87
956.06
964.88
969.89
25019.88
1057.86
1014.95
1002.07
998.02
965.12
960.11
960.83
24993.90
1044.03
1007.08
1001.12
1003.98
998.97
1006.13
998.97
29060.13
1080.04
1028.06
1013.04
1023.05
1003.03
995.87
990.87
25113.11
1044.99
1035.93
1030.21
1014.95
999.93
998.97
985.86
25131.94
1049.04
1038.79
1039.98
1033.07
1030.92
1032.83
25071.86
1086.00
1042.13
1037.12
1045.94
1042.13
1039.03
1036.17
25130.99
1055.96
1039.03
1032.83
1042.84
1034.98
1034.98
25065.90
1096.01
1041.89
1041.89
1041.89
1037.12
1034.02
1031.88
25097.13
1070.02
1041.17
1038.07
1044.03
1034.98
1036.88
1031.88
25140.05
1050.00
1039.03
1041.89
1034.98
1039.03
1034.02
25075.91
1083.14
1041.17
1035.93
1039.98
1036.88
1034.98
1033.07
25140.05
1052.14
1039.98
1034.02
1044.03
1034.02
1036.17
25067.09
1096.01
1042.13
1037.12
1043.08
1033.07
1034.02
1034.02
25087.12
1078.13
1044.03
1034.02
1041.17
1029.97
1033.07
1026.87
25107.15
998.02
984.91
979.19
1025.92
1026.87
1021.86
1030.92
25092.84
988.01
981.09
16995.91
1067.88
1008.99
1013.04
1013.04
1006.84
1011.85
1003.98
25041.10
1053.09
1010.18
1001.12
1015.90
1013.04
1013.04
1012.09
25034.90
1050.95
1013.99
998.02
1004.93
999.93
998.02
999.93
25081.16
1028.06
1006.13
998.02
1004.93
1001.83
1000.88
998.97
25098.09
1024.01
1001.83
989.91
1003.03
992.06
993.97
987.05
25094.99
1008.99
989.91
989.20
993.97
990.15
988.01
986.81
25096.89
1010.89
1005.89
995.16
977.04
977.99
975.85
972.99
25098.09
1004.93
990.87
983.00
962.97
967.98
972.03
967.98
25110.01
1007.08
982.05
983.00
946.04
977.99
994.92
995.87
25120.97
1008.99
998.02
989.91
972.99
999.93
999.21
997.07
25121.93
1020.91
1007.08
1000.88
993.01
992.06
993.01
25022.03
1091.00
1014.95
1008.03
998.97
970.84
993.01
977.99
25013.21
1027.11
979.90
976.09
977.04
972.03
972.99
968.93
24986.98
1043.08
988.01
982.05
975.85
981.09
969.17
967.98
971.79
25069.95
986.10
975.13
971.08
978.95
972.03
966.07
965.12
25079.01
986.81
969.89
968.22
979.90
965.83
972.99
967.98
25073.05
994.92
983.00
972.99
984.91
975.13
977.04
979.90
25094.03
1005.89
983.95
978.95
985.86
981.81
977.04
981.09
25098.09
1003.98
995.87
984.19
991.11
982.05
983.95
984.91
25091.89
1008.99
994.92
989.91
998.02
993.01
987.05
992.06
25105.95
1013.99
995.16
993.01
997.07
997.78
993.01
988.96
25099.99
1022.10
1008.03
1007.08
1002.07
1003.03
997.07
25029.90
1051.90
1008.03
1011.85
1003.98
1002.07
1004.93
1005.89
25038.96
1056.19
1008.99
998.02
1006.84
1003.98
998.02
1003.03
25031.09
1048.80
998.97
991.11
1003.98
995.87
995.87
990.87
25030.85
1035.93
999.21
988.01
998.97
988.01
988.96
988.96
25038.00
1021.86
991.82
988.01
992.06
988.96
979.90
988.01
25030.85
1015.90
979.90
981.09
979.19
983.95
976.80
979.90
25029.90
1032.83
979.90
976.09
966.07
974.18
965.12
971.08
21018.03
1016.86
977.99
964.88
972.99
970.13
972.03
971.08
25005.10
1027.11
974.18
971.08
967.03
971.08
967.03
967.03
24990.08
1035.93
971.08
968.93
967.03
978.95
972.99
972.99
967.03
25069.00
992.06
969.89
975.13
972.03
967.03
962.02
960.11
25080.92
989.91
972.99
975.13
986.10
971.08
972.03
966.79
29083.01
998.02
990.87
975.85
958.92
969.17
970.13
979.90
25112.87
1021.86
998.97
986.10
962.02
980.85
980.85
988.96
25135.04
1027.82
1014.95
1006.13
950.10
991.82
982.05
993.01
25105.00
1003.98
988.01
985.15
953.91
990.87
995.87
988.01
25091.89
989.91
978.95
975.85
953.91
988.96
1001.83
990.87
25107.86
995.87
983.95
977.99
950.81
997.07
991.11
993.01
25107.15
1010.89
997.07
993.01
959.16
981.09
987.05
983.00
25118.83
1029.97
1019.95
1008.03
968.93
972.03
987.05
982.05
25121.93
1030.92
1021.86
9051.80
1036.88
998.02
988.01
995.16
983.00
985.86
977.99
25013.92
1035.93
1007.80
992.06
993.97
979.19
986.10
978.95
25022.98
1039.98
995.87
980.85
999.93
983.00
983.00
979.19
25016.07
1031.88
1005.17
991.11
991.11
983.95
983.00
983.95
25023.94
1033.78
1004.93
989.91
991.11
981.09
983.00
976.80
25018.93
1039.98
1003.03
987.05
990.15
987.05
992.06
982.05
25022.98
1056.19
1005.89
988.96
979.19
992.06
993.97
997.07
25041.82
1038.07
993.97
979.19
977.04
1015.19
1004.93
1003.98
25053.98
1029.01
981.81
970.84
967.03
1021.15
1007.08
1001.83
25053.98
1027.82
981.81
978.95
977.99
1002.07
994.92
1005.89
25069.00
1021.15
978.95
978.95
980.14
1002.07
989.91
994.92
25063.04
1020.91
993.01
985.86
987.05
1002.07
1008.03
996.11
25105.00
1029.01
998.02
1001.12
988.01
1001.83
1019.00
1013.04
25115.97
1022.10
1008.99
1001.12
980.14
996.11
999.93
994.92
25113.11
1012.09
993.01
992.06
987.05
998.02
993.01
992.77
25084.02
991.11
970.13
969.89
980.85
988.96
999.21
978.95
25083.78
988.96
970.84
970.84
990.87
993.01
1003.98
997.07
25100.95
1017.09
997.07
1006.13
998.02
991.11
982.05
24983.88
1059.06
990.15
964.88
957.97
959.87
958.92
958.20
957.01
25080.92
973.94
957.97
951.05
967.03
947.95
954.15
961.07
25070.91
982.05
972.03
961.07
977.04
972.99
971.08
963.93
21173.95
1002.07
983.00
973.94
957.01
973.94
978.95
982.05
25110.01
1003.03
979.90
971.08
950.10
984.19
1003.03
993.97
25128.84
1000.88
981.81
982.05
979.90
1014.95
1019.00
1008.99
25113.11
1014.95
990.87
986.81
1004.93
1011.13
996.11
993.01
25118.11
1018.05
1015.19
1008.03
1001.12
998.97
999.93
25009.16
1039.98
984.91
977.04
976.80
967.03
963.93
957.01
958.92
25077.82
987.05
978.95
969.89
1022.82
1026.87
1009.94
1013.04
25069.00
990.87
977.99
988.96
1022.82
1008.99
1014.95
25046.83
1026.87
975.85
987.05
978.95
1016.86
1009.94
1013.99
25056.12
1026.87
970.13
967.98
969.89
1011.13
1016.14
1018.05
25053.98
1019.00
965.12
968.93
953.91
1013.04
1010.89
1015.19
25059.94
1031.88
972.03
967.03
954.15
1012.09
1008.99
1010.18
25063.04
1029.97
978.95
973.94
962.02
1009.94
1019.95
1004.93
25053.02
1029.97
991.82
977.99
977.99
990.87
989.91
993.01
25041.82
1045.94
1005.89
1004.93
1006.13
991.11
987.05
985.15
25039.91
1055.96
1016.14
1019.00
1001.12
988.96
998.02
992.06
25087.12
1030.92
1013.04
1014.95
1011.85
1012.80
1009.94
1007.08
25109.05
1017.81
988.96
995.87
1020.91
1006.13
1018.05
1022.10
25117.16
1029.01
1003.98
1000.88
1011.85
1008.99
1007.08
25041.10
1079.08
1046.18
1029.01
1025.20
1023.05
1004.93
994.92
25045.16
1072.88
1033.07
1024.01
1006.13
1011.13
1018.05
1017.09
25125.03
1044.99
1024.01
1021.15
995.16
1002.07
999.93
1013.99
25136.95
1041.89
1031.16
1027.11
997.07
997.07
1008.99
25048.02
1090.05
1039.98
1032.83
1011.85
1004.93
1008.99
1013.99
25067.09
1062.15
1019.00
1011.13
1002.07
1000.17
997.07
1000.17
25111.91
1016.86
989.91
974.18
957.01
1000.17
998.97
1013.04
29123.07
1021.15
1013.99
1014.95
1022.10
1013.99
1013.99
1010.89
25114.77
1027.11
1017.09
1017.09
1015.90
1013.99
1014.95
25048.97
1073.12
1023.05
1018.05
1023.05
1018.05
1013.04
1010.18
25062.08
1063.11
1022.10
1017.09
1023.05
1010.89
1015.90
1008.99
25116.92
1035.93
1017.81
1013.99
1024.01
1009.23
1013.99
1011.13
25115.97
1031.88
1016.14
1019.95
1013.04
1015.90
1015.90
25049.21
1086.00
1021.86
1008.99
1025.92
1011.85
1008.03
1017.09
25053.98
1034.02
982.05
981.09
983.00
997.07
1000.17
988.01
23086.07
1048.09
1000.17
983.95
978.95
972.99
972.99
962.97
962.97
963.93
32994.03
1079.08
1032.11
1024.01
13121.13
985.15
958.92
955.10
961.07
1019.00
1010.89
1001.83
25096.89
1006.84
984.91
986.10
994.21
984.91
983.00
981.09
25078.06
1005.17
992.06
988.01
989.20
966.07
968.93
963.93
25061.13
1013.04
983.95
976.09
983.95
969.17
971.08
967.03
25021.08
1040.94
997.07
988.01
982.05
967.98
969.89
969.17
25021.08
1067.88
1005.89
1004.93
1005.17
1003.98
994.92
987.05
25090.22
1043.08
1008.99
1012.09
1023.05
1024.01
1027.82
1019.00
25120.02
1024.96
1005.17
1003.03
1013.04
1023.05
1008.99
1010.89
25059.94
982.05
969.89
971.08
981.09
969.17
976.09
968.93
25081.87
987.05
977.04
977.04
984.19
968.93
972.99
967.98
25081.16
993.01
976.80
973.94
983.00
977.99
972.99
973.94
25114.06
1021.86
1009.94
1006.13
1002.07
993.01
991.11
988.01
29110.91
1024.01
1013.99
1023.05
1008.99
1000.88
1014.95
25038.96
1055.00
1019.00
1009.94
1008.03
1010.18
998.97
1010.18
25045.16
1064.06
1019.95
1014.23
1012.09
1004.93
998.97
999.93
25093.79
1022.10
1003.03
1007.08
1008.03
1003.98
1008.99
994.92
25115.97
1021.15
1017.09
1004.93
1029.97
1039.03
1034.02
1030.92
25102.14
1026.15
1007.08
1007.08
998.02
1013.04
1000.88
25041.10
1093.86
1025.92
1011.13
1006.13
972.99
972.03
972.03
25009.87
1037.84
996.83
988.01
977.04
975.13
972.03
974.18
25010.11
1030.92
977.99
967.03
959.87
970.13
967.03
972.99
24981.02
1039.98
967.98
966.07
963.93
984.91
982.05
988.96
980.14
25095.94
1003.03
989.91
993.97
981.81
988.01
984.91
976.09
25105.95
1028.06
1006.84
1009.94
971.08
975.13
973.94
967.03
21118.88
1019.00
1006.13
1017.09
1008.99
1005.17
1009.94
25048.02
1089.10
1013.04
1011.85
1012.80
1016.86
1008.03
999.93
25070.91
1027.82
995.87
993.97
993.97
975.85
971.79
968.93
25008.92
1012.09
963.93
963.93
965.12
957.97
949.86
952.96
24990.08
1016.14
967.98
968.93
986.10
976.09
984.19
978.95
25017.98
1055.00
1009.94
992.77
1010.89
999.93
995.16
1036.88
33071.99
1060.01
1008.03
1003.03
1012.09
1006.13
998.02
1008.99
25046.83
1044.99
1016.14
1008.03
1017.09
1005.17
1004.93
998.02
25115.97
1017.09
1013.99
996.83
1010.89
1001.83
999.93
1013.04
25107.15
1020.19
1005.89
1003.98
1016.14
1003.98
997.78
1003.03
25104.05
1018.05
1003.98
1009.94
1000.88
1001.83
1001.83
25037.05
1060.01
1020.91
995.16
1011.13
1008.03
998.02
1002.07
25046.83
1050.00
1021.15
1002.07
1004.93
1008.99
1003.03
997.78
25038.96
1048.09
1018.05
1002.79
1008.99
1002.07
1000.17
999.93
25099.99
1020.91
1000.88
1005.17
1007.08
1005.89
998.02
995.87
25111.91
1020.91
1008.03
998.97
1010.89
998.97
993.01
996.83
25113.82
1017.09
999.93
1000.88
9110.93
1022.10
1011.13
1003.03
1036.17
1035.93
1036.88
25072.81
1068.12
1044.99
1025.20
1011.85
1024.01
1029.01
1023.05
25096.89
1001.12
993.97
994.92
1019.00
1009.94
995.16
1004.93
25103.09
1019.00
1013.04
1003.03
1008.99
1016.86
996.83
1010.89
25118.83
1029.01
1008.99
1028.06
1012.09
1016.14
1018.05
25047.06
1070.02
1024.01
1017.09
1020.91
1017.81
1020.91
1019.00
25059.94
1050.00
1011.13
1008.03
1007.08
998.02
998.02
983.95
25077.82
1000.88
976.80
973.94
974.18
992.06
984.91
979.90
25079.01
983.95
961.78
961.07
974.89
964.88
957.97
970.13
25017.02
1070.98
1008.03
1004.93
1018.05
973.94
984.91
991.11
25053.02
1045.94
1004.22
1003.98
993.01
1006.84
1015.90
1015.19
25120.02
1009.23
979.90
979.90
950.81
1021.86
1029.97
1021.15
25099.04
972.03
952.01
957.01
1002.07
1042.13
1034.02
1034.02
25096.89
993.97
977.04
983.95
1030.92
1006.84
1000.88
1014.23
25105.00
1010.18
1003.03
1004.93
985.86
992.06
982.05
25007.01
1042.84
987.05
978.95
17006.87
1055.96
1001.12
998.02
999.21
995.87
1006.84
993.01
25028.94
1053.81
1007.08
985.86
1003.98
993.01
991.82
994.92
25022.98
1044.03
995.16
987.05
993.01
984.19
977.99
982.05
25017.98
1032.11
983.00
974.89
985.15
977.99
975.85
977.99
29016.02
1042.84
988.01
1011.13
1020.91
1017.81
1003.98
1011.13
21044.97
1030.92
985.86
980.85
986.81
981.81
978.95
979.19
25012.97
1029.01
981.09
977.04
993.01
977.99
976.09
978.95
25014.88
1031.88
988.96
978.95
983.95
976.09
977.04
971.08
25012.02
1031.88
978.95
969.17
977.04
975.13
972.03
967.98
25002.96
1027.11
987.05
970.84
973.94
975.13
967.98
976.09
970.13
25072.10
993.01
975.85
974.89
983.00
975.13
976.09
973.94
25082.83
993.01
977.99
976.80
985.86
978.95
973.94
972.99
25078.06
999.21
984.91
983.00
994.92
979.90
979.19
975.13
25084.97
1008.99
988.96
992.06
994.92
987.05
983.95
984.91
25093.08
1006.84
994.92
981.09
999.21
984.91
984.91
983.95
25087.12
1004.93
988.96
982.05
999.21
985.86
979.90
985.86
25084.97
1007.08
984.19
992.06
983.95
988.96
986.10
986.10
25077.10
1007.08
1001.12
1003.98
977.99
957.97
948.91
947.95
25069.95
984.19
972.03
962.97
932.93
970.13
971.08
977.99
25099.04
986.10
967.03
961.07
947.00
999.93
990.87
989.91
25089.03
983.00
962.02
957.01
978.95
1003.98
1024.96
1009.94
25089.98
980.14
966.07
957.01
985.15
992.06
987.05
980.85
25074.01
983.95
962.97
956.06
9047.03
1021.15
1003.03
1003.03
1006.84
990.87
1003.03
1001.12
25105.00
1019.00
995.87
1001.83
1014.95
998.97
995.87
1000.88
25113.11
1014.95
1002.07
1003.98
1000.88
993.97
1003.03
25030.85
1070.98
1018.05
1010.18
1003.98
1003.98
998.97
993.97
25032.04
1047.13
1017.09
1016.14
1008.03
998.97
1001.12
996.11
25041.10
1047.13
1011.13
1002.07
1007.08
996.11
996.11
993.97
25087.83
1013.04
1002.07
1002.07
1012.09
1009.94
999.93
1010.89
25103.09
985.15
973.94
964.88
968.93
998.97
1005.89
998.02
25075.91
975.85
958.92
957.01
17096.04
1011.13
987.05
981.09
984.91
980.85
978.95
975.13
25087.12
998.02
976.80
982.05
962.02
1008.03
1009.23
1007.08
25181.06
979.19
963.93
953.91
981.09
991.11
988.01
983.00
25079.01
1001.12
975.13
969.89
994.92
964.88
960.11
959.16
25069.00
1024.96
991.11
988.96
1004.93
959.16
952.96
948.91
18101.22
1028.06
1012.09
1013.04
1000.88
1002.07
1007.08
17102.96
1024.01
1002.07
1006.13
1018.05
1006.13
1007.08
1006.13
29104.95
1019.00
1004.93
1013.04
1001.83
997.78
997.07
25025.84
1070.98
1018.05
1014.95
1018.05
1021.15
1020.91
1006.84
25063.99
1060.01
1025.92
1003.98
1015.90
1025.92
1034.98
1033.07
25130.99
1026.87
1013.99
1012.09
1034.98
1026.87
1040.22
1028.06
25099.04
1022.10
1005.17
1003.98
1031.16
1019.00
1025.20
25063.99
1057.15
991.11
982.05
988.96
999.93
997.07
993.97
25033.95
1035.93
980.14
967.03
964.16
972.03
967.98
967.03
25006.06
1053.09
998.02
984.91
988.01
973.94
982.05
999.93
25033.00
1069.07
1008.99
990.87
988.96
994.92
1009.94
1013.99
25064.95
1051.90
1006.13
1003.98
990.87
1011.85
1009.94
1027.11
25113.11
1026.15
1008.99
1007.08
1003.03
1009.94
1012.09
1018.05
25137.19
1039.03
1018.05
1018.05
1030.92
1013.04
1029.01
1026.87
25108.81
1029.01
1029.01
1027.11
1024.96
1019.95
1021.15
25057.08
1068.12
1029.01
1024.96
1027.11
1024.96
1026.15
1019.95
25115.97
1037.12
1022.10
1024.96
1029.01
1019.00
1034.02
1021.15
25130.99
1032.11
1027.11
1033.07
1027.11
1019.95
1016.86
25050.88
1080.99
1028.06
1023.05
1025.92
1020.19
1020.91
1021.86
25103.81
1040.94
1020.91
1021.15
1027.11
1019.00
1020.19
1013.04
25115.97
1031.88
1019.95
1011.13
1030.92
1015.90
1017.81
25031.81
1090.05
1044.03
1024.96
1027.11
1019.00
1017.09
1017.09
25051.12
1065.97
1024.96
1014.95
1028.06
1013.99
1017.09
1020.19
25099.99
1034.02
1011.85
1008.99
1025.92
1008.03
1009.94
1007.80
21117.93
1039.03
1003.03
998.02
1007.80
1014.95
1013.04
1013.04
25111.91
1037.12
1022.10
1019.95
1015.90
1019.00
1017.09
25058.03
1060.96
1024.96
1019.00
1019.00
1011.85
1019.00
1013.04
25114.06
1028.06
1024.96
1029.97
1017.09
1019.00
1006.84
1005.89
25115.97
1025.92
1020.91
1016.14
1014.95
1014.95
1010.18
1008.99
25108.10
1019.95
1015.90
1013.99
1021.15
1003.98
1012.80
25054.93
