965.12
976.09
983.00
967.03
25036.10
972.99
962.02
950.81
959.87
983.95
992.06
992.06
21075.96
1044.03
1007.80
998.97
1009.94
954.87
955.10
967.98
33056.97
996.83
978.95
981.09
974.18
980.14
972.03
961.07
17014.03
1030.92
1008.99
994.92
1008.99
1539.95
1023.05
19366.03
1077.89
1029.01
1031.88
1022.82
1013.99
1019.95
1013.99
1014.95
1009.94
37104.13
1016.14
1008.03
1008.03
1036.17
1020.91
1034.98
1028.06
13100.15
1034.02
1013.99
13030.05
1083.14
1028.06
1021.15
1013.04
1017.81
999.93
1010.89
992.06
992.77
1007.08
987.05
25037.05
1013.04
972.03
952.01
953.91
950.81
947.95
944.14
945.09
1029.01
1019.00
1014.95
25058.03
1040.94
975.13
975.13
993.01
1027.11
1012.09
1024.01
21070.00
1006.13
987.05
956.06
971.08
957.01
959.87
962.02
978.95
971.79
989.91
973.94
28993.13
1047.13
990.15
982.05
990.15
972.99
996.11
969.89
974.18
1002.07
1008.03
1012.09
25026.08
1085.04
1016.86
1013.99
1034.02
1022.10
1019.00
1017.09
1006.84
983.95
983.00
975.85
21031.86
1024.01
969.17
952.01
947.00
1019.00
1019.95
905.99
970.13
953.91
962.02
971.08
962.02
25078.06
974.18
966.07
975.13
978.95
967.98
966.07
962.02
21107.20
1016.14
998.97
1015.19
987.05
993.01
990.87
991.82
1019.00
996.11
1005.89
1013.99
25094.03
1027.11
1034.98
1111.03
1008.99
1024.96
1013.99
1006.84
1007.80
998.02
1003.03
45044.18
1009.94
957.01
981.09
951.05
977.99
957.97
947.95
19049.88
1039.98
987.05
980.14
983.00
972.03
965.83
988.01
982.05
987.05
37048.10
1022.10
968.22
957.01
960.11
954.15
962.97
953.20
948.91
17110.82
1025.92
1013.04
1027.11
963.21
967.98
957.01
955.82
25071.86
1004.93
983.95
970.13
987.05
1000.17
994.92
984.91
25093.79
1039.03
1021.15
1039.03
1019.95
1023.05
1017.09
17067.19
1100.06
1016.14
999.93
1005.89
1010.18
1010.89
1016.86
25105.00
1032.11
1021.15
1013.99
982.05
990.87
984.91
995.16
25114.06
1021.15
998.97
994.92
997.07
998.02
990.87
993.01
25141.95
1026.15
988.96
982.05
993.97
986.10
979.90
988.01
17103.91
998.02
983.95
993.97
958.20
973.94
976.80
980.85
25079.97
988.96
966.07
973.94
969.89
962.02
956.06
965.12
25069.95
1012.09
1007.08
994.21
994.92
998.97
993.01
989.91
25099.99
1026.87
1013.99
1017.09
1020.91
1004.93
1013.99
17076.97
1072.88
1017.81
1014.95
988.96
972.99
975.13
972.99
25004.86
1009.94
970.13
962.02
963.93
955.10
965.12
952.01
952.96
29078.96
972.03
958.20
961.07
992.06
971.08
969.17
961.07
13082.03
1001.83
979.90
977.99
992.06
986.10
961.07
956.06
17071.96
1022.10
997.07
999.93
1008.99
1004.93
1004.93
991.11
17088.17
971.08
957.01
947.95
9080.89
990.87
969.89
985.15
988.01
970.13
961.07
965.12
17044.07
986.10
961.07
959.87
969.17
960.11
953.91
981.81
13073.92
1028.78
994.92
983.00
991.11
967.98
965.12
972.03
962.97
953.91
946.04
955.10
25002.96
1017.09
957.97
967.03
947.95
964.88
952.01
948.91
36986.83
1046.90
991.82
993.01
987.05
992.06
982.05
977.99
25010.82
1019.00
964.16
952.01
952.96
963.93
961.78
957.01
950.10
25063.04
1559.02
1004.22
1003.03
1016.14
1014.95
1017.09
25134.09
1054.05
1031.16
1014.95
1031.16
1026.87
1018.05
1020.91
21113.87
1029.01
1024.01
1030.21
998.02
1008.99
990.15
25022.98
1062.87
1011.13
967.03
958.92
988.01
993.01
987.05
29016.97
1013.99
964.16
962.02
967.03
965.83
962.02
952.01
965.12
25130.99
1029.97
1027.11
1006.13
977.04
970.13
968.93
956.06
17082.21
1008.03
996.11
999.93
938.89
941.99
944.85
941.04
25057.08
966.07
945.09
947.95
956.06
948.91
950.10
949.14
17058.13
1008.03
996.11
993.01
988.01
946.04
957.01
967.98
29084.92
1006.84
958.92
945.81
954.87
942.95
943.18
941.99
20990.13
1038.07
997.07
985.86
974.18
962.97
962.02
956.06
24992.94
1036.88
979.90
978.95
980.14
972.03
977.99
973.94
17017.13
1047.13
996.11
997.07
997.07
1007.08
1007.08
1011.13
17051.94
1008.03
961.07
954.15
953.91
947.95
945.09
946.04
944.85
965.83
952.01
945.09
941.99
29062.99
972.03
952.96
945.81
957.01
945.09
943.90
938.89
950.10
1006.13
998.97
1000.88
25056.84
993.97
957.01
949.86
945.81
983.00
979.19
967.03
973.94
963.93
952.96
947.95
40984.87
1070.02
996.11
983.95
981.81
979.90
990.87
979.90
25007.01
1080.99
991.11
986.10
985.15
988.01
979.19
977.04
17019.03
1034.02
962.97
957.01
958.92
998.02
1001.12
1014.95
25040.86
1029.97
965.12
955.10
962.02
946.04
955.82
958.92
952.01
17108.92
1009.94
997.07
1003.03
1003.98
997.07
994.92
989.91
25082.83
1022.10
1013.99
9027.00
1011.85
977.99
971.08
972.99
962.97
974.18
972.03
973.94
21107.91
1022.82
1013.04
1024.96
1015.90
1013.99
1008.03
25047.06
1073.84
1019.95
1022.10
1019.00
1019.95
1017.09
1013.99
25073.05
984.91
962.97
945.09
954.15
952.96
944.85
955.82
24996.04
1047.13
1003.03
10173.08
1002.79
962.97
962.97
955.82
1010.89
1017.09
1006.13
1029.01
1022.82
1008.99
1008.99
25099.99
1029.01
1010.18
1003.03
981.09
990.15
997.07
988.01
25093.08
1028.06
1008.99
1002.07
1003.98
955.10
956.06
952.01
25051.83
1004.93
990.15
998.02
1001.12
947.00
946.04
949.86
25035.86
1022.82
1015.90
1006.13
1026.15
1004.93
1007.80
1001.83
25088.07
1003.03
988.01
984.91
1003.98
993.97
996.83
989.91
25081.16
1017.09
996.11
1003.98
1018.05
1002.07
987.05
999.93
25078.06
981.09
958.20
953.91
1003.98
998.97
994.92
987.05
21078.11
996.11
968.93
973.94
939.13
967.03
977.99
973.94
1000.88
967.98
966.07
966.07
25058.03
1001.83
984.91
986.81
986.81
985.86
983.95
979.19
25105.00
1030.21
1013.99
1008.99
1029.01
1015.90
1011.85
1010.89
17048.84
977.04
961.07
952.01
965.83
955.82
949.86
942.95
25074.01
1034.02
1013.99
1010.18
1024.01
1015.19
1010.89
1014.95
25092.12
985.15
980.14
978.95
986.81
967.98
970.13
967.98
25085.93
992.06
988.01
984.91
976.09
1005.17
1013.99
1007.08
21074.06
983.95
967.98
953.20
983.95
993.01
983.95
985.15
29066.09
1025.92
989.91
998.02
1003.98
998.02
993.97
1004.93
25068.04
969.89
958.92
953.91
970.13
957.01
957.97
954.87
25058.98
987.05
972.03
967.98
967.03
955.10
941.04
940.08
25000.10
1030.92
998.97
993.97
996.11
990.15
988.96
988.96
25067.09
1029.01
1010.18
1002.07
988.96
998.02
996.11
998.02
25112.15
1016.14
997.07
988.01
993.01
974.89
980.14
972.99
25154.83
978.95
965.12
947.95
962.02
956.06
949.14
955.10
17043.11
1008.99
974.89
972.99
978.95
963.21
959.87
955.82
25006.06
1023.05
977.04
967.98
951.05
1012.09
997.07
1012.09
25053.98
1042.84
977.99
978.95
984.91
977.99
972.03
983.00
25025.13
1019.00
997.07
975.85
965.83
979.90
994.92
994.21
25038.96
1020.91
966.07
957.97
963.93
1026.87
1041.17
1027.11
25061.13
1055.96
1008.03
1014.95
1007.80
1003.03
998.97
1001.83
23128.99
994.92
992.06
978.95
983.95
976.09
989.91
977.99
980.14
974.89
41090.01
1034.98
1032.11
1007.08
1006.13
947.00
951.05
955.10
20214.08
1030.92
993.97
981.81
992.06
994.92
988.01
988.96
988.96
25094.03
1006.84
977.99
973.94
984.91
1013.99
993.97
1005.17
1023.05
996.11
998.02
1001.12
33111.10
1013.99
1004.93
997.07
1008.03
999.21
1000.88
998.02
33043.15
965.12
958.92
970.84
969.89
968.93
982.05
975.85
1007.80
998.02
993.01
994.21
25079.01
999.21
986.10
983.95
1000.17
987.05
976.09
977.99
972.03
963.93
960.11
956.06
25074.01
968.93
964.88
956.06
970.13
957.01
953.91
956.06
962.97
1026.87
1014.95
1013.99
25096.89
977.99
958.92
953.91
971.79
983.00
976.09
973.94
21050.93
1024.01
985.86
992.06
994.92
947.95
961.07
962.02
979.19
970.13
963.93
967.03
29039.86
1018.05
972.99
958.92
971.08
962.02
972.99
966.07
963.93
995.87
1002.07
1003.03
25046.83
1033.07
983.00
969.89
956.06
1004.93
1024.01
1011.85
1024.96
1028.06
1010.18
1026.87
21069.05
1029.97
983.00
981.09
968.93
949.86
948.91
957.97
959.87
962.02
961.07
957.01
955.10
21074.06
979.19
967.98
967.98
25079.97
988.96
978.95
974.18
976.09
983.95
979.90
977.99
1005.89
1003.03
1003.98
1002.07
21058.08
978.95
965.83
969.89
974.89
960.11
961.07
957.01
972.99
968.93
967.98
969.17
21075.96
984.91
966.07
958.92
967.03
957.01
954.87
961.07
17046.93
992.06
977.99
973.94
970.84
959.87
964.88
956.77
17009.02
1003.03
967.03
962.97
963.21
957.01
956.06
962.02
957.01
1009.94
991.82
1010.89
53043.84
1054.05
999.93
994.92
994.92
1028.06
1024.01
1029.97
17061.95
1034.98
991.11
983.95
979.90
1009.23
1019.00
1008.99
25082.83
1009.94
991.82
988.01
980.14
988.96
976.80
983.95
29070.14
994.92
958.92
960.83
943.90
945.09
957.01
962.97
13010.03
1024.01
978.95
977.99
986.10
973.94
972.99
971.08
17010.93
1071.93
1008.99
1014.95
13048.89
1092.91
1018.05
1007.80
1004.93
948.19
954.87
952.01
25005.10
1019.00
965.83
957.97
946.04
988.96
977.04
967.98
29021.02
1070.98
1004.93
1006.13
25043.96
1049.04
1013.04
986.10
998.02
981.09
971.08
972.99
964.88
1012.80
1013.99
1013.99
13073.92
1037.84
986.81
976.80
975.85
975.85
972.03
972.99
13022.18
1057.15
1003.98
995.16
1002.07
956.06
950.10
952.01
13003.11
1029.01
1000.88
989.91
17038.11
1019.95
984.91
972.03
971.08
972.03
962.02
958.92
4980.09
998.97
983.95
979.90
991.82
979.90
987.77
984.91
988.96
964.16
962.02
959.16
957.97
25099.04
1035.93
1019.00
1008.99
957.01
947.95
962.97
962.02
17076.97
1000.17
997.07
13029.10
1024.01
980.85
988.01
990.15
983.95
984.19
988.01
25010.11
1042.84
1010.89
1004.22
1003.03
999.93
993.97
993.97
983.95
1005.17
1005.89
1004.93
25061.85
1034.98
993.97
995.87
1006.84
1005.89
993.97
988.01
17037.15
1075.03
1039.98
1018.05
1024.96
1018.05
1022.10
1022.10
25108.10
1044.99
1026.15
1014.95
1034.02
1020.91
1020.91
1021.15
25078.06
983.00
962.02
952.01
956.06
956.06
969.17
968.93
17072.92
972.99
971.08
952.96
973.22
968.93
964.88
961.07
25067.09
1013.04
1010.18
1006.13
1003.98
998.02
998.02
989.91
33071.04
994.92
988.96
977.04
985.15
973.94
977.99
983.95
9085.18
967.03
959.16
950.10
961.07
952.01
955.82
953.91
16994.95
1033.07
972.03
970.13
977.04
962.97
962.02
952.01
16983.99
1032.11
980.14
978.95
978.95
971.08
971.08
972.03
965.12
966.07
983.00
990.87
981.81
25046.83
972.99
966.07
955.10
1023.05
1024.96
1016.86
37045.00
1070.98
1029.01
1028.06
1022.10
1027.11
1017.09
1025.92
25069.00
1065.97
1019.00
1017.09
1033.07
975.13
969.89
966.07
17014.03
1004.22
958.92
955.82
949.86
996.83
10987.04
1016.86
977.04
969.89
977.04
967.98
967.98
969.89
17014.03
1034.02
973.94
964.88
970.84
983.95
992.06
988.01
25043.01
1043.08
982.05
967.03
957.01
1018.05
1032.11
1027.11
25053.98
1018.05
974.89
962.97
969.89
959.16
963.93
963.93
24988.89
1043.80
1001.83
992.06
1003.98
999.21
1003.98
988.96
25035.86
1059.06
1011.13
989.91
1000.88
980.85
972.03
973.94
25017.02
1030.92
985.15
962.02
965.12
963.93
958.92
956.77
957.97
25094.99
1024.96
1008.03
1024.01
994.92
981.09
975.13
25015.12
1024.01
976.80
969.89
970.84
967.98
968.93
964.88
965.83
17107.96
1024.01
1013.99
1014.95
1010.89
1010.18
1004.93
17041.92
1005.89
962.97
952.01
961.07
959.16
953.91
964.88
958.92
25068.04
986.81
972.99
961.07
971.08
959.16
967.03
961.07
25124.07
1037.12
1017.09
1007.08
1017.09
1003.98
1007.08
25033.95
1086.00
1027.82
1014.95
1031.16
1019.95
1008.99
1012.80
17053.84
1028.06
996.11
994.92
997.07
985.86
982.05
983.00
33030.03
1024.01
977.04
971.08
959.87
953.20
955.10
947.00
16996.15
1023.05
980.14
972.03
967.98
942.95
965.12
969.17
967.03
21095.99
1010.89
994.92
997.07
983.95
973.94
971.08
21353.01
1077.89
1027.11
1024.01
1010.89
942.95
957.97
956.06
959.87
964.88
955.82
958.92
24994.13
1022.10
975.85
966.07
12995.00
1080.04
1032.11
1023.05
1028.06
1021.15
1017.09
1026.15
1000.88
975.85
964.88
972.99
37018.06
1013.99
972.99
963.93
977.99
998.97
981.81
995.87
999.93
996.11
991.11
982.05
21013.02
1062.87
1011.85
995.87
983.95
1012.09
1022.10
1000.88
1014.95
1008.03
1008.99
1006.13
25060.89
1065.97
1028.06
1013.04
1024.96
1009.94
1010.89
1013.99
980.85
964.16
966.07
967.03
29070.14
1048.09
1019.00
1013.99
1026.15
1012.09
1010.89
1009.94
21114.11
1011.85
993.97
987.05
17073.87
988.01
980.14
977.04
1006.13
977.04
976.09
970.13
975.13
961.07
971.08
960.11
25072.10
983.95
967.03
962.97
972.99
984.91
972.99
980.14
33087.97
1019.00
1004.93
982.05
955.10
1003.03
1003.03
1013.99
1026.87
1020.91
1011.13
1006.13
17107.01
1000.88
979.19
983.95
996.11
988.01
975.85
977.04
17075.06
970.13
949.14
945.09
961.07
955.10
962.02
961.07
976.09
949.14
948.91
939.85
29008.87
1008.99
975.13
966.07
974.18
977.04
966.07
980.14
972.03
1000.88
995.16
1002.07
29043.91
1029.01
993.01
976.80
998.02
997.07
985.15
989.91
17040.97
1021.86
977.99
960.83
964.88
958.92
971.08
968.93
21002.05
1052.86
1005.89
1019.00
1004.93
967.03
972.99
976.09
983.95
979.90
974.89
974.18
25018.93
1035.93
999.21
978.95
983.00
972.99
977.99
968.93
976.09
1018.05
1033.07
1016.86
45059.92
1067.16
1017.09
1003.98
1012.09
996.83
1000.88
1000.88
998.02
988.01
976.09
983.00
33018.11
1070.98
1014.95
1010.89
982.05
1007.80
1026.87
1010.89
1024.01
1013.99
1014.95
1012.80
17088.89
1016.14
993.01
986.81
998.02
986.10
984.91
978.95
988.01
1004.93
1007.08
1007.08
29087.07
991.82
970.84
958.92
981.81
968.93
969.17
962.97
25005.82
1011.85
974.89
981.09
979.19
973.94
984.91
975.13
17033.10
1057.15
1005.89
1008.99
1017.09
1008.99
1004.93
1008.99
25104.05
1036.88
1012.80
1008.99
1015.90
1008.99
1011.85
1006.84
29098.03
1014.95
993.01
992.06
998.02
1034.98
1030.21
1029.97
1039.03
1030.92
1028.06
25066.14
1091.00
1040.94
1033.07
1038.07
1032.11
1030.92
1028.06
1010.89
997.07
1009.94
995.87
29052.97
1044.99
1021.15
1019.95
1021.86
1013.04
1019.95
1018.05
25107.15
998.02
983.00
969.89
980.85
968.93
971.08
964.16
21054.98
1020.91
1019.00
998.02
996.11
962.97
958.92
954.15
25062.08
1016.14
988.96
984.91
1003.03
993.97
983.95
982.05
21094.08
1033.07
999.93
994.92
1008.99
993.97
993.01
1003.03
25121.93
1015.90
1007.80
994.92
982.05
959.87
957.01
953.91
17105.82
1035.93
1029.97
1028.06
987.05
997.07
992.06
993.01
25115.97
1034.02
1025.92
1024.96
1020.91
1016.86
1021.86
33064.84
1026.87
985.86
985.86
998.97
991.11
988.96
990.87
995.16
973.94
973.94
974.18
25020.12
1057.15
1000.88
993.97
972.99
996.83
994.92
1000.17
1008.03
999.93
1007.08
1004.93
25033.00
1024.96
981.09
981.09
977.99
975.85
977.99
975.13
967.03
950.10
954.15
977.99
25013.21
1022.10
962.97
957.97
951.05
1030.92
1013.99
1020.91
21059.04
1051.90
1017.09
993.97
996.11
977.99
977.04
976.09
965.12
988.96
1002.07
1001.12
29052.97
1083.85
1024.96
1026.15
1024.96
1033.78
1019.95
1024.01
1008.99
992.06
983.00
989.91
25038.96
1013.04
972.99
964.88
960.11
975.13
972.99
964.16
977.04
967.03
955.82
957.97
20993.95
1062.87
1014.95
1018.05
998.02
950.81
946.04
945.09
952.96
960.83
968.93
971.08
971.08
21105.05
1012.80
990.87
12997.87
1068.12
1010.89
1003.03
1002.07
1007.08
1003.03
1008.03
1017.09
1008.03
999.93
1005.17
25036.10
1055.00
1016.14
1006.13
1008.99
1008.03
1005.89
1001.12
990.15
948.91
958.92
958.20
25002.96
1051.90
1013.99
998.02
1008.99
950.10
960.11
962.02
21005.15
1037.12
992.06
996.11
1003.03
1006.84
1008.03
1008.03
17036.91
1070.02
1003.98
1009.94
1013.99
1005.89
1003.03
1000.88
17044.07
1013.04
983.95
978.23
981.09
977.04
977.99
971.79
25018.93
1036.17
995.16
978.95
990.87
968.22
979.90
985.86
29049.87
1039.98
986.10
981.09
966.07
996.83
978.95
992.06
21039.96
1039.98
993.97
989.91
1001.12
993.97
991.11
993.97
29032.95
1039.98
993.01
998.02
1001.12
992.06
996.83
988.01
25062.08
1039.98
1008.99
1007.08
993.01
1018.05
1009.23
1026.87
21115.06
1008.03
1000.88
978.95
976.09
945.09
951.05
945.09
25071.14
1034.98
1005.17
998.97
1014.95
1006.13
1006.13
1008.03
25135.04
1013.99
1003.03
988.96
1010.18
993.01
983.00
983.95
17086.03
1001.83
1001.83
999.93
999.21
998.97
998.02
998.97
17064.09
988.96
978.95
974.18
983.95
972.99
968.93
974.89
17099.14
1003.98
1004.93
996.11
1002.07
990.15
988.96
997.07
17093.90
1008.99
988.96
993.01
986.81
997.07
986.10
9013.89
1013.99
972.03
963.93
958.20
982.05
1003.98
1008.03
1005.89
25039.91
970.84
957.01
952.96
964.16
952.01
950.10
957.01
956.06
967.03
973.94
975.85
25089.03
976.09
962.97
960.83
982.05
1015.90
1022.82
1009.94
25089.98
983.95
964.16
961.07
980.14
1020.91
1020.91
1025.20
1039.03
1027.11
1025.92
1029.97
25136.95
1041.89
1034.02
1035.93
1038.07
1029.01
1027.11
1014.95
1003.03
1006.13
994.92
25032.04
1026.87
972.03
965.12
962.02
983.95
975.85
974.89
982.05
978.95
974.18
967.03
20984.17
1065.97
1021.86
999.93
1004.22
951.05
972.03
967.03
976.80
967.98
972.99
967.98
964.16
25078.06
988.96
974.18
970.13
13113.02
1004.93
1006.84
1003.98
1008.03
1003.03
1009.94
1026.15
982.05
983.00
983.00
29010.06
1063.11
1020.91
1008.03
1016.14
1001.12
1004.93
1007.80
17036.91
1013.99
967.98
965.83
965.83
962.97
960.11
960.11
16982.08
1060.96
1013.99
1001.12
1014.95
998.97
1004.93
1005.89
17053.84
1040.94
997.07
992.06
9038.93
1031.88
984.91
983.00
978.95
1011.13
1008.03
1015.90
1017.09
1012.09
1013.99
1005.89
17060.04
1008.03
974.18
967.03
9026.05
1050.95
1006.13
1006.13
999.93
1000.88
1004.22
988.96
21107.91
1032.11
1007.08
1012.09
1017.09
1004.22
1007.08
1012.09
9099.01
1002.79
982.05
981.09
983.00
974.18
967.98
969.17
948.91
1008.99
1009.94
1007.08
21124.12
994.92
988.96
977.99
998.02
980.14
968.93
972.99
17097.00
1003.98
992.06
988.96
1000.88
980.85
990.87
979.19
29083.01
994.21
987.05
986.10
950.10
992.06
993.97
980.14
983.95
977.99
973.94
979.90
21092.18
997.07
982.05
984.19
967.98
953.20
952.96
952.01
962.02
952.96
948.91
947.00
25010.82
1002.07
967.98
956.06
965.83
958.92
966.07
967.98
13001.92
1058.82
1000.88
991.82
1007.08
997.07
1017.09
1012.09
17044.07
1043.08
1002.07
1005.17
989.91
988.96
991.11
983.95
21034.00
1048.09
1015.19
1002.07
9088.99
1023.05
994.92
984.19
1026.87
1016.86
1019.95
1015.90
21116.97
1025.20
1018.05
1006.13
1009.94
998.02
998.97
985.15
21083.12
1002.07
992.06
977.99
21066.90
969.89
962.97
953.20
941.99
971.08
970.84
972.99
9105.92
1019.00
1008.03
1002.07
990.15
958.92
961.78
954.87
17082.93
1014.95
993.97
993.01
1024.96
1041.17
1025.92
1031.88
29109.00
1034.98
1023.77
1024.96
1018.05
1016.14
1017.09
25047.06
1029.01
981.81
977.04
980.14
972.99
969.17
967.98
17002.11
1029.01
979.90
972.03
977.99
966.07
19065.14
1060.96
997.07
1003.03
1005.17
993.01
997.07
988.01
29036.05
1058.82
1010.89
1003.03
994.92
995.87
992.77
995.87
1003.03
983.95
990.87
988.01
17042.88
1024.96
967.98
957.01
954.15
960.11
956.06
956.06
965.12
962.97
953.91
959.87
957.01
37078.86
984.91
990.15
976.09
988.01
971.79
982.05
962.97
25123.12
1034.02
1019.00
1025.92
1014.95
1013.04
1023.05
25048.97
1075.03
1027.82
1014.95
1029.01
1017.81
1013.99
1014.95
25074.96
1024.01
987.05
988.01
998.02
989.91
986.81
984.91
17063.14
1013.04
983.00
976.09
983.95
980.14
979.19
967.03
25019.88
1013.99
976.09
965.12
977.04
967.98
958.92
962.02
25007.01
1008.03
967.98
956.06
961.78
953.91
948.19
953.91
32966.85
1041.89
965.83
958.92
957.97
968.93
959.87
957.97
959.87
25063.99
976.09
962.02
957.01
964.88
957.01
960.83
952.01
25060.89
1018.05
988.96
978.95
980.14
997.07
1001.12
1017.09
17116.07
1033.07
1022.10
1021.15
950.10
977.04
976.09
985.15
25109.05
1025.92
999.93
1001.83
1020.19
1020.91
1024.96
25027.99
1093.15
1022.10
1003.03
1003.98
962.02
976.09
965.12
24997.95
1044.99
1002.07
970.84
985.86
970.84
974.89
971.79
968.93
21062.14
977.04
955.10
959.16
998.02
1003.98
991.82
1003.98
29046.06
972.03
952.96
952.01
965.12
949.14
947.00
943.18
17091.04
1016.14
1008.03
1005.17
984.91
999.93
1015.19
993.97
25135.99
1040.94
1025.92
1021.15
968.93
980.85
974.89
975.13
29063.94
977.04
961.07
962.97
958.92
977.04
976.09
969.89
9117.13
1025.92
1019.95
1018.05
949.14
950.10
956.06
952.96
25101.18
994.92
972.99
959.16
988.96
996.11
1003.98
998.97
17097.95
988.01
970.13
958.92
984.91
1005.89
1011.13
1011.13
13061.05
972.03
962.02
953.91
9060.86
970.84
952.96
951.05
1008.03
996.83
991.82
993.97
23823.98
1014.95
1011.13
1007.08
996.11
1004.93
955.82
951.05
951.05
41059.02
998.97
981.09
987.05
17073.15
1013.04
993.01
985.86
988.96
978.95
983.00
984.91
25080.92
1017.09
988.96
976.80
982.05
973.94
977.99
987.05
1010.18
1009.94
1000.88
1007.08
1005.17
991.11
983.00
980.14
17086.98
1037.84
1011.85
1002.07
1019.95
997.07
1005.17
1003.98
21126.99
1019.00
995.16
990.87
986.81
1004.93
1014.95
1018.05
17084.12
994.21
988.96
984.19
9027.96
970.84
955.82
953.91
955.82
952.96
956.06
950.10
13064.15
977.04
962.02
956.77
949.86
989.91
978.95
980.85
985.86
983.95
976.09
967.98
37062.17
996.11
973.94
963.93
959.16
986.10
975.13
983.95
25041.82
1055.00
1009.94
985.86
998.97
983.95
974.89
980.85
993.97
983.95
971.79
971.08
33021.93
1048.09
999.93
993.01
1011.13
995.87
997.07
998.97
29094.22
1023.05
1013.99
996.11
1010.89
957.01
959.87
962.02
17064.09
985.15
961.07
957.97
5029.92
1036.17
1024.01
1018.05
1004.93
951.05
956.06
958.20
17060.04
990.15
961.07
959.16
17013.07
1034.98
1009.94
1010.18
1017.09
1012.09
1013.04
1017.09
17094.14
1008.99
990.87
990.87
1011.85
994.92
991.11
987.05
15973.81
1013.99
996.11
986.10
987.05
997.07
987.05
993.97
986.81
33082.01
980.14
964.88
956.06
975.85
957.97
961.07
958.20
25043.01
996.11
966.07
962.97
971.08
961.07
960.11
962.02
25005.10
1008.03
970.13
962.97
966.07
962.97
956.06
957.01
17004.01
1060.01
1000.17
987.05
988.96
998.02
993.97
991.11
25021.08
1051.90
1016.86
1010.89
1006.13
1003.03
998.02
998.02
29041.05
1019.00
972.99
967.03
947.95
993.97
990.87
1004.93
1007.08
1000.17
1000.88
1004.93
25052.79
1055.96
1033.07
1019.95
1003.03
952.96
960.11
962.97
964.88
974.18
962.97
969.89
29004.10
1076.94
1013.04
1008.99
1012.09
1004.93
1007.80
1002.07
25045.87
1032.11
1003.03
995.16
998.97
991.11
986.10
982.05
25035.86
1027.82
986.81
984.91
986.81
980.85
983.95
979.90
25029.90
1009.94
965.12
971.08
967.98
952.96
964.16
962.97
25001.05
1044.99
999.21
989.91
975.85
970.84
962.02
959.87
24991.99
1010.18
968.93
957.01
963.93
961.07
951.05
952.96
952.01
25080.92
969.89
962.97
951.05
968.93
955.10
957.97
954.87
25058.98
975.13
961.07
10062.93
987.05
978.95
969.89
969.89
964.16
961.07
962.02
25085.21
1022.10
1002.07
993.01
962.97
972.03
972.99
981.09
33079.15
999.93
979.90
967.03
1000.88
960.83
959.87
959.87
965.12
957.97
955.82
957.97
25003.91
