1412.87
1289.13
13401.03
1367.81
1286.98
1303.91
1315.12
1273.16
17368.08
1374.96
1308.20
1302.96
1288.89
1266.00
29318.81
1489.16
1307.01
1295.80
1303.91
1271.01
25342.94
1460.08
1319.17
13412.95
1402.14
1297.95
1285.08
1296.04
1284.12
25396.11
1420.02
1317.02
9398.94
1365.90
1299.86
9388.92
1359.94
1281.98
9384.16
1345.16
1280.07
13413.19
1361.13
1271.96
1279.83
1276.97
1268.86
17385.01
1377.11
1281.02
1285.08
1271.01
1267.91
29407.02
1405.00
1305.82
1302.96
1293.90
1289.13
25419.95
1411.20
1303.91
13432.03
1379.97
1301.05
1309.87
1279.12
1290.08
25428.06
1389.98
1302.96
9400.13
1360.18
1294.14
9387.02
1353.98
1293.18
9385.11
1339.20
1270.06
13387.92
1350.16
1270.06
1275.78
1265.05
1266.96
17389.06
1368.05
1286.98
1298.19
1281.02
1295.09
29445.17
1394.03
1306.06
1299.14
1271.96
1282.93
25443.08
1394.99
1302.96
13422.97
1380.92
1297.95
1294.14
1268.15
1271.01
25423.05
1394.99
1289.84
9402.04
1347.06
1276.02
9375.10
1337.05
1280.78
9388.92
1334.91
1281.98
13376.95
1354.93
1293.90
1267.91
1258.85
1261.00
17421.96
1373.05
1350.88
1377.82
1288.89
1291.99
37446.98
1388.07
1285.79
13498.07
1322.98
1294.85
1295.80
1271.96
1281.98
25495.05
1360.18
1286.98
13542.89
1329.90
1273.87
1283.88
1273.87
1271.01
17515.90
1313.92
1280.07
1286.98
1269.82
1269.82
13473.99
1303.20
1285.08
13509.04
1329.90
1275.78
1280.07
1251.94
1261.95
17493.96
1324.89
1293.90
1302.96
1280.78
1272.92
25504.83
1342.06
1273.16
13526.92
1321.08
1294.14
1286.03
1286.98
1281.02
25517.94
1337.05
1293.90
13529.06
1321.08
1274.11
1275.06
1277.92
1272.92
24472.95
1362.09
1288.18
11549.95
1359.94
1328.95
1266.00
10267.02
11654.85
1308.92
1281.02
1269.10
11584.04
1321.08
1272.92
11464.12
1387.83
1291.99
1274.82
11512.04
1353.03
1301.05
1282.93
11542.08
1363.04
1292.94
1307.96
11600.97
1316.07
1295.09
1296.04
11577.84
1314.88
1276.02
11513.23
1354.93
1294.85
1286.03
11604.07
1361.85
1282.93
1271.96
11512.99
1305.10
1265.05
1317.02
11608.12
1297.00
1276.02
6789.92
1317.98
1289.13
7199.05
1345.87
1288.89
1267.91
6452.08
1332.04
1306.06
1296.04
6438.02
1376.15
1387.12
1305.10
6475.93
1308.92
1298.90
1281.02
6467.10
1301.05
1295.80
6407.98
1317.02
1297.95
1266.96
6411.08
1312.02
1265.05
1281.98
6431.10
1331.09
1282.93
1271.96
6404.88
1315.83
1276.97
1281.02
6462.10
1302.00
1282.22
1264.10
6484.99
1299.86
1282.93
1261.95
6459.00
1287.22
1275.06
6412.03
1325.85
1283.88
1308.92
6404.88
1348.97
1289.13
1287.94
6428.96
1349.21
1295.09
1292.94
6477.83
1308.92
1271.01
5356.07
1355.17
1296.04
1286.03
1263.86
11476.99
1348.97
1280.07
13462.07
1312.02
1279.12
11450.05
1416.92
1298.90
1285.08
11502.98
1375.91
1290.08
1276.02
11515.86
1351.12
1294.14
1279.12
11578.08
1326.08
1286.98
1284.84
11615.04
1289.13
1269.82
11497.97
1363.99
1279.12
1282.93
6427.05
1338.01
1309.16
1286.98
11518.96
1362.09
1299.86
1288.89
11587.86
1305.82
1286.98
1298.90
11577.13
1333.00
1286.98
11510.13
1348.02
1307.96
1273.16
26349.07
1374.96
1302.00
13432.03
1355.89
1287.94
1280.07
1276.02
1256.94
17392.87
1353.98
1290.08
1295.80
1274.11
1255.04
17397.88
1404.05
1288.18
1317.98
1307.96
1269.10
17399.07
1363.99
1281.98
1304.86
1282.93
1273.87
17400.98
1368.05
1292.94
1300.81
1288.89
1284.84
17413.85
1401.19
1286.03
1302.00
1300.81
1276.02
17386.91
1374.96
1291.04
1277.92
1275.78
1267.91
25365.11
1420.97
1297.95
13401.99
1374.01
1297.95
1289.84
1284.12
1272.92
17380.95
1389.03
1287.94
1291.04
1269.10
1286.98
17310.14
1430.99
1305.10
1295.09
1270.06
1281.02
1271.01
17499.92
1304.15
1302.00
1281.02
1271.01
1261.95
17519.00
1329.90
1291.99
1280.07
1316.07
1355.89
17490.86
1312.02
1294.14
1272.92
1283.88
1278.88
17498.02
1303.20
1291.04
1283.17
1276.97
1257.90
29537.92
1306.06
1287.94
1293.18
1271.96
1269.82
29531.00
1327.99
1287.94
13510.94
1302.00
1288.89
1281.98
1268.15
1262.19
25514.13
1326.08
13348.10
1454.83
1295.80
1278.88
1272.92
1266.00
1253.13
25490.05
1320.12
13356.92
1436.95
1315.83
1302.96
1283.17
1276.97
17356.87
1430.03
1302.00
1316.07
1295.09
1270.06
13324.02
1415.01
1293.18
9366.04
1365.18
1282.93
13376.00
1372.81
1338.01
1294.14
1266.96
1262.90
1253.84
1492.02
1297.00
9365.08
1367.81
1292.94
13369.08
1369.95
1286.03
1292.94
1270.06
1266.00
1267.91
25486.95
1310.11
13349.06
1417.88
1298.19
1294.14
1285.08
1275.06
1271.01
37564.04
1321.79
1307.01
1289.84
1292.94
25356.05
1449.11
1305.10
9377.96
1362.09
1291.04
13400.79
1374.96
1307.96
1298.90
1274.11
1264.10
25377.04
1398.09
1292.94
13417.01
1380.92
1299.14
1310.11
1276.97
1273.87
25398.02
1389.03
1291.99
13401.99
1356.12
1297.95
1288.89
1280.07
1267.91
25420.90
1472.00
1316.07
13408.18
1379.97
1293.90
1273.87
1269.10
1276.97
25391.10
1384.97
1307.96
13391.97
1342.06
1281.98
1267.91
1270.06
1265.05
25375.13
1378.77
1271.01
13388.87
1353.98
1287.94
1286.03
1272.92
1278.88
25380.85
1385.93
1287.94
13394.83
1358.99
1284.84
1281.98
1272.92
1262.19
25388.96
1378.06
1286.98
13406.99
1389.98
1296.04
1287.94
1281.02
1275.06
25392.06
1395.94
1296.04
13406.04
1374.96
1294.85
1291.04
1285.08
1278.16
25407.08
1404.05
1309.87
13407.95
1379.01
1297.95
1317.02
1297.00
1278.88
25419.95
1385.93
1295.80
13412.95
1380.92
1299.86
1300.81
1281.02
1284.12
25430.92
1394.03
1292.94
13434.17
1368.05
1283.88
1293.18
1285.08
1274.82
25439.02
1389.03
1314.88
13429.16
1370.91
1290.08
1305.82
1280.07
1279.12
25426.86
1377.11
1297.00
13475.89
1348.02
1298.19
1295.09
1280.07
1278.88
25465.97
1364.95
1296.04
13526.20
1327.04
1297.00
1311.06
1286.98
1281.98
25525.09
1317.98
1291.04
13518.81
1327.04
1291.99
1302.00
1287.94
1271.96
25531.05
1346.11
1286.03
13493.78
1316.07
1312.97
1298.90
1289.84
1285.08
25499.11
1325.85
13397.93
1396.89
1312.02
1298.19
1290.08
1285.08
25344.85
1433.13
1322.98
13422.97
1374.01
1312.02
1311.06
1282.93
1272.92
25413.04
1394.99
1307.01
13422.97
1378.06
1306.06
1297.00
1297.00
1291.99
25419.95
1394.99
1301.05
13423.92
1377.82
1302.96
1312.02
1294.85
1287.94
25420.19
1398.09
1307.01
13426.07
1381.16
1304.15
1315.12
1284.12
1287.94
25446.89
1379.97
1303.91
13508.08
1334.91
1305.82
1307.96
1281.02
1279.12
25498.15
1341.10
1296.04
13491.15
1313.92
1286.98
1303.91
1297.00
1279.12
25516.99
1330.85
1307.01
13497.11
1326.08
1290.80
1301.05
1286.98
1277.21
25531.05
1333.00
1286.98
13481.86
1322.03
1301.05
1297.95
1291.04
1266.00
25513.89
1326.08
13372.90
1420.97
1287.94
1297.95
1286.03
1281.98
21306.99
1483.20
1316.07
1315.12
1291.99
1287.22
25394.92
1446.96
1318.93
1303.20
1286.03
1286.03
33407.21
1436.00
1307.01
13446.09
1382.11
1299.14
1307.01
1293.90
1286.03
25422.81
1409.05
1296.04
13437.99
1374.01
1302.96
1307.96
1285.08
1282.93
25427.10
1384.97
1316.07
9411.10
1353.98
1301.05
9377.96
1343.01
1283.88
9380.10
1345.87
1299.86
9387.97
1346.11
1302.00
9413.00
1322.98
1296.04
9427.07
1314.88
1283.88
13455.15
1322.03
1284.84
1307.01
1275.06
1283.17
25477.17
1342.06
1299.14
13493.06
1333.95
1311.06
1302.00
1298.90
1284.84
25497.91
1333.00
1281.98
13504.03
1319.17
1297.00
1298.90
1278.16
1284.12
17504.93
1317.02
1291.04
1307.96
1295.09
1282.93
17519.95
1327.99
1292.94
1307.01
1291.99
1275.06
17503.98
1326.08
1284.12
1296.04
1278.88
1288.89
29542.21
1326.08
1291.04
1322.03
1285.08
1285.08
25547.03
1324.89
13370.99
1428.84
1297.00
1298.19
1290.08
1290.08
1279.12
25514.13
1322.98
13392.93
1387.12
1299.14
1306.06
1305.82
1277.92
17365.93
1390.93
1307.96
1307.01
1295.09
1290.08
17337.08
1416.92
1292.94
1303.91
1285.79
1290.08
17335.89
1426.94
1302.96
1291.04
1295.80
1285.08
1284.12
25496.96
1322.98
13386.01
1388.07
1312.97
1303.91
1295.09
1298.90
25397.06
1412.87
1311.06
13414.14
1373.05
1307.96
1308.92
1297.95
1301.05
29453.99
1403.81
1317.02
1308.20
11564.97
1385.93
1291.04
1286.03
11607.17
1321.08
1298.19
1280.07
11602.16
1317.98
1297.95
11518.96
1362.09
1309.16
1307.96
11457.92
1363.04
1301.05
1304.15
11602.16
1317.98
1291.99
1293.18
11594.06
1327.04
1296.04
11516.09
1363.04
1310.11
1294.14
11520.15
1349.93
1310.11
1286.98
11556.86
1320.84
1297.00
1305.82
11613.85
1298.90
1298.90
11511.80
1369.00
1334.91
1294.14
21975.04
1389.98
1295.09
1293.90
1282.93
1288.89
25409.94
1368.05
1282.93
13414.86
1376.15
1311.06
1295.09
1284.12
1289.13
25413.04
1389.98
1305.10
13422.97
1374.01
1304.86
1295.80
1288.89
1276.02
25450.94
1369.95
1293.90
13470.89
1353.98
1294.14
1299.14
1290.08
1279.12
25465.97
1341.10
1295.09
9484.05
1322.03
1285.08
9454.97
1308.92
1291.04
9459.02
1317.98
1283.17
9451.87
1320.12
1297.00
9447.10
1305.10
1291.99
9437.08
1297.95
1291.04
9427.07
1314.16
1290.08
9415.15
1301.05
1283.88
9405.85
1300.81
1288.89
9423.02
1308.92
9305.95
1389.03
1309.16
9317.16
1399.04
1302.00
9346.01
1372.10
1295.80
9337.90
1380.92
1297.95
9350.06
1358.03
1297.95
9341.96
1353.03
1293.90
9335.99
1357.08
1303.20
9340.05
1348.97
1300.10
9346.01
1345.87
1291.99
9343.15
1356.12
1302.96
9364.84
1349.93
1306.06
9359.84
1353.98
1291.99
9365.08
1346.11
1292.94
9353.88
1328.95
1306.77
9368.90
1352.07
1291.04
9368.90
1336.81
1298.90
9362.94
1344.20
1296.04
9374.14
1349.93
1296.04
9353.16
1360.18
1300.10
9378.19
1346.11
1301.05
9368.90
1357.79
1291.99
9364.84
1357.08
1298.90
9365.08
1350.16
1292.94
13390.06
1348.97
1297.00
1303.20
1294.14
1287.94
25399.92
1397.85
1301.05
9386.06
1355.89
1283.88
9368.90
1358.99
1294.85
9374.86
1360.89
1311.06
9372.95
1363.99
1301.05
9362.94
1342.06
1298.19
9377.96
1345.87
1288.89
9353.88
1350.88
1294.85
9369.85
1348.97
1297.95
9354.11
1340.15
1303.91
9366.04
1330.14
1293.18
9357.93
1332.04
1298.19
9368.90
1341.10
1291.04
13378.14
1352.07
1300.81
1301.05
1296.04
1291.04
25416.85
1379.97
1312.02
9418.96
1345.87
1298.90
9445.91
1328.95
1292.94
9439.95
1312.97
1286.98
9444.00
1315.12
1294.14
9432.08
1319.17
1290.08
9453.06
1328.95
1294.14
9427.07
1300.81
1286.03
13457.06
1309.16
1304.15
1292.94
1283.88
1287.94
13452.05
1315.83
1287.94
9438.99
1308.20
1290.08
13462.07
1307.96
1281.98
1297.95
1279.12
1281.02
25497.20
1317.98
1296.04
9447.10
1316.07
9318.83
1415.97
1307.01
9330.03
1395.94
1304.86
9361.98
1363.99
1302.96
9356.02
1362.80
1297.95
9366.04
1353.98
1289.84
9356.98
1365.18
1306.06
9370.09
1342.06
1303.91
9366.99
1346.11
1300.10
9367.94
1350.88
1312.97
9394.88
1350.88
1298.19
9362.94
1348.97
1291.04
9356.98
1355.17
1299.14
13386.01
1356.84
1296.04
1286.03
1286.98
1276.97
29427.05
1399.99
1307.01
9420.16
1363.04
1304.15
9404.18
1373.05
1314.88
9397.98
1358.99
1293.90
9374.86
1348.02
1299.14
9397.98
1338.01
1290.08
9413.00
1332.04
1287.94
9425.88
1316.07
1280.07
9446.14
1311.06
1312.97
9457.83
1311.06
1286.98
9455.92
1314.88
1291.99
9444.00
1321.79
1297.00
9438.99
1311.06
1296.04
9452.10
1300.10
1285.08
9427.79
1310.11
1291.04
9443.04
1297.00
1281.02
13437.99
1309.16
1307.96
1289.84
1291.99
1290.08
17498.97
1312.97
1302.00
1302.96
1289.84
1274.82
17488.96
1315.83
1306.06
1294.14
1272.92
1278.88
17511.84
1311.06
1304.15
1290.08
1279.83
1276.97
17508.03
1319.89
1307.01
1290.08
1278.16
1287.94
17513.04
1320.12
1301.05
1292.94
1277.92
1282.93
17504.93
1321.08
1309.16
1295.09
1278.16
1288.89
17505.88
1323.94
1308.20
1294.14
1278.16
1276.02
17515.18
1325.13
9346.96
1417.16
1308.92
13371.94
1380.92
1302.96
1309.16
1295.09
1276.97
25347.95
1460.08
1316.07
13431.07
1396.18
1316.07
1302.96
1286.98
1279.12
25424.96
1399.04
1316.07
9395.12
1361.13
1289.13
9402.04
1363.99
1302.00
9372.00
1361.13
1281.98
9390.83
1360.89
1286.03
9386.06
1348.02
1286.98
9358.17
1351.12
1297.95
13396.02
1351.12
1294.14
1287.94
1272.92
1286.98
25430.92
1389.03
1293.90
13412.00
1358.99
1304.86
1296.04
1286.03
1281.02
25435.92
1379.01
1291.99
13435.84
1356.84
1295.09
1309.16
1290.08
1290.08
17431.97
1368.05
1297.00
1294.85
1296.04
1276.97
17412.19
1369.00
1292.94
1303.91
1294.14
1274.11
17421.01
1363.99
1312.97
1314.16
1291.99
1279.12
25438.07
1373.05
1307.96
13497.83
1346.11
1297.95
1302.96
1293.18
1274.11
25505.07
1343.01
1291.04
13504.98
1335.86
1291.04
1303.91
1287.94
1286.03
25520.09
1333.95
1306.06
13515.00
1318.93
1293.90
1294.85
1282.93
1275.06
25528.91
1332.04
13323.07
1456.02
1303.20
1312.97
1294.85
1283.88
1270.06
25506.02
1327.99
13390.06
1385.93
1307.01
1300.10
1286.98
1302.96
25382.04
1409.05
1314.16
13426.07
1379.97
1301.05
1312.02
1287.94
1283.88
25413.04
1409.05
1294.85
13413.91
1386.88
1292.94
1303.20
1302.00
1276.97
25405.88
1385.93
1304.86
13422.97
1378.06
1285.79
1292.94
1283.17
1275.06
25425.20
1389.03
1299.86
13427.97
1376.87
1302.96
1302.00
1291.04
1287.94
25421.14
1398.09
1304.15
13436.08
1369.95
1306.06
1302.00
1282.93
1278.88
25431.87
1372.10
1301.05
13478.99
1335.86
1297.95
1308.20
1281.98
1286.03
25491.95
1341.82
1291.04
13510.94
1330.14
1293.18
1313.92
1277.92
1282.93
25520.09
1334.91
1296.04
13511.90
1320.12
1291.99
1293.90
1276.97
1286.03
25548.93
1329.90
1296.04
13490.92
1312.97
1295.80
1292.94
1283.88
1278.88
25521.99
1316.07
13374.81
1415.97
1287.94
1304.15
1291.99
1283.88
25373.94
1451.97
1314.88
13429.88
1393.08
1301.05
1299.86
1284.12
1282.93
25418.04
1394.99
1295.09
13366.22
1343.01
1283.88
1288.89
1285.79
1268.86
25379.90
1382.11
1297.00
13401.99
1359.94
1296.04
1293.90
1280.07
1269.10
25382.04
1395.94
1295.80
13401.99
1382.11
1290.08
1295.80
1284.84
1285.08
25407.08
1384.97
1299.14
13417.96
1369.95
1297.95
1297.00
1289.13
1280.07
25392.06
1371.86
1282.93
13410.81
1382.11
1291.99
1307.01
1300.10
1286.03
25403.02
1384.02
1293.18
13422.97
1360.89
1292.94
1292.94
1291.04
1276.97
25401.12
1393.80
1303.91
13434.89
1374.01
1309.16
1297.95
1296.04
1286.03
25419.00
1390.93
1293.90
13425.11
1369.00
1297.00
1309.16
1285.08
1281.02
25455.00
1387.12
1312.02
13487.82
1338.96
1302.96
1298.19
1290.08
1271.01
25491.00
1358.03
1294.85
13510.94
1319.89
1294.85
1301.05
1284.12
1287.94
25522.95
1342.06
1300.10
13515.95
1326.08
1307.96
1297.95
1280.07
1277.21
25520.09
1323.94
1303.91
13492.11
1320.12
1292.94
1299.86
1278.88
1288.89
25509.83
1314.16
13381.00
1402.85
1302.96
1305.10
1304.15
1275.06
25343.18
1455.07
1314.88
13410.09
1379.97
1297.00
1300.81
1303.91
1291.04
25403.02
1401.19
1307.96
13414.86
1384.97
1295.09
1299.14
1288.18
1286.03
25402.07
1410.96
1293.18
13417.01
1374.01
1310.11
1309.16
1295.09
1276.02
25404.93
1389.03
1301.05
13404.85
1369.00
1302.96
1299.14
1284.12
1271.01
25410.18
1387.12
1302.00
13420.10
1373.05
1298.19
1313.92
1286.03
1290.08
25439.02
1394.03
1312.97
13453.01
1348.97
1302.00
1305.10
1287.94
1274.11
25456.91
1358.99
1283.17
13484.95
1328.95
1290.80
1305.82
1281.98
1266.00
25510.07
1347.06
1305.82
13490.92
1318.93
1299.86
1294.85
1282.93
1281.98
25517.94
1330.14
1296.04
13497.11
1324.89
1298.90
1321.08
1282.22
1277.92
25534.87
1341.10
13319.02
1459.12
1316.79
1306.06
1296.04
1289.84
1277.92
25515.08
1325.85
13422.01
1379.01
1299.14
1302.96
1297.95
1281.98
25392.06
1410.01
1308.92
13417.01
1374.01
1311.06
1301.05
1297.00
1283.17
25416.14
1386.17
1313.92
13426.07
1371.15
1310.11
1300.10
1291.99
1277.92
25403.98
1392.84
1316.07
13422.01
1376.15
1305.10
1294.85
1273.87
1266.00
25404.93
1375.91
1308.92
13428.93
1377.82
1296.04
1299.14
1285.08
1284.12
25421.14
1392.13
1299.14
13418.91
1367.09
1299.14
1305.10
1297.00
1283.88
25422.10
1381.16
1296.04
13481.14
1337.05
1297.00
1307.96
1286.98
1276.97
25495.05
1351.12
1297.95
13508.08
1325.85
1280.07
1308.92
1290.08
1291.99
25507.21
1335.14
1296.04
13525.96
1326.08
1302.00
1302.96
1272.92
1279.83
25518.89
1343.01
1297.95
13498.07
1305.10
1313.21
1303.91
1288.89
1282.93
25504.83
1321.08
13395.07
1385.93
1302.96
1312.02
1286.03
1281.02
25385.14
1421.93
1323.94
13417.01
1375.91
1306.06
1307.01
1294.85
1281.02
25418.04
1394.03
1302.00
13414.14
1374.96
1311.06
1314.16
1282.93
1285.08
25407.08
1402.85
1299.86
13425.11
1372.10
1291.99
1297.00
1287.94
1283.88
25429.01
1379.01
1297.95
13442.04
1378.06
1302.00
1310.11
1288.89
1284.84
25429.96
1379.97
1312.97
13463.97
1352.07
1297.95
1317.98
1300.10
1271.96
25463.10
1337.05
1296.04
13498.07
1338.96
1306.06
1305.82
1297.95
1286.03
25513.89
1332.04
1296.04
13504.03
1327.99
1302.00
1304.86
1287.94
1281.02
25538.92
1336.10
1303.20
13483.05
1325.13
1316.07
1294.14
1287.22
1280.07
25501.97
1318.93
13345.96
1425.03
1318.93
1302.00
1306.06
1279.12
25341.99
1433.85
1307.01
13416.05
1388.07
1302.00
1298.19
1286.98
1276.97
25392.06
1418.83
1313.92
13427.02
1381.87
1300.10
1307.96
1289.13
1286.03
25413.99
1413.11
1311.06
13421.77
1357.08
1299.14
1299.14
1272.92
1276.02
25408.03
1396.89
1302.96
13408.18
1373.05
1294.14
1296.04
1277.92
1298.19
25431.87
1392.13
1300.10
13431.07
1386.88
1297.00
1309.16
1279.12
1291.99
25429.01
1403.09
1305.10
13478.99
1340.15
1311.06
1315.12
1289.13
1296.04
25504.11
1349.93
1286.98
13517.14
1330.14
1289.13
1301.05
1278.16
1272.92
25517.94
1335.86
1286.98
13515.00
1329.90
1297.00
1316.07
1283.88
1276.97
25541.07
1325.85
1284.84
13499.02
1306.06
1297.00
1281.02
1299.14
1291.04
25507.93
1347.06
13418.91
1380.92
1304.86
1294.85
1297.00
1286.03
25388.96
1413.82
1303.91
13426.07
1386.17
1296.04
1312.02
1289.13
1288.18
25408.03
1405.00
1306.06
13434.89
1363.99
1301.05
1304.86
1286.98
1280.07
25407.08
1377.82
1302.96
13427.97
