1262.90
1133.92
1113.89
17298.94
1152.99
1106.98
17184.02
1226.19
1165.15
1129.15
17326.12
1167.06
1160.14
17305.14
1188.04
1115.80
17189.98
1219.99
1137.97
1125.10
17317.06
1147.99
1124.14
17291.07
1171.83
1120.09
17208.10
1235.96
1139.88
1108.88
17301.08
1158.95
1130.10
17192.13
1230.96
1147.03
17169.95
1269.82
1138.93
1111.03
17306.09
1166.11
1111.98
17191.89
1216.17
1128.91
1122.00
17311.10
1135.83
1144.89
17302.04
1150.13
1106.02
17168.05
1230.00
1147.99
1113.18
17328.98
1147.03
1142.98
17237.90
1230.00
1129.87
17172.81
1245.98
1138.93
1120.09
17298.94
1150.85
1101.97
17189.98
1218.08
1115.08
1101.02
17294.88
1127.96
1103.88
17195.94
1196.86
1117.94
17157.08
1242.16
1142.02
1127.00
17321.11
1173.02
1122.00
17191.17
1239.06
1148.94
1120.09
17289.88
1147.99
1116.99
17272.95
1164.20
1127.00
17174.96
1302.96
1141.79
1118.90
17298.94
1137.02
1115.08
17187.83
1192.09
1114.13
1105.07
17280.82
1169.92
1124.86
17301.08
1161.10
1127.96
17194.03
1220.94
1147.99
1130.10
17302.99
1139.88
1121.04
17282.96
1160.86
1118.90
17171.86
1241.92
1123.91
1112.94
17305.85
1162.05
1124.14
17200.95
1205.92
1125.10
1122.95
17292.02
1133.92
1113.18
17294.88
1147.03
1113.89
17196.18
1230.00
1142.98
1111.98
17297.98
1147.99
1118.18
17189.03
1220.94
1124.86
1112.94
17302.99
1144.17
1139.16
17308.00
1155.85
1127.96
17188.79
1219.99
1131.06
1122.95
17328.98
1142.98
1111.98
17270.09
1158.00
1127.00
17159.94
1257.18
1148.94
1129.87
17318.96
1147.99
1127.00
17175.91
1224.99
1120.09
1103.88
17272.95
1144.17
1135.11
17297.03
1152.99
1116.99
17182.83
1225.95
1142.98
1117.23
17294.88
1169.92
1132.01
17207.15
1195.19
1104.12
17182.11
1235.01
1126.05
1105.07
17285.82
1148.94
1126.05
17187.83
1226.90
1123.91
1122.00
17302.99
1158.00
1127.96
17218.83
1199.01
1137.97
17189.03
1235.01
1142.02
1114.13
17290.12
1152.04
1137.97
17194.03
1225.95
1122.00
1096.01
17318.01
1136.06
1111.98
17271.04
1168.97
1112.94
17219.07
1237.15
1127.00
1124.14
17294.17
1154.18
1113.89
17193.08
1206.16
1137.02
1110.08
17267.94
1124.86
1111.98
17339.94
1173.02
1107.93
17173.05
1230.00
1132.97
1112.94
17325.88
1158.95
1131.06
17277.96
1183.03
1131.06
17169.95
1254.08
1144.89
1110.79
17289.88
1158.00
1122.00
17200.95
1215.93
1129.87
1102.92
17274.14
1151.80
1117.94
17297.03
1149.18
1139.16
17198.09
1242.88
1118.90
1110.79
17303.94
1139.88
1111.03
17207.15
1218.80
1110.08
1090.05
17285.11
1137.02
1137.97
17301.08
1162.05
1118.90
17191.89
1261.95
1215.93
1124.86
17319.92
1138.93
1115.08
17284.87
1153.95
1128.20
17212.15
1248.84
1122.00
1106.02
17325.88
1148.94
1119.85
17230.03
1205.21
1111.03
17176.87
1261.00
1136.06
1108.88
17328.02
1149.18
1113.89
17184.02
1235.96
1127.00
1119.85
17298.94
1136.06
1133.92
17313.96
1163.01
1137.02
17176.87
1250.98
1132.01
1130.10
17306.09
1146.79
1120.09
17277.96
1177.07
1116.04
17183.07
1247.88
1127.96
1138.93
17323.97
1150.13
1106.98
18050.91
1145.12
1112.94
17323.97
1185.89
1114.85
17182.83
1244.07
1135.83
1105.07
17317.06
1160.86
1120.81
17287.02
1161.81
1115.08
17188.07
1235.01
1132.01
1117.94
17314.91
1164.91
1116.04
17254.11
1182.08
1133.92
17181.16
1238.11
1125.81
1126.05
17308.00
1169.92
1126.05
17182.11
1220.94
1127.96
1114.13
17310.14
1135.11
1116.99
17293.93
1157.05
1111.03
17180.92
1230.00
1122.00
1131.06
17300.13
1149.18
1127.96
17196.89
1208.07
1116.99
1101.02
17286.78
1133.92
1129.87
17274.86
1147.03
1122.00
17184.97
1225.23
1144.17
1101.97
17298.94
1147.03
1117.94
17195.94
1241.92
1218.08
17205.00
1241.92
1133.92
1127.00
17310.86
1154.90
1116.99
17217.16
1224.04
1116.99
1113.18
17292.02
1149.89
1107.93
17294.88
1164.91
1121.04
17174.01
1226.90
1120.81
1123.91
17304.90
1150.13
1116.99
17183.78
1194.00
1128.91
17148.02
1255.04
1120.09
1109.12
17308.95
1173.02
1112.94
17169.95
1232.86
1127.00
1116.99
17312.05
1155.14
1120.09
17248.15
1195.19
1127.00
17181.87
1245.98
1127.96
1111.03
17299.89
1177.07
1117.94
17199.99
1218.80
1125.10
1106.98
17282.96
1151.08
1107.93
17305.14
1179.93
1115.08
17213.11
1230.96
1132.97
1115.08
17283.20
1142.98
1112.94
17171.86
1214.98
1116.99
1111.03
17301.80
1151.08
1137.97
17310.86
1168.97
1121.04
17200.95
1224.99
1127.00
1122.95
17320.87
1160.86
1118.90
17287.02
1168.01
1127.00
17172.10
1225.95
1127.00
1114.85
17297.03
1155.14
1128.91
17189.98
1230.96
1124.86
1116.99
17269.13
1156.09
1118.90
17299.89
1158.95
1109.84
17167.81
1223.09
1127.96
1116.99
17300.84
1142.98
1122.95
17188.07
1218.80
1123.91
17169.00
1258.13
1146.08
1122.95
17318.01
1250.98
1132.97
17184.02
1208.07
1125.10
1122.00
17297.98
1146.08
1115.80
17300.13
1168.01
1122.00
17184.02
1230.00
1127.96
1104.83
17303.94
1139.88
1110.08
17189.03
1240.97
1125.10
17159.22
1245.98
1123.91
1116.99
17301.08
1151.80
1111.98
17197.13
1230.00
1120.09
1106.98
17300.84
1145.12
1116.04
17195.94
1215.93
1126.05
17169.95
1244.07
1133.92
1120.09
17304.90
1150.85
1111.03
17181.16
1240.02
1127.00
1102.92
17305.85
1145.84
1126.05
17258.17
1196.15
1127.00
17184.97
1250.98
1144.17
1132.97
17306.09
1138.93
1114.13
17203.09
1233.82
1129.15
1103.16
17273.90
1127.96
1142.02
17291.07
1165.15
1117.94
17174.01
1220.94
1122.00
1112.94
17308.00
1167.06
1127.00
17202.85
1208.07
1132.97
17176.87
1254.08
1138.93
1122.00
17300.13
1163.01
1115.08
17188.07
1215.93
1123.19
1111.03
17308.00
1133.92
1120.09
17248.15
1184.94
1126.05
17157.08
1220.94
1125.10
1105.07
17283.20
1144.17
1110.08
17179.97
1214.03
1122.95
1111.03
17283.92
1127.00
1125.10
17189.98
1206.87
1117.94
1097.92
17273.90
1134.87
1114.85
17313.00
1222.85
1128.91
17200.95
1224.04
1139.88
1126.05
17307.04
1152.04
1132.97
17292.98
1163.96
1132.01
17175.91
1213.07
1116.04
1114.85
17287.02
1149.18
1107.93
17179.01
1216.89
1127.96
1111.98
17293.93
1145.12
1120.09
17284.15
1158.00
1123.91
17171.86
1233.10
1126.05
1127.00
17318.01
1163.01
1114.85
17185.93
1214.03
1122.00
1106.98
17288.92
1130.82
1131.06
17294.88
1154.18
1127.96
17174.96
1224.99
1131.06
1122.00
17309.90
1156.09
1127.96
17203.81
1194.95
1132.01
17171.86
1249.07
1135.11
1122.00
17300.84
1161.10
1132.01
17199.99
1217.13
1132.97
1113.18
17292.98
1141.07
1116.04
17263.17
1170.16
1111.98
17187.12
1229.05
1129.15
1112.94
17288.92
1149.89
1122.95
17183.07
1224.99
1132.01
1120.81
17297.98
1155.85
1134.87
17290.83
1166.11
1122.00
17180.20
1227.14
1137.97
1130.10
17309.90
1157.05
1116.04
17194.03
1215.93
1124.86
17158.99
1241.92
1135.83
1123.91
17302.04
1158.00
1123.91
17196.89
1219.03
1129.15
1120.09
17301.08
1153.95
1124.86
17271.04
1173.97
1122.95
17181.16
1232.15
1139.16
1126.05
17301.08
1155.85
1116.04
17208.10
1223.09
1128.20
1112.94
17282.01
1142.98
1137.97
17305.85
1153.95
1114.85
17187.83
1233.10
1137.02
1110.79
17296.08
1157.05
1133.92
17235.99
1186.13
1116.99
17172.81
1235.96
1136.06
1116.99
17298.94
1157.05
1118.90
17189.03
1216.17
1133.92
1114.13
17309.90
1140.12
1135.11
17282.01
1173.02
1125.10
17183.07
1236.92
1131.06
1118.90
17304.90
1152.99
1111.98
17184.02
1230.00
1129.15
1112.94
17297.98
1141.79
1118.90
17309.90
1157.05
1125.10
17184.02
1224.99
1133.20
1123.91
17297.03
1158.00
1132.97
17282.96
1170.87
1122.00
17204.05
1245.02
1129.87
1129.87
17313.96
1153.95
1124.14
17189.98
1213.07
1140.12
17148.97
1255.04
1136.06
1132.01
17292.98
1149.18
1136.06
17205.00
1230.96
1132.01
1121.04
17310.14
1149.18
1131.06
17275.09
1163.01
1115.08
17193.08
1228.81
1144.89
1122.00
17309.90
1157.05
1122.95
17189.98
1218.08
1132.97
1125.10
17304.18
1136.06
1127.00
17309.90
1157.05
1131.06
17209.77
1233.10
1135.11
1118.90
17308.95
1149.89
1110.79
17277.00
1181.84
1132.97
17209.05
1246.93
1129.87
1115.80
17310.86
1162.05
1121.04
17202.85
1209.02
1122.95
17166.85
1259.09
1139.16
1119.14
17308.95
1165.15
1117.94
17192.84
1226.90
1122.95
1120.09
17295.84
1147.99
1133.92
17302.04
1170.87
1122.95
17192.13
1236.92
1139.88
1129.87
17308.00
1159.19
1126.05
17229.80
1203.06
1132.97
17174.96
1247.88
1127.96
1122.00
17297.98
1151.08
1116.99
17204.05
1224.99
1144.17
1129.15
17287.97
1150.85
1122.00
17302.04
1175.88
1122.00
17194.03
1227.86
1137.97
1125.81
17304.90
1166.82
1132.01
17268.90
1189.95
1140.83
17196.89
1240.97
1129.87
1114.85
17309.90
1163.96
1122.95
17206.19
1237.15
1130.10
17189.03
1259.09
1132.01
1114.85
17308.00
1166.11
1134.16
17201.90
1224.99
1138.93
1127.00
17298.94
1140.12
1129.87
17297.98
1175.88
1131.06
17191.89
1225.95
1137.97
1135.11
17303.94
1147.99
1135.11
17273.19
1181.13
1142.02
17179.01
1245.02
1137.02
1119.14
17323.02
1166.82
1118.90
17205.00
1221.90
1139.88
17174.01
1252.89
1135.83
1128.91
17300.84
1156.09
1126.05
17187.12
1230.00
1146.08
1127.00
17299.89
1149.89
1127.96
17305.14
1169.20
1125.10
17194.99
1230.96
1132.01
1111.03
17298.94
1143.93
1122.95
17204.05
1209.97
1127.96
17158.99
1244.07
1134.16
1112.94
17292.02
1164.91
1122.00
17210.01
1229.05
1128.91
1111.98
17311.10
1151.08
1118.90
17280.82
1177.07
1142.98
17197.85
1235.01
1140.83
1122.95
17316.82
1157.05
1129.15
17219.07
1201.87
1134.16
17189.98
1245.02
1143.93
1136.06
17304.90
1160.86
1121.04
17189.98
1227.86
1138.93
17282.96
1240.02
1141.07
1116.99
17298.94
1158.00
1123.91
17194.99
1222.85
1128.91
1120.81
17301.08
1152.99
1116.04
17286.06
1165.15
1127.00
17184.97
1228.81
1146.08
1121.04
17303.94
1160.86
1132.97
17200.95
1205.92
1139.88
17176.87
1248.12
1145.12
1122.95
17308.00
1159.91
1122.95
17178.06
1217.84
1147.99
1120.09
17294.17
1158.95
1122.00
17291.07
1168.97
1125.10
17186.16
1230.00
1146.08
1119.14
17297.03
1150.13
1124.14
17206.91
1219.03
1149.18
17168.05
1256.94
1134.87
1125.10
17308.95
1163.96
1120.81
17195.94
1214.03
1138.93
1116.99
17295.12
1158.00
1130.82
17294.88
1163.01
1128.91
17199.04
1239.06
1147.03
1116.99
17307.04
1158.00
1117.94
17246.01
1189.95
1123.91
17186.88
1238.11
1132.01
1117.94
17303.94
1157.05
1114.85
17188.07
1235.96
1137.02
1127.00
17303.94
1144.89
1123.91
17296.79
1157.05
1126.05
17191.17
1240.02
1141.07
1116.99
17318.96
1151.80
1132.01
17264.13
1181.13
1135.11
17181.16
1232.86
1132.97
1120.09
17308.95
1154.90
1125.10
17196.89
1223.09
1147.03
1123.91
17299.18
1142.98
1122.95
17289.88
1159.91
1142.02
17198.09
1222.13
1140.12
1125.10
17297.98
1153.95
1121.04
17284.87
1172.07
1137.97
17182.11
1235.96
1135.11
1113.18
17320.16
1158.95
1136.06
17210.01
1229.05
1132.97
17173.05
1247.17
1145.12
1121.04
17299.18
1161.81
1124.86
17203.81
1235.01
1159.91
1130.82
17284.87
1147.99
1118.18
17299.89
1163.96
1123.91
17187.83
1238.11
1130.10
1120.09
17327.07
1154.90
1122.00
17256.02
1188.04
1121.04
17176.87
1235.96
1137.97
1119.14
17303.94
1163.01
1124.86
17203.81
1224.04
1142.02
1136.06
17293.93
1142.98
1131.06
17289.88
1162.05
1122.95
17210.01
1222.13
1128.20
1120.09
17308.95
1152.04
1132.97
17284.15
1170.16
1120.09
17189.03
1240.02
1132.97
1122.95
17310.86
1147.99
1115.08
17201.90
1229.05
1139.16
17153.98
1265.05
1137.02
1122.00
17308.95
1156.09
1126.05
17194.99
1237.87
1147.99
1122.00
17298.94
1154.90
1128.20
17302.99
1168.01
1129.15
17184.02
1251.94
1143.93
1127.96
17307.04
1163.01
1122.00
17256.02
1183.03
1137.02
17186.88
1227.86
1137.02
1122.00
17297.98
1161.81
1124.86
17195.94
1233.10
1137.02
1120.09
17293.93
1145.84
1125.81
17292.02
1158.00
1131.06
17204.05
1232.86
1134.87
1132.01
17309.90
1158.95
1137.97
17267.94
1178.98
1132.01
17189.03
1238.11
1152.04
1122.00
17307.04
1150.13
1132.97
17200.95
1212.84
1141.07
17174.01
1243.11
1138.93
1129.87
17292.98
1152.04
1122.00
17194.99
1220.94
1144.89
1118.90
17310.86
1147.99
1118.18
17282.96
1168.97
1126.05
17197.85
1246.93
1139.88
1111.03
17313.96
1155.14
1123.91
17201.90
1217.13
1121.04
17179.97
1230.00
1142.02
1131.06
17317.06
1167.06
1122.00
17194.99
1222.85
1132.97
1118.18
17301.08
1145.12
1130.10
17292.98
1166.11
1131.06
17208.10
1242.88
1138.93
1121.04
17311.81
1156.09
1125.10
17266.99
1177.07
1114.13
17180.92
1240.02
1139.88
1131.06
17313.96
1149.89
1124.86
17189.03
1223.80
1133.92
1113.89
17283.92
1136.06
1122.00
17292.02
1171.11
1131.06
17200.23
1230.00
1136.06
1115.08
17302.99
1160.86
1130.10
17240.05
1181.84
1125.81
17170.91
1243.11
1129.15
1120.09
17306.09
1159.91
1131.06
17212.15
1230.00
1147.99
1133.20
17297.98
1136.06
1132.01
17294.17
1156.09
1132.97
17207.86
1230.00
1138.93
1123.19
17302.04
1172.78
1128.91
17301.08
1182.08
1143.22
17174.96
1235.01
1142.02
1123.91
17326.83
1148.94
1123.91
17259.84
1183.99
1139.16
17184.02
1240.02
1137.02
1119.85
17295.84
1172.07
1150.13
17219.07
1235.01
1142.98
17171.86
1245.02
1140.12
1139.16
17317.06
1161.10
1132.97
17198.09
1230.00
1132.97
1118.90
17300.84
1149.89
1127.00
17302.04
1161.81
1134.87
17179.01
1255.04
1132.97
1122.00
17302.99
1147.99
1136.06
17270.09
1188.04
1134.16
17176.87
1245.02
1144.89
1133.92
17321.83
1154.90
1123.91
17205.00
1221.18
1136.06
17174.01
1304.15
1142.98
1114.85
17292.02
1170.16
1119.14
17204.05
1241.92
1129.87
1120.81
17289.88
1147.03
1128.20
17302.04
1158.00
1127.00
17209.05
1240.97
1132.97
1119.14
17313.00
1153.95
1128.91
17289.88
1183.03
1131.06
17204.05
1244.07
1144.17
1117.94
17308.00
1161.10
1131.06
17227.17
1206.16
1130.10
17198.09
1250.98
1142.98
1124.86
17298.94
1146.79
1127.96
17201.90
1222.13
1142.02
1119.14
17286.06
1142.98
1126.05
17298.94
1158.00
1137.02
17197.85
1224.99
1120.81
1116.99
17320.16
1145.12
1129.15
17256.02
1191.85
1134.87
17170.91
1239.06
1127.96
1116.99
17304.90
1157.05
1131.06
17195.94
1225.95
1144.89
1122.95
17302.99
1152.04
1134.16
17309.90
1162.05
1129.15
17202.14
1237.15
1141.07
1122.00
17306.80
1148.94
1124.86
17307.04
1169.92
1147.03
17183.07
1243.11
1140.12
1132.01
17305.14
1158.95
1139.16
17282.01
1162.77
1119.85
17199.04
1236.20
1140.12
1127.00
17317.06
1163.96
1119.85
17212.87
1224.04
1122.95
17173.05
1250.03
1149.89
1117.94
17295.12
1161.81
1128.91
17198.09
1238.11
1140.83
1138.93
17304.18
1151.08
1122.95
17292.98
1158.95
1116.99
17191.17
1238.11
1139.16
1116.99
17315.15
1162.05
1127.96
17245.05
1199.01
1130.10
17182.11
1241.21
1130.10
1125.10
17308.95
1154.90
1127.96
17202.14
1236.20
1130.10
1127.00
17279.86
1148.94
1122.95
17300.13
1167.06
1127.00
17188.07
1209.02
1115.08
1104.12
17297.03
1139.16
1115.08
17184.97
1214.98
1124.86
1116.99
17277.00
1137.02
1115.08
17308.00
1159.91
1122.95
17179.01
1235.01
1131.06
1126.05
17306.80
