1312.97
1307.96
1282.93
1298.90
1278.88
25526.05
1317.02
21356.82
1455.07
1287.94
1288.89
1281.02
1251.94
1264.81
17483.95
1286.98
1261.00
1267.91
1266.96
1279.12
25519.13
1305.82
1329.90
13496.88
1308.92
1284.84
1271.01
1260.04
1262.90
29534.10
1314.16
1277.21
1313.92
1264.81
1262.90
25555.85
1331.09
13341.19
1440.05
1287.94
17379.05
1419.07
1300.10
17395.97
1399.04
1311.06
21409.99
1374.01
1277.92
9387.02
1338.01
1266.00
13406.04
1342.06
1282.93
1275.06
1261.00
1270.06
25386.10
1384.02
1298.90
13397.93
1358.03
1281.02
1273.16
1265.05
1266.00
25393.96
1389.03
1290.08
13415.10
1397.13
1294.14
17419.10
1394.99
1292.94
17401.93
1384.97
1311.06
17423.87
1341.10
1265.05
1325.13
1283.17
1259.09
25401.12
1363.99
1270.06
13424.87
1351.12
1267.91
1277.92
1268.86
1265.05
25434.97
1383.07
1282.93
13409.85
1353.98
1266.96
1291.99
1297.00
1282.22
25400.88
1389.03
1288.89
17443.90
1385.93
1288.89
17433.88
1375.91
1286.03
17523.05
1321.79
1291.04
13483.05
1303.91
1277.21
1276.02
1261.00
1244.07
25491.00
1321.08
1266.00
13487.82
1307.96
1264.81
1279.12
1261.95
1243.83
25465.01
1356.12
1285.08
13486.15
1321.08
1273.87
1269.82
1266.96
1266.96
25487.18
1332.04
1295.09
17529.96
1374.96
1373.05
25557.04
1322.03
1284.12
1283.17
16605.14
1374.01
1288.89
1276.97
23240.09
1356.84
1286.98
9482.15
1295.09
1262.19
17492.06
1313.92
1261.00
17498.02
1293.90
1264.81
1283.88
1260.04
1254.08
25550.13
1309.16
1271.01
1305.10
1259.09
1248.12
29530.05
1333.95
1278.88
1278.88
1255.99
1270.06
25529.15
1331.09
1276.02
13525.01
1314.16
1290.08
1289.84
1271.96
1255.99
25520.80
1317.02
1284.12
17505.17
1288.18
17375.95
1432.18
1291.99
21396.88
1391.89
1278.16
1280.07
1283.17
1274.11
25386.10
1452.21
1280.07
9375.10
1358.99
1281.02
13379.81
1354.93
1276.97
1293.18
1256.94
1261.00
25278.09
1456.02
1280.07
13330.94
1419.07
1271.96
1268.15
1279.12
1274.11
1257.18
29540.06
1333.00
17364.03
1436.95
1295.09
21401.17
1382.83
1285.08
9394.88
1382.11
1302.96
13412.95
1373.05
1284.12
1297.95
1267.91
1278.88
25393.01
1381.16
1287.94
13400.08
1358.03
1283.88
1309.16
1271.96
1261.00
25388.00
1388.07
1274.11
17416.00
1366.85
1287.94
13366.94
1353.98
1270.06
17400.98
1369.95
1298.90
17416.00
1377.82
1329.90
1395.94
1276.02
1281.02
25414.94
1389.03
1296.04
13436.08
1358.99
1273.87
1290.08
1260.04
1259.80
25408.03
1381.87
1281.98
13447.05
1379.01
1268.15
1271.96
1261.00
1261.00
25437.83
1379.97
1258.85
17414.81
1362.09
1277.21
17411.95
1375.91
1291.99
13473.99
1333.00
1279.12
1306.06
1255.04
1276.02
25458.10
1358.99
1297.00
1276.97
1281.02
1278.88
29438.02
1374.01
1296.04
17493.01
1317.98
1289.13
9478.09
1307.01
22229.91
1358.99
1287.94
9402.04
1333.00
1272.20
13406.99
1333.95
1297.95
1317.02
1286.03
1255.99
25401.12
1366.14
1276.97
13413.91
1370.91
1291.99
17418.15
1352.07
1286.98
13413.91
1338.01
1273.16
1286.98
1275.06
1271.96
25425.91
1387.83
1286.03
13429.16
1358.03
1279.12
1274.11
1272.92
1268.15
25416.14
1370.19
1296.04
13418.91
1345.87
1286.03
1286.98
1261.95
1276.02
25417.09
1381.16
1289.13
13406.04
1344.92
1286.98
1290.08
1256.94
1269.82
21395.92
1346.11
1258.13
13392.93
1363.99
1268.86
17421.01
1340.15
1269.10
17395.02
1378.06
1273.16
21413.09
1358.99
1305.10
9443.04
1350.88
1364.95
13462.07
1301.05
1265.05
1289.84
1263.86
1263.86
25495.05
1324.18
1305.10
13504.98
1302.96
1291.99
1291.99
1258.85
1252.89
25501.01
1304.15
1275.06
13496.88
1309.87
1287.94
17493.01
1288.89
1264.81
17508.03
1297.00
1267.91
17502.07
1296.04
1273.16
1276.02
1255.04
1253.84
25492.91
1313.92
1266.96
13486.15
1299.14
1276.02
1299.86
1281.02
1270.06
25507.21
1309.16
1281.98
13515.95
1317.02
1295.09
1269.10
1268.15
1259.09
25499.11
1311.06
1288.89
17504.93
1314.88
17361.16
1429.80
1324.89
17389.06
1360.18
1273.16
13407.95
1363.99
1284.12
1283.17
1261.95
1257.90
25329.11
1436.00
1288.18
13376.00
1379.01
1284.12
1271.96
1272.92
1250.98
1258.13
25496.01
1297.95
13339.04
1427.17
1291.04
1268.15
1257.90
1263.86
1257.90
29516.94
1312.97
1275.06
17494.92
1307.96
13366.94
1397.85
1291.99
1288.18
1271.01
1256.23
1275.06
29506.92
1302.00
1281.98
1266.00
1253.84
1262.90
25516.03
1298.19
1255.04
13461.11
1289.13
1283.17
1261.95
1258.85
1248.84
25510.07
1296.04
1266.00
13500.93
1299.86
1311.06
13468.03
1291.99
1270.06
17473.94
1306.06
17338.04
1415.97
1277.92
21374.94
1389.98
1276.02
9366.99
1363.04
1281.98
13363.84
1348.02
1285.08
1291.99
1269.82
1278.16
25323.15
1470.80
1313.92
13392.93
1361.85
1276.97
1285.08
1266.00
1264.81
1240.02
25496.01
1301.05
13328.08
1411.91
1281.98
17328.98
1423.12
1274.11
17369.03
1385.93
1280.07
17385.01
1359.94
1284.84
1289.84
1271.01
1254.08
1254.08
25507.93
1287.94
13334.99
1404.05
1295.09
1281.02
1273.87
1251.94
1277.92
25491.00
1308.92
13311.86
1491.07
1429.08
1307.01
1274.82
1276.97
25385.86
1374.01
1302.00
17387.87
1369.95
1293.90
17402.89
1364.95
1262.90
17421.96
1363.99
1285.08
13405.08
1343.01
1270.06
1283.17
1265.05
1255.99
25377.99
1377.82
1277.92
13382.91
1349.93
1276.02
1281.02
1276.02
1276.02
21371.13
1389.03
1278.88
1265.05
1270.06
1258.13
1264.10
29500.01
1312.02
13332.13
1449.82
1302.00
17409.09
1391.89
1305.82
21407.84
6603.00
1301.05
1273.16
21580.93
1451.97
1301.05
1285.08
16766.07
1382.83
1281.02
1264.10
6950.14
1302.00
1332.04
16592.98
1342.06
1282.93
1269.82
16586.07
1338.01
1286.03
1250.98
21655.80
1349.93
1262.90
1222.85
17030.95
1265.05
1240.97
16546.01
1351.12
1257.90
1245.02
11496.07
1344.20
1255.99
1251.94
25407.08
6500.96
1344.92
1266.00
1255.04
21930.93
1293.90
1258.85
9466.89
1292.94
1261.00
17453.91
1296.04
1264.10
21523.00
1317.02
1267.91
9463.07
1282.93
1267.91
17469.88
1304.86
1259.09
17492.06
1297.00
1275.06
17506.12
1309.87
1278.88
17477.99
1290.08
17330.17
1437.19
1289.13
17373.09
1387.83
1277.92
17385.01
1372.10
1286.03
17393.11
1361.85
1281.02
21414.04
1382.83
1296.04
17400.03
1369.95
1288.18
13390.06
1357.08
1300.10
1276.02
1254.80
1266.96
25398.02
1374.01
1277.92
13401.03
1355.89
1272.92
1273.87
1267.91
1263.14
25379.18
1374.96
1282.93
13387.92
1355.17
1279.12
1281.98
1266.00
1261.95
25322.91
1434.80
1290.08
13384.10
1374.01
1272.92
1296.04
1264.10
1250.98
1261.95
25493.14
1291.99
17351.87
1413.11
1296.04
17428.87
1374.01
1281.02
13381.00
1358.99
1273.87
1283.88
1266.00
1263.14
29340.03
1457.93
1286.03
1290.08
1279.12
1265.05
1269.10
25483.13
1303.91
13329.03
1412.87
1287.94
1276.97
1276.02
1257.90
1278.16
25501.01
1305.82
1271.96
13451.81
1286.03
1259.09
13473.99
1283.88
17313.00
1422.88
1278.88
17339.94
1410.96
1276.02
21327.02
1412.87
1288.18
9356.02
1369.95
1292.94
13359.07
1353.98
1275.06
1286.03
1254.80
1249.07
1250.03
25493.86
1302.96
1262.19
13463.02
1279.83
1271.01
1260.04
1252.89
1253.84
25507.93
1312.97
1263.14
17492.06
1289.13
1259.80
17488.96
1294.85
1266.00
17462.02
1296.04
21319.15
1423.84
1287.94
9326.22
1387.12
1285.08
13312.10
1373.05
1280.07
1273.16
1264.10
1261.95
1250.03
25516.03
1304.86
1272.92
13457.06
1302.00
1263.14
1285.08
1259.09
1255.99
25511.98
1307.01
1276.02
13478.99
1284.84
1287.94
13471.13
1311.78
1271.96
1446.96
1296.04
17343.04
1405.00
1274.11
13340.00
1397.85
1275.06
1276.02
1271.01
1261.00
1251.94
25503.87
1300.10
1272.92
13458.97
1297.00
1273.16
1267.91
1258.85
1246.93
25499.11
1294.14
1249.79
13497.83
1292.94
1269.82
1272.92
1267.91
1259.80
29518.84
1306.06
1284.12
17502.07
1302.00
1270.06
13481.14
1291.99
1272.92
1271.96
1266.00
1259.80
29520.03
1307.96
1271.01
1281.02
1265.05
1251.22
29520.99
1308.92
1295.09
1292.23
1271.96
1262.19
25511.98
1324.89
1289.84
9475.95
1303.91
1280.78
13483.05
1297.00
1268.86
13463.02
1284.12
1273.16
17449.14
1289.13
1260.04
17437.93
1295.09
1263.14
21476.98
1292.94
9296.18
1399.99
1284.12
13293.03
1432.18
1286.98
1282.93
1271.01
1276.02
1254.08
25488.14
1309.16
1280.07
13461.83
1312.97
1276.02
1285.08
1277.92
1260.04
25497.20
1305.10
1284.12
13493.06
1307.96
17302.04
1441.00
1289.13
17337.08
1410.96
1282.93
17374.04
1379.01
1291.99
1280.07
1281.02
1264.10
1255.99
25491.00
1317.02
13327.84
1411.91
1281.02
1298.19
1275.06
1268.15
1256.94
25496.01
1297.95
1271.96
13463.97
1291.99
1296.04
1264.81
1267.91
1267.91
25503.87
1306.06
1264.10
17497.06
1304.86
17349.00
1429.80
1294.85
17358.06
1378.06
1281.02
13367.89
1358.03
1280.07
1278.88
1261.00
1254.08
1248.12
25489.09
1320.12
13313.06
1436.95
1283.88
1284.12
1278.16
1254.08
1255.99
25480.03
1291.99
1271.01
13489.01
1292.94
1266.00
1272.92
1280.07
1263.14
29528.14
1317.98
1281.98
17495.16
1302.96
1274.82
17472.03
1292.94
17349.96
1414.06
1299.14
17376.18
1373.05
1297.00
17401.93
1374.96
1284.84
17395.97
1365.90
1281.98
17403.84
1367.09
1272.92
17392.87
1360.89
1275.06
17410.04
1364.95
1279.12
17393.11
1359.94
1271.01
17408.85
1358.99
1287.94
17405.03
1358.99
1279.83
17390.01
1353.03
1271.96
17398.83
1348.97
1278.88
17390.01
1345.16
1269.10
17399.07
1365.18
1261.00
17414.81
1333.95
1267.19
17452.96
1324.89
1271.01
17466.07
1312.97
1266.00
17473.94
1302.96
1279.12
17498.02
1323.94
1281.02
17511.13
1300.10
1272.20
17513.04
1308.92
1283.17
17476.08
1291.99
1269.82
17461.06
1289.13
17325.16
1416.21
1272.92
17333.03
1407.86
1278.16
1280.07
1270.06
1250.98
1260.04
29531.00
1292.94
1266.00
17482.04
1292.23
17319.92
1438.14
1280.07
17345.91
1417.88
1286.03
17386.91
1379.01
1278.88
17392.87
1362.09
1276.02
17386.20
1346.11
1273.87
17397.17
1360.89
1265.05
17376.90
1359.94
1280.07
17412.90
1358.03
1279.12
1276.02
1272.92
1258.85
25374.89
1378.06
1279.12
13399.12
1358.99
1277.92
1283.88
1266.96
1266.00
25341.99
1412.87
1291.99
13370.99
1364.95
1289.13
1276.02
1258.85
1258.85
1260.04
25475.98
1292.94
13302.09
1418.11
1286.03
1274.11
1263.14
1257.18
1255.04
25498.87
1310.11
1287.94
13473.99
1286.03
1267.91
1268.86
1271.01
1255.04
25518.18
1312.02
1281.02
13473.99
1296.04
1271.96
1277.92
1259.09
1261.00
25521.04
1309.16
1271.01
13502.84
1293.90
1277.92
1316.79
1266.00
1253.13
25516.99
1306.06
1266.00
13499.02
1310.11
1274.11
1277.92
1250.98
1265.05
25523.90
1320.84
1285.08
13489.96
1290.08
1271.01
17480.85
1318.93
17347.10
1439.09
1297.95
17387.87
1384.97
1281.02
1286.98
1278.88
1263.86
25322.91
1442.91
1283.88
13366.94
1394.99
1284.12
1281.02
1274.82
1258.85
1273.87
25476.93
1288.89
13332.13
1415.97
1289.13
1282.22
1270.06
1259.09
1260.04
25527.00
1314.16
1274.11
17497.06
1298.19
17373.09
1415.97
1291.99
17380.95
1385.93
1292.94
13394.12
1358.99
1290.08
1289.13
1281.98
1266.96
25364.16
1371.15
1278.16
13384.10
1374.01
1290.08
1288.18
1277.92
1252.89
25311.95
1434.09
1285.08
13327.12
1410.01
1280.07
1286.03
1278.88
1269.10
1272.20
29511.93
1306.06
17354.01
1437.19
1290.08
17465.83
6962.06
1683.00
1607.18
22136.93
1668.93
17431.02
1791.00
1634.12
16927.00
1745.94
1621.01
16657.83
1738.07
1614.09
13309.00
1620.77
17446.99
1721.86
1620.05
16936.06
1713.04
1618.15
16654.01
1758.10
1624.11
1635.07
20095.83
6899.12
1636.03
1598.83
26146.89
1645.09
1646.04
15606.88
12035.13
1666.07
1599.79
17587.90
1644.13
1640.08
17035.96
1628.16
16583.20
1815.08
1621.96
1626.01
16509.06
1632.93
13500.93
1668.21
1618.15
16962.05
1683.00
12937.07
1847.98
1631.02
27379.99
1720.19
1636.03
16951.80
1709.94
1609.09
16952.99
1699.92
1636.03
16973.02
1702.07
1616.00
16994.00
1683.95
1613.86
11929.99
1662.97
1631.02
17044.07
1680.14
1600.03
17041.92
1666.07
1593.11
26424.17
1667.02
1617.91
22028.92
1732.83
1625.06
16952.99
1716.14
1635.07
22034.17
1695.87
1618.86
11899.95
1727.10
1627.92
16952.04
1714.94
1608.85
17279.86
1667.02
1634.84
12517.93
1626.97
1592.87
21121.03
1688.00
1621.01
20679.00
6953.00
1674.18
1605.03
22156.00
1649.14
17766.95
1702.07
1617.91
16711.95
1690.86
1614.09
16411.07
1740.93
1616.95
1625.06
17041.92
1647.95
1601.93
17052.17
1649.14
1601.93
17034.05
1657.96
1616.00
17028.81
1688.00
1597.88
22108.08
1655.10
1603.13
25857.93
1649.86
1628.88
16946.08
1697.06
1626.97
16954.18
1718.04
1611.95
16945.84
1719.95
1617.91
16925.10
1708.03
1620.05
22040.13
1704.93
1622.92
16972.06
1695.87
1618.86
16966.10
1721.14
17735.96
1733.06
1603.84
1631.98
23987.05
1313.21
1281.02
9493.11
1286.98
1260.04
17450.09
1303.91
17313.00
1425.03
1286.98
13321.16
1410.96
1286.03
9308.10
1363.99
1286.98
13326.88
1402.85
1281.02
1278.88
1258.85
1258.85
1257.90
13446.81
1282.93
1264.81
9438.99
1291.04
1260.04
13438.94
1287.22
1272.92
1274.11
1276.02
1261.00
13449.91
1289.13
1261.95
9434.94
1288.18
1260.04
21484.85
1298.90
1268.86
9445.91
1293.90
1269.82
13473.03
1305.10
1276.97
1286.98
1263.14
1259.09
25496.01
1329.90
1276.02
13499.02
1303.91
1264.81
1283.88
1261.95
1255.04
25511.03
1320.12
1265.05
13503.07
1305.82
1278.88
1280.07
1256.94
1252.89
25501.01
1309.16
1271.01
13514.04
1296.04
1263.14
1281.02
1257.18
1255.99
29513.12
1324.89
1278.88
17505.88
1323.94
1277.21
13530.97
1298.90
1276.02
1282.93
1261.00
1258.13
29561.04
1324.89
1270.06
1281.02
1266.96
1259.09
21533.01
1310.11
1278.88
1280.07
1259.09
1260.04
25525.09
1327.04
1271.01
1281.98
1255.99
1251.94
25520.09
1319.89
1284.12
13513.09
1297.00
1269.10
13495.21
1321.08
1271.96
17487.05
1322.98
17333.98
1425.98
1289.84
13357.88
1399.99
1298.90
1283.17
1270.06
1259.09
1253.84
25496.01
1299.14
13315.92
1438.14
1284.12
1271.01
1266.00
1276.97
1271.96
25496.96
1297.95
1273.87
13465.88
1291.04
1295.09
1272.20
1261.00
1248.84
29526.95
1316.79
1276.02
17498.97
1302.96
13348.10
1434.09
1280.07
1445.77
1308.92
1268.86
29397.96
1391.17
1281.98
1285.08
1277.92
1256.94
25312.90
1458.88
1295.09
13402.94
1369.00
1286.03
1277.92
1266.00
1252.89
1261.00
25493.14
1317.02
17359.02
1424.07
1287.94
13400.08
1353.98
1285.08
17408.13
1373.05
1290.08
25436.16
1390.22
1272.92
17418.86
1357.08
1285.08
1301.05
1273.87
1266.96
1283.88
1255.99
1262.19
17363.07
1374.01
1278.88
1273.87
1257.90
1257.90
1247.88
17426.97
1273.16
1258.13
1261.00
1241.92
1246.21
17457.96
1291.99
1255.99
1261.00
1254.08
1260.04
17407.89
1324.89
1260.04
1266.00
1257.18
1257.90
17373.09
1475.10
1284.12
1282.93
1255.99
1258.85
17376.90
1350.88
1263.86
1264.81
1261.95
1255.04
25387.05
1381.87
1274.82
13401.99
1370.91
1266.00
1280.07
1271.01
1261.00
25370.12
1376.15
1276.97
13377.90
1355.89
1279.12
1278.88
1276.02
1265.05
25304.79
1456.98
1297.00
13373.14
1372.10
1278.16
1274.11
1276.97
1281.98
1266.00
25482.89
1317.02
13350.96
1407.15
1283.17
1286.98
1268.15
1255.99
1262.90
25498.15
1313.92
13300.18
