1215.22
1113.89
1085.04
13275.15
1138.93
1096.01
1095.06
1093.86
1087.90
1087.90
25303.84
1138.93
1093.86
13184.07
1184.94
1110.08
1103.88
1119.85
1106.02
1086.00
25172.95
1221.90
1096.01
1093.15
13322.11
1127.00
1094.82
1123.91
1113.89
1073.84
1101.97
25311.95
1124.86
1091.96
13166.90
1183.03
1100.06
1091.00
1100.06
1076.94
1081.94
25162.94
1209.97
1113.89
1111.98
13293.98
1126.05
1113.18
1094.10
1105.07
1104.12
1099.11
25315.05
1146.79
1113.89
13182.88
1204.01
1098.87
1086.95
1106.02
1093.86
1091.00
25170.09
1200.91
1108.88
1110.08
13282.06
1139.16
1099.11
1096.01
1090.05
1071.93
1069.07
25285.01
1122.00
1088.14
13189.08
1211.88
1096.01
1090.05
1098.16
1097.92
1091.00
25161.98
1235.96
1119.14
1096.01
13288.97
1142.98
1105.07
1126.05
1098.16
1122.00
1184.94
17310.14
1131.06
1098.16
1098.16
1091.96
1096.01
1075.03
13256.79
1119.14
1095.06
9147.17
1163.01
1116.04
1104.83
13262.99
1113.89
1092.91
1082.90
1075.03
1084.80
1064.06
13244.15
1123.91
1086.00
9124.99
1183.03
1097.92
1090.05
13255.83
1131.06
1094.10
1100.06
1091.00
1080.99
1090.05
13154.03
1166.82
1101.97
1095.06
9226.80
1105.07
1095.06
13163.09
1180.89
1113.89
1082.90
1086.95
1086.95
1081.94
13146.16
1958.13
1120.09
9162.19
1148.22
1089.10
1093.15
21252.16
1126.05
1144.17
9211.06
1136.06
1101.97
13133.05
1198.05
1105.07
1086.95
1095.06
1088.86
1072.88
1072.88
25272.13
1123.91
1092.91
13171.20
1201.15
1106.02
1088.86
1106.98
1083.14
1090.05
25158.17
1219.03
1120.09
1105.07
1111.03
1111.98
1115.80
25162.94
1215.93
1116.04
1084.09
13271.09
1142.98
1106.98
1095.06
1078.84
1081.94
1068.83
13249.87
1141.07
1090.05
9128.81
1178.03
1103.88
1094.82
13252.02
1123.19
1080.99
1101.97
1102.21
1080.99
1084.09
13174.06
1167.06
1091.00
1096.01
13236.05
1101.97
1093.15
1130.10
1143.93
1085.04
1088.14
17288.92
1118.90
1091.00
1108.17
1102.92
1097.92
1084.80
13273.95
1124.86
1098.87
21166.09
1214.98
1122.00
1082.18
13289.93
1122.00
1083.85
1102.92
1088.86
1093.86
1087.90
29321.91
1123.91
1093.86
1116.99
1104.12
1090.05
1091.00
1093.86
1071.93
1070.02
17124.89
1227.86
1117.94
1083.85
1100.78
1086.00
1069.07
1078.84
17304.90
1131.06
1114.13
1112.94
1080.04
1099.11
1075.98
17297.98
1129.15
1098.16
1107.93
1097.92
1076.94
1099.11
17315.15
1133.92
1088.14
1099.11
1096.96
1092.91
1082.90
17280.10
1127.96
1101.02
1106.98
1106.98
1075.98
1075.03
17260.07
1132.01
1094.10
1100.06
1092.91
1085.04
1072.17
17178.06
1171.11
1089.81
1086.95
1099.11
1081.23
1072.88
25168.90
1218.08
1102.21
1101.97
13301.13
1136.06
1106.98
1109.12
1093.15
1091.00
1092.91
29311.90
1149.89
1116.99
1100.06
1097.20
1097.92
1087.90
25297.16
1137.97
1100.06
13175.01
1204.97
1113.89
1075.03
1101.02
1072.17
1074.08
21162.99
1211.88
1117.94
1093.86
1100.06
1086.95
1070.98
17130.85
1235.01
1116.04
1090.05
1092.20
1079.08
1065.97
1097.92
17279.15
1124.14
1105.07
1095.77
1093.86
1097.92
1096.01
25316.95
1136.06
1101.02
13186.93
1204.97
1106.02
1116.04
1111.98
1091.00
1082.90
25172.00
1232.86
1113.89
1080.04
13288.97
1130.10
1095.06
1100.06
1089.10
1082.18
1070.98
25305.03
1147.99
1096.01
9149.07
1183.99
1120.09
1096.96
9250.88
1123.91
1088.86
9140.97
1175.88
1086.95
1086.00
9223.94
1118.90
1095.06
9133.82
1173.97
1101.02
1106.98
9245.16
1114.13
1113.89
13171.91
1175.88
1127.96
1186.85
1102.92
1075.98
1073.12
25149.11
1204.97
1101.97
1087.90
13297.08
1133.20
1099.11
1106.02
1083.85
1075.98
1089.10
25278.09
1137.02
1104.12
13177.16
1198.05
1095.06
1084.09
1091.00
1087.19
1070.02
17156.12
1205.92
1108.88
1107.22
1112.94
1092.91
1078.13
17143.01
1208.07
1121.04
1088.86
1105.07
1085.04
1080.99
1094.10
17275.09
1138.21
1103.88
1107.93
1087.90
1072.88
1086.00
25284.05
1132.01
1091.96
13161.90
1199.01
1103.16
1090.05
1093.86
1098.87
1084.80
25138.85
1219.03
1107.93
1123.91
13288.02
1111.03
1091.00
1101.97
1095.06
1083.14
1071.93
25288.11
1127.96
1101.02
13137.82
1193.05
1096.01
1073.12
1095.06
1082.18
1063.11
1064.06
25255.20
1114.13
1097.20
13239.15
1134.16
1090.05
1088.14
1080.04
1071.93
1074.08
25151.01
1188.99
1101.02
1082.18
13288.97
1116.99
1092.91
1089.10
1087.90
1075.98
1081.94
25274.99
1130.10
1091.00
13161.90
1188.99
1095.06
1070.98
1087.90
1081.94
1063.11
1075.03
25262.83
1097.92
1092.91
13239.86
1143.93
1093.86
1097.92
1084.80
1069.07
1063.11
25156.02
1199.01
1111.98
1084.80
13273.00
1116.99
1080.04
1105.07
1086.00
1065.02
1075.03
17259.84
1123.91
1086.00
1084.09
1093.86
1075.98
1074.08
17224.07
1141.07
1089.10
1095.06
1086.95
1079.08
1075.03
17139.91
1178.98
1095.06
1089.10
1095.06
1090.05
1061.92
17134.90
1199.96
1094.10
1086.00
1120.09
1091.96
1083.85
1068.83
17256.98
1111.98
1091.00
1091.96
1080.04
1070.98
1082.18
17275.09
1120.09
1086.95
1092.91
1075.03
1070.02
1085.04
17252.92
1129.87
1084.80
1107.93
1083.85
1069.07
1074.08
17167.09
1175.88
1088.86
1076.94
1102.21
1080.99
1073.84
29150.01
1209.97
1109.12
1088.14
1091.00
1071.93
1085.04
25138.14
1216.89
1116.99
1091.00
13268.95
1127.96
1097.92
1101.02
1094.10
1079.08
1085.04
25230.88
1153.95
1099.11
13151.17
1207.83
1101.02
1086.00
1096.01
1088.14
1085.04
1073.12
17270.09
1133.92
1095.06
1096.01
1076.94
1080.99
1074.08
17261.98
1124.14
1107.93
1114.85
1098.87
1080.99
1082.18
17277.96
1132.01
1097.92
1101.02
1086.95
1080.04
1075.98
25244.00
1148.94
1091.00
13144.02
1215.93
1107.22
1086.00
1106.98
1080.04
1071.21
1064.06
25282.14
1128.20
1091.96
13182.88
1194.95
1093.86
1087.90
1089.10
1071.93
1075.98
29153.11
1230.96
1111.98
1098.16
13283.01
1125.10
1097.20
1096.01
1090.05
1066.92
1066.92
29288.05
1147.99
1101.02
1130.10
1104.12
1096.01
1089.81
1101.02
1083.14
1086.00
1071.93
17285.11
1108.88
1094.10
1124.14
1096.96
1085.04
1092.91
17287.02
1129.15
1091.96
1101.02
1085.04
1090.05
1077.89
17280.82
1137.97
1093.86
1103.88
1080.04
1085.04
1065.97
17264.84
1130.10
1099.11
1116.99
1091.96
1080.04
1076.94
17256.02
1148.94
1106.02
1097.92
1086.95
1080.99
1075.98
17152.07
1184.94
1092.91
1086.00
1096.01
1082.90
1071.93
17145.16
1201.87
1094.82
1085.04
1094.10
1083.14
1071.93
29110.91
1255.04
1108.88
1101.02
13267.99
1139.88
1089.10
1088.14
1086.95
1070.98
1076.94
25161.03
1204.97
1096.01
1072.88
13262.99
1111.98
1089.10
1112.22
1086.00
1083.85
1081.94
25281.19
1123.19
1102.92
13163.09
1196.15
1111.98
1084.80
1100.06
1090.05
1084.80
17148.02
1199.01
1101.02
1087.19
1094.10
1069.07
1080.99
1065.02
17232.18
1115.08
1101.02
1096.96
1091.00
1081.94
1085.04
25279.05
1127.96
1104.12
9146.21
1189.95
1110.08
1093.15
13280.15
1113.18
1096.01
1104.12
1082.90
1083.14
1075.03
25261.88
1123.91
1101.02
13166.19
1194.00
1106.98
1101.97
1091.96
1089.10
1079.08
25146.01
1214.98
1101.02
1088.14
9234.91
1126.05
1091.96
9145.02
1176.12
1099.11
1091.00
9217.98
1125.10
1091.00
9130.00
1180.89
1098.87
1081.94
9220.12
1121.04
1101.02
9135.01
1173.97
1111.03
1084.09
13243.91
1132.97
1101.02
18058.06
1116.04
1091.96
9144.78
1183.03
1096.01
1087.90
13242.96
1124.86
1090.05
1091.96
1081.94
1085.04
1085.04
25274.99
1142.98
1106.02
13175.96
1188.04
1110.08
1088.14
1105.07
1070.98
1070.02
17129.18
1208.78
1101.97
1104.83
1104.83
1092.91
1081.94
1083.14
17251.01
1122.95
1101.97
1099.11
1078.13
1082.90
1075.03
17256.98
1122.95
1111.03
1100.78
1087.90
1074.08
1079.08
29294.01
1133.92
1102.92
1101.97
1093.15
1071.93
1082.90
25269.99
1147.03
1096.96
13162.85
1204.97
1106.98
1097.92
1102.21
1069.07
1079.08
1067.16
25272.13
1123.91
1086.00
13217.93
1167.06
1100.06
1107.93
1095.06
1080.04
1065.02
17150.88
1186.13
1100.06
1091.00
1101.97
1079.08
1080.04
17139.91
1201.87
1103.88
1091.96
1103.16
1090.05
1080.99
17103.91
1218.08
1112.94
1102.92
1096.96
1084.09
1080.04
1075.98
25286.91
1135.83
1091.96
13166.90
1185.89
1102.92
1086.00
1104.12
1089.10
1076.94
25148.15
1209.02
1116.04
1086.95
13283.01
1131.06
1099.82
1099.11
1091.00
1076.94
1073.12
29282.09
1147.99
1101.02
13154.98
1198.05
1102.21
1100.06
1102.92
1075.03
1080.99
29130.22
1238.11
1116.04
1089.81
1135.11
1080.04
1071.93
1074.08
1095.06
1092.91
1081.23
1079.08
1077.89
1080.04
1075.98
13247.01
1124.14
1086.95
1102.92
1086.00
1069.07
1070.02
1086.00
1079.08
1083.14
1085.04
13238.91
1124.86
1086.00
1095.06
1081.94
1074.08
1081.94
1092.91
1072.17
1074.08
1075.98
13356.92
1132.97
1090.05
1094.10
1085.04
1085.04
1086.00
1076.94
1087.90
1082.18
13122.08
1188.99
1108.88
1088.86
1101.02
1091.96
1075.98
1087.90
1087.90
1075.98
1070.98
13124.94
1178.03
1103.16
1101.02
1106.02
1096.01
1084.09
1090.05
1080.99
1084.09
1065.97
13130.90
1176.83
1115.08
1097.92
1098.87
1077.89
1089.10
1080.04
1087.90
1077.18
1069.07
13165.00
1158.00
1096.96
1088.86
1116.04
1080.99
1073.84
1086.00
1080.99
1079.08
1088.14
25274.99
1138.93
1105.07
1086.00
1085.04
1084.80
1089.10
17224.07
1153.95
1094.10
1095.77
1097.92
1078.84
1078.84
17152.07
1194.00
1103.88
1096.96
1097.92
1078.13
1082.18
17166.14
1208.07
1103.88
1101.02
1111.98
1078.13
1084.09
17135.86
1204.01
1107.22
1099.11
1107.93
1096.96
1073.84
1077.89
13244.87
1111.98
1098.16
13170.00
1188.04
1107.93
1086.95
1105.79
1082.90
1082.90
13138.77
1178.03
1106.98
1093.15
13274.91
1125.10
1094.10
1089.10
1076.94
1096.96
1072.17
17244.10
1147.99
1113.89
1098.87
1087.90
1075.98
1085.04
17221.93
1142.98
1099.82
1096.96
1077.89
1076.94
1074.08
17157.08
1194.00
1103.16
1095.06
1098.16
1083.14
1080.99
17153.98
1190.90
1104.83
1080.99
1097.20
1080.04
1080.04
1067.88
17248.87
1118.90
1098.87
1098.87
1093.86
1090.05
1087.90
17256.98
1125.81
1096.01
1109.12
1090.05
1080.99
1084.80
17258.88
1123.91
1098.87
1098.87
1083.85
1084.80
1086.95
17254.11
1144.89
1101.02
1107.93
1100.06
1081.94
1071.93
17179.01
1157.05
1096.01
1083.14
1096.01
1086.95
1085.04
1091.00
1085.04
1077.89
1065.97
13252.02
1122.00
1101.02
1099.82
1086.00
1074.79
1083.85
1082.90
1080.99
1067.16
1079.08
13231.04
1127.00
1093.86
1095.06
1080.99
1080.99
1074.08
1082.90
1072.88
1066.92
1067.88
13232.95
1118.18
1092.91
1105.07
1089.10
1070.98
1071.93
1084.80
1081.94
1086.00
1061.92
13239.86
1110.08
1104.12
1098.16
1086.95
1070.98
1070.98
1103.16
1075.03
1087.19
13131.86
1177.07
1104.12
1100.06
1106.02
1070.98
1071.93
1064.06
1085.04
1069.78
1071.93
13134.00
1173.02
1094.82
1089.10
1105.07
1073.12
1091.96
1080.04
1075.03
1061.20
1074.08
13134.96
1182.08
1109.12
1096.01
1107.93
1077.18
1078.13
13108.97
1191.14
1099.11
1084.09
9207.01
1142.02
1096.01
1075.03
9211.06
1101.97
1098.87
13171.91
1163.01
1106.98
1096.01
1110.08
1083.85
1078.84
13139.96
1174.93
1091.00
1094.10
9238.00
1107.93
1095.06
13168.81
1188.04
1104.83
1082.90
1096.01
1092.91
1076.94
13120.89
1186.85
1108.88
1090.05
9232.04
1112.94
1083.14
9143.11
1189.95
1101.02
1087.90
13230.80
1120.09
1104.12
1094.10
1098.16
1090.05
1076.94
13129.95
1162.05
1098.87
1091.00
21268.13
1122.00
1086.95
9161.00
1174.93
1096.96
1077.18
9247.06
1122.95
1089.10
9130.95
1159.91
1096.01
1083.14
9234.19
1116.99
1090.05
9122.13
1163.01
1098.87
1084.09
9221.08
1106.98
1078.84
9120.94
1179.93
1105.79
1085.04
9206.06
1107.93
1092.91
9132.15
1169.20
1091.96
1091.00
9216.07
1119.85
1088.86
9122.85
1170.87
1106.02
1081.94
9197.95
1118.90
1089.10
1082.90
9207.96
1111.03
1088.86
9130.95
1144.89
1096.01
1091.96
21269.80
1107.93
1093.86
9150.98
1155.85
1097.92
1096.01
13247.01
1118.18
1091.96
1092.91
1086.95
1072.17
1064.06
25259.97
1138.93
1096.96
13148.78
1188.99
1100.06
1085.04
1088.86
1091.96
1077.18
25125.98
1218.08
1100.06
1086.95
9231.09
1124.86
1086.00
9114.98
1183.99
1101.02
1091.00
9199.86
1127.00
1089.10
1080.99
13218.16
1116.04
1096.01
1101.97
1089.10
1079.08
1083.14
13223.17
1122.00
1100.78
21143.91
1183.99
1098.16
1092.20
13254.88
1126.05
1097.20
1096.96
1083.85
1076.94
1084.09
25259.97
1141.07
1091.00
13155.94
1203.06
1097.92
1091.00
1096.01
1089.10
1071.93
1082.90
25278.81
1106.98
1096.01
9220.12
1127.00
1086.95
9113.07
1200.91
1096.01
1084.09
9181.02
1144.89
1088.86
1080.04
9217.98
1117.94
1094.10
9135.96
1160.14
1094.10
1096.01
9207.96
1116.04
1095.06
13159.99
1163.01
1094.82
1093.86
1096.01
1079.08
1080.99
25132.89
1336.10
1112.22
1092.91
13276.10
1125.10
1097.20
1093.86
1087.90
1125.81
1076.94
25265.93
1145.84
1096.96
13162.14
1190.19
1108.88
1077.89
1092.91
1077.18
1076.94
17135.86
1209.97
1096.01
1086.95
1090.05
1075.03
1069.07
1068.83
17268.90
1122.00
1084.09
1096.01
1083.85
1086.95
1075.98
17252.92
1130.10
1094.10
1106.02
1082.90
1083.14
1073.12
29293.06
1145.84
1101.97
1112.94
1084.09
1073.12
1086.95
25222.06
1159.19
1098.16
13127.09
1216.89
1109.84
1092.91
1107.93
1074.08
1084.80
1072.88
25282.86
1123.91
1097.92
13172.15
1186.85
1107.93
1089.81
1103.88
1091.00
1091.00
25153.88
1199.01
1101.02
1090.05
13281.11
1132.01
1106.02
1109.12
1084.09
1072.88
1070.98
25257.11
1140.12
1101.02
13152.84
1212.12
1100.78
1091.96
1087.90
1085.04
1081.94
25126.22
1229.05
1111.03
1097.92
13267.04
1129.15
1090.05
1105.07
1089.81
1080.04
1081.94
25205.85
1174.93
1111.03
13103.01
1225.95
1112.94
1091.00
1111.03
1096.96
1089.10
1090.05
25274.99
1124.86
1093.86
13177.87
1187.09
1099.11
1096.01
1109.12
1085.04
1087.90
25162.94
1207.83
1101.97
1087.90
13297.80
1141.07
1105.07
1100.78
1100.06
1080.99
1090.05
25295.97
1131.06
1109.84
13170.00
1202.11
1104.83
1091.00
1106.98
1086.00
1085.04
25148.87
1219.99
1106.02
1096.96
13268.95
1134.87
1101.02
1101.97
1083.14
1087.90
1082.90
25268.08
1132.01
1097.92
13163.81
1207.11
1104.83
1088.86
1096.96
1080.99
1087.90
25122.88
1220.94
1104.12
1098.87
13259.89
1138.93
1102.92
1101.97
1099.11
1094.10
1075.03
25182.96
1185.89
1111.98
13112.07
1229.05
1118.18
1104.12
1103.16
1091.96
1083.85
1065.97
25296.93
1122.95
1103.88
13181.92
1193.05
1100.06
1094.10
1105.07
1081.94
1084.09
25155.78
1218.08
1101.02
1096.96
13271.09
1128.20
1086.95
1097.92
1090.05
1074.08
1086.24
25284.05
1136.06
1097.92
13162.14
1202.82
1115.08
1091.00
1105.07
1077.89
1086.00
25131.94
1228.09
1114.13
1102.92
13272.05
1135.11
1107.93
1107.93
1085.04
1086.00
1082.18
25254.96
1148.94
1086.95
13154.98
1211.17
1109.12
1100.06
1096.96
1076.94
1073.84
1070.02
25263.07
1122.95
1091.96
13196.95
1170.87
1106.02
1096.96
1092.91
1091.00
1076.94
25150.06
1206.87
1112.22
1091.00
13267.04
1123.91
1107.22
1119.14
1088.14
1082.90
1082.90
25276.90
1133.92
1094.82
13165.00
1193.05
1111.03
1095.06
1105.07
1092.91
1093.15
25141.00
1204.01
1112.94
1106.02
13286.83
1130.10
1106.98
1106.98
1101.97
1081.94
1079.08
25259.02
1132.97
1102.92
13174.06
1207.83
1107.93
1101.97
1101.02
1086.00
1077.89
25122.88
1285.08
1113.18
1101.97
13283.97
1130.10
1096.96
1099.11
1083.14
1084.09
1083.14
25268.08
1149.89
1101.97
13144.97
1214.98
1111.03
1093.86
1110.08
1086.00
1083.85
1078.84
25278.81
1124.14
1086.00
13262.99
1146.08
1090.05
1107.22
1088.86
1081.94
1080.99
25166.99
1187.09
1097.92
1086.95
13268.95
1113.89
1093.86
1093.86
1096.96
1079.08
1076.94
25280.00
1121.04
1094.10
13155.94
1190.90
1092.91
1091.96
1095.06
1090.05
1080.99
25134.09
1210.93
1116.04
1096.96
13262.99
1136.06
1101.97
1096.96
1093.86
1087.90
1085.04
25272.13
1137.02
1102.92
13162.85
1195.91
1103.88
1100.06
1106.98
1083.85
1078.84
1075.98
25249.96
1134.87
1100.06
13255.83
1141.07
1106.02
1098.87
1092.91
1072.17
1059.06
25156.02
1204.01
1114.85
1103.88
13263.94
1116.04
1091.96
1104.83
1080.04
1070.98
1086.95
25277.14
1134.87
1107.22
13158.08
1201.87
1096.01
1097.92
1104.83
1086.00
1079.08
25148.15
1209.97
1100.06
1086.95
13285.16
1130.10
1091.96
1100.06
1095.06
1082.90
1073.12
25272.13
1135.83
1104.83
13165.95
1199.01
1111.98
1090.05
1113.18
1075.98
1083.85
25104.05
1242.88
1106.02
1095.06
13252.02
1142.02
1095.06
1090.05
1085.04
1080.04
1081.94
25160.07
1200.91
1091.96
1093.15
13271.09
1117.94
1094.10
1107.93
1078.84
1071.93
1081.94
25256.16
1126.05
1098.87
13174.77
1199.96
1102.92
1092.91
1096.01
1080.99
1073.12
25141.00
1209.02
1119.85
1091.96
13275.86
1122.95
1082.90
1101.02
1079.08
1083.14
1085.04
25243.04
1147.03
1099.11
13146.88
1214.98
1101.02
1080.04
1096.01
1085.04
1070.98
1076.94
25253.06
1120.09
1086.00
13159.99
1179.22
1111.98
1092.91
1106.98
1080.04
1076.22
25146.01
1199.01
1109.12
1091.96
13275.86
1120.09
1093.15
1099.11
1087.90
1074.08
1086.00
25250.20
1141.79
1111.98
13165.00
1209.02
1108.88
1104.12
1108.17
1081.94
1076.94
25127.17
1221.90
1106.02
1082.90
13271.81
1142.02
1093.86
1096.96
1085.04
1075.03
1072.88
25163.89
1190.90
1101.02
1088.14
13261.08
1111.98
1106.98
1100.06
1083.85
1083.85
1086.95
25277.85
1128.91
1093.86
13172.86
1190.19
1106.98
1084.80
1090.05
1082.90
1085.04
25147.91
1218.08
1111.98
1087.90
13263.94
1127.96
1106.02
1106.02
1091.96
1080.99
1075.03
25265.93
1130.10
1099.11
13163.09
1200.91
1101.02
1086.95
1094.10
1079.08
1077.89
1077.89
25264.02
1104.12
1091.00
13219.12
1147.99
1095.06
1099.11
1090.05
1094.82
1075.03
25150.06
1199.96
1111.03
1091.96
13278.01
1122.00
1090.05
1091.00
1089.10
1084.09
1074.08
25278.09
1138.93
1090.05
13162.85
1180.89
1111.98
1094.10
1101.02
1081.94
1072.17
17146.11
1201.15
1096.01
1090.05
1095.06
1082.18
1075.98
1077.89
29294.01
1126.05
1094.10
1094.82
1089.81
1091.00
1099.11
25282.14
1137.02
1090.05
13156.89
1198.05
1117.94
1090.05
1097.92
1097.92
1086.00
25170.09
1207.11
1104.83
1111.98
13281.11
1132.01
1100.06
1108.17
1092.91
1073.84
1089.10
25279.05
1139.88
1102.92
13165.95
1197.10
1099.82
1091.96
1092.20
1081.94
1078.84
25142.91
1217.13
1112.94
1091.00
13265.13
1137.02
1096.96
1105.07
1093.15
1093.15
1089.10
25275.95
1135.11
1106.98
13156.18
1212.84
1111.98
1094.10
1111.03
1081.94
1086.24
25136.95
1228.09
1120.09
1098.16
13266.09
1139.88
1095.77
1093.86
1103.88
1080.04
1080.04
25224.21
1162.05
1105.07
13134.96
1229.05
1110.08
1091.96
1090.05
1080.04
1076.94
1073.12
25284.05
1119.85
1099.11
13173.10
1193.05
1107.93
1094.82
1112.94
1086.95
1091.96
25162.94
1213.07
1105.07
1095.06
13272.05
1135.11
1091.96
1099.82
1083.85
1088.86
1067.88
25277.85
1137.97
1118.90
13179.06
1199.01
1106.02
1091.00
1094.10
1086.00
1086.95
25149.82
1224.99
1116.04
1105.07
13292.07
1143.22
1112.94
1102.92
1096.96
1080.99
1078.13
25286.91
1147.03
1104.12
9140.97
1188.04
1102.92
1088.14
13272.05
1137.02
1100.06
1112.94
1086.00
1082.18
1081.94
25269.99
1138.93
1105.07
13167.86
1204.97
1111.98
1086.00
1111.98
1090.05
1074.79
25126.93
1226.90
1110.08
1094.10
13261.08
1137.02
1111.98
1101.02
1097.92
1080.99
1072.88
29198.88
1203.06
1113.18
1121.04
1096.01
1080.99
1080.04
25162.94
1209.02
1111.98
1088.86
9244.92
1111.98
1084.80
13150.93
1177.07
1106.02
1087.19
1101.02
1080.99
1087.90
25152.92
1218.08
1124.14
1088.14
13286.11
1131.06
1101.97
1105.07
1095.06
1082.90
1082.90
25289.77
1126.05
1092.20
13166.90
1203.06
1103.88
1080.99
1106.02
1089.10
1084.09
25154.11
1215.22
1109.12
1103.88
13283.97
1138.93
1104.83
1108.88
1092.91
1092.91
1095.06
25276.90
1150.85
1097.92
13165.00
1219.99
1109.84
1101.02
1116.04
1084.80
1076.94
25135.04
1236.92
1113.89
1091.00
13269.19
1137.02
1101.02
1106.98
1088.86
1090.05
1090.05
25260.21
1170.16
1108.88
13169.05
1215.93
1103.16
1099.11
1111.98
1097.92
1087.90
25097.13
1249.07
1104.12
1091.00
9230.85
1147.03
1112.22
21131.04
1223.80
1121.04
1098.16
9243.97
1132.97
1109.84
13157.84
1202.11
1111.03
1099.82
1101.02
1078.13
1086.00
1074.79
25269.99
1127.96
1101.02
13263.94
1132.97
1100.06
1109.12
1102.21
1088.14
1089.10
25161.98
1185.89
1100.06
1091.00
13263.94
1121.04
1096.96
1107.22
1096.96
1077.18
1085.04
25296.93
1129.87
1095.06
13170.00
1183.03
1102.92
1088.86
1097.92
1072.88
1083.85
25136.95
1231.91
1118.90
1087.90
13293.03
1136.06
1091.00
1096.96
1100.06
1080.04
1071.21
25278.09
1148.94
1091.00
13166.90
1196.86
1110.08
1099.11
1103.16
1086.00
1080.99
25147.91
1224.04
1114.85
1089.10
13277.05
1140.12
1110.08
1102.92
1083.14
1091.00
1082.90
25276.90
1148.94
1106.02
13165.24
1207.11
1108.17
1090.05
1109.12
1072.88
1089.10
25139.09
1240.97
1113.89
1092.91
13269.19
1139.16
1096.96
1091.96
1095.06
1082.90
1078.13
25190.11
1194.95
1109.84
13124.94
1237.87
1113.89
1099.11
1098.87
1079.08
1091.00
1082.90
25289.06
1122.95
1091.00
13180.97
1190.90
1096.96
1084.80
1097.92
1087.90
1080.04
25172.00
1212.12
1112.22
1087.90
9265.90
1113.89
1097.92
21164.89
1209.97
1107.93
1101.02
13267.99
1117.94
1100.06
1106.02
1092.20
1075.98
1076.94
25307.18
1141.07
1106.02
13163.09
1197.10
1102.21
1086.00
1104.12
1083.14
1080.04
25158.88
1220.94
1105.07
1080.04
13266.80
1119.14
1111.98
1104.83
1095.06
1074.08
1079.08
25284.05
1135.83
1091.96
13168.81
