952.01
913.14
905.99
909.09
919.10
908.14
912.90
905.99
907.90
905.04
923.87
928.88
895.02
995.87
936.03
927.93
933.17
930.07
933.89
938.89
921.96
942.95
933.89
918.87
933.89
24974.82
954.87
912.90
903.84
891.92
913.14
911.00
904.08
906.94
901.94
913.14
907.90
901.94
24943.83
1020.91
965.12
970.13
967.03
966.07
965.83
958.92
970.13
973.94
963.93
968.93
963.93
921.96
947.95
951.05
965.83
17045.97
939.13
940.08
926.02
917.20
880.96
887.16
896.93
901.94
902.18
900.98
895.98
906.94
916.00
914.10
906.94
931.02
16949.89
972.03
917.91
912.90
909.81
911.95
905.99
904.08
907.18
912.90
893.83
883.82
891.92
893.83
876.90
883.10
880.00
888.11
16983.03
922.92
921.96
916.00
916.96
914.10
916.00
913.86
920.06
40991.07
914.10
907.90
901.94
910.04
905.04
900.98
895.98
24948.84
981.09
917.91
911.00
906.94
916.00
911.00
908.14
906.94
25007.96
947.00
934.84
933.89
931.98
922.92
940.80
931.02
24961.95
1047.85
991.82
986.81
991.82
988.96
986.10
988.01
983.00
905.04
903.13
906.94
918.15
25007.01
907.18
890.02
885.01
886.20
926.97
921.01
905.99
917.20
914.10
911.00
909.09
904.08
28985.98
931.98
911.00
902.89
887.87
914.81
922.92
924.11
931.98
926.02
931.98
930.07
932.93
952.01
952.96
979.90
949.86
17033.82
936.03
925.06
931.02
918.15
876.90
876.90
875.00
880.00
878.10
872.14
875.00
871.90
864.98
905.04
896.93
891.92
885.01
16978.98
886.92
869.04
865.94
859.02
883.10
894.07
893.12
905.99
910.04
904.08
903.13
909.09
889.06
926.97
933.89
936.03
16964.91
926.97
878.10
879.05
870.94
895.98
877.14
888.11
885.96
890.97
895.02
889.06
887.87
902.18
955.10
987.05
988.96
988.01
13037.92
970.84
962.97
968.93
964.88
964.16
964.16
967.03
947.00
930.79
922.92
933.89
24965.05
988.01
940.08
939.13
925.06
921.96
905.99
912.19
902.89
899.79
937.94
928.16
931.02
40970.09
958.20
927.93
926.97
911.00
924.11
939.13
941.04
929.12
25033.95
936.03
928.88
916.00
922.92
937.94
932.22
946.04
24985.07
957.01
911.95
904.08
907.18
951.05
941.04
951.05
947.00
25011.78
911.95
902.18
894.07
905.04
955.10
957.01
953.91
959.16
953.91
949.86
953.20
24981.02
946.04
900.98
889.06
884.06
919.10
924.11
914.10
921.01
921.96
923.87
918.87
916.00
24939.06
988.01
932.93
931.98
932.93
912.19
921.96
929.83
924.83
25047.06
982.05
965.12
966.07
954.15
936.03
931.02
937.94
23406.03
952.96
925.06
902.18
896.93
892.88
894.78
886.92
880.96
886.92
890.97
32993.08
921.01
920.06
913.86
916.00
920.06
920.06
924.11
24959.09
945.09
900.98
910.04
926.97
921.96
931.98
939.85
937.94
940.08
935.08
932.93
931.98
24964.09
979.19
954.87
963.21
952.96
909.81
923.87
928.88
924.83
927.93
919.10
929.12
929.12
917.91
930.79
936.99
950.10
16988.04
984.19
924.11
902.89
875.00
905.04
882.15
880.00
893.12
900.98
902.89
900.98
906.94
907.90
922.92
926.97
936.03
937.94
17015.93
944.14
940.08
932.93
931.02
904.08
893.12
895.02
888.11
879.05
875.00
885.96
893.12
905.99
928.88
922.92
915.05
16946.79
921.96
892.88
917.20
930.07
897.88
889.06
882.86
881.91
898.84
892.16
895.98
898.84
903.84
905.04
907.90
902.89
903.13
16992.09
896.93
885.96
900.98
913.14
881.91
885.01
901.94
900.98
910.04
915.05
923.16
913.14
936.03
916.96
915.05
911.00
24954.08
1003.98
961.07
957.97
962.02
965.12
957.97
962.02
963.93
877.14
879.05
894.07
890.97
24954.80
962.02
931.02
919.82
913.86
903.84
900.98
894.07
884.06
16994.95
924.11
903.13
899.08
890.02
873.09
884.06
900.98
897.88
25005.10
919.10
906.94
931.98
926.02
971.79
979.90
983.00
25079.97
1024.96
1020.91
990.87
1008.99
985.15
988.01
988.96
25089.98
1010.18
976.09
961.07
961.07
956.06
954.15
952.96
963.93
957.01
962.97
965.12
25026.08
1034.98
1020.19
1008.03
1006.13
1026.15
1030.92
1024.01
1024.96
1016.86
997.78
992.06
19567.97
1021.86
1008.03
1001.83
988.96
943.18
1003.98
1003.03
998.97
1003.03
998.02
977.99
973.94
16994.95
1044.99
1005.89
1009.94
1034.98
1044.99
1047.13
1024.96
1003.03
947.95
941.99
948.91
949.14
957.01
954.15
952.01
16986.85
1064.06
1038.07
1055.00
1050.00
1033.07
1018.05
998.97
979.90
931.02
986.81
985.86
998.97
1007.08
1006.13
991.11
17032.15
1044.99
988.96
975.13
972.03
967.98
971.79
972.99
982.05
997.07
1005.89
993.01
993.97
990.15
993.97
974.89
17012.12
1033.07
1005.17
1013.04
1033.07
1050.00
1042.84
1029.01
1002.07
943.90
936.99
892.16
24993.90
1091.00
1017.09
1012.09
981.09
977.99
957.97
965.12
961.07
998.97
991.11
994.92
25028.94
1064.06
1035.21
1046.90
1050.00
1029.97
1009.23
1000.88
25050.88
1024.96
1006.13
1009.94
1033.78
1049.04
1044.99
1029.01
25144.82
1045.94
1034.02
968.93
1020.91
1001.12
980.14
965.12
25129.08
1043.08
1025.92
1015.90
1009.94
993.97
967.98
957.97
25055.89
973.94
966.07
980.14
9095.91
1027.82
1019.00
9054.90
1014.95
956.06
957.97
24998.90
1024.96
989.91
987.05
1010.18
1016.14
994.92
993.01
949.14
945.09
992.06
974.89
969.89
25058.98
993.97
993.01
999.93
1005.89
999.93
990.15
25022.98
1056.19
1002.07
967.98
973.94
957.97
961.07
957.01
957.97
25080.92
1003.03
977.04
957.01
961.78
959.87
957.01
963.93
25061.85
977.04
960.11
957.97
922.92
969.17
975.13
980.85
17093.90
1020.91
1000.88
987.05
5079.98
990.15
983.95
1000.88
5062.10
968.93
966.07
957.01
9054.90
996.83
979.90
974.18
9079.93
1003.98
978.95
962.02
29082.06
983.95
980.85
995.87
1008.03
1019.00
1035.21
1031.88
936.99
947.95
945.81
947.00
25097.13
1039.98
1009.94
1002.07
951.05
945.09
951.05
948.19
951.05
957.01
945.81
947.00
25033.95
994.92
986.10
989.20
998.97
998.02
1001.83
999.93
1008.99
996.83
988.01
989.91
25079.97
1002.07
1001.12
1011.13
1016.14
1003.98
992.06
986.10
943.18
981.09
963.93
908.14
24948.12
960.11
921.01
911.95
906.94
896.93
885.96
880.96
876.90
914.10
981.09
975.13
977.99
9026.05
901.94
887.16
874.04
878.10
882.15
885.01
885.01
885.01
900.03
890.02
894.07
893.12
24938.11
960.11
926.02
910.04
905.99
912.90
942.95
942.95
929.12
941.04
935.79
934.84
930.79
24986.98
1025.20
983.95
979.90
988.01
980.85
977.99
976.09
982.05
977.04
974.89
976.09
25007.01
966.07
913.14
901.94
897.88
922.92
909.09
903.13
899.08
16984.94
969.89
943.90
939.13
950.10
944.14
947.95
940.80
936.03
889.06
903.13
911.00
903.13
25048.02
949.14
936.03
937.22
936.99
931.02
931.02
920.06
918.87
897.17
900.98
898.84
900.98
25006.06
928.16
920.06
907.90
916.00
906.94
907.90
907.18
891.92
878.81
871.90
875.00
876.90
24984.84
895.02
880.00
880.96
888.11
880.96
883.10
892.16
886.92
900.98
890.02
894.07
894.07
24925.95
945.09
911.95
905.99
909.09
921.01
906.94
904.08
913.14
914.10
907.90
900.98
912.90
24935.96
947.00
924.83
911.95
919.10
924.11
915.05
911.00
908.85
923.16
911.95
917.91
910.04
24941.92
969.89
917.20
917.91
921.01
937.94
914.81
933.89
914.81
923.87
916.00
931.02
927.93
24940.97
966.07
941.99
926.97
935.08
934.12
926.97
925.06
936.03
936.03
934.12
927.93
924.83
24971.96
957.01
937.94
929.12
931.98
942.95
935.08
933.17
936.03
935.08
931.02
929.12
933.17
25025.84
953.91
936.99
932.93
934.84
933.89
927.93
931.98
933.89
932.22
935.08
927.93
931.98
25030.14
937.94
941.99
934.12
940.08
937.94
932.22
931.98
941.04
931.98
936.03
928.16
24963.14
983.95
941.99
936.99
936.03
944.14
936.03
930.07
931.98
939.13
933.89
931.98
935.08
25024.89
950.10
948.91
933.89
936.99
936.03
930.07
931.02
941.04
931.02
932.93
926.02
933.89
25027.04
940.80
935.79
935.79
946.04
932.93
928.88
940.08
932.22
933.89
930.07
930.07
24966.00
983.00
938.89
941.04
935.08
936.03
931.02
931.98
927.93
939.13
930.07
938.18
935.08
24973.87
969.89
939.85
932.93
933.17
879.05
885.01
888.11
880.96
886.92
890.02
880.96
879.05
24926.90
1026.87
992.06
973.94
959.16
892.88
889.06
889.06
884.06
897.17
885.96
888.11
884.06
28924.94
956.06
898.12
895.02
900.03
917.91
900.03
896.93
898.12
905.99
895.98
892.16
892.88
24919.99
962.97
905.99
900.98
889.06
914.10
905.04
895.02
896.93
901.94
895.02
902.89
896.93
896.93
25006.77
934.12
921.01
919.10
911.95
885.96
887.16
885.01
892.16
880.00
883.10
884.06
884.06
24975.06
929.83
918.87
917.91
905.04
899.79
899.08
895.02
887.16
895.02
895.98
890.97
890.02
24942.16
929.12
893.12
889.06
888.11
902.89
898.84
900.98
900.03
915.05
899.79
901.94
897.17
908.14
896.93
895.98
895.98
900.03
16985.18
916.00
899.08
898.12
903.13
890.02
894.07
883.10
885.01
913.86
911.95
905.04
899.08
912.19
907.90
907.90
902.18
16931.06
957.01
911.00
910.04
906.94
911.00
894.07
893.12
887.87
892.88
892.88
888.11
883.10
884.06
906.23
908.85
906.94
905.04
16965.87
936.99
905.04
895.02
891.92
898.12
900.98
890.02
888.82
890.97
884.06
881.20
880.00
884.06
881.91
881.20
880.96
878.10
17014.03
994.92
975.13
975.13
981.09
978.95
973.94
977.99
938.89
900.98
908.14
914.10
919.82
917.91
913.14
906.94
908.85
17009.02
947.00
936.03
934.84
949.86
927.93
941.04
928.88
939.13
930.07
934.12
936.99
929.12
933.17
923.87
912.90
917.91
920.06
908.14
895.98
900.03
28935.91
930.07
885.96
878.10
882.15
890.97
893.83
883.82
896.93
883.10
869.99
874.04
881.91
881.91
25012.97
912.19
902.89
895.98
884.06
916.00
903.13
915.05
915.05
916.00
909.09
906.94
902.89
25028.94
931.98
927.93
925.06
925.78
921.96
926.97
921.96
926.97
922.92
919.82
919.82
921.01
25020.12
933.89
928.88
926.97
931.98
926.97
926.97
923.87
929.83
916.96
922.20
915.05
24950.03
961.78
923.87
926.02
927.93
935.79
927.93
926.97
931.98
925.78
936.99
921.01
935.08
24981.02
942.95
898.12
893.12
892.16
895.02
889.06
886.92
882.86
877.14
922.92
921.96
930.07
933.17
930.07
930.07
928.16
935.08
17045.02
993.01
977.99
976.09
986.10
983.95
976.80
978.95
982.05
974.89
973.94
977.99
925.06
916.00
916.96
914.10
16957.04
933.89
886.92
878.10
889.06
932.93
957.97
958.92
951.05
964.88
952.01
957.01
947.00
962.97
953.91
958.20
956.06
16993.05
959.16
912.90
907.90
920.77
910.04
919.10
904.08
914.10
905.99
908.14
916.00
913.14
918.15
914.10
914.10
907.90
911.00
44980.05
907.18
895.98
888.11
900.03
886.92
888.11
895.98
24929.05
947.95
900.98
889.06
885.96
890.02
878.10
882.15
881.91
24902.82
951.05
916.00
908.14
910.04
916.00
911.00
905.99
904.08
907.18
913.14
911.95
902.89
24932.15
952.01
925.06
917.20
915.05
928.88
920.06
914.10
913.86
905.99
916.96
923.87
936.99
937.94
930.07
929.12
925.06
921.96
17013.07
918.15
911.00
904.08
915.05
904.08
897.88
896.93
885.96
900.03
911.95
921.01
906.94
911.00
910.04
911.00
911.95
16958.95
936.03
896.93
896.93
897.17
916.00
909.81
907.90
906.94
916.00
905.04
905.04
904.08
36946.06
959.16
916.96
914.81
913.86
887.87
885.01
879.05
881.91
901.94
885.01
885.96
893.12
16916.99
969.89
921.96
902.89
902.89
905.04
893.12
891.92
895.02
24922.85
952.96
908.85
917.91
910.04
912.90
918.15
911.00
903.13
29006.00
957.01
953.91
946.04
962.02
950.10
947.95
952.96
940.08
894.07
889.06
887.16
888.11
25033.95
986.10
969.17
968.93
975.85
969.89
969.89
967.98
941.04
910.04
911.95
894.07
16935.11
935.79
889.06
881.91
870.94
887.16
875.00
880.00
886.92
869.04
890.97
890.02
899.08
905.04
904.08
916.00
921.01
917.91
16982.08
925.06
906.23
895.02
900.98
904.08
899.08
898.12
895.02
882.86
886.92
893.12
901.94
924.83
910.04
915.05
916.00
924.11
25036.10
929.12
931.02
928.88
900.03
915.05
912.90
916.00
926.02
924.11
922.92
923.87
24950.98
982.05
923.87
912.90
912.19
916.00
908.14
908.14
901.94
16927.96
932.93
894.07
892.88
885.01
897.88
886.92
883.82
881.91
24936.91
933.17
900.03
905.04
909.09
899.08
897.17
902.89
901.94
21023.99
979.90
970.84
964.88
967.98
968.93
971.08
970.13
972.99
969.89
967.98
968.93
25012.02
1013.04
983.00
975.85
13011.93
925.06
889.78
880.96
886.20
912.90
932.93
941.99
939.85
965.83
967.98
958.92
958.92
930.07
875.00
875.00
875.95
16912.94
979.19
921.96
922.20
914.10
917.91
905.99
905.04
908.14
902.89
949.86
949.86
952.01
952.01
954.15
962.02
955.10
12990.00
995.87
931.98
928.16
929.12
940.08
931.02
930.07
923.16
942.95
904.80
905.04
900.03
24935.01
977.04
931.98
914.81
917.91
910.04
893.83
882.86
885.96
892.16
890.97
889.06
878.81
887.87
29021.02
944.85
937.94
941.04
947.00
940.08
940.08
940.08
25017.98
909.09
896.93
895.02
894.07
887.87
885.01
879.05
882.15
28987.88
913.86
902.89
900.98
909.09
899.08
898.12
895.02
893.12
900.03
896.93
895.02
903.13
24982.93
911.00
904.08
894.07
900.98
900.03
900.98
910.04
909.81
922.92
906.94
903.13
913.86
16947.03
967.98
935.79
938.89
936.99
937.94
932.93
931.02
921.01
935.08
938.18
928.88
931.98
941.04
921.96
925.06
921.01
16952.04
987.05
959.87
952.96
977.04
960.11
963.93
957.97
957.97
912.90
930.07
938.18
931.98
954.15
941.99
937.94
941.04
25022.03
911.00
894.07
893.12
895.02
975.13
970.13
982.05
983.95
975.85
975.85
979.90
25012.97
977.04
916.00
916.96
905.04
924.11
912.19
905.04
896.93
24946.93
934.84
900.98
890.02
891.92
885.01
888.82
893.83
890.02
25014.16
945.09
941.99
940.08
945.09
940.08
937.94
936.03
24975.06
967.03
937.94
933.89
927.93
944.14
934.12
921.96
927.93
940.08
932.93
926.02
926.02
24976.02
969.89
936.99
931.98
941.99
937.94
934.12
926.02
932.93
890.97
911.00
912.90
911.95
926.97
917.91
915.05
919.10
16949.18
975.13
939.13
945.09
936.99
928.16
934.12
932.93
926.97
932.93
893.83
890.02
889.06
895.02
889.06
882.15
878.10
881.91
17030.95
983.00
964.88
959.87
935.08
915.77
917.91
921.01
922.92
913.86
911.00
903.13
905.99
24986.98
905.99
900.98
891.92
885.96
891.92
885.01
884.06
881.20
879.05
875.95
874.04
885.01
28995.99
924.83
900.98
893.12
900.98
896.93
888.11
889.06
888.11
24997.95
926.97
910.04
903.13
916.96
913.86
904.08
907.90
28944.97
948.91
886.92
883.82
886.92
909.09
921.96
922.92
916.00
912.90
905.04
911.00
904.08
24919.99
996.83
949.86
941.99
940.08
909.09
917.91
926.97
925.06
926.02
892.88
893.83
890.02
28924.94
1024.01
979.90
973.94
975.13
901.94
900.03
890.02
895.98
25004.86
954.87
941.04
926.97
931.98
925.06
930.07
937.94
943.90
930.07
933.17
927.93
927.93
25073.05
974.89
975.13
966.07
916.00
930.07
936.99
933.89
944.85
931.98
931.98
928.88
24976.02
971.08
938.18
931.98
920.06
918.15
930.07
938.89
931.98
25014.16
905.99
895.02
886.92
884.06
906.23
898.84
903.84
24929.05
992.06
957.97
945.09
932.93
942.95
954.15
953.91
948.91
949.14
956.06
944.14
947.95
25017.02
920.06
895.02
895.02
892.16
945.09
962.02
955.82
957.97
966.07
956.06
961.07
950.10
29028.18
931.02
913.86
913.86
900.98
932.93
934.84
951.05
946.04
935.08
945.09
932.93
941.04
917.91
932.93
927.21
911.00
17042.16
988.01
979.19
973.94
954.87
913.86
913.14
904.08
905.04
898.84
900.03
900.03
892.88
911.95
921.96
928.88
925.06
13036.97
980.14
958.92
952.96
962.02
952.01
952.96
951.05
969.17
954.87
948.91
952.96
24978.16
1034.02
998.02
996.83
1003.03
998.97
998.97
996.83
972.99
916.96
901.94
903.13
905.99
41033.98
971.08
956.06
930.07
934.12
924.11
926.02
931.02
24970.05
920.06
887.16
880.96
878.81
950.81
966.07
967.03
964.16
962.97
970.13
946.04
941.04
25022.98
930.07
919.10
920.06
913.14
930.07
932.93
919.82
928.88
926.97
928.16
917.91
921.01
25001.05
911.00
903.13
897.17
891.92
936.99
936.99
938.18
16974.93
953.91
899.79
893.83
895.98
900.98
895.98
891.92
882.86
32941.82
1019.95
977.99
975.85
977.04
975.85
977.04
975.13
967.98
967.98
974.89
962.02
24999.14
1034.02
983.00
969.89
971.08
974.18
968.93
972.03
977.99
931.02
927.21
921.96
931.02
25007.96
947.00
924.83
921.01
935.08
884.06
885.01
872.85
24908.78
950.10
896.93
880.00
891.92
930.07
941.04
933.89
946.04
25006.06
988.96
963.21
958.92
962.97
960.11
958.92
964.88
944.85
923.87
922.20
936.99
921.01
25059.94
987.05
994.92
998.97
1003.03
997.07
1001.12
990.87
931.98
938.18
935.08
927.93
17016.89
933.17
911.00
910.04
908.14
905.99
903.84
911.00
24935.01
1008.99
953.91
946.04
941.99
952.01
943.90
940.08
948.19
25039.91
944.85
932.93
909.09
920.06
962.97
967.03
970.13
13005.02
926.02
890.97
885.01
890.97
894.07
883.82
878.81
885.01
878.10
895.02
883.10
884.06
881.20
17066.96
994.92
982.05
977.04
977.04
975.85
977.04
973.94
925.06
921.96
916.96
924.83
926.02
916.96
921.96
14359.00
924.83
907.90
908.14
898.12
900.03
905.04
916.00
918.87
918.87
920.06
917.91
922.92
905.04
916.00
920.06
913.14
12962.10
966.07
931.02
932.93
4956.96
954.15
923.87
923.87
916.96
5026.10
995.87
993.01
999.93
9020.09
947.00
949.86
936.03
9049.89
955.82
954.87
942.95
936.03
905.04
897.88
891.92
895.98
893.83
888.82
882.86
885.01
24981.02
921.01
901.94
900.98
905.04
902.18
910.04
909.09
24928.09
1006.13
946.04
939.13
949.14
948.91
936.03
946.04
942.95
21036.86
920.06
897.88
911.00
919.10
904.08
910.04
909.09
907.18
893.12
901.94
892.16
900.98
25002.00
926.02
900.98
902.89
916.00
914.10
905.99
906.94
907.90
925.06
954.15
956.06
947.95
17006.87
911.95
898.84
890.02
902.89
893.83
890.97
887.16
890.02
923.16
944.14
946.04
931.98
945.09
927.21
940.08
938.89
16968.97
967.03
934.84
926.02
931.02
930.07
922.92
924.83
921.01
909.09
891.92
885.96
885.01
885.01
885.96
890.97
895.98
890.97
17035.96
944.85
929.83
940.08
938.89
941.04
930.79
932.93
936.99
928.88
931.98
930.07
24966.00
979.90
943.90
931.02
931.98
935.08
933.17
931.98
936.03
937.94
931.02
935.08
934.12
20987.99
1000.88
969.17
943.90
961.07
952.01
950.10
948.91
24991.04
1019.95
988.01
975.13
983.00
967.98
979.90
967.98
33003.09
1047.13
984.91
977.04
978.95
979.90
977.99
977.99
980.14
980.85
974.89
975.85
976.80
25063.04
987.05
983.00
977.99
984.91
983.95
972.99
975.85
989.91
968.93
952.01
939.85
940.80
946.04
930.07
936.99
17000.91
920.06
899.79
893.83
889.06
893.12
882.86
888.82
881.91
907.90
931.98
933.89
920.77
932.93
925.78
923.87
917.91
919.10
17035.01
953.91
944.85
947.00
953.91
943.90
950.81
941.04
905.04
895.98
895.98
901.94
915.05
912.90
911.00
915.05
910.04
25011.06
931.02
921.01
911.00
931.98
921.96
916.00
926.97
931.02
915.05
921.01
922.92
926.97
25012.97
950.10
935.08
925.06
941.99
923.87
925.78
926.97
25020.12
967.03
960.83
937.94
945.81
952.01
945.09
932.93
28970.00
967.98
931.98
911.00
915.05
917.91
918.15
919.10
905.04
905.04
895.98
880.96
890.02
24913.07
949.14
899.08
898.12
890.97
898.12
889.06
884.06
888.11
882.15
885.96
900.03
895.02
894.07
16983.03
905.99
893.83
900.98
902.18
890.97
902.18
900.03
899.08
919.10
924.11
938.89
936.03
948.91
939.85
935.08
938.89
16967.06
1004.93
957.01
957.97
960.11
955.10
960.11
957.01
946.04
912.90
907.18
912.90
903.84
917.91
907.18
904.08
900.98
16971.11
1021.15
991.11
993.97
962.02
892.88
901.22
916.00
914.10
923.16
921.96
919.10
928.88
25045.87
962.02
950.10
947.95
947.00
895.98
885.96
884.06
890.97
885.01
885.96
894.07
889.06
21022.08
931.98
911.00
902.89
915.05
900.98
910.04
906.94
901.94
25000.10
921.96
911.95
913.14
931.98
918.15
916.00
916.00
20973.92
952.01
901.94
905.04
902.89
895.02
900.98
912.90
917.20
943.90
944.85
931.02
941.04
25012.97
937.94
906.94
917.91
918.87
916.00
916.00
909.81
919.82
952.01
931.98
939.85
935.79
21018.98
959.16
942.95
933.89
931.02
913.86
916.00
928.88
933.89
927.93
925.06
938.89
927.93
922.92
944.14
948.91
942.95
17039.06
906.94
892.16
890.97
885.96
875.95
886.20
884.06
884.06
900.03
895.98
900.98
900.03
897.17
948.91
955.82
960.83
17000.91
992.06
948.91
933.89
936.99
939.85
933.17
937.94
933.89
929.83
895.98
895.98
890.97
24936.91
988.96
951.77
935.08
938.89
932.93
941.04
933.17
933.89
897.88
872.14
875.95
874.04
28918.03
971.08
923.16
917.91
916.96
905.04
911.00
921.96
913.14
25043.01
1006.84
1008.99
987.05
960.11
955.10
956.06
931.02
25027.99
945.09
924.11
927.93
938.18
970.13
960.11
947.95
944.14
941.04
926.97
939.85
943.90
25022.98
941.99
923.87
919.10
943.18
936.03
929.12
931.02
942.95
927.93
932.93
926.97
924.83
968.22
974.89
974.89
17011.17
993.01
948.91
937.22
937.94
881.91
881.20
894.07
889.06
897.17
901.94
898.12
896.93
903.84
935.79
962.02
957.97
964.88
17026.19
921.96
921.96
914.10
908.14
931.02
916.96
923.87
915.05
923.87
922.92
923.16
916.00
939.13
918.15
916.96
918.87
24994.85
952.96
930.07
936.99
941.04
957.01
965.12
952.01
953.20
953.91
952.96
950.10
24976.02
955.82
912.90
904.80
895.98
898.12
900.98
890.02
889.06
24929.05
977.99
937.94
945.09
949.14
947.95
947.95
945.09
942.95
29020.79
942.95
922.20
916.96
925.78
915.05
913.86
911.00
920.06
918.15
916.96
916.96
924.11
25000.10
935.08
966.07
914.10
920.06
911.00
911.95
911.00
916.00
908.85
905.99
905.04
907.90
17044.07
985.86
974.89
977.99
978.95
973.22
977.04
971.08
924.11
950.10
948.91
948.91
961.07
950.10
949.14
945.09
16998.05
938.18
905.99
900.98
906.94
902.18
900.03
899.08
890.02
886.20
931.98
943.18
936.03
937.94
926.97
941.04
937.94
24964.09
967.98
921.01
912.90
911.95
924.11
911.00
916.00
911.00
900.03
923.16
906.94
907.90
24949.07
953.91
907.18
914.10
911.00
913.14
900.03
901.94
905.04
900.98
936.03
944.85
941.99
16984.94
942.95
912.19
899.08
900.98
911.00
895.02
896.93
897.88
24937.87
926.02
889.06
880.00
889.06
890.02
890.97
887.87
888.11
24972.20
957.97
935.08
933.89
945.09
985.15
988.96
997.78
998.97
998.02
999.93
996.11
25029.90
989.91
943.90
934.84
931.02
956.06
967.98
983.95
1003.98
1000.17
1000.88
997.07
993.97
950.10
971.08
975.13
981.09
17040.01
951.05
951.05
947.00
911.95
880.00
876.19
877.86
887.87
879.05
880.96
884.06
879.05
875.95
936.03
936.99
935.08
16997.10
992.06
960.11
960.11
943.18
940.08
936.03
947.00
952.01
947.95
947.00
943.90
948.91
962.97
970.13
968.93
969.89
25022.03
942.95
930.07
928.16
941.99
925.06
915.05
922.92
916.00
936.99
940.08
929.12
927.93
25010.82
931.02
936.03
925.06
941.99
918.15
916.00
913.86
24978.88
949.86
925.06
917.91
922.92
919.10
919.10
917.20
925.06
33040.05
955.10
946.04
940.08
941.04
947.24
951.05
937.94
949.86
942.23
941.99
936.03
15728.00
989.91
952.01
939.13
936.99
927.21
957.97
943.18
950.10
937.94
29008.15
910.04
893.12
898.12
889.06
882.15
884.06
882.86
886.92
25022.03
947.00
938.18
941.04
950.10
940.08
932.93
932.93
36985.16
1030.21
993.01
993.97
966.07
927.21
926.02
921.01
935.08
925.06
922.20
917.91
913.86
12986.90
917.20
895.02
897.88
907.90
977.99
980.14
969.89
980.85
975.85
970.84
968.93
28993.13
965.12
909.09
912.90
905.99
911.95
905.99
904.08
905.99
24996.04
919.10
905.99
898.84
911.00
900.03
900.98
897.88
896.93
24986.98
907.90
905.99
905.04
913.14
902.89
897.88
896.93
905.99
900.03
901.94
895.02
900.98
24986.98
916.96
903.84
905.04
900.03
899.08
890.02
895.98
892.88
888.82
877.86
885.96
883.10
885.96
888.11
881.20
886.92
886.92
17090.08
1008.99
1002.07
998.02
1003.98
1000.88
996.11
998.02
880.96
904.08
904.08
899.08
904.08
910.04
895.98
903.13
16927.00
1008.99
963.93
977.99
971.08
975.85
962.02
962.02
961.07
935.08
942.95
938.89
936.03
952.96
935.08
930.07
930.07
24983.88
975.13
940.08
929.12
927.93
937.94
939.13
941.04
936.99
933.89
936.99
936.03
931.98
29022.93
936.99
929.12
916.00
917.20
932.93
926.97
928.88
16964.91
977.99
909.09
908.14
905.04
910.04
900.03
898.84
895.02
28948.07
977.99
943.90
936.99
936.99
940.08
935.08
936.99
941.04
934.12
936.03
926.97
926.97
29031.04
977.99
968.93
969.89
977.99
962.97
968.93
962.97
968.93
969.17
966.07
962.02
25007.96
961.07
925.06
918.87
922.20
936.03
936.99
925.78
913.86
25053.02
991.11
953.91
956.06
957.97
959.16
959.16
945.09
29005.05
931.98
911.95
916.00
907.18
936.03
934.12
936.03
940.08
940.08
931.02
928.88
939.13
25043.01
963.21
950.10
941.04
949.14
936.99
948.19
932.93
944.14
936.99
936.99
937.94
24968.86
935.08
895.98
886.92
897.17
905.04
898.12
900.03
897.17
24997.95
967.98
936.99
940.08
937.94
937.94
933.17
934.12
938.89
934.84
941.04
935.08
934.12
25033.00
948.19
935.08
933.89
944.85
933.89
937.94
935.08
937.94
933.89
933.89
939.85
28972.86
1005.89
970.13
962.02
977.04
972.03
974.89
981.09
24998.19
988.96
941.04
941.04
946.04
952.96
950.81
953.91
957.01
37065.98
998.02
966.79
968.93
945.09
881.20
884.06
875.00
892.88
888.11
888.11
877.14
885.96
12971.16
905.04
887.16
885.01
876.90
900.98
911.00
914.10
911.00
924.83
913.86
911.95
919.10
29021.02
911.00
903.13
891.92
901.94
898.12
894.07
897.17
894.07
25027.04
953.20
937.94
931.02
941.04
934.12
940.08
940.08
24972.92
943.90
898.84
890.97
887.16
890.02
887.16
888.11
878.10
880.96
947.00
931.02
936.99
24978.16
947.00
887.87
884.77
885.01
880.96
914.81
920.06
927.93
931.02
936.03
934.12
931.98
931.98
878.10
887.16
886.92
891.92
17040.97
941.99
933.17
923.87
941.99
931.98
918.87
919.10
921.01
928.16
923.87
921.01
915.05
916.96
913.86
905.99
911.95
17014.98
989.91
986.81
974.89
989.91
980.14
973.94
978.95
958.20
891.92
905.99
900.03
921.96
912.90
912.19
915.05
904.08
25020.12
919.10
911.00
903.84
907.90
890.02
895.02
900.98
904.08
912.19
910.04
905.04
908.85
25020.12
911.00
900.98
899.08
890.02
892.16
890.97
891.92
887.16
24986.03
913.14
900.98
898.12
905.04
888.82
890.97
895.02
28918.03
960.83
931.98
926.02
924.11
925.06
925.78
935.79
910.04
925.06
919.10
921.96
912.90
24954.08
967.03
940.08
929.12
927.93
933.17
922.92
921.96
916.00
930.07
917.20
920.06
923.16
28961.90
935.08
888.11
883.10
880.96
953.91
956.06
947.00
945.09
942.95
931.98
927.93
932.93
24964.09
964.16
925.06
920.06
928.16
910.04
902.18
895.98
891.21
895.98
880.96
886.92
882.86
24933.82
957.01
913.14
900.03
900.03
910.04
929.83
937.94
937.94
958.92
944.14
946.04
959.16
25027.99
949.14
931.98
936.99
924.11
929.12
941.04
941.04
953.91
949.86
939.85
941.99
949.14
25028.94
941.99
926.02
928.16
925.06
955.10
961.07
972.03
978.95
970.84
969.89
972.03
24996.04
932.93
890.97
888.11
875.00
940.08
919.10
913.14
910.04
905.99
895.02
886.92
885.01
24922.85
968.93
905.04
901.94
903.13
910.04
879.05
885.96
890.97
908.85
900.03
904.08
907.90
925.06
25002.00
931.98
922.92
921.96
905.99
918.15
930.07
931.02
949.14
941.99
947.95
946.04
24994.13
942.95
888.11
877.14
875.00
920.06
919.82
911.00
906.94
907.90
899.79
887.87
888.82
882.86
24972.92
892.88
880.96
882.86
880.00
934.12
925.06
931.02
941.04
942.95
946.04
952.01
24989.84
959.87
917.91
904.80
905.99
910.04
936.03
936.03
923.87
929.83
914.81
908.85
905.04
24925.95
982.05
941.04
924.11
927.93
916.96
895.98
880.00
884.06
883.10
886.20
885.01
898.12
895.98
25002.00
910.04
904.08
904.08
890.97
939.85
945.81
946.04
956.06
965.12
967.03
974.18
25003.91
989.91
936.99
936.03
931.98
957.97
968.93
965.83
972.99
973.94
969.17
968.93
968.93
25020.12
923.16
900.03
898.84
895.98
954.15
953.91
958.92
948.91
937.94
947.00
928.88
24958.13
949.14
891.92
882.86
876.90
888.11
879.05
878.10
884.06
892.88
900.98
903.84
921.01
916.96
25017.98
925.06
903.13
905.99
892.16
914.10
921.01
931.02
935.79
939.85
947.95
945.09
956.06
24991.99
890.97
883.10
875.95
878.81
912.90
911.00
895.98
910.04
889.78
886.92
880.96
869.99
24994.13
920.06
905.99
905.99
897.17
910.04
921.01
927.21
921.96
939.85
932.93
940.08
935.08
29024.12
919.10
900.03
907.18
915.05
919.10
926.02
921.01
930.07
932.93
929.83
944.85
938.89
25040.15
957.97
954.87
953.91
965.12
962.02
957.97
956.06
966.07
961.07
961.07
972.03
24998.19
926.97
882.86
869.99
881.91
870.94
891.21
888.11
901.94
916.96
915.05
920.06
920.06
24953.13
1007.08
969.17
966.07
977.04
969.17
968.93
