877.14
877.14
887.87
895.02
890.97
889.06
16990.90
898.12
880.96
880.00
885.96
885.01
871.90
874.04
873.09
879.05
905.99
905.99
903.84
903.84
891.92
887.16
885.01
885.96
16969.92
922.92
902.89
900.98
908.85
905.99
900.03
901.94
905.99
886.92
905.04
904.80
903.84
903.84
906.94
910.04
907.18
16943.93
973.94
921.01
910.04
911.00
907.90
902.89
909.09
902.18
893.12
936.99
936.99
934.84
940.80
934.84
940.08
935.08
935.08
17000.91
905.99
890.02
895.98
905.04
890.02
890.02
890.97
891.92
945.09
935.08
936.99
932.93
944.85
936.03
937.94
938.89
17012.12
905.04
888.11
884.06
887.16
885.96
880.00
880.96
882.86
977.99
905.99
902.18
899.08
910.04
899.08
898.12
900.98
894.07
4988.91
937.22
921.01
923.16
5002.02
912.19
895.02
884.06
4911.90
917.91
920.06
918.15
921.01
4936.93
895.02
892.16
888.11
4956.96
926.02
927.93
921.96
4950.05
934.12
914.10
931.02
926.97
948.91
932.22
931.98
914.10
917.20
890.97
885.01
884.06
885.01
934.12
926.02
936.99
926.02
17029.05
950.10
933.17
934.12
932.93
903.84
890.97
885.01
882.86
900.98
914.10
912.90
934.84
885.96
880.96
880.00
880.00
16922.00
930.07
899.08
911.00
918.15
940.08
936.99
948.19
941.99
936.03
916.00
919.10
900.03
888.11
903.13
905.99
911.95
16945.84
940.08
890.97
885.01
883.10
885.01
885.96
887.87
888.82
902.89
897.17
898.12
911.00
900.03
906.94
884.06
877.14
883.10
16916.04
972.03
937.94
926.02
931.02
936.99
921.01
926.02
931.02
930.07
926.97
931.98
925.06
936.03
889.06
893.83
890.97
16912.94
986.10
951.05
952.01
941.99
969.89
943.90
947.00
957.01
952.96
944.85
942.95
944.14
932.93
904.08
900.03
900.03
16933.92
1008.99
953.20
943.90
943.90
952.96
946.04
947.00
947.00
950.10
946.04
941.99
941.99
932.93
929.12
935.08
936.99
16970.87
1003.03
957.97
945.81
941.99
942.95
939.85
939.85
936.03
951.05
935.08
939.13
937.94
928.88
942.95
941.99
947.00
16978.03
976.09
942.23
946.04
937.94
936.03
932.93
929.12
927.93
931.98
926.97
926.02
925.06
925.06
893.12
894.07
903.13
16937.02
981.09
947.00
937.94
948.19
947.00
943.18
938.89
935.08
945.09
941.99
926.97
926.02
930.07
895.02
890.97
892.88
16922.00
1005.89
948.91
947.00
947.00
952.96
947.00
946.04
946.04
951.05
945.09
941.99
942.95
934.12
909.09
910.04
908.85
16944.89
1011.85
952.01
943.90
946.04
947.00
946.04
942.95
941.04
945.09
941.99
942.95
936.03
931.98
926.97
932.22
928.88
16973.97
989.20
952.96
940.08
941.04
938.89
936.03
936.99
941.99
942.95
936.03
936.03
934.12
928.16
933.89
926.97
916.00
16973.97
981.09
945.09
946.04
952.96
885.96
900.03
896.22
886.92
907.18
895.98
894.07
897.88
902.89
898.12
899.08
896.93
895.02
17012.12
921.01
899.79
901.94
16986.13
914.81
901.94
900.03
901.94
900.03
898.84
900.98
891.92
906.94
897.17
896.93
892.88
895.98
903.13
895.02
900.03
893.83
17001.87
917.91
907.18
900.98
908.14
907.90
902.89
901.22
905.04
903.13
903.84
896.93
901.94
905.99
896.93
898.12
900.98
16943.93
939.13
906.94
896.93
903.13
900.98
897.88
896.93
899.08
905.99
898.84
896.93
900.03
900.03
900.98
894.07
903.13
891.92
17004.01
921.01
904.08
905.99
905.04
902.89
902.89
906.23
905.04
911.95
901.94
899.08
900.03
904.80
901.94
900.98
900.03
16931.06
958.20
911.00
919.10
905.04
909.81
901.94
900.98
900.98
905.99
901.94
901.94
902.89
902.89
911.00
893.83
890.97
887.16
16962.05
911.00
887.16
880.96
889.06
883.82
878.81
881.91
875.95
885.96
876.90
880.00
880.96
884.77
886.92
888.11
888.11
885.96
16978.03
904.08
883.10
878.10
895.98
881.91
897.88
895.02
889.06
900.98
890.02
890.02
888.82
896.93
894.78
891.92
897.88
894.07
16982.08
914.81
897.88
899.08
909.09
904.08
904.08
898.12
908.14
896.93
900.98
905.04
901.94
905.04
890.97
898.12
900.03
16929.15
954.15
917.91
905.99
913.14
911.00
911.00
909.81
905.04
911.95
905.04
912.90
897.88
912.90
908.14
910.04
906.94
907.90
16995.91
916.00
908.85
908.85
912.90
897.88
917.20
905.99
908.14
915.05
907.18
912.90
905.99
908.85
916.00
905.99
911.00
16937.97
958.20
925.06
916.96
912.90
917.20
908.85
911.95
903.13
920.06
900.98
905.99
911.00
905.99
912.90
916.00
908.14
909.09
17004.97
919.10
910.04
908.85
918.15
923.16
922.92
907.90
926.02
918.87
907.90
911.95
926.02
921.01
928.16
921.96
924.83
16999.96
943.18
928.88
931.98
931.02
926.02
931.02
921.96
922.92
935.08
924.11
926.02
927.93
930.07
921.96
926.97
920.06
16958.95
970.84
936.03
929.12
928.88
930.07
930.07
931.98
921.96
936.03
928.16
929.12
921.96
938.18
932.93
926.97
923.16
16969.92
973.94
934.12
931.98
941.99
932.93
928.88
931.02
926.97
939.13
930.07
926.02
931.02
931.98
927.93
928.16
922.92
16957.04
974.89
931.98
930.07
930.07
941.04
936.03
935.08
933.89
946.04
934.12
933.89
941.99
940.08
934.12
932.93
932.93
16960.14
986.10
942.95
945.81
942.95
941.99
940.08
939.85
936.99
950.10
941.04
941.04
938.18
948.91
936.03
940.08
940.08
16974.93
985.86
943.90
950.81
947.95
949.14
942.95
938.89
941.04
947.95
936.03
938.18
941.99
946.04
934.84
937.94
941.99
17004.01
969.17
943.90
941.04
951.05
938.89
943.90
941.99
945.81
942.95
944.14
941.04
935.79
947.00
936.99
938.89
939.13
17033.10
961.07
947.00
938.89
947.00
942.95
939.85
941.04
948.91
939.13
939.13
941.04
942.95
940.08
941.04
938.18
939.13
17036.91
953.91
945.81
938.89
947.00
941.99
937.94
941.99
939.85
940.80
940.08
937.94
945.09
940.08
939.13
935.08
936.99
17030.95
952.01
943.18
940.08
950.10
944.14
947.00
935.08
951.05
941.99
936.99
940.08
945.09
945.09
936.99
939.85
16965.15
993.97
948.91
940.80
941.99
950.10
943.18
936.99
936.99
947.95
940.08
939.13
937.94
940.80
941.99
937.94
935.79
16969.92
995.87
947.00
942.95
937.94
941.99
941.04
940.08
941.04
944.14
941.04
940.08
936.03
946.04
941.99
936.99
944.14
16971.11
983.00
949.86
938.89
947.00
941.04
940.08
940.08
936.03
942.95
938.89
936.03
931.02
938.89
934.12
936.03
935.79
16977.07
977.99
941.99
941.99
943.90
936.99
940.08
936.99
938.89
942.95
939.13
941.04
937.94
946.04
938.89
935.08
936.99
17014.98
962.97
942.95
942.95
944.85
941.04
937.94
936.99
940.08
941.99
936.99
933.89
940.80
941.99
937.94
937.94
936.99
17027.85
957.97
941.04
940.08
944.14
939.13
941.04
941.04
947.00
938.89
937.94
937.94
933.89
943.90
940.80
936.99
941.04
17028.09
953.91
945.09
943.90
949.86
944.85
944.85
941.04
950.10
936.03
942.95
941.99
945.09
937.94
938.89
940.80
938.89
17028.81
952.96
945.81
941.99
952.01
945.81
941.99
937.94
922.92
886.20
878.10
880.00
881.91
889.06
884.06
887.87
891.92
16993.05
907.90
899.08
895.02
893.12
887.16
891.92
887.87
878.81
895.98
931.98
923.87
923.87
929.12
914.10
912.19
904.08
898.84
8981.94
919.10
908.14
910.04
905.04
908.85
892.88
903.84
898.84
897.17
892.88
895.02
889.06
890.02
884.06
885.01
885.01
16918.90
919.10
884.06
877.14
870.94
886.92
868.08
876.19
879.05
888.11
883.10
895.02
890.02
890.97
895.98
893.12
888.11
902.18
16930.10
944.14
902.89
910.04
913.86
911.00
901.94
908.85
900.03
916.00
901.22
911.95
899.08
913.14
905.04
907.18
910.04
904.08
17004.01
916.00
909.81
910.04
912.90
903.84
903.84
910.04
910.04
905.99
909.09
908.85
899.79
917.91
902.89
909.09
908.14
16941.07
947.00
920.06
915.05
914.10
911.00
909.09
915.05
909.81
912.90
904.80
911.00
905.99
913.86
912.90
903.13
910.04
911.95
17001.87
922.92
910.04
909.09
918.15
906.94
905.99
911.95
921.01
906.94
906.94
909.09
909.09
915.05
913.14
903.13
911.00
16973.02
934.84
918.87
912.90
910.04
908.85
910.04
907.90
912.90
916.00
916.00
911.95
909.09
913.14
906.94
912.90
913.14
16930.10
967.03
918.87
910.04
914.81
917.91
916.00
919.10
911.95
932.93
922.92
924.83
921.01
924.11
917.91
924.83
917.91
913.86
17012.83
932.93
933.17
916.00
936.99
935.08
934.12
931.02
936.03
926.02
929.83
926.02
926.97
934.84
930.79
925.06
926.02
17026.19
941.99
934.12
930.07
935.08
931.98
929.83
924.83
936.99
934.12
931.02
922.20
931.02
936.99
923.87
937.22
926.02
17022.13
949.14
935.08
935.08
941.99
931.02
939.13
932.93
936.03
931.02
929.12
929.12
926.97
936.99
929.12
930.07
931.02
17015.93
938.89
933.89
928.88
947.00
936.03
935.08
926.97
947.00
935.08
940.08
926.02
931.02
942.95
936.99
931.98
931.98
17019.99
948.91
937.22
936.03
938.89
930.07
939.85
932.93
939.13
936.99
933.89
931.98
931.98
942.95
928.88
929.83
931.98
17024.99
952.96
936.03
935.08
938.18
937.94
928.88
934.84
940.08
930.07
931.98
934.84
934.84
936.99
931.02
941.99
938.18
17035.96
954.15
949.14
935.08
951.05
947.00
941.99
934.84
951.05
941.99
939.13
937.94
944.85
939.85
937.94
944.14
938.89
17035.01
954.15
941.04
945.09
947.95
939.85
938.89
943.90
947.00
938.18
936.99
941.99
944.85
941.04
938.89
937.94
16968.01
994.92
949.86
941.04
942.95
952.96
944.14
943.90
937.94
949.14
940.08
942.95
942.95
944.14
938.89
942.95
939.13
16968.01
995.16
947.95
944.85
943.90
947.00
941.99
941.99
939.85
947.95
944.14
940.08
940.08
943.90
936.03
941.99
935.08
16976.83
989.91
950.10
941.99
947.00
945.09
942.95
941.99
939.13
947.00
939.13
944.14
937.94
942.95
941.99
939.85
938.89
17015.22
962.97
944.85
942.95
945.09
942.95
941.99
941.04
947.00
942.95
940.08
947.95
936.03
941.99
941.04
938.89
935.79
17026.90
959.87
941.04
941.04
947.00
939.13
941.04
938.89
943.90
939.85
939.85
941.04
941.04
938.89
936.03
937.94
936.99
17030.95
951.05
939.13
937.94
946.04
942.95
941.99
935.79
943.90
937.94
944.14
940.08
941.04
943.18
936.99
937.94
936.99
17028.81
954.87
942.95
943.18
947.00
941.04
936.99
939.13
947.00
940.08
941.04
943.90
943.18
937.94
938.18
937.94
16968.01
999.93
945.81
944.85
939.85
946.04
946.04
940.08
941.99
951.05
939.85
941.99
941.99
938.89
938.18
940.08
940.08
16966.10
993.97
945.81
942.95
951.05
947.00
941.99
940.08
941.04
948.91
940.80
938.89
938.89
946.04
934.84
938.89
936.03
16975.88
982.05
946.04
944.14
947.00
947.00
942.95
937.94
943.90
949.86
944.85
939.85
941.04
950.10
941.04
936.99
941.04
17002.82
972.03
943.90
942.95
941.99
946.04
942.95
945.09
947.00
941.99
938.89
942.95
941.04
945.09
941.99
937.94
941.04
17031.19
952.01
947.00
936.99
954.15
942.95
941.04
941.99
947.00
945.81
944.85
941.99
947.95
942.95
944.14
941.04
938.89
17032.86
955.10
946.04
941.04
952.01
939.85
940.80
943.90
952.01
945.81
937.94
940.08
945.09
942.95
939.13
940.08
937.94
17015.93
954.15
945.09
937.94
949.14
941.99
941.99
942.95
947.00
941.99
941.99
939.13
944.14
942.95
940.80
939.85
16972.06
965.12
916.96
905.99
908.85
906.94
911.00
905.99
901.94
897.88
889.06
884.06
879.05
881.91
885.01
880.00
883.82
885.01
16936.06
966.07
923.16
928.16
941.04
929.12
925.06
18419.98
931.02
907.90
889.78
897.88
889.78
887.87
890.02
881.91
895.02
889.06
888.11
885.01
895.98
890.02
890.02
890.97
883.82
16983.99
907.18
895.02
889.06
898.12
890.02
884.06
886.92
887.16
890.97
885.96
885.01
885.96
890.02
884.06
889.06
883.10
885.01
16975.88
902.18
885.01
885.96
891.92
886.20
889.06
885.96
885.01
899.08
885.01
889.06
886.20
887.87
884.06
886.92
885.01
879.05
16977.07
897.88
889.06
888.82
893.83
885.96
888.11
885.96
886.92
888.82
886.92
890.02
882.15
893.12
884.06
885.01
882.86
16906.02
939.13
896.93
890.02
885.01
894.07
885.01
885.96
876.90
890.02
880.96
883.82
881.91
883.10
889.06
883.10
874.04
881.91
16905.07
936.99
896.93
887.87
888.11
894.07
893.12
892.16
890.02
898.12
893.12
890.97
886.92
891.92
900.03
889.06
888.11
892.88
16923.90
947.00
904.08
904.08
901.94
905.99
898.12
891.92
901.94
910.04
898.84
898.12
901.94
897.88
903.84
901.94
899.08
905.99
16985.89
909.09
905.04
897.88
901.94
899.08
894.07
900.98
900.98
907.18
899.08
900.98
902.18
902.89
903.84
902.18
896.93
903.84
16988.99
916.96
911.00
903.13
917.91
911.00
905.04
912.19
914.10
907.90
912.90
911.00
910.04
916.96
907.90
907.90
903.13
17000.91
917.91
916.96
905.99
914.81
906.94
907.18
902.89
911.95
910.04
906.94
907.90
899.08
919.10
899.08
905.99
904.08
898.12
919.10
921.96
923.16
937.94
937.94
936.03
938.18
937.94
943.90
941.99
942.95
944.14
16983.99
957.01
926.02
908.14
906.94
911.00
911.95
905.04
911.00
904.08
909.09
900.03
897.88
890.97
936.99
941.04
939.13
941.99
16996.86
919.82
901.94
911.00
918.87
900.98
891.92
901.94
895.02
893.83
891.21
890.02
885.01
878.81
877.86
890.02
883.10
16933.92
958.92
905.99
887.87
892.88
907.90
892.88
893.12
894.07
903.13
890.02
895.02
890.97
890.02
923.87
923.16
933.17
941.04
17014.03
915.05
902.89
899.08
905.99
901.94
908.14
902.89
905.99
910.04
902.18
899.08
901.94
898.84
907.90
913.86
899.79
16928.91
965.83
923.87
911.95
913.14
927.93
916.00
920.06
915.05
916.96
913.86
920.06
917.91
907.18
890.97
900.98
905.99
908.14
17026.90
952.01
936.99
935.08
936.99
933.17
928.88
929.83
933.89
933.89
931.02
931.98
929.12
875.00
873.09
872.14
880.96
16932.96
940.08
905.04
907.18
905.04
902.89
891.92
895.98
884.06
896.93
885.01
884.06
884.06
872.14
931.02
936.03
939.13
941.04
16999.96
902.89
895.02
890.97
896.93
883.10
887.16
880.00
885.96
888.82
885.01
885.96
883.10
867.13
898.12
905.04
903.13
16950.13
952.96
911.00
896.93
891.92
904.08
902.18
904.08
905.99
908.85
901.94
899.08
903.13
906.94
938.18
946.04
942.95
936.99
17011.17
925.06
911.95
908.14
910.04
911.00
901.94
905.04
909.09
916.96
910.04
907.90
914.10
901.94
907.90
900.98
896.93
16926.05
971.08
921.01
914.10
908.14
921.96
914.81
916.96
909.09
926.97
907.90
911.95
914.10
906.94
880.00
909.09
910.04
914.10
17029.05
933.89
925.06
930.79
933.89
923.87
933.89
931.02
932.93
923.16
926.02
924.11
925.06
873.09
882.15
890.02
896.93
16983.99
949.14
922.92
922.92
931.02
931.98
922.92
926.02
926.97
936.99
926.02
929.12
921.01
913.86
876.90
886.20
885.01
16911.98
945.81
898.84
895.02
886.92
895.98
880.96
881.91
876.19
881.91
885.01
880.96
876.90
882.15
895.98
899.08
891.92
887.16
16927.96
936.99
900.03
899.08
892.88
901.22
890.97
889.06
893.83
899.79
890.02
890.02
888.11
905.04
931.02
934.84
937.94
941.99
17002.82
911.00
905.04
902.18
910.04
904.08
902.89
904.80
900.98
907.18
909.09
905.99
898.12
915.05
926.02
916.96
926.97
16942.02
962.97
919.10
907.18
906.94
914.81
905.04
909.09
905.99
913.14
904.08
904.08
903.13
895.98
875.23
887.87
895.02
895.98
17030.00
952.01
930.07
933.17
941.04
931.98
928.88
935.79
938.89
934.84
936.03
937.94
936.99
872.14
879.05
875.00
882.86
16944.89
931.98
903.13
890.97
903.84
899.79
895.98
885.96
892.88
895.02
885.96
888.82
882.86
875.95
910.04
916.96
929.12
925.06
17004.97
902.89
896.93
884.06
894.07
888.82
887.87
891.21
889.06
898.12
885.96
892.16
894.07
886.92
887.87
884.06
880.00
875.95
17006.87
925.06
910.04
920.06
920.06
910.04
924.83
920.06
917.91
926.02
925.06
925.06
16941.07
980.14
935.08
929.12
931.98
934.84
929.83
929.83
926.02
939.13
930.07
922.92
931.98
940.08
930.07
932.93
926.02
925.06
17019.03
944.14
935.08
931.98
939.85
940.80
934.84
932.93
936.99
936.03
933.89
935.08
933.89
936.03
932.22
935.08
930.07
17020.94
943.90
937.94
939.13
941.04
939.13
933.89
936.99
939.13
941.04
939.13
937.94
944.85
939.13
941.99
936.99
16968.01
1000.88
947.00
946.04
939.13
951.05
943.90
941.99
939.85
947.00
941.99
942.95
934.84
947.00
940.08
937.94
940.08
16975.16
989.20
953.91
942.95
951.05
941.99
946.04
941.04
936.03
950.10
939.13
940.08
939.13
946.04
941.99
936.99
941.99
16976.12
987.05
944.85
947.00
945.09
941.99
946.04
941.99
937.94
947.00
941.04
939.13
941.99
949.86
940.80
944.85
941.04
17032.86
963.93
941.99
943.90
947.95
941.99
942.95
941.99
16969.92
977.99
936.03
916.00
919.10
930.07
917.20
916.00
926.02
901.94
926.97
923.87
936.03
932.93
922.92
928.16
936.03
16957.04
980.85
930.07
917.91
916.96
925.06
925.06
918.15
923.16
917.91
923.87
919.10
916.00
911.00
907.90
909.81
904.80
899.08
17007.83
956.06
936.03
936.99
936.03
926.97
936.03
931.98
923.87
936.03
940.08
930.07
936.03
949.14
947.00
940.80
942.95
17024.04
939.85
926.02
915.05
928.16
922.92
916.00
919.10
921.01
939.13
931.02
938.18
936.99
945.09
930.07
939.13
937.94
17020.94
944.14
933.17
925.06
941.04
934.12
930.07
926.02
923.16
909.09
911.95
913.86
907.18
921.96
912.19
921.96
919.82
17009.02
945.09
929.12
926.02
935.08
928.16
932.93
937.94
934.12
899.08
916.96
906.23
914.10
926.02
909.09
910.04
907.90
16959.19
966.07
921.01
901.94
908.14
913.14
896.93
898.84
900.03
880.00
937.94
927.93
937.22
941.99
940.08
941.04
944.85
16970.87
968.93
931.02
916.96
919.10
920.06
905.99
901.94
904.08
901.94
933.89
923.16
925.06
929.12
916.96
914.81
917.91
907.90
16996.15
908.14
895.98
885.96
890.97
885.01
876.90
882.86
875.00
895.02
882.15
882.15
887.87
883.82
882.86
876.90
872.85
873.80
17005.92
940.08
924.83
932.93
935.08
929.12
939.13
927.93
919.82
895.02
890.02
899.08
889.06
893.12
884.06
889.06
892.16
16935.11
947.00
902.89
893.12
892.16
896.93
887.87
885.96
885.96
880.00
903.13
896.93
911.00
911.00
907.90
905.99
901.94
904.80
17011.88
907.90
898.12
895.02
900.03
899.08
895.02
890.02
900.98
939.85
930.07
936.99
933.17
931.98
933.17
930.07
927.93
16968.97
965.12
916.96
912.90
922.92
913.14
913.14
916.00
912.19
917.91
926.97
926.02
939.13
947.95
936.03
931.02
936.03
16961.10
972.03
926.02
924.11
914.10
925.06
916.00
917.20
917.91
928.88
911.95
911.00
911.00
914.10
895.98
895.98
902.89
895.98
17015.93
939.85
923.87
925.06
921.01
911.00
914.10
908.14
905.04
880.00
880.00
891.92
886.92
892.16
887.87
893.83
892.88
16926.05
940.08
896.93
882.86
885.01
893.12
891.92
893.83
898.84
893.83
928.88
931.98
936.03
941.99
941.04
931.98
938.18
935.08
17003.06
926.02
916.00
908.85
909.81
911.95
901.94
907.90
902.89
925.06
921.96
935.08
925.06
935.08
937.94
925.06
936.99
17017.13
936.99
921.01
918.87
926.02
916.96
924.83
916.96
916.00
930.79
917.91
918.87
918.87
926.02
918.87
916.96
910.04
16965.15
990.15
938.89
933.89
948.91
944.85
941.99
937.94
943.90
928.16
911.00
907.18
911.95
913.86
908.85
904.80
907.90
16944.89
972.99
922.92
922.92
912.90
926.97
906.94
903.13
900.03
901.94
875.95
877.86
876.90
878.81
887.87
882.86
881.91
889.06
16971.11
913.14
894.07
895.02
902.18
895.98
893.83
895.02
896.93
916.96
933.17
923.87
932.93
928.16
912.90
925.06
911.00
16942.02
969.89
908.85
902.89
913.86
908.14
909.09
911.00
905.99
905.04
905.99
899.08
895.98
900.98
899.08
890.97
891.92
887.87
16958.00
967.98
934.12
932.93
933.89
928.88
935.08
929.83
932.93
890.02
879.05
880.96
879.05
880.96
879.05
880.96
880.00
880.96
17016.17
929.12
919.10
920.06
916.96
903.84
909.09
901.94
900.98
893.12
897.88
889.06
894.07
897.88
883.82
887.87
885.01
16928.91
931.02
888.11
889.06
885.96
890.02
883.10
890.02
893.12
900.03
895.98
895.98
898.12
900.98
901.94
913.14
909.09
910.04
17002.11
918.15
909.09
904.08
907.90
915.05
900.98
911.00
902.89
916.96
905.99
909.09
908.85
919.82
905.04
911.95
907.18
16947.98
950.81
917.91
910.04
914.81
926.02
909.09
915.05
915.05
916.00
908.85
917.91
913.14
913.14
912.90
911.00
911.00
913.14
16999.96
925.06
919.10
915.05
921.01
914.81
907.90
914.81
913.86
917.91
914.81
906.94
912.19
920.06
915.05
909.09
910.04
16955.14
949.14
919.10
925.06
925.06
914.10
917.20
911.00
913.14
918.15
911.95
912.90
908.14
916.96
917.91
911.00
909.81
16932.96
967.98
926.02
917.20
917.91
926.97
924.11
919.10
915.05
919.10
914.10
911.00
915.05
924.11
913.14
915.05
911.00
912.90
17012.12
923.87
924.11
914.10
922.92
916.00
916.96
916.00
921.01
922.92
911.00
916.96
913.86
919.82
915.05
914.10
916.00
16967.06
952.96
927.93
921.01
920.06
915.05
917.20
911.95
911.00
918.87
920.06
909.09
916.96
915.05
916.96
915.05
911.00
16937.97
969.17
924.11
919.10
914.10
921.96
919.10
909.09
919.10
922.20
920.06
916.00
915.05
923.16
912.90
916.00
913.14
915.05
17009.97
928.88
916.96
916.96
926.97
913.14
914.10
914.10
922.92
918.87
918.87
916.00
918.87
927.93
921.01
910.04
910.04
16994.00
926.02
925.06
919.10
926.02
911.95
907.90
919.82
915.05
916.96
908.85
909.81
908.85
918.87
911.24
906.94
908.85
16936.78
963.93
917.91
913.14
916.00
916.96
919.10
917.91
914.81
921.96
915.05
912.19
912.90
914.81
911.00
911.95
908.85
905.04
17004.97
927.93
915.05
914.10
919.10
915.05
909.09
911.00
920.06
914.10
912.90
912.90
910.04
923.87
911.00
908.85
913.86
16945.84
948.91
924.83
912.90
917.91
916.96
912.90
913.14
909.09
924.11
908.14
912.90
915.05
918.87
907.90
910.04
913.86
16942.98
968.93
926.02
921.01
916.00
920.06
912.90
916.00
911.00
915.05
913.14
910.04
914.10
918.15
911.95
911.00
914.10
911.00
16992.81
926.02
919.10
916.00
916.00
911.95
910.04
914.81
911.95
907.18
912.90
912.90
905.99
915.05
900.98
911.00
916.00
5007.03
948.19
916.00
909.09
4935.98
934.84
911.00
903.13
905.04
4985.09
946.04
944.14
941.04
4985.09
915.05
895.98
898.84
4927.87
929.83
902.89
897.17
890.97
5002.02
946.04
935.08
941.04
941.99
931.98
937.94
935.79
920.06
912.90
912.90
919.82
918.87
887.87
882.86
886.92
885.96
16951.80
916.00
893.12
895.98
900.03
890.97
893.12
885.96
888.11
899.08
880.00
884.06
891.92
890.97
885.01
885.01
887.16
885.96
16999.96
952.01
936.03
931.98
921.96
884.06
885.01
880.00
885.01
885.01
882.15
882.15
881.91
889.06
883.10
884.06
893.83
893.83
16976.83
895.02
886.92
890.02
880.96
898.84
897.88
901.94
913.14
915.05
905.99
911.00
908.14
916.96
907.18
911.95
910.04
16947.98
971.08
936.03
930.07
935.08
901.22
914.10
917.91
913.86
918.87
922.20
907.90
921.96
921.96
921.01
921.01
925.78
16951.80
980.85
926.02
917.91
924.83
905.04
913.86
903.84
918.87
922.92
909.09
908.14
911.00
917.20
911.00
909.09
909.09
918.15
17014.98
931.98
916.00
907.90
902.89
907.18
919.10
914.10
933.89
925.06
936.99
931.02
926.97
944.85
927.93
935.08
932.93
17023.09
949.14
934.12
927.93
919.82
910.04
914.10
911.95
930.79
925.06
922.92
919.82
920.06
931.98
930.07
928.16
932.93
16972.78
941.99
906.94
905.99
895.02
933.17
946.04
944.14
945.09
947.95
946.04
941.04
942.95
950.10
943.18
941.04
941.04
16978.03
974.18
932.93
926.02
941.04
913.14
917.91
932.93
931.02
931.02
936.03
935.08
930.07
935.08
935.08
931.98
931.02
16973.02
983.00
947.95
933.17
927.93
910.04
916.00
916.00
914.81
923.87
921.96
912.19
921.01
921.96
919.82
926.02
916.00
16960.14
983.00
946.04
931.98
933.17
900.03
904.08
907.18
906.94
927.93
921.01
916.00
911.00
913.14
916.96
905.04
912.90
913.14
17041.92
936.99
930.07
930.07
903.13
911.00
912.90
925.06
917.20
931.98
932.22
916.96
931.02
933.89
923.87
919.10
936.03
17038.11
945.81
928.88
922.92
947.95
922.92
927.21
911.95
916.96
916.96
911.95
905.99
913.86
876.90
888.11
893.12
891.92
16942.98
940.08
899.08
894.07
893.83
898.12
888.11
884.06
886.20
894.07
884.06
890.02
888.11
883.10
16958.95
890.97
890.02
885.01
890.02
885.01
881.91
876.90
894.07
887.16
881.91
880.96
885.01
893.83
887.87
890.97
890.02
16920.09
945.09
911.00
898.84
912.90
918.15
901.94
909.81
906.94
919.10
906.94
911.00
913.14
909.09
908.14
911.95
907.18
916.00
16990.18
924.11
905.04
910.04
911.00
908.85
906.94
903.13
905.99
917.91
909.09
909.09
900.98
912.90
911.00
901.94
909.81
16937.02
955.10
926.02
913.14
906.94
916.00
914.10
914.10
905.04
917.20
904.08
908.85
918.87
911.00
908.14
900.03
911.95
900.03
16994.95
925.06
919.10
902.89
916.96
902.18
910.04
905.04
914.10
910.04
906.23
911.00
902.18
916.00
900.03
903.84
898.84
16933.20
954.15
921.01
916.00
908.85
916.96
910.04
913.14
911.95
916.00
908.14
911.95
905.99
920.06
909.09
911.00
909.09
906.94
17001.87
926.02
906.94
910.04
919.10
913.86
907.90
911.95
929.12
909.09
905.04
913.14
907.90
912.90
910.04
911.00
901.94
16949.89
957.97
920.06
906.94
916.96
912.19
906.94
909.81
905.04
916.00
905.04
909.81
911.00
915.05
910.04
905.04
916.00
905.99
16994.00
929.12
915.05
911.00
916.00
913.86
905.99
906.94
912.90
907.90
910.04
904.80
907.90
912.90
909.09
914.10
904.08
16983.03
928.88
916.00
913.86
911.95
914.10
905.04
912.19
909.09
912.90
900.98
905.99
903.84
917.20
905.99
908.14
905.99
16936.06
954.87
927.93
925.06
921.01
924.83
906.94
909.09
910.04
927.93
908.14
905.99
914.10
909.09
913.14
911.00
902.18
910.04
17008.07
924.11
923.16
911.95
915.05
914.10
915.05
909.09
910.04
914.10
904.08
909.09
910.04
915.77
905.99
905.99
916.96
16945.12
947.00
920.06
910.04
912.90
921.96
910.04
910.04
909.81
920.06
909.09
912.90
911.95
916.96
908.85
911.95
909.09
900.98
17017.84
919.82
916.00
906.94
922.92
917.91
908.14
906.94
921.96
910.04
908.14
908.14
911.95
912.90
912.19
915.05
903.13
16973.02
934.12
918.15
912.90
922.20
915.05
910.04
909.09
909.09
926.02
905.99
911.95
906.94
912.19
911.95
908.85
908.85
16929.86
962.02
931.02
921.01
912.90
921.01
912.90
914.10
922.20
917.91
914.10
912.19
912.90
916.96
914.10
916.00
909.81
911.95
17002.11
920.06
923.16
916.96
911.95
925.06
911.00
918.87
922.92
923.16
917.91
926.02
921.01
924.11
926.02
926.97
919.10
16984.94
943.18
924.11
927.93
929.83
931.98
931.98
934.84
931.98
936.99
933.17
931.98
933.17
940.08
934.12
925.06
928.88
16965.87
972.03
942.95
933.89
945.09
928.16
932.93
933.89
931.02
946.04
932.93
933.17
926.02
936.03
939.13
931.98
932.93
16963.96
974.89
944.85
932.93
935.08
933.17
932.93
929.83
931.02
942.95
930.79
931.98
931.98
941.04
926.02
936.03
927.93
16968.97
977.04
936.03
942.95
932.93
936.03
936.99
933.89
930.07
934.84
934.84
923.87
935.79
933.89
931.02
926.97
935.08
16963.01
983.00
941.99
946.04
942.95
947.95
940.08
941.99
938.18
951.05
941.99
941.99
938.89
947.00
937.94
938.89
937.94
17011.17
968.93
952.01
940.08
952.01
941.99
945.81
940.80
957.01
941.04
946.04
941.99
937.94
951.05
941.04
941.04
938.89
17035.96
957.97
944.85
943.90
952.01
942.95
943.90
938.18
947.95
941.04
941.04
944.14
944.85
941.04
937.94
936.99
939.13
17031.91
956.06
947.00
941.99
952.96
941.99
943.18
937.94
950.10
944.14
941.04
941.04
947.95
942.95
942.95
939.85
16957.04
1000.88
948.91
945.81
941.04
952.01
939.13
942.95
945.81
949.86
937.94
941.99
940.08
947.95
940.80
941.04
939.13
16973.02
994.21
943.90
941.99
945.09
946.04
941.04
938.18
941.04
950.10
941.04
945.09
941.99
942.95
941.04
941.04
941.04
16972.06
993.01
947.00
941.04
947.95
941.99
947.00
940.08
946.04
950.10
944.14
941.04
945.09
948.91
937.94
938.18
944.14
17014.03
965.12
939.13
947.00
943.18
946.04
940.08
932.93
952.01
941.99
941.99
941.99
940.08
950.10
945.09
937.94
937.94
17039.06
961.07
949.14
941.99
955.10
945.09
940.08
944.14
925.06
902.89
901.94
898.84
891.92
899.08
889.06
882.15
875.95
16922.95
931.98
890.97
885.01
886.20
895.02
883.10
880.00
880.96
885.96
907.18
902.89
912.90
921.01
918.87
916.00
917.91
911.95
25022.98
956.06
944.14
929.12
941.99
934.12
940.08
938.89
945.81
943.90
940.08
941.99
946.04
941.99
939.13
942.95
938.89
17044.07
956.06
947.00
946.04
951.05
941.99
938.89
947.00
948.91
945.09
942.95
944.85
944.85
940.80
944.85
941.04
16973.02
1001.83
955.82
947.00
947.00
954.15
942.95
940.80
943.90
949.86
944.85
944.85
940.80
949.86
941.99
941.04
944.14
16979.93
994.92
954.15
946.04
947.95
947.00
947.00
945.09
943.18
952.01
945.09
941.04
941.99
947.95
941.99
936.99
941.99
16987.09
982.05
950.10
951.05
948.91
948.19
943.90
943.90
947.00
942.95
944.14
947.00
943.90
944.14
947.00
946.04
943.18
17032.86
961.07
947.95
945.81
952.96
945.09
943.18
942.95
947.00
947.00
944.14
943.90
947.95
947.00
946.04
942.95
941.99
17042.88
957.97
948.91
944.85
951.05
941.04
947.95
940.80
950.81
942.95
945.09
941.99
944.85
945.09
945.09
940.08
16976.12
993.97
952.01
950.10
942.95
952.96
942.95
943.90
942.95
949.14
938.89
942.95
941.04
948.91
943.18
942.95
940.08
16982.08
991.11
950.10
945.09
952.96
949.86
940.08
941.04
942.95
950.10
942.95
944.85
941.99
950.10
941.04
942.95
941.99
16995.91
979.90
948.91
947.00
948.91
944.85
944.85
937.94
947.00
942.95
942.95
941.04
946.04
953.20
939.13
942.95
940.80
926.97
904.08
895.98
895.02
899.08
893.12
894.07
886.92
890.97
897.17
891.92
891.92
888.11
16932.01
978.95
929.12
921.96
926.02
911.95
922.92
909.09
909.09
916.00
908.85
905.99
900.98
898.12
914.10
919.10
912.90
920.06
16987.09
906.94
891.92
890.97
900.03
890.97
885.01
877.14
885.01
889.06
887.16
884.06
890.97
896.93
887.16
889.06
890.97
16919.85
980.85
926.02
914.10
909.09
922.92
911.00
916.96
911.95
921.96
907.90
912.90
916.00
911.00
905.99
905.04
904.80
911.00
17009.02
947.95
922.92
926.02
929.12
915.05
931.02
922.20
928.88
920.06
921.01
919.10
926.97
903.13
885.01
885.01
880.96
16926.05
989.91
938.18
931.98
937.94
931.98
934.12
935.08
931.98
944.85
934.12
929.12
929.12
915.05
890.97
892.88
898.84
16927.00
949.14
911.95
891.92
901.94
896.93
893.12
887.87
886.92
889.06
885.96
889.06
880.96
875.95
910.04
900.98
886.92
888.82
16937.02
954.15
916.96
903.84
916.96
911.95
911.00
909.09
916.00
911.24
909.09
906.94
905.99
912.90
890.97
900.03
897.17
895.98
17009.02
925.06
918.87
911.00
920.06
913.14
911.95
911.00
921.96
910.04
913.86
913.86
912.90
878.10
902.18
911.95
907.90
16967.06
947.95
923.16
927.93
929.83
923.87
932.93
926.02
923.87
936.03
919.82
918.87
932.22
905.99
923.16
925.06
923.16
16972.06
971.08
924.11
923.87
923.87
926.02
922.92
926.02
916.96
923.16
916.00
923.16
926.97
909.81
890.97
900.98
908.85
916.00
17006.87
933.89
930.07
935.08
935.08
923.87
936.99
933.17
938.89
933.89
922.92
928.16
926.97
922.92
921.96
933.89
924.83
17012.83
929.83
923.87
915.05
926.97
924.11
919.10
923.16
921.96
924.83
918.87
914.81
926.02
899.08
910.04
918.15
905.04
17020.94
933.89
917.91
921.96
919.10
917.91
919.82
916.00
920.06
920.06
922.20
915.05
921.96
931.02
934.84
947.00
944.85
17004.97
945.09
922.92
922.92
929.12
916.96
910.04
912.90
908.85
921.96
915.05
909.81
908.85
905.99
920.06
909.09
914.10
16948.94
977.04
928.16
921.96
923.16
925.06
925.06
918.15
930.07
925.06
918.15
922.92
918.87
924.83
921.96
933.89
916.96
913.86
17009.97
938.18
930.07
926.02
931.98
924.83
921.96
924.11
926.02
921.96
922.92
928.88
920.06
926.02
941.04
941.99
937.94
17028.09
936.99
932.93
925.06
941.99
921.01
926.97
931.98
927.93
927.93
930.07
926.97
931.98
926.02
926.02
920.06
916.00
17012.12
929.12
923.87
918.87
922.92
921.01
918.87
923.87
924.83
920.06
916.96
921.96
917.91
919.82
902.89
907.18
895.98
16947.98
976.09
937.94
935.08
933.89
937.94
933.17
931.98
937.94
940.08
934.12
932.93
933.89
927.21
895.02
889.06
893.12
16930.10
956.06
911.95
896.93
904.08
901.94
902.18
900.98
896.22
895.98
895.98
885.96
894.07
882.86
941.99
943.90
938.89
945.81
17003.06
905.99
894.07
892.16
896.93
885.01
890.02
883.10
880.96
886.92
888.11
877.14
880.00
16926.05
942.95
902.18
905.99
906.94
938.89
931.02
918.87
917.91
898.12
909.09
909.09
922.92
921.01
915.05
919.10
916.00
16942.98
973.94
920.06
921.01
918.15
917.91
906.94
908.14
905.99
891.92
919.10
915.05
921.96
926.02
921.96
919.82
916.96
916.00
17004.01
908.85
885.01
884.06
885.96
882.86
889.06
882.86
889.06
926.02
908.14
905.99
905.99
909.81
898.84
905.04
896.93
16913.89
972.99
925.06
916.00
911.00
923.87
912.90
922.92
912.19
914.10
879.05
889.06
885.96
896.93
903.84
905.99
900.98
901.94
17000.91
929.83
916.00
909.09
915.05
900.98
905.99
900.98
905.99
911.00
931.98
936.99
945.09
949.86
937.94
943.18
940.08
16978.03
990.87
931.98
931.98
935.08
934.84
931.98
932.93
930.79
894.07
916.00
914.10
917.91
921.96
910.04
909.81
911.95
16954.18
957.97
916.00
900.03
905.04
916.96
905.04
899.08
895.02
16933.92
931.02
893.83
895.02
883.10
887.87
885.96
875.95
885.01
890.97
882.15
884.06
879.05
884.77
887.87
880.00
889.06
884.06
16967.06
912.19
895.98
894.07
897.88
899.08
895.98
899.08
899.08
900.03
899.08
898.12
895.02
895.98
905.99
904.80
899.79
899.08
16989.95
909.81
896.93
912.19
913.86
903.84
908.14
905.99
906.94
905.99
902.18
906.94
909.81
911.00
905.99
904.08
902.89
16942.02
948.91
916.00
910.04
909.09
921.96
912.19
914.10
907.90
916.00
906.94
907.18
911.95
904.80
913.86
915.05
905.04
909.09
17009.97
923.87
911.00
908.14
922.92
904.80
906.94
907.18
914.10
911.95
911.95
910.04
909.09
911.00
911.95
908.14
905.04
16957.04
946.04
923.87
916.96
911.00
915.05
911.95
910.04
909.81
913.86
907.90
906.94
909.09
915.05
905.99
911.95
911.95
903.84
16991.85
926.97
920.06
923.16
925.06
911.00
921.01
921.96
916.96
921.01
919.82
916.00
921.01
927.21
916.00
915.05
926.02
17012.83
937.94
931.98
938.89
933.89
926.02
928.88
929.83
929.83
931.98
925.06
928.16
927.93
933.89
924.83
925.06
931.02
17030.00
945.09
931.02
928.88
935.08
924.83
931.98
926.97
934.12
931.02
922.92
921.96
927.93
931.02
926.97
927.93
925.06
17025.95
936.99
936.03
935.79
932.93
926.02
926.97
927.93
930.07
931.02
923.87
930.07
926.02
935.08
928.88
924.83
928.88
17011.88
949.86
936.99
926.02
931.02
922.20
923.87
922.92
921.01
926.02
921.01
930.79
926.02
931.02
928.16
927.93
933.89
16959.91
973.94
927.93
930.07
940.08
939.85
932.93
936.99
931.98
945.09
937.22
933.89
931.02
943.90
931.98
935.08
933.17
16973.02
977.99
941.99
941.99
942.23
935.08
931.98
938.18
940.08
936.03
940.08
932.93
926.97
943.18
925.06
936.99
938.18
16999.01
965.83
943.90
948.19
937.94
941.99
931.02
938.18
941.99
935.08
940.80
932.93
932.22
941.99
938.18
935.08
934.12
17029.05
957.01
941.04
938.89
942.95
931.02
938.89
931.02
939.85
932.93
938.18
939.13
935.08
942.95
931.02
938.89
937.94
17030.00
957.97
941.04
939.85
947.95
940.08
935.08
938.18
941.04
935.08
936.99
931.98
935.08
937.94
933.89
936.03
931.02
17030.00
953.91
937.94
941.99
945.81
936.03
931.98
944.14
942.95
937.94
935.08
931.02
941.99
934.12
942.95
934.84
934.84
17039.06
949.86
939.85
937.94
940.08
941.04
933.89
940.08
936.03
936.99
938.89
926.97
943.90
937.94
936.99
935.79
932.93
17037.15
951.05
942.23
942.95
942.95
935.08
939.13
932.93
941.99
937.94
934.12
936.99
943.90
938.18
934.84
937.94
935.08
17025.95
951.05
946.04
936.99
945.09
942.95
932.93
938.18
940.08
932.93
941.04
932.93
945.09
936.99
935.79
933.89
16965.87
995.87
947.00
939.13
936.99
946.04
931.98
941.04
936.99
939.85
934.84
936.03
936.99
951.05
933.17
936.99
929.83
16979.93
983.95
948.91
945.81
947.00
946.04
939.13
946.04
941.04
945.81
941.04
945.09
941.04
947.00
941.04
942.95
943.90
16978.98
995.87
952.01
945.09
955.10
948.91
943.90
949.14
938.89
947.95
947.00
946.04
941.99
944.85
941.99
939.13
945.09
17032.86
961.07
952.96
945.81
951.05
947.95
943.18
939.85
944.85
943.90
936.99
941.99
944.14
946.04
946.04
936.99
942.95
17039.06
961.07
941.99
941.99
952.01
942.95
942.95
941.99
945.09
939.13
943.90
943.90
941.99
941.04
944.14
936.99
941.04
17030.00
953.91
941.04
940.08
951.05
945.09
944.14
942.95
949.86
942.95
941.04
944.14
951.05
939.13
945.09
941.04
16975.16
992.06
954.15
943.90
941.99
947.95
940.08
941.04
940.08
950.81
940.80
938.89
938.89
945.09
943.18
941.04
940.08
16981.12
987.05
946.04
946.04
946.04
945.81
939.85
941.99
938.89
948.91
940.80
941.99
942.95
947.00
937.94
938.89
937.94
16982.08
984.91
948.91
945.09
948.19
943.90
942.95
943.18
944.14
947.00
943.18
941.99
940.08
952.01
941.99
940.80
939.85
17028.81
961.07
947.00
941.04
943.90
943.18
940.08
938.89
943.90
942.95
940.08
941.04
931.98
950.81
936.99
936.03
935.79
17032.86
957.01
946.04
942.95
946.04
938.89
944.85
942.95
949.14
945.09
940.08
940.08
952.01
944.14
940.08
941.04
943.18
17035.96
954.15
947.00
941.99
948.91
941.99
941.99
941.04
944.85
942.95
940.08
936.99
949.86
941.99
937.94
941.04
16973.02
998.97
946.04
947.95
946.04
951.05
942.95
941.99
944.85
952.96
943.90
941.04
936.99
947.00
938.89
938.89
944.14
16977.07
984.19
952.96
941.04
946.04
943.90
941.04
941.04
940.08
946.04
937.94
937.94
936.99
944.85
941.04
941.04
941.04
16982.08
987.77
947.00
941.99
949.86
943.90
944.14
941.99
944.85
943.90
941.04
944.14
941.04
947.95
939.85
937.94
940.08
17028.09
961.78
946.04
943.90
948.91
941.04
938.89
943.90
946.04
942.95
938.89
939.85
938.89
945.09
938.18
936.99
940.08
17034.05
957.97
947.95
941.99
947.95
940.80
943.90
939.13
952.01
939.13
945.09
938.89
946.04
942.95
941.04
941.04
939.13
17040.97
949.86
947.95
947.00
949.14
935.08
941.04
945.09
945.09
943.18
940.08
937.94
945.09
940.08
939.13
940.08
16963.96
1001.83
948.91
951.05
940.08
955.10
944.14
940.08
946.04
950.10
942.95
940.80
941.04
942.95
933.89
937.94
934.12
16968.01
993.97
944.14
943.90
947.00
940.08
941.99
939.13
939.13
947.95
939.13
941.04
938.18
945.09
935.08
939.13
938.89
16973.97
982.05
944.85
941.99
949.14
946.04
938.89
943.90
936.99
948.91
941.04
941.04
938.89
943.90
939.13
936.99
935.79
16989.95
977.04
937.94
943.18
947.00
943.90
941.04
941.99
944.14
944.14
936.99
938.18
937.94
947.00
936.03
938.18
936.03
17027.85
956.06
945.09
941.04
946.04
944.14
936.99
937.94
943.90
937.94
942.95
937.94
940.80
947.00
937.94
936.99
942.95
17030.95
953.91
945.09
944.14
947.00
940.08
936.99
942.95
945.81
938.89
942.95
939.85
947.00
938.18
936.03
937.94
939.85
17035.96
950.81
946.04
940.08
948.91
939.85
936.99
939.13
945.09
940.08
940.08
936.99
945.09
941.04
941.04
940.08
938.89
1010.89
943.18
948.91
941.99
947.95
941.04
943.90
937.94
947.00
942.95
940.08
941.04
947.00
938.89
936.99
940.08
16969.92
993.97
948.19
937.94
943.18
943.90
942.95
938.18
941.99
947.00
941.04
936.99
937.94
946.04
940.08
941.04
944.14
16977.07
991.11
950.10
942.95
947.00
946.04
943.90
941.99
940.08
949.14
940.08
943.90
939.85
946.04
938.89
936.99
937.94
16978.03
983.95
947.95
945.09
947.00
945.81
942.95
938.18
942.95
939.13
945.09
942.95
940.80
944.85
943.90
941.99
932.93
17034.05
957.01
945.09
939.13
949.86
945.81
939.85
936.99
942.95
942.95
941.04
940.08
936.99
947.00
940.08
940.08
941.04
17040.01
957.01
947.00
935.79
944.85
941.99
939.13
940.08
945.09
947.00
941.04
940.80
946.04
941.04
939.13
936.99
936.03
17040.97
955.10
943.90
939.85
956.06
941.04
940.08
938.18
947.00
943.18
941.99
941.04
945.81
941.04
937.94
939.85
16973.97
993.01
949.86
945.09
940.08
943.90
941.99
939.85
943.90
945.81
941.04
946.04
935.08
947.00
946.04
941.04
942.95
16974.93
991.82
949.86
944.85
944.85
944.14
940.08
942.95
941.99
947.00
940.80
943.90
940.08
949.86
940.80
938.89
937.94
16972.06
930.79
891.92
886.92
884.06
885.01
882.86
879.05
881.91
880.00
930.07
918.87
922.92
914.81
908.85
897.88
898.84
895.02
16983.03
900.03
889.78
879.05
888.11
885.96
888.11
884.06
890.02
895.02
890.97
896.93
899.08
916.00
905.04
912.19
914.10
916.00
920.06
907.18
912.90
910.04
916.96
912.90
911.00
911.95
16949.18
960.11
923.87
915.05
911.00
923.16
916.96
912.90
911.00
913.86
911.00
912.90
915.05
915.05
911.00
913.86
906.94
911.00
17007.83
924.83
915.05
917.91
921.01
909.09
917.91
913.86
919.82
909.81
913.86
912.90
908.85
922.92
910.04
914.81
908.85
16999.96
928.16
921.96
914.81
916.00
916.00
917.20
914.10
917.91
913.86
916.00
916.96
915.77
915.05
911.95
909.81
911.00
16942.02
965.83
930.07
919.10
915.05
917.91
918.87
921.01
915.05
917.91
913.86
916.96
913.14
920.06
915.05
908.85
911.95
911.95
17010.93
929.12
918.15
916.00
930.07
913.86
916.96
915.05
921.96
915.05
913.86
911.95
911.95
926.02
914.10
916.96
914.10
17000.20
931.02
926.02
910.04
925.06
914.10
915.05
915.05
912.19
915.05
921.96
916.00
913.86
923.87
912.90
907.90
912.19
16944.89
961.07
931.02
923.16
911.00
925.06
915.05
913.14
916.00
918.87
911.95
916.00
912.90
917.20
911.00
915.05
909.81
911.95
17001.15
929.12
917.91
924.83
921.96
910.04
917.91
907.18
923.87
911.00
915.05
911.00
914.10
920.06
916.00
905.04
918.15
17002.11
919.10
921.96
912.90
917.20
920.06
915.05
911.00
914.81
918.87
910.04
906.94
916.00
921.96
909.81
911.95
912.19
16942.98
961.07
924.83
920.06
921.01
923.16
921.96
906.94
914.10
919.10
914.10
915.05
905.99
916.00
911.95
910.04
913.14
911.95
17011.88
