1194.95
1172.07
1168.97
26605.84
1270.06
1156.81
1142.98
22323.13
1186.85
17279.86
11564.97
1199.96
1139.88
1138.93
24723.05
1250.98
6372.93
1169.92
1166.82
1146.08
21474.12
1188.04
1140.83
21234.04
1250.03
1149.89
1162.05
1158.00
21442.89
1417.16
1178.98
1138.93
1142.02
21566.87
1171.11
1132.01
22202.01
1180.89
1168.01
1147.03
1113.89
21606.92
1179.93
1125.81
1123.91
26654.01
1193.05
1194.95
1140.83
26674.99
1204.97
1142.98
1148.94
26495.22
1258.13
1174.93
1152.04
26326.18
1322.98
1167.06
1158.95
22920.13
1234.05
1164.91
1143.22
21621.94
1200.91
1155.85
1147.99
26662.83
1195.91
1163.96
1142.98
26583.91
1251.94
1168.97
1154.18
25377.99
11230.95
1250.03
1144.17
1129.87
21312.95
6381.99
1164.20
1132.01
1129.87
29711.96
11287.93
1347.06
1163.01
1147.03
21335.12
6412.98
1194.00
1152.99
1150.85
26660.92
1211.88
17231.94
11488.91
1284.12
1158.95
1153.95
25223.02
6378.89
1266.96
1173.97
1151.08
1144.17
35727.02
1287.94
1148.94
1127.96
25192.98
1296.04
6384.85
1186.85
1148.94
1133.92
26625.87
1194.95
1147.03
1137.97
21493.91
1279.83
1158.95
1145.84
26561.98
1297.95
1169.92
1171.11
21449.09
1309.16
1177.07
1158.00
1145.84
21621.94
1190.90
1150.85
16890.05
1298.90
1154.90
1142.98
21326.07
1228.81
1138.93
1137.02
1173.02
21543.98
1239.06
1159.91
1130.10
25831.22
1304.15
1147.03
1126.05
1132.01
21502.02
1252.17
1168.97
1133.92
26529.07
1280.07
1141.07
1147.03
1136.06
21601.92
1186.13
1163.01
1134.16
21628.14
1209.02
1149.89
1141.07
21744.97
1208.07
1139.16
7830.14
1183.99
1158.00
1148.94
25753.97
6390.09
1177.07
1142.98
1142.98
21589.99
1191.14
1145.12
1128.91
21357.06
1178.98
1133.92
1141.07
21462.92
1264.10
1158.95
1153.95
1132.97
21616.94
1184.94
1140.83
1121.04
21918.06
1186.85
1154.90
1132.01
21601.92
1224.04
1239.06
1150.13
21614.07
1206.87
1152.99
1142.02
16808.99
1191.14
1156.09
1141.07
17064.81
1163.96
1131.06
22253.04
1276.02
1159.19
1160.14
26540.04
1297.95
1171.11
1135.11
27033.09
1273.16
1167.06
1138.93
26355.98
1296.04
1149.89
1132.01
22875.07
1174.93
1155.85
1127.96
26687.15
1187.80
1171.83
21119.12
6397.01
1276.02
1173.02
1150.13
25866.99
1302.00
1163.96
1156.09
18284.08
1193.05
17286.06
11521.10
1188.04
1137.02
1127.00
24721.86
1240.97
6355.05
1163.01
1137.02
1125.10
26651.86
1215.93
1173.02
1163.01
26643.04
1214.03
1148.94
1127.00
27307.99
4240.04
1229.05
1141.07
1125.81
1121.04
26718.14
1168.97
1154.90
1143.93
26691.91
1187.09
1142.02
27376.89
1272.92
1169.92
1135.83
26001.93
4901.89
6417.04
1197.81
1149.89
1130.10
21506.07
1260.04
1147.99
22500.04
1266.00
1141.07
1142.98
1152.99
26697.16
1176.83
1152.04
21247.86
11558.06
1200.91
1142.98
1133.92
21775.96
1206.87
1144.89
22459.98
1259.09
1174.93
1139.88
1116.04
21607.88
1174.93
1144.89
1152.99
26829.00
1188.99
1166.82
1147.03
35964.01
1355.89
1189.95
1157.05
1129.87
26278.97
1181.13
1152.04
23078.92
1194.00
1147.03
1133.20
26285.89
1253.13
1158.00
21193.03
1277.92
6350.04
1180.89
1147.03
1130.10
26654.01
1181.84
17215.01
11471.99
1255.04
1158.95
1128.91
21806.96
1252.89
1167.06
22459.03
1245.98
1159.19
1153.95
1137.02
26430.13
1196.15
1142.02
22938.97
1196.86
1169.92
1152.04
26576.04
1286.03
1159.19
21219.97
6423.95
1263.14
1172.07
1136.78
1122.00
27429.10
1175.88
27527.81
1257.18
1155.14
1136.06
21647.21
1263.14
1171.11
17952.20
1250.98
1158.95
17288.92
6420.14
1188.99
1140.12
1132.97
26223.90
1189.95
1144.89
22966.15
1238.82
1152.99
1139.16
21471.02
1297.00
1167.06
1152.99
1135.11
26808.02
1169.92
1173.97
1140.12
35967.11
1293.18
1170.16
1142.02
1122.95
26303.05
1168.97
1142.98
23005.01
1180.89
1168.97
1123.19
21512.99
1251.94
1144.89
1123.91
26602.98
1261.00
1157.05
1137.97
26489.97
1315.83
1154.90
1142.98
27476.07
1202.82
1153.95
1132.01
26021.96
4812.00
6397.01
1177.07
1144.17
1145.12
26632.07
1192.09
1178.03
1255.99
26564.12
1281.02
1161.10
1136.06
25330.07
6331.92
1262.90
1169.92
1147.99
26516.91
1280.07
1163.01
1167.06
1137.97
26690.96
1173.02
1137.97
25218.96
1292.94
11334.90
1168.97
1142.02
21212.10
6373.88
1265.05
1155.14
1128.91
1127.00
29718.16
11280.06
1229.05
1139.88
21195.89
1278.88
6321.91
1164.91
1137.02
1115.08
26661.16
1212.12
17230.03
11478.90
1259.09
1158.00
1142.02
21838.90
1239.06
1145.12
22459.03
1253.84
1194.95
1145.84
1123.91
26366.95
1178.03
1141.07
22967.10
1188.99
1190.90
1152.04
21480.08
1271.96
1151.08
1137.02
26535.03
1281.02
1160.14
1138.93
1128.91
26651.86
1172.07
1143.93
27329.92
1266.00
1171.11
1134.16
26031.02
1296.04
1157.05
1161.81
22480.96
1244.07
1178.98
1141.79
26367.90
1284.12
1152.99
1140.83
22877.93
1188.99
1163.01
1157.05
21578.07
1188.04
1137.02
1123.91
31645.06
1240.02
1154.90
1149.18
25876.05
4735.95
6353.86
1213.07
1140.12
1125.10
31596.90
1290.08
1165.15
1146.08
1131.06
29484.99
6304.98
1254.08
1163.01
1137.97
1129.15
26632.07
1156.09
1176.12
1178.03
26680.95
1176.83
1143.93
25201.80
1305.10
11399.98
1182.08
1155.14
21237.13
6399.15
1241.92
1156.09
1140.12
26513.10
1272.92
1161.10
17238.86
11520.86
1186.13
1141.07
1129.15
21831.99
1199.01
1151.08
22464.04
1242.16
1165.15
1132.97
26255.85
1320.12
1158.00
1137.97
22884.85
1183.03
1157.05
1141.07
26652.10
1180.17
1143.93
21209.96
6407.02
1215.93
1157.05
1130.82
14556.88
1206.16
16439.91
1213.07
1161.10
1131.06
21462.20
1281.02
1164.91
1134.87
21618.84
1269.10
1165.15
1154.90
1142.98
21632.91
1241.92
1154.18
1148.94
21595.00
1176.83
1131.06
1135.11
21698.00
1175.88
1138.93
12877.94
1177.07
1135.83
1123.91
17177.10
1153.95
1126.05
27451.99
1231.91
1145.84
1126.05
25925.87
4810.09
6352.90
1186.85
1127.00
1126.05
31556.84
1261.00
1171.83
1151.08
25990.96
1332.04
1175.88
1138.93
22485.97
1250.03
1160.14
1142.02
1151.08
26453.97
1174.93
1142.02
22930.86
1185.89
1173.02
1130.82
26669.03
1190.19
1149.89
21252.87
6381.99
1227.14
1147.03
1134.16
25787.12
6452.08
1190.90
1168.01
1132.97
18410.92
1253.84
1167.06
26252.99
1175.88
1132.97
21305.08
6311.89
1236.92
1147.99
1127.00
1114.85
26614.90
1158.95
1142.02
1116.99
26651.14
1178.03
1132.97
1117.94
25333.17
11287.93
1230.96
1137.02
1122.95
21265.03
6392.96
1164.91
1132.01
1114.85
26648.04
1185.18
17204.05
6387.95
1230.00
1167.06
1124.14
1116.04
26649.00
1162.05
18041.13
1253.84
1147.03
17280.10
11487.96
1169.92
1132.97
1123.91
21838.90
1172.78
1132.97
22460.94
1214.03
1148.94
1137.97
1129.15
26421.07
1160.86
1124.86
22878.89
1173.02
1155.14
1127.96
21476.03
1230.00
1142.98
1133.92
31581.16
1274.82
1159.91
1129.87
1109.84
26669.03
1180.17
17215.01
4378.08
1195.91
11272.91
1158.95
1129.87
21281.96
6313.80
1214.03
1149.18
1127.96
29576.06
1273.16
6308.08
1202.11
1141.07
1128.91
21594.05
1240.02
1134.16
17843.01
1240.02
1145.12
1151.08
1132.01
21556.85
1178.98
1142.98
1136.06
21586.89
1180.89
1137.02
1128.91
21930.93
1171.11
1141.07
1133.92
16475.92
1168.01
1132.01
1137.02
21455.05
1239.06
1158.00
1139.88
1123.91
26643.99
1171.11
1142.02
1134.16
21567.11
1178.98
1132.01
1126.05
21489.14
1234.05
1139.16
1127.96
26323.08
1246.93
1148.94
1139.16
1130.10
21569.01
1185.89
1137.02
1125.10
21281.96
1232.86
1144.89
12604.00
1253.84
1146.08
1126.05
13211.97
1240.97
1147.99
29551.03
1286.03
1154.90
1136.06
21334.89
1163.01
1137.97
21333.93
1185.18
1147.03
21216.87
1259.09
1140.12
1127.96
21313.91
1163.96
1130.82
21332.03
1182.08
1130.82
21224.98
1252.89
1149.89
17185.93
1271.01
1147.03
1139.16
17333.03
1173.97
1131.06
21206.86
1250.98
1147.99
21199.94
1264.10
1156.81
1137.02
21337.03
1172.78
1125.10
21219.02
1238.11
1142.02
21188.97
1266.00
1145.12
1129.87
21318.91
1167.06
1131.06
21216.15
1251.94
1142.02
21184.92
1262.90
1149.89
1133.92
21318.91
1173.02
1136.06
21216.87
1244.07
1142.02
21187.07
1266.96
1155.85
1135.83
21317.96
1181.84
1140.12
21220.92
1245.02
1145.84
21196.84
1286.98
1147.99
1128.20
17328.02
1166.82
1150.85
17246.01
1230.00
1137.97
17184.97
1251.94
1150.85
1128.91
17314.20
1166.11
1129.15
17224.07
1227.14
1144.17
17180.92
1257.90
1151.08
1124.14
17306.09
1168.97
1132.97
17208.81
1240.97
1142.98
17160.18
1263.14
1147.03
1127.00
17309.19
1166.11
1131.06
17225.98
1234.05
1141.79
1127.96
17295.12
1163.96
1127.96
21302.94
1165.87
1132.01
21207.09
1239.78
1141.07
1126.05
21314.14
1160.14
1124.14
21313.91
1176.12
1146.08
21203.99
1250.03
1147.99
1131.06
21326.07
1173.97
1132.97
17311.81
1168.97
1142.02
17215.97
1233.82
1138.93
1132.97
21315.10
1166.11
1146.08
21320.82
1174.93
1142.02
21231.17
1245.02
1142.98
1129.87
21317.01
1158.00
1147.03
21331.07
1181.84
1137.02
21219.02
1250.98
1152.99
1137.97
21317.96
1154.90
1139.16
21332.98
1173.97
1137.02
21234.99
1248.12
1151.08
21211.15
1260.04
1157.05
1131.06
21332.98
1173.97
1138.93
21237.85
1241.92
1151.08
21210.91
1265.05
1154.18
1137.97
21338.94
1165.87
1142.02
25302.89
1209.97
1138.93
13209.82
1257.18
1156.09
1137.97
17348.05
1172.07
1140.12
13298.03
1177.07
1134.16
17195.94
1260.04
1146.08
1136.06
17302.04
1163.96
1146.08
21310.09
1189.95
1136.06
17210.01
1241.92
1152.99
1146.08
17304.90
1156.81
1137.02
13297.08
1175.17
1152.99
21209.96
1244.78
1149.89
1134.87
17313.00
1153.95
1140.12
17292.98
1182.08
1143.93
17222.88
1244.07
1151.08
1135.11
17322.06
1159.19
1142.98
17297.98
1175.88
1144.89
21211.86
1250.03
1152.04
1138.21
17313.96
1162.05
1132.97
17314.91
1168.97
1146.08
13214.83
1235.01
1154.18
1123.91
25326.97
1169.92
1136.06
17315.86
1184.94
1137.97
17225.03
1244.07
1147.99
1139.88
17298.94
1163.01
1138.93
17315.15
1185.89
1142.02
17224.07
1247.17
1144.17
1122.00
17295.84
1153.95
1139.16
17302.04
1173.97
1139.16
17229.08
1234.05
1144.89
1130.82
21309.85
1163.01
1136.78
9289.98
1174.93
1136.06
17201.90
1232.86
1143.93
1127.00
21306.99
1165.87
1128.91
17303.94
1179.22
1142.98
17211.91
1245.98
1149.18
1137.02
17294.88
1164.91
1136.78
17293.93
1182.08
1137.02
17203.09
1252.89
1148.94
1137.02
17309.90
1163.96
1137.97
17296.08
1180.89
1157.05
17230.03
1222.85
1139.88
1126.05
17292.98
1153.95
1128.91
17277.96
1170.87
1143.93
17209.05
1242.88
1151.08
1138.93
17297.98
1158.00
1137.02
17273.90
1185.18
1139.16
17204.05
1240.97
1142.02
1134.87
17293.93
1163.96
1130.82
17204.05
1214.98
1142.02
17188.07
1247.88
1141.79
1132.97
17306.80
1162.05
1127.96
17205.95
1224.04
1135.11
1120.09
17297.03
1159.91
1127.00
17295.12
1162.77
1136.06
17207.15
1230.00
1138.93
1122.00
17308.95
1160.86
1127.00
17263.89
1179.93
1147.03
17191.89
1245.98
1150.13
1122.00
21355.15
1178.03
1136.06
17282.96
1184.94
1143.93
13211.01
1245.98
1142.02
1126.05
1140.12
1125.10
1112.94
25202.04
1247.17
1152.99
1129.87
13290.88
1150.85
1129.87
1148.94
1132.01
1116.04
25165.08
1274.11
1150.13
1142.98
13310.91
1171.83
1132.97
1145.84
1122.95
1122.00
1115.08
29325.01
1173.02
1137.02
9277.82
1193.05
1147.99
13210.06
1237.87
1150.85
1133.92
13309.96
1163.01
1132.97
17287.97
1172.78
1133.92
17189.03
1259.09
1152.99
1138.93
17308.00
1162.05
1135.83
17284.87
1189.95
1145.12
17205.00
1239.06
1152.04
1137.02
17315.15
1158.95
1140.12
17272.95
1181.84
1126.05
17182.11
1255.04
1150.85
1134.87
21322.97
1167.06
1145.12
21260.02
1214.98
1140.12
21208.05
1261.00
1149.89
1142.02
21333.93
1174.93
1137.97
21311.04
1203.06
1135.11
21228.08
1259.09
1141.07
1141.07
21339.18
1161.10
1142.02
17319.92
1179.93
1135.11
17207.15
1245.98
1147.99
1136.06
21323.92
1161.10
1130.10
21316.05
1188.04
1142.02
21226.17
1252.17
1147.99
1125.10
21317.01
1170.87
1138.93
21339.89
1178.98
1150.13
21222.11
1255.04
1152.04
21189.21
1275.06
1169.20
1138.93
17344.00
1188.04
1152.04
21261.93
1224.99
1144.17
21207.09
1261.95
1155.14
1136.06
21349.91
1175.17
1146.08
21308.90
1183.99
1141.07
21219.97
1259.09
1152.04
1132.97
21330.12
1173.97
1141.07
21336.08
1178.98
1146.08
25238.04
1266.96
1146.08
21164.89
1302.00
1156.81
1135.83
1137.97
1122.00
1118.90
25203.94
1281.98
1161.81
1136.06
9305.00
1158.95
1142.98
13286.11
1188.04
1142.02
1150.85
1131.06
1121.04
1112.94
25316.95
1179.93
1149.89
13217.93
1235.01
1140.12
1131.06
1142.02
1122.00
1119.85
25239.94
1216.89
1147.99
13442.99
1249.07
1152.04
1128.91
1152.04
1122.00
1119.85
25223.97
1230.96
1144.17
17201.90
1264.10
1160.14
1142.98
17328.98
1178.98
1138.21
17315.15
1197.10
1142.98
17195.94
1260.04
1158.00
1142.02
17337.08
1166.82
1140.83
17308.95
1179.93
1140.83
17212.87
1243.11
1152.99
1143.93
17323.97
1164.91
1136.06
25334.84
1184.94
1155.85
21229.98
1253.84
1151.80
21167.99
1286.98
1156.81
1139.88
21317.96
1170.87
1132.01
21228.08
1250.98
1153.95
21193.98
1271.01
1154.18
1137.02
21332.98
1178.03
1140.83
17216.92
1246.93
1149.89
21221.16
1273.87
1153.95
1145.12
21353.01
1179.93
1149.18
21335.12
1185.18
1142.98
