905.04
942.95
931.98
903.84
896.93
24985.79
948.91
917.91
916.00
911.95
879.05
895.02
880.00
893.12
25016.07
932.93
931.02
927.93
911.95
873.09
878.10
879.05
24901.87
948.91
888.11
889.06
896.93
889.06
869.04
870.94
881.91
24911.17
988.96
937.94
947.00
941.04
900.03
875.00
877.86
879.05
24924.99
946.04
909.81
901.94
895.02
885.96
900.98
901.94
896.93
25022.98
919.10
885.01
878.10
869.99
889.06
904.08
901.94
895.02
25002.00
933.17
916.00
901.94
910.04
1075.98
879.05
893.12
24924.99
948.91
903.84
898.84
890.97
900.98
880.00
880.00
874.04
24941.92
958.92
915.05
916.96
923.87
881.91
868.08
866.89
880.00
25024.18
957.97
937.94
937.94
926.02
878.10
900.03
880.00
24904.97
975.13
919.10
910.04
898.12
863.08
880.96
886.92
890.97
24925.95
967.03
906.94
903.84
922.20
887.87
880.00
885.96
882.86
24935.96
983.00
962.02
951.05
920.06
893.83
896.93
897.17
908.85
25017.02
919.10
892.16
909.09
895.98
895.98
906.94
900.98
24945.97
967.03
905.99
903.13
910.04
923.16
909.09
910.04
921.96
24979.11
959.16
933.89
941.04
956.06
938.18
928.88
933.89
934.12
971.08
895.02
19005.06
928.88
915.05
926.02
919.10
920.06
917.20
909.09
16956.09
942.95
903.84
906.94
902.18
876.90
874.04
877.86
882.86
24946.21
930.07
904.08
897.17
890.02
875.95
873.09
864.03
877.14
24976.97
1502.99
950.10
951.05
888.11
914.10
900.98
904.08
25010.11
969.17
977.99
1033.07
907.18
880.00
885.01
883.10
24909.97
1023.05
972.99
955.10
946.04
913.86
916.00
905.99
910.04
25001.05
954.15
935.08
938.89
905.04
920.06
918.15
921.96
24963.86
970.84
908.85
900.98
905.04
884.06
917.91
919.10
907.18
24952.89
937.94
895.98
900.98
902.18
887.87
904.80
905.04
904.08
25012.97
936.99
925.06
926.97
906.94
880.00
880.96
872.14
875.00
25021.08
931.02
916.00
913.14
892.16
890.97
905.99
884.06
24935.01
954.87
929.12
918.15
901.94
888.82
890.97
893.12
891.92
24942.16
944.14
905.99
904.08
902.18
880.00
880.00
881.91
876.90
24984.12
921.01
903.84
902.89
882.86
891.21
911.00
911.00
916.96
24997.00
914.81
914.10
915.05
891.92
903.84
906.23
902.89
24940.01
957.97
900.98
898.12
905.99
888.11
916.96
897.88
886.92
24945.02
941.04
854.02
916.00
929.12
911.00
903.13
911.00
909.81
25028.94
938.18
926.97
928.16
905.99
918.87
923.87
931.02
24953.84
986.10
953.91
1004.93
958.20
884.06
900.98
897.88
898.12
25036.10
998.02
967.98
976.09
943.90
901.94
905.99
897.88
24934.05
978.95
948.91
936.03
933.17
921.01
919.10
933.17
919.82
25023.94
946.04
928.88
928.88
926.02
924.11
915.05
916.00
24961.95
973.94
931.98
916.00
910.04
890.97
905.99
900.03
906.94
24983.17
939.13
921.96
913.14
905.04
894.07
890.02
900.03
890.02
25024.18
935.79
921.96
924.11
904.08
874.04
880.96
873.09
24878.03
970.84
919.82
926.02
913.86
864.03
860.93
882.86
871.90
24926.19
936.99
900.03
891.92
890.02
852.11
900.03
901.94
911.00
24967.91
940.08
899.08
900.98
902.18
916.00
915.05
927.93
928.16
25035.86
956.06
931.98
931.98
913.86
934.84
929.83
917.91
24957.18
1017.09
963.93
953.91
940.08
902.18
909.09
905.04
900.03
25019.17
914.10
894.07
897.17
894.07
892.88
888.82
887.87
886.92
21079.06
956.06
19012.93
947.00
952.01
931.98
935.08
929.83
926.97
906.94
16970.87
951.05
958.92
907.90
900.98
885.01
887.16
890.97
898.84
25003.91
922.92
899.08
893.12
885.01
885.96
895.98
897.88
892.16
24997.95
934.84
908.85
898.84
911.95
880.00
888.82
896.93
24930.95
947.00
909.09
898.12
894.07
900.03
907.18
911.95
919.10
25011.06
924.11
899.08
904.08
886.20
921.01
925.06
929.12
926.97
25007.96
919.10
909.09
895.98
885.96
927.93
921.96
924.11
24954.08
935.08
887.16
877.14
875.95
897.88
903.13
903.13
896.93
24931.91
934.84
887.87
882.15
873.09
873.09
883.10
894.07
894.07
24960.04
922.20
891.92
885.96
880.00
916.00
916.00
940.08
935.08
24995.09
895.02
884.06
875.00
880.00
936.03
932.22
936.99
20962.00
947.95
911.00
899.08
895.98
894.78
911.95
905.04
911.00
24950.98
933.89
885.96
880.96
881.91
898.12
899.08
894.07
894.07
24974.11
918.15
904.08
890.97
892.88
898.84
896.93
902.18
904.08
24991.04
890.02
918.87
922.92
919.10
919.10
917.91
926.97
24945.97
958.92
926.97
921.96
913.86
918.87
914.81
916.00
917.91
24994.85
936.99
911.95
909.81
12943.98
960.11
916.00
911.95
908.14
12986.90
910.04
895.02
889.06
21002.05
916.00
906.94
899.79
911.95
895.02
906.94
899.08
904.08
24997.95
918.87
905.99
900.98
909.81
902.89
901.94
893.12
24929.05
953.91
913.14
905.04
907.18
919.10
904.08
905.04
905.04
24950.03
947.95
916.00
905.04
912.90
914.10
912.19
911.00
911.95
25017.98
946.04
933.17
921.01
923.16
917.91
918.87
922.20
24940.97
977.99
926.97
921.01
920.06
929.12
919.10
919.10
921.01
25008.92
935.08
921.96
920.06
930.79
916.96
930.07
919.10
24949.07
985.15
926.97
916.96
924.11
931.98
920.06
917.91
915.05
25002.96
937.94
922.92
929.12
926.02
923.87
922.92
919.10
921.96
25009.87
936.99
925.06
918.15
935.08
922.92
927.93
914.10
25000.10
949.14
926.97
926.97
932.93
921.01
925.06
926.97
926.97
25012.02
926.97
925.78
911.00
931.98
916.00
921.96
911.00
24966.96
1016.14
972.99
975.85
946.04
895.02
905.99
901.94
896.93
25066.85
983.95
966.07
950.10
915.05
930.07
929.12
927.93
28998.85
898.84
882.86
883.82
885.01
884.06
885.96
878.81
885.01
24984.12
916.96
900.98
904.08
903.13
915.05
916.00
918.15
911.95
24995.80
934.84
920.06
930.07
903.13
891.92
882.15
888.11
24934.05
981.09
936.99
941.04
929.12
885.96
887.87
891.92
890.97
25007.01
930.07
918.87
911.00
900.98
912.90
904.08
963.21
25009.87
1019.95
968.93
912.19
969.89
998.02
998.97
995.87
25001.05
1055.96
990.15
988.96
1006.84
955.82
965.83
972.99
983.95
25110.96
1023.05
1008.03
992.06
968.93
968.93
948.91
944.85
25097.85
993.97
974.18
967.03
993.97
990.87
993.01
993.97
25099.99
1030.92
1013.99
1001.83
885.01
955.10
950.10
957.01
25084.02
977.99
967.03
953.20
983.95
997.07
994.92
988.01
25126.93
1022.82
1000.88
993.97
967.03
965.12
972.03
976.80
25079.97
975.13
962.97
967.98
961.07
986.10
972.99
965.12
25109.05
1028.06
1020.91
1006.13
944.14
997.07
993.97
993.97
25063.04
970.13
964.16
969.89
932.93
952.01
952.96
957.01
25079.01
1014.95
1015.90
1015.90
1005.17
993.01
995.16
978.95
25107.15
998.97
977.99
966.07
974.89
967.98
980.14
991.11
25093.08
1001.12
1003.98
1009.94
953.91
950.10
952.01
957.01
25063.99
1007.08
972.99
963.93
950.10
993.01
979.19
957.97
25067.09
1003.98
994.92
1006.84
998.97
997.07
999.93
993.97
25102.14
1008.99
986.81
989.91
991.82
952.01
962.97
968.93
25066.14
982.05
972.03
980.85
984.91
996.11
941.99
995.87
25099.04
1007.08
997.07
975.13
967.98
962.97
975.13
980.14
25084.97
1003.03
986.81
999.93
981.09
954.87
953.91
950.10
25053.02
1038.79
1019.00
1003.98
988.01
975.85
965.83
956.06
25039.91
1019.95
993.97
963.93
972.99
1001.83
1003.98
931.02
25058.98
1016.86
998.97
1011.13
1000.88
957.97
971.08
979.19
25062.08
1017.09
990.15
967.03
962.02
962.02
960.83
954.87
25010.82
1038.07
997.07
1014.95
993.97
993.01
993.01
983.00
25017.98
1009.94
1002.07
1001.12
1008.03
999.21
986.10
937.94
25027.99
1011.13
967.03
959.16
968.93
968.93
982.05
978.95
33036.95
1015.90
972.99
964.16
962.97
964.16
971.08
964.88
9011.03
1104.12
1033.07
1021.15
1004.93
962.02
962.97
971.79
25024.89
1065.97
1019.00
1003.98
983.95
981.81
973.94
961.07
24940.01
1065.02
998.97
968.93
954.15
1004.93
997.07
990.87
25024.89
1044.99
1006.13
1007.08
1003.98
980.85
1003.98
998.97
25043.96
1034.98
972.03
967.98
967.03
951.05
957.97
960.11
25012.97
1074.08
1039.03
1015.19
1004.93
967.98
957.01
960.83
25003.91
985.86
975.85
960.83
968.93
998.02
1000.17
996.11
25017.98
1071.93
1035.93
1012.09
1007.08
983.00
984.19
988.96
25048.97
1018.05
972.03
959.16
973.94
957.01
956.06
947.95
886.92
24995.09
909.09
897.17
886.92
881.91
884.06
872.14
875.95
24907.83
988.96
936.03
918.15
916.00
907.90
889.06
880.96
887.87
24936.91
999.93
947.95
936.99
936.03
888.82
890.02
885.96
885.96
25025.13
956.06
940.08
939.13
925.06
905.99
913.14
910.04
24944.07
955.82
916.96
914.10
906.94
922.92
936.99
932.93
925.78
25028.94
941.04
931.98
921.01
923.16
901.94
905.99
901.94
905.99
24991.04
930.07
913.14
917.91
883.82
876.90
873.09
874.04
24926.19
944.14
895.02
882.15
881.91
899.79
881.91
885.01
890.02
24924.99
972.03
916.96
916.96
920.06
883.10
895.98
900.03
896.93
25018.93
955.10
944.14
937.94
923.87
882.86
884.77
885.96
879.05
24991.99
899.08
891.92
892.88
869.99
881.91
888.82
891.92
24922.85
974.89
934.84
921.96
919.10
915.05
882.86
879.05
881.20
24928.09
973.94
937.94
929.83
914.81
913.86
904.80
916.00
909.09
25012.02
930.07
916.00
914.10
913.14
924.11
935.08
931.02
24965.05
969.89
914.10
919.10
911.00
909.09
917.20
912.90
912.90
25026.08
928.16
914.10
917.91
923.87
886.92
896.93
895.98
891.92
25011.06
919.10
895.98
897.88
882.15
885.96
888.82
884.06
24923.09
955.10
900.98
901.22
901.94
888.11
898.12
906.94
891.92
24942.87
957.01
926.02
926.97
923.87
904.08
912.19
911.00
908.14
25043.96
960.83
944.14
944.14
927.93
892.88
887.16
895.98
24921.89
978.95
930.79
915.05
916.00
927.93
917.91
914.81
917.91
21046.16
948.91
19003.87
906.94
895.02
882.86
895.98
889.06
890.02
886.20
890.02
25006.06
938.89
938.18
931.02
923.16
905.99
907.90
902.18
24940.01
972.99
934.84
925.06
922.92
918.87
922.92
925.06
912.19
25019.88
947.95
931.98
935.08
919.10
916.96
916.00
912.90
24941.92
991.82
940.80
931.98
932.93
920.06
925.06
931.02
926.02
25012.97
947.00
928.16
921.01
913.14
905.04
908.14
903.13
910.04
25020.12
935.08
931.02
943.90
904.08
889.06
894.07
891.92
24932.86
967.03
920.06
908.14
921.01
878.10
882.15
878.10
879.05
24970.05
913.86
905.04
900.03
894.07
883.10
877.14
880.96
878.10
24993.18
916.96
898.84
895.02
880.96
885.96
886.92
893.83
886.92
24987.94
904.08
887.16
892.88
882.86
875.95
875.95
880.00
880.96
24986.03
896.93
885.96
885.96
870.94
879.05
879.05
885.96
889.06
24989.13
920.06
906.94
902.89
902.89
885.01
890.02
887.87
24924.04
972.03
925.06
926.97
905.04
917.91
898.84
911.00
905.04
25000.10
927.93
913.14
909.09
900.98
919.82
916.96
916.96
913.86
25017.98
918.15
919.10
916.00
929.12
920.06
909.09
913.14
24958.13
958.92
912.90
906.94
902.89
929.83
923.87
936.03
927.93
25016.07
924.83
908.85
913.86
907.90
923.16
926.97
911.00
24950.98
972.99
915.05
901.94
896.93
917.20
932.93
928.88
926.97
25012.02
909.09
889.06
886.92
884.06
910.04
908.14
916.96
905.04
24984.84
901.94
876.19
878.10
865.94
898.84
900.03
891.92
891.92
25009.16
921.01
918.15
903.13
921.01
917.20
909.09
910.04
24949.07
949.14
926.97
911.00
916.00
911.95
905.04
911.00
903.13
25002.00
919.82
903.84
898.84
882.86
931.98
926.02
917.91
916.96
25009.87
913.86
902.89
896.93
910.04
929.12
928.16
924.11
24960.99
952.01
910.04
901.94
908.85
911.00
914.81
911.00
909.09
25005.10
923.16
904.08
902.18
905.04
914.10
918.15
926.97
24937.15
947.00
897.88
886.92
880.00
892.88
916.96
928.16
911.00
24947.17
962.02
914.10
907.18
898.84
924.83
916.96
917.91
916.00
25017.98
936.03
918.87
921.96
900.03
916.00
914.81
911.95
24920.94
983.95
918.87
916.96
916.96
927.93
923.16
916.00
908.14
15160.08
948.91
905.04
900.03
899.08
903.13
905.04
900.03
898.12
898.12
897.17
33016.92
931.02
926.97
923.16
924.11
962.97
938.18
945.09
24977.92
944.85
891.92
886.92
884.06
917.91
908.14
905.99
900.98
24988.89
962.97
888.82
886.92
885.01
890.97
895.02
889.06
881.91
24983.17
905.04
890.02
888.82
886.92
913.86
905.99
911.00
920.06
24983.88
895.02
885.01
884.06
895.98
939.85
941.99
944.14
24972.92
957.01
929.12
931.02
922.20
937.94
944.14
944.14
927.93
25032.04
937.94
928.88
917.20
919.10
940.08
938.89
944.85
24986.98
972.03
916.96
913.14
919.10
938.89
955.10
944.14
947.95
24999.86
900.03
883.10
876.90
877.86
906.94
905.99
896.93
24922.13
957.97
902.89
887.87
886.92
892.16
888.11
896.93
893.83
20945.79
940.08
889.06
890.97
883.82
869.04
890.02
903.13
896.93
24935.01
935.08
889.06
894.07
889.06
873.09
893.12
900.03
895.02
24981.98
911.95
892.88
892.88
892.88
894.78
907.90
898.84
900.98
25018.93
900.03
878.10
880.00
890.02
880.96
875.95
880.00
876.90
24986.98
895.98
885.96
880.96
880.00
879.05
878.10
879.05
876.19
29031.04
954.15
930.07
930.07
901.22
912.90
905.99
921.01
24965.05
962.97
917.91
910.04
911.00
916.00
922.92
928.16
914.10
33059.12
964.16
946.04
942.95
918.87
884.77
884.06
888.11
24924.99
990.87
959.87
938.89
947.00
905.99
911.95
902.89
898.84
25030.14
957.01
941.99
928.88
931.98
944.14
931.98
928.16
24975.06
985.15
947.00
932.22
926.97
931.02
926.02
927.93
926.97
17036.91
940.08
927.93
919.82
911.00
921.96
916.00
922.92
24947.17
970.13
935.08
919.10
921.01
900.03
914.10
918.15
912.90
25006.06
931.02
921.01
907.90
906.94
889.06
901.94
902.18
910.04
25000.10
910.04
904.80
898.84
901.94
910.04
913.14
921.01
32965.18
1007.08
946.04
946.04
946.04
901.22
901.94
900.98
904.08
25039.91
967.03
957.01
957.01
932.22
916.00
917.91
917.91
16956.09
968.93
936.99
938.89
929.83
905.99
909.09
917.91
905.99
33042.91
962.97
947.00
948.91
925.06
885.01
881.91
880.00
16917.94
957.01
905.99
897.17
900.98
907.18
894.07
897.88
896.93
20965.81
957.01
18949.03
983.00
939.13
933.89
930.07
931.02
924.11
918.87
916.00
25009.16
916.00
898.12
892.16
882.86
936.99
937.94
957.01
24990.08
988.01
933.89
921.01
918.87
918.87
939.13
939.13
956.06
25033.00
965.12
949.14
941.04
941.04
922.92
924.11
921.01
24988.89
1024.96
977.04
972.99
957.97
885.01
879.05
883.10
888.11
25067.09
982.05
987.05
972.03
914.81
891.92
885.96
888.11
24930.00
962.97
931.02
922.20
916.00
890.97
902.89
908.85
907.90
25012.02
917.91
901.94
900.03
897.17
955.10
948.91
957.97
24993.18
952.01
905.99
894.07
890.97
905.99
908.85
900.03
896.93
24950.98
937.94
893.83
897.88
891.92
899.79
911.95
915.05
931.98
25038.96
924.83
922.92
926.02
912.90
959.16
960.11
957.01
24982.93
972.99
947.00
936.03
947.00
946.04
936.99
952.96
929.12
25068.04
1014.23
997.07
999.93
928.88
936.99
941.04
946.04
25044.20
973.94
948.91
947.00
915.05
930.07
935.08
943.18
24991.04
1026.15
983.00
976.80
960.83
911.00
915.05
921.96
24948.84
1002.07
967.03
949.14
957.97
924.83
930.07
931.02
930.07
25058.03
987.05
981.09
983.00
916.00
909.81
907.90
922.92
24969.10
1013.04
981.81
969.89
943.90
908.85
922.92
915.05
928.16
25038.96
967.03
957.01
949.14
900.03
931.98
935.08
927.93
25035.14
944.14
936.03
923.87
938.89
944.85
940.08
948.91
24985.07
974.18
926.97
923.87
926.97
918.87
913.86
910.04
906.94
25001.05
921.01
899.08
890.97
875.00
893.12
905.99
918.15
908.14
25007.96
931.98
916.00
918.15
893.12
949.86
944.85
959.87
24981.02
952.01
903.13
888.11
889.06
901.94
901.94
900.03
887.87
24989.84
916.00
911.00
894.07
883.10
906.94
918.87
920.06
911.95
25000.10
911.00
899.08
899.08
888.11
956.06
961.07
960.11
24991.99
954.15
911.95
908.85
907.90
900.98
900.98
900.03
902.18
24987.94
927.21
900.98
898.12
887.16
905.99
921.01
912.90
924.83
25033.95
947.00
924.11
919.82
903.84
925.06
922.92
916.96
24981.98
992.06
945.09
943.90
925.06
898.84
913.86
916.96
911.00
25053.02
964.88
962.97
963.93
965.83
957.97
956.06
959.87
15227.08
931.98
937.94
963.21
959.87
957.01
966.07
957.97
953.91
952.01
25042.06
982.05
962.02
962.02
964.88
961.07
956.77
954.87
24983.88
954.87
905.99
903.13
891.92
895.02
892.88
885.01
880.96
24977.92
936.99
920.77
916.96
908.14
905.99
910.04
916.00
906.94
25028.94
927.93
913.14
919.10
910.04
920.06
921.96
931.98
24973.15
947.95
897.88
898.84
885.96
946.04
955.82
942.95
965.12
25011.06
905.99
898.84
895.98
894.07
952.01
955.82
954.87
24982.93
959.87
916.96
910.04
910.04
947.00
952.01
960.11
958.92
25031.09
941.99
923.87
933.89
916.00
946.04
938.89
961.07
24980.07
956.06
909.09
909.09
911.00
938.18
935.08
947.00
928.16
24997.00
902.89
894.78
895.98
885.96
901.94
895.02
894.78
890.97
24976.02
896.93
894.07
892.88
884.06
904.80
910.04
911.00
24952.17
962.97
913.86
900.03
899.79
923.87
938.89
936.99
941.99
33037.90
923.87
918.15
910.04
895.02
897.17
890.02
888.11
890.02
17033.10
938.89
931.02
936.03
941.99
922.92
916.96
914.10
24980.07
960.11
924.11
921.96
929.83
922.92
926.02
923.87
925.06
25019.17
938.18
938.89
930.07
935.08
946.04
936.03
946.04
25017.98
947.00
924.11
915.05
929.12
932.93
931.02
926.02
923.16
24996.04
908.14
901.94
893.83
906.94
913.14
909.09
905.04
24941.92
952.96
899.08
895.98
881.91
904.80
892.88
886.92
890.97
24940.97
946.04
912.90
905.04
894.78
891.92
886.92
890.97
894.07
25002.00
934.12
909.09
910.04
903.13
889.06
894.07
888.11
895.02
25021.08
921.01
923.87
908.85
916.00
904.08
916.00
904.08
24969.10
943.18
895.02
891.92
895.02
937.94
952.96
947.95
952.01
25028.94
911.95
900.03
896.93
903.13
931.98
926.97
939.13
24952.89
967.98
918.15
919.10
929.12
921.01
914.10
913.14
905.99
25006.06
966.79
934.84
929.83
926.02
927.93
927.93
921.96
24958.85
978.95
927.21
920.06
922.92
953.91
948.19
951.05
944.14
25017.98
902.18
893.12
890.97
890.97
927.93
926.02
924.11
930.07
24997.95
931.98
912.19
914.10
906.94
913.86
907.90
900.98
24950.98
986.10
946.04
946.04
947.00
948.91
946.04
945.09
943.90
25038.00
950.10
941.99
945.81
29011.01
926.97
918.87
926.97
916.96
914.81
917.91
922.92
24969.10
945.81
895.02
890.02
887.16
916.96
916.00
908.85
911.95
25002.00
910.04
894.07
895.98
892.16
900.98
895.98
895.98
892.88
25004.15
914.10
898.84
887.87
883.82
885.96
885.96
883.82
890.02
24988.17
898.12
888.11
885.96
879.76
901.94
907.90
913.14
24947.88
947.95
893.83
883.82
880.00
875.95
929.83
942.95
931.02
24983.88
936.99
890.97
890.97
890.02
939.85
940.80
927.93
928.16
24996.04
896.93
891.92
886.20
874.04
910.04
904.08
895.02
892.16
24985.07
890.97
885.96
883.10
880.96
881.91
890.02
895.98
24937.15
945.09
895.02
881.20
886.92
875.00
935.08
936.03
952.96
24994.85
936.99
903.13
888.11
891.92
934.84
932.22
919.10
916.00
25007.01
918.87
906.94
898.12
900.03
920.06
908.14
896.93
24911.88
957.01
900.98
890.97
885.01
890.97
880.00
888.11
883.10
24920.94
947.00
895.02
888.82
879.05
869.99
924.11
926.02
916.00
24968.15
944.14
895.02
882.15
883.10
944.14
945.09
931.02
940.08
25009.16
899.08
884.06
885.01
880.00
919.10
910.04
904.08
902.89
24980.07
899.08
880.00
880.96
887.16
880.96
884.77
876.90
24912.83
958.92
894.07
883.82
885.01
890.97
921.01
921.96
934.12
24973.87
936.99
895.02
886.20
882.86
943.90
948.91
934.12
940.08
25020.12
925.06
904.08
914.10
915.05
916.96
907.90
902.89
24928.81
976.09
929.12
917.91
916.00
905.04
905.04
895.98
894.07
24942.87
961.07
926.02
903.13
905.04
883.10
895.98
897.17
896.93
25017.98
912.90
896.93
895.98
884.06
910.04
916.00
924.11
931.02
24977.92
892.16
887.87
885.96
880.00
942.95
949.14
947.95
24972.92
961.78
907.90
909.81
901.94
914.10
909.09
905.99
898.84
25008.92
924.11
913.14
916.00
899.08
901.94
885.01
885.96
877.14
25001.05
914.10
905.04
908.14
903.13
879.05
884.06
890.97
24934.05
947.00
905.99
896.93
891.92
886.20
935.08
938.89
954.87
24989.84
925.06
906.94
905.04
910.04
925.06
930.07
921.01
913.86
25007.96
902.18
910.04
908.14
906.94
900.98
885.96
890.02
24923.09
943.90
895.98
890.02
886.92
892.88
885.96
887.16
885.01
24928.09
954.87
901.94
905.04
918.15
926.02
914.10
911.95
911.00
25011.06
910.04
898.12
888.11
885.01
888.82
887.16
882.15
881.91
24991.99
932.93
920.06
920.06
908.14
885.01
888.11
890.97
887.87
25040.86
945.09
930.07
935.08
935.08
908.14
911.95
903.84
24966.00
980.14
939.13
936.99
933.17
936.03
941.99
930.79
933.89
25012.97
929.12
925.06
919.10
926.02
932.93
931.02
916.96
24975.06
951.05
924.11
921.96
917.20
904.08
906.94
915.05
917.91
25031.09
948.19
934.84
933.89
907.90
892.16
898.12
895.02
24939.06
991.11
952.01
947.00
937.94
881.91
890.97
886.92
892.88
25009.87
923.87
926.97
921.01
908.85
905.04
905.04
900.98
900.98
24994.13
907.90
890.02
887.87
886.92
898.12
903.13
902.89
20932.91
970.84
922.92
927.93
916.96
920.06
916.00
907.18
910.04
25005.10
936.03
941.04
920.06
904.08
919.10
904.08
896.22
896.93
25004.86
941.99
921.96
926.02
922.92
890.02
884.06
888.11
24915.93
