1194.95
1174.93
1186.85
1160.86
1157.05
17238.86
1219.99
1185.18
1169.92
1190.19
1179.93
1171.83
17297.03
1254.08
1218.08
1198.05
1168.97
1170.87
1154.90
25297.16
1204.01
1202.11
1204.97
1213.79
1206.87
1202.82
1167.06
1176.12
25213.96
1188.99
1137.02
1139.16
1142.98
1168.01
1181.84
1168.01
1167.06
1168.97
1175.88
25273.08
1159.91
1148.94
1158.95
1143.93
1148.94
1149.18
1146.08
1142.02
1140.12
25205.14
1169.92
1135.83
1138.93
1135.83
1131.06
1153.95
1152.04
1139.16
1142.98
1143.93
1161.10
1164.91
1156.81
17272.00
1224.04
1210.21
1192.09
1111.03
1112.94
1111.03
1116.99
1123.19
1118.90
1128.91
1171.11
1131.06
1121.04
17291.78
1188.04
1169.92
1186.85
1174.93
1157.05
1161.81
1170.87
1191.14
1183.03
25285.01
1161.10
1150.85
1130.82
1157.05
1147.03
1147.03
1142.98
1127.00
1126.05
25203.94
1220.94
1174.93
1173.97
1190.90
1180.89
1180.17
1198.05
1199.96
1210.93
25285.96
1203.06
1162.05
1151.08
1235.01
1220.94
1204.01
1216.89
1209.97
1204.97
29248.00
1193.05
1171.11
1175.88
1163.96
1170.16
1174.93
1178.98
1164.91
1170.87
25242.09
1213.07
1177.07
1177.07
1196.15
1177.07
1171.11
1179.93
1193.05
1224.04
17261.98
1161.10
1127.00
1120.09
1143.93
1123.91
1121.04
1126.05
1145.12
1142.02
1137.02
1141.07
1130.82
1124.86
17191.89
1182.08
1151.08
1138.93
1147.03
1137.97
1142.02
1149.89
1147.99
1143.93
1137.97
1127.00
1165.87
1161.81
17239.81
1173.97
1132.01
1139.88
1142.98
1151.08
1151.08
1157.05
1152.04
1159.91
1158.95
1142.02
1140.12
1152.99
17234.09
1180.89
1158.95
1167.06
1147.99
1163.01
1139.16
1146.08
1132.01
1134.16
9202.96
1238.82
1194.00
1204.01
1221.18
1229.05
1230.00
1255.99
1232.15
1223.09
25268.08
1184.94
1166.82
1173.02
1152.99
1150.13
1140.12
1162.05
1141.07
1136.06
29194.83
1222.85
1191.85
1171.83
1188.99
1173.02
1183.99
1180.89
1182.08
1171.83
25254.01
1182.08
1137.02
1140.12
1136.06
1173.97
1174.21
1174.93
1190.90
1182.08
1168.97
25326.01
1204.01
1194.95
1188.99
1194.00
1174.93
1163.01
1106.02
1111.98
1101.97
25254.96
1195.19
1190.90
1179.93
1148.94
1157.05
1141.79
1145.84
1134.87
1135.83
1138.93
1134.16
1131.06
1127.00
17233.13
1125.10
1115.08
1154.90
1188.99
1125.10
1119.85
1130.82
1119.14
1120.09
1129.15
1116.99
1127.96
1116.99
17244.10
1136.06
1125.10
1127.96
1119.85
1119.14
1131.06
1147.03
1121.04
1116.04
25187.02
1178.98
1142.98
1154.90
1164.20
1152.99
1147.03
1156.09
1151.08
1152.04
1154.18
25296.93
1173.02
1148.94
1692.06
1159.91
1138.21
1157.05
1142.98
1144.89
25207.04
1215.93
1173.02
1163.96
1185.89
1210.93
1202.82
1224.99
1204.01
1219.99
33285.86
1199.01
1166.11
1165.15
1126.05
1120.09
1133.92
1137.97
1143.93
1165.87
1122.95
25233.98
1130.10
1133.20
1126.05
1116.99
1119.14
1123.19
1128.91
1129.15
1132.97
9204.86
1165.87
1126.05
1127.96
1101.97
1169.92
1174.93
9214.88
1147.99
1116.99
1099.11
1125.10
1127.00
1125.81
1144.89
1144.17
1148.94
1157.05
1112.94
1105.79
1101.97
17169.00
1158.00
1116.99
1122.00
1168.01
1166.11
1161.10
1176.12
1153.95
1149.89
1137.02
1147.99
1138.93
1133.20
17205.95
1178.98
1153.95
1168.97
1158.00
1154.90
1161.10
1152.99
1127.00
1135.11
1136.06
1125.10
1116.99
1116.04
17201.19
1185.89
1153.95
1144.17
1158.95
1169.20
1159.91
1186.85
1178.03
1173.97
25236.85
1217.84
1167.06
1159.91
1164.91
1158.95
1162.05
1166.82
1159.91
1164.20
25227.07
1175.88
1140.83
1137.02
1114.13
1180.89
1185.89
1204.01
1209.97
1194.00
1209.02
1213.79
1219.03
1220.94
21284.82
1144.89
1132.01
1122.95
1116.04
1122.00
1137.97
1142.98
1140.83
1147.03
1158.95
1158.95
1156.09
1162.05
17241.95
1135.83
1117.94
1112.94
1109.12
1112.94
1119.14
1161.10
1198.05
1195.91
1213.07
1213.79
1226.90
17252.21
1181.13
1142.98
1130.10
1101.02
1182.79
1179.93
1192.09
1194.00
1209.97
1198.05
1223.09
1211.17
1204.01
21303.89
1137.97
1125.10
1126.05
1121.04
1111.03
1111.03
1120.09
1123.91
1119.85
25181.06
1200.91
1168.97
1159.19
1172.07
1145.12
1138.93
1146.08
1136.78
1132.97
1134.16
17267.94
1178.03
1168.97
1162.05
1116.99
1127.96
1130.10
1142.02
1143.93
1147.99
1164.91
1166.11
1167.06
9212.97
1200.91
1154.90
1142.02
1149.18
1161.10
1163.01
9235.14
1164.91
1147.03
1147.03
1167.06
1172.07
1164.20
9230.85
1206.87
1183.03
1188.99
1183.03
1185.89
1177.07
1142.98
1163.01
1173.97
1188.04
1186.13
1171.11
1171.11
17277.00
1168.97
1172.07
1188.99
1168.01
1160.86
1174.93
1158.00
1168.97
1157.05
1141.07
1152.99
1148.22
17253.88
1249.79
1236.92
1219.99
1218.08
1223.09
1211.88
1139.88
1138.93
1141.07
25207.04
1176.83
1139.88
1134.87
1144.17
1131.06
1133.92
1131.06
1123.91
1115.80
1111.98
45280.93
1202.82
1188.04
1208.07
1174.93
1179.22
1193.05
1178.98
1162.05
1168.01
25255.92
1158.00
1126.05
1147.99
1146.08
1143.93
1149.89
1163.96
1147.99
1160.14
25239.94
1235.01
1208.07
1227.14
1203.06
1219.99
1203.06
1111.03
1137.02
1137.02
25222.06
1182.08
1144.17
1145.12
1178.98
1172.07
1172.07
1185.89
1168.97
1178.03
25238.04
1180.17
1140.12
1143.93
1145.84
1134.87
1128.91
1137.97
1126.05
1120.81
1116.04
17233.13
1156.09
1146.08
1153.95
1157.05
1158.95
1164.91
1164.20
1162.05
1180.89
1149.89
1133.20
1127.00
1120.09
17322.06
1228.09
1214.98
1175.88
1132.01
1131.06
1146.08
1142.02
1152.04
1165.15
1168.97
1177.07
1169.20
17247.92
1251.94
1214.03
1234.05
1222.13
1220.94
1217.13
1184.94
1160.86
1148.94
1142.98
1135.83
1143.93
1140.12
17335.18
1224.99
1218.08
1208.07
1213.79
1215.93
1218.80
1224.99
1215.93
1219.03
1147.99
1183.03
1173.02
13305.19
1199.96
1180.89
1203.06
1192.09
1186.13
1198.05
1194.00
1189.95
1191.14
29259.92
1137.02
1131.06
1130.10
1122.00
1112.94
1111.98
1186.85
1192.81
1183.03
17257.93
1210.93
1172.07
1182.08
1168.97
1165.87
1171.83
1137.97
1135.11
1148.94
1153.95
1142.02
1147.03
1146.08
17283.92
1187.80
1180.89
1179.22
1170.87
1173.97
1176.12
1176.12
1164.91
1164.91
1152.99
1111.03
1112.94
17180.92
1168.01
1133.92
1130.82
1140.83
1191.85
1183.99
1185.89
1180.89
1170.87
1173.02
1189.95
1173.02
1177.07
17262.94
1184.94
1158.95
1170.16
1158.95
1150.13
1153.95
1122.00
1173.02
1167.77
1187.09
1188.04
1170.87
1173.97
13282.06
1215.22
1195.91
1200.91
1186.13
1191.14
1178.98
1168.01
1177.79
1168.01
37281.99
1194.00
1183.03
1187.09
1178.03
1173.97
1181.84
1175.88
1168.97
1173.02
17300.13
1206.16
1208.07
1206.16
1214.03
1209.97
1214.98
1142.02
1136.06
1136.06
1147.03
1138.93
1127.96
17199.99
1266.96
1230.00
1235.01
1234.05
1228.09
1224.04
1235.01
1227.14
1223.09
1172.07
1140.12
1137.97
17205.00
1173.02
1125.10
1136.06
1156.09
1213.07
1210.21
1218.08
1205.92
1207.83
1215.93
1214.98
1209.97
1203.06
17313.96
1205.92
1176.12
1187.09
1170.16
1174.93
1183.03
1163.96
1182.79
1183.99
1189.95
1218.08
1195.91
25259.97
1159.91
1130.82
1127.96
1137.97
1133.92
1137.97
1147.99
1142.02
1147.99
1148.94
25294.78
1204.01
1215.93
1227.86
1209.02
1194.95
1181.13
1144.17
1136.06
1137.02
1147.03
1135.83
1136.06
17211.91
1263.14
1229.05
1233.10
1227.14
1229.05
1225.95
1232.86
1226.90
1228.09
1174.21
1126.05
1152.99
17213.11
1223.09
1192.09
1179.22
1179.93
1199.96
1205.92
1226.90
1226.19
1230.00
1237.15
1219.99
1224.04
17284.15
1191.14
1152.04
1141.07
1145.12
1136.06
1133.92
1128.91
1220.94
1230.96
1205.92
1219.99
1211.88
1214.03
17299.89
1196.86
1176.83
1191.14
1178.98
1163.96
1163.96
1169.92
1167.06
1158.00
25249.00
1199.01
1163.96
1173.02
1161.81
1173.97
1168.01
1180.89
1164.91
1175.17
29225.11
1161.10
1134.87
1122.00
1127.96
1114.13
1111.98
1118.90
1118.90
1121.04
1114.85
25273.80
1179.93
1157.05
1163.96
1155.14
1152.04
1155.14
1161.10
1162.05
1163.01
25276.90
1200.20
1180.89
1195.91
1180.17
1183.99
1181.13
1188.04
1202.11
1218.08
25303.13
1202.11
1181.84
1193.05
1203.06
1209.97
1231.19
1224.04
1230.00
1224.99
17262.94
1133.92
1117.94
1129.87
1117.94
1118.18
1119.14
1132.01
1127.96
1128.20
1122.00
1132.97
1129.87
1133.20
17267.94
1161.81
1147.03
1141.07
1122.95
1147.03
1144.89
1163.01
1152.04
1150.13
1159.91
1147.99
1157.05
1147.99
25280.00
1188.99
1187.09
1184.94
1185.89
1183.99
1182.08
1151.08
1156.09
1166.11
25245.90
1138.93
1122.95
1128.91
1190.19
1168.97
1176.83
1186.85
1175.88
1176.12
25289.06
1200.20
1182.08
1181.13
1183.99
1168.97
1175.88
1181.13
1170.16
1175.88
33262.97
1163.96
1139.88
1137.97
1138.93
1136.06
1149.89
1153.95
1147.03
1160.14
25228.02
1263.86
1209.97
1215.93
13321.88
1220.94
1212.12
1175.88
1194.95
1199.96
1207.83
1214.98
1214.98
1215.93
1217.13
1213.07
1214.98
17315.86
1180.89
1162.05
1169.92
1160.14
1158.00
1157.05
1173.97
1199.96
1204.01
1209.97
1204.01
1214.03
17277.96
1162.05
1124.14
1131.06
1116.04
1123.91
1116.99
1121.04
1117.94
1119.14
1114.13
1112.94
1145.84
1161.10
17238.14
1176.12
1145.12
1142.98
1126.05
1116.04
1119.14
1122.00
1118.90
1119.14
1120.09
1122.95
1119.85
1114.85
17192.84
1242.88
1207.83
1221.90
1207.83
1209.02
1200.91
1221.90
1214.03
1210.93
25310.04
1183.99
1163.01
1160.14
1150.13
1142.02
1142.98
1151.80
1198.05
1195.91
25249.00
1151.08
1125.10
1112.94
1110.79
1134.87
1142.98
1152.04
1156.09
1148.94
1140.83
17282.01
1174.93
1158.00
1180.89
1166.82
1163.96
1161.10
1140.12
1157.05
1150.13
25310.04
1194.95
1163.01
1153.95
1173.97
1167.06
1182.08
1194.00
1183.99
1182.08
25300.98
1193.05
1176.12
1180.89
1171.83
1179.93
1183.99
1108.88
1120.81
1126.05
17215.97
1214.98
1169.92
1186.85
1177.79
1169.92
1166.82
1173.02
1146.08
1131.06
1137.97
1122.95
1127.00
1124.14
13173.10
1163.01
1147.03
1139.88
1138.21
1157.05
1162.05
1178.03
1158.95
1174.93
17259.84
1197.10
1183.99
1180.17
1168.01
1168.01
1168.01
1170.87
1164.91
1169.20
25235.89
1204.01
1167.06
1162.05
1167.06
1155.14
1147.03
1159.19
1153.95
1150.85
1140.83
25259.97
1166.11
1152.04
1152.99
1149.89
1155.85
1147.99
1122.95
1130.10
1145.12
25263.07
1158.00
1147.03
1145.84
1183.03
1184.94
1193.05
1204.97
1213.07
1226.19
17308.00
1188.99
1182.79
1176.83
1113.89
1131.06
1132.97
1150.13
1147.99
1161.10
1177.07
1158.00
1175.88
1171.11
17292.98
1199.96
1183.03
1178.98
1175.88
1171.11
1186.13
1117.94
1134.87
1138.93
1158.00
1151.08
1152.04
13230.09
1215.93
1168.01
1158.95
1161.10
1157.05
1146.79
1133.92
1168.97
1169.92
1159.91
25255.20
1153.95
1155.85
1147.99
1158.00
1167.06
1186.13
1172.07
1174.93
1183.99
25318.86
1204.01
1212.12
1193.05
1181.13
1164.91
1166.11
1150.13
1157.05
1156.09
25240.90
1158.00
1151.08
1156.09
1160.14
1159.91
1162.05
1168.97
1162.05
1174.21
17220.97
1166.82
1149.89
1158.00
1156.09
1156.09
1145.12
1163.96
1159.19
1147.99
1160.14
1182.08
1184.94
1174.93
17268.90
1173.02
1173.02
1159.91
1108.88
1124.14
1138.93
1142.02
1138.93
1137.02
1144.89
1142.02
1144.89
1142.98
25295.02
1194.00
1178.98
1189.95
1175.88
1177.79
1185.89
1165.87
1163.01
1163.96
25254.01
1148.22
1132.97
1131.06
1149.18
1142.02
1142.98
17234.80
1128.91
1117.94
1131.06
1117.94
1127.96
1124.14
25269.03
1168.01
1167.06
1172.07
1159.91
1163.01
1153.95
1158.00
1149.89
1147.99
9294.99
1207.11
1214.03
1173.97
1152.04
1150.13
9175.06
1178.98
1123.91
1114.85
1127.00
1121.04
1113.89
1113.89
21318.91
1228.81
1214.03
1229.05
1214.03
1214.03
1195.19
1107.93
1116.99
1120.09
1127.00
1124.14
1129.87
25213.96
1209.02
1167.06
1158.00
1142.98
1148.94
1130.10
1141.07
1131.06
1126.05
25161.03
1197.10
1128.91
1118.90
1147.99
1112.94
1114.13
1111.98
1145.12
1167.06
1165.15
1173.97
1173.02
1180.89
21248.10
1197.81
1173.02
1170.87
1160.86
1139.88
1127.96
1131.06
1124.14
1116.04
1124.14
21296.02
1230.00
1214.03
1183.99
1141.07
1150.13
1152.99
1140.83
1139.88
1145.12
25274.04
1179.22
1163.96
1169.20
1162.05
1167.06
1163.96
1127.96
1135.11
1138.93
17227.89
1217.84
1190.90
1194.00
1193.05
1190.90
1188.04
25292.16
1178.03
1151.08
1151.08
1144.17
1142.98
1132.01
1149.89
1141.07
1132.97
23216.01
1204.01
1178.98
1173.97
1164.91
1183.03
1170.87
1171.83
1174.93
25244.00
1160.86
1163.01
1158.95
1151.80
1154.90
1140.83
1190.90
1194.00
1194.00
25264.98
1136.78
1115.08
1122.00
1150.13
1168.01
1161.81
1188.04
1167.06
1178.98
25252.82
1226.90
1204.01
1219.03
1214.03
1218.08
1211.17
1235.01
1218.08
1227.14
17261.03
1137.97
1132.01
1115.08
1159.91
1153.95
1152.99
1159.91
1149.89
1147.03
1130.82
1160.86
1168.97
1162.05
17274.14
1158.95
1144.89
1123.91
1145.84
1144.17
9170.06
1219.03
1174.93
1177.07
1183.99
1168.01
1181.84
17251.01
1218.08
1188.04
1188.99
1184.94
1175.88
1166.11
1173.97
1168.01
1163.96
1156.09
1150.13
1164.91
1167.06
17283.92
1165.87
1151.80
1149.89
1178.03
1175.88
1176.12
1165.15
1163.96
1161.10
1158.00
1147.99
1157.05
13211.97
1164.20
1125.10
1116.04
1116.04
1201.15
1204.97
1229.05
1220.94
1225.95
25261.88
1248.12
1184.94
1185.18
1186.85
1163.96
1159.19
1177.07
1162.05
1158.95
1158.00
17294.88
1214.98
1222.13
1224.04
1202.11
1210.93
1215.93
1223.09
1212.12
1214.03
1160.14
1173.02
1174.93
17291.07
1145.84
1133.92
1121.04
1201.87
1203.06
1201.15
1215.93
1225.95
1234.05
1244.07
1231.19
1228.81
17283.92
1204.01
1173.02
1196.15
1188.04
1171.11
1185.18
9320.02
1230.96
1214.03
1205.92
1147.99
1137.02
1140.12
1134.16
1128.91
1121.04
1132.01
1127.96
1132.01
17179.97
1222.85
1174.93
1158.00
1195.91
1166.82
1161.81
1163.01
1153.95
1153.95
1144.17
25261.88
1144.89
1131.06
1133.92
1126.05
1131.06
1132.01
1111.98
1109.12
1115.08
25210.14
1204.01
1182.08
1167.77
1217.84
1204.01
1199.96
1211.17
1199.96
1197.10
25255.20
1214.98
1190.19
1183.99
1165.15
1153.95
1158.00
1176.12
1153.95
1152.04
25225.16
1179.93
1150.85
1152.99
1162.05
1160.14
1152.99
1165.87
1161.81
1170.87
1173.97
25274.04
1186.85
1181.84
1196.15
1177.07
1171.11
1163.96
1115.08
1111.98
1118.90
17248.15
1151.08
1137.97
1130.10
1164.20
1151.08
1142.98
1158.95
1138.93
1139.16
1137.02
1132.97
1124.86
1127.96
17288.92
1191.85
1184.94
1186.13
1191.14
1174.93
9251.83
1218.80
1184.94
1194.00
1200.91
1183.03
1164.20
25259.02
1170.16
1142.02
1150.13
1131.06
1161.10
1161.10
1179.93
1183.03
1188.04
25261.16
1246.93
1213.07
1226.90
1218.80
1222.85
1230.96
1237.15
1224.99
1233.10
25290.01
1163.01
1152.99
1162.05
1161.10
1164.20
1173.97
1193.05
1175.17
1172.07
17261.98
1202.82
1173.97
1168.97
1173.97
1188.04
1204.01
1217.84
1204.97
1219.99
1217.84
1210.93
1227.14
17286.06
1214.03
1198.05
1195.19
1209.02
1181.13
1188.04
1168.97
1162.05
1164.91
9222.03
1172.07
1146.08
1142.98
1149.89
1144.17
1142.98
5186.80
1175.88
1153.95
1151.08
1157.05
1143.93
1130.10
1140.12
1137.97
1132.97
1124.14
25277.14
1172.07
1183.99
1196.86
1179.93
1182.08
1193.05
1196.86
1188.99
1187.80
25269.03
1150.13
1142.98
1152.99
1140.83
1134.87
1134.87
1160.86
1169.92
1168.97
33254.86
1192.81
1162.05
1178.03
1161.10
1162.05
1159.91
1174.93
1163.01
1163.01
17229.08
1191.14
1153.95
1147.99
1158.00
1144.17
1137.02
1131.06
1167.06
1168.97
1169.92
1165.87
1158.00
1146.08
17258.88
1169.92
1145.84
1144.89
1138.93
1165.15
1190.90
1194.95
1189.95
1185.89
1190.19
1187.09
1184.94
25228.98
1243.11
1173.02
1178.98
1189.95
1166.11
1173.02
1166.82
1122.24
1142.98
1152.04
29260.87
1158.95
1157.05
1163.96
1146.08
1154.90
1161.10
1156.09
1153.95
1149.89
25283.81
1205.92
1195.19
1197.10
1190.90
1191.85
1202.82
1194.00
1187.09
1192.09
29274.94
1199.96
1194.00
1208.78
1196.86
1193.05
1204.01
1219.99
1199.01
1209.97
25307.18
1183.99
1167.06
1173.02
1163.96
1159.91
1162.05
1159.19
1146.08
1142.98
17239.09
1186.13
1152.99
1152.04
1139.88
1134.16
1136.06
1145.12
1141.07
1122.95
1139.88
1125.81
1134.87
1122.95
17245.05
1144.89
1130.10
1136.06
1126.05
1120.81
1113.89
1126.77
1113.89
1112.94
1116.99
1163.96
1173.97
1178.03
17338.04
1235.96
1230.00
1211.17
1158.95
1159.91
1175.17
1145.12
1140.83
1134.87
1143.93
1137.02
1135.83
1137.02
1126.05
1155.14
1155.85
17298.94
1214.98
1214.03
1189.95
1173.02
1170.87
1183.99
1175.88
1165.87
1164.91
1181.13
1164.91
1153.95
25211.10
1185.89
1144.17
1146.08
1153.95
1139.16
1142.02
1128.20
1117.94
1140.83
1147.99
25262.83
1134.87
1109.84
1132.01
1211.88
1211.88
1211.88
1211.17
1203.06
1204.97
1221.18
1199.01
1189.95
17261.03
1224.04
1191.14
1202.11
1191.14
1193.05
1188.99
1173.97
1202.11
1199.96
1228.09
1212.12
1224.99
17272.00
1163.01
1132.97
1136.06
1168.01
1151.08
1148.94
1154.90
1156.09
1156.09
1151.08
1189.95
1196.86
1179.93
17242.19
1156.09
1119.14
1116.99
1125.10
1153.95
1137.02
1157.05
1152.99
1154.90
1166.11
1160.14
1155.14
1149.89
17290.83
1158.95
1140.12
1162.05
1139.16
1141.07
1134.16
1147.99
1129.15
1136.06
25212.05
1168.97
1129.87
1122.00
1132.97
1124.86
1128.20
1127.00
1157.05
1168.01
1168.97
25325.06
1229.05
1213.07
1180.17
1132.97
1123.91
1140.12
1146.08
1142.02
1143.93
25266.17
1178.98
1167.77
1166.82
1176.83
1168.97
1173.97
1185.89
1171.11
1183.03
25284.05
1210.21
1195.91
1198.05
1194.00
1196.15
1196.86
1199.96
1192.09
1194.00
25298.83
1199.01
1182.08
1172.07
1168.01
1173.02
1176.83
1198.05
1183.99
1188.99
17279.86
1183.99
1165.15
1175.88
1175.88
1169.92
1181.13
17259.12
1141.07
1127.96
1137.02
1131.06
1124.14
1128.91
1142.02
1135.83
1127.96
1135.11
1187.09
1173.97
1173.02
21247.86
1142.98
1136.06
1127.00
1169.92
1170.16
1177.07
1186.13
1188.04
1188.99
25268.79
1153.95
1139.88
1144.17
1138.93
1131.06
1133.92
1142.02
1124.86
1120.09
25191.07
1190.19
1152.04
1135.11
1158.00
1152.99
1151.08
1156.09
1149.89
1142.98
1151.08
25268.08
1149.89
1151.08
1165.15
1143.93
1153.95
1151.08
1203.06
1198.05
1209.02
17274.14
1207.11
1132.01
1112.94
1111.98
1122.00
1116.99
1127.00
1119.14
1130.10
1137.02
1128.20
1132.97
1131.06
17261.03
1147.99
1138.93
1150.85
1139.88
1149.89
1137.97
1127.00
1136.06
1143.93
1161.81
1150.85
1142.02
1154.90
25273.08
1176.12
1172.07
1183.03
1173.02
1178.98
1179.93
1169.92
1179.22
1178.03
25295.97
1201.15
1177.07
1203.06
1181.13
1180.17
1184.94
1183.03
1176.83
1179.93
21327.02
1150.85
1134.87
1147.99
1141.07
1136.06
1155.14
1153.95
1145.84
1143.93
25269.03
1193.05
1167.06
1174.93
1113.18
1112.94
1118.90
1130.10
1122.00
1124.14
1127.96
1134.16
1122.95
1134.87
17269.85
1156.81
1138.93
1142.02
1129.87
1121.04
1125.81
1112.94
1137.02
1136.06
1153.95
1155.85
1155.85
1155.85
17280.82
1145.84
1128.91
1132.97
1129.87
1130.10
1124.14
1138.93
1125.10
1126.05
25200.13
1240.02
1211.88
1228.09
1233.10
1223.09
1230.96
1239.06
1226.19
1224.99
25307.18
1214.98
1194.95
1199.01
1193.05
1183.99
1198.05
1168.97
1169.92
1173.97
25265.93
1226.19
1200.91
1181.13
1127.00
1113.89
1113.89
1122.95
1113.89
1119.14
21182.06
1237.87
1194.00
1206.87
1168.01
1169.92
1174.93
1181.13
1173.97
1177.79
25220.87
1181.84
1158.95
1147.03
1154.18
1156.09
1147.99
1153.95
1148.94
1147.03
1146.08
17292.02
1183.03
1168.01
1185.89
1165.87
1170.87
1175.88
1167.06
1162.05
1152.99
1144.89
1152.04
1152.99
17211.91
1248.84
1215.93
1213.79
1211.88
1192.09
1183.99
1205.92
1190.19
1188.99
1182.08
1167.06
1158.95
1153.95
17266.99
1187.80
1185.89
1188.99
1173.02
1177.07
1168.97
1209.02
1199.01
1188.04
1212.12
1208.07
1203.06
17256.98
1156.09
1130.10
1132.97
1129.87
1131.06
1131.06
1144.89
1151.08
1159.19
1159.91
1149.89
1160.86
1151.08
13253.93
1192.09
1172.07
1173.97
1163.01
1166.11
1157.05
1159.91
1145.84
1146.08
37209.03
1230.96
1207.11
1198.05
1199.01
1200.91
1193.05
1199.01
1174.93
1166.82
1153.23
1128.91
1144.89
1143.93
17323.97
1235.01
1224.99
1205.21
1203.06
1219.03
1204.01
1217.13
1213.07
1214.03
1201.87
1206.16
1196.15
17268.90
1158.95
1146.08
1145.12
1137.97
1146.08
1137.02
1212.84
1188.99
1201.15
1193.05
1194.00
1173.97
17234.09
1205.92
1188.99
1178.98
1190.90
1182.08
1158.00
1181.84
1193.05
1194.00
1196.15
1108.88
1118.90
1132.01
17256.02
1147.99
1133.92
1141.79
1200.91
1196.15
1202.11
1222.13
1188.04
1178.98
17381.91
1212.12
1187.09
1191.14
1189.95
1190.90
1195.19
1165.87
1169.92
1154.90
25272.13
1196.15
1174.93
1181.84
1164.91
1156.09
1164.20
1185.89
1158.95
1158.00
1160.86
1152.99
1150.13
1147.03
17267.94
1181.84
1175.88
1172.78
1159.91
1165.15
1153.95
1172.07
1173.97
1177.07
1177.07
1171.11
1173.97
13252.02
1208.07
1189.95
1173.97
1122.00
1116.99
1113.89
9202.96
1182.08
1162.05
1178.98
1160.86
1183.99
1178.98
9281.87
1194.95
1170.16
1185.89
1173.97
1176.12
9236.10
1182.08
1144.17
1137.97
1121.04
1158.95
1165.15
17240.05
1214.03
1175.17
1172.07
1182.08
1164.91
1151.08
1141.79
1134.87
1129.87
1135.11
13221.03
1129.15
1119.14
1130.10
1118.90
1118.90
1120.09
1130.10
1122.95
1122.00
25192.02
1178.98
1146.08
1131.06
1152.04
1142.98
1145.12
1146.08
1153.95
1158.00
1158.95
1152.99
1154.90
1143.22
17229.08
1156.09
1137.02
1143.93
1147.03
1152.99
1147.03
1158.00
1152.99
1144.89
1154.18
1144.89
1137.97
1124.14
17235.04
1136.06
1121.04
1111.03
1152.99
1171.11
1173.97
6786.11
1171.11
1162.05
1158.95
1147.03
1132.01
1219.03
1224.04
1240.02
1226.90
1227.86
1224.99
17297.03
1187.09
1165.15
1181.13
1168.97
1167.06
9217.02
1261.95
1200.91
1220.94
1223.09
1201.87
1211.88
9294.99
1175.88
1153.95
1157.05
1155.14
1150.13
1152.04
21296.98
1242.88
1212.84
1186.85
1142.02
1147.03
1142.98
1151.08
1146.79
1148.94
37256.96
1164.91
1150.85
1155.85
1153.95
1152.04
1144.17
1142.02
1163.01
1172.78
25263.07
1209.02
1170.16
1189.95
1138.21
1136.06
1123.91
1127.00
1126.05
1130.10
1127.96
25321.96
1236.92
1224.99
1224.99
1211.17
1214.98
1218.80
1210.93
1214.03
25280.95
1231.91
1196.15
1193.05
1193.05
1187.09
1178.98
1164.91
1125.10
1121.04
1130.10
1116.99
1110.79
1111.03
17184.97
1173.02
1136.06
1147.03
1140.12
1133.92
1133.92
1135.11
1125.10
1125.81
1128.91
1132.97
1147.03
1147.99
17256.98
1161.10
1132.97
1150.85
1115.08
1128.91
1130.82
1134.87
1129.87
1127.96
25183.92
1257.90
1209.02
1200.91
1202.82
1195.91
1193.05
1198.05
1176.83
1183.03
25232.08
1204.97
1179.93
1161.10
1173.02
1161.10
1151.08
1158.00
1186.13
1191.14
1193.05
25284.05
1181.13
1173.97
1194.00
1132.97
1129.15
1138.93
1125.81
1124.86
1134.16
13264.89
1178.03
1158.95
1170.87
1165.87
1158.00
1152.04
25267.12
1159.19
1147.99
1154.18
1147.03
1149.89
1147.03
1140.83
1137.97
1144.17
33257.01
1218.08
1198.05
1202.11
1194.00
1180.17
1187.09
1194.00
1171.11
1168.97
25271.89
1156.81
1127.00
1140.12
1128.91
1132.01
1123.91
1140.83
1221.90
1199.96
25278.09
1168.97
1132.97
1128.20
1144.89
1128.91
1124.14
1137.02
1132.01
1127.00
1130.10
25275.95
1151.80
1134.87
1124.86
1154.90
1170.16
1169.92
1177.79
1173.02
1183.03
1195.19
1190.90
1203.06
17280.10
1195.91
1154.18
1147.03
1157.05
1145.12
1136.06
1139.16
1208.07
1203.06
1226.90
1214.03
1233.10
1224.04
17263.89
1133.92
1120.81
1123.91
1116.99
1114.85
1115.80
1138.93
1166.11
1168.01
13242.96
1227.14
1196.86
1203.06
1192.09
1193.05
1185.89
1198.05
1185.89
1191.85
25270.94
1207.83
1173.02
1184.94
1180.89
1165.15
1167.06
1162.05
1149.18
1139.88
37209.99
1204.01
1167.06
1171.83
1178.98
1162.05
1173.97
1178.03
1186.13
1173.02
29246.09
1162.05
1139.16
1147.03
1159.19
1148.94
1156.81
1172.07
1177.07
1169.92
1175.88
25351.05
1236.92
1231.19
1240.97
1230.00
1235.01
1238.11
1226.90
1230.00
17301.08
1179.93
1138.93
1138.93
1152.04
1142.02
1153.95
1142.98
1216.89
1229.05
1233.82
1233.82
1227.86
1235.96
17308.95
1189.95
1183.03
1197.10
1177.07
1165.15
1173.97
1159.91
1164.20
1148.94
1119.14
1191.14
1202.11
17272.95
1207.83
1187.80
1173.97
1188.99
1202.82
1197.81
1206.87
1191.85
1185.89
1186.13
1172.07
1183.99
1176.83
17274.86
1184.94
1161.10
1172.07
1159.19
1161.10
1167.06
1223.09
1205.92
1216.89
1132.97
1163.96
1169.20
25246.86
1184.94
1156.81
1160.86
1158.00
1165.87
1163.01
1168.97
1210.93
1230.96
25282.86
1235.96
1212.12
1200.91
1188.04
1200.91
1215.93
1227.14
1218.08
1224.04
1218.80
1220.94
1224.99
17286.06
1192.09
1151.08
1150.13
1173.02
1160.14
1160.86
1162.05
1179.93
1186.85
1190.90
1194.00
1198.05
1210.93
17267.94
1145.12
1132.01
1140.12
1134.16
1127.96
1125.81
1137.97
1136.06
1130.10
1143.93
1157.05
1156.09
1146.08
17288.92
1185.89
1186.13
1167.06
1116.99
1124.86
1137.02
1136.06
1135.11
1132.97
1150.85
1160.14
1151.08
17220.02
1205.92
1165.15
1162.05
1172.07
1157.05
1153.95
1156.09
1121.04
1138.21
1154.90
25321.01
1213.07
1177.07
1185.89
1170.87
1187.80
1189.95
1192.09
1213.07
1207.11
37273.88
1180.89
1168.01
1185.89
1160.86
1168.01
1163.01
1157.05
1148.94
1147.03
25239.94
1137.02
1121.04
1125.10
1122.00
1116.99
1116.04
1126.05
1120.09
1116.04
25187.97
1165.15
1122.95
1119.14
1131.06
1116.04
1115.08
1124.14
1122.95
1117.94
1114.13
25219.92
1148.94
1128.91
1127.96
1116.99
1111.03
1111.03
1127.00
1162.05
1177.07
1181.13
1189.95
1178.03
1187.09
17292.98
1168.01
1150.85
1152.99
1141.07
1141.07
1142.98
1150.85
1142.02
1144.89
1132.01
1188.04
1201.15
17229.08
1254.08
1204.01
1207.11
1198.05
1173.97
1174.93
1209.97
1173.97
1178.98
13227.94
1219.99
1170.87
1159.91
1158.00
1152.99
1158.00
1146.08
1135.83
1140.12
1132.01
25252.82
1195.91
1176.83
1199.96
1183.03
1181.13
1196.15
1156.09
1163.96
1177.07
25294.07
1179.22
1155.85
1152.04
1137.02
1141.07
1147.99
1154.90
1147.03
1143.93
25216.10
1151.08
1122.95
1124.86
1129.87
1122.00
1121.04
1135.11
1127.96
1132.97
1132.01
1145.12
1151.08
1158.00
17234.80
1219.99
1191.14
1182.08
1111.98
1113.89
1118.18
1128.91
1127.96
1124.14
1122.00
1136.06
1128.20
1128.91
17214.06
1235.01
1203.06
1222.13
1216.17
1205.92
1196.15
1217.13
1199.01
1193.05
25297.16
1171.11
1160.86
1168.01
1158.00
1162.05
1161.81
1136.06
1137.97
1147.03
21240.95
1209.02
1168.97
1165.87
1129.87
1123.91
1118.18
25175.09
1215.93
1193.05
1192.09
1183.99
1177.07
1170.16
1181.13
1204.01
1224.04
25274.04
1194.95
1156.09
1154.90
1123.91
1128.91
1132.01
1133.92
1124.14
1122.00
1124.14
25217.06
1137.02
1124.86
1134.16
1128.91
1120.81
1122.95
1122.00
1121.04
1120.81
13206.01
1168.01
1129.87
1124.14
1171.11
1165.15
1147.03
1163.96
1142.98
1136.06
1137.97
1149.18
1132.97
1138.93
17239.09
1188.99
1168.01
1178.98
1163.01
1178.98
1172.07
1187.09
1159.19
1146.08
1154.90
1149.89
1142.02
1137.97
17316.10
1231.19
1214.03
1192.09
1156.09
1158.95
1170.87
1150.85
1153.95
1146.08
1148.94
1138.93
1141.07
17210.96
1152.99
1141.07
1127.00
1144.89
1134.87
1140.83
1150.85
1147.99
1147.03
1154.18
1146.08
1130.10
1130.10
17220.97
1198.05
1161.10
1161.10
1151.08
1151.08
1147.03
1138.93
1132.01
1133.92
45171.02
1252.89
1183.03
1178.98
1193.05
1174.93
1177.07
1201.15
1186.13
1179.93
1175.88
1120.09
1124.14
1119.14
17184.02
1153.95
1127.96
1118.90
1125.10
1118.18
1124.86
1116.04
1122.95
1127.00
1127.96
1139.16
1132.01
1132.01
17196.89
1175.17
1156.09
1147.03
1151.08
1146.08
1162.05
1153.95
1152.99
1158.00
1163.01
1152.99
1173.02
1171.11
17292.98
1145.12
1126.05
1114.13
1137.02
1164.20
1158.00
1204.01
1198.05
1188.99
1199.96
1178.98
1172.07
17194.03
1194.95
1144.17
1147.99
1162.05
1142.02
1142.02
1159.91
1147.99
1143.93
1132.01
25279.05
1186.85
1178.03
1183.03
1169.92
1183.99
1167.06
1188.04
1167.06
1180.17
41281.94
1152.99
1132.97
1128.91
1132.01
1137.97
1129.15
1137.02
1120.09
1133.20
13189.08
1230.96
1191.85
1206.87
1209.02
1206.87
1200.91
1209.02
1191.85
1191.85
25269.03
1171.11
1129.87
1128.91
1134.87
1130.82
1130.82
1110.08
1208.07
1219.03
1219.03
25304.08
1194.00
1205.92
1228.09
1212.12
1204.01
1217.84
1197.81
1192.81
17257.93
1219.99
1168.97
1158.95
1173.97
1199.96
1201.87
1219.99
1226.90
1232.86
1237.15
1229.05
1227.14
1223.09
17292.98
1183.03
1174.93
1178.03
1171.11
1173.97
1168.01
1165.15
1179.93
1187.09
1199.01
1201.87
1200.91
13257.98
1218.08
1192.09
1205.92
1191.85
1186.13
1173.97
1152.99
1154.90
1145.84
25223.97
1177.07
1141.07
1127.00
1131.06
1153.95
1151.80
1183.03
1155.14
1164.91
25223.02
1224.04
1214.98
1205.92
1197.81
1185.89
1191.85
1190.90
1199.01
1194.00
25260.93
1255.99
1219.03
1207.83
1221.90
1209.02
1209.97
1219.03
1215.22
1211.88
17272.95
1210.93
1177.07
1188.99
1177.07
1173.02
1175.17
1157.05
1180.89
1180.89
1205.92
1197.81
1190.90
1183.03
17228.84
1155.85
1157.05
1166.11
1154.18
1158.95
1179.93
1181.13
1177.07
1183.03
1146.08
1161.10
1163.96
37232.16
1227.14
1210.93
1205.92
1215.93
1219.03
1220.94
1164.20
1116.04
1119.85
25187.02
1171.11
1130.10
1127.96
1160.14
1137.97
1132.01
1141.07
1129.15
1132.01
1127.00
25291.92
1249.07
1225.23
1241.92
1223.80
1220.94
13283.01
1210.93
1187.09
1190.19
1132.97
1127.00
1122.00
1131.06
