1278.16
11502.98
1441.00
1292.94
1290.80
11493.92
1334.91
1262.90
1274.82
11488.91
1337.05
1278.16
12778.04
1338.01
1286.03
1261.95
10251.05
6463.05
1308.92
1286.98
11453.15
1355.89
1278.16
1291.99
11524.92
1357.08
1277.92
1272.92
11488.91
1328.95
1277.92
1269.10
11476.99
1354.93
1291.04
1296.04
11554.00
1291.99
1272.92
1268.86
11548.04
1291.99
1271.96
11419.06
1358.99
1276.02
1276.97
11500.12
1333.95
1272.92
1252.89
11485.10
1336.10
1271.01
1267.91
11480.09
1338.96
1280.07
1266.00
11537.08
1290.08
1320.12
1374.96
11576.89
1292.94
1277.92
11453.87
1372.10
1286.98
1277.92
11512.04
1343.97
1286.03
1261.00
6507.16
1327.99
1277.92
1274.11
11538.03
1297.95
1266.96
13019.08
1327.99
1263.86
11466.03
1351.12
1277.92
1256.94
11467.22
1331.09
1285.08
1255.04
11469.84
1341.10
1283.17
1254.08
11475.09
1357.79
1291.04
12965.20
1304.15
1270.06
1268.15
11574.03
1278.16
1260.04
11484.15
1365.90
1308.92
1267.91
11480.09
1317.98
1281.98
1261.95
11489.87
1352.07
1268.15
1311.06
11569.98
1311.06
1270.06
1262.90
11589.05
1389.03
1271.01
11445.05
1374.01
1307.96
1271.96
11487.01
1327.99
1273.87
1296.04
11518.96
1337.05
1278.16
1301.05
11551.14
1304.15
1269.10
1272.92
11595.96
1298.90
1276.02
1256.94
11556.15
1295.09
1258.13
10482.07
1353.98
1273.16
1281.02
1250.98
11477.95
1336.10
1268.86
7696.87
1312.97
1276.97
1262.90
11538.98
1280.07
1276.02
1279.12
11564.02
1304.86
1281.02
11440.99
1384.97
1283.17
1276.02
11498.21
1352.07
1270.06
1275.06
11516.09
2124.07
1274.82
10015.96
6484.99
1339.91
1284.12
1297.24
11498.93
1318.93
1276.97
1250.98
11475.80
1318.93
1272.92
1250.98
11397.12
1312.02
1258.13
1271.96
11534.93
1290.08
1256.94
1251.94
6464.96
1285.08
1304.15
1269.82
11556.86
1292.94
1278.88
11438.85
1380.92
1298.90
1272.20
11497.97
1353.98
1268.15
1255.99
11531.83
1341.10
1269.10
1256.94
16553.88
1337.05
1264.10
1248.12
9917.97
6419.90
1312.97
1279.12
1244.78
11523.96
1296.04
1268.15
1264.10
11529.92
1278.88
1265.05
1274.11
11558.06
1276.97
7702.11
1351.12
1280.07
1265.05
11492.01
1334.91
1318.93
1377.82
11505.84
1332.04
1284.84
1278.88
11590.96
1304.15
1269.10
1289.13
11588.10
1292.94
1266.00
11468.89
1369.00
1311.06
1280.78
9942.05
6445.17
1333.00
1258.85
1273.87
11463.88
1321.08
1275.06
1259.09
11478.19
1332.04
1287.94
1262.19
11466.98
1325.85
1271.96
12784.96
1302.00
1262.90
1267.91
11552.10
1314.88
1271.96
1284.84
11564.97
1297.95
1279.12
11481.05
1326.08
1284.84
1284.84
11477.95
1333.95
1265.05
1264.10
11482.95
1328.95
1271.01
1250.03
11483.91
1333.00
1270.06
1257.18
9850.98
1296.04
1268.86
1273.87
1243.11
11472.94
1318.93
1280.07
1253.13
11439.09
1298.19
1271.01
1270.77
11559.96
1309.87
1261.95
1272.92
11562.11
1303.20
1281.98
1266.00
11552.10
1302.96
1266.00
11481.05
1345.87
1280.07
1270.77
11442.90
1349.93
1261.00
1271.96
11482.00
1343.01
1272.20
1249.07
11546.13
1294.14
1263.14
1243.11
9955.17
6455.18
1312.97
1262.90
1255.04
11535.88
1297.00
1268.15
1243.11
11547.09
1285.08
1271.96
1259.80
11527.06
1273.16
12766.12
1353.98
1289.84
1293.90
11498.93
1341.10
1324.18
1355.89
11543.99
1295.80
1282.93
1250.98
11533.98
1292.94
1291.99
1261.95
11554.00
1284.12
1263.14
11441.95
1377.11
1271.01
1263.86
11492.01
1327.99
1271.96
1256.23
9716.99
1370.91
1278.88
1275.06
1262.90
11442.18
1327.04
1264.10
1270.06
11474.85
1335.86
1271.01
12690.07
1331.81
1272.92
1255.04
11943.10
1316.07
1271.96
1272.92
11575.94
1317.02
1286.98
11488.20
1342.06
1291.99
1281.98
11423.11
1340.87
1277.92
1279.12
11476.04
1363.99
1275.06
1255.99
11493.92
1331.81
1266.00
1250.03
9910.82
1328.95
1263.86
1266.96
1256.94
11471.03
1304.15
1274.11
1253.13
11511.09
1276.97
1267.91
1270.06
11533.02
1281.98
1255.99
1271.01
16658.07
1297.00
1257.90
11466.98
1430.03
1297.95
1277.21
11539.94
1432.90
1312.97
1266.00
11540.89
1297.95
1273.87
1274.82
11560.92
1292.94
1265.05
1278.88
11567.83
1291.99
1268.86
11502.03
1352.79
1267.91
1271.96
9629.96
1332.04
1296.04
1277.21
1255.04
1249.07
11528.02
1276.02
1268.86
11438.85
1362.09
1278.88
12773.04
1350.16
1276.02
1262.19
11493.92
1333.00
1278.16
1333.95
11634.83
1306.06
1281.02
1251.94
11552.10
1291.99
1288.18
1276.02
11553.05
1283.88
1277.21
11472.94
1373.05
1271.96
1240.02
11456.97
1324.89
1256.94
1250.03
11461.97
1314.16
1271.01
1260.04
11483.91
1312.97
8410.93
1324.18
1271.96
7775.07
1306.06
1280.07
1251.94
11458.16
1305.10
1257.18
7925.99
1302.96
1273.87
1257.18
11550.90
1305.10
1276.97
1255.99
11551.14
1274.11
1275.06
11394.98
1338.01
1267.91
1272.92
11479.85
1335.86
1281.02
1254.08
11498.21
1335.14
1267.91
1252.89
11477.95
1313.92
1275.06
1249.79
11529.92
1292.94
8324.86
1314.88
1259.80
1250.03
11477.95
1311.06
1276.02
1258.85
10144.95
6455.90
1328.95
1263.86
1271.96
11554.96
1291.99
1281.02
1262.90
11551.86
1279.83
1266.96
1255.04
11563.06
1287.94
1263.14
11486.05
1356.84
1272.92
1258.85
11499.88
1334.91
1271.96
1257.18
11477.95
1315.83
1285.08
1266.00
11475.09
1316.79
1280.07
1266.00
11567.83
1293.90
1267.91
1281.98
11569.02
1297.00
1258.85
11423.83
1407.15
1295.09
1257.90
11506.80
1341.10
1279.12
1262.19
11493.92
1327.99
1278.16
1278.88
11498.93
1314.88
1281.98
1279.12
11553.05
1297.95
1269.10
1259.80
6489.04
1276.97
1278.88
1251.94
11549.95
1282.93
1263.86
11451.96
1360.89
1262.90
1266.00
11492.01
1333.95
1275.06
1262.19
11498.93
1344.92
1292.94
1270.77
11461.97
1324.89
1280.07
1261.00
11540.89
1292.94
1260.04
12986.18
1292.94
1271.01
11454.11
1350.88
1289.13
1258.13
11472.23
1317.02
1280.78
1258.85
11437.89
1333.95
1272.92
1267.19
11492.01
1327.04
1269.10
1276.02
11539.94
1294.85
1258.85
1266.96
11562.11
1297.00
1275.06
1270.06
11549.00
1298.90
1266.96
11465.07
1338.96
1276.02
1275.06
11486.05
1345.87
1276.02
1285.08
11487.01
1337.05
1284.12
1268.86
11492.97
1321.08
1263.86
1264.81
11559.96
1308.92
1271.01
1255.99
11554.96
1281.02
1286.03
1275.06
1397.13
1276.97
12751.82
1357.08
1288.18
1266.96
11509.90
1350.88
1279.83
1271.96
11498.21
1325.13
1291.04
1259.09
11557.10
1304.86
1287.22
1264.10
11574.03
1294.14
1270.06
11454.82
1403.09
1288.18
1265.05
11479.14
1343.01
1283.88
1271.96
11490.82
1343.97
1299.86
1268.86
11487.01
1323.94
1290.08
1267.91
11475.80
1296.04
1266.00
1281.02
11569.98
1301.05
1274.11
1267.91
11548.04
1304.86
1268.86
11454.11
1330.14
1291.99
1270.06
11497.97
1339.91
1285.79
1291.04
11477.95
1327.99
1266.96
1273.16
11528.97
1317.02
1281.98
1263.14
11578.08
1308.92
1279.12
1259.80
11590.96
1297.95
1267.91
11465.07
1338.01
1271.01
1279.83
11481.05
1333.95
1276.97
1279.12
11488.20
1339.91
1283.88
1268.86
11549.95
1312.02
1265.05
1263.14
11554.00
1288.89
1291.99
1260.04
11554.00
1284.84
1272.92
11454.11
1369.00
1281.02
1275.06
11487.96
1351.12
1265.05
1261.95
11492.97
1343.97
1277.21
1272.92
11492.01
1325.13
1293.18
1260.04
11550.19
1286.98
1291.99
1263.14
11579.99
1289.84
1266.00
1270.06
11552.10
1285.79
1261.95
6424.90
1320.84
1276.97
1255.04
11473.89
1329.90
1268.15
1271.96
11476.99
1312.97
1282.93
1266.00
11466.98
1327.99
1267.19
1261.00
11534.93
1291.04
1262.90
1263.14
10328.05
6495.95
1291.04
1271.01
11466.98
1341.82
1285.08
1261.95
11468.89
1329.90
1269.82
1286.03
11486.05
1323.94
1275.06
1259.80
11487.96
1331.81
1265.05
1248.12
11659.15
1297.00
1263.86
1252.89
11559.96
1288.18
1275.06
1259.09
11543.99
1265.05
1281.02
11479.14
1327.99
1280.07
1265.05
11497.02
1348.97
1278.16
1264.10
11501.07
1330.14
1291.04
1255.99
11532.07
1295.09
1281.02
1257.90
11554.96
1300.10
1284.12
1265.05
11574.03
1290.08
1265.05
11471.03
1363.04
1281.98
1260.04
11475.09
1317.98
1276.97
1261.00
10159.97
6464.96
1325.13
1281.02
1252.89
11484.86
1304.86
1270.06
1250.98
10778.90
1295.80
1270.06
1265.05
11485.82
1318.93
1264.81
1267.91
11466.03
1333.00
1269.10
1252.89
16582.01
1333.00
1286.98
1258.13
11556.15
1319.17
1267.91
1257.90
11578.08
1304.15
1261.00
1256.94
11559.96
1284.12
1280.07
11484.15
1340.87
1270.77
1282.93
11492.97
1342.06
1270.06
1264.10
11494.87
1343.01
1277.92
1255.99
11518.96
1296.04
1285.08
1261.00
11555.19
1279.12
1281.02
1259.80
11569.98
1282.93
1268.15
11475.09
1383.07
1277.92
1254.08
11478.90
1339.91
1276.02
1257.90
11476.99
1321.79
1295.09
1266.96
11498.93
1319.89
1285.08
1282.93
11477.95
1309.87
1261.00
1266.96
11571.88
1290.08
1266.00
1264.10
11563.06
1309.87
1279.83
11468.89
1333.00
1292.94
1273.87
11506.08
1337.05
1268.86
1271.01
11484.15
1338.96
1281.02
1280.07
11523.96
1311.06
1271.96
1267.19
11580.94
1318.93
1269.82
1261.95
11579.04
1298.90
1273.87
11465.07
1347.06
1281.98
1276.02
11482.00
1333.95
1273.87
1277.92
11494.16
1338.01
1270.77
1330.85
6494.05
1300.10
1283.17
1271.01
11552.10
1287.94
1271.01
1259.80
11553.05
1283.17
1269.10
11480.09
1340.15
1279.12
1266.96
11481.05
1333.00
1287.22
1264.10
10204.08
6459.00
1326.80
1276.97
1258.13
11536.12
1295.09
1277.92
1257.90
11549.00
1291.04
1267.91
1258.85
11571.88
1286.98
1263.14
11456.01
1373.05
1278.88
1257.90
11478.90
1323.94
1273.87
1266.00
11476.04
1315.83
1287.94
1273.16
11492.01
1337.05
1271.01
1276.02
11561.16
1294.14
1276.02
1273.87
11575.94
1290.08
1273.16
1264.10
11545.18
1312.02
1276.97
11476.99
1338.96
1299.86
1273.87
11495.83
1333.00
1275.06
1283.88
11510.85
1331.09
1272.92
1280.07
11549.95
1309.87
1266.00
1254.08
11666.06
1303.91
1271.01
11428.12
1366.14
1281.02
1273.16
11501.07
1326.08
1267.91
1272.20
11491.06
1321.08
1276.97
1276.97
11502.98
1340.87
1261.95
1266.96
11563.06
1313.92
1275.06
1258.13
11591.91
1287.94
1273.87
1262.90
11540.17
1277.21
1280.07
11493.92
1341.10
1278.16
1266.00
11500.84
1353.03
1281.98
1255.99
11492.01
1340.87
1271.96
1269.10
10236.02
6480.93
1298.90
1271.01
1267.91
11564.02
1303.20
1270.06
11430.03
1359.94
1280.07
1279.12
11493.21
1321.08
1276.02
1276.97
11521.10
1340.87
1277.92
1258.13
6685.97
1281.98
1273.87
1257.90
11562.82
1281.02
1283.17
1271.96
11574.03
1277.92
1261.00
11483.91
1359.94
1287.94
1256.94
11501.07
1331.09
1308.20
1271.01
10239.84
11578.08
1299.14
1273.16
1268.86
11543.04
1311.06
1263.86
1255.99
11561.16
1294.14
1260.04
11440.99
1370.91
1276.97
1274.11
11482.95
1325.13
1271.01
1301.05
11492.01
1341.82
1271.96
1259.09
11479.14
1319.89
1266.96
1253.13
11547.09
1302.00
1277.92
1261.00
11538.03
1277.21
1281.98
1253.84
11461.02
1281.02
1257.18
1276.97
11550.90
1276.02
1263.14
6392.96
1317.98
1278.88
1261.00
10869.03
1348.02
1274.11
1274.11
1263.14
11579.04
1274.82
1263.86
11451.96
1369.95
1274.82
1267.91
11523.96
1320.84
1286.98
1253.13
11490.11
1322.03
1286.03
1276.97
11487.01
1330.14
1280.07
1275.06
11571.17
1290.08
1270.06
1269.10
11561.16
1305.10
1274.11
11415.00
1388.07
1294.85
1260.04
11466.98
1325.85
1275.06
1270.06
11475.09
1338.96
1270.06
1285.08
11499.17
1340.15
1261.95
1271.01
11525.87
1309.87
1266.96
1259.09
11554.00
1310.11
1265.05
1257.90
11564.02
1296.04
1282.93
11441.95
1359.22
1278.88
1276.02
11498.93
1331.81
1273.87
1268.86
11507.03
1344.92
1279.12
1271.96
11487.96
1324.89
1278.88
1275.06
10321.86
11585.95
1276.97
1261.00
1271.96
11521.82
1302.96
1264.10
11474.13
1334.19
1283.17
1254.08
11485.10
1322.98
1269.10
1286.03
11495.11
1315.83
1271.96
2541.07
1312.02
1275.06
1255.99
11512.99
1300.10
1257.18
1272.92
11571.88
1285.08
1256.94
1268.86
11568.07
1286.03
1272.92
11440.99
1366.14
1300.10
1266.96
11482.00
1321.08
1273.87
1265.05
11478.90
1326.08
1271.01
12913.94
1317.98
1268.86
1276.97
11543.04
1308.92
1263.86
1268.86
11559.96
1290.08
1261.00
11359.93
1387.12
1276.97
1272.92
11469.13
1329.18
1279.12
7730.96
1329.90
1271.96
1257.18
11465.07
1316.07
1297.00
1264.10
11492.01
1304.15
1286.03
1252.89
11554.00
1285.08
1260.04
1274.82
11564.97
1285.79
1271.96
1276.97
11526.11
1297.95
1261.95
11474.85
1328.95
1277.92
1267.91
11470.79
1333.95
1279.83
1276.02
11492.01
1323.94
1258.85
1272.92
11487.01
1327.04
1266.00
1259.09
11552.10
1307.96
1273.87
1262.90
10053.87
6495.00
1307.96
1260.04
1268.15
9781.12
6468.06
1296.04
1254.08
1255.04
11550.19
1289.13
1260.04
1252.89
15444.99
1327.99
1287.94
1272.92
11479.14
1322.03
1292.94
1258.13
11471.99
1323.94
1270.06
1291.99
11487.96
1327.99
1273.87
1266.96
11566.16
1312.97
1268.86
1250.03
11667.97
1298.90
1271.01
10034.08
1377.11
1294.85
1276.02
1277.92
11466.03
1327.99
1266.96
1280.07
11505.84
1344.92
1267.91
1274.82
11486.05
1346.11
1281.02
1276.02
11569.98
1302.96
1269.10
1262.19
10231.97
11569.98
1285.08
1264.81
11436.94
1360.89
1271.96
1253.13
11482.95
1317.02
1294.14
1257.18
11471.03
1321.08
1281.02
1280.07
11476.04
1309.87
1261.95
1266.00
11484.86
1327.99
1267.19
1271.01
6461.14
1273.16
1281.02
1263.86
11554.00
1288.18
1277.92
1251.94
11581.90
1276.97
1259.09
11434.08
1333.95
1271.01
1261.95
16530.04
1335.14
1264.10
1250.03
11487.96
1330.85
1268.86
1252.89
11471.03
1314.16
1290.08
1250.98
11482.00
1305.10
1286.98
1255.04
11540.17
1276.97
1262.90
1286.03
11559.96
1283.88
1302.00
1267.91
4991.05
6459.95
1286.03
1263.14
11463.17
1330.14
1281.02
1268.15
11472.94
1328.95
1281.02
1285.08
11406.18
1307.96
1266.00
1271.01
11476.99
1326.08
1271.01
1266.00
16575.10
1322.98
1267.91
1262.90
11550.90
1307.01
1262.90
1250.03
11548.04
1302.96
1268.86
1262.90
11503.93
1291.99
1292.94
11483.91
1338.96
1271.01
1267.91
11472.94
1342.06
1276.02
1262.90
6407.98
1316.07
1279.12
1273.16
11482.95
1318.93
1285.79
1266.00
11572.12
1297.95
1267.91
1276.02
11554.00
1289.84
1261.00
11410.00
1387.83
1288.89
1265.05
11488.91
1332.04
1287.22
1277.92
11502.98
1333.00
1266.00
1283.17
11506.08
1327.04
1266.00
1276.02
11554.96
1304.86
1266.00
1253.84
11571.88
1313.92
1264.10
1259.09
10054.11
6481.89
1297.95
1266.96
11446.00
1352.07
1291.99
1256.94
11470.08
1319.89
1272.92
1278.88
11473.89
1323.94
1272.20
12679.10
1331.09
1270.06
1265.05
11483.91
1327.99
1280.78
1273.87
11565.92
1307.96
1283.88
1261.00
11565.92
1282.93
1276.97
11358.98
1376.87
1276.97
1255.04
11471.03
1342.06
1271.01
1276.02
11497.02
1343.01
1275.06
1261.00
9820.94
1341.82
1281.98
1273.16
1264.10
11476.04
1327.99
1285.08
1281.98
11436.94
1335.86
1272.92
1285.08
11496.78
1337.05
1274.11
1266.96
11584.04
1306.06
1264.10
1263.14
11572.12
1298.90
1266.96
11440.99
1381.16
1291.99
1279.83
11500.12
1338.01
1271.96
1283.17
11488.91
1337.05
1267.91
1256.94
11504.17
1331.09
1273.16
1249.07
10005.00
11571.88
1302.96
1284.84
1281.98
11552.10
1297.00
1276.97
1253.84
11566.88
1305.82
1276.97
10230.78
1362.09
1281.02
1274.11
1268.86
11482.00
1331.09
1275.06
1280.78
11491.06
1329.18
1263.14
1273.16
11524.92
1323.94
1281.02
1269.10
11568.07
1307.01
1266.00
1259.80
11567.83
1285.08
1278.16
11460.07
1343.97
1285.08
1271.96
11487.01
1350.16
1275.06
1265.05
11484.15
1342.06
1273.87
1266.96
11498.93
1326.80
1286.98
1260.04
11549.00
1301.05
1286.03
1274.82
11564.02
1288.18
7821.08
1331.09
1280.07
1276.02
11478.90
1331.09
1284.12
1274.11
11480.09
1323.94
1271.96
1272.20
11489.87
1317.98
1277.92
1279.12
11543.99
1296.04
1265.05
1272.92
11562.11
1291.99
1265.05
11433.12
1357.08
1297.00
1275.06
11472.94
1317.02
1267.19
4179.00
1297.95
1261.95
11560.92
1282.93
1280.78
1261.00
11553.05
1283.88
1266.00
12845.99
1287.94
1266.96
11489.87
1351.12
1286.03
1284.12
11487.96
1331.09
1281.02
1263.14
11476.99
1317.02
1275.06
1271.01
11526.11
1300.10
1266.96
1281.98
11554.00
1286.03
1263.14
1286.03
11566.16
1300.10
1261.00
9698.87
1353.03
1297.00
1281.98
1258.13
1249.07
11547.09
1285.79
1267.91
1253.84
11534.93
1285.08
12655.02
1398.09
1280.07
1275.06
11496.07
1333.95
1295.09
1263.86
11494.87
1327.99
1279.12
1270.06
11494.16
1335.14
1281.98
1267.91
11501.07
1292.94
1276.97
1272.92
11591.91
1291.99
1269.10
11453.15
1386.17
1291.99
1257.90
11483.91
1346.83
1281.02
1270.06
11483.19
1332.04
1286.03
8383.99
1289.13
1264.10
11504.17
1337.05
1287.94
1271.01
10160.92
6457.81
1322.98
1286.03
1261.00
11475.09
1320.12
1290.08
1259.09
11540.17
1297.00
1286.98
1273.16
11580.94
1286.03
1266.96
1276.02
11550.90
1289.84
1266.96
11483.19
1335.14
1292.94
1262.90
11480.09
1326.80
1268.86
1268.86
11464.83
1331.09
1271.96
3188.85
1301.05
1268.15
11464.12
1332.04
1284.12
1284.12
11303.19
1343.01
1274.11
9356.98
1329.18
1276.97
13371.94
1338.01
1278.88
1291.04
1264.10
1271.01
1268.15
1258.13
1250.98
1260.04
13451.10
1292.94
1272.92
1280.07
1257.90
1258.85
1270.06
1255.04
1247.17
13413.91
1305.10
1276.97
1276.97
1261.00
1258.85
1253.84
1255.04
1257.18
13350.96
1338.96
1273.16
1291.04
1282.93
1257.90
1269.82
1258.85
1245.98
1258.85
13440.85
1297.00
1269.10
1289.84
1258.85
1252.89
1271.01
1266.00
1250.98
13433.93
1300.81
1260.04
1281.02
1256.94
1261.95
1256.94
1257.90
1250.98
13350.96
1340.87
1275.06
1286.03
1258.13
1257.18
1274.11
1261.00
1250.03
1245.98
13419.15
1301.05
1262.90
1272.20
1258.13
1259.09
21485.09
1292.94
1272.20
1276.97
1270.06
1259.80
1275.06
1264.10
1251.94
13372.90
1338.01
1283.88
1277.21
1262.90
1256.94
1263.14
1263.14
1264.10
13360.02
1348.97
1277.92
1276.02
1270.06
1256.94
1261.95
1256.94
1256.94
1246.93
13452.05
1292.94
1267.19
1279.12
1250.03
1248.84
1267.91
1273.16
1266.00
13422.01
1307.96
1271.01
1279.83
1265.05
1256.94
1265.05
1257.90
1247.88
13367.89
1348.97
1272.20
1280.07
1260.04
1258.13
1266.96
1265.05
1261.00
1255.99
13437.03
1286.98
1271.96
1272.92
1265.05
1252.89
1263.86
1261.95
1252.89
13436.08
1304.86
1261.95
1277.92
1266.96
1257.90
1266.00
1263.14
1245.02
12711.05
1349.93
1282.22
1259.09
6438.02
1300.81
1279.12
1261.00
11516.09
1302.00
1281.02
1276.02
11568.07
1287.94
1266.96
1281.02
6480.93
1291.99
1266.96
6371.97
1341.10
1271.96
1286.03
6400.11
1317.02
1286.03
1261.00
4767.89
1344.92
1272.92
1263.14
1269.10
6393.91
1321.08
1274.11
1258.13
6387.00
1316.07
1271.96
1281.02
6390.09
1315.12
1269.10
1252.17
6394.15
1314.16
1280.07
1276.02
6383.18
1311.06
1266.00
1263.86
6528.85
1282.93
1287.94
1268.86
6473.78
1279.12
1261.00
1265.05
6439.92
1271.96
1279.12
6358.15
1352.07
1261.00
1266.00
6405.12
1312.02
1287.94
1270.06
11471.99
1343.97
1295.09
1282.93
11456.01
1322.98
1262.90
1269.10
11546.13
1299.14
1276.97
1261.00
6489.04
1276.97
1285.08
1261.95
6474.97
1285.79
1258.85
6362.92
1333.00
1279.12
1261.95
6392.00
1319.17
1279.12
1258.13
6412.98
1320.12
1276.97
1268.15
6398.20
1321.08
1271.01
1263.86
6402.97
1309.87
1271.96
1255.99
6418.94
1307.01
1269.10
1275.06
6456.14
1300.10
1273.16
1263.14
6468.06
1281.02
1279.83
1271.01
6450.89
1290.08
1260.04
6395.10
1318.93
1291.04
1273.87
6389.86
1321.08
1266.00
1253.13
6384.13
1317.02
1261.95
3419.16
1291.04
1264.81
11438.85
1319.89
1286.98
1281.02
11481.05
1314.16
1267.91
12974.02
1319.17
1266.00
1269.10
6455.18
1290.08
1271.01
1261.95
6458.04
1287.94
1273.16
1285.08
6453.04
1278.88
1264.10
1248.12
1333.00
1271.96
7547.14
1324.18
1285.08
1260.04
6407.02
1317.98
1280.07
1278.16
6396.06
1312.02
1275.06
1271.01
6398.92
1300.81
1255.04
1271.96
6394.86
1312.97
1264.10
1265.05
6392.00
1305.10
1280.07
1268.15
6436.11
1289.13
1260.04
1262.90
1379.97
1256.94
1250.03
1273.87
6446.12
1288.89
1256.94
1266.00
6438.97
1279.83
7782.94
1297.00
1296.04
1258.13
11479.14
1312.97
1283.88
1279.12
11488.91
1318.93
1267.91
1280.07
11451.96
1317.02
1275.06
1284.84
6479.02
1297.00
1276.97
1251.94
6253.00
1296.04
1263.86
1281.98
6459.95
1293.18
1270.06
1255.04
6459.00
1271.96
1273.87
6372.93
1362.80
1284.12
1261.00
6397.01
1317.02
1273.16
1286.03
6405.12
1320.12
1269.82
1260.04
6405.12
1307.01
1276.97
1266.96
6394.86
1333.00
1273.16
1266.00
6465.91
1291.99
1280.07
1270.06
6474.97
1285.08
1258.13
1276.02
6474.02
1282.93
1271.01
6361.01
1360.89
1268.15
1257.18
6417.04
1308.92
1289.13
1271.01
11489.87
1338.01
1285.08
1269.10
11487.01
1319.17
1273.16
12760.88
1322.03
1267.91
1264.10
11550.19
1302.96
1276.97
1262.90
11565.92
1302.96
1266.96
11435.03
1361.13
1276.02
1273.87
11482.95
1348.02
1286.98
2511.02
1305.82
1290.08
1257.90
11476.99
1317.98
1273.16
1291.04
11495.11
1324.18
1266.96
12134.08
1338.96
1279.83
1261.95
11485.82
1321.08
1284.12
1257.18
11469.13
1327.99
1286.98
1261.95
11497.02
1323.94
1286.98
1285.08
11562.11
1296.04
1271.96
1274.11
11581.18
1292.94
1266.96
11436.94
1361.13
1289.13
1264.10
11497.02
1330.85
1284.84
1260.04
11485.10
1347.06
1274.82
1281.98
11498.93
1329.18
1266.96
1278.88
11554.96
1308.20
1260.04
1256.94
11619.09
1305.82
1265.05
11429.07
1385.21
1271.96
1276.97
11478.90
1325.85
1262.90
12812.85
1338.96
1263.86
1261.95
11501.07
1338.96
1276.02
1255.99
11559.01
1300.81
1269.10
1261.95
11559.96
1283.88
1274.82
1253.84
11549.95
1287.94
2613.07
1317.98
1276.97
1261.95
11482.95
1336.10
1262.90
1275.06
11498.93
1331.09
1275.06
1275.06
11472.94
1327.99
1269.10
1259.09
11578.08
1299.14
1263.14
1269.10
11569.02
1287.94
1291.04
11425.97
1390.93
1276.97
1294.14
11503.93
1350.88
1283.88
1262.90
11494.87
1329.90
1266.96
1254.80
11502.03
1329.90
1285.79
1256.94
11558.06
1296.04
1285.79
1270.06
11577.13
1285.08
1287.94
1270.06
11556.86
1277.21
1266.96
11489.87
1348.97
1276.02
1266.00
11495.11
1319.17
1287.94
1266.00
11480.09
1330.14
1277.21
1259.09
11503.93
1266.00
1259.09
1271.01
11542.08
1278.16
1250.03
1255.04
11556.86
1294.14
1260.04
1246.21
11555.91
1283.88
1264.10
11424.06
1343.97
1272.92
1278.88
11461.02
1330.85
1274.82
1279.83
11487.96
1344.20
1268.15
1255.04
11482.00
1331.09
1279.12
1255.99
11545.90
1307.96
1273.16
1257.18
11562.11
1284.12
1279.12
1255.04
11555.91
1269.82
12739.90
1356.12
1266.00
1261.95
11480.09
1327.99
1282.93
1262.90
11483.91
1335.86
1280.78
1265.05
11477.95
1329.90
1269.10
1255.04
11560.20
1297.00
1273.87
12830.02
1289.13
1279.12
1269.10
11554.96
1294.85
1265.05
11482.00
1324.89
1280.07
1255.04
11480.09
1331.09
1268.86
1282.93
11493.21
1332.04
1267.91
2530.10
1304.15
1273.16
1250.03
11499.88
1297.95
1269.82
1277.92
11563.06
1292.94
1262.19
1267.91
11556.86
1296.04
1268.15
1255.99
11556.15
1297.00
1269.10
11479.14
1330.14
1291.04
1270.06
11502.98
1327.04
1269.82
12933.97
1321.79
1271.01
1266.96
11554.96
1311.06
1269.82
1263.86
11568.07
1290.08
1271.01
11420.01
1368.05
1274.82
1277.92
11477.95
1325.85
1278.88
12822.87
1332.04
1275.06
1264.10
11535.88
1318.93
1271.96
1258.13
11574.03
1314.16
1285.08
1263.14
11559.01
1297.95
1274.11
11482.00
1355.89
1271.01
1299.14
11486.05
1338.01
1273.87
1263.86
11504.89
1332.04
1284.12
1265.05
11554.00
1303.91
