1110.08
1112.94
1092.91
1103.16
25154.11
1226.90
1124.86
1098.87
13278.01
1122.00
1097.92
1103.88
1100.06
1135.11
1098.16
25288.11
1144.17
1104.12
13178.11
1188.99
1104.12
1108.17
1106.02
1080.99
1093.15
25151.97
1225.95
1122.00
1095.06
13284.92
1137.97
1100.06
1104.12
1111.03
1093.86
1091.96
25295.02
1147.03
1113.89
13187.17
1206.16
1115.08
1096.01
1096.96
1085.04
1075.98
25141.00
1228.81
1107.93
1091.00
13267.99
1132.97
1101.02
1101.97
1090.05
1083.85
1083.85
25281.91
1167.06
1109.12
13154.03
1210.93
1108.88
1091.00
1101.02
1081.94
1073.12
25110.01
1245.98
1114.13
1106.98
13275.15
1147.03
1121.04
1158.95
1200.91
1104.83
1086.00
25285.01
1137.97
1100.06
13193.13
1204.01
1103.16
1102.92
1101.97
1086.00
1074.08
25137.90
1224.04
1111.03
1099.11
13275.15
1144.89
1099.82
1116.04
1090.05
1075.98
1093.86
25277.85
1151.08
1119.14
13170.00
1215.93
1118.90
1101.02
1112.94
1106.98
1094.10
25166.03
1315.12
1151.08
1105.07
13296.13
1132.97
1111.98
1118.90
1092.91
1089.10
1099.11
25285.96
1136.78
1107.93
13175.01
1188.99
1125.10
1089.10
1105.07
1082.90
1075.03
25151.97
1213.79
1101.97
1084.80
13289.93
1150.13
1109.12
1100.06
1096.01
1101.02
1095.06
25300.03
1142.02
1110.79
13175.01
1197.81
1114.13
1108.88
1112.94
1097.92
1100.06
25172.23
1222.13
1125.10
1109.12
13289.93
1142.02
1116.04
1101.97
1088.86
1088.86
1069.07
25296.93
1135.11
1104.12
13169.05
1191.85
1096.96
1094.82
1091.96
1084.09
1090.05
25151.97
1226.90
1116.99
1096.96
13288.02
1146.08
1096.96
1116.99
1101.97
1101.97
1096.01
25285.01
1150.85
1106.98
13180.97
1213.07
1122.00
1101.97
1101.97
1079.08
1089.10
25141.00
1234.05
1145.12
1129.15
13295.17
1122.95
1090.05
1105.07
1094.82
1098.87
1082.90
25290.97
1140.83
1096.96
13194.08
1215.93
1102.92
1103.16
1105.07
1106.02
1101.02
25196.08
1226.90
1106.98
1113.18
13303.04
1143.93
1111.03
1102.92
1104.12
1081.94
1071.93
25327.92
1142.02
1104.12
13198.14
1225.95
1115.08
1099.11
1094.10
1077.18
1090.05
25174.86
1227.14
1105.07
1099.11
13309.00
1125.10
1096.96
1094.82
1075.03
1070.02
1091.00
25318.15
1130.10
1111.98
14053.82
1142.98
1101.97
1113.89
1091.96
1098.16
25145.05
1281.02
1147.99
1106.98
13272.05
1132.97
1100.06
1111.98
1099.11
1076.94
1073.84
25275.95
1142.98
1106.98
13155.94
1235.01
1102.92
1092.91
1101.97
1075.98
1087.90
25140.05
1228.81
1121.04
1094.10
13266.09
1139.88
1093.86
1098.87
1083.85
1102.92
1101.02
25257.11
1166.11
1143.22
13173.10
1221.18
1119.14
1107.93
1112.94
1092.91
1086.00
25126.93
1239.06
1118.90
1086.95
13268.95
1141.07
1101.02
1101.97
1095.06
1083.14
1075.03
25208.00
1186.13
1107.93
13156.89
1216.89
1112.94
1097.92
1107.22
1106.98
1106.02
1080.99
25268.08
1123.91
1094.82
13222.93
1150.85
1102.92
1112.22
1102.92
1080.99
1109.12
25175.09
1208.07
1111.98
1102.92
13276.82
1127.96
1109.12
1115.80
1088.86
1091.96
1087.19
25288.11
1127.96
1106.02
13186.93
1184.94
1101.97
1096.96
1104.12
1080.99
1075.98
25162.94
1207.83
1106.02
1095.06
13265.85
1136.06
1101.02
1106.02
1090.05
1094.10
1073.12
25284.05
1129.87
1106.02
13169.05
1194.95
1105.79
1084.09
1101.02
1093.15
1080.04
25151.01
1220.94
1116.04
1103.88
13288.02
1143.93
1131.06
1201.87
1116.04
1111.03
1111.98
25299.79
1157.05
1123.19
13197.90
1183.99
1111.98
1105.07
1092.91
1091.00
1077.89
25156.97
1206.87
1103.88
1091.00
13291.12
1143.93
1100.06
1106.02
1104.83
1092.91
1079.08
25285.01
1132.01
1091.00
13172.86
1214.03
1096.96
1093.15
1100.06
1094.10
1093.86
25165.80
1222.13
1122.95
1102.92
13284.92
1129.87
1103.88
1113.89
1101.02
1091.00
1088.14
25308.13
1147.99
1102.92
13175.01
1200.91
1113.89
1105.07
1096.96
1084.09
1084.09
25162.94
1209.02
1104.83
1118.90
13295.89
1128.91
1086.95
1104.12
1086.95
1080.99
1074.08
25267.84
1142.98
1096.01
13172.15
1200.20
1106.02
1085.04
1104.83
1075.98
1086.00
25142.91
1235.01
1112.94
1096.01
13274.91
1145.12
1107.93
1103.88
1111.03
1098.16
1115.08
25285.01
1152.99
1113.89
13175.01
1219.03
1123.19
1099.11
1098.16
1077.89
1086.00
25145.05
1236.92
1104.83
1095.06
13267.99
1127.96
1112.94
1105.07
1078.84
1076.94
1087.90
25276.18
1135.11
1097.92
13156.18
1202.82
1104.83
1086.00
1098.16
1074.08
1070.98
1070.02
25291.92
1197.81
1117.94
13277.05
1139.88
1105.07
1111.03
1093.86
1086.95
1077.18
25272.13
1156.09
1107.93
13177.87
1214.98
1134.87
1101.97
1106.98
1086.00
1075.03
25115.97
1233.10
1106.02
1097.92
13264.18
1140.12
1116.99
1106.98
1098.16
1088.86
1088.86
25208.95
1168.97
1099.11
13148.07
1204.97
1107.93
1094.82
1098.87
1081.94
1080.04
1098.87
25299.07
1142.98
1102.92
13202.91
1183.03
1109.12
1108.88
1108.88
1091.96
1107.93
25196.08
1206.87
1098.87
1106.98
13276.10
1124.86
1113.89
1108.88
1089.10
1100.06
1101.97
25292.16
1128.91
1110.08
13212.92
1158.00
1108.17
1100.06
1096.01
1080.99
1081.94
25156.02
1188.04
1087.90
1074.79
13268.95
1119.85
1087.90
1086.00
1083.14
1075.98
1069.07
25254.01
1132.97
1092.91
13143.06
1201.15
1094.10
1091.00
1101.97
1073.12
1069.07
1065.02
25257.11
1110.08
1082.90
13197.18
1152.99
1086.00
1082.90
1087.19
1072.88
1075.98
25160.07
1205.92
1106.02
1091.96
13269.90
1122.95
1082.90
1101.97
1085.04
1071.93
1072.17
25269.03
1137.02
1101.02
13163.09
1205.92
1107.93
1094.10
1098.16
1077.89
1071.93
25124.79
1224.99
1107.93
1089.10
13254.88
1132.97
1096.01
1105.07
1091.96
1086.00
1078.13
25169.85
1204.97
1110.08
1101.97
13261.08
1120.09
1093.86
1104.83
1082.90
1082.90
1075.98
25269.03
1114.13
1087.19
13159.99
1191.85
1111.98
1099.11
1111.98
1080.99
1074.08
25146.96
1212.84
1100.06
1096.01
13262.99
1116.99
1096.96
1106.98
1094.10
1080.04
1083.85
25269.99
1131.06
1093.86
13157.84
1212.12
1109.12
1084.09
1098.16
1084.09
1080.99
25084.97
1240.97
1100.06
1093.15
13237.00
1138.93
1097.92
1091.00
1077.89
1080.99
1065.97
25153.88
1199.01
1106.98
1085.04
13270.14
1118.18
1096.96
1091.96
1086.00
1081.94
1078.84
25269.99
1129.15
1090.05
13158.08
1198.05
1096.01
1084.80
1100.06
1075.98
1075.03
25130.03
1229.05
1106.98
1088.14
13245.11
1137.02
1086.95
1102.92
1086.00
1075.98
1074.08
25151.01
1199.01
1104.12
1085.04
13264.89
1111.03
1088.14
1099.11
1085.04
1075.98
1067.88
25266.89
1117.94
1091.96
13158.08
1185.18
1096.01
1080.04
1100.06
1083.14
1085.04
25144.10
1217.84
1100.06
1086.95
13248.92
1127.96
1091.96
1101.02
1087.19
1079.08
1080.99
25166.03
1193.05
1093.86
1092.91
13238.91
1116.04
1089.10
1091.96
1086.00
1071.93
1075.98
25266.17
1116.04
1083.14
13159.04
1203.06
1110.08
1087.19
1100.06
1070.98
1080.04
25142.91
1229.05
1109.12
1096.96
13268.95
1132.97
1102.92
1106.02
1086.00
1080.04
1080.99
25254.01
1142.02
1091.96
13151.88
1200.91
1110.08
1097.92
1097.92
1088.86
1080.04
1080.99
25252.10
1124.86
1092.91
13190.03
1168.97
1092.91
1086.00
1103.88
1081.94
1077.89
25157.93
1199.96
1108.17
1079.08
13277.05
1116.99
1106.02
1099.82
1095.06
1091.00
1078.84
25266.89
1141.07
1101.97
13161.90
1199.96
1105.07
1091.96
1106.98
1083.14
1085.04
25141.95
1222.13
1102.92
1095.06
13262.03
1135.11
1093.15
1101.97
1087.90
1090.05
1077.89
25256.87
1144.89
1101.02
13149.98
1209.97
1104.83
1088.86
1096.01
1082.18
1081.94
1071.93
25262.12
1112.94
1078.13
13172.15
1193.05
1097.92
1085.04
1101.02
1075.03
1075.98
25169.13
1206.87
1108.88
1093.86
13274.91
1119.85
1094.82
1089.10
1078.13
1086.00
1070.02
25280.00
1133.20
1099.11
13165.00
1208.07
1102.92
1095.06
1106.02
1087.19
1081.94
25137.90
1220.94
1106.02
1096.01
13254.17
1120.09
1095.06
1089.10
1076.94
1077.18
1074.08
25173.90
1193.05
1110.08
1089.10
13265.13
1110.08
1086.00
1096.96
1077.89
1076.94
1070.98
25273.08
1127.00
1091.00
13165.95
1188.99
1111.98
1093.86
1096.96
1083.14
1075.98
25136.95
1210.93
1099.11
1097.20
13256.07
1126.05
1082.18
1086.95
1086.95
1080.04
1083.85
25233.03
1134.16
1105.07
13133.05
1204.97
1108.88
1089.81
1089.10
1081.94
1072.88
1074.79
25280.00
1123.91
1089.81
13154.03
1183.99
1095.06
1084.09
1099.11
1078.13
1075.98
25135.99
1226.90
1106.98
1094.10
13262.99
1124.86
1096.01
1102.21
1096.01
1088.14
1069.07
25252.82
1137.97
1098.87
13144.02
1210.21
1104.12
1088.14
1094.10
1084.09
1079.08
1070.98
25274.99
1110.08
1086.00
13197.90
1171.11
1095.06
1097.20
1113.89
1080.99
1079.08
25162.22
1199.01
1104.83
1086.00
13278.01
1129.15
1087.90
1088.86
1086.00
1073.12
1080.04
25269.03
1127.00
1088.14
13147.12
1203.06
1116.04
1099.11
1103.88
1082.90
1091.96
25140.05
1227.14
1111.98
1106.02
13262.99
1132.01
1101.02
1100.06
1089.10
1076.94
1077.89
25242.81
1152.04
1097.92
13154.98
1208.07
1101.97
1100.06
1106.98
1085.04
1088.14
1076.94
25269.99
1120.09
1098.87
13214.83
1167.06
1114.13
1096.96
1092.91
1083.85
1082.90
25158.88
1199.96
1108.88
1087.90
13275.86
1122.00
1092.20
1105.07
1094.10
1075.98
1076.94
25268.08
1128.91
1101.97
13165.95
1188.99
1109.12
1088.14
1101.97
1077.89
1071.93
25135.04
1224.99
1116.04
1101.02
13274.91
1134.87
1091.96
1101.02
1087.90
1078.84
1068.83
25259.97
1142.98
1102.92
13157.84
1215.93
1105.07
1088.14
1103.88
1081.94
1079.80
1085.04
25266.17
1126.05
1099.11
13232.95
1137.97
1101.97
1095.06
1091.96
1081.94
1073.12
25160.07
1212.84
1101.97
1100.78
13268.95
1119.85
1091.96
1097.20
1089.10
1080.99
1079.80
25276.90
1138.93
1096.96
13168.81
1201.15
1102.92
1096.01
1101.97
1086.00
1082.18
25144.10
1227.14
1123.19
1091.96
13269.90
1133.92
1096.96
1104.12
1094.82
1080.99
1075.98
25264.02
1144.89
1103.88
13154.98
1202.82
1117.94
1094.82
1106.98
1086.95
1081.94
25127.17
1230.96
1120.09
1102.92
13273.00
1131.06
1096.01
1104.83
1098.87
1080.04
1080.04
25221.11
1162.77
1106.02
13143.06
1209.02
1117.94
1095.06
1103.88
1080.99
1090.05
1088.86
25291.92
1127.00
1100.06
13182.16
1172.78
1100.06
1097.92
1102.92
1080.04
1090.05
25160.07
1212.84
1112.94
1094.82
13264.89
1122.00
1098.87
1114.85
1092.91
1080.04
1074.08
25269.99
1131.06
1099.82
13161.90
1195.91
1106.98
1108.88
1109.84
1081.94
1080.04
25141.95
1218.08
1102.92
1102.92
13263.94
1127.96
1091.96
1100.06
1088.14
1086.95
1091.96
25262.83
1147.03
1101.02
13140.92
1199.01
1115.08
1094.82
1107.93
1088.14
1089.10
25110.96
1238.82
1111.98
1100.06
13258.93
1140.12
1096.96
1095.06
1084.09
1077.18
1081.94
25152.92
1204.97
1109.84
1086.95
13265.85
1118.90
1096.01
1103.88
1081.94
1074.08
1067.88
25270.94
1135.11
1098.16
13160.94
1188.04
1097.92
1088.14
1111.03
1091.96
1079.08
25147.91
1212.12
1108.88
1088.86
13255.83
1134.16
1091.96
1094.10
1084.09
1080.99
1070.98
25252.10
1139.88
1096.01
13131.14
1195.19
1110.08
1092.20
1094.10
1080.04
1077.18
1081.94
25278.81
1116.04
1093.15
13165.95
1178.98
1092.91
1091.96
1101.02
1081.94
1080.99
25130.99
1223.09
1110.08
1088.14
13270.14
1118.18
1088.86
1106.02
1083.14
1083.14
1075.03
25266.89
1138.93
1090.05
13169.05
1205.92
1096.96
1086.00
1103.88
1082.90
1080.99
25106.19
1240.97
1110.08
1097.20
13268.95
1139.16
1097.92
1102.92
1088.86
1086.00
1076.94
25164.84
1207.11
1099.82
1099.82
13254.88
1115.08
1091.96
1099.11
1092.91
1080.04
1074.08
25267.12
1127.96
1101.97
13167.14
1193.05
1108.88
1086.95
1100.06
1087.90
1082.18
25144.10
1210.93
1106.98
1091.00
13267.04
1119.85
1092.91
1093.86
1086.00
1074.08
1078.13
25274.04
1132.01
1088.14
13163.09
1203.06
1096.01
1088.86
1101.02
1086.00
1078.84
1071.93
25258.78
1110.08
1094.10
13195.04
1173.02
1092.20
1093.15
1096.96
1079.08
1082.90
25162.22
1196.86
1106.98
1085.04
13259.89
1114.85
1081.94
1091.96
1085.04
1073.84
1066.92
25267.84
1128.91
1093.86
13148.07
1207.11
1091.96
1086.95
1099.82
1070.02
1075.98
1071.93
21292.92
1117.94
1093.15
1098.16
1080.99
1083.85
1081.94
25284.05
1127.00
1093.15
1105.07
1086.00
1076.94
1079.80
29298.07
1128.20
1096.96
1098.16
1085.04
1077.89
1068.83
25280.95
1137.02
1091.96
13161.90
1204.01
1106.98
1089.10
1103.88
1086.95
1089.10
25121.93
1235.01
1119.85
1100.06
13255.12
1135.11
1089.10
1090.05
1088.86
1073.84
1077.89
25166.99
1199.96
1103.16
1085.04
13259.89
1118.90
1098.16
1106.98
1084.80
1073.12
1072.88
25269.03
1129.15
1086.95
13161.90
1194.00
1092.91
1094.82
1091.00
1083.14
1078.13
25132.18
1219.99
1118.18
1105.07
13263.94
1122.95
1096.01
1097.20
1091.96
1077.89
1083.85
25270.94
1142.02
1100.06
13148.07
1194.95
1106.98
1099.11
1106.98
1088.86
1088.86
25112.87
1232.86
1113.89
1086.00
13250.11
1144.17
1101.02
1101.02
1096.01
1087.19
1074.08
25149.11
1206.87
1118.18
1091.96
13258.93
1116.04
1096.96
1104.83
1085.04
1080.99
1077.18
25270.94
1134.87
1098.87
13170.96
1194.00
1105.07
1094.82
1101.97
1084.80
1078.84
25148.87
1214.98
1108.88
1097.92
13267.99
1132.01
1107.93
1092.20
1089.10
1078.13
1078.13
25259.97
1141.07
1093.15
13143.06
1190.90
1102.92
1099.82
1097.92
1086.00
1085.04
1077.18
25264.02
1116.04
1094.82
13237.00
1140.83
1097.92
1094.82
1092.91
1076.94
1075.03
25148.87
1199.96
1102.92
1101.02
13279.91
1122.95
1106.02
1100.06
1090.05
1086.24
1077.89
25285.96
1132.97
1089.81
13171.91
1188.04
1109.12
1086.00
1106.98
1094.10
1078.13
25150.06
1215.93
1105.07
1088.86
13263.94
1127.00
1099.11
1094.10
1090.05
1080.04
1071.21
25275.95
1132.01
1101.02
13145.92
1197.10
1111.98
1092.91
1098.87
1086.00
1076.94
1079.08
25271.89
1136.06
1109.12
13255.12
1154.90
1094.82
1101.02
1094.10
1080.04
1072.88
25166.03
1199.01
1098.87
1077.89
13248.92
1109.84
1081.94
1096.96
1093.15
1079.08
1075.03
25280.95
1128.91
1097.20
13167.14
1188.04
1099.82
1091.96
1092.20
1080.04
1071.21
25137.90
1218.08
1113.18
1096.01
13285.88
1125.81
1085.04
1104.12
1091.96
1081.94
1077.89
25251.15
1145.12
1103.16
13159.04
1204.01
1117.94
1090.05
1095.06
1072.17
1080.99
1079.08
25272.85
1120.09
1101.02
13178.11
1173.02
1106.02
1098.87
1115.08
1088.14
1075.98
25158.88
1203.06
1111.98
1095.06
13267.04
1111.98
1093.15
1096.96
1085.04
1075.98
1076.94
25269.99
1144.89
1091.96
13159.04
1197.10
1118.18
1100.06
1099.11
1081.94
1075.98
25135.04
1221.90
1109.84
1090.05
13265.13
1133.92
1094.10
1096.01
1098.87
1081.23
1085.04
25248.05
1139.88
1096.96
13140.92
1209.02
1109.12
1085.04
1101.02
1091.00
1086.00
1079.80
25280.95
1129.87
1092.91
13175.01
1168.97
1101.02
1093.15
1106.98
1078.84
1070.02
25158.88
1208.07
1107.93
1089.10
13270.14
1123.91
1088.14
1101.02
1094.82
1083.85
1076.94
25264.98
1138.21
1097.92
13151.88
1203.06
1105.07
1091.00
1101.02
1090.05
1084.09
25128.13
1230.00
1110.08
1084.09
13261.08
1134.87
1107.93
1097.92
1088.14
1081.94
1081.94
25237.08
1154.90
1106.02
13149.98
1211.17
1111.03
1092.20
1106.02
1082.18
1083.14
1080.04
25283.10
1122.95
1096.01
13177.16
1176.83
1092.91
1095.06
1112.94
1080.04
1082.90
25162.94
1209.97
1106.02
1080.04
13266.80
1120.09
1090.05
1102.92
1088.14
1077.89
1082.90
25269.99
1133.92
1096.96
13171.91
1179.93
1098.87
1082.90
1109.84
1085.04
1080.04
25120.97
1229.05
1114.85
1088.86
13263.94
1124.86
1092.91
1099.82
1090.05
1075.03
1074.08
25161.98
1190.90
1105.07
1087.19
13243.91
1106.02
1088.86
1108.17
1090.05
1073.84
1070.02
25259.02
1120.81
1099.11
13159.99
1188.04
1109.12
1087.90
1093.86
1080.99
1092.20
25135.04
1216.89
1108.88
1101.97
13274.19
1119.14
1088.14
1096.01
1083.14
1075.03
1071.93
25244.00
1153.95
1098.87
13138.06
1200.91
1103.88
1086.95
1098.16
1079.08
1075.98
1074.08
25274.04
1118.90
1098.87
13161.90
1183.03
1099.11
1091.00
1093.86
1071.93
1068.83
25158.88
1215.93
1104.12
1091.00
13288.97
1130.10
1093.15
1097.92
1075.98
1073.12
1083.85
25260.93
1130.10
1099.82
13154.98
1200.91
1118.90
1096.01
1112.94
1085.04
1080.99
25130.03
1228.09
1109.84
1101.02
13262.99
1119.14
1091.96
1103.88
1087.90
1082.90
1077.89
25173.90
1204.01
1106.02
13123.99
1221.90
1103.88
1092.91
1110.08
1091.96
1076.94
1087.19
25275.95
1133.92
1102.92
13170.00
1188.99
1096.01
1089.81
1094.82
1088.86
1082.90
25146.96
1213.79
1105.07
1095.06
13278.01
1122.00
1097.92
1111.03
1093.15
1074.08
1082.90
25274.04
1139.16
1097.92
13159.04
1205.92
1106.98
1101.02
1103.16
1081.94
1080.99
25134.09
1229.05
1115.08
1095.06
13252.02
1134.87
1096.01
1097.20
1091.00
1087.90
1073.12
25235.18
1166.11
1104.12
13147.12
1214.98
1109.12
1090.05
1102.92
1090.05
1079.08
1067.88
29294.01
1136.06
1101.02
1099.11
1090.05
1083.14
1080.04
25297.88
1126.05
1103.16
13170.00
1199.01
1105.07
1089.81
1091.00
1094.10
1083.14
25146.01
1223.09
1115.08
1096.01
13291.84
1126.05
1098.87
1096.96
1086.95
1077.89
1074.79
29356.00
1137.97
1101.02
1101.02
1093.15
1084.09
1080.99
17278.91
1144.89
1097.92
1092.91
1094.10
1088.14
1080.99
29296.88
1167.06
1102.92
1098.87
1090.05
1086.95
1076.94
25257.11
1163.96
1100.06
13157.84
1210.93
1111.98
1093.86
1097.92
1079.08
1075.98
1075.98
25285.96
1126.05
1103.88
13222.93
1158.95
1102.92
1103.88
1091.00
1084.09
1076.94
25150.06
1211.17
1110.08
1095.06
13274.91
1126.77
1101.97
1107.93
1094.10
1078.84
1078.84
25285.01
1132.01
1102.92
13172.86
1191.85
1109.12
1091.96
1103.88
1087.90
1088.86
25151.97
1224.99
1122.00
1100.06
13278.01
1124.86
1102.92
1098.16
1093.15
1077.18
1075.98
25267.84
1142.98
1108.88
13160.94
1200.91
1113.89
1094.10
1100.06
1082.90
1071.93
25133.85
1224.04
1115.08
1099.82
13267.99
1136.78
1096.01
1099.11
1091.96
1080.99
1075.98
25245.90
1157.05
1101.97
13139.96
1215.93
1109.12
1098.87
1097.92
1078.84
1080.04
1077.89
25273.08
1118.18
1091.96
13176.92
1190.90
1108.88
1093.86
1105.07
1090.05
1081.23
25162.94
1204.97
1110.08
1091.96
13269.90
1128.91
1095.06
1098.87
1099.82
1093.86
1093.15
25303.13
1130.82
1095.06
13174.06
1185.89
1103.88
1094.10
1097.92
1083.85
1087.90
25158.17
1220.94
1121.04
1092.91
13283.97
1125.10
1090.05
1096.01
1100.06
1081.94
1070.98
25274.04
1147.03
1098.16
13156.89
1197.10
1105.07
1098.87
1099.82
1096.01
1085.04
25135.99
1228.09
1111.98
1099.11
13262.03
1131.06
1106.02
1102.21
1099.11
1078.13
1080.99
25218.01
1164.91
1100.06
13140.20
1211.88
1115.80
1093.86
17247.92
1134.87
1102.92
9122.85
1183.03
1110.08
1082.18
13239.15
1132.97
1101.97
1101.02
1094.82
1078.84
1070.98
25151.97
1201.15
1107.93
1091.00
13258.93
1115.08
1099.11
1105.07
1087.19
1085.04
1079.08
25280.00
1126.05
1097.92
13171.91
1193.05
1111.98
1094.10
1100.06
1078.13
1075.03
25150.06
1223.80
1106.02
1099.11
13265.13
1119.14
1107.93
1101.97
1096.96
1084.80
1078.84
25264.98
1140.83
1101.97
13174.06
1214.03
1110.08
1093.86
1111.03
1088.14
1091.96
25134.80
1240.02
1106.98
1102.21
13278.01
1127.96
1109.12
1101.97
1086.95
1075.03
1075.98
25254.01
1156.09
1101.97
13154.03
1214.03
1108.88
1088.86
1101.02
1083.14
1083.14
1073.12
25267.12
1132.01
1093.86
13192.89
1166.11
1104.12
1096.01
1107.93
1084.09
1085.04
25157.93
