1181.84
1158.95
1428.13
1080.99
1088.14
1097.20
1086.95
1094.82
1089.81
1086.00
25161.98
1092.91
1081.94
1074.08
1080.04
1060.01
1065.02
29174.09
1096.01
1075.03
1061.92
1076.94
1082.18
1063.11
25105.00
1172.07
1140.83
1137.02
1060.96
1056.91
1065.02
1070.98
1080.99
1082.90
1068.12
25109.05
1111.98
1065.97
1066.92
1083.85
1065.97
1046.90
1039.03
1080.04
1075.98
1084.09
25137.19
1122.00
1081.94
1077.18
1060.01
1076.22
1075.03
1075.03
1074.08
1074.08
1064.06
29083.97
1146.08
1126.05
1084.80
1111.98
1099.11
1088.14
1087.90
17163.99
1085.04
1060.96
1064.06
1065.97
1056.91
1055.96
29157.88
1106.98
1103.16
1091.00
1042.84
1051.90
1047.13
25085.93
1142.98
1089.81
1080.99
1084.09
1084.09
1093.15
1089.10
25197.98
1110.08
1087.90
1092.20
1101.97
1079.80
1073.84
25198.94
1116.04
1098.87
1114.85
1091.00
1087.90
1077.89
29160.02
1096.01
1060.96
1068.12
1060.01
1074.08
1050.00
25076.15
1137.02
1083.14
1070.98
1052.86
1044.99
1047.13
1049.04
17174.96
1072.88
1050.00
9515.05
1106.02
1071.93
1086.95
1080.04
1061.92
1064.06
1075.98
1070.02
1078.84
1072.88
25132.89
1130.82
1073.84
1074.08
1056.91
1075.03
1071.93
1066.92
1092.91
1083.14
1064.06
25120.02
1137.97
1091.96
1084.80
1075.03
1044.03
1038.07
1043.08
1037.12
1090.05
1096.01
25125.03
1111.03
1060.96
1056.19
1062.87
1086.95
1092.20
1104.12
25181.06
1113.18
1101.97
1094.10
1104.12
1083.14
1089.10
25179.86
1104.83
1080.04
1075.03
1114.13
1104.12
1102.92
29129.03
1110.08
1080.04
1072.88
1102.21
1085.04
1069.07
1081.94
1098.87
1106.98
1091.00
1087.90
1084.09
1080.04
1078.84
18859.86
1107.93
1102.92
1085.04
1086.00
1091.00
1091.00
1074.08
1084.09
25125.98
1142.02
1080.04
1072.17
1108.17
1100.06
1070.98
1087.19
1086.00
1096.96
1081.94
25120.02
1111.03
1064.06
1050.95
1083.85
1080.99
1080.04
21125.08
1169.92
1126.05
1116.99
1111.98
1098.16
1097.92
1098.16
37153.01
1067.88
1053.81
1062.87
1088.86
1108.88
1081.23
25188.92
1111.98
1107.93
1095.06
1092.91
1091.00
1086.95
17129.90
1143.93
1080.99
1080.04
1039.98
1096.01
1085.04
25094.99
1122.00
1071.21
1075.03
1069.07
1041.17
1044.03
1043.08
29179.10
1104.12
1076.94
1086.00
1083.14
1086.00
1080.99
25125.03
1102.92
1055.96
1051.19
1050.95
1091.00
1084.09
1080.99
29164.08
1073.84
1065.97
1074.08
1078.13
1063.11
1060.96
25149.11
1067.16
1049.04
1044.99
1050.00
1046.90
1042.84
25081.87
1144.89
1102.92
1091.96
1091.96
1035.93
1037.12
1036.17
25180.10
1095.06
1073.12
1080.99
1082.90
1075.03
1065.02
21121.98
1098.87
1060.01
1054.05
1059.06
1064.06
1057.15
1079.08
1093.15
1050.00
1047.13
25071.14
1105.07
1085.04
1067.16
1067.16
1066.92
1022.82
1045.94
1056.19
1048.09
1058.10
1034.98
29187.20
1096.01
1090.05
1080.99
1044.03
1045.94
1042.84
25135.99
1057.15
1038.07
1035.93
1050.95
1038.07
1058.82
1051.90
25177.00
1106.02
1089.10
1081.94
1035.93
1047.13
25658.13
1167.06
1101.97
1102.92
1095.06
1078.84
1074.08
1079.08
25178.91
1082.90
1070.02
1060.96
1051.90
1036.17
1039.03
1039.03
1038.07
1034.98
1040.94
25146.96
1063.82
1047.85
1039.98
1071.93
1063.82
1050.00
1055.96
1070.98
1059.06
1061.20
25096.89
1142.02
1116.99
1099.82
1117.94
1110.08
1105.79
25138.85
1101.02
1053.09
1037.12
1044.03
1075.03
1074.08
1069.07
25157.21
1070.02
1069.07
1055.96
1053.09
1048.09
1048.09
25084.02
1080.99
1048.09
1044.03
1047.13
1075.03
1074.08
1069.07
1074.08
1061.92
1065.02
25105.00
1127.96
1084.09
1077.18
1072.88
1060.01
1059.06
1065.02
1065.97
1053.09
1054.05
1053.09
25184.15
1108.17
1106.02
1124.14
1107.93
1101.02
1105.07
25213.00
1119.85
1111.98
1121.04
1173.02
1104.12
1095.06
33193.83
1094.82
1071.93
1074.08
1068.83
1056.91
1061.20
25110.01
1125.81
1096.01
1080.04
1095.06
1066.21
1065.97
21093.13
1112.94
1077.18
1070.02
1086.00
1081.94
1065.97
1065.97
1069.07
1086.00
1096.96
25131.94
1132.01
1096.01
1070.02
1063.11
1111.03
1093.15
1087.90
1101.02
1089.10
1089.10
25133.13
1143.22
1096.01
1108.17
1101.02
1086.95
1081.94
1074.79
25167.94
1083.14
1058.10
1068.12
1061.92
1058.82
1060.01
25130.03
1075.03
1051.90
1044.03
1082.90
1100.78
1096.01
25120.97
1117.94
1084.09
1064.78
1077.89
1063.82
1055.00
1064.06
21177.05
1062.15
1040.94
1038.07
1072.88
1073.12
1080.04
1086.00
1081.94
1077.89
1071.21
25177.96
1096.01
1078.84
1086.00
1074.08
1080.04
1075.03
1067.16
1034.02
1034.98
1034.98
33097.98
1116.99
1096.01
1079.80
1081.94
1075.03
1071.93
25109.05
1134.87
1096.96
1079.08
1096.01
1078.84
1077.89
1073.12
25177.00
1094.82
1074.08
1057.86
1066.92
1075.98
1074.08
25159.12
1094.10
1072.88
1060.96
1080.99
1066.92
1060.96
1058.10
1058.10
1070.02
1065.02
25112.87
1132.01
1080.04
1063.11
1079.08
1086.00
1082.90
1094.82
1081.94
1077.18
1071.93
25113.82
1096.01
1046.18
1035.93
1068.12
1094.10
1096.96
1101.97
25133.13
1058.10
1044.03
1053.09
1046.18
1044.03
1043.08
25090.93
1080.04
1050.95
1041.89
1050.00
1042.84
1039.98
1043.08
25159.12
1070.98
1059.06
1060.01
1058.10
1050.95
1040.94
25102.85
1122.00
1083.14
1091.00
1079.08
1073.12
1075.03
21109.82
1138.93
1111.98
1104.12
1095.06
1091.00
1088.14
1080.99
37191.15
1106.02
1081.23
1084.09
1077.89
1076.94
1072.17
25206.09
1147.03
1127.00
1116.99
1095.06
1086.95
1080.99
17158.03
1070.98
1046.90
1042.84
1060.96
1063.11
1065.97
33091.78
1152.99
1100.78
1095.06
1079.08
1092.91
1091.00
1083.85
21227.84
1122.95
1106.02
1091.00
1091.96
1085.04
1075.98
1096.96
1075.98
1082.90
1073.84
25180.82
1101.97
1084.09
1083.14
1047.13
1045.94
1032.83
1048.09
1039.98
1038.07
1036.17
29179.10
1086.95
1073.84
1073.84
1054.05
1053.09
1044.03
29101.13
1094.10
1050.95
1043.08
1046.90
1060.01
1058.82
1057.86
25177.00
1090.05
1074.08
1067.16
1065.97
1068.83
1064.06
25118.11
1137.97
1093.86
1097.92
1103.16
1091.96
1094.82
25133.85
1100.06
1060.01
1049.04
1056.91
1055.00
1042.13
1041.89
1055.00
1068.12
1075.03
1065.97
25172.00
1106.98
1087.90
1101.02
1063.82
1072.88
1067.88
17169.95
1108.17
1105.07
1097.92
1093.86
1091.00
1086.95
25173.90
1118.90
1092.91
1090.05
1098.87
1092.20
1091.00
25125.03
1091.00
1043.08
1039.98
1051.90
1034.98
1044.99
1036.17
25155.07
1065.97
1054.05
1055.00
1048.09
1049.04
1037.84
17099.86
1125.81
1071.93
1066.92
1068.12
1102.92
1106.98
1104.12
17199.04
1104.12
1092.20
1092.91
1114.85
1116.04
1111.98
21247.15
1132.01
1117.23
1118.90
1123.91
1121.04
1114.85
17183.78
1075.03
1063.11
1054.05
1073.84
1081.94
1088.14
25155.07
1065.02
1044.03
1038.07
1050.00
1047.13
1050.00
1050.95
33154.96
1075.03
1066.92
1065.02
1092.91
1106.02
1111.98
29223.20
1110.08
1090.05
1100.06
1093.15
1094.10
1095.06
21199.94
1114.13
1111.98
1099.11
1064.06
1072.17
1079.08
29125.93
1132.01
1086.00
1082.90
1090.05
1086.00
1079.08
1084.09
25156.02
1090.05
1083.14
1084.09
1087.19
1081.94
1073.84
25173.90
1091.00
1077.89
1073.84
1075.98
1076.94
1070.98
25112.15
1191.14
1138.93
1137.02
1147.03
1140.12
1131.06
29160.98
1137.97
1090.05
1106.98
1105.07
1101.02
1094.10
25148.15
1152.99
1116.99
1096.96
1093.86
1099.11
1084.09
29140.00
1156.09
1102.92
1101.02
1106.02
1099.11
1105.07
1095.06
25162.94
1066.92
1052.14
1056.91
1049.04
1047.13
1042.84
25104.05
1127.96
1098.87
1080.99
1072.88
1050.95
1054.05
1053.09
1180.17
1107.93
1091.96
1093.15
1091.00
1096.01
1087.90
21209.00
1117.94
1108.88
1091.00
1103.88
1093.86
1100.06
1116.99
1096.96
1101.02
25128.84
1165.87
1102.92
1103.88
1104.12
1094.10
1098.16
1089.10
1090.05
1084.09
1071.93
29114.96
1120.09
1063.11
1057.15
1050.00
1043.08
1041.17
1038.07
25193.93
1132.97
1117.94
1116.04
1116.99
1111.03
1094.10
21198.03
1067.88
1057.86
1055.96
1134.16
1152.99
1150.85
25167.94
1121.04
1096.96
1086.95
1119.85
1104.83
1099.82
21141.05
1101.97
1058.82
1050.00
1057.15
1052.14
1046.90
1044.03
1081.94
1082.90
1081.23
25124.07
1112.94
1054.05
1044.99
1048.09
1064.06
1058.82
1036.88
1088.14
1122.95
1127.00
33137.08
1202.11
1146.08
1149.18
1097.92
1068.83
1067.88
1078.84
25225.88
1144.89
1134.16
1152.04
1126.05
1131.06
1128.91
25230.17
1143.93
1135.83
1142.02
1132.97
1138.93
1120.09
25185.11
1109.12
1097.92
1099.11
1144.17
1158.95
1146.79
1157.05
1147.03
1142.02
25177.96
1111.03
1088.86
1088.86
1099.82
1104.83
1113.89
1090.05
1060.01
1060.01
1064.06
25151.97
1122.95
1087.90
1083.85
1091.00
1086.00
1077.18
33138.04
1095.06
1047.85
1045.94
1048.09
1080.99
1075.03
1075.98
25187.02
1105.79
1092.91
1099.82
1094.82
1088.86
1091.00
25197.98
1111.98
1094.10
1101.02
1098.16
1095.06
1096.01
21157.03
1101.02
1078.13
1071.93
1082.18
1076.94
1071.93
1065.02
1041.89
1048.80
1042.84
25094.99
1164.20
1136.06
1110.08
1115.08
1080.04
1080.99
1090.05
1081.94
1082.90
1072.88
29133.08
1122.95
1088.14
1071.93
1082.90
1073.84
1071.93
25111.20
1141.07
1090.05
1083.14
1066.92
1094.82
1087.90
1097.92
25173.19
1070.02
1055.96
1051.90
1047.85
1050.00
1043.08
25104.05
1185.18
1147.03
1153.95
1043.08
1054.05
1060.01
25104.05
1158.95
1118.90
1112.94
1069.07
1050.95
1060.96
1052.14
1054.05
1054.05
1053.09
25097.13
1116.99
1075.03
1061.92
1071.93
1064.78
1059.06
1058.10
1098.87
1060.96
1063.11
1061.20
25173.90
1098.87
1089.81
1085.04
1077.89
1080.99
1073.12
25228.02
1145.12
1122.00
1125.81
1057.86
1062.87
1068.83
25177.00
1131.06
1109.12
1108.88
1106.02
1097.92
1097.92
25151.97
1168.97
1132.01
1115.08
1116.99
1109.84
1108.88
25149.82
1143.93
1108.88
1102.21
1112.94
1101.02
1099.82
25135.99
1159.19
1102.92
1103.16
1116.99
1098.87
1104.12
1096.96
25163.89
1072.88
1054.05
1053.09
1091.00
1101.97
1095.06
25221.82
1115.80
1102.92
1078.84
1084.80
1103.88
1092.91
1108.17
1107.93
1097.92
1087.90
25201.08
1105.07
1089.81
1093.86
1096.01
1088.86
1092.91
1083.85
1105.79
1122.00
25156.02
1129.87
1076.94
1070.98
1071.93
1072.17
1070.98
1072.88
25185.11
1132.01
1107.93
1101.97
1098.87
1100.06
1092.91
33215.05
1141.07
1144.89
1122.00
1084.09
1099.11
1101.97
25186.06
1148.94
1127.96
1137.02
1124.14
1126.05
1133.92
21203.99
1079.08
1063.11
1063.11
1076.94
1073.84
1064.06
1054.05
1054.05
1065.97
1059.06
25111.91
1096.96
1052.14
1043.08
1053.09
1069.07
1070.02
1069.07
1077.18
1065.97
1067.16
29111.15
1183.03
1150.13
1130.10
1115.08
1072.88
1079.08
25101.90
1209.97
1145.12
1127.00
1127.00
1129.87
1122.95
25155.07
1179.22
1146.08
1130.10
1140.12
1123.91
1122.95
25161.03
1145.84
1068.83
1072.88
1062.87
1112.94
1125.10
1122.95
25184.87
1080.99
1064.06
1055.00
1103.88
1117.23
1120.09
1118.90
1114.85
1111.98
25143.15
1181.13
1136.06
1114.13
1135.11
1116.04
1118.90
1133.92
1041.89
1055.00
1050.95
25102.85
1188.04
1152.99
1147.03
1101.97
1099.11
1091.00
25127.17
1121.04
1071.93
1062.15
1075.03
1064.06
1055.00
1053.81
25165.08
1064.06
1050.00
1045.23
1048.09
1048.09
1044.03
25097.13
1130.10
1079.08
1069.07
1070.02
1050.00
1062.87
1060.01
1075.03
1074.08
1064.06
25119.07
1185.18
1138.93
1132.01
1138.93
1128.91
1128.91
1128.20
1065.02
1073.12
1059.06
25117.16
1132.97
1102.92
1093.15
1095.06
1079.08
1070.02
25099.99
1137.97
1086.95
1062.15
1065.97
1108.17
1111.03
1110.08
25169.13
1065.02
1048.80
1049.04
1042.13
1045.94
1040.94
25089.03
1127.00
1082.90
1084.09
1085.04
1065.02
1066.92
33098.94
1140.83
1085.04
1086.95
1090.05
1078.84
1076.94
1080.04
21179.91
1112.94
1098.16
1080.04
1149.89
1127.00
1126.05
29226.06
1106.02
1083.85
1069.07
1059.06
1051.90
1052.14
1080.99
1113.18
1116.99
1101.02
21215.92
1103.16
1089.10
1091.96
1091.00
1087.90
1085.04
1095.06
1065.02
1065.97
1071.93
21210.91
1111.03
1086.95
9130.95
1142.02
1085.04
1088.86
1062.87
1042.13
1044.03
1039.98
17174.01
1066.92
1056.91
1051.90
1111.03
1111.98
1092.91
25187.02
1101.97
1090.05
1101.02
1121.04
1132.01
1122.00
21167.99
1081.94
1053.09
1052.14
1060.96
1052.14
1056.91
1060.01
25146.01
1074.79
1075.98
1085.04
1091.00
1090.05
1086.95
9181.98
1086.00
1074.79
1065.97
1103.16
1105.07
1097.92
13125.90
1080.99
1050.95
1050.00
1062.15
1056.91
1055.96
1063.11
17155.89
1065.02
1058.10
1061.92
1065.97
1070.98
1082.90
17254.83
1153.95
1130.82
1129.87
1127.96
1121.04
1120.81
21225.93
1108.88
1093.86
1103.16
1060.96
1070.02
1070.98
29114.96
1106.98
1063.82
1055.96
1078.84
1122.00
1130.10
29153.11
1183.99
1132.01
1132.01
1116.04
1101.02
1077.89
25089.98
1153.95
1105.07
1104.12
9172.20
1086.00
1075.98
1086.95
1105.07
1114.13
1116.99
25163.89
1164.91
1136.06
1123.19
1121.04
1090.05
1077.18
25094.03
1152.99
1098.87
1096.96
1090.05
1080.04
1102.92
1106.98
21183.97
1086.95
1070.98
1064.06
1061.20
1055.00
1055.00
1068.83
1061.92
1061.92
1061.92
25184.87
1081.94
1079.08
1077.18
1075.98
1068.83
1072.88
1067.16
1084.09
1084.09
1086.95
33186.91
1091.00
1082.90
1077.18
1071.93
1070.98
1084.09
25140.05
1102.21
1060.01
1065.97
1071.93
1081.23
1098.87
25146.96
1140.83
1081.94
1082.18
1084.09
1074.08
1080.99
1080.04
25187.02
1082.90
1070.98
1074.08
1070.02
1067.88
1066.92
1075.98
1085.04
1091.96
1086.95
25192.98
1101.97
1099.11
1086.00
1059.06
1050.95
1043.08
1060.01
1050.00
1045.94
1045.94
25181.06
1115.08
1105.07
1093.86
1086.00
1088.86
1075.03
25141.00
1122.95
1110.08
1099.11
1106.02
1106.02
1103.88
25141.95
1147.99
1116.99
1100.06
1114.13
1099.11
1096.01
25151.97
1127.00
1075.03
1055.96
1075.03
1081.94
1086.95
1093.86
29189.83
1093.86
1077.89
1083.85
1076.94
1080.04
1080.99
17215.01
1128.91
1113.89
1117.94
1113.18
1111.03
1115.08
17184.97
1102.92
1083.85
1067.88
1080.99
1072.88
1073.84
21122.93
1116.99
1064.06
1054.05
1063.11
1052.14
1055.96
1054.05
1092.91
1086.00
1089.10
25128.13
1106.02
1055.00
1046.90
1046.90
1074.79
1075.03
1074.08
1096.96
1086.00
1086.95
1080.04
25167.94
1101.02
1098.87
1107.93
1096.96
1086.95
1088.14
1086.95
1060.01
1065.97
1074.08
1065.02
1072.88
1066.92
45104.03
1106.02
1075.98
1063.11
1070.98
1060.01
1060.01
1057.15
25167.94
1087.90
1070.98
1068.12
1070.98
1065.02
1065.02
25173.90
1080.99
1069.07
1065.97
1090.05
1062.87
1062.87
1121.04
1078.84
1073.84
1065.97
1065.02
1061.92
1065.97
1069.07
17169.00
1079.08
1070.02
1082.90
1077.89
1068.12
1079.08
17118.93
1101.97
1061.92
1065.97
1088.86
1099.82
1114.85
21157.03
1122.95
1060.01
1054.05
1051.19
1070.02
1101.97
1105.79
1123.91
1122.00
1122.00
29168.13
1124.14
1075.03
1064.78
1064.06
1077.89
1072.88
1077.18
29176.95
1072.88
1057.86
1052.86
1054.05
1051.90
1055.00
21103.14
1097.92
1065.02
1065.02
1078.13
1063.11
1055.00
17084.84
1102.92
1059.06
1045.94
13082.98
1164.91
1127.96
1129.15
1130.10
1104.12
1095.06
1080.04
1096.01
1088.86
1083.85
25192.98
1094.10
1078.13
1096.96
1078.84
1057.86
1053.81
1057.86
1052.86
1048.80
1047.85
29081.82
1133.92
1098.87
1093.86
1098.87
1096.01
1094.10
25134.09
1127.00
1088.86
1093.86
1100.06
1102.92
1096.96
1094.10
17183.07
1078.13
1065.02
1056.19
1106.98
1093.86
1079.08
1071.93
1060.01
23700.00
1110.08
1111.98
1107.22
1072.88
1065.97
1058.10
1069.07
15842.20
1111.03
1078.13
1088.14
1055.96
1067.88
1068.83
1070.98
1075.03
1065.02
1066.92
25167.94
1080.04
1069.07
1064.06
1057.15
1059.06
1054.05
1048.09
1043.08
1041.17
1050.95
25115.97
1108.17
1085.04
1068.12
1080.04
1064.06
1065.02
17090.80
1127.96
1069.78
1057.86
1056.91
1058.10
1058.10
1062.15
45185.09
1105.07
1100.06
1100.06
1090.05
1090.05
1090.05
17130.14
1133.20
1093.86
1092.91
1099.82
1096.01
1097.92
33130.88
1188.04
1141.07
1129.15
1111.98
1109.12
1086.00
25128.13
1147.99
1103.88
1082.90
1096.01
1089.10
1080.04
1080.99
21173.00
1070.98
1057.86
1065.97
1065.02
1055.96
1060.01
1064.06
1059.06
1055.96
1054.05
25175.09
1080.99
1061.92
1072.17
1067.88
1074.08
1070.02
1062.15
1065.02
1067.16
1065.02
29160.98
1122.00
1095.06
1100.06
1089.10
1093.15
1078.13
25115.97
1137.02
1089.10
1099.11
1075.03
1059.06
1063.11
25095.94
1142.02
1093.86
1078.13
1087.19
1077.89
1075.98
1076.94
25189.88
1117.94
1099.11
1101.97
1132.97
1122.00
1133.92
25196.79
1075.98
1060.96
1062.87
1047.85
1048.80
1052.86
1049.04
1085.04
1084.09
1080.99
25169.13
1105.07
1083.14
1088.14
1090.05
1080.99
1083.14
1094.10
1065.97
1055.00
1050.00
25145.05
1093.86
1072.88
1065.02
1076.94
1096.01
1088.86
25133.85
1137.02
1068.12
1070.98
1086.00
1070.02
1071.93
1070.02
25177.96
1083.85
1071.93
17117.98
1116.04
1070.98
1061.20
1066.92
1052.86
1055.96
1050.00
21203.99
1107.93
1101.97
1103.16
1101.97
1092.91
1095.06
1055.96
1071.93
1076.94
1075.03
25190.83
1100.06
1094.10
1085.04
1096.96
1101.97
1090.05
1100.06
1107.22
1096.96
33137.08
1133.92
1069.07
1070.98
1065.02
1052.14
1048.09
1048.09
25173.90
1116.04
1091.00
1116.99
1095.06
1101.97
1089.81
25194.17
1110.08
1094.10
1086.95
1101.02
1101.97
1110.79
25163.89
1184.94
1142.02
1132.01
1090.05
1101.02
1094.82
1119.85
1112.94
1114.13
1112.94
25213.00
1099.11
1091.00
1093.15
1080.99
1083.14
1073.12
1093.86
1070.02
1075.03
1073.12
25216.10
1122.95
1099.82
1111.03
1116.99
1107.93
1102.92
25207.04
1124.86
1109.84
1111.98
1106.98
1105.07
1099.11
29217.00
1091.96
1078.13
1075.98
1074.79
1076.94
1076.94
25130.99
1144.89
1104.83
1085.04
1081.94
1062.87
1062.87
1064.06
25190.11
1105.79
1086.00
1089.10
1116.99
1117.94
1122.00
25190.83
1100.06
1101.02
1110.08
1091.00
1100.06
1094.10
17224.07
1132.01
1101.02
1107.93
1084.09
1089.10
1091.96
1093.86
1091.00
1089.10
1086.95
21188.02
1106.02
1085.04
1075.98
1133.92
1122.00
1130.10
1125.10
1133.92
1127.96
25165.08
1178.98
1137.97
1128.91
1137.97
1127.00
1129.15
1132.01
1101.02
1096.01
1094.10
33197.88
1108.88
1106.02
1112.94
1067.88
1109.84
1112.94
20877.12
1126.05
1074.79
1080.04
9180.07
1116.99
1108.88
1090.05
1074.08
1056.91
1052.14
25099.04
1121.04
1106.98
1109.12
1119.85
1128.91
1115.80
25160.07
1155.14
1111.98
1108.88
1109.12
1080.04
1070.98
1063.11
1060.96
1058.82
1075.98
25131.94
1153.95
1118.90
1119.14
1132.97
1122.95
1116.99
1111.03
1040.94
1050.00
1052.14
25105.95
1128.91
1101.02
1108.88
1116.99
1046.90
1043.08
1045.94
1057.86
1047.85
1043.80
29091.84
1111.03
1059.06
1048.09
1070.02
1050.95
1053.09
1048.09
1059.06
1048.09
1050.00
1046.90
25163.17
1070.02
1060.01
1062.87
1053.81
1052.86
1055.96
18891.10
1138.93
1114.13
1115.08
1111.98
1122.00
1065.02
1063.11
1073.12
21111.01
1143.93
1120.09
1116.99
1124.86
1126.05
1120.09
17153.98
1138.93
1096.01
1094.82
1101.02
1091.96
1086.95
1088.14
17200.95
1098.87
1079.80
1091.00
1080.99
1077.89
1072.88
17211.20
1086.00
1073.84
1078.84
1071.93
11053.09
1094.82
1046.90
1036.88
1055.00
1057.86
1073.84
1100.06
21233.08
1096.96
1096.01
1100.06
1080.04
1082.18
1080.04
25170.09
1139.16
1100.06
1105.07
1091.00
1086.95
1073.12
17130.85
1131.06
1099.11
1095.06
1084.09
1117.94
1111.03
17160.89
1132.97
1082.90
1079.08
1068.12
1074.08
1063.11
1060.01
17018.80
1069.07
1057.86
1060.01
1142.98
1142.02
1140.83
25210.86
1107.93
1082.90
1079.80
1131.06
1145.84
1142.98
1101.97
1009.94
1091.96
1137.02
25192.02
1142.98
1132.97
1124.86
1129.87
1133.92
1132.01
33195.97
1090.05
1069.07
1075.03
1068.12
1072.17
1070.02
21113.16
1116.04
1082.90
1092.91
1106.02
1105.79
1097.92
1095.06
1103.88
1102.21
1106.98
25192.02
1142.02
1116.04
1106.98
1080.99
1078.13
1058.10
1050.95
1109.84
1112.94
1099.11
25215.15
1141.07
1127.96
1106.02
1073.12
1091.96
1086.00
1087.90
1081.94
23203.13
1109.12
1080.99
1068.83
1063.82
1070.02
1065.97
1077.89
1073.12
11261.94
1113.89
1086.95
1080.99
1067.88
1097.92
1106.98
21162.03
1091.00
1052.14
1043.08
1058.10
1045.94
1042.84
1044.99
37146.09
1057.15
1042.13
1044.03
1044.99
1031.88
1041.17
25082.11
1142.98
1094.82
1095.06
1096.01
1099.11
1103.16
25137.90
1122.00
1065.97
1056.91
1067.16
1059.06
1044.99
1047.85
25189.88
1105.07
1090.05
1096.96
1091.96
1086.95
1088.86
21148.92
1080.99
1050.95
1041.89
1064.06
1095.06
1098.87
1101.97
1088.86
1083.85
1082.90
25130.99
1122.00
1092.20
1082.90
1087.90
1086.00
1070.98
1071.93
1063.11
1060.96
1061.20
29099.94
1136.06
1100.06
1090.05
1086.00
1077.89
1076.94
25118.11
1173.02
1107.93
1099.11
1086.00
1075.98
1078.13
1074.08
25203.94
1101.97
1093.15
1092.91
1087.90
1087.19
1089.10
25185.11
1110.08
1095.06
1101.02
1091.96
1088.14
1091.00
25147.20
1091.96
1057.86
1052.86
1053.81
1038.79
1043.80
1038.07
1039.98
1039.98
1044.03
25068.04
1092.20
1049.04
1043.08
1046.18
1039.98
1042.13
1043.08
1055.96
1070.98
1070.98
1061.92
25184.87
1098.87
1099.82
1086.00
1078.13
1087.90
1078.84
25172.00
1127.00
1101.02
1091.00
1110.08
1086.95
1090.05
25125.98
1137.97
1097.92
1092.91
1101.02
1102.92
1111.98
25135.04
1127.96
1079.08
1078.13
1074.08
1080.99
1093.15
1083.14
17163.99
1073.12
1054.05
9087.80
1101.02
1057.15
1046.90
1050.00
1079.08
1082.18
1078.84
25192.98
1113.18
1101.97
1109.12
1104.12
1100.06
1098.16
17197.13
1075.03
1060.01
1050.95
1063.82
1053.81
1047.85
25094.99
1139.16
1089.10
1065.97
1081.94
1062.15
1066.92
1071.93
33187.15
1089.10
1087.90
1087.90
1080.04
1087.19
1080.99
37181.14
1084.09
1072.17
1069.07
1080.99
1067.88
1066.21
21105.05
1115.08
1060.96
1055.96
1080.99
1096.01
1098.16
1110.08
21200.90
1102.92
1098.87
17135.86
1150.13
1107.93
1094.10
1090.05
1078.84
1078.84
25117.87
1137.02
1101.97
1081.94
1085.04
1103.16
1111.03
1109.12
25152.92
1069.07
1045.94
1045.94
1039.98
1037.84
1039.03
25084.02
1125.81
1106.02
1087.90
1096.96
1086.95
1091.96
17127.04
1145.84
1101.97
1089.10
1067.16
1050.00
1052.14
1055.96
17221.93
1128.20
1118.90
1114.85
1097.92
1113.18
1103.88
21178.01
