1249.07
1219.03
1234.05
1266.00
1254.80
1257.90
25362.97
1269.10
1257.90
1264.81
1261.95
1258.13
25329.11
1276.97
1266.96
1256.94
1261.95
1261.00
25294.07
1294.14
1260.04
1261.00
1255.04
1235.96
1216.17
21301.03
1204.01
1188.99
1228.09
1160.14
1155.85
25210.86
1251.94
1236.92
1233.10
1186.13
1194.00
1178.03
25285.96
1212.12
1193.05
1199.01
1259.09
1263.14
25291.92
1194.00
1152.99
1143.93
1224.99
1246.93
1249.07
25310.99
1148.94
1138.21
1122.00
1219.03
1220.94
1238.11
25264.98
1180.89
1174.93
1155.14
1218.08
1214.03
25276.18
1241.92
1237.87
1224.99
1132.01
1155.85
1172.78
25439.98
1186.13
1188.04
1199.01
1134.87
1140.12
25178.19
1238.11
1199.01
1187.09
1161.10
1134.16
1147.03
25213.96
1219.99
1192.09
1176.12
1137.02
1149.89
1145.12
25210.14
1202.11
1171.11
1159.91
1113.89
1122.00
1147.99
25291.20
1178.98
1171.11
1152.99
1133.92
1154.90
1160.14
25290.01
1176.83
1171.83
1147.99
1154.18
1166.11
25248.05
1194.00
1167.06
1146.08
1118.90
1179.93
1181.13
25247.10
1173.97
1140.83
1136.78
1185.89
1192.81
1199.01
25341.99
1183.99
1158.00
1162.05
1176.83
1181.84
1182.08
25259.97
1168.97
1178.03
1157.05
1183.03
1180.89
21248.82
1163.96
1145.12
1137.97
1150.85
1155.85
1164.91
25210.86
1194.00
1180.89
1184.94
1177.07
1199.01
1198.05
25326.01
1208.07
1198.77
1209.02
1220.94
1228.09
25267.12
1256.94
1219.03
1220.94
1238.82
1231.91
1230.00
25325.06
1245.02
1221.18
1243.83
1219.03
1226.90
25286.91
1256.94
1232.15
1232.15
1230.00
1221.18
1225.95
25332.93
1236.92
1225.95
1235.01
1224.99
1225.95
25290.01
1263.86
1235.01
1236.92
1677.04
1161.81
25184.87
1147.03
1123.91
1132.97
1134.16
1151.08
1128.91
25192.98
1165.15
1148.94
1124.14
1152.99
1183.03
1171.11
25223.02
1187.09
1159.19
1164.91
1150.85
1145.84
1143.93
25249.96
1153.95
1147.03
1152.04
1147.99
1141.07
1142.02
25249.00
1160.86
1155.85
1147.03
1148.94
1141.07
1148.22
25246.86
1148.94
1132.97
1133.92
1152.04
1126.05
25153.16
1207.11
1137.97
1135.83
1139.88
1127.00
1128.91
25153.16
1171.11
1132.97
1127.96
1152.04
1142.02
1143.93
25181.06
1182.08
1166.11
1165.15
1178.03
1178.03
1171.83
25241.85
1211.88
1201.87
1200.20
1224.04
1252.89
1199.96
25300.03
1201.87
1188.04
1207.83
1223.80
1232.86
25286.91
1255.99
1234.05
1241.92
1229.05
1233.10
1218.08
25330.07
1245.02
1239.06
1238.11
1231.19
1226.90
25285.01
1259.09
1234.05
1239.06
1223.09
1230.00
25259.97
1287.22
1240.97
1235.01
1235.96
1232.15
1234.05
25330.07
1246.93
1234.05
1239.06
1234.05
1244.07
25294.07
1275.78
1230.96
1246.21
1234.05
1236.92
1222.85
25332.93
1240.97
1227.86
1236.92
1234.05
1235.96
25282.14
1256.94
1234.05
1239.06
1229.05
1230.00
25269.99
1290.08
1301.05
1191.14
1213.07
1190.90
1196.86
25307.89
1218.80
1206.87
1220.94
1220.94
1230.00
25287.15
1270.06
1240.02
1231.19
1235.96
1220.94
1212.12
25295.97
1221.90
1201.87
1203.78
1190.90
1188.99
25237.08
1218.08
1181.13
1163.01
1169.20
1163.01
1165.15
25213.00
1188.04
1160.14
1148.94
1153.95
1149.18
1147.03
25217.06
1178.98
1150.13
1145.12
1137.02
1139.16
1142.02
25242.09
1161.10
1151.08
1147.99
1153.23
1147.03
1146.08
25251.15
1174.93
1151.08
1178.98
1144.17
1140.12
1131.06
25263.07
1156.09
1136.06
1142.02
1130.10
1124.14
25141.00
1178.98
1130.10
1125.10
1127.00
1126.05
1126.05
1122.00
25224.92
1130.82
1142.02
1143.93
1150.85
1147.03
25214.91
1216.89
1169.92
1191.14
1182.08
1172.07
1186.13
25228.02
1199.96
1183.99
1194.00
1207.83
1185.89
1196.86
25323.15
1222.13
1213.07
1224.04
1225.95
1226.90
25290.97
1261.00
1230.00
1234.05
1227.14
1235.01
1231.91
25341.99
1240.97
1234.05
1240.02
1228.09
1236.92
25290.97
1261.00
1231.91
1239.06
1232.86
1230.96
25280.00
1271.96
1236.92
1236.92
17354.01
1185.89
1173.97
1168.01
1176.12
1183.03
25238.99
1207.83
1174.93
1173.97
1158.00
1165.15
1168.01
25280.00
1176.12
1174.93
1163.96
1188.04
1194.00
1194.00
25290.01
1173.02
1180.89
1192.09
1213.07
1218.08
25269.03
1182.08
1163.01
1150.85
1209.97
1218.08
1211.17
25300.98
1151.08
1139.16
1150.13
1219.99
1224.99
25254.01
1213.07
1155.85
1142.98
1151.08
1210.93
1199.96
25264.98
1168.97
1158.00
1144.89
1194.95
1196.15
1199.96
25271.18
1156.09
1146.08
1159.19
1174.93
1170.87
1199.96
25268.08
1179.93
1177.07
1154.90
1145.84
1139.88
1136.06
25316.00
1216.89
1201.87
1197.81
1168.97
1165.15
25223.02
1243.83
1221.90
1226.19
1154.90
1171.83
1173.97
25264.02
1200.91
1204.01
1159.91
1148.94
1153.95
1157.05
25293.11
1197.10
1205.92
1194.00
1178.98
1165.15
25231.84
1266.00
2460.00
1182.79
1188.99
1186.13
25280.95
1214.98
1234.05
1204.97
1188.04
1173.02
25219.20
1233.10
1202.11
1209.97
1187.09
1192.09
1191.14
21291.02
1187.09
1173.97
1194.95
1178.98
1184.94
1177.79
25285.01
1188.99
1223.80
1209.97
1197.10
1183.03
25252.10
1218.08
1183.99
1180.89
1176.83
1173.97
1175.17
25279.05
1199.01
1172.07
1173.97
1143.93
1159.91
1158.00
25267.84
1163.96
1155.14
1160.14
1161.10
1159.91
25207.04
1204.97
1185.18
1169.92
1177.07
1168.01
1170.16
25212.05
1201.15
1171.11
1177.07
1171.11
1166.11
1164.91
25271.18
1188.99
1168.97
1175.88
1169.92
1173.97
1163.96
25280.00
1181.84
1170.87
1174.93
1170.16
1174.93
25226.83
1209.97
1174.21
1176.83
1179.93
1168.01
1169.92
25219.92
1198.05
1169.20
1172.07
1168.01
1165.15
1166.11
25259.02
1173.02
1164.91
1170.16
1170.16
1159.91
1160.86
21281.00
1182.08
1173.97
1181.13
1173.02
1168.01
25226.83
1207.83
1171.83
1173.02
1180.89
1172.07
1169.92
25223.97
1193.05
1175.17
1172.07
1163.96
1166.82
1162.77
25274.04
1179.93
1162.05
1168.01
1164.91
1160.86
1163.01
25276.90
1186.85
1173.97
1181.13
1173.97
1171.11
25232.08
1204.01
1175.88
1169.92
1181.13
1172.07
1171.11
25224.92
1189.95
1158.95
1165.87
1163.01
1157.05
1157.05
25259.97
1168.97
1163.01
1168.01
1162.05
1160.86
1159.91
25282.14
1178.03
1161.81
1169.92
1164.91
1165.15
25216.10
1203.06
1168.01
1165.87
1174.21
1167.06
1167.06
25213.00
1185.89
1150.13
1159.91
1152.99
1157.05
1156.09
25233.98
1170.87
1158.00
1152.99
1156.09
1151.08
1153.95
25265.93
1165.15
1159.91
1157.05
1154.90
1147.99
1152.99
25261.16
1165.15
1148.94
1162.05
1149.89
1149.18
25200.84
1192.09
1158.95
1151.80
1163.01
1152.99
1152.04
25205.14
1199.96
1152.99
1157.05
1161.81
1152.04
1152.99
25211.10
1183.03
1148.94
1155.14
1152.99
1147.99
1148.94
25229.93
1175.17
1151.08
1151.08
1147.99
1152.04
1145.84
25257.83
1163.96
1154.18
1158.00
1155.14
1155.14
1149.89
25265.93
1170.16
1159.91
25230.88
1189.23
1161.81
1184.94
1162.77
1158.95
1168.01
25231.84
1125.81
1116.04
1112.94
1104.83
1110.08
1106.98
25216.10
1121.04
1115.08
1111.98
1101.97
1106.98
1107.93
25201.08
1121.04
1104.83
1120.81
1107.93
1104.83
1107.93
25166.03
1134.87
1108.88
1106.02
1122.95
1105.07
1105.07
25171.04
1132.97
1114.13
1112.94
1127.00
1109.12
1120.09
25182.01
1148.22
1127.96
1131.06
1135.83
1133.92
1126.05
25176.05
1144.89
1141.07
1132.01
1138.93
1138.93
1132.01
25202.04
1163.01
1147.03
1139.16
1149.89
1131.06
1137.02
25196.08
1172.07
1149.89
1145.12
1157.05
1150.13
1146.08
25207.04
1185.89
1150.85
1161.81
1151.80
1150.85
1160.86
25255.92
1170.16
1153.95
1164.91
1149.18
1162.05
1147.03
25257.11
1161.10
1154.18
1172.07
1153.95
1144.89
25178.91
1214.98
1163.01
1160.14
1173.02
1149.18
1157.05
21216.15
1222.13
1188.99
1186.13
1161.10
1150.85
1145.84
25219.92
1234.05
1198.05
1199.96
1148.94
1154.90
1157.05
25286.20
1183.03
1167.06
1160.14
1156.09
1158.95
1164.91
25235.89
1158.00
1149.89
1125.81
1139.88
1132.97
25183.92
1176.83
1139.88
1133.92
1119.14
1104.12
1106.98
25143.86
1240.97
1185.18
1180.89
1160.86
1107.93
1104.12
25164.13
1234.05
1199.96
1199.01
1137.97
1124.14
1125.10
25189.16
1193.05
1166.11
1158.95
1117.23
1111.03
1109.12
25197.03
1164.91
1135.11
1127.96
1096.96
1111.98
1117.94
25195.12
1176.12
1152.99
1142.98
1125.10
1141.07
1141.07
25223.02
1234.05
1203.06
1198.05
1100.06
1116.99
1114.85
25248.05
1198.05
1186.13
1169.92
1096.96
1110.08
1111.03
25264.98
1158.00
1149.18
1131.06
1127.96
1139.88
1144.89
25260.21
1147.99
1132.01
1111.98
1163.01
1170.16
25202.99
1229.05
1152.99
1145.12
1144.17
1138.93
1133.20
25194.88
1230.00
1182.08
1189.95
1168.97
1141.07
1140.12
25207.04
1222.13
1198.05
1208.07
1158.00
1163.01
1149.89
21260.02
1137.97
1130.82
1133.92
1130.10
1127.96
1133.92
25235.18
1138.93
1128.91
1147.99
1142.98
1141.07
1135.83
25240.90
1154.90
1145.12
1152.04
1157.05
1168.01
1164.91
25266.89
1173.97
1174.93
1195.91
1183.99
1180.89
25242.81
1203.06
1186.13
1185.89
1211.88
1194.00
1205.92
25300.98
1219.03
1224.99
1242.88
1235.01
1231.91
29289.96
1172.07
1143.22
1146.08
1123.91
1111.98
1122.95
25182.01
1214.03
1177.07
1186.13
1112.94
1128.91
1127.96
25196.08
1216.17
1188.99
1202.11
1093.15
1115.08
1101.02
25196.79
1227.86
1206.87
1197.81
1108.88
1108.88
1101.02
25240.90
1202.82
1180.89
1160.86
1131.06
1134.16
1133.92
25275.95
1166.11
1158.00
1135.83
1137.02
1133.92
1130.10
25241.14
1138.21
1132.97
1107.22
1107.93
1114.13
1113.18
25251.87
1144.89
1139.88
1118.18
1111.98
1113.89
1115.08
25272.13
1163.96
1158.00
1135.11
1130.10
1135.11
25162.94
1241.92
1180.89
1182.08
1146.79
1147.99
1152.99
25215.15
1230.00
1185.89
1188.99
1142.02
1152.04
1156.09
25233.03
1261.00
1240.02
1211.88
1124.86
1142.02
1142.02
25305.99
1191.85
1197.10
1174.21
1108.88
1118.18
25146.96
1226.90
1170.87
1160.14
1121.04
1109.12
1110.08
25144.10
1201.15
1143.93
1137.97
1116.99
1102.92
1111.03
25145.05
1195.91
1146.08
1142.02
1108.88
1137.02
1144.89
25196.79
1170.87
1131.06
1127.00
1118.18
1158.95
1163.96
25226.12
1181.13
1146.08
1146.08
1167.06
1162.05
1163.01
25238.99
1185.18
1157.05
1169.92
1152.99
1161.10
1161.10
25265.93
1194.00
1188.99
1178.03
1163.01
1163.01
1163.96
25284.05
1192.09
1182.08
1168.01
1166.82
1173.97
25242.09
1213.07
1180.17
1184.94
1164.91
1162.05
1158.00
25237.08
1214.98
1184.23
1173.02
1127.96
1139.88
1137.97
25280.00
1230.96
1209.97
1181.84
1102.92
1106.98
1111.03
25290.01
1194.00
1180.89
1163.96
1106.02
1102.92
1110.08
21269.08
1187.09
1186.13
1194.00
1177.07
1179.93
25242.09
1226.19
1197.10
1216.89
1209.97
1213.07
1209.97
25314.81
1217.84
1215.93
1219.03
1211.88
1209.97
25269.99
1248.84
1215.93
1215.22
1213.07
1209.02
1208.07
25325.06
1248.12
1234.05
1240.02
1234.05
1236.20
25292.87
1263.86
1235.96
1240.97
1236.92
1233.10
1232.15
25326.97
1239.06
1233.10
1244.07
1238.11
1232.15
25325.06
1250.03
1234.05
1230.96
1230.96
1235.96
25290.97
1267.91
1235.96
1240.97
1240.97
1235.96
1230.96
21321.06
1183.99
1164.91
13224.84
1159.91
1134.87
17181.16
1223.09
1203.06
1196.15
1204.97
1201.87
1195.91
25261.16
1230.96
1212.84
1223.80
1210.93
1216.17
1205.92
25305.99
1227.86
1227.86
1246.21
1233.10
1232.86
25310.04
1255.04
1235.96
1241.92
1238.11
1234.05
25285.01
1268.86
1239.06
1230.96
17293.93
1212.12
1208.07
1182.08
1160.14
1156.09
25223.02
1226.90
1203.06
1198.05
1185.18
1181.13
1169.92
25278.81
1198.05
1186.13
1187.09
1183.03
1191.14
25213.00
1251.94
1192.09
1191.14
1173.02
1182.08
1187.09
25250.20
1213.07
1199.01
1187.80
1196.86
1193.05
1184.94
25296.93
1209.97
1195.91
1185.89
1192.81
1181.84
25240.90
1235.96
1210.21
1204.97
1188.99
1175.88
1174.93
25239.23
1230.00
1202.11
1199.01
1167.06
1162.05
1162.05
25307.18
1207.11
1203.06
1179.93
1164.91
1161.10
25218.01
1245.02
1224.99
1214.03
1196.86
1194.95
1183.99
25285.96
1214.98
1201.87
1192.81
1246.93
1240.97
25294.07
1183.03
1156.09
1151.08
1204.97
1211.17
1218.08
25269.99
1154.90
1122.95
1132.01
1178.98
1170.87
1165.87
25264.98
1147.99
1141.79
1137.97
1133.20
1131.06
1137.02
25259.97
1209.97
1204.97
1181.84
1129.87
1126.05
1127.00
25305.03
1213.07
1204.97
1173.97
1132.01
1123.91
25185.11
1212.12
1178.03
1169.20
1122.95
1120.81
1135.83
21194.93
1204.01
1187.09
1180.89
1191.85
1204.01
1201.87
25306.94
1214.03
1214.98
1227.14
1228.09
1244.07
25319.10
1295.09
1263.14
1266.96
1263.86
1260.04
1255.99
25341.03
1265.05
1259.09
1269.10
1259.09
1266.00
25373.94
1271.96
1260.04
1270.06
1263.14
1267.91
25319.81
1286.03
1257.90
1265.05
1265.05
1260.04
25314.09
1298.19
1261.95
1267.91
1265.05
1256.94
1261.00
25345.80
1268.86
1260.04
1269.10
1255.99
1260.04
25369.17
1272.92
1262.90
1266.00
1263.86
1253.84
25325.06
1290.08
1261.00
1264.81
1256.94
1260.04
25314.81
1297.00
1262.19
1266.96
1262.90
1262.19
1262.90
25352.00
1269.10
1262.90
1274.11
1263.14
1258.85
21373.99
1266.00
1262.90
1271.01
1263.86
1261.95
25326.97
1287.94
1264.10
1268.15
1262.90
1261.00
25321.01
1300.81
1261.95
1264.10
1265.05
1261.00
25278.09
1334.19
1266.96
1262.19
1270.06
1260.04
1259.09
25369.17
1271.96
1263.86
1272.92
1266.00
1259.80
25328.87
1283.88
1263.86
1266.96
1261.00
1258.85
25310.04
1295.09
1264.10
1265.05
1262.90
1260.04
25276.90
1332.04
1266.96
1258.85
1266.96
1255.99
1255.04
25362.01
1272.20
1261.95
1270.06
1261.23
1263.86
25323.87
1288.89
1263.86
1266.96
1263.14
1261.00
25312.19
1297.95
1265.05
1266.00
1264.10
1256.94
1263.86
25350.81
1268.86
1260.04
1266.96
1261.95
1256.94
25369.88
1271.96
1267.19
1271.01
1260.04
1263.86
25327.92
1286.98
1266.00
1265.05
1260.04
1260.04
25316.00
1297.95
1265.05
1270.06
1265.05
1259.80
25290.01
1322.03
1262.90
1264.10
1271.01
1261.00
1262.90
25366.78
1271.01
1225.95
1245.98
1257.18
1255.04
25319.10
1287.94
1261.95
1242.16
1241.92
1252.89
25310.04
1297.00
1260.04
1264.81
1257.90
1258.85
1261.00
25367.98
1262.90
1258.13
25275.95
1136.06
1127.00
1131.06
1261.00
1261.00
25298.12
1132.97
1114.85
1114.85
1124.86
1117.94
1120.09
25168.18
1147.03
1125.10
1123.91
1141.07
1131.06
1127.00
25176.05
1166.11
1152.04
1137.02
1159.91
1135.11
1140.12
25192.02
1170.16
1153.95
1145.84
1156.81
1152.99
1155.14
25219.92
1167.06
1134.16
1124.86
1170.16
1216.89
1244.07
25311.95
1183.03
1164.91
1152.04
1199.01
1225.95
1245.98
25269.03
1167.06
1156.09
1217.13
1266.00
1261.00
25285.01
1141.07
1113.89
1108.88
1191.85
1183.99
1168.97
25252.10
1157.05
1147.99
1158.00
1152.04
1149.89
1141.79
25230.88
1154.90
1147.03
1154.90
1142.98
1143.93
1140.83
25254.96
1159.19
1144.89
1158.00
1142.02
1142.02
25170.09
1209.02
1163.01
1152.99
1164.91
1147.99
1147.99
25206.09
1180.17
1153.95
1147.99
1168.01
1152.99
1162.05
21234.04
1187.09
1163.96
1164.91
1137.02
1121.04
1123.91
25198.94
1214.98
1209.02
1197.10
1122.00
1124.86
1124.14
25249.96
1205.92
1183.99
1188.99
1147.99
1148.94
1154.18
25280.95
1176.12
1167.06
1147.99
1166.11
1163.01
25223.97
1172.07
1136.06
1126.05
1121.04
1144.17
1146.08
25203.94
1169.92
1132.01
1132.97
1151.08
1121.04
1127.00
25182.01
1209.97
1183.99
1183.03
1144.17
1126.05
1125.10
25198.94
1226.90
1182.79
1190.90
1099.82
1105.79
1108.88
25200.84
1165.87
1136.78
1132.01
1109.12
1128.91
1127.96
25214.20
1152.99
1130.82
1127.96
1141.07
1152.99
1157.05
25258.06
1158.00
1143.93
1141.07
1137.97
1155.85
1163.96
25274.99
1153.95
1147.03
1141.07
1146.08
1151.08
1160.14
25273.08
1165.15
1162.05
1148.94
1136.06
1136.06
25182.96
1236.92
1190.90
1188.99
1142.98
1117.94
1119.85
25182.96
1259.09
1237.15
1240.97
1101.02
1106.98
1111.98
25187.02
1224.04
1188.99
1195.91
1096.96
1112.94
1106.98
25184.15
1193.05
1160.14
1155.14
1110.08
1122.00
1130.10
21226.17
1204.01
1183.99
1196.86
1195.91
1197.81
1200.91
25309.09
1231.91
1236.20
1240.02
1235.01
1232.86
25318.15
1255.04
1239.06
1244.07
1235.01
1232.86
25285.01
1262.19
1240.02
1243.11
1235.96
1236.20
1234.05
25341.03
1246.21
1233.10
1242.88
1236.92
1234.05
25298.12
1261.95
1235.01
1239.06
1238.11
1233.10
25262.12
1295.09
1242.88
1235.96
1244.07
1237.15
1236.92
25341.99
1245.98
1237.87
1247.17
1235.01
1234.05
25299.07
1268.86
1237.15
1243.11
1237.15
1235.96
1237.15
25336.03
1239.06
1240.02
1246.93
1238.11
1238.11
25318.86
1251.94
1240.02
1245.02
1237.87
1237.15
25294.07
1271.01
1240.97
1240.02
1238.82
1235.96
1237.15
25336.03
1248.12
1234.05
1243.11
1238.11
1235.96
25295.02
1267.91
1238.11
1244.07
1242.16
1234.05
25260.93
1286.03
1240.02
1236.92
1245.02
1236.92
1232.15
25335.07
1244.07
1236.92
1244.07
1236.92
1235.96
25297.16
1271.01
1242.16
1241.92
1235.01
1233.10
1231.91
25302.89
1192.81
1185.89
1166.82
1125.81
1123.91
25190.83
1193.05
1152.99
1152.04
1119.85
1174.93
1166.11
25249.96
1188.99
1160.14
1152.04
1168.01
1200.91
1197.10
25300.98
1204.97
1185.89
1173.97
1192.09
1202.11
1194.00
25300.98
1219.99
1209.97
1152.04
1171.11
1188.99
25259.97
1257.18
1218.08
1205.92
1155.85
1178.98
1182.08
25300.98
1204.97
1197.10
1178.03
1181.84
1192.81
25245.90
1236.92
1218.08
1211.17
1171.11
1196.86
1195.91
25288.82
1193.05
1190.90
1189.95
1235.01
1240.02
25263.07
1230.00
1160.86
1165.87
1185.18
1190.90
1173.02
25234.94
1186.85
1163.01
1163.01
1181.13
1168.97
1164.91
25249.00
1199.01
1176.12
1183.99
1159.19
1157.05
1151.08
25285.01
1201.15
1203.06
1195.91
1169.92
1160.86
25216.10
1239.06
1226.19
1214.98
1203.06
1187.09
1179.22
25255.92
1221.90
1210.21
1192.09
1205.92
1194.95
1188.04
25313.85
1234.77
1235.96
1224.99
1213.07
1218.08
25257.83
1183.03
1160.14
1158.00
1156.09
1149.18
1146.08
25258.06
1162.05
1156.09
1161.10
1150.13
1144.89
1145.12
25259.02
1156.81
1147.99
1156.09
1152.04
1141.07
1138.93
25231.12
1147.03
1136.06
1142.98
1134.87
1130.82
25155.07
1193.05
1135.11
1129.15
1142.98
1137.97
1132.01
25167.94
1183.03
1137.02
1139.88
1145.12
1137.02
1143.93
25182.96
1158.00
1132.01
1125.10
1146.08
1136.06
1139.88
25192.02
1174.21
1153.95
1151.80
1169.92
1173.97
1168.97
25225.16
1201.15
