17377.85
1222.13
1189.95
17393.83
1240.02
1206.87
17393.11
1241.92
1202.11
17390.97
1244.07
1200.20
17290.12
1284.12
1222.13
17282.01
1287.94
1186.85
17267.94
1322.98
1199.96
1178.03
17369.99
1219.03
1188.99
17357.11
1230.00
1211.88
17354.97
1260.04
1201.15
17257.93
1291.04
1195.91
17265.08
1308.92
1201.87
17246.01
1321.79
1244.07
1219.03
17404.79
1235.01
1244.78
17420.05
1218.80
1178.03
17397.88
1225.95
1189.95
17357.11
1250.03
1186.13
17279.15
1297.00
1199.01
17272.95
1333.00
1211.17
17244.10
1338.01
1204.97
1180.89
17385.96
1230.00
1209.02
21389.01
1244.07
1199.01
13372.90
1238.82
1199.96
17256.98
1314.16
1217.13
17290.12
1311.78
1193.05
17235.04
1343.97
1217.84
1178.98
17379.05
1235.96
1204.01
17397.88
1235.01
1194.95
17381.91
1241.92
1203.06
17355.20
1276.02
1209.02
17267.94
1292.94
1198.05
17261.98
1323.94
1209.02
17217.87
1320.12
1199.01
1196.86
17389.06
1216.89
1209.02
17368.08
1231.19
1187.09
17270.09
1278.88
1205.92
17290.83
1293.90
1197.10
17264.13
1323.94
1210.93
1206.16
17394.07
1214.03
1192.09
17400.98
1241.92
1219.99
17378.09
1225.95
1194.95
17340.18
1238.11
1188.99
17292.98
1286.98
1202.82
17252.92
1319.89
1197.10
1185.89
17350.91
1211.88
1182.08
17389.06
1219.03
1188.04
17384.77
1232.15
1198.05
17282.01
1288.18
1233.10
17276.05
1291.99
1198.77
17256.02
1321.79
1204.01
1203.06
17374.04
1223.09
1188.99
17395.02
1219.03
1219.99
17366.17
1221.18
1207.11
17260.07
1281.02
1197.10
17259.12
1286.98
1196.15
17236.95
1332.04
1210.93
1185.89
17400.03
1228.09
1200.20
17400.03
1249.07
1214.98
17404.79
1243.11
1194.00
17340.90
1247.88
1195.91
17272.00
1312.97
1196.15
17246.01
1310.11
1194.00
1194.00
17354.97
1214.98
1181.84
17381.91
1213.07
1191.14
17367.12
1224.04
1186.85
17248.87
1295.09
1197.10
17251.97
1316.07
1212.84
17251.01
1314.88
1209.97
1204.01
17390.97
1224.04
1219.99
17394.07
1237.87
1193.05
17373.09
1232.86
1195.91
21301.98
1304.86
1231.19
13292.07
1291.99
1203.06
17249.11
1299.86
1204.97
1180.89
17369.99
1245.98
1192.09
17395.02
1230.96
1188.99
17364.98
1225.95
1188.04
17263.17
1290.08
1194.00
17282.96
1303.91
1210.93
17257.93
1315.83
1219.03
1208.07
17357.83
1218.08
1206.16
17411.95
1224.04
1203.06
17364.98
1224.99
1204.97
17292.98
1285.08
1191.85
17279.86
1300.10
1194.95
17249.11
1309.16
1209.02
1186.85
17386.91
1211.88
1191.85
17380.95
1221.90
1195.91
17371.89
2079.01
17268.90
1314.88
1201.87
1214.98
17394.07
1315.12
1209.97
17374.99
1219.03
1186.85
17374.04
1227.14
1193.05
17354.01
1252.89
1194.00
17253.16
1299.14
1219.03
17274.86
1286.98
1205.92
17251.97
1304.15
1201.15
1193.05
17390.97
1246.93
1199.01
17393.11
1246.93
1204.01
17400.03
1258.13
1191.14
17299.18
1279.12
1199.96
17253.88
1302.00
1211.88
17253.88
1324.89
1207.11
1188.04
17380.00
1232.86
1195.91
17393.83
1217.13
1182.08
17393.83
1250.03
1201.15
17316.10
1261.00
1181.13
17269.13
1295.80
1193.05
17252.92
1316.07
1214.03
1189.95
17355.92
1248.84
1275.06
17395.97
1250.03
1194.00
17400.03
1235.01
1222.85
17397.88
1235.01
1207.11
17290.83
1267.91
1199.01
17264.13
1288.89
1200.20
17245.05
1344.92
1194.00
1177.07
17374.99
1228.09
1203.06
17373.09
1233.82
1184.94
17367.12
1224.99
1178.98
17252.92
1297.00
1204.97
17257.21
1321.79
1204.97
21242.86
1338.01
1201.87
1197.10
13389.11
1235.01
1200.91
17382.86
1234.05
1188.99
17380.00
1238.11
1188.04
17262.94
1291.99
1214.98
17279.86
1290.08
1193.05
17251.97
1323.22
1202.11
1187.09
17384.05
1235.96
1205.92
17366.17
1216.17
1209.97
17362.83
1235.01
1189.95
17266.04
1311.06
1213.07
17271.04
1312.02
1208.07
17241.95
1318.93
1217.84
1194.00
17390.01
1219.99
1186.13
17378.09
1220.94
1185.18
17345.91
1239.06
1204.01
17260.07
1298.90
1199.01
17235.99
1303.91
1200.91
1184.94
17346.86
1209.02
1185.89
17351.15
1221.18
1198.05
17356.16
1228.09
1185.18
17251.97
1285.08
1188.99
17237.19
1299.14
1192.09
1189.95
17369.99
1205.92
1194.00
17369.99
1219.99
1197.10
17373.09
1235.01
1200.91
17298.94
1306.06
1226.90
17337.08
1290.80
1191.85
17230.03
1299.86
1199.96
1180.17
17371.18
1217.13
1189.95
17360.93
1215.93
1199.96
17349.00
1241.92
1199.96
17267.94
1280.78
1215.93
17239.81
1297.00
1203.06
1184.94
17339.94
1205.92
1194.00
17386.20
1219.03
1210.93
17364.03
1234.05
1199.01
17273.90
1291.04
1204.97
17272.95
1294.85
1198.05
17250.06
1318.93
1219.03
1199.96
17368.08
1217.13
1196.15
17392.16
1215.93
1194.00
17354.97
1225.23
1206.87
17245.05
1288.18
1194.00
17249.11
1321.08
1207.11
17246.01
1314.88
1237.87
1260.04
17370.94
1224.99
1192.09
17385.96
1225.95
1208.07
17365.93
1235.96
1194.00
17269.13
1293.18
1219.03
21261.93
1297.00
1228.09
13235.09
1298.90
1216.89
1194.95
17353.77
1230.96
1194.95
17349.00
1219.03
1188.04
17331.84
1220.94
1193.05
17257.93
1283.88
1196.86
17234.09
1303.91
1194.00
1178.98
17372.13
1209.02
1187.09
17374.04
1217.13
1193.05
17340.18
1239.06
1195.91
17261.03
1289.13
1204.01
17251.01
1318.93
1205.92
1217.13
17364.03
1210.93
1189.95
17367.84
1216.89
1191.85
17355.92
1257.90
1211.88
17281.06
1280.07
1195.91
17266.04
1290.08
1214.98
17247.92
1318.93
1204.97
1192.81
17375.95
1224.99
1199.96
17390.01
1220.94
1188.99
17365.22
1223.09
1198.05
17258.17
1287.94
1202.11
17275.09
1291.04
1205.92
17244.10
1326.80
1219.99
1197.81
17391.92
1229.05
1194.00
17394.07
1236.92
1199.96
17406.94
1243.83
1190.90
18179.89
1219.03
1188.99
17363.07
1213.07
1194.00
17382.14
1209.02
1188.04
17363.07
1227.86
1185.89
17254.11
1277.92
1200.91
17241.95
1297.95
1217.13
17261.03
1327.04
1212.12
1224.99
17390.01
1234.05
1188.04
17374.04
1235.01
1206.16
17378.09
1245.98
1210.93
17270.09
1289.13
1209.97
17269.85
1306.06
1201.15
17257.93
1320.12
1205.21
1211.17
17368.08
1214.98
1183.99
17374.99
1209.02
1191.85
17360.93
1232.86
1195.91
17262.94
1304.86
1205.92
17241.00
1301.05
1204.97
17240.05
1301.05
1212.12
1193.05
17387.87
1219.03
1180.89
17334.94
1215.93
1187.80
17261.98
1267.91
1178.03
17231.94
1300.10
1196.86
1175.88
21344.90
1215.93
1181.84
13367.89
1205.92
1175.88
17331.84
1223.09
1183.99
17251.97
1285.08
1189.95
17249.11
1297.00
1198.05
1183.03
17356.87
1210.93
1188.99
17361.16
1217.13
1178.98
17333.03
1240.02
1194.95
17253.16
1279.83
1185.89
17251.97
1302.00
1199.96
1173.97
17363.07
1227.86
1184.94
17347.81
1228.09
1187.09
17312.05
1234.05
1182.08
17260.07
1289.84
1194.95
17231.94
1298.90
1199.96
1184.94
17376.90
1205.92
1173.97
17369.03
1225.95
1183.99
17279.15
1264.10
1186.13
17254.11
1294.85
1187.80
17229.08
1294.14
1201.15
1188.99
17365.93
1215.93
1187.09
17364.03
1219.99
1188.99
17262.94
1273.16
1188.04
17258.88
1289.13
1201.15
17240.05
1303.91
1199.96
1188.04
17377.85
1213.07
1191.14
17375.95
1218.08
1189.95
17297.03
1250.03
1182.79
17255.07
1286.98
1194.00
17245.05
1300.10
1208.07
1179.93
17374.99
1213.07
1194.95
17376.90
1224.99
1193.05
17321.11
1240.02
1192.09
17256.98
1291.99
1198.05
17255.07
1302.96
1198.05
1185.89
17369.99
1213.79
1184.94
17350.91
1219.99
1179.93
17325.88
1236.92
1182.08
17266.04
1283.88
1200.20
17240.05
1302.96
1212.84
1189.95
17368.08
1210.21
1192.09
17359.02
1225.95
1189.23
17353.06
1228.81
1188.99
17262.22
1291.99
1199.96
17251.97
1290.08
1206.87
1180.89
17338.04
1211.88
1209.02
17384.05
1219.99
1192.09
17364.98
1233.10
1188.99
17249.82
1292.94
1204.01
17261.03
1299.14
1201.15
21239.04
1326.08
1216.17
1188.04
13353.11
1215.22
1189.95
17365.93
1222.13
1199.01
17294.88
1266.96
1189.95
17262.22
1290.08
1197.10
17249.82
1306.06
1202.11
1192.09
17387.87
1224.99
1188.99
17365.93
1221.90
1193.05
17347.10
1232.86
1194.95
17253.16
1286.98
1194.00
17245.05
1299.86
1194.95
1184.94
17363.07
1213.07
1196.86
17364.98
1215.93
1182.08
17347.81
1234.05
1194.00
17259.12
1282.93
1200.91
17249.11
1297.95
1200.91
1189.95
17347.81
1215.93
1188.99
17372.13
1225.95
1194.95
17362.12
1228.09
1174.93
17260.07
1291.99
1205.21
17251.97
1298.90
1210.93
17225.98
1312.02
1206.16
1184.94
17371.89
1204.97
1193.05
17364.98
1228.09
1198.05
17263.17
1278.16
1193.05
17252.92
1276.97
1200.91
17229.80
1305.10
1205.21
1179.93
17359.97
1216.89
1183.99
17352.10
1223.09
1182.79
17256.02
1284.84
1185.89
17236.95
1296.04
1209.02
17197.85
1334.91
1206.87
1180.17
17379.05
1209.97
1183.99
17354.01
1231.91
1194.00
17259.84
1285.08
1196.15
17253.16
1295.80
1198.05
17196.18
1333.00
1208.07
1188.04
17365.93
1218.08
1185.89
17371.18
1224.99
1193.05
17272.95
1281.02
1199.01
17255.07
1289.13
1202.11
17243.15
1312.02
1225.95
1193.05
17377.14
1212.12
1192.09
17356.16
1223.09
1194.00
17313.96
1240.97
1188.99
17256.02
1278.88
1193.05
17238.86
1312.97
1211.88
1190.90
17381.91
1215.93
1186.13
17359.02
1221.90
1180.89
17315.86
1245.98
1195.91
21263.12
1291.04
1200.91
13238.91
1292.94
1192.09
1189.95
17360.93
1214.03
1199.01
17368.08
1221.90
1184.94
17332.79
1228.09
1181.13
17255.07
1293.90
1199.96
17252.92
1302.00
1198.05
1191.14
17359.97
1213.07
1197.10
17359.97
1219.03
1188.04
17355.20
1235.96
1188.99
17258.17
1285.08
1203.06
17255.07
1297.00
1200.91
1186.85
17356.87
1216.89
1183.99
17372.13
1211.17
1182.08
17354.97
1229.05
1193.05
17258.88
1277.92
1196.86
17244.82
1305.10
1207.83
1179.93
17342.09
1207.83
1188.99
17378.81
1214.98
1179.93
17365.22
1230.96
1190.90
17257.93
1288.89
1202.11
17261.03
1294.85
1196.86
17216.92
1320.12
1199.96
1186.85
17380.95
1224.04
1187.09
17359.02
1219.03
1183.03
17260.07
1276.02
1198.05
17241.00
1291.99
1204.01
17200.95
1332.04
1203.06
1193.05
17362.83
1224.04
1197.10
17355.92
1222.13
1194.95
17263.17
1281.98
1203.06
17269.85
1288.89
1199.96
17246.01
1321.79
1204.01
1194.00
17369.99
1214.98
1188.99
17358.06
1224.99
1188.99
17313.00
1247.88
1190.90
17270.09
1292.94
1206.87
17247.92
1307.96
1212.12
1186.85
17349.00
1219.03
1185.89
17375.95
1220.94
1192.09
17351.15
1232.15
1189.95
17256.98
1309.87
1199.01
17244.10
1304.86
1192.81
1183.99
17352.10
1217.84
1194.95
17395.02
1225.95
1194.00
17362.12
1235.01
1193.05
17267.94
1284.12
1200.91
17251.97
1286.98
1210.93
17243.15
1311.06
1207.83
1194.95
17383.81
1214.03
1186.13
21365.17
1230.00
1190.90
13333.80
1245.02
1200.91
17265.08
1281.02
1198.05
17246.01
1293.90
1198.05
1191.85
17358.06
1208.07
1192.09
17349.00
1222.13
1184.94
17354.01
1230.00
1188.04
17250.06
1286.03
1200.91
17244.10
1307.96
1199.01
1179.93
17351.87
1214.03
1193.05
17373.09
1224.04
1183.03
17362.83
1224.99
1195.91
17266.99
1291.04
1204.01
17256.02
1297.95
1203.06
17212.15
1308.20
1213.07
1183.03
17370.94
1222.85
1199.01
17368.08
1231.91
1194.00
17258.88
1284.12
1197.10
17273.90
1286.98
1204.97
17249.11
1306.06
1199.96
1184.94
17374.99
1205.92
1186.85
17365.93
1233.82
1199.96
17306.80
1248.12
1191.14
17257.93
1289.13
1198.05
17244.82
1310.11
1214.03
1193.05
17373.09
1219.03
1199.96
17377.14
1234.05
1194.95
17363.07
1224.99
1188.04
17269.13
1294.85
1205.92
17241.00
1300.81
1200.91
17212.87
1315.83
1205.92
1191.85
17380.00
1217.84
1195.91
17361.88
1226.90
1188.04
17267.94
1290.08
1194.95
17265.80
1290.08
1201.87
17239.09
1313.92
1215.93
1192.09
17374.99
1214.03
1184.94
17367.84
1224.04
1192.09
17328.02
1235.96
1188.99
17250.06
1284.12
1204.01
17258.88
1305.10
1219.03
1192.09
17352.82
1210.93
1188.04
17358.06
1209.97
1188.04
17343.04
1240.97
1200.91
17246.96
1291.04
1197.10
17243.15
1300.81
1200.91
1194.95
17348.77
1223.09
1188.99
17358.06
1222.13
1187.09
17342.09
1230.00
1196.86
17261.03
1287.94
1195.19
21266.94
1306.06
1197.10
1186.13
13344.05
1200.91
1184.94
17367.12
1214.98
1183.03
17338.99
1225.95
1184.94
17258.17
1279.83
1199.01
17251.97
1300.10
1206.16
1183.03
17360.93
1209.02
1187.09
17382.14
1219.03
1194.95
17372.13
1230.00
1187.09
17251.01
1281.02
1197.10
17246.01
1309.87
1209.97
17241.00
1310.11
1204.01
1180.89
17361.88
1214.98
1186.85
17359.02
1222.13
1194.95
17266.99
1266.00
1190.19
17272.95
1283.17
1187.09
17210.01
1310.11
1197.10
1186.13
17375.95
1213.07
1183.99
17349.00
1226.90
1186.85
17252.92
1287.94
1186.85
17246.01
1297.00
1205.92
1177.07
17344.95
1204.01
1183.99
17369.99
1225.95
1189.95
17366.89
1230.96
1190.90
17248.87
1279.12
1191.14
17249.11
1302.96
1207.11
17215.01
1325.13
1204.97
1183.03
17362.83
1224.99
1174.93
17345.91
1214.98
1193.05
17255.78
1289.13
1207.11
17261.03
1295.09
1195.19
17205.95
1340.87
1204.97
1183.99
17385.01
1217.84
1183.03
17343.04
1223.09
1179.93
17247.92
1277.92
1193.05
17259.12
1297.00
1199.01
1183.99
17350.91
1199.01
1178.03
17364.98
1219.99
1183.03
17368.08
1227.86
1188.99
17248.15
1281.98
1197.10
17236.95
1299.14
1198.05
1186.13
17349.96
1210.93
1190.90
17367.84
1207.11
1197.10
17352.10
1231.19
1191.14
17265.08
1292.23
1194.00
17242.91
1302.00
1190.19
1188.04
17344.95
1203.06
1178.98
17363.07
1226.19
1188.04
17340.18
1222.13
1192.09
17251.01
1284.12
1188.04
21254.06
1304.86
1198.05
1196.15
13334.04
1209.02
1188.99
17345.91
1224.04
1188.04
17350.20
1240.02
1187.09
17261.03
1290.08
1202.82
17253.88
1297.95
1209.97
1182.08
17344.00
1208.07
1180.89
17367.84
1224.99
1188.99
17352.10
1219.99
1196.86
17270.09
1280.07
1190.90
17248.87
1298.90
1191.85
1173.02
17359.97
1212.12
1196.15
17391.92
1219.99
1188.04
17354.97
1224.99
1183.99
17247.20
1290.08
1188.99
17256.98
1302.96
1202.82
17237.90
1317.02
1200.91
1182.08
17375.95
1217.84
1180.89
17353.06
1220.94
1188.99
17259.12
1281.98
1203.06
17256.98
1283.88
1206.87
17235.99
1307.01
1201.15
1183.03
17360.21
1218.08
1186.13
17354.01
1225.95
1189.95
17261.03
1286.03
1201.87
17262.94
1291.04
1194.00
17228.84
1305.10
1196.15
1188.99
17374.04
1218.08
1181.84
17361.88
1230.00
1189.95
