1245.98
1224.04
1218.08
1161.10
1164.91
1185.89
25244.95
1254.08
1227.14
1219.03
1193.05
1204.01
1190.90
25355.82
1268.86
1251.94
1196.15
1208.07
1180.17
25290.01
1270.06
1243.83
1205.92
1195.19
1179.93
1191.85
25311.95
1198.05
1181.13
1192.09
1188.99
1205.92
25292.16
1275.06
1251.22
1199.96
1190.19
1204.97
1188.99
25358.92
1243.83
1237.87
1198.05
1180.89
1174.21
25238.99
1233.10
1215.93
1198.05
1188.04
1213.07
1204.01
25328.87
1208.07
1207.83
1202.82
1191.85
1189.95
25265.22
1256.94
1247.88
1232.86
1202.82
1194.00
1189.95
25344.85
1258.85
1245.98
1204.97
1173.02
1178.03
25238.99
1259.09
1238.11
1239.06
1195.19
1209.97
1207.11
25308.13
1204.97
1193.05
1181.13
1209.02
1209.02
25280.95
1265.05
1232.15
1229.05
1187.09
1188.99
1188.04
25331.02
1250.03
1297.95
1245.98
1173.97
1169.92
25228.98
1284.12
1240.02
1225.95
1158.00
1170.16
1172.07
25290.01
1233.82
1230.00
1203.06
1180.17
1183.03
25218.96
1278.88
1214.03
1206.87
1187.09
1183.99
1187.09
25300.98
1205.92
1191.85
1199.96
1204.01
1190.19
1207.11
25310.04
1194.95
1195.91
1205.92
1191.14
1190.90
25289.06
1259.09
1238.11
1219.03
1193.05
1193.05
1200.20
25341.99
1253.13
1228.09
1188.04
1163.01
1183.03
25244.00
1288.18
1265.05
1240.02
1192.09
1188.04
1183.99
25349.14
1233.10
1235.01
1226.19
1268.86
1185.89
25260.93
1217.13
1188.04
1182.08
1236.20
1219.03
1214.03
25296.93
1196.15
1188.99
1178.03
1195.91
1197.10
25262.12
1234.05
1202.11
1209.97
1170.87
1194.00
1181.13
25310.04
1224.99
1206.87
1177.07
1159.19
1158.00
25192.02
1257.90
1193.05
1187.80
1211.88
1199.96
1204.97
25260.93
1212.84
1205.92
1177.07
1203.06
1200.20
1214.03
25311.95
1217.84
1203.06
1192.09
1173.02
1175.17
25255.92
1246.93
1240.02
1204.97
1703.98
1168.97
25225.16
1220.94
1181.84
1196.86
1189.95
1198.05
1223.09
25273.08
1235.01
1208.07
1197.10
1189.95
1188.99
1203.06
25318.86
1226.90
1191.85
1219.03
1188.04
1188.04
21249.06
1240.02
1216.17
1211.88
1183.99
1197.10
1207.11
25326.01
1206.87
1195.91
1176.12
1182.08
1179.93
25228.98
1219.03
1182.08
1173.02
1173.02
1165.87
1173.97
25238.04
1228.81
1199.01
1183.03
1188.99
1192.81
1194.00
25326.97
1230.96
1219.03
1199.96
1204.01
1209.97
25277.85
1241.92
1196.15
1200.91
1168.97
1176.12
1189.95
25306.94
1223.09
1209.97
1197.10
1203.06
1209.97
25310.04
1231.91
1178.03
1165.87
1185.89
1195.91
1188.99
25284.05
1189.95
1168.97
1181.13
1162.05
1176.12
1174.93
25298.83
1197.10
1197.10
1194.00
1175.17
1182.08
25244.00
1242.88
1216.17
1218.08
1185.89
1206.87
1219.99
25300.03
1192.09
1191.14
1183.99
1205.92
1201.87
25269.99
1229.05
1189.95
1190.19
1169.92
1177.79
1169.92
25233.03
1235.01
1197.10
1188.99
1189.95
1181.13
1195.91
25303.84
1221.90
1233.82
1207.83
1191.85
1202.82
25261.16
1251.94
1209.97
1204.01
1214.98
1192.09
1192.09
25306.94
1205.92
1213.07
1242.16
1194.00
1186.13
25252.10
1214.03
1216.89
1193.05
1171.11
1175.17
1178.98
25276.18
1224.99
1227.86
1198.77
1185.89
1188.99
1198.05
25292.87
1209.97
1213.07
1220.94
1209.97
1189.95
25255.92
1223.09
1178.03
1164.91
1198.05
1199.96
1207.11
25305.99
1223.09
1209.02
1216.89
1194.95
1194.00
29234.17
1234.05
1201.15
1202.11
1141.07
1161.10
1168.01
25274.99
1232.86
1234.05
1190.90
1149.18
1158.95
1155.85
25326.01
1207.11
1198.05
1184.94
1151.80
1162.05
25214.91
1225.95
1190.19
1195.91
1151.08
1154.90
1155.14
25238.04
1198.05
1168.97
1167.06
1148.94
1167.06
1170.16
25310.99
1212.12
1206.16
1209.02
1158.95
1166.11
25217.06
1242.88
1223.80
1230.96
1183.03
1177.07
1186.13
25275.95
1226.90
1188.99
1179.93
1171.83
1169.92
1167.06
25283.10
1184.23
1178.98
1186.13
1152.99
1161.10
25218.01
1223.09
1204.01
1197.10
1178.03
1176.83
1173.97
25251.15
1225.95
1221.90
1198.77
1173.02
1175.88
1176.83
25315.05
1219.99
1228.09
1186.13
1176.12
1177.07
25239.94
1245.98
1213.07
1208.07
1173.97
1199.01
1196.86
25305.03
1216.89
1207.83
1193.05
1199.01
1209.02
25260.93
1237.87
1193.05
1200.20
1221.90
1195.91
1199.01
25298.83
1204.01
1184.94
1190.90
1197.10
1192.09
1189.95
25309.80
1215.93
1218.80
1200.91
1183.99
1180.89
25245.90
1238.82
1201.87
1194.95
1197.10
1199.01
1196.15
25295.02
1178.03
1170.16
1147.03
1178.98
1168.97
25223.97
1204.97
1182.08
1180.17
1178.03
1168.97
1169.92
25238.04
1230.00
1207.11
1222.13
1176.12
1183.99
1183.03
25316.00
1233.10
1219.99
1183.03
1178.03
1203.06
25246.14
1251.94
1198.05
1210.93
1207.11
1199.96
1184.94
25315.05
1205.92
1176.83
1178.98
1200.91
1204.01
25240.90
1240.02
1185.18
1183.03
1178.98
1102.92
1140.12
25219.92
1256.94
1212.84
1204.97
1163.01
1163.96
1163.01
25285.01
1216.89
1201.15
1183.03
1168.01
1163.96
1165.15
26551.96
1196.86
1186.13
1181.13
1182.08
25248.05
1244.07
1210.21
1219.03
1194.00
1208.78
1206.87
25300.98
1209.97
1206.87
1204.01
1198.05
1193.05
25247.10
1240.97
1211.88
1205.92
1141.07
1160.86
1151.80
25256.87
1231.91
1219.99
1195.91
1168.01
1167.06
1178.03
25295.97
1204.01
1224.04
1201.15
1184.94
1181.84
25243.04
1214.98
1181.13
1153.95
1173.02
1167.06
1173.02
25278.81
1191.14
1173.97
1167.77
1159.91
1168.97
1172.07
25294.07
1189.95
1178.98
1163.96
1163.96
1168.01
25231.12
1214.98
1186.13
1172.07
1189.95
1179.93
1177.79
25249.00
1204.97
1173.97
1171.11
1171.11
1178.03
1178.03
25295.02
1198.77
1178.98
1166.11
1178.03
1178.98
25228.98
1225.95
1213.07
1194.00
1189.95
1183.03
1179.22
25249.96
1224.99
1202.11
1209.97
1168.97
1184.94
1183.99
25299.07
1199.01
1188.04
1176.12
1172.07
1181.13
25233.98
1215.93
1176.12
1178.03
1173.97
1178.03
1175.88
25249.96
1216.89
1199.01
1180.89
1166.82
1177.07
1172.07
25304.08
1222.13
1195.91
1196.15
1199.96
1178.98
25230.17
1233.10
1210.93
1210.93
1178.98
1178.98
1182.08
25298.12
1217.13
1194.00
1191.85
1199.01
1187.09
1199.96
25291.20
1204.01
1196.15
1202.11
1185.89
1194.00
25254.01
1230.96
1214.03
1212.12
1182.08
1186.13
1196.15
25310.99
1200.20
1188.04
1199.96
1209.02
1194.00
25274.04
1247.17
1191.14
1219.03
1186.13
1171.11
1184.94
25304.79
1201.87
1200.91
1195.19
1184.94
1185.89
25230.88
1262.90
1214.03
1218.08
1184.94
1188.99
1210.93
25264.02
1220.94
1206.16
1183.03
1187.09
1193.05
1196.15
25316.95
1198.05
1206.87
1196.86
1194.00
1192.09
25269.03
1217.13
1202.11
1200.91
1173.02
1199.96
1205.21
25314.09
1202.11
1200.91
1199.01
1198.05
1187.09
25247.10
1227.14
1209.97
1186.85
1161.81
1183.99
1178.98
25266.89
1240.02
1221.90
1180.89
1150.13
1168.01
1165.15
25324.11
1209.97
1194.95
1188.04
1158.00
1158.00
25217.06
1224.99
1193.05
1192.09
1173.02
1160.86
1170.16
25234.94
1194.95
1168.01
1174.93
1230.00
1237.87
1235.01
25357.01
1238.11
1220.94
1216.89
1197.81
1185.89
25253.77
1255.04
1229.05
1211.88
1188.04
1191.14
1188.99
25321.96
1199.96
1196.86
1178.98
1165.15
1172.07
25240.90
1232.86
1189.95
1198.05
1180.89
1178.03
1188.99
25290.97
1251.94
1219.99
1205.92
1206.16
1198.05
25254.01
1268.86
1229.05
1219.03
1202.11
1194.00
1186.13
25283.10
1224.04
1209.02
1186.13
1180.17
1189.95
1181.84
25310.99
1214.03
1219.03
1180.89
1171.83
1168.97
25243.04
1262.90
1239.06
1252.89
1178.98
1193.05
1188.99
25348.19
1243.11
1233.10
1214.98
1191.14
1188.99
25254.01
1238.11
1217.13
1199.01
1174.93
1188.04
1182.08
25305.99
1202.82
1194.95
1188.99
1188.99
1199.96
25264.98
1241.92
1221.90
1218.08
1152.99
1173.02
1173.97
25251.15
1248.12
1219.99
1210.21
1163.96
1168.97
1179.93
25334.12
1243.83
1240.97
1227.14
1189.95
1208.78
25286.91
1285.79
1276.97
1235.01
1195.91
1217.13
25233.98
1295.80
1237.87
1234.05
1178.03
1176.12
1178.98
25259.97
1255.99
1216.17
1198.05
1182.08
1179.93
1189.95
25310.04
1209.97
1206.87
1191.85
1199.96
1208.07
25270.94
1270.06
1240.97
1237.15
1191.85
1199.96
1184.94
25372.98
1280.07
1271.01
1183.99
1178.03
1176.83
25259.97
1289.84
1269.82
1242.88
1187.80
1184.94
1192.09
25339.13
1248.12
1241.92
1208.78
1188.99
1188.99
25294.07
1222.85
1198.05
1179.93
1195.91
1202.11
1198.05
25318.86
1221.90
1227.14
1191.85
1177.79
1179.93
25245.19
1270.06
1236.92
1248.84
1179.93
1191.85
1199.96
25337.93
1242.88
1228.81
1225.95
1192.09
1187.09
25285.96
1228.09
1194.00
1193.05
1180.89
1188.04
1181.84
25305.99
1220.94
1216.89
1210.93
1199.01
1189.95
25251.15
1265.05
1245.02
1233.82
1158.95
1180.17
1177.07
25301.93
1230.00
1198.05
1214.03
1205.92
1204.97
25288.82
1245.98
1215.22
1210.93
1196.86
1179.93
1183.03
25290.97
1225.95
1217.84
1196.86
1206.16
1213.07
25216.10
1274.11
1201.15
1187.09
1183.03
1183.03
1188.99
25251.87
1209.97
1178.98
1172.78
1160.86
1175.88
1175.88
25300.98
1229.05
1199.01
1189.95
1190.90
1183.99
25244.95
1252.89
1216.89
1222.13
1205.92
1186.85
1188.99
25305.99
1205.92
1187.80
1169.92
1186.13
1198.05
1187.09
25284.05
1194.95
1188.99
1184.94
1194.95
1175.88
25233.98
1248.12
1195.91
1198.05
1171.83
1183.03
1184.94
25310.99
1216.89
1211.88
1209.97
1199.96
1216.89
21252.16
1234.05
1207.11
1198.05
1204.97
1212.84
1185.89
25275.95
1224.99
1206.87
1195.91
1204.01
1188.99
1193.05
25289.06
1209.97
1202.82
1210.93
1167.77
1185.89
25250.91
1202.82
1176.83
1170.87
1180.89
1205.21
1204.97
25316.00
1208.07
1216.89
1183.03
1179.93
1194.95
25255.20
1240.02
1214.03
1229.05
1193.05
1194.95
1202.11
25310.99
1206.87
1196.86
1183.99
1173.02
1177.07
1173.97
25295.02
1186.13
1178.98
1173.02
1174.93
1172.07
25233.98
1220.94
1203.06
1203.06
1188.04
1197.10
1197.10
25329.11
1214.98
1212.84
1194.95
1202.11
1188.99
25238.99
1238.82
1195.91
1186.85
1211.88
1199.96
1214.03
25274.99
1185.89
1173.02
1178.98
1190.90
1185.89
1191.85
25323.87
1209.97
1195.91
1182.08
1179.93
1174.93
25244.95
1244.07
1236.92
1221.90
1163.96
1178.03
1184.94
25301.93
1215.93
1199.01
1191.14
1193.05
1195.19
25233.98
1244.78
1184.94
1188.04
1204.97
1192.09
1192.09
25262.12
1212.12
1182.08
1182.08
1189.95
1193.05
1206.87
25331.97
1228.81
1221.90
1185.18
1194.95
1191.85
25266.89
1231.91
1185.18
1186.13
1194.00
1186.13
1188.99
25293.83
1187.80
1178.98
1180.17
1168.97
1173.97
1176.12
25270.94
1198.05
1185.89
1193.05
1185.89
1203.06
25281.91
1201.87
1178.03
1183.99
1185.18
1193.05
1183.99
29290.91
1194.00
1178.98
1161.10
1180.17
1183.99
25216.10
1253.13
1193.05
1188.04
1194.00
1185.18
1176.12
25260.93
1253.84
1209.97
1205.92
1187.09
1194.95
1205.21
25326.97
1219.99
1216.89
1197.81
1199.01
1193.05
25262.12
1219.03
1180.17
1176.12
1195.91
1201.87
1198.05
25299.79
1195.91
1185.89
1191.14
1198.05
1203.06
25257.11
1245.02
1220.94
1203.06
1208.78
1219.99
1204.97
25310.99
1224.04
1197.10
1183.03
1188.04
1185.89
1194.00
25274.99
1197.10
1198.05
1188.04
1214.03
1205.92
25266.89
1248.84
1226.90
1201.87
1193.05
1194.00
1198.05
25317.91
1209.02
1203.06
1177.79
1199.01
1205.92
25269.99
1242.88
1209.02
1205.92
1202.11
1197.10
1204.97
25301.93
1205.92
1192.09
1173.02
1193.05
1202.11
25254.01
1219.03
1178.98
1183.99
1181.13
1209.02
1202.11
25268.08
1232.15
1204.97
1199.96
1181.13
1189.95
1191.14
25327.92
1219.03
1195.91
1181.84
1175.88
1177.07
25258.06
1204.01
1181.84
1186.85
1179.93
1188.99
1189.95
25317.91
1214.98
1226.90
1191.85
1163.01
1167.06
25192.98
1276.97
1241.92
1220.94
1185.18
1169.92
1163.01
25238.99
1247.17
1217.84
1207.83
1172.07
1168.97
1178.03
25288.11
1188.99
1175.88
1160.86
1173.02
1173.02
25223.97
1214.98
1180.17
1188.04
1178.03
1173.97
1178.03
25249.96
1227.86
1200.20
1190.90
1172.78
1190.90
1183.99
25326.97
1245.98
1223.09
1199.96
1188.04
1199.96
25266.17
1240.97
1205.92
1209.97
1202.11
1195.91
1207.83
25310.04
1199.01
1188.04
1165.87
1195.91
1205.21
25253.06
1222.13
1201.87
1205.92
1185.89
1192.09
1207.11
25287.87
1223.09
1215.93
1205.92
1209.02
1197.81
1201.87
25306.94
1196.15
1184.94
1179.93
1199.96
1214.98
25274.04
1216.17
1191.14
1188.04
1194.95
1188.99
1213.07
25310.04
1196.15
1178.03
1160.86
1169.20
1169.92
25230.88
1224.99
1188.04
1180.89
1176.83
1170.87
1167.77
25239.94
1204.97
1181.13
1176.12
1162.05
1163.01
1167.06
25284.05
1190.90
1186.85
1180.89
1157.05
1158.00
1156.09
25283.10
1199.01
1190.90
1187.09
1162.05
1168.01
25228.98
1237.87
1214.98
1216.89
1169.92
1179.22
1175.88
25287.87
1209.97
1198.05
1188.99
1174.93
1170.87
1173.02
25281.91
1204.01
1190.90
1190.90
1171.83
1173.02
25244.95
1224.99
1194.00
1194.00
1176.83
1188.99
1183.03
25292.16
1212.12
1184.94
1169.92
1200.20
1195.91
25247.10
1225.23
1174.93
1176.83
1173.02
1174.93
1176.12
25247.10
1216.17
1188.04
1188.04
1169.92
1180.89
1176.12
25314.09
1209.02
1201.87
1193.05
1199.96
1194.95
25235.89
1249.79
1199.96
1192.09
1193.05
1183.03
1194.00
25264.98
1214.98
1196.86
1211.88
1178.03
1178.03
1181.84
25300.03
1197.10
1179.93
1176.83
1173.97
1184.94
25243.04
1211.17
1173.02
1178.98
1170.87
1173.02
1168.01
25252.10
1204.97
1194.00
1174.93
1160.86
1169.20
1162.05
25296.93
1207.11
1186.85
1180.89
1175.17
1168.01
25227.07
1224.04
1192.09
1188.99
1177.07
1185.18
1173.97
25242.09
1216.89
1209.97
1201.15
1178.03
1178.03
1180.17
25311.95
1216.89
1195.19
1189.95
1182.08
1179.22
25237.08
1251.94
1196.86
1199.01
1183.99
1180.17
1176.12
25295.97
1207.11
1197.10
1198.05
1185.89
1207.11
25226.12
1271.01
1209.97
1195.91
1199.01
1193.05
1196.15
25273.08
1215.93
1194.95
1178.03
1197.10
1203.06
1197.81
25300.03
1191.14
1187.09
1190.90
1211.88
1202.82
25260.93
1253.84
1199.01
1201.15
1196.86
1209.02
1199.01
25319.81
1217.84
1201.87
1181.84
1200.91
1200.91
25252.10
1214.98
1183.99
1176.12
1178.98
1204.01
1165.87
25252.82
1200.91
1179.22
1173.97
1195.19
1189.95
1196.15
25294.07
1177.07
1170.16
1167.06
1218.08
1226.90
25286.91
1238.11
1207.11
1216.17
1187.09
1190.90
1196.86
25316.95
1234.05
1224.99
1203.06
1188.99
1188.99
25244.00
1271.01
1266.00
1256.94
1182.08
1183.03
1176.12
25332.93
1258.85
1240.97
1204.01
1183.99
1199.01
25249.00
1271.96
1242.16
1242.16
1193.05
1194.95
1188.04
25299.07
1222.13
1203.06
1184.94
1183.99
1185.89
25214.91
1261.95
1202.11
1208.07
1181.13
1178.98
1185.89
25269.99
1269.10
1242.16
1228.09
1203.06
1199.96
1195.19
25324.11
1240.02
1238.11
1198.05
1194.00
1200.91
25272.85
1229.05
1202.11
1203.06
1183.99
1191.14
1178.98
25338.89
1268.86
1250.03
1219.99
1180.17
1183.99
25269.03
1250.03
1230.96
1220.94
1188.99
1199.01
1198.05
25312.90
1210.93
1192.09
1178.03
1204.97
1195.91
25256.87
1245.02
1219.99
1224.99
1183.03
1189.95
1205.92
25336.03
1252.89
1242.16
1217.13
1173.97
1182.08
25252.10
1299.86
1261.00
1262.90
1183.99
1209.97
1210.93
25355.10
1244.07
1233.82
1197.81
1177.07
1173.97
25243.04
1228.09
1197.10
1194.00
1209.02
1199.96
1206.87
25326.01
1227.14
1224.99
1219.03
1209.97
1204.97
25268.08
1265.05
1256.94
1240.02
1166.11
1180.17
1177.07
25310.99
1255.04
1257.18
1226.90
1184.94
1191.14
25275.95
1272.92
1248.84
1245.98
1209.97
1199.01
1192.09
25309.09
1220.94
1204.97
1188.04
1216.17
1208.07
25258.06
1245.02
1224.04
1209.97
1156.09
1177.07
1171.11
25304.08
1276.02
1259.80
1229.05
1200.91
1188.99
25264.98
1252.89
1224.04
1224.04
1212.12
1188.04
1201.87
25322.91
1206.16
1202.11
1193.05
1168.01
1172.07
25200.84
1268.86
1219.03
1215.93
1189.95
1188.04
1191.14
25279.05
1273.16
1239.06
1224.04
1200.91
1195.19
1201.87
25349.86
1246.93
1238.82
1184.94
1175.17
1177.07
25237.08
1204.97
1210.93
1203.06
1214.03
1204.97
1199.96
25331.02
1211.88
1203.06
1183.03
1179.93
1188.04
25240.90
1221.90
1207.83
1190.90
1183.99
1182.79
1195.91
25314.81
1209.97
1187.09
1194.00
1233.82
1224.04
25274.04
1209.02
1183.03
1178.98
1203.06
1207.83
1191.85
25290.01
1235.96
1204.97
1186.13
1216.89
1212.84
25208.00
1266.00
1198.05
1200.91
1179.93
1182.08
1178.03
25234.94
1230.00
1195.91
1203.06
1166.82
1173.97
1176.12
25302.89
1215.93
1204.01
1185.89
1182.08
1183.99
25244.95
1230.00
1198.05
1207.11
1224.04
1199.01
1201.15
25290.97
1225.95
1194.00
1199.96
1229.05
1245.02
21245.96
1268.86
1197.81
1199.01
1223.09
1226.90
1222.85
25279.05
1222.13
1201.87
1194.00
1197.10
1203.06
1200.20
25307.89
1191.85
1188.04
1203.78
1211.88
1216.89
25269.99
1212.12
1183.99
1175.17
1209.97
1209.02
1194.00
25328.87
1217.84
1198.05
1193.05
1173.97
1173.02
25234.94
1235.96
1200.20
1194.95
1194.00
1189.95
1196.86
25302.89
1214.98
1201.87
1214.03
1210.93
1205.92
25289.06
1226.90
1182.08
1179.22
1168.01
1212.12
1188.99
25262.83
1205.92
1185.89
1186.13
1163.01
1170.16
1178.03
25303.13
1200.20
1209.02
1196.15
1207.11
1205.92
25277.85
1229.05
1195.91
1202.82
1204.01
1204.97
1192.81
25321.96
1204.01
1196.15
1188.04
1169.20
1175.88
25204.90
1253.13
1190.90
1174.93
1193.05
1197.10
1192.09
25269.03
1207.11
1183.03
1188.04
1207.83
1209.97
1199.96
25318.15
1217.13
1199.01
1196.15
1182.08
1182.08
25251.15
1253.13
1199.01
1199.96
1186.13
1184.94
1194.95
25315.05
1229.05
1206.87
1197.81
1205.92
1219.03
25256.87
1227.86
1189.95
1186.13
1204.97
1201.87
1231.19
25298.12
1233.10
1203.06
1193.05
1201.15
1199.01
1201.87
25313.14
1208.07
1184.94
1186.85
1171.83
1173.02
25244.95
1243.11
1202.11
1219.99
1188.99
1202.11
1198.05
25327.92
1212.84
1209.97
1204.97
1201.87
1194.95
29263.02
1249.79
1215.93
1194.00
1178.98
1167.06
1168.01
25282.14
1229.05
1192.81
1179.93
1178.03
1176.12
1166.11
25300.98
1206.87
1202.82
1185.89
1178.03
1180.89
25248.77
1228.09
1210.93
1191.85
1189.95
1179.93
1184.94
25295.97
1198.05
1189.95
1172.78
1187.09
1180.89
25205.85
1240.97
1187.09
1176.12
1171.11
1178.03
