1398.80
21508.93
1482.01
1414.06
21538.02
1505.85
1392.84
21604.06
1444.10
21512.99
1530.17
1394.03
21535.87
1487.02
1408.10
21630.05
1427.89
26414.16
1443.15
1389.03
25630.95
1426.94
17503.98
1492.02
1389.03
25532.96
1464.84
1378.06
13596.06
1401.90
21507.02
1477.00
1376.87
25511.03
1482.96
1394.03
25626.90
1420.97
1395.23
13586.04
1412.15
25521.99
1499.89
1403.09
25625.94
1446.96
1389.03
17606.97
1415.97
25524.85
1507.04
1389.03
17501.83
1461.03
1375.91
21620.04
1422.88
25549.89
1504.90
1396.89
13509.04
1469.85
1410.96
21609.07
1427.89
25450.94
1549.96
1398.80
25547.03
1563.07
1421.93
13581.99
1401.19
1374.01
25604.96
1410.96
25527.00
1479.86
1390.93
13552.90
1432.90
1369.00
25614.02
1416.92
25505.07
1508.95
1397.85
13506.89
1451.02
1374.96
25614.98
1439.09
25491.00
1602.89
1424.07
13509.04
1462.94
1377.82
21600.01
1416.92
1382.83
25599.96
1408.10
25537.97
1484.87
1384.02
17512.08
1457.93
1389.98
25619.03
1415.97
13480.19
1472.00
1385.93
25519.85
1497.98
1401.90
25652.89
1447.92
13448.95
1538.04
1410.01
21531.11
1475.10
1387.83
25621.89
1435.04
1388.79
25619.03
1455.78
17529.01
1470.80
1386.88
25561.09
1453.16
1377.11
17605.07
1417.88
25512.93
1492.98
1396.18
13524.06
1457.93
1398.80
25655.03
1455.78
21522.05
1495.12
1392.13
21526.81
1468.18
1392.13
25616.17
1444.10
13430.12
1528.02
1396.18
25515.08
1493.93
1398.09
25580.88
1439.81
1374.01
13597.97
1410.96
25492.91
1487.97
1389.03
25517.94
1467.94
1379.01
13595.10
1407.15
1376.15
25579.93
1421.93
25537.97
1501.08
1390.93
17591.00
1439.09
1383.78
21632.91
1468.90
25549.89
1502.99
1411.91
13582.94
1415.01
1394.99
25660.99
1437.19
25535.11
1513.00
1398.09
17539.98
1451.02
1393.08
25641.20
1420.97
13493.06
1461.98
1409.05
21519.18
1487.97
1389.98
25617.84
1415.01
25436.16
1556.87
1394.03
17523.05
1469.85
1375.91
25583.03
1423.12
1370.19
17642.02
1414.06
25516.99
1496.08
1403.09
13512.13
1466.04
1420.97
25619.03
1406.91
21481.99
1503.94
1395.23
25549.89
1481.06
1389.03
13612.03
1423.12
25399.92
1585.96
1421.93
25543.21
1479.15
1394.99
17596.96
1436.00
1373.05
25630.00
1424.07
13496.88
1474.14
1383.07
25514.13
1515.87
1401.90
25650.02
1414.06
13495.21
1476.05
1381.87
21499.87
1478.20
1394.99
25616.88
1429.08
1376.15
25594.95
1413.11
17519.95
1467.94
1394.99
25586.13
1452.92
1408.82
13613.94
1411.91
25524.85
1497.03
1407.15
25542.02
1466.99
1421.21
17632.96
1419.07
25516.99
1496.08
1393.08
17509.94
1463.89
1384.02
25609.97
1426.94
13427.02
1542.09
1389.98
21517.99
1480.10
1379.97
25551.08
1441.00
1375.91
25652.17
1427.89
17525.91
1487.02
1408.10
25542.97
1492.02
1407.86
13621.81
1405.95
25491.00
1492.98
1394.03
25585.89
1483.92
1399.04
21631.00
1419.07
17483.95
1492.02
1386.88
25529.15
1470.80
1372.10
13571.02
1416.92
1367.81
21600.96
1396.89
21495.10
1477.96
1384.02
25518.89
1476.05
1384.02
25630.00
1415.01
13424.87
1537.08
1393.08
25536.06
1518.01
1410.01
25614.98
1434.09
1384.02
13582.94
1407.86
25538.92
1497.03
1406.91
25537.97
1471.04
1387.12
13590.81
1399.99
25484.09
1499.18
1389.03
17513.99
1470.09
1408.82
25655.98
1448.87
25467.87
1549.01
2219.92
13602.02
1408.10
25501.01
1486.06
1395.23
25524.14
1460.08
1385.93
13574.12
1425.98
25483.13
1522.06
1384.02
25547.03
1468.90
1389.03
13587.00
1410.01
1399.99
25610.92
1416.92
25541.78
1495.12
1419.07
13588.19
1431.94
1384.02
25653.84
1422.88
25541.07
1490.12
1392.13
13512.85
1461.98
1391.17
21641.97
1441.00
25516.99
1502.99
1394.99
25519.13
1486.06
1398.09
17606.97
1412.87
25457.86
1556.16
1387.12
17503.02
1468.90
1377.82
25579.93
1453.88
1384.02
13608.93
1402.85
25504.11
1506.09
1395.23
25569.92
1491.07
1436.00
13623.00
1426.94
21504.88
1472.95
1384.97
25572.06
1493.93
1380.92
25623.08
1421.93
17485.86
1487.97
1398.09
25521.04
1477.00
1379.97
17614.13
1434.09
1380.92
25632.86
1412.87
17529.96
1479.86
1419.07
25608.06
1446.96
1384.97
13595.10
1392.84
25510.07
1492.02
1399.04
25532.96
1472.95
1410.96
13604.88
1400.95
25481.94
1509.90
1383.07
25525.09
1468.90
1391.89
13584.85
1418.83
1375.91
21614.07
1425.98
25521.04
1493.93
1391.89
25527.00
1479.15
1383.07
17610.07
1412.87
25518.89
1518.01
1414.78
13506.89
1463.17
1379.97
25623.80
1428.13
25444.03
1551.15
1475.10
13527.15
1463.89
1384.97
25619.98
1425.98
1375.91
25599.96
1410.01
17518.04
1472.00
1386.88
25544.17
1452.21
1379.01
13594.87
1399.04
21511.08
1478.91
1387.83
25536.06
1471.04
1385.93
25635.96
1431.94
13406.04
1550.20
1408.10
25527.00
1487.97
1399.99
25599.96
1446.96
1400.95
17625.09
1425.98
25552.99
1490.12
1407.15
13571.02
1432.90
1379.01
25635.00
1432.90
25539.88
1501.08
1399.99
13524.06
1454.11
1373.05
25609.97
1408.10
25527.00
1510.14
1397.13
13509.04
1462.94
1388.79
25613.07
1429.08
1383.07
25652.89
1523.02
13528.11
1473.19
1394.03
25617.84
1414.06
1377.11
25619.98
1410.96
17530.92
1466.99
1374.01
25533.91
1457.93
1399.99
13587.95
1399.99
21472.22
1491.79
1380.92
25514.84
1471.04
1378.06
25604.96
1429.08
1388.07
13576.98
1399.99
25508.88
1482.96
1389.98
25525.09
1466.99
1388.07
13597.97
1403.81
25487.90
1523.97
1409.05
25536.06
1483.92
1392.84
13599.87
1420.02
1387.12
21582.13
1413.11
25528.91
1490.83
1398.09
25567.05
1458.88
1378.06
13601.06
1399.99
21500.11
1483.20
1399.04
25522.95
1522.06
1402.85
25615.93
1415.01
13494.97
1486.06
1381.16
25510.07
1569.03
1424.07
25624.99
1425.98
13463.97
1538.99
1397.13
25526.05
1472.95
1396.89
25618.08
1437.90
1371.86
13605.83
1392.13
25504.11
1489.16
1384.97
25521.04
1482.01
1400.95
13605.12
1399.99
21462.92
1492.98
1375.91
25510.07
1458.88
1377.11
25572.06
1417.88
1371.86
13599.87
1394.99
25494.81
1482.96
1387.83
21507.98
1463.89
1379.01
25645.97
1440.05
17423.15
1558.78
1415.01
25549.17
1478.91
1391.89
13610.84
1425.98
1375.20
25614.02
1451.02
25583.03
1498.94
1388.79
13540.98
1426.94
1386.88
21612.88
1410.96
25512.93
1489.88
1395.94
25525.09
1472.00
1393.08
13584.14
1430.99
25450.94
1564.03
1408.10
25540.11
1485.82
1399.04
13612.99
1417.88
1379.01
25599.00
1405.95
21510.84
1485.11
1383.07
25524.14
1464.84
1379.97
13600.11
1407.15
25480.03
2282.86
1384.97
25635.00
1418.11
13509.04
1478.91
1385.93
25526.05
1457.93
1369.00
25624.99
1414.06
13460.16
1474.14
1387.12
25515.08
1485.82
1389.98
21584.99
1425.98
1384.97
21614.07
1404.05
25534.15
1496.08
1394.03
17812.97
1560.93
25507.93
1503.94
1389.03
17520.19
1457.93
1389.98
25616.88
1420.97
1368.05
17607.93
1399.04
25514.13
1480.10
1389.98
17513.99
1461.98
1372.81
25621.89
1415.97
17497.06
1486.06
1382.11
25521.99
1472.00
1382.83
17581.94
1421.93
1380.92
25618.79
1400.95
17494.92
1472.00
1381.16
25561.09
1513.00
1406.91
17619.85
1379.01
25485.99
1485.11
1378.06
17491.82
1466.04
1374.96
25602.10
1417.88
1369.95
21625.04
1411.91
13520.96
1472.00
1379.01
25518.89
1463.89
1382.11
25632.14
1414.06
13464.21
1487.02
1380.92
25517.94
1472.00
1400.95
25609.02
1430.03
1382.11
17603.16
1404.05
25523.90
1488.92
1384.02
13516.90
1451.97
1374.96
21600.96
1414.06
25440.93
1538.99
1384.02
25526.05
1469.85
1384.02
17578.12
1421.93
1376.15
25626.18
1407.15
17497.06
1483.92
1385.21
21511.08
1467.94
1380.21
25608.06
1413.11
13406.99
1546.14
1386.17
25521.04
1492.02
1394.99
25557.04
1451.02
1377.82
13587.95
1390.93
25495.05
1493.22
1384.97
25541.07
1478.20
1384.97
13602.97
1404.05
1369.95
21596.19
1417.16
25513.17
1477.96
1382.11
25532.96
1466.04
1378.06
13599.87
1401.90
25472.88
1494.88
1390.93
25531.05
1477.00
1385.93
13585.81
1412.87
1375.91
25622.84
1410.01
17524.00
1471.04
1394.99
21507.02
1480.10
1384.97
25630.00
1417.16
25515.08
1496.08
1393.08
13519.05
1475.10
1393.80
25606.87
1427.89
25435.92
1563.07
1400.95
13513.09
1462.94
1386.17
25581.12
1444.10
1382.11
25635.00
1415.97
13514.04
1474.14
1385.93
25527.00
1474.86
1383.78
25630.95
1422.88
17493.01
1499.89
1399.04
25539.88
1481.06
1397.85
13592.00
1418.11
1388.07
21591.90
1412.87
25519.85
1490.12
1390.93
25555.13
1443.15
1384.02
13596.06
1420.02
21497.01
1479.15
1387.12
25534.87
1482.96
1399.99
25630.00
1424.79
13438.94
1532.08
1405.00
25523.90
1477.96
1400.95
25612.83
1440.05
1385.93
13587.00
1399.99
25525.09
1483.92
1401.90
25535.11
1468.90
1386.88
13611.08
1418.83
21486.04
1494.17
1395.94
25523.90
1476.05
1388.07
25618.79
1424.07
1369.95
13584.85
1410.01
21514.89
1481.06
1390.93
25528.91
1461.98
1384.02
25632.14
1420.97
13494.97
1472.00
1380.92
21512.03
1472.00
1386.17
21616.94
1429.08
1386.17
25604.01
1411.91
25543.93
1477.96
1390.22
17584.09
1438.14
1396.18
25642.16
1413.11
13498.07
1468.90
1389.03
25516.03
1478.91
1377.11
25631.90
1416.92
13471.13
1508.00
1399.99
21521.81
1472.95
1390.93
21602.15
1425.03
1379.97
21621.23
1419.07
25532.01
1495.12
1390.22
25552.99
1455.78
1380.92
17633.91
1425.03
25532.01
1493.22
1395.94
13512.85
1452.21
1389.03
25614.98
1432.18
25498.15
1520.87
1407.86
13517.86
1461.03
1385.93
21598.10
1415.97
1381.16
25613.07
1415.97
25549.17
1502.99
1406.91
13572.93
1435.04
1389.03
25629.04
1407.86
25536.06
1495.84
1392.84
13517.86
1472.00
1394.03
25628.09
1415.01
25491.95
1512.05
1405.95
13524.06
1465.80
1388.07
21610.98
1425.98
1377.82
21587.85
1406.91
25516.03
1488.92
1399.99
25574.92
1446.01
1383.07
13602.02
1417.16
25521.99
1490.83
1394.99
25529.15
1479.86
1389.03
13590.10
1412.15
21451.00
1548.05
1410.96
25534.15
1475.81
1379.97
25625.94
1429.80
1389.03
17610.07
1418.83
25537.97
1494.88
1394.03
13558.15
1433.13
1379.01
25629.04
1415.01
17495.87
1479.15
1397.13
21523.00
1484.87
1394.03
25634.05
1432.90
25496.01
1513.00
1394.03
13517.14
1472.00
1387.12
25623.08
1427.17
1386.17
25610.92
1423.12
13522.86
1472.00
1391.89
25556.09
