1438.86
1373.05
1369.00
1357.08
1348.97
1359.94
1363.04
1344.92
25572.06
1424.07
1378.06
1397.85
1370.91
1364.95
17583.85
1395.94
1394.99
1391.89
1389.03
17512.08
1461.98
1404.05
1394.03
1370.91
1362.80
17593.86
1410.01
1383.78
1380.92
1373.05
17497.06
1492.98
1385.93
1407.15
1384.97
1373.05
1369.95
1351.83
1358.99
9546.04
1410.01
1369.95
1410.01
1371.15
1365.90
1373.05
1356.12
1378.06
1379.01
1363.99
13458.01
1450.06
1387.12
1391.17
1379.01
1409.05
1446.96
1379.01
1367.09
13566.02
1407.86
1369.95
1409.05
1364.95
17413.85
1506.09
1405.00
1386.88
1379.97
1373.05
17488.00
1448.15
1374.96
1399.04
1383.07
1363.04
17560.01
1406.19
1388.07
1388.07
1367.09
17454.15
1485.11
1407.15
1395.23
1380.92
1370.91
17477.99
1469.14
1394.99
1403.81
1373.05
1382.11
1392.13
1374.01
1385.93
13539.08
1410.01
1407.15
1376.15
1369.00
1392.84
1383.07
1372.10
13453.96
1441.96
1384.97
1386.17
1363.99
1369.95
1384.02
1358.99
1363.04
13553.86
1397.85
1442.91
1396.89
1374.96
5446.91
1430.99
1379.01
1394.03
1379.97
1377.11
17487.05
1458.88
1402.85
1392.84
1382.11
1370.91
17585.04
1418.11
1397.13
1379.01
1361.13
17480.13
1462.22
1385.93
1385.93
1379.01
1366.14
29605.15
1425.03
1393.08
1394.99
1372.10
1377.11
1372.10
1367.09
13453.01
1461.98
1371.86
1375.91
1359.94
1367.09
1381.16
1359.94
1362.09
13473.99
1441.96
1381.16
1388.07
1374.96
1366.85
1396.89
1364.95
1378.06
13545.04
1409.05
1384.97
1379.97
1379.97
1379.97
1380.92
1370.91
13467.07
1446.01
1444.10
1425.03
1378.77
1379.01
1392.13
1371.15
1356.12
13548.14
1398.09
1383.78
1374.01
1360.18
1382.11
1368.05
1366.85
13461.83
1443.86
1393.08
1384.97
1374.01
1369.00
1382.83
1358.99
1354.22
13534.07
1401.90
1374.96
1371.15
1363.04
1388.07
1382.11
1387.12
11597.16
1459.12
1424.07
1399.99
6602.05
1404.76
1384.97
6509.07
1442.91
1420.97
1367.09
6515.98
1417.88
1389.03
1369.00
6568.91
1381.87
1364.95
6502.87
1448.87
1391.89
1374.01
6587.03
1396.89
1374.96
6505.01
1417.88
1383.07
1426.94
6603.00
1399.99
1374.96
6513.83
1419.07
1387.12
1377.11
6561.99
1409.05
1379.97
6472.83
1462.94
1399.99
1374.01
6529.81
1442.91
1386.88
1379.01
6580.83
1405.00
1381.16
6522.18
1425.98
1375.91
1402.85
6589.89
1438.86
1380.92
6342.89
1419.07
1375.91
1387.12
6572.01
1414.06
1369.00
6456.85
1472.00
1382.11
17508.03
1450.06
1384.02
1399.04
1374.01
1367.09
1385.21
1369.00
13411.05
1506.09
1409.05
1401.90
1384.02
1382.11
1389.98
1372.81
1369.00
13483.05
1447.92
1382.83
1383.07
1406.91
1414.06
1388.07
1358.03
1353.03
13535.02
1390.93
1388.07
1372.10
1367.81
1371.86
1350.88
1353.98
13463.02
1435.04
1379.97
1377.11
1374.96
1359.94
1378.06
1397.85
1384.97
13548.14
1404.05
1369.95
1396.89
1384.02
1375.91
1382.83
1369.00
13466.12
1442.19
1378.06
1382.83
1374.96
2129.08
1370.91
1383.07
13441.09
1441.00
1375.20
1375.91
1362.09
1354.93
1372.81
1363.99
1353.98
13445.85
1446.96
1384.02
9532.93
1395.94
1365.90
5507.95
1393.80
1380.92
1372.10
1362.09
21479.13
1482.01
1397.13
9488.11
1493.93
1522.06
13744.12
1415.01
1389.03
1379.97
1374.96
1377.11
1372.10
1373.05
13480.90
1452.92
1389.03
1394.99
1366.85
1369.95
1380.92
1359.22
1353.98
13548.14
1385.93
1373.77
1368.05
1368.05
1370.19
1367.09
1357.08
13452.05
1442.91
1393.80
1383.07
1369.95
1366.85
1373.05
1353.98
1357.08
13525.96
2135.04
1425.03
1369.95
1358.99
1368.05
1354.93
1358.03
9489.06
1402.14
1363.99
9517.91
1395.94
1358.03
9501.93
1384.97
5443.10
1425.98
1368.05
1369.00
1369.00
1353.03
13451.81
1424.07
1377.11
1380.21
1359.94
1352.07
17553.09
1401.19
1370.91
1374.96
1356.84
17416.00
1512.05
1403.81
1377.11
1371.15
1358.03
17479.18
1451.02
1380.92
1376.87
1364.95
1362.09
17552.14
1402.14
1373.05
1383.07
1363.99
1358.03
29585.12
1399.99
1380.92
1379.97
1362.80
1365.90
1369.00
1366.14
13463.97
1441.00
1367.81
1382.11
1355.89
1357.08
1372.10
1363.04
1357.79
13547.90
1395.94
1371.86
1365.90
1363.99
1365.18
1353.98
1352.79
13444.90
1443.15
1374.96
1374.96
1365.90
1360.89
1367.81
1361.85
1358.03
13449.19
1420.97
1373.05
1373.05
1365.90
1358.99
1366.14
1348.02
1354.93
13547.18
1394.03
1379.01
1362.09
1360.89
1362.09
1363.04
1352.79
13431.07
1435.04
1371.86
1371.86
1363.99
1354.93
1363.99
1357.08
1353.03
13444.90
1428.84
1372.10
1378.06
1358.99
1349.93
1375.91
1356.12
1350.16
8697.99
1392.84
1359.94
6512.17
1420.97
1399.04
1365.18
6577.97
1378.06
1363.99
6491.90
1422.88
1386.88
1365.90
6505.01
1409.05
1363.99
1372.10
6571.05
1394.03
1370.91
6514.79
1410.96
1370.91
1382.83
6564.86
1404.05
1373.05
6481.89
1417.88
1374.96
2674.10
1404.05
1372.81
1360.89
6581.07
1389.03
1368.05
6501.91
1415.01
1381.16
1364.95
6566.05
1379.97
1364.95
6490.95
1429.08
1388.79
1369.00
6519.08
1411.20
1373.05
1380.21
6587.98
1396.89
1371.86
6487.85
1415.01
1366.14
7744.07
1403.09
1378.06
6468.06
1452.92
1378.06
1372.81
6505.01
1428.13
1375.91
1363.99
6573.20
1384.02
1372.81
6487.85
1430.99
1374.01
1362.09
6566.05
1391.17
1374.96
6468.06
1451.97
1380.92
1363.99
6583.93
1419.07
1388.07
1369.00
6567.00
1381.16
1363.99
6510.97
1416.21
1389.98
1366.85
6574.87
1390.93
1383.78
6511.93
1420.97
1384.97
1373.05
6567.00
1394.03
1371.15
6464.96
1447.92
1392.84
1369.00
6457.09
1412.15
1369.00
1370.91
6578.92
1403.09
1363.99
6492.85
1423.12
1379.97
1377.82
6567.00
1400.95
1372.10
6478.07
1419.07
1378.06
1384.02
6500.01
1432.90
1373.05
1368.05
6577.97
1384.97
1387.83
6497.86
1437.90
1374.96
1372.10
6568.19
1384.97
1384.97
6493.09
1438.86
1375.91
1362.80
6551.03
1398.80
1389.03
6464.96
1457.93
1375.91
1368.05
6519.08
1410.01
1386.88
1363.04
6582.02
1397.13
1373.05
6520.99
1415.97
1380.92
1366.14
6576.06
1396.89
1369.00
6509.07
1414.78
4620.08
1387.12
1371.15
5266.19
6544.11
1420.97
1389.98
1365.90
6576.06
1382.83
1379.01
6502.15
1441.96
1382.83
1365.90
6561.04
1394.99
1379.01
6479.98
1446.01
1379.01
1366.85
6500.96
1422.88
1388.07
1368.05
6585.84
1389.03
1369.00
1523.02
1396.18
1367.09
1368.05
6565.09
1390.93
1359.94
18147.95
1451.97
1381.87
1383.07
1369.95
1363.99
1374.01
1355.17
1353.03
13487.10
1418.11
1376.15
1384.02
1360.89
1360.18
1372.10
1355.17
1348.97
13527.87
1392.84
1378.06
1371.15
1367.09
1369.95
1363.04
1357.08
13452.05
1436.00
1375.20
1383.07
1368.05
1355.89
1363.04
1346.11
1347.06
13524.06
1404.05
1369.95
1381.16
1353.03
1358.03
1369.95
1355.89
1359.94
13509.99
1399.04
1382.11
1369.95
1369.00
1369.00
1367.09
1354.22
13453.96
1438.14
1386.17
1385.93
1364.95
1362.09
1373.05
1362.80
1352.07
9515.05
1387.12
1371.15
1403.09
1366.14
1383.07
1358.03
1353.98
1370.91
1368.05
1356.12
29479.98
1478.91
1391.89
1380.92
1367.81
1369.95
17493.01
1444.10
1384.02
1387.83
1366.85
1358.99
17594.10
1837.97
1422.17
1376.87
1362.09
1380.92
1369.95
1363.99
13548.85
1399.04
1376.15
1384.02
1369.95
1373.05
1369.00
1369.95
13442.99
1454.11
1381.87
1382.11
1370.91
1363.99
1370.19
1362.09
1362.09
13468.03
1430.99
1374.96
1384.02
1366.85
1358.99
1371.15
1363.04
1358.03
13543.13
1393.08
1380.92
1379.01
1370.19
1374.01
1369.95
1362.09
13466.12
1438.86
1379.97
1379.97
1368.05
1366.14
17510.18
1439.09
1383.07
1384.02
1367.09
1363.99
17580.99
1389.98
1389.03
1366.85
1363.04
17485.14
1463.17
1384.02
1398.80
1369.95
1366.14
1378.06
1363.99
1363.04
13555.05
1405.00
1383.07
1384.02
1370.91
1373.05
1366.14
1366.14
13437.99
1446.01
1381.87
9452.10
1430.03
1389.03
1383.07
1372.10
1359.94
1385.93
1359.94
1362.09
13538.12
1398.09
1371.15
1384.02
1361.85
1355.89
1374.01
1366.14
13429.16
1461.98
1376.87
1375.91
1379.01
1363.04
1374.01
1363.99
1355.89
21471.02
1445.06
1383.07
9534.84
1395.94
1369.95
9540.08
1385.93
9435.18
1441.96
1379.97
9449.96
1439.09
1369.95
13462.07
1420.97
1374.96
1379.97
1363.99
1353.03
1379.01
1356.84
1360.89
13540.03
1392.13
1378.06
1374.01
1363.04
1371.86
1364.95
1358.03
13444.19
1446.01
1384.02
1401.90
1375.91
1359.94
1369.95
1366.85
1357.79
13516.90
1401.90
1364.95
1379.97
1359.94
1363.99
1369.95
1363.99
1353.03
13506.17
1386.17
1378.06
1377.11
1361.13
1366.14
1367.09
1358.99
13457.06
1435.04
1376.87
1382.83
1355.89
1355.89
17552.85
1404.05
1373.05
1379.01
1363.99
1361.13
17555.00
1397.13
1376.15
1368.05
1357.79
13443.95
1441.96
1384.97
13480.90
1436.00
1383.07
1379.97
1369.95
1360.18
17562.15
1398.09
1376.15
1374.96
1365.90
17454.86
1457.93
1369.95
9459.97
1437.19
1369.00
1376.15
1370.91
1353.98
17547.85
1411.91
1368.05
1381.87
1358.99
1357.08
1383.07
1353.98
13388.16
1475.81
1379.97
1383.07
1360.89
1354.22
1371.15
1355.89
1357.08
13453.01
1440.05
1374.01
1384.97
1357.08
1344.92
1360.89
1356.84
1359.94
13527.87
1400.95
1376.15
1381.16
1361.13
1350.88
1370.91
1354.93
13394.12
1472.00
1379.01
1379.97
1358.03
1357.08
1371.86
1354.93
1363.04
13448.00
1425.03
1379.97
1371.86
1359.94
1361.13
1372.10
1361.13
1349.93
13545.04
1394.99
1361.85
1384.97
1364.95
1368.05
1369.00
1358.99
13437.99
1439.09
1381.16
1374.96
1371.86
1358.99
1365.18
1355.89
1348.02
13448.00
1431.94
1369.00
1373.05
1359.94
1354.93
1363.99
1353.98
1358.03
13548.14
1392.13
1370.91
1372.81
1354.93
1363.04
1362.09
1359.94
13438.94
1444.82
1382.11
1373.05
1365.18
1359.94
1368.05
1356.12
1355.89
13454.91
1425.03
1374.01
1380.92
1358.03
1360.89
1371.86
1356.84
1352.07
13535.98
1391.89
1380.92
1367.81
1363.99
1372.10
1369.00
1355.89
13435.13
1438.14
1379.97
1376.87
1371.86
1364.95
1372.10
1354.93
1366.14
13491.15
1415.01
1378.06
1378.06
1363.99
1349.21
1373.05
1357.08
1358.99
13530.97
1394.03
1383.07
1364.95
1365.90
1358.99
1363.04
1360.89
19600.87
1456.98
1386.17
1374.01
6572.96
1389.03
7817.98
1430.99
1373.05
1372.10
6501.91
1404.05
1380.92
1366.14
6567.00
1387.83
1369.95
6495.00
1406.91
1386.88
1372.10
6563.90
1389.03
1374.96
6492.85
1426.94
1385.93
1374.96
6549.12
1397.13
1369.95
5187.99
1461.03
1374.01
1375.91
1368.05
6501.20
1413.11
1374.01
1366.85
6561.04
1388.07
1379.97
6502.87
1409.05
1377.11
1376.87
6560.80
1386.88
1370.91
6496.91
1415.97
1377.11
1379.01
6502.87
1425.03
1376.15
1362.09
6546.02
1384.02
7719.99
1428.13
1376.15
1368.05
6551.03
1392.84
1376.87
6465.91
1448.87
1379.01
1369.95
11573.08
1413.11
1392.13
1361.13
6584.88
1379.01
1365.18
1403.09
1367.09
1362.09
1363.99
6544.11
1409.05
1370.91
6593.94
1416.21
1380.92
1368.05
6500.01
1421.93
1371.86
1382.11
6565.09
1390.93
1374.01
6515.98
1417.16
1374.96
1374.96
6570.10
1403.09
1368.05
6500.01
1425.03
1374.96
1384.02
6541.97
1410.01
1373.05
1367.09
6489.04
1383.07
1379.97
6504.06
1418.11
1377.11
1355.17
6554.13
1384.02
7874.01
1436.95
1380.92
1365.90
6525.04
1399.04
1379.97
1370.91
6557.94
1386.17
1363.04
6502.15
1423.12
1375.20
1372.10
19675.97
1420.02
1388.07
1372.81
1358.03
1384.02
1367.81
1363.04
13452.05
1444.82
1384.02
1384.02
1371.86
1363.04
1369.95
1358.03
1356.12
13524.06
1406.19
1379.97
1382.11
1366.85
1350.88
1372.81
1360.89
1354.93
13520.00
1394.99
1384.97
1368.05
1369.00
1367.09
1358.99
1358.03
13459.92
1426.94
1376.15
1384.02
1363.99
1370.19
1383.07
1359.94
1353.98
13539.08
1397.85
1375.91
1389.98
1365.90
1374.01
1369.00
1358.99
9437.08
1440.05
1379.97
1392.84
1371.86
1369.95
1371.15
1366.14
1360.89
1370.91
1353.98
1360.89
13490.20
1410.96
1365.90
1384.97
1367.09
1363.99
1373.05
1353.03
1356.84
17544.98
1393.08
17467.98
1449.11
1386.17
1394.99
1374.01
1370.91
1371.86
1365.90
1361.85
17517.81
1414.06
1372.81
1389.03
1363.99
1363.04
13570.07
1401.19
13478.04
1452.92
1389.98
1389.98
1379.97
1370.91
17477.04
1448.15
1388.07
1391.17
1369.00
1371.86
17590.05
1402.14
1386.17
1365.90
1361.85
17474.89
1466.04
1389.03
1390.93
1374.01
1365.90
17481.80
1442.91
1380.92
1384.97
1369.00
1335.86
1372.10
1363.04
1352.07
13532.16
1389.03
1372.10
1365.90
1363.04
1365.90
1362.80
1348.02
13445.14
1437.19
1385.93
1381.87
1356.84
1353.98
1371.15
1365.18
1363.04
13517.86
1407.86
1372.81
1397.85
1362.09
1364.95
5508.90
1379.01
1380.21
1363.04
1354.93
17458.20
1442.19
1380.92
1382.83
1369.00
1366.14
17469.17
1448.15
1377.11
1383.07
1363.99
1360.89
17563.10
1409.05
1380.92
1363.99
1367.09
29496.91
1477.00
1395.94
1395.94
1381.16
1369.95
1378.06
1368.05
1358.03
13552.90
1404.05
1378.06
1367.09
1363.99
1357.08
1375.91
1358.99
13403.18
1486.06
1381.16
1378.06
1370.91
1365.18
1371.15
1359.94
1350.88
13458.01
1436.00
1376.87
1374.96
1364.95
1358.99
1374.01
1363.04
1360.89
13545.99
1399.99
1369.00
1388.07
1366.14
1363.99
1357.08
1354.93
13439.89
1450.06
1379.97
1380.92
1369.00
1363.04
1375.91
1369.95
1358.03
13463.97
1430.99
1379.97
1385.93
1366.14
1363.04
1369.95
1357.08
1349.21
13553.86
1394.03
1377.11
1373.05
1359.94
1378.06
1360.18
1353.98
13442.99
1432.18
1374.96
1381.87
1359.94
1359.94
1369.00
1362.09
1353.98
13505.94
1405.00
1374.96
1379.97
1367.09
1357.08
1374.96
1361.13
1363.04
13513.80
1398.09
1386.17
1370.91
1364.95
1375.91
1363.99
1353.03
13448.95
1436.00
1379.01
1379.01
1370.91
1362.80
1378.06
1362.09
1361.13
13538.12
1407.15
1373.05
1376.15
1363.04
1365.18
1363.99
1353.98
13427.97
1451.02
1378.06
1378.06
1363.99
1363.04
1371.15
1366.14
1362.09
13447.05
1436.00
1373.05
1389.98
1358.99
1360.18
1374.01
1356.84
1363.99
13525.96
1407.86
1385.93
1370.91
1360.18
1378.06
1364.95
1358.03
10435.10
1438.14
1392.13
1380.92
6581.07
1399.99
1369.00
5259.99
1446.96
1377.82
1381.87
1370.91
6569.86
1396.89
1371.86
6478.07
1448.15
1385.93
1375.91
6510.02
1414.06
1373.05
1379.97
6577.01
1399.99
1375.20
6516.93
1417.88
1381.87
1377.82
6563.90
1401.90
1374.01
6381.03
1417.16
1370.19
1365.90
6510.97
1425.98
1373.05
1364.95
6569.15
1388.07
2861.98
1399.99
1383.07
1361.13
6577.01
1396.89
1374.96
6513.83
1420.97
1387.83
1363.99
6555.08
1401.90
1374.01
6475.93
1450.06
1394.03
1369.95
6438.97
1413.11
1381.87
1389.98
6574.15
1400.95
1369.00
22222.04
1467.94
1386.88
1391.89
1374.96
1370.19
1371.15
1363.04
1361.85
13545.99
1406.19
1371.15
1380.92
1363.04
1358.03
1381.87
1361.13
13424.87
1457.93
1382.83
1384.97
1372.81
1374.01
1380.21
1368.05
1366.14
13463.97
1436.95
1382.11
1389.98
1363.99
1363.04
1377.11
1370.19
1357.08
13540.98
1389.98
1385.21
1374.96
1368.05
1372.10
1363.04
1366.14
13450.15
1443.15
1378.06
1385.93
1376.15
1365.18
1377.11
1359.94
1358.03
13533.12
1403.09
1381.16
1389.03
1372.10
1363.04
1381.87
1359.94
13396.02
1480.10
1387.12
1380.92
1370.19
1364.95
1369.00
1363.04
1364.95
13462.07
1438.14
1390.93
1400.95
1366.85
1360.89
1366.85
1353.98
1354.93
17565.01
1395.94
1385.93
1379.01
1358.03
17460.11
1459.84
1383.07
1390.93
1369.95
1360.89
13473.99
1445.06
1382.83
13549.09
1402.14
1373.05
1379.01
1369.00
17406.94
1513.96
1385.93
1389.03
1376.87
1363.99
17481.09
1451.97
1382.11
1388.07
1367.81
1362.09
17566.92
1401.90
1378.06
1384.02
1363.04
5400.90
1482.01
1384.02
1374.96
1363.99
1363.99
1374.01
1372.81
1360.89
13453.01
1440.05
1379.97
1378.77
1362.09
1368.05
1373.05
1365.90
1353.98
13543.13
1398.80
1369.95
1378.77
1366.85
1369.00
1364.95
1358.03
13454.91
1437.90
1371.86
1380.92
1366.85
1358.99
1369.00
1371.15
1363.04
25498.87
1461.98
1387.83
1387.83
1370.91
1366.85
17591.00
1397.13
1384.02
1370.91
1371.15
17475.13
1458.88
1383.07
1391.89
1369.95
1367.09
17522.10
1428.13
1379.01
1389.03
1369.95
1365.90
17557.14
1391.17
1377.11
1374.01
1375.91
1368.05
1374.01
1364.95
13468.98
1446.01
1384.97
1380.92
1371.86
1363.99
1368.05
1358.99
1363.99
13544.80
1400.95
1374.01
1385.93
1369.95
1370.91
1366.85
1365.90
13452.05
1436.00
1386.17
1392.13
1374.01
1365.90
5455.97
1424.07
1379.97
1374.96
1358.03
1362.09
17546.18
1400.23
1374.96
1381.87
1371.86
17416.95
1497.98
1393.08
1387.12
1376.15
1365.90
17476.08
1461.03
1382.83
1389.03
1367.81
1369.95
17574.79
1415.97
1376.87
1377.82
1366.85
1377.11
1373.05
1351.12
13462.07
1446.01
1385.93
1376.87
1365.18
1360.18
1374.01
1369.95
1356.12
13458.97
1435.04
1374.01
1379.01
1368.05
1362.09
1376.87
1360.89
1362.09
13551.95
1394.03
1384.02
1374.01
1369.00
1374.96
1368.05
1357.79
13454.91
1441.00
1381.16
1379.97
1363.99
1362.09
1374.01
1362.09
1365.18
13529.06
1393.80
1374.01
1384.97
1362.09
1358.03
1374.96
1363.99
13427.97
1453.16
1387.12
1375.91
1362.09
1373.05
1373.05
1364.95
1363.04
13456.82
1441.00
1380.92
1388.07
1366.85
1363.99
1377.11
1362.09
1363.04
25002.96
1410.96
1379.97
1399.04
1371.86
1358.99
1384.02
6585.12
1414.06
1366.85
11571.88
1434.80
1395.94
1379.01
1383.07
1374.01
1362.80
1364.95
11654.85
1411.91
1374.01
1389.98
1379.97
1362.09
1363.99
6577.97
1390.93
1388.07
11559.01
1436.95
1374.96
1386.17
6505.01
1430.03
1377.11
1365.18
1396.89
1369.00
1356.84
6504.06
1421.93
1393.08
1369.00
6577.97
1385.21
1369.95
6498.81
1440.05
1398.09
1369.95
6501.91
1410.96
1374.01
1383.07
6579.16
1386.17
1373.05
6498.10
1418.83
1371.86
8012.06
1405.00
1376.87
6491.18
1427.17
1369.95
1386.88
6567.00
1408.10
1369.00
11553.05
1436.00
1397.85
1369.00
6438.02
1411.91
1370.19
1379.01
6589.89
1407.86
1361.85
6505.01
1420.97
1374.96
1381.87
6570.82
1409.05
1374.01
6505.97
1420.97
1376.15
1389.98
6520.99
1415.97
1368.05
1363.99
6550.79
1383.07
1394.99
6487.85
1438.86
1374.96
1369.00
6577.01
1380.92
1378.77
6501.91
1425.98
1376.15
1363.04
5252.12
1418.11
1363.99
1377.82
6497.86
1441.00
1386.17
1368.05
6553.17
1399.04
1389.03
6454.94
1474.14
1381.16
1371.15
6523.13
1410.96
1399.99
1374.01
6582.98
1382.11
1379.01
6505.01
1426.94
1401.90
1374.01
6573.20
1383.07
1383.07
6494.05
1431.94
1384.97
1373.05
6507.87
1409.05
1380.92
1374.01
6569.15
1388.07
1366.14
6489.04
1415.01
3206.01
1425.98
1388.79
1376.87
6515.03
1413.11
1376.15
1377.11
6575.11
1402.14
1369.95
6489.99
1414.06
1377.11
7782.22
1410.96
1382.83
6459.00
1460.08
1385.21
1383.07
6497.14
1432.18
1379.97
1364.95
6564.14
1383.07
1383.78
6502.87
1426.94
1370.91
1371.86
6560.80
1384.97
1382.11
6495.00
1442.91
1379.97
1367.81
6670.95
1394.03
1379.01
6465.20
1472.00
1384.02
1367.09
6505.01
1424.07
1386.88
1367.09
6586.07
1387.12
1370.91
6510.97
1413.11
1395.94
1373.05
6585.12
1386.17
1373.05
4571.91
1420.02
6582.98
1393.80
1379.01
6567.00
1422.88
1393.08
1374.01
6582.98
1386.88
1372.10
5133.15
1441.96
1379.01
1374.01
1363.99
6567.00
1388.07
1369.00
6475.93
1447.92
1393.80
1363.99
6502.15
1418.11
1376.15
1374.01
6571.05
1394.99
1374.96
6491.18
1418.11
1374.96
1374.96
6572.96
1395.94
1374.01
6490.95
1434.09
1375.91
1374.01
6495.00
1430.03
1376.15
1370.19
6569.15
1384.97
1390.93
6508.11
1432.18
1374.96
1363.99
6578.21
1384.97
1379.01
6497.14
1441.96
1369.00
1363.99
6556.99
1389.98
1381.87
6459.95
1452.92
1382.83
1366.85
6506.92
1413.11
1387.83
1373.05
6583.93
1385.93
1373.05
6524.09
1419.07
1394.99
1368.05
6567.96
1389.03
1370.19
6500.96
1426.94
1385.93
1355.89
6507.16
1409.05
1367.81
1375.91
6553.89
1402.14
1374.96
6497.86
1420.97
1369.95
7796.05
1404.05
1374.96
6479.02
1434.09
1380.92
1378.06
6495.00
1430.03
1379.01
1358.99
6572.01
1379.97
1379.01
6500.01
1420.97
1377.11
1360.89
6556.03
1384.02
1389.98
6500.01
1430.99
1379.01
1361.13
5314.11
1434.09
1362.80
1384.97
6479.98
1452.92
1379.97
1369.00
6520.99
1420.02
1394.03
1366.14
6577.01
1385.93
1374.96
6515.03
1411.91
1396.89
1372.10
6576.78
1388.07
1366.14
6513.12
1415.97
1394.03
1363.99
6481.89
1394.99
1365.18
1374.96
6553.89
1391.89
1366.85
6508.11
1413.11
1373.05
1379.01
6572.96
5056.14
1387.12
1365.90
6505.01
1420.97
1383.07
1372.10
6561.99
1394.03
1375.91
6479.98
1446.01
1393.08
1366.14
6462.10
1415.01
1366.85
1384.97
6559.85
1408.82
1368.05
6493.09
1411.91
1369.00
1382.11
6563.19
1392.13
1369.00
6485.94
1437.19
1372.10
1381.16
6488.08
1420.97
1375.91
1363.04
17846.11
1401.19
1384.02
1380.21
1368.05
1364.95
1363.99
1367.09
13448.95
1430.99
1378.06
1389.98
1370.91
1363.04
1371.86
1358.03
1363.99
13530.97
1399.99
1369.00
1386.17
1374.01
1379.97
1363.04
1352.07
13425.11
1454.83
1384.97
1384.97
1371.86
1363.99
1363.99
1361.85
1352.79
13461.11
1438.14
1382.11
1392.13
1374.01
1361.85
1375.91
1357.08
1360.89
13545.04
1360.89
1369.95
1366.85
1349.93
1363.99
1350.88
1350.88
13442.04
1436.95
1369.00
1376.87
1363.99
1357.08
1384.97
1355.89
1353.98
13448.95
1426.94
1369.95
1377.82
1365.90
1353.98
1373.05
1353.98
1352.07
13555.05
1394.99
5415.20
1469.14
1374.01
1374.01
1373.05
1359.94
21474.84
1449.11
1384.02
9461.88
1429.08
1376.15
9517.91
1382.11
1371.15
12223.96
1389.98
1369.95
1378.06
1360.18
1350.88
5435.94
1425.98
1373.77
1381.87
1360.89
1357.08
1373.05
1361.13
1359.94
13514.04
1396.18
1370.91
1384.02
1365.90
1356.12
1375.91
1355.89
1354.93
13522.15
1391.17
1385.93
1364.95
1355.89
1363.04
1360.89
1349.93
13450.86
1425.98
1379.97
1378.06
1358.99
1351.83
1370.91
1363.99
1356.12
13533.12
1389.98
1373.05
1383.07
1363.99
1363.99
17524.00
1395.94
17464.88
1457.93
1389.03
1397.13
1379.01
1369.00
1374.01
1363.04
1358.99
17541.89
1406.91
1377.82
1377.82
1360.89
1357.08
1372.10
1357.08
13386.96
1487.02
1382.11
1406.91
1370.91
1370.91
1374.96
1358.03
1354.93
13451.10
1431.23
1370.91
1380.92
1366.14
1358.99
1371.86
1353.98
1358.99
13529.06
1400.95
1369.00
1369.95
1369.95
1364.95
1369.95
1357.08
13426.07
1433.13
1382.11
1379.01
1359.22
1359.94
1364.95
1363.04
1358.03
13455.87
1425.03
1374.96
1379.01
1355.89
1358.99
17541.89
1399.04
1371.15
1379.01
1358.03
25408.03
1520.87
1394.03
1399.04
1371.15
1363.04
1369.95
1362.09
1358.99
13462.07
1440.05
1379.01
13556.96
1411.20
1371.15
1384.02
1361.85
1363.99
17537.12
1401.19
1383.07
1369.95
1361.85
17480.85
1446.01
1374.01
1374.01
1363.99
1367.09
17538.07
1407.15
1380.21
1379.01
1369.00
1365.90
17536.88
1399.04
1389.03
1377.11
1362.09
1369.00
1365.90
1358.99
13458.97
1436.00
1379.01
1387.12
1364.95
1368.05
1378.06
1368.05
1359.94
13535.02
1393.08
1372.10
1379.01
1363.04
1370.91
1369.95
1359.94
13448.00
1446.96
1382.11
1392.13
1369.00
1367.09
5453.11
1424.07
1373.77
1372.10
1364.95
1355.89
17563.82
1400.95
1367.81
1381.87
1371.86
17407.89
1502.99
1381.87
1384.02
1373.05
1359.94
25480.99
1462.94
1377.11
1398.09
1361.13
1358.99
1368.05
1363.04
1360.89
17569.78
1402.14
1379.97
1372.81
1372.10
1374.01
1360.18
1359.94
13453.01
1444.10
1381.87
1373.05
1361.13
1371.15
1373.05
1360.18
1354.93
13465.88
1436.00
1375.91
1382.11
1369.00
1363.04
1374.01
1359.94
1356.12
13547.90
1389.98
1386.88
1367.09
1365.18
5493.16
1441.96
1374.01
1373.05
1362.09
1363.99
17472.98
1432.90
1389.03
1376.87
1363.99
1357.08
17584.09
1396.89
1377.82
1373.05
1362.09
17464.16
1454.11
1375.20
1379.01
1375.91
1360.18
29499.05
1462.94
1388.07
1384.02
1363.04
1356.84
1370.91
1367.81
1356.84
13573.88
1394.99
1385.21
1369.95
1354.93
1374.01
1364.95
1358.99
13458.01
1428.84
1374.01
1379.01
1364.95
1364.95
1369.00
1364.95
1356.84
13549.09
1402.14
1373.05
1372.81
1360.89
1356.84
1374.96
1357.79
13395.07
1472.00
1380.92
1384.02
1364.95
1362.09
1367.81
1359.94
1351.83
13459.92
1430.99
1379.01
1384.97
1358.99
1358.03
1370.91
1356.84
1354.93
13534.07
1399.04
1373.05
1382.11
1363.99
1369.00
1371.15
1362.09
13437.99
1441.96
1372.81
1379.97
1366.85
1364.95
1389.98
1368.05
1358.99
13091.09
1435.04
1375.91
1372.81
6562.95
1397.85
1372.10
6515.98
1419.07
1370.91
1379.97
6594.18
1396.18
1368.05
6490.95
1417.16
1376.15
2624.03
1407.15
1381.16
1363.99
6581.78
1387.12
1379.01
6516.22
1413.11
1391.17
1359.94
6585.84
1396.89
1366.85
6508.83
1421.93
1384.97
1362.09
6555.80
1405.00
1370.19
6474.97
1466.99
1394.99
1369.95
6430.86
1411.91
1378.06
1384.02
6581.07
1397.13
1371.15
6500.96
1420.97
1373.05
1380.92
6564.86
1406.91
1367.81
6479.98
1437.90
1378.77
1374.96
6497.86
1428.84
1375.91
1365.90
6578.92
1377.82
1384.97
19567.01
1456.98
1381.87
1392.13
1374.01
1363.99
1374.01
1368.05
1358.99
13540.98
1406.91
1366.85
1390.93
1369.95
1374.96
1364.95
1358.99
13437.03
1444.82
1374.01
1384.97
1374.01
1363.99
1373.05
1356.12
1346.11
13467.07
1437.19
1377.11
1383.07
1363.99
1355.89
1386.88
1358.03
1358.99
13541.94
1394.03
1384.02
1374.96
1363.04
1382.83
1362.80
1358.99
13442.99
1441.96
1376.87
1385.93
1361.85
1360.89
1363.04
1363.04
1354.93
13532.16
1403.09
1369.95
1387.83
1363.04
1362.09
1367.81
1364.95
13377.19
1497.98
1384.02
1379.97
1369.95
1363.04
1374.01
1356.84
1358.99
13449.91
1437.90
1379.01
1391.89
1358.99
1359.94
1369.00
1359.94
1356.84
17551.90
1403.09
1371.15
1377.11
1366.14
17407.18
1500.13
1387.12
1383.07
1369.00
1358.99
13462.07
1446.01
1385.21
13520.96
1414.06
1379.97
1391.89
1371.15
1364.95
17570.97
1385.93
1381.87
1370.19
1363.99
17475.13
1449.82
1375.91
1384.02
1371.15
1363.99
17500.88
1431.94
1372.81
1382.11
1368.05
1358.03
17547.85
1398.09
1381.16
1362.09
1363.99
1374.01
1363.99
1370.91
13456.82
1442.91
1374.96
1389.03
1379.97
1360.89
1379.01
1370.91
1359.94
13545.99
1396.89
1375.91
1385.93
1360.89
1363.99
1369.95
1361.85
13428.93
1450.06
1384.97
1396.18
1369.00
1364.95
5442.14
1423.12
1376.15
1378.06
1360.18
1361.13
17565.01
1405.95
1374.01
1378.06
1373.05
17385.96
1522.06
1384.97
1382.11
1384.97
1366.85
17477.04
1447.92
1378.06
1380.92
1374.96
1369.95
17565.97
1424.79
1380.92
1379.97
1366.14
1363.99
1368.05
1362.09
13436.08
1470.09
1389.98
1382.83
1371.86
1359.94
1382.11
1366.14
1358.99
13460.87
1432.90
1379.97
1384.02
1363.99
1354.93
1380.92
1355.89
1350.88
13534.07
1384.02
1380.92
1375.91
1367.81
1384.02
1369.00
1364.95
13447.05
1439.09
1389.98
1381.87
1373.05
1357.79
1379.97
1363.04
1355.89
13523.10
1397.85
1373.05
1378.06
1366.14
1357.08
1371.15
1353.98
1358.99
13512.13
1389.03
1389.03
1370.91
1361.85
1369.95
1359.22
1358.03
13458.01
1436.00
1385.93
1382.11
1367.09
1363.04
1375.91
1358.03
1359.94
22121.91
1403.81
1389.03
6515.98
1441.96
1381.16
1363.04
6558.18
1393.08
1387.12
6482.12
1460.08
1383.07
1364.95
6505.97
1419.07
1390.22
1368.05
6583.21
1393.08
1366.14
5187.03
1437.90
1379.01
1373.05
1363.99
6580.83
1372.10
1369.95
6505.97
1422.17
1383.07
1369.95
6552.93
1391.17
1362.09
6484.99
1446.01
1394.03
1363.99
6509.07
1412.15
1374.01
1376.87
6580.83
1389.98
1369.95
6482.12
1420.97
1370.91
7814.17
1410.96
1373.05
6453.04
1470.80
1379.01
1378.77
6499.05
1430.03
1370.91
1358.99
6567.96
1384.02
1374.96
6496.91
1436.00
1381.16
1359.94
17636.06
1400.95
1382.11
1394.03
1365.18
1358.99
1372.81
1353.98
13398.17
1484.16
1383.07
1387.12
1374.01
1363.99
1378.06
1360.89
1372.81
13458.01
1430.03
1381.87
1394.03
1368.05
1362.80
1380.92
1363.04
1361.13
13545.99
1400.95
1382.11
1376.15
1358.03
1369.00
1368.05
1362.09
13449.19
1441.00
1377.82
1371.86
1379.97
1362.09
1366.85
1360.89
1357.08
13466.84
1417.88
1370.91
1389.03
1363.99
1360.89
1372.10
1362.80
1363.99
13530.02
1394.03
1389.03
1374.96
1361.13
1376.15
1358.99
1360.89
13448.95
1434.09
1375.91
1384.97
1367.09
1359.94
1369.95
1361.85
1356.84
13525.01
1398.09
1372.10
9523.15
1386.17
9447.10
1438.14
1379.97
9449.01
1428.13
1369.95
9438.04
1423.12
1379.01
9507.89
