1543.05
1402.14
1402.14
1377.11
1368.05
17591.00
1408.10
1389.03
1384.97
1372.81
17510.89
1483.92
1403.09
1404.05
1379.97
1369.95
17607.93
1421.93
1382.11
1373.05
1362.09
25465.01
1496.08
1391.89
13512.85
1465.08
1381.16
1384.97
1365.90
1353.03
17590.05
1409.05
1382.11
1379.97
1379.97
17481.09
1505.14
1405.00
1394.99
1384.02
1366.85
17509.94
1461.03
1378.06
1414.78
1377.11
1366.14
17612.93
1403.09
1389.03
1380.92
1376.87
17505.88
1469.14
1386.17
1376.15
1361.13
1352.07
17566.92
1455.07
1437.90
1403.81
1370.91
25457.86
1506.09
1396.18
13498.07
1469.85
1381.87
1396.89
1375.91
1366.85
17587.90
1425.03
1397.85
1379.97
1397.13
17507.08
1487.02
1408.10
1392.13
1369.95
1369.95
17511.84
1462.94
1389.98
1375.91
1369.95
1360.89
17602.92
1410.01
1384.97
1380.92
1379.97
17497.06
1474.86
1395.94
1384.97
1372.10
1373.05
17609.12
1417.88
1392.84
1383.07
1371.15
25475.98
1524.93
1399.04
13518.81
1488.92
1396.89
1395.94
1389.03
1385.93
17610.07
1433.85
1410.01
1384.02
1360.89
17483.00
1510.86
1416.92
1389.98
1370.19
1363.04
17598.87
1414.06
1381.16
1386.17
1365.90
17420.05
1528.98
1391.89
1384.02
1374.01
1360.18
17501.12
1460.08
1381.87
1392.84
1399.04
1382.11
17596.96
1416.92
1393.08
1388.07
1387.12
25505.07
1483.92
1412.87
13509.99
1442.91
1376.15
1411.20
1386.88
1365.90
17611.98
1416.92
1384.02
1386.88
1378.06
17497.06
1461.98
1379.97
1399.99
1385.21
1381.16
17600.06
1413.11
1379.97
1394.99
1379.97
18391.13
1420.02
1384.97
1399.04
1381.16
17461.06
1519.92
1397.85
1427.89
1379.97
1373.05
17498.97
1456.02
1388.07
1398.09
1362.09
1353.98
25615.93
1417.88
13527.87
1464.13
1380.92
1371.86
1365.90
1358.03
17507.08
1458.88
1381.87
1385.93
1392.84
1376.15
17601.97
1425.03
1389.98
1374.01
1376.15
17491.10
1480.82
1406.91
1405.00
1378.06
1377.11
17600.06
1412.87
1395.94
1392.84
1370.91
17449.86
1492.02
1381.87
1378.06
1374.96
1374.01
17511.13
1467.94
1386.88
1384.02
1363.99
1368.05
25604.96
1412.87
13515.00
1517.06
1439.09
1401.90
1384.97
1373.05
17526.87
1451.97
1399.04
1423.12
1487.97
17440.08
1539.95
1388.07
1380.92
1363.04
1348.97
17491.82
1469.14
1381.16
1374.96
1355.89
1346.11
17587.90
1398.80
1390.93
1391.89
1353.98
17460.11
1482.01
1388.07
1395.94
1370.19
1358.03
17504.93
1453.16
1398.09
1407.86
1376.87
1372.10
25644.06
1430.99
13497.11
1477.96
1399.99
1398.09
1382.11
1389.98
17514.94
1481.06
1407.15
1405.00
1360.89
1354.93
17593.15
1400.95
1396.18
1398.09
1366.14
17513.99
1481.06
1406.19
1387.12
1363.99
1360.89
17598.87
1410.96
1396.89
1386.17
1410.96
17593.86
1477.00
1411.91
1423.84
1379.01
1366.14
17589.09
1416.92
1374.96
1379.97
1356.84
25399.92
1558.07
1398.09
13497.11
1469.85
1394.99
1387.83
1363.99
1384.97
17611.98
1416.92
1365.90
1389.98
1367.81
17415.05
1513.00
1410.01
1395.94
1382.83
1368.05
17507.08
1485.82
1394.03
1393.08
1372.81
1363.04
17607.93
1414.06
1390.93
1374.96
1364.95
17479.18
1475.10
1386.88
1386.88
1366.85
1358.03
17501.12
1457.21
1384.02
1381.16
1378.06
1357.79
25624.99
1401.90
13504.98
1470.09
1403.81
1379.01
1410.96
1370.91
17551.18
1441.96
1379.01
1383.07
1364.95
1353.98
17585.99
1406.91
1389.03
1365.90
1364.95
17503.02
1478.20
1392.13
1413.11
1374.01
1372.81
17602.92
1414.06
1392.13
1376.15
1364.95
17503.02
1483.92
1394.99
1396.18
1374.01
1398.80
17520.90
1451.97
1374.01
1383.07
1358.99
1353.98
25614.98
1409.05
13476.13
1466.99
1381.87
1399.99
1375.20
1363.99
17493.01
1456.02
1375.91
1384.97
1360.18
1352.07
17599.11
1415.01
1421.93
1394.03
1374.01
17484.90
1501.08
1405.95
1390.93
1369.95
1410.96
17591.95
1404.05
1386.88
1388.79
1360.89
17420.05
1534.94
1389.98
1382.83
1369.95
1357.08
17495.87
1471.04
1389.03
1384.97
1376.15
1368.05
25611.16
1411.20
13450.15
1494.17
1394.99
1392.84
1374.01
1388.07
17531.87
1502.04
1393.08
1391.89
1394.03
1369.00
17604.11
1428.13
1393.08
1383.07
1379.97
17500.16
1465.80
1391.89
1398.09
1364.95
1362.09
17600.06
1436.00
1383.07
1399.04
1363.04
17432.93
1507.04
1389.98
1378.06
1373.05
1367.81
17488.96
1466.99
1385.93
1384.02
1369.95
1371.86
25613.07
1430.99
13508.08
1517.06
1390.93
1391.17
1376.15
1386.17
17529.01
1471.04
1415.97
1380.92
1365.90
1373.05
17583.85
1394.03
1389.98
1368.05
1358.03
17493.96
1482.01
1373.05
1384.97
1363.99
1364.95
17557.86
1451.02
1389.98
1383.07
1381.87
1383.07
17588.85
1402.85
1388.07
1376.15
1370.91
18362.05
1420.02
1394.99
1379.97
1369.95
25508.88
1485.11
1389.03
13605.12
1436.00
1379.97
1401.90
1375.91
17491.10
1501.08
1387.83
1380.92
1362.80
1364.95
17510.18
1460.08
1382.83
1379.97
1359.94
1371.15
17591.95
1435.04
1472.00
1617.91
1359.94
17490.15
1465.80
1383.07
1378.06
1357.79
1365.90
17604.83
1413.11
1388.07
1391.17
1371.15
17488.96
1497.03
1391.89
1393.08
1382.11
1372.10
25552.03
1457.93
1372.81
13602.02
1404.05
1384.97
1361.85
1355.89
17474.89
1465.08
1379.97
1378.06
1361.13
1374.01
17504.93
1457.93
1383.07
1399.99
1333.95
1355.89
17601.01
1391.17
1367.09
1372.10
1345.87
17475.13
1472.00
1372.10
1377.11
1351.12
1348.02
17493.96
1441.00
1375.91
1379.01
1362.09
1352.79
17596.01
1404.05
1379.01
1369.24
1358.03
25482.18
1489.88
1395.94
13511.18
1461.03
1378.06
1374.96
1363.99
1361.13
17591.00
1414.78
1379.01
1372.81
1354.93
17472.03
1472.00
1374.96
1379.01
1358.03
1363.99
17504.22
1458.17
1374.96
1372.81
1365.90
1374.96
17594.10
1404.05
1376.15
1374.01
1351.12
17469.17
1472.95
1379.01
1384.02
1368.05
1349.93
17484.90
1451.97
1379.01
1385.93
1364.95
1356.12
25609.97
1408.10
13471.84
1489.16
1382.11
1374.01
1366.85
1359.94
17498.97
1449.11
1379.97
1394.99
1366.85
1353.98
17581.94
1393.08
1363.99
1374.96
1348.02
17425.06
1494.88
1385.93
1381.87
1364.23
1358.99
17498.97
1451.02
1374.01
1384.97
1363.99
1359.94
17577.17
1396.89
1359.94
1369.00
1358.03
17409.09
1525.88
1378.06
1381.16
1376.15
1354.93
25493.86
1461.03
1382.83
13571.02
1413.11
1358.99
1389.98
1363.04
1348.97
17591.95
1394.99
1376.15
1359.94
1351.83
17497.06
1453.88
1379.01
1369.95
1363.99
1360.89
17558.81
1426.94
1374.01
1373.05
1360.89
1357.79
17570.02
1396.89
1379.01
1360.89
1354.93
17472.03
1465.08
1376.87
1374.96
1365.90
1348.97
17554.04
1417.88
1363.99
1379.01
1362.09
1354.93
25614.98
1396.89
13484.95
1456.98
1373.05
1381.87
1358.03
1355.89
17491.82
1451.02
1371.86
1379.01
1351.12
1348.02
17605.78
1399.04
1381.16
1366.14
1362.09
17467.02
1466.99
1376.87
1383.07
1365.90
1352.07
17491.10
1450.06
1376.87
1386.88
1365.90
1353.98
17582.18
1403.09
1376.15
1369.00
1348.97
17460.11
1465.08
1379.97
1376.15
1358.03
1361.13
25503.16
1466.99
1375.91
13573.88
1411.91
1373.05
1382.11
1353.03
17412.90
1511.81
1369.95
1371.86
1360.89
1358.03
17483.00
1449.82
1379.01
1383.07
1359.94
1365.18
25579.93
1416.92
1376.87
1401.90
1366.85
1366.85
1363.04
1358.99
17466.78
1472.95
1377.11
1388.07
1369.00
1365.18
17499.92
1456.98
1383.07
1376.87
1369.95
1364.95
17591.00
1415.01
21469.83
1486.06
1388.07
1382.83
1375.91
1360.89
25518.89
1474.86
1379.01
13594.15
1429.08
1386.88
1375.91
1361.13
21461.01
1511.10
1384.02
9479.05
1445.06
1379.01
9510.04
1410.96
1371.86
9529.83
1401.90
9401.08
1476.05
1386.88
9449.96
1430.99
1376.15
9456.87
1431.94
1380.92
9513.14
1399.04
1374.96
9521.96
1391.89
9422.06
1460.08
1384.97
9449.01
1427.89
1384.02
9449.96
1420.97
1369.00
9508.85
1391.89
1379.01
9521.01
1384.02
9406.09
1462.22
1386.88
9444.00
1418.11
1374.01
9444.00
1420.97
1375.91
9506.94
1410.96
1380.21
9531.97
1392.84
9402.99
1463.89
1379.01
9448.05
1438.86
1374.01
9460.93
1426.94
1377.82
9501.93
1392.13
1371.15
9528.88
1390.93
9393.93
1467.94
1384.02
9442.09
1429.08
1374.01
9459.02
1423.12
1366.14
9500.03
1394.99
1369.95
9525.06
1392.13
9402.04
1475.10
1379.97
9442.09
1438.14
1374.96
9460.93
1436.00
1374.96
13535.98
1408.10
1367.81
1380.92
1366.85
1364.95
17551.90
1400.95
1375.91
1369.00
1365.90
17476.08
1461.03
1371.86
1383.07
1364.95
1359.94
17526.15
1437.90
1378.06
1384.02
1363.99
1369.95
17571.21
1392.13
1384.02
1367.81
1358.99
17485.86
1456.02
1382.83
1386.88
1369.95
1367.09
17548.08
1420.97
1376.15
1388.07
1365.18
1369.00
17575.03
1395.94
1385.93
1370.19
1358.03
21494.87
1472.00
1383.07
13500.93
1438.86
1378.06
1385.93
1363.99
1358.03
25620.94
1409.05
13494.97
1459.12
1382.11
1367.09
1373.05
1366.85
25523.90
1472.95
1378.06
1383.78
1363.99
1357.08
25608.06
1410.96
9464.03
1469.14
1383.07
9471.89
1445.06
1369.95
9535.07
1426.94
1379.01
13577.94
1389.03
1379.01
1364.95
1358.99
13453.01
1461.03
1389.98
9471.89
1436.95
1380.92
9531.97
1400.95
1369.00
9542.94
1388.07
13442.99
1459.12
1379.01
1384.97
1359.94
1364.95
13457.06
1446.96
1384.97
9527.21
1404.05
1381.87
13580.08
1401.90
1381.87
1374.96
1367.81
29526.95
1502.99
1394.99
1390.93
1371.86
1369.00
25605.20
1419.07
1379.97
9555.10
1389.98
9466.89
1447.92
1384.97
9463.07
1441.00
1377.11
9510.99
1417.88
1374.01
9540.08
1393.80
13422.97
1492.98
1396.18
1389.03
1379.97
1365.18
13468.98
1436.00
1380.92
9510.99
1411.91
9590.86
1410.01
1371.86
13437.03
1464.84
1375.91
1374.01
1379.97
1383.07
17487.05
1456.98
1377.82
1384.02
1372.10
1369.00
25588.99
1411.91
9409.90
1500.13
1380.92
9465.93
1447.92
1374.96
9467.12
1436.00
1375.91
9547.00
1398.09
1374.96
9537.94
1385.93
9440.90
1446.01
1376.15
13474.94
1435.04
1375.20
1379.01
1362.80
1360.89
13530.97
1402.85
1370.91
13564.11
1401.90
1381.87
1371.86
1369.95
13454.20
1449.82
1379.97
21498.20
1457.93
1388.79
13598.92
1405.00
1371.86
1379.97
1366.14
13400.08
1494.88
1387.83
13475.89
1448.87
1376.87
1390.93
1369.95
1361.13
13510.94
1410.01
1370.19
13587.95
1406.91
1384.97
1373.05
1364.95
13453.96
1443.15
1386.88
13485.91
1443.15
1383.07
1387.12
1363.04
1357.08
13545.99
1404.05
1379.01
9526.97
1389.98
13484.00
1447.92
1379.01
1381.87
1364.95
1363.04
17491.82
1451.02
1382.83
1386.88
1361.85
1365.90
25594.95
1410.01
1385.93
1364.95
1365.90
17474.17
1462.94
1377.11
1377.82
1366.85
1363.99
17497.06
1447.92
1384.97
1381.16
1369.00
1360.89
17580.99
1393.08
1384.02
1373.05
1356.84
17483.00
1458.88
1382.83
1379.97
1368.05
1353.98
17488.00
1448.15
1380.92
1384.97
1363.04
1364.95
17577.17
1409.05
1377.11
1373.05
1362.09
17473.94
1595.97
1402.14
1379.01
1366.85
1360.89
22596.84
1430.03
1405.00
11611.94
1467.94
1370.91
1388.07
11709.93
1413.11
1379.97
11594.06
1449.11
1391.89
1373.05
11665.82
1422.88
1382.11
11580.94
1451.97
1381.87
1381.87
11591.20
1441.96
1377.11
11574.98
1512.05
1389.98
1374.01
11609.08
1453.16
1379.01
1367.81
11680.13
1402.14
1378.06
11602.16
1443.15
1394.03
1374.01
11602.88
1383.07
1371.15
11579.04
1461.98
1377.11
1369.00
6597.04
1389.98
1391.89
11584.04
1441.00
1376.87
1383.78
11665.11
1400.95
1370.91
11582.85
1459.84
1386.88
1364.95
11602.16
1427.17
1372.10
1364.95
20524.02
1459.84
1388.07
1371.15
11625.05
1428.84
1381.87
11537.08
1469.14
1394.99
1374.01
11585.00
1436.95
1386.88
1369.00
11662.01
1389.98
1393.08
11598.11
1441.00
1376.15
1379.01
11674.17
1425.98
1374.01
16652.82
1466.99
1385.93
1374.01
16788.96
1413.11
1379.01
11780.98
1456.02
1389.03
1364.95
21876.81
1398.09
1379.97
16718.86
1452.92
1378.06
1381.87
16659.02
1396.89
7714.99
1443.15
1399.99
1369.95
16731.98
1431.94
1374.01
16656.16
1491.07
1382.83
1375.91
16700.03
1463.89
1377.11
16746.04
1482.96
1383.07
1374.01
22202.97
1406.91
1397.85
16690.97
1461.03
1392.13
1373.05
16743.90
1400.95
1394.03
11607.89
1441.96
1380.92
13031.01
1399.99
1369.95
17300.84
1415.97
1381.87
16696.93
1466.99
1389.98
1384.97
16575.10
1416.21
1377.11
16150.95
1540.18
1392.13
13175.01
1451.97
1389.98
1390.22
16789.91
1407.86
1383.07
20371.91
1482.96
1384.97
1375.91
1359.94
16798.02
1421.93
1371.86
16696.93
1461.98
1410.01
1370.91
16782.05
1415.01
1377.11
16694.07
1459.84
1397.85
1370.91
10223.87
1419.07
1392.13
1372.10
11590.00
1442.91
1379.01
1394.03
11693.00
1403.09
1374.01
16602.04
1461.98
1379.97
1384.97
16407.01
1415.97
1386.17
18207.07
1402.14
1394.03
16691.92
1456.02
1398.09
1369.00
16758.92
1389.98
1390.93
16686.20
1453.16
1403.09
1369.00
15150.07
1426.94
1386.88
1379.01
11597.87
1446.96
1392.13
1383.07
11680.13
1405.00
1376.87
11612.89
1455.07
1381.87
1365.90
21618.84
1401.90
1384.02
1369.00
16752.00
1403.09
1386.88
16690.97
1453.88
1386.88
1366.85
16772.99
1404.05
1372.81
15134.10
11701.11
1451.02
1382.83
1390.93
16777.04
1399.99
1384.97
20514.97
1477.00
1395.94
13590.10
1411.91
1389.03
1374.96
1359.94
24286.99
1513.00
1387.83
1375.91
16765.83
1423.12
1379.97
16834.02
1476.05
1384.02
1364.95
17181.87
1385.93
1369.95
16714.81
1456.02
1376.87
1389.03
16664.98
1395.94
1386.88
16350.03
1463.17
1379.01
13137.82
1405.95
1371.15
11615.04
1465.08
1379.97
1369.95
11665.11
1400.95
1372.10
11553.05
1461.03
1395.94
1372.10
16680.96
1441.96
1398.09
14976.98
1518.01
1406.91
1377.82
1365.90
16680.00
1450.06
1391.89
1364.95
16755.10
1421.93
1367.81
16660.93
1467.94
1384.97
1360.89
21857.98
1400.95
1372.10
16702.89
1466.99
1384.02
1377.82
16592.03
1401.19
1374.01
16165.97
1496.79
1374.96
1391.89
16692.88
1460.08
13347.15
1504.18
1379.01
1376.15
16506.20
1440.05
1380.92
7847.07
1415.97
1369.00
21734.95
1469.85
1379.01
1369.95
16781.09
1406.91
1377.11
16556.02
1468.90
1374.96
12809.99
1460.08
1372.81
17064.09
1497.98
1384.97
1371.86
16779.90
1408.10
1373.05
16602.99
1456.98
1387.12
1381.16
16373.16
1427.17
1333.95
18168.93
1381.87
1374.96
16666.17
1453.16
1381.16
1366.14
16761.06
1397.13
1376.15
16662.12
1445.06
1390.93
1371.86
16763.93
1415.01
1384.02
14777.90
1457.93
1415.01
1377.11
1369.95
16663.07
1455.78
1387.12
1364.95
16767.98
1414.06
1361.85
16671.90
1482.01
1383.07
1363.99
16777.04
1415.97
1377.82
21545.89
1472.00
1386.88
1379.97
16256.81
1433.13
1369.95
1374.96
16773.94
1402.14
1388.07
16680.00
1461.03
1390.93
1374.96
16769.89
1410.01
1383.78
16685.96
1459.84
1398.09
1375.91
16767.98
1418.11
1377.11
16676.19
1463.17
1407.15
1374.96
16760.83
1420.02
1378.06
16666.17
1479.86
1393.08
1369.00
16775.13
1422.17
1368.05
16667.84
1483.92
1384.97
1374.01
16896.96
1403.81
1364.95
11962.89
1461.98
1381.16
1367.09
16775.13
1407.15
1379.01
26806.83
1468.18
1401.90
1371.86
11712.07
1396.18
1381.87
16691.92
1448.87
1384.02
1374.01
16788.96
1394.99
1389.03
16670.94
1452.92
1400.95
1374.96
16772.03
1410.96
1380.92
11616.95
1446.01
1384.97
1370.91
16791.82
1399.99
1384.97
16694.07
1454.83
1394.99
1377.11
16787.05
1425.03
1377.11
21770.00
1470.09
1389.03
1375.91
16801.12
1418.11
1375.20
11615.99
1461.03
1385.21
1369.95
21867.04
1410.01
1379.01
12126.92
1431.94
1382.11
16665.22
1471.04
1390.93
1372.81
16779.90
1404.05
1367.09
21504.88
1457.93
1382.11
1389.98
16687.87
1460.08
1394.99
16616.82
1518.01
1384.97
1394.03
16685.96
1447.92
1399.99
1374.01
15343.90
1394.03
1384.02
1364.95
16685.01
1455.07
1403.09
1368.05
16767.02
1410.96
1374.96
16684.06
1466.04
1388.07
1369.00
21856.07
1411.91
1379.01
16718.86
1454.11
1374.01
1383.07
16791.11
1399.99
1381.87
16445.88
1456.98
1381.87
1384.97
16274.21
1413.11
1385.21
1369.00
16771.79
1393.08
1388.07
16686.20
1449.11
1394.99
1372.10
25692.94
1484.16
1391.89
1367.09
7082.94
1405.95
1381.87
16681.91
1447.92
1408.10
1369.00
16781.09
1425.98
1374.96
26393.89
1467.94
1378.06
1389.98
16700.03
1446.01
1389.98
16633.03
1519.92
1386.88
1393.08
15479.09
1475.10
1376.87
1394.99
16675.00
1454.11
1394.99
1373.05
16758.92
1426.94
1381.87
16675.95
1466.99
1405.95
1374.96
16766.07
1430.03
1377.11
16660.93
1477.96
1384.97
1369.00
16762.02
1425.03
1374.96
11585.00
1447.92
1387.83
1374.01
11620.04
1410.96
1399.99
11538.03
1484.87
1391.89
1380.92
11607.89
1432.90
1384.02
1384.97
11698.01
1398.09
1366.14
11603.12
1436.95
1402.14
1371.15
11677.98
1398.09
1388.07
11587.14
1439.81
1384.02
1379.97
11700.87
1389.03
1369.00
11603.83
1449.11
1379.01
1374.96
11671.07
1416.92
1376.87
11582.14
1427.17
1386.17
1371.15
11652.95
1395.94
7750.99
1468.90
1398.09
1370.91
11595.01
1424.07
1397.13
1372.10
11668.92
1388.07
1389.03
16675.95
1442.19
1395.94
1374.01
25695.09
1506.09
1389.03
1365.90
12115.96
1408.10
1378.77
16678.09
1465.08
1391.17
1363.04
16788.01
1401.19
1373.05
21519.18
1468.90
1370.91
1384.02
16747.95
1418.11
1399.04
16666.89
1465.08
1398.09
1376.87
16742.94
1422.88
1395.94
15241.15
1489.16
1395.94
1389.98
1365.18
16684.06
1431.94
1386.17
16591.07
1519.92
1408.10
1367.09
16649.01
1462.94
1385.93
1363.99
16750.10
1413.11
1385.93
21771.91
1461.03
1377.82
1378.06
16784.91
1394.03
1388.79
16489.98
1458.88
1389.98
7900.00
1418.83
1383.07
21759.99
1475.10
1383.78
1389.03
16782.05
1405.95
1374.96
16535.04
1461.03
1384.97
12867.93
1435.04
1373.05
12021.06
1467.94
1391.89
1372.10
16779.18
1420.97
1377.11
16684.06
1475.10
1384.02
1367.09
21626.00
1397.85
1384.02
16654.01
1482.01
1378.77
1389.98
16716.96
1441.00
1397.85
16622.07
1501.80
1399.04
1386.17
16694.07
1448.15
1397.13
16614.91
1518.96
1419.07
1382.11
16693.12
1461.03
1385.93
16599.18
1526.83
1410.96
1378.77
16695.98
1461.98
1382.11
16592.98
1549.01
1397.13
1366.14
16690.02
1469.14
1380.92
1363.99
16783.00
1400.95
1375.91
17042.16
1409.05
1374.01
12126.92
