1263.14
1271.01
1276.97
1294.14
1274.11
21326.07
1389.98
1338.01
1337.05
1323.94
1328.95
25379.18
1299.14
1257.90
1244.78
1302.96
1321.08
1299.14
1317.02
1311.78
1314.88
29368.88
1282.93
1252.17
1269.10
1262.90
1289.84
37416.93
1334.91
1321.08
1276.02
1271.01
1275.06
1291.04
1268.86
1277.21
25388.00
1304.15
1291.04
1314.16
1302.00
1300.10
1312.02
1256.94
1245.98
29294.97
1851.80
1296.04
1291.04
1279.12
1276.97
25393.01
1322.98
1299.14
1286.03
1338.96
1381.87
1293.90
1240.02
1311.06
29372.93
1374.96
1343.97
1351.83
1335.86
1331.81
25426.86
1291.99
1284.12
1287.94
1283.88
1270.77
25323.87
1276.02
1249.07
1247.17
1251.94
1239.78
1250.03
1271.01
1286.98
29319.05
1317.98
1274.82
1266.96
1266.00
1242.88
1237.15
1241.92
1281.98
1271.96
25393.01
1293.90
1288.18
1280.07
1270.06
1256.94
1291.99
1266.96
1266.96
33347.13
1286.98
1256.94
1244.07
1237.87
1228.81
1226.90
25326.01
1250.03
1239.06
1271.01
1245.02
1234.05
1247.17
1226.90
1268.86
29304.98
1280.07
1245.02
1251.94
1245.02
1263.86
33289.91
1339.91
1319.17
1327.99
1304.86
1309.87
1289.84
1242.16
1270.06
1243.11
25368.93
1277.92
1271.01
1276.97
1249.07
1255.04
1251.94
1285.08
1275.06
1290.08
1277.21
1274.11
25341.99
1295.80
1269.82
1251.94
1293.90
1282.93
1284.84
1274.82
1284.84
25352.00
1356.12
1317.98
1314.88
1259.80
1271.96
1266.96
1276.97
1285.08
1261.95
25334.84
1255.99
1235.01
1257.90
1250.98
1233.10
1239.06
1233.10
1230.00
25290.01
1269.82
1243.11
1247.88
1266.96
1249.07
1238.11
25405.88
1277.92
1276.97
1240.97
1241.92
1250.03
25378.94
1281.98
1276.97
1271.01
1273.87
1263.14
25311.95
1293.90
1259.80
1261.00
1256.94
1252.89
1250.03
1247.88
1266.00
29289.96
1340.87
1292.94
1286.98
1304.15
1286.98
1287.94
1297.00
1280.07
1271.01
25372.98
1291.04
1288.89
1288.89
1288.18
1276.97
1282.93
1289.13
1286.98
21381.86
1312.97
1302.00
1306.06
1317.02
1304.86
33384.08
1309.16
1286.03
1270.06
1276.02
1282.93
1282.22
1291.99
1290.08
21366.83
1318.93
1294.85
1317.98
1383.07
1290.08
17340.90
1309.87
1282.93
1296.04
1279.83
1268.86
25322.91
1333.00
1290.08
1276.02
1271.96
1271.96
1266.96
17345.91
1236.20
1231.91
1244.07
1271.96
1268.15
21363.02
1237.87
1227.86
1226.19
1301.05
1283.17
1291.04
1287.94
1298.90
37353.99
1327.99
1295.80
1294.85
1250.98
1260.04
29289.96
1343.97
1291.04
1283.88
1240.97
1265.05
1261.00
25406.84
1287.94
1281.98
1245.98
1234.05
1232.15
1252.17
1230.00
1239.06
29299.02
1264.10
1224.99
1240.97
1230.00
1230.96
1230.00
33383.13
1311.06
1263.14
1255.04
1265.05
1238.82
25354.86
1291.04
1288.89
1274.82
1264.81
1266.00
1266.00
1291.99
1282.93
29335.98
1269.10
1261.00
1249.79
1245.02
1240.97
1242.16
1261.95
1288.89
1272.92
25352.00
1267.91
1261.00
1258.85
1280.78
1261.00
1307.01
1268.15
1266.96
25395.87
1297.00
1277.92
1282.93
1233.10
1239.06
25300.98
1313.92
1276.97
1271.96
1273.87
1284.84
1277.92
1241.92
1266.00
29299.02
1327.99
1249.07
1247.17
1252.89
1238.82
1223.09
25372.03
1287.94
1284.12
1307.01
1258.13
1261.00
17369.03
1305.82
1277.92
1283.17
1278.88
1273.87
17242.91
1353.98
1327.99
1311.78
1312.02
1302.00
33362.87
1291.99
1253.13
1257.90
1271.01
1276.02
17304.18
1284.12
1231.91
1230.00
1227.14
1239.06
1217.13
25355.10
1248.12
1230.96
1200.91
1280.07
1281.02
17351.87
1298.90
1285.08
1791.00
1299.86
1286.03
21378.99
1260.04
1251.94
1270.06
1251.94
1252.89
1255.99
1249.07
1249.07
41309.12
1294.14
1404.05
1237.15
1275.06
1267.91
1275.06
1283.88
1261.00
1275.06
29365.06
1250.98
1235.01
1298.90
1319.89
1401.90
29395.82
1296.04
1271.96
1288.18
1281.02
1278.16
25412.08
1286.98
1263.86
1249.79
1258.85
1266.00
1264.10
1266.00
1266.00
29313.09
1301.05
1265.05
1255.99
1256.94
1269.82
1282.93
1272.20
1277.92
1269.82
25426.86
1345.87
1327.99
1340.15
1327.04
1323.94
1262.90
1255.99
1250.98
29340.98
1232.15
1214.03
1218.08
1209.02
1224.99
17282.96
1302.00
1266.96
1251.94
1242.88
1244.07
25280.00
1330.14
1263.86
1273.87
1297.00
1281.02
1278.88
17375.95
1276.97
1275.06
1278.16
1263.86
1262.90
21404.98
1264.10
1259.09
1241.92
1280.07
1287.94
1280.78
1271.01
1281.02
45347.93
1257.90
1232.86
1236.92
1274.82
1266.96
1269.10
1269.10
1264.10
1262.90
25405.88
1305.10
1293.18
1308.92
1292.94
1300.10
33394.10
1271.96
1241.92
1271.01
1256.94
1266.00
9366.99
1299.14
1255.04
1266.96
1262.90
1260.04
9314.06
1300.10
1274.11
1280.07
1259.09
1269.10
1265.05
1249.07
1258.85
1224.99
1265.05
1261.00
1245.02
21373.99
1277.92
1271.01
1245.98
1261.95
1257.90
17349.00
1301.05
1266.00
1254.80
1239.06
1231.91
25305.03
1281.02
1248.12
1255.99
1252.89
1254.08
1257.18
1233.10
1235.01
1229.05
25373.94
1307.96
1297.00
1281.02
1285.79
1271.96
1286.03
1271.96
1274.11
25353.91
1324.89
1307.01
1297.00
1280.07
1262.90
1263.14
1263.14
1260.04
25315.05
1337.05
1304.15
1287.94
1246.93
1277.21
1261.00
1261.00
1255.04
1261.95
29342.89
1227.86
1223.80
1230.96
1213.07
1214.03
25293.83
1275.06
1245.02
1240.02
1214.98
1210.93
1220.94
37378.07
1297.95
1288.18
1286.03
1295.09
1286.98
29360.06
1256.94
1243.83
1261.95
1240.97
1237.87
25305.99
1297.95
1268.86
1261.95
1268.15
1278.88
1271.96
1265.05
1266.96
29324.05
1315.83
1281.02
1276.97
1230.96
1245.02
1245.02
1263.86
1247.88
1246.21
25362.97
1250.03
1240.02
1248.12
1235.01
1232.15
1256.94
1246.93
1268.15
29319.05
1261.00
1224.99
1218.08
1228.09
1222.13
1215.93
25337.93
1236.20
1226.90
1225.95
1224.04
1217.13
1224.04
1336.10
1331.09
33392.19
1326.08
1297.95
1297.00
1289.13
1282.93
21339.89
1263.86
1236.92
1247.17
1239.06
1241.92
1231.91
1222.13
1223.09
1225.95
33288.00
1312.02
1293.90
1298.19
1281.02
1281.02
25365.11
1344.20
1302.96
1316.79
1294.85
1302.00
17359.02
1268.86
1247.88
1259.80
1245.98
1244.07
1238.11
21342.99
1286.03
1286.03
1291.99
1284.84
1284.84
1283.88
1288.89
1285.08
41398.05
1273.87
1283.88
1261.00
1271.01
1271.01
1275.06
1270.06
1268.15
29339.08
1290.08
1266.00
1256.23
1216.89
1220.94
29252.05
1358.99
1310.11
1312.02
1301.05
1301.05
1309.87
25379.90
1283.17
1276.97
1284.84
1276.02
1273.87
1277.92
1280.07
1272.92
25380.13
1285.08
1275.06
1280.07
1273.87
1271.96
21351.10
1257.18
1234.05
1240.97
1239.78
1229.05
21289.11
1353.98
1268.15
1279.12
1275.06
1270.06
1267.19
21330.83
1255.04
1250.98
1247.88
1239.06
1243.83
1268.86
1343.01
1333.95
25408.98
1263.86
1248.84
1262.90
1257.90
1245.02
21309.85
1281.02
1255.04
1266.00
1254.08
1249.07
1254.08
1210.93
1222.85
1222.85
25352.95
1260.04
1252.89
1257.18
1264.10
1262.90
21327.97
1276.97
1256.94
1261.00
1256.94
1254.08
1255.99
1269.82
1271.96
25321.96
1312.02
1281.02
1286.98
1271.01
1271.96
1261.00
25388.00
1302.96
1276.97
1281.98
1255.99
1254.08
1266.00
1252.89
1255.99
21358.97
1311.06
1297.95
1309.16
1299.86
1299.86
37351.85
1334.91
1312.97
1315.12
1311.06
1302.96
1303.91
1281.02
1277.92
16430.14
1333.00
1294.85
1277.92
1269.10
1293.90
1297.95
13348.10
1235.96
1222.13
1224.99
1219.99
1221.90
1224.99
1222.13
1237.87
1242.88
29353.86
1230.00
1224.04
1232.15
1215.93
1224.04
1224.99
1240.02
1239.78
28512.00
1283.17
1311.06
1311.06
1312.02
23784.88
1307.96
1278.88
1276.97
1275.06
1264.10
25328.16
1298.90
1250.98
1255.04
1259.09
1255.99
1246.93
1252.89
1236.20
1225.95
25340.80
1280.07
9983.06
1330.14
1296.04
1287.94
1230.96
1236.92
1231.19
1249.07
1239.06
1242.16
25377.04
1307.01
1314.16
1285.08
1234.05
1227.14
1222.85
1216.89
1219.03
1230.00
1217.84
1219.03
1219.03
25341.99
1230.00
1228.09
1230.00
1222.85
1225.95
1228.09
1224.04
1228.09
37281.04
1302.00
1271.96
1256.94
1278.16
1282.93
1276.02
1280.07
1266.96
1271.96
21368.98
1253.13
1237.15
1239.06
1277.92
1276.97
1286.03
1285.79
1280.07
24954.08
1305.10
1271.01
1275.06
1266.00
1263.86
1277.92
25361.78
1282.93
1270.77
1293.90
1271.96
1270.06
1281.02
1265.05
1266.00
17385.01
1314.16
1308.92
1308.92
1295.09
1296.04
1278.88
1259.80
1257.90
25323.87
1348.02
1306.06
9670.97
1264.10
1257.18
1258.85
1252.89
1248.84
1238.82
1273.87
1268.86
25338.89
1293.90
1262.90
1274.11
1207.11
1243.11
1217.13
1234.05
1215.93
1218.80
1228.81
1222.85
1221.90
25287.87
1244.78
1232.86
19012.93
1342.77
1297.95
1243.11
1242.16
1264.10
1265.05
1246.93
25312.90
1353.03
1311.06
1310.11
1216.89
1227.86
1228.81
1236.92
11381.15
1274.11
1248.12
1248.12
1240.97
1251.22
1249.07
1264.10
1268.15
1258.85
25365.83
1280.07
1266.00
13404.13
1284.12
1264.10
1275.06
1272.92
1255.99
1274.11
1269.10
1264.10
25316.00
1294.14
1299.14
1274.11
1267.91
1271.01
1266.96
1266.96
1275.06
21322.97
1318.93
1271.96
1266.00
1272.20
1276.02
1288.18
13555.05
1354.93
17391.92
1282.93
1244.07
1248.12
1245.02
1249.07
1248.84
13387.92
1284.12
1271.96
1297.00
1274.11
1268.15
17400.98
1307.96
1302.00
1307.01
1295.09
1288.18
1304.86
1284.84
1284.84
25360.82
1308.92
1284.12
1286.03
1271.01
1270.06
1283.88
1273.87
1263.14
25315.05
1291.04
1262.90
1259.09
1258.13
1250.98
1249.07
1254.08
1246.93
1241.92
21378.04
1282.93
1284.12
1277.92
1247.88
1251.94
25357.01
1306.06
1274.82
1271.01
1286.03
1281.02
1304.86
1281.98
1276.97
25339.84
1267.91
1234.05
1234.05
1230.96
1230.96
1220.94
9385.11
1303.91
1295.09
1299.14
1299.14
1291.04
21409.99
1293.18
1286.98
1284.12
1332.04
1328.95
19307.85
1286.98
1219.03
1225.95
1238.11
1239.06
1229.05
1222.13
25365.11
1258.13
1255.04
1249.07
1209.02
1217.84
9274.01
1277.92
1261.00
1255.99
1250.98
1250.03
1249.07
17364.03
1271.01
1262.90
1256.94
1265.05
1260.04
25372.03
1279.83
1263.86
1261.95
1222.13
1220.94
1227.14
1224.04
1219.99
21273.85
1250.98
1234.05
1224.04
1235.01
1224.99
22663.12
1261.00
1254.08
1230.00
1241.92
1245.02
1262.19
1250.03
1250.03
25321.01
1316.07
1276.02
1266.00
1297.95
1305.10
25352.95
1312.97
1279.12
1278.16
1266.96
1266.00
1262.90
17335.89
1245.98
1232.86
1243.83
1229.05
1235.01
25323.15
1307.01
1266.00
1263.86
1214.03
1231.91
25300.98
1253.13
1236.92
1242.88
1230.00
1233.10
1222.13
24441.00
1267.91
1245.98
1236.92
1249.79
1235.01
1230.96
21344.90
1247.88
1243.11
1250.03
1243.11
1234.05
9307.15
1266.96
1245.02
1253.84
1243.83
1243.83
17295.84
1257.90
1220.23
1214.98
1235.96
1209.97
1208.07
16438.96
1305.10
1288.89
1288.89
1316.79
1306.06
1304.86
21366.83
1252.89
1230.96
1250.03
1240.02
1237.87
14477.97
1295.09
1286.03
1269.82
19392.97
1296.04
1281.02
1283.88
1276.02
1278.88
1272.20
1281.02
1307.01
16609.91
1253.13
1230.96
1221.90
1215.93
1266.00
1290.80
25392.06
1239.06
1224.99
1233.10
1223.09
1217.13
1221.18
1247.88
1240.02
1248.12
25357.01
1266.96
1266.96
1242.16
1245.98
1237.87
17394.07
1334.91
1320.12
1271.01
1222.85
13907.19
1280.07
1221.18
1214.98
1228.09
1214.03
1216.89
17322.06
1271.01
1241.92
1250.03
1236.92
1240.02
21305.08
1269.10
1247.88
1253.84
1252.89
1245.98
1252.89
1266.96
1271.01
1258.13
24863.96
1276.97
1275.06
9338.14
1327.04
1315.12
1301.05
1291.04
1292.94
17342.09
1297.00
1278.88
1283.88
1269.82
1259.80
1255.99
9370.09
1271.01
1265.05
1271.96
1259.09
1255.04
17368.79
1250.03
1227.14
1261.95
1230.00
1222.85
16939.88
1327.04
1291.99
1302.96
1307.01
1291.99
25326.01
1358.99
1316.07
1318.93
1332.04
1341.10
1349.93
1333.00
1341.82
29387.00
1369.00
1338.01
1330.14
1209.02
1219.03
1214.98
1215.93
1209.97
1206.87
17078.88
1300.81
1282.93
9358.17
1258.13
1230.00
1226.19
1250.03
1255.04
1246.93
17389.06
1298.19
1285.08
1276.97
1268.15
1271.96
11496.78
17317.06
1291.99
1264.81
1277.92
1252.17
1248.84
21200.90
1339.91
1282.22
1298.90
1300.81
1298.90
1293.90
25328.16
1255.04
1241.21
1256.94
1235.01
1229.05
21372.08
1251.94
1234.05
1211.88
1274.82
1268.86
1281.02
1282.93
1273.87
25362.01
1302.00
1264.81
13304.00
1343.01
1306.06
1315.12
1317.98
1299.86
1307.01
1253.13
1279.12
1281.98
21358.01
1274.82
1271.01
1271.96
19268.99
1317.98
1266.00
1266.00
1303.91
1333.95
1326.08
1335.14
1327.04
25592.09
1301.05
1278.16
1276.97
1266.00
1255.04
1268.15
1265.05
1266.96
1260.04
45350.07
1267.91
1265.05
1271.01
1258.13
1249.07
25375.13
1261.00
1235.96
1280.07
1244.07
1243.11
25335.07
1269.10
1231.91
1241.92
1212.84
1219.03
25249.00
1325.13
1242.16
1239.06
1276.02
1280.07
1281.98
9365.08
1245.02
1232.15
1245.98
1232.15
1231.91
25295.97
1305.10
1267.19
1260.04
1294.14
1291.04
25334.12
1286.98
1251.94
1262.19
1255.99
1253.13
1254.08
25381.09
1297.95
1281.98
1284.12
1276.97
1274.11
21371.13
1269.10
1264.10
1262.19
1204.01
1216.17
17299.89
1291.99
1260.04
1240.02
1260.04
1266.00
21330.12
1258.13
1218.08
1283.88
1267.91
1271.96
1271.01
25424.00
1294.85
1293.90
1245.98
1255.99
1250.03
25363.92
1256.94
1245.02
1248.12
1272.92
1266.00
9318.11
1347.06
1330.14
1327.04
1329.18
1334.91
21381.86
1303.91
1267.91
1271.96
1276.97
1272.92
21334.89
1268.15
1243.11
1238.11
1274.11
1272.92
25293.83
1360.18
1302.00
1276.02
1292.94
1273.16
1283.88
28222.08
1262.19
1223.09
1259.09
1255.04
1269.10
1274.11
13391.97
1286.03
1275.06
1285.08
1275.06
1271.01
1267.91
1280.07
1266.00
25338.17
1312.97
1286.03
1281.02
1220.94
1224.99
1233.10
1224.04
1219.99
1226.19
25334.12
1240.02
1240.02
1245.02
1242.88
18343.93
1254.80
1226.90
1225.95
1232.15
1230.00
1230.00
1261.95
1266.00
1266.96
22439.00
1312.02
1323.94
1316.07
1294.14
1291.04
1222.13
1227.14
33292.06
1301.05
1270.77
1261.00
1260.04
1260.04
14250.99
1271.01
1286.03
1286.98
1295.09
1292.94
1271.01
1286.98
1299.14
25366.07
1317.02
1271.01
1268.86
1265.05
1281.02
25340.08
1290.08
1264.10
1273.16
1266.96
1277.92
33318.04
1312.97
1291.99
1298.90
1283.17
1282.93
1290.80
17363.07
1283.88
1277.92
1294.85
1299.86
1281.98
25421.86
1281.98
1268.15
1279.12
1266.96
1259.80
17374.99
1296.04
1271.01
1281.02
1266.96
1261.95
25321.96
1305.10
1271.96
1281.02
1277.92
1267.91
1302.00
1314.88
1297.95
25357.96
1314.88
1272.92
1279.12
1269.10
1271.96
25286.20
1407.15
1342.06
1352.07
1343.01
1335.86
25384.19
1276.02
1256.94
1251.94
1250.98
1249.07
1245.02
25422.10
1306.06
1301.77
1265.05
1219.03
1218.08
25348.19
1321.08
1297.00
1257.18
1270.06
1279.12
25362.01
1298.90
1263.14
1269.10
1261.00
1260.04
17300.84
1323.94
1280.07
1281.98
1269.82
1271.96
25287.15
1348.97
1302.00
1284.12
1285.08
1290.08
1283.17
25373.94
1263.86
1242.88
1255.99
1245.02
1246.93
25340.08
1250.98
1266.00
1261.00
1261.00
1262.19
25326.01
1322.98
1304.86
1287.94
1270.06
1263.14
1266.00
1264.10
1257.18
1250.98
17346.14
1261.00
1244.78
1265.05
1253.13
1250.03
21373.03
1276.02
1266.96
1274.11
1263.14
1255.04
29339.08
1304.15
1264.10
1242.88
1278.88
1297.00
25334.84
1275.06
1286.98
1276.02
1235.96
1271.01
1282.93
1275.06
1285.08
1266.00
25413.04
1285.08
1276.97
1280.07
1271.01
1261.95
1276.02
1260.04
1260.04
1274.82
1261.95
1264.10
17341.14
1290.08
1264.10
1266.00
1254.80
1254.08
13318.06
1336.10
1299.14
1305.10
1296.04
1291.04
21349.19
1265.05
1224.04
1222.13
1226.90
1222.85
1216.89
21342.99
1295.09
1265.05
1258.13
1210.93
1204.97
1215.93
1217.84
1214.98
1214.98
25352.00
1255.99
1235.96
1251.94
1240.97
1242.16
1240.97
1239.06
1224.99
25313.85
1281.98
1248.12
1253.13
1237.15
1246.93
13298.03
1327.04
1302.00
1280.07
1279.12
1291.99
1300.10
17346.14
1255.04
1263.14
1271.96
1259.80
1274.82
21369.93
1263.86
1253.84
1284.84
1248.84
1256.94
25316.00
1291.04
1270.06
1264.10
1260.04
1258.13
1271.01
1258.85
1254.80
25297.88
1316.07
1240.02
1247.17
1291.04
1285.08
1276.97
1278.88
1268.86
1276.97
25388.96
1261.95
1254.08
1253.13
1249.07
1264.10
1246.93
1243.11
1239.06
17313.96
1302.96
1261.00
1261.95
1237.15
1229.05
1234.05
9366.99
1263.86
1271.01
1271.01
1281.02
1278.88
17383.10
1267.91
1255.04
1267.19
1260.04
1251.94
33324.00
1304.15
1280.07
1253.13
1226.90
1232.86
1231.91
1223.80
1225.95
1221.18
29381.04
1281.98
1259.09
1255.04
1237.87
1240.02
25373.94
1284.84
1263.86
1273.87
1237.15
1238.11
1252.89
1250.98
1248.12
29318.09
1333.00
1293.90
1268.15
1217.13
1242.88
1236.92
1247.88
1234.77
1226.90
25353.91
1233.10
1231.19
1242.88
1240.02
1234.05
1241.21
1251.94
1261.00
29314.99
1276.97
1242.88
1240.02
1255.99
1241.92
1245.02
25363.92
1235.01
1223.09
1230.96
1222.85
1222.13
1223.09
1288.89
1281.02
33331.16
1266.00
1233.82
1236.92
1283.17
1285.08
1270.06
25370.12
1280.07
1281.98
1221.90
1222.85
1216.89
13337.85
1267.91
1255.04
1264.81
1251.94
1258.13
17332.08
1338.01
1314.88
1315.83
1312.97
1312.97
25366.07
1348.02
1321.08
1301.05
1219.99
1240.02
1245.02
1228.09
1224.99
1225.95
25337.93
1241.92
1231.91
1239.06
1227.14
1222.13
1240.02
1208.07
1214.03
37276.98
1297.95
1260.04
1255.99
1229.05
1237.87
1235.01
33380.03
1265.05
1266.96
1266.96
1254.80
1255.99
1261.00
1256.23
1250.98
25308.13
1278.16
1254.08
1254.08
1255.99
1250.98
1253.84
1258.85
1250.98
1239.06
29335.98
1255.99
1248.84
1259.80
1248.84
1250.03
17355.92
1247.88
1235.96
1244.07
1224.04
1228.09
25305.99
1289.13
1247.88
1240.02
1239.06
1235.01
1235.96
17357.11
1266.96
1234.05
1251.94
1248.84
1257.90
21363.02
1232.86
1216.89
1225.95
1217.13
1212.12
1219.99
1271.96
1265.05
41311.03
1337.05
1308.92
1304.15
1285.08
1286.98
1286.98
1302.00
1283.17
1279.12
29433.97
1326.08
1311.06
1327.99
1302.96
1325.13
21423.10
1291.99
1281.98
1284.12
1259.09
1269.10
21400.93
1316.07
1292.94
1304.86
1282.93
1290.08
1264.10
1283.17
1286.03
25408.98
1271.01
1256.94
1255.04
1255.99
1256.94
21319.87
1300.81
1262.90
1268.86
1273.87
1268.86
1261.95
1232.86
1246.93
1246.21
25389.91
1267.91
1252.89
1261.00
1249.07
1251.94
21354.91
1310.83
1317.98
1326.08
1305.10
1316.07
1296.04
1240.02
1245.02
25332.93
1307.01
1286.98
1284.12
1297.95
1286.03
21363.97
1303.20
1282.93
1267.91
1308.20
1322.98
1320.12
1321.08
1309.16
25357.96
1321.08
1280.07
1272.92
1257.90
1239.06
1235.96
21389.96
1280.07
1281.02
1271.96
1277.92
1271.01
1281.02
1269.10
1271.01
25399.92
1301.05
1273.87
1281.98
1272.20
1268.86
17344.00
1289.13
1271.01
1257.18
1270.06
1276.02
21334.89
1285.08
1249.07
1251.94
1244.07
1247.17
1245.98
25356.05
1259.09
1243.11
1261.00
1245.02
1244.07
1245.98
1245.02
1254.08
25310.99
1259.80
1242.88
1245.98
1236.92
1236.92
1250.98
1255.99
1248.12
1249.07
29362.20
1266.96
1239.78
1256.94
1235.01
1235.96
17302.99
1302.00
1297.95
1290.08
1284.12
1281.02
25338.17
1302.00
1275.06
1278.88
1277.21
1265.05
17339.94
1406.91
1343.01
1317.98
1302.00
23236.99
1237.15
1233.10
1239.06
1234.05
1235.01
1257.90
1273.87
1262.19
29288.05
1325.13
1291.99
1276.97
1250.03
1276.02
1299.86
25410.89
1282.93
1276.02
1281.02
1266.96
1273.16
17359.97
1266.00
1258.85
1255.04
1245.98
1243.11
21316.05
1284.84
1271.01
1261.00
1250.03
1250.03
1250.98
1221.18
1217.13
1215.93
33375.98
1273.87
1271.96
1283.17
1265.05
1271.01
25400.88
1295.80
1262.90
1278.88
1268.15
1271.96
17376.90
1259.09
1242.16
1249.07
1234.05
1230.00
21283.86
1317.02
1282.93
1285.79
1278.88
1272.92
1265.05
1267.91
1274.11
1267.91
33361.91
1250.98
1245.98
1261.00
1244.07
1257.18
25373.94
1276.02
1246.93
1254.08
1237.15
1240.97
17289.88
1295.09
1273.16
1266.00
1263.86
1266.96
21290.06
1350.16
1278.88
1277.92
1275.06
1272.20
1266.96
1286.98
1261.00
1248.12
33347.13
1292.94
1309.87
1327.99
1316.07
1311.06
25417.09
1250.03
1230.00
1235.96
1240.02
1233.82
17301.08
1300.10
1262.90
1268.86
1255.04
1255.99
21306.99
1354.93
1317.02
1312.97
1318.22
1333.95
1338.96
1245.02
1250.03
1241.21
33376.93
1288.89
1271.01
1277.92
1273.87
1269.10
25431.16
1352.07
1343.01
1348.02
1342.06
1340.87
17383.81
1276.02
1255.04
1264.10
1254.08
1257.18
21354.91
1265.05
1261.00
9316.92
