1154.90
17215.97
1289.13
1176.12
1166.11
1182.08
1156.81
1165.87
25310.04
1239.78
1176.12
9223.94
1255.04
1191.14
13241.05
1329.90
1198.05
1179.93
1188.04
1178.03
1189.95
25263.79
1302.00
1190.90
13255.83
1276.97
1192.09
1197.10
1173.97
1177.79
1164.91
29358.86
1255.99
1185.89
13303.04
1246.93
1182.08
1179.93
1162.05
1150.13
1178.98
25353.91
1206.87
1172.07
9331.94
1207.11
1182.08
9227.99
1271.01
1197.81
9227.04
1285.08
1180.89
1173.02
9336.95
1200.91
1165.87
9336.95
1194.00
1193.05
9247.06
1235.96
1194.00
9230.85
1271.01
1173.02
1160.14
9294.03
1190.19
1160.14
9288.07
1192.09
1163.01
9218.93
1240.97
1164.91
1169.92
9310.01
1176.12
1162.05
13340.23
1208.07
1203.06
1194.00
1188.04
1164.91
25228.02
2101.18
1195.19
13391.02
1227.86
1186.85
1213.07
1176.12
1166.11
17193.08
1320.12
1193.05
1163.01
1173.97
1156.81
1152.99
17249.11
1269.82
1195.91
1181.84
1165.87
1152.99
1150.85
17369.99
1232.15
1182.08
1180.17
1173.97
1160.86
17232.89
1335.86
1188.99
1176.12
1183.99
1168.97
1173.02
17329.93
1244.07
1176.83
1199.01
1180.89
1173.02
1164.20
25377.04
1226.90
1182.79
13366.94
1203.06
1173.02
1180.17
1168.01
1160.14
25227.07
1336.10
1189.95
1167.06
1178.98
1181.84
1158.95
17323.02
1237.15
1178.98
1160.86
1158.95
1158.00
1173.02
17380.00
1204.01
1186.85
1244.07
1173.02
1182.08
17263.89
1278.88
1220.94
1189.95
1162.05
1162.05
1153.95
17362.83
1204.97
1164.91
1190.90
1163.01
1149.89
17217.87
1307.01
1195.91
1188.99
1199.01
1164.91
1154.90
17255.78
1273.16
1172.07
1182.08
1182.08
1158.00
1152.04
17359.97
1184.94
1170.16
1163.96
1163.01
1166.11
25238.04
1317.02
1205.92
1180.89
1209.97
1163.96
1177.07
1178.98
1158.00
1169.92
17241.95
1304.15
1179.93
1180.89
1172.07
1172.07
1157.05
17333.03
1224.99
1184.94
1181.13
1162.05
1152.99
1181.13
17384.05
1188.04
1173.02
1185.89
1152.04
1168.01
17251.01
1285.08
1183.99
1182.08
1167.06
1166.11
1160.86
17340.90
1201.87
1183.03
1186.13
1196.15
1170.87
17234.09
1312.97
1193.05
1183.03
1185.89
1161.10
1168.97
17234.09
1299.86
1186.85
1175.88
1178.03
1152.99
1141.79
25362.97
1221.90
1188.04
13349.06
1225.95
1170.87
1176.12
1171.83
1176.83
1163.01
25361.06
1199.01
1167.06
13373.14
1208.07
1199.96
1177.07
1175.17
1168.97
25208.95
1303.91
1200.91
1199.96
9337.90
1204.97
1189.95
9335.04
1229.05
1281.98
9330.03
1201.15
1173.97
9220.84
1303.91
1195.91
9217.98
1268.15
1178.03
1170.87
9321.93
1194.00
1178.03
13315.92
1203.06
1175.88
1178.03
1189.95
1152.04
1147.03
25351.05
1210.93
1170.87
13350.96
1212.12
1166.11
1187.09
1169.92
1158.00
25223.02
1308.92
1195.91
1178.98
13376.95
1214.98
1183.99
1193.05
1171.83
1158.95
17244.10
1268.86
1177.07
1181.13
1189.95
1151.80
1160.86
1176.83
1152.04
1145.12
13208.15
1280.78
1177.07
1167.06
1164.20
1163.01
1152.99
1167.06
1151.08
1176.12
13178.11
1294.14
1172.07
1157.05
1175.88
1157.05
1168.01
1178.03
1151.08
1162.05
1166.82
13332.84
1198.05
1172.07
1177.07
1173.02
1161.10
17235.04
1296.04
1190.19
1194.00
1186.13
1166.11
1166.11
17354.01
1235.01
1181.84
1179.93
1158.00
1145.12
1166.11
17350.91
1182.08
1168.97
1180.89
1165.87
1174.93
17241.00
1255.99
1189.95
1169.92
1156.09
1154.18
1153.95
17339.94
1196.86
1186.85
1189.95
1158.00
1168.01
1175.17
17338.99
1191.85
1174.93
1202.82
1157.05
1163.96
17241.95
1279.83
1193.05
1215.93
1185.89
1158.00
1151.08
25358.92
1219.03
1171.83
9263.04
1230.00
1172.78
13247.01
1258.85
1173.97
1169.20
1163.96
1174.93
1158.95
25344.13
1223.80
1178.03
13262.99
1286.03
1172.07
1188.04
1176.83
1168.01
1163.96
29378.89
1235.01
1182.08
13345.00
1223.09
1209.97
1188.04
1165.15
1175.88
1162.05
25368.21
2012.97
9261.13
1266.00
1195.91
9233.95
1258.85
1174.93
1169.92
9333.85
1185.89
1168.01
9340.05
1209.02
1182.08
9232.04
1253.84
1178.03
9206.06
1266.96
1170.87
1158.00
9327.17
1218.08
1188.04
9299.99
1193.05
1188.04
9224.89
1229.05
1188.04
9204.86
1255.99
1187.09
1175.17
9335.04
1197.81
1173.97
13351.92
1238.82
1178.98
1183.99
1188.04
1166.82
1167.06
25366.07
1216.17
1184.94
13359.07
1200.91
1169.92
1173.97
1164.20
1159.91
17225.98
1285.08
1183.99
1158.95
1165.15
1161.10
1179.93
17230.99
1271.01
1161.10
1155.14
1152.04
1148.22
1151.08
17344.95
1198.05
1162.05
1157.05
1159.91
1138.93
1150.13
17317.06
1195.91
1160.86
1163.01
1149.89
1158.00
17243.15
1247.17
1172.07
1154.90
1166.11
1142.02
1153.23
25304.08
1239.06
1171.11
9219.88
1245.02
1162.05
1161.81
13309.00
1182.79
1162.05
1181.13
1156.09
1143.93
17225.03
1266.96
1172.07
1158.95
1193.05
1149.89
1161.81
17305.85
1213.07
1168.01
1171.11
1164.20
1157.05
1152.04
17330.88
1194.95
1172.07
1171.83
1153.95
1151.08
17210.96
1265.05
1171.83
1158.00
1166.11
1146.08
1151.08
17234.09
1255.99
1179.93
1169.92
1163.96
1146.08
1145.12
17322.06
1196.86
1166.11
1179.93
1157.05
1154.90
1147.03
29354.10
1194.00
1168.01
1188.04
1153.95
1147.99
25242.09
1285.08
1183.99
1181.13
1172.07
1155.14
1163.01
17382.14
1202.11
1169.92
1193.05
1159.19
1156.09
1147.03
17348.05
1188.99
1178.98
1189.95
1165.87
1163.96
17221.93
1268.15
1177.07
1168.01
1161.10
1161.10
1152.99
17368.79
1206.87
1163.96
1165.87
1160.86
1152.99
1151.08
17341.14
1204.97
1163.96
1169.92
1161.81
1166.11
17236.95
1267.91
1177.07
1178.03
1156.09
1144.17
1142.98
17334.94
1222.85
1169.92
1162.05
1162.05
1147.99
1149.89
25367.02
1208.07
1160.86
13363.84
1207.11
1163.01
1173.02
1161.10
1157.05
25190.11
1302.00
1170.16
1158.00
13360.98
1203.06
1180.17
1170.16
1147.03
1150.13
25198.94
1305.10
1192.81
1174.93
13364.08
1190.90
1175.88
1176.83
1144.89
1149.89
17210.01
1276.97
1189.95
1158.95
1162.05
1152.99
1145.12
13224.12
1257.18
1171.11
9222.03
1272.92
1174.93
1149.89
9318.83
1179.93
1165.87
13330.94
1195.91
1179.93
1167.06
1155.85
1159.91
1142.98
29364.11
1191.85
1183.03
1183.03
1154.90
1146.79
25210.86
1315.12
1188.99
1160.14
13355.97
1190.90
1168.01
1167.06
1163.01
1157.05
25236.13
1270.06
1171.11
13215.07
1307.01
1196.15
1164.20
1167.06
1153.95
1152.99
25237.08
1286.03
1178.03
13232.95
1277.92
1196.15
1157.05
1176.83
1158.00
1142.98
25233.03
1262.19
1173.02
9207.01
1261.00
1166.82
1153.95
21357.06
1190.90
1164.91
9315.97
1198.05
1158.00
13232.95
1254.08
1169.20
1189.95
1158.95
1145.12
1140.12
25352.00
1218.80
1180.89
13244.87
1275.06
1185.18
1181.13
1155.14
1152.04
1149.18
25345.09
1211.17
1167.06
13245.82
1267.91
1177.07
1181.13
1153.95
1145.84
1163.01
25357.96
1197.10
1167.06
13319.97
1198.05
1166.82
1163.96
1212.12
1165.87
1161.81
25358.92
1199.96
1163.01
13350.01
1214.98
1167.06
1168.97
1158.95
1152.04
1156.81
25352.95
1195.91
1167.06
13385.06
1209.97
1170.16
1174.93
1152.04
1157.05
25207.04
1302.00
1183.03
1173.02
9337.90
1186.85
1167.06
13327.12
1204.01
1164.91
1163.96
1161.10
1163.01
1163.96
25347.95
1190.19
1177.07
13343.10
1212.12
1181.13
1178.98
1162.05
1157.05
25202.04
1306.06
1173.02
1164.91
13357.88
1213.07
1163.01
1174.93
1161.10
1155.14
25227.07
1294.14
1192.09
1173.02
13350.96
1199.01
1174.93
1171.83
1163.01
1161.10
25234.94
1269.82
1180.89
1167.06
13345.00
1187.80
1165.87
1169.92
1163.01
1156.09
25230.17
1279.12
1198.05
13227.94
1297.00
1185.18
1178.98
1174.93
1154.90
1147.99
25228.02
1327.99
1179.93
13243.20
1281.02
1183.99
1166.11
1176.12
1166.11
1158.95
25311.95
1223.09
1163.01
13248.92
1273.87
1164.91
1177.79
1172.07
1158.00
1162.05
25341.99
1213.07
1168.01
13242.01
1264.10
1177.07
1176.83
1163.96
1171.11
1159.19
25350.09
1214.03
1174.93
13259.89
1251.94
1183.99
1180.17
1177.07
1159.19
1155.14
25373.94
1208.07
1177.07
13347.86
1209.02
1186.13
1169.92
1159.91
1152.04
1142.98
25359.87
1186.85
1170.87
13345.96
1197.10
1169.20
1178.03
1156.09
1169.92
25210.14
1304.86
1183.03
1158.00
13354.06
1196.15
1161.10
1192.09
1165.15
1147.03
25221.11
1308.92
1183.99
1163.01
13368.84
1194.95
1171.83
1195.91
1156.81
1150.85
25222.06
1271.01
1182.08
1166.11
13341.19
1188.99
1165.87
1173.97
1172.07
1151.80
25238.04
1271.01
1173.02
13225.08
1278.88
1183.03
1170.16
1170.16
1147.99
1150.85
25239.94
1273.87
1168.01
13211.97
1297.00
1199.01
1179.93
1167.06
1147.99
1152.99
25228.02
1269.10
1176.83
13217.93
1281.98
1183.03
1167.06
1172.07
1164.20
1154.90
25244.95
1287.94
1177.07
13250.11
1298.90
1176.83
1167.06
1160.14
1147.99
1149.89
25281.91
1227.86
1182.79
13251.07
1258.85
1183.99
1163.96
1173.02
1166.11
1152.99
25327.21
1223.09
1157.05
13242.96
1270.06
1178.03
1183.99
1155.85
1157.05
1153.95
25332.93
1204.01
1173.02
13254.88
1274.11
1172.07
1184.94
1159.91
1150.85
1151.08
25345.09
1204.01
1165.87
13244.87
1252.89
1174.93
1167.06
1162.05
1166.11
1147.03
25340.80
1199.01
1169.92
13295.89
1230.96
1164.20
1173.02
1160.86
1164.91
1145.12
25340.08
1190.90
1163.96
13338.09
1224.99
1178.98
1179.93
1161.81
1173.02
1161.10
25355.10
1191.14
1164.20
13364.08
1209.02
1177.07
1167.06
1152.99
1162.05
25214.20
1290.08
1173.97
1160.14
13376.95
1197.10
1158.00
1170.16
1167.06
1145.12
25220.16
1277.92
1183.03
1185.89
13367.89
1198.05
1178.03
1186.13
1151.08
1143.93
25213.96
1292.94
1180.89
1156.09
13325.93
1185.89
1164.91
1178.03
1153.95
1150.85
25229.93
1276.97
1186.85
1157.05
13338.09
1187.80
1168.97
1174.93
1147.03
1148.94
25239.94
1271.01
1178.03
13220.07
1297.95
1181.13
1168.01
1169.92
1157.05
1147.99
25231.12
1269.82
1185.89
13232.95
1297.00
1185.18
1164.91
1185.89
1163.01
1154.90
25228.98
1264.10
1194.00
13222.93
1280.78
1195.91
1164.91
1179.93
1176.12
1153.95
25296.93
1235.96
1177.07
13250.83
1276.02
1176.12
1170.87
1151.08
1163.01
1146.08
25338.17
1219.03
1178.03
13259.89
1282.93
1188.99
1183.03
1163.01
1152.99
1163.96
25354.15
1216.17
1188.99
13308.05
1225.95
1178.03
1172.07
1163.01
1157.05
1147.99
25371.07
1202.11
1190.90
13348.10
1205.92
1166.11
1172.07
1168.97
1152.04
1152.04
25364.88
1204.97
1171.83
13339.04
1209.97
1170.87
1170.87
1147.99
1151.08
25208.00
1299.14
1189.95
1167.06
13370.04
1207.11
1168.97
1178.98
1155.14
1156.09
25221.11
1302.96
1178.98
1161.81
13367.89
1189.95
1163.01
1183.99
1160.86
1163.01
25228.98
1280.07
1183.03
13194.80
1305.10
1185.89
1163.96
1169.20
1151.08
1152.99
25238.04
1283.17
1197.10
13243.20
1296.04
1190.90
1165.87
1185.89
1166.82
1151.08
25245.90
1271.01
1178.03
13229.13
1275.78
1175.88
1166.82
1173.97
1147.99
1163.96
25255.92
1269.82
1173.97
13246.06
1276.02
1169.92
1155.85
1175.88
1183.99
1161.10
25330.07
1214.98
1174.93
13251.07
1265.05
1180.89
1183.99
1169.20
1148.94
1146.79
25338.89
1215.93
1163.01
13242.96
1260.04
1177.79
1187.09
1178.98
1169.92
1152.99
25341.99
1203.06
1163.01
13298.03
1240.02
1173.97
1175.88
1165.87
1153.95
1147.99
25355.10
1198.05
1168.97
13335.94
1218.08
1167.06
1172.07
1162.05
1147.99
1148.94
25358.92
1203.06
1173.97
13362.88
1194.95
1164.91
1176.12
1173.97
1161.10
25200.13
1305.82
1182.08
1163.96
13374.81
1208.07
1181.13
1173.97
1168.01
1147.03
25222.06
1292.94
1204.01
1178.03
13338.09
1201.15
1168.01
17353.06
1195.91
1178.98
1191.14
1177.07
1175.88
1179.22
1156.09
1162.05
1156.09
17337.08
1202.82
1163.01
1173.97
1152.99
1147.03
1165.15
17332.08
1204.01
1170.87
1170.16
1158.00
1163.96
17239.09
1257.90
1164.91
1178.03
1165.15
1164.91
1145.84
17318.01
1199.96
1172.07
1174.21
1151.08
1151.08
1140.12
17349.96
1191.14
1168.01
1165.87
1151.80
1155.85
17214.06
1290.08
1183.99
1174.93
1165.15
1159.19
1152.04
17263.17
1261.00
1178.03
1179.93
1158.95
1160.14
1146.08
17358.06
1219.03
1162.05
1182.08
1170.16
1158.00
17226.93
1285.08
1188.99
1175.88
1195.91
1173.97
1167.06
17297.98
1223.09
1178.03
1183.03
1168.01
1161.81
1143.93
29389.86
1205.92
1183.99
1184.94
1160.86
1153.95
25240.18
1288.18
1173.02
1175.88
1308.92
1189.95
1160.86
1165.87
1158.00
1152.99
25253.77
1276.97
1178.98
15370.13
1303.91
1205.92
1168.97
1161.10
16525.98
1224.99
1168.01
1158.00
16531.94
1220.94
1170.87
1163.01
16532.90
1219.03
1163.01
1147.99
11427.88
1235.01
1183.99
1164.91
10084.15
6362.20
1241.92
1178.03
1162.05
11345.86
1239.06
1178.98
1166.11
1166.11
11424.06
1179.22
1188.99
1161.81
11466.98
1190.90
1158.95
1166.11
11439.09
1202.11
1180.17
1168.97
11364.94
1245.02
1184.94
1160.86
11365.89
1235.96
1185.18
1177.07
16401.05
1266.00
1187.09
1167.06
1164.91
16510.96
1199.01
1171.83
1154.90
16515.02
1213.07
1182.79
1153.95
16495.94
1215.22
1164.91
1149.89
11358.02
1246.93
1182.08
1159.19
11338.95
1248.12
1187.09
1169.20
1143.93
11394.98
1188.99
1157.05
1163.01
11461.02
1192.09
1167.06
1172.07
11463.88
1214.98
1158.95
1163.01
11353.02
1248.12
1188.99
1168.97
11353.97
1235.96
1179.93
1188.04
16397.00
1267.91
1171.83
1174.93
1148.94
15249.01
6375.07
1185.18
1164.91
1147.99
16505.00
1207.11
1160.14
1146.08
11402.13
1209.97
1166.11
1152.99
11340.14
1226.90
1159.19
1166.11
11327.03
1246.93
1170.16
1156.09
7578.13
1181.13
1156.09
1138.21
11420.97
1180.89
1181.84
1153.95
11341.81
1228.09
1162.05
1157.05
11338.95
1245.98
1171.83
1160.86
1163.96
11432.17
1188.04
1158.00
1157.05
11532.07
1204.97
1171.11
1157.05
26223.18
1255.04
1174.93
1173.02
16407.01
1275.78
1183.03
1179.93
11290.07
1283.88
1175.88
1163.01
1163.01
11456.01
1185.89
1158.00
1158.95
6376.98
1190.90
1184.94
1160.86
11343.96
1243.83
1162.05
1178.98
11350.87
1244.07
1183.03
1151.08
11344.19
1266.96
1178.03
1154.18
1163.01
11447.19
1192.09
1177.07
1166.11
10164.98
6379.13
1204.01
1173.02
1151.08
11399.98
1196.86
1179.93
1156.81
16422.03
1246.93
1199.01
1168.97
16402.96
1271.96
1188.99
1158.95
1155.14
11445.05
1194.00
1183.99
1158.95
19113.06
1216.89
1170.87
1169.92
1166.82
1152.99
25208.00
1295.09
1186.13
1161.10
13376.95
1179.93
1164.91
1169.20
1162.05
1150.13
25243.04
1287.94
1185.89
13257.03
1294.14
1183.03
1174.93
1173.97
1160.14
1146.08
21240.95
1274.11
1178.98
1178.98
1166.11
1158.95
1147.99
25377.99
1208.07
1176.83
13251.07
1254.08
1182.79
1170.87
1158.95
1157.05
1159.19
17344.95
1205.92
1158.95
1173.97
1152.04
1157.05
17213.82
1288.18
1178.98
1163.96
1178.03
1164.91
1159.91
17221.93
1265.05
1183.99
1179.93
1166.82
1152.99
1152.99
17352.82
1201.15
1163.96
1169.92
1160.86
1152.99
17180.92
1289.13
1183.99
1182.08
1176.12
1153.95
1147.99
25221.82
1276.97
1178.03
13226.03
1289.84
1192.09
1166.11
1188.99
1158.95
1152.99
25254.01
1288.18
1189.95
9227.99
1283.88
1180.89
1174.93
9316.92
1199.01
1178.98
9290.93
1192.81
1163.96
9221.08
1240.02
1177.07
9207.01
1253.13
1161.10
1165.15
9310.01
1201.87
1169.92
9217.98
1220.94
1163.96
9209.87
1254.08
1180.17
1162.05
9288.07
1190.90
1168.97
9295.94
1199.96
1178.98
9222.98
1240.97
1169.92
1163.01
13302.09
1187.09
1162.05
1175.88
1160.86
1155.85
25239.94
1271.96
1181.13
13213.16
1290.80
1184.94
1175.88
1178.03
1158.00
1150.85
17219.07
1266.96
1177.07
1178.98
1171.83
1163.96
1158.00
17340.90
1204.01
1163.01
1173.97
1166.11
1160.14
1150.13
17333.03
1186.85
1164.91
1176.12
1170.16
1142.98
17237.19
1266.96
1183.99
1162.05
1176.83
1158.00
1164.91
17331.84
1220.94
1164.91
1173.97
1157.05
1183.99
1152.99
25348.90
1205.92
1171.11
13350.01
1202.11
1168.97
1182.79
1168.01
1150.13
25201.08
1333.95
1191.85
1165.87
1169.92
1153.95
1159.19
17248.87
1266.00
1178.98
1176.12
1170.16
1152.04
1156.09
17364.03
1209.02
1186.13
1178.98
1160.86
1159.91
17210.01
1305.10
1179.22
1176.12
1185.89
1153.95
1163.96
17240.05
1266.96
1182.08
1174.21
1162.05
1147.99
1162.05
17358.06
1224.04
1168.01
1185.89
1156.09
1148.94
17219.07
1281.98
1171.11
1172.07
1183.03
1160.86
1155.85
17248.87
1274.11
1173.02
1175.88
1162.77
1152.99
1142.02
25375.84
1216.89
1190.90
9252.07
1239.06
1172.07
13231.99
1278.16
1191.14
1163.01
1171.83
1158.95
1152.99
25314.09
1227.14
1171.11
13247.01
1276.97
1170.87
1174.21
1165.87
1152.04
1152.99
25366.07
1217.13
1168.97
1186.85
1174.93
1168.97
1149.18
1175.17
1152.04
1151.80
1163.96
1164.20
1152.04
13203.14
1268.15
1175.17
1174.93
1178.98
1147.99
1151.08
1173.97
1152.99
1169.92
1152.99
13331.17
1191.14
1158.00
1175.88
1163.96
1163.01
1155.85
1153.95
1141.79
1162.05
13327.12
1194.00
1177.07
1170.87
1164.91
1152.99
17229.08
1281.02
1178.98
1166.82
1176.83
1166.11
1163.01
17247.92
1248.12
1178.98
1171.11
1166.11
1162.05
1144.89
17357.83
1208.07
1166.11
1176.12
1163.96
1147.99
17205.00
1279.12
1188.99
1163.01
1181.13
1162.05
1148.22
17230.99
1267.91
1179.22
1170.87
1163.96
1155.85
1152.99
17349.96
1198.05
1171.83
1175.88
1163.96
1158.00
1167.06
17343.04
1192.81
1171.11
1169.92
1159.91
1145.84
17246.01
1271.01
1178.98
1181.13
1155.85
1149.89
1144.17
29366.97
1230.00
1183.99
1173.02
1165.15
1170.16
1159.19
1324.89
1195.91
1182.08
13366.94
1203.06
1188.99
1188.04
1164.91
1157.05
25210.14
1290.08
1207.83
1159.91
13347.86
1190.90
1170.87
1169.92
1150.85
1155.85
25225.88
1287.94
1188.04
1173.02
13336.90
1187.80
1169.92
1182.08
1172.78
1152.99
25238.99
1279.12
1183.03
13222.93
1285.08
1187.09
1164.20
1168.01
1160.14
1144.89
25225.88
1281.98
1180.89
13238.91
1286.98
1173.97
1173.02
1168.97
1152.99
1152.99
25233.98
1272.92
1178.98
13238.91
1282.93
1186.13
1169.20
1178.03
1158.00
1147.99
25248.05
1255.99
1173.97
13239.86
1266.96
1169.92
1164.91
1176.83
1154.90
1150.13
25300.98
1239.06
1179.22
13250.11
1275.06
1189.95
1178.03
1173.02
1165.15
1163.96
25331.97
1224.99
1173.02
13242.96
1269.10
1174.21
1179.93
1162.05
1163.96
1157.05
25336.98
1207.83
1181.13
13294.94
1233.10
1178.03
1171.11
1156.09
1161.10
1142.98
25357.96
1219.99
1178.03
13355.02
1202.11
1173.97
1181.13
1157.05
1158.00
1151.08
17320.16
1192.09
1167.77
1220.94
1158.00
1168.97
17240.05
1255.99
1176.12
1167.06
1170.16
1144.17
1145.12
17336.13
1219.99
1173.97
1166.11
1159.19
1151.08
1151.08
17343.04
1188.04
1178.98
1176.83
1148.94
1149.89
17225.98
1277.92
1173.02
1163.96
1164.91
1162.05
1158.95
17301.08
1229.05
1175.88
1170.87
1167.06
1142.98
1147.03
17351.87
1203.06
1166.11
1173.02
1151.08
1145.12
17216.92
1281.02
1172.07
1161.10
1171.11
1152.04
1158.95
17245.05
1255.04
1184.94
1183.99
1169.20
1151.08
1158.95
17328.98
1194.00
1175.88
1167.06
1149.89
1154.90
17177.82
1307.01
1169.92
1160.86
1169.92
1163.01
1152.99
17229.80
1261.00
1180.89
1178.03
1178.03
1150.13
1158.00
17341.85
1214.03
1172.07
1172.78
1157.05
1154.18
1163.01
17332.08
1199.96
1173.97
1180.89
1152.99
1148.94
17230.99
1266.96
1180.17
1192.09
1167.06
1152.04
1148.94
17326.12
1206.87
1168.01
1164.91
1173.02
1155.14
1161.10
17359.97
1194.00
1171.11
1181.13
1143.93
1152.99
29227.02
1302.96
1191.14
1168.97
1167.06
1154.90
1147.99
25336.03
1236.92
1162.05
13254.17
1259.09
1182.08
1187.09
1170.16
1160.14
1167.06
26046.99
1224.04
1198.05
1185.89
16558.17
1204.01
1178.03
1174.93
16485.93
1235.01
1181.13
1173.02
15013.22
1269.10
1182.08
13228.89
1272.92
1181.13
1160.14
1170.16
1152.99
1149.18
17239.09
1255.99
1175.88
1175.88
1166.82
1152.99
1152.04
17340.90
1196.86
1178.03
1167.06
1152.99
1148.94
1163.01
17336.13
1189.95
1167.06
1175.17
1151.08
1149.18
17235.04
1266.00
1177.07
1182.08
1166.11
1156.09
1147.99
13319.97
1197.10
1168.01
9214.88
1250.98
1174.93
13217.21
1276.97
1168.97
1173.02
1164.91
1158.95
1149.89
13211.01
1255.99
1169.92
13193.85
1299.14
1181.13
1170.87
1173.02
1160.14
1149.89
13207.91
1251.94
1188.04
9197.00
1266.96
1187.09
1165.15
13334.04
1203.06
1166.82
1167.06
1161.10
1152.04
13168.10
1279.83
1184.94
1168.01
13333.08
1193.05
1163.01
1176.12
1148.94
1147.99
13185.98
1283.17
1172.07
1171.11
13310.19
1203.06
1162.05
1163.96
1158.00
1152.99
1147.99
13298.03
1176.12
1167.06
13317.82
1204.01
1165.87
1175.88
1174.21
1163.96
13178.11
1282.93
1178.03
1164.91
9311.91
1185.89
1168.97
9223.94
1236.20
1176.12
13216.02
1257.90
1178.03
1163.01
1185.89
1163.01
1167.06
13216.97
1239.06
1173.02
13227.94
1264.10
1181.84
1175.88
1182.79
1161.10
1161.10
13213.87
1235.96
1180.89
13210.06
1272.92
1187.09
1168.01
1163.01
1147.99
1166.11
13226.03
1249.07
1170.87
13240.81
1261.95
1195.91
1162.05
1175.88
1149.89
1152.99
13212.92
1251.94
1188.04
13221.03
1265.05
1183.99
1164.91
1170.87
1148.94
1147.99
13224.12
