988.01
988.96
990.15
986.10
998.02
17045.97
1100.06
1004.93
999.93
1003.03
992.06
982.05
977.04
980.14
978.95
986.81
993.01
992.06
983.95
990.87
988.01
25017.98
1055.00
1018.05
998.97
1011.85
1000.88
995.16
993.97
991.82
957.97
962.97
968.93
24999.14
1042.13
977.99
971.08
962.02
967.98
1005.17
992.06
1001.12
993.97
997.78
998.97
25027.99
1053.09
1009.94
988.01
1000.88
988.01
993.97
974.89
987.05
988.01
980.85
970.84
7190.94
1029.97
964.16
956.06
963.93
954.87
958.92
955.10
959.16
961.07
957.97
25054.93
969.17
963.93
954.87
962.02
952.01
960.11
952.96
957.97
956.06
945.09
956.06
25041.10
1014.95
1003.98
1004.22
1014.95
998.97
1008.03
1006.13
1012.09
1014.95
1000.88
1007.08
25074.01
982.05
966.07
970.13
960.11
962.97
958.20
956.06
964.88
2294.06
1010.89
25125.03
1018.05
1011.13
1008.99
1007.80
1003.98
1006.13
1007.08
1004.93
1003.98
1003.03
25033.00
1055.00
985.15
982.05
16983.03
1045.94
1005.17
998.97
995.87
985.15
988.96
980.85
973.94
993.01
1037.84
978.95
973.22
978.95
989.91
983.95
16996.86
1076.94
1015.90
1009.94
1008.03
970.84
960.83
957.97
955.10
956.06
950.10
954.15
954.87
957.01
957.97
955.82
961.07
17061.00
975.85
958.92
959.16
958.92
949.86
952.01
953.91
962.02
1010.89
999.93
1008.03
1008.99
1008.99
1008.03
1005.17
17075.06
979.90
967.98
957.97
962.02
956.06
962.02
955.10
955.10
955.10
953.91
953.91
951.05
949.86
955.82
954.87
954.87
17071.96
967.98
967.03
956.06
972.03
990.15
994.92
997.07
1000.88
988.01
989.91
988.96
983.95
976.80
977.04
977.04
17057.18
983.95
972.99
969.89
972.99
972.03
957.01
959.87
964.88
960.83
961.07
958.92
957.97
1007.08
1001.12
999.93
17045.02
1059.06
1008.03
1013.99
1006.84
952.96
956.06
948.91
965.12
957.01
954.87
954.15
956.06
952.01
947.95
954.15
24985.07
1038.07
994.92
984.19
987.05
983.00
985.15
977.99
984.19
977.04
970.13
974.89
974.89
25070.91
994.21
984.91
975.85
980.85
978.95
972.03
972.99
951.05
946.04
949.14
947.95
25079.01
1003.03
982.05
982.05
955.10
951.05
952.01
952.01
956.06
952.96
953.91
947.00
24996.04
1054.05
1025.92
1007.08
1013.04
1006.13
1008.03
1006.13
1014.95
1004.93
1008.03
1008.03
25101.90
1014.23
998.97
986.10
994.21
984.91
975.13
972.99
974.89
963.21
967.98
959.16
25005.10
1019.00
988.01
981.09
991.11
984.91
979.90
977.04
969.89
1000.17
996.11
988.01
25026.08
1032.11
990.15
993.01
977.99
973.94
967.03
967.98
967.03
965.12
957.97
959.87
24987.94
1024.96
987.05
975.13
977.04
976.09
972.03
971.79
977.99
972.03
972.99
972.03
970.13
17102.96
1020.91
998.97
1006.13
999.93
1007.08
990.87
1015.19
976.09
976.09
981.09
972.99
981.81
977.04
976.09
973.94
17097.95
1019.00
1007.80
1010.89
1014.95
1005.89
1005.89
1008.03
1005.89
1003.98
1001.12
1004.93
1002.79
1015.90
1004.93
17032.15
1039.98
983.00
987.05
972.99
1016.86
1011.85
1004.93
1008.99
1010.18
1009.94
998.97
1012.09
1005.17
1006.84
1003.98
17047.17
1040.94
1003.03
998.02
1006.13
998.97
988.01
994.92
975.85
1012.09
1012.09
1007.08
1008.99
1005.17
1007.08
1008.99
17041.92
1037.12
989.20
1000.88
993.97
987.05
986.10
978.95
988.01
972.99
972.99
967.03
956.06
1003.98
1003.98
1001.12
17039.06
1025.92
986.10
980.14
972.03
952.01
955.82
962.02
967.03
966.07
965.12
966.07
973.94
974.89
969.89
971.08
975.13
17053.13
984.91
967.03
972.03
971.08
967.03
961.07
955.10
1002.07
1013.04
999.93
1008.03
1017.81
1005.89
1007.80
1003.98
13094.19
1013.99
1000.17
1003.98
1002.07
1001.12
996.11
1008.03
997.07
994.92
1005.17
25031.09
1044.03
996.11
985.15
988.01
993.01
985.86
983.00
992.06
945.09
964.88
969.89
970.84
21092.89
974.18
11044.03
992.06
984.19
981.09
974.89
965.83
958.92
959.87
966.79
959.87
958.92
955.10
25097.13
1000.17
993.01
988.96
998.02
987.05
991.11
983.95
998.97
985.15
988.96
986.81
25095.94
1034.02
1010.89
1009.94
1012.09
1004.93
1005.89
1005.89
1019.00
1003.98
1003.98
1004.93
25079.01
995.87
979.90
971.08
974.89
965.12
965.12
956.06
1004.93
1000.88
1003.03
1004.93
29096.13
999.21
990.87
986.81
997.07
991.11
987.05
993.97
1016.14
998.97
999.93
1003.03
1008.99
998.97
1007.80
17035.01
1036.17
997.07
987.05
993.97
988.96
993.97
988.96
1002.07
999.21
996.83
992.06
999.93
1011.85
1006.84
1008.99
17032.15
1054.05
998.97
1003.03
994.92
986.81
1004.93
1005.17
1009.94
998.97
991.11
996.11
993.01
1002.07
989.20
992.06
17019.99
1060.01
1010.89
1002.07
994.92
986.81
977.04
979.90
971.08
1005.89
994.92
993.97
1010.89
1000.88
1003.03
998.02
17031.19
1024.96
972.99
970.13
967.03
969.17
962.97
957.01
966.79
958.92
951.05
949.86
948.91
980.14
973.94
969.89
963.21
17061.95
988.96
980.14
988.01
943.90
977.04
976.09
970.13
977.04
971.08
967.98
964.88
962.97
959.87
959.16
951.05
16999.01
1033.07
984.91
974.89
975.13
967.98
965.83
963.93
972.03
991.11
981.09
977.99
13011.93
1060.01
1018.05
1007.08
1013.99
1007.08
1009.23
1005.89
1010.89
1011.85
1004.93
1008.99
25051.83
1047.85
1007.08
998.02
1005.89
1000.88
998.02
1000.88
1004.93
992.06
992.06
996.11
25074.01
1017.81
1005.89
998.97
1012.09
1002.07
998.97
998.02
1002.07
983.95
982.05
984.91
25090.93
1027.82
1019.95
1015.90
1024.01
1019.95
1008.03
1006.13
1013.99
1006.13
1008.03
1006.13
25078.06
999.93
982.05
979.90
983.00
979.90
962.97
967.98
974.18
963.93
958.92
954.15
25078.06
1009.94
983.00
984.91
983.95
974.18
967.98
962.97
967.98
957.01
957.01
957.01
25013.92
1039.03
1004.93
989.91
992.06
1004.93
1008.99
1002.79
1016.86
1010.89
1000.88
1001.12
1010.18
1007.08
1003.03
997.07
17102.00
988.96
966.07
961.07
974.18
964.88
962.97
970.13
972.03
1005.17
1002.07
1003.03
1008.03
1003.98
993.97
996.83
17065.05
996.11
988.01
986.10
985.15
982.05
991.11
987.05
993.97
982.05
986.10
993.01
982.05
960.11
959.16
952.96
16999.01
1052.14
1009.94
1002.79
984.91
970.84
972.99
972.03
980.14
976.09
972.99
978.95
980.14
979.90
992.06
987.05
17014.98
1070.02
1013.99
1010.18
1014.95
1007.08
1005.17
1008.99
1000.88
992.06
1001.83
993.01
1010.89
1004.93
1000.17
1002.07
17049.07
1041.89
1008.03
1004.93
1005.17
1000.88
1000.88
998.97
1006.13
998.02
998.02
1003.03
1000.88
994.92
995.87
1001.12
17061.00
989.91
962.97
960.11
958.92
1003.98
1001.12
998.97
1003.98
998.97
997.78
992.06
998.02
993.01
993.97
1002.07
17043.11
1005.17
972.99
966.79
977.04
971.08
971.08
965.12
963.93
972.99
977.99
964.88
974.89
969.17
970.13
965.83
17000.91
1050.95
1002.07
1002.07
1003.98
994.92
998.02
996.11
983.95
1005.89
995.16
1007.08
1005.89
991.82
1009.94
994.21
13031.01
1051.19
989.91
993.01
993.97
993.01
980.85
984.91
989.91
992.06
983.95
988.01
25020.12
1042.84
1015.90
1002.07
1011.13
1003.03
1003.03
999.93
988.01
1001.83
994.92
988.01
997.07
997.07
998.97
993.01
17037.87
1051.90
1012.80
1003.98
1010.18
1004.93
1001.83
1006.84
992.06
988.01
985.15
984.91
988.96
987.05
977.04
979.90
17014.98
1017.09
971.08
967.03
962.02
958.92
957.01
954.87
953.91
1002.07
1009.94
1006.13
1014.95
1008.99
1003.98
1004.93
11232.85
1032.11
994.92
987.05
986.10
978.95
978.95
976.09
971.08
970.13
970.13
962.97
958.92
962.97
16978.03
1006.13
962.02
964.16
968.93
967.98
967.98
973.94
971.08
974.18
968.93
969.89
967.98
972.03
971.08
967.98
962.97
17086.98
1003.98
994.92
1002.07
1003.98
990.15
1003.03
985.15
980.14
950.10
963.93
961.07
968.93
956.06
956.06
957.01
16998.05
1044.99
1011.13
1005.89
1013.04
1004.93
1003.03
1003.98
1002.07
1000.88
1000.88
1001.83
988.96
971.08
969.17
970.13
17049.07
1020.91
983.95
972.99
973.94
974.18
970.13
966.07
972.99
960.11
959.16
952.96
958.92
955.10
952.01
954.87
16990.90
1065.97
1007.08
994.21
1008.03
1002.07
1015.90
1013.04
1004.93
952.96
954.15
966.07
977.04
967.03
965.83
967.03
974.89
17097.95
1015.90
1012.09
1015.19
1002.07
997.07
998.97
1004.93
1001.12
998.02
999.93
25031.09
1059.77
1013.04
1016.14
1008.03
1008.03
998.02
998.02
996.11
988.01
986.10
976.09
24999.86
1058.10
1001.12
999.93
993.97
987.05
981.09
975.13
967.03
960.11
949.14
952.96
24992.94
1033.07
977.99
972.99
972.03
956.77
954.87
954.87
952.96
960.11
954.15
962.02
961.07
25068.04
979.90
960.11
962.97
962.97
959.16
955.10
956.06
961.07
957.01
960.83
972.99
25021.08
1019.95
971.08
964.88
974.89
963.93
972.03
974.89
972.99
968.93
970.13
971.08
25004.15
1064.06
1003.98
995.87
993.01
1002.07
999.93
993.97
996.11
998.97
994.21
993.01
17032.15
1043.08
1005.17
983.95
993.97
1015.90
1011.85
1009.94
1001.12
992.06
992.06
991.11
981.09
996.11
997.07
1003.03
17034.77
1040.94
1012.80
1003.03
1004.93
999.93
1003.98
996.83
1006.84
995.87
1000.88
993.97
993.01
986.10
997.07
989.20
17037.87
1032.11
989.91
979.90
966.79
1010.89
1003.98
1008.99
1007.80
1006.84
1006.84
1006.84
1029.97
1016.14
1010.89
1008.03
17111.06
1014.95
999.93
1000.88
1002.07
995.87
1006.13
1008.03
994.92
1008.03
998.02
1006.84
1007.08
1000.88
999.93
1006.13
17095.09
1019.00
1019.00
998.97
1009.94
1018.05
1005.17
1008.03
1011.13
1004.93
1008.03
1002.07
988.01
989.91
1004.93
995.16
17076.97
1020.19
1008.99
1008.99
1003.98
1005.17
1003.98
1000.17
1003.98
999.93
995.16
1004.93
1000.88
998.97
998.97
17030.95
1051.19
1008.99
1003.03
1005.89
1006.84
1008.99
997.07
984.91
999.93
998.02
1003.98
25041.10
1016.14
973.94
970.84
959.87
978.95
983.95
972.03
976.09
967.98
957.97
957.97
962.02
1061.20
1012.09
1003.98
1016.14
1004.93
1023.05
1019.00
1019.00
1015.90
1003.03
1005.89
25031.81
1046.90
1009.94
1012.09
1011.13
1008.99
995.87
1000.17
1003.98
994.92
983.00
978.23
25023.94
1034.02
1001.12
1007.08
1009.94
1008.99
997.07
999.93
995.87
1021.86
1006.84
1011.85
25076.87
996.83
976.09
976.09
977.04
986.10
982.05
976.80
975.85
968.93
966.07
961.78
24998.90
999.93
965.12
970.13
968.93
970.84
967.98
972.03
972.03
973.94
967.03
972.99
16999.01
1073.12
1006.13
1015.90
1014.95
994.21
994.92
1004.93
1001.12
998.02
990.15
996.11
986.10
952.96
954.87
965.12
961.07
17093.18
1015.90
1013.99
1011.13
998.02
1006.13
1007.08
998.02
1000.88
992.06
997.78
995.87
987.05
979.90
977.99
17003.06
1053.81
1009.94
1008.03
1010.18
1015.90
995.87
995.87
995.87
960.83
967.98
965.12
968.93
968.93
961.07
960.11
961.07
17091.99
1008.03
1000.17
1004.93
1001.83
994.92
1002.07
1008.03
1010.89
998.97
998.97
1000.88
953.20
961.07
966.07
962.97
17124.18
1203.06
976.09
965.12
1014.95
1011.85
1003.03
1013.04
1019.00
1005.89
998.97
1005.89
1008.99
1021.86
1001.83
17050.98
1010.18
966.07
971.08
972.99
965.83
964.88
970.13
966.07
998.02
1000.88
988.01
997.07
1000.88
994.92
997.78
17034.05
1024.01
969.89
967.98
972.03
968.93
966.79
972.03
972.03
967.03
969.17
975.13
972.03
988.96
974.89
986.81
980.85
13063.91
971.79
961.07
957.97
962.02
957.97
959.16
957.97
957.01
958.92
965.12
957.97
37029.03
1000.88
967.03
967.98
971.08
967.98
969.89
972.99
968.93
1004.93
1000.88
1011.13
25048.97
1051.90
1006.84
993.97
975.13
971.08
976.09
967.98
971.79
968.93
969.89
967.03
25000.81
1039.03
998.02
988.01
998.02
990.15
987.05
991.11
996.11
991.11
988.96
988.01
25019.88
1067.88
1019.00
1013.99
1012.80
1009.94
1006.13
1007.08
1008.03
1012.09
1007.08
1006.13
25053.98
1054.05
1024.01
1004.93
1018.05
1004.93
1008.99
1009.94
1000.17
970.13
965.12
967.98
25073.05
1021.86
1009.94
1007.08
997.07
977.04
978.95
975.13
989.91
984.91
983.00
989.91
997.07
985.86
986.81
990.87
17084.84
998.97
984.19
963.93
970.84
969.89
962.02
959.87
947.95
963.21
962.97
959.16
966.07
966.07
967.03
975.85
17000.91
1041.89
1005.17
999.93
998.97
1003.03
993.97
997.07
1000.17
995.87
990.87
999.93
997.07
986.10
997.07
985.15
17024.04
1024.96
975.13
972.99
963.21
1004.93
1008.99
1011.13
1012.09
1010.89
1003.03
1009.94
1010.89
1006.84
1004.93
1008.03
17050.03
1054.05
1013.99
1016.14
1019.95
1006.84
1013.04
1008.03
1007.08
1005.17
1012.09
1000.88
1005.89
999.93
999.21
998.02
17084.12
1028.06
1006.13
997.07
1004.93
998.02
1002.07
999.93
1006.84
1003.98
999.93
998.97
982.05
992.06
989.91
998.02
17107.96
1031.16
1003.03
1012.09
999.21
998.02
1003.98
996.83
1009.94
996.11
998.02
995.87
1001.83
989.91
996.11
996.11
13098.96
1006.84
997.07
979.90
996.11
975.13
973.94
968.93
980.14
965.12
959.87
963.93
25094.99
1010.89
1010.89
1010.89
1013.04
1009.94
1018.05
1001.12
966.07
976.09
986.10
983.95
25093.08
984.19
969.89
958.92
952.01
981.09
981.09
984.91
987.77
979.90
978.95
974.18
25068.04
997.07
983.95
973.94
984.19
963.93
972.99
968.93
966.07
961.07
972.03
957.01
25004.86
1013.99
972.99
972.03
967.98
970.13
967.03
969.17
976.09
972.99
975.13
967.03
25004.15
1078.13
1016.14
1021.86
1010.89
1003.03
1000.88
998.97
995.87
1008.03
1008.03
1006.13
25045.87
1007.08
977.04
970.13
969.89
982.05
984.91
975.85
977.99
980.14
958.92
962.97
16986.13
1005.17
965.12
962.02
964.16
956.06
957.97
960.83
967.98
980.14
970.84
966.07
969.89
988.96
993.01
990.15
992.06
17094.14
993.01
982.05
989.91
948.91
982.05
988.01
996.11
1002.07
989.91
995.87
999.93
998.97
998.02
993.97
998.97
17102.96
998.97
1002.07
992.06
995.16
990.15
990.87
990.87
970.84
995.87
999.93
1001.12
1009.94
1000.88
999.93
1000.17
17106.06
1011.13
997.07
996.11
997.07
992.06
995.16
993.97
1006.84
998.02
1004.93
1001.12
989.91
1003.98
1008.03
1007.08
17082.21
998.97
983.95
978.95
1012.09
1011.13
1003.03
1012.80
1012.80
998.97
1002.07
1016.14
1008.99
998.97
1003.03
17040.01
1024.96
980.14
979.19
983.00
990.15
993.01
990.15
989.91
993.97
996.11
998.02
1000.17
994.92
995.87
992.77
17044.07
1036.88
1003.98
1000.17
1008.99
1008.03
1000.88
1002.79
1016.86
1013.99
1003.03
1009.94
998.97
1010.89
1018.05
1008.99
25038.96
1059.77
1016.86
997.07
1008.99
1000.17
1007.08
1003.98
998.97
988.01
983.95
973.94
983.00
969.89
971.08
963.21
17016.89
1008.99
969.17
963.93
969.89
955.10
951.05
957.97
957.97
953.91
954.15
951.05
955.10
25106.19
1017.09
1004.93
1005.89
995.16
1003.98
999.93
987.05
949.14
953.91
963.93
961.07
973.94
967.98
967.98
965.12
17107.01
1015.90
993.01
998.97
1003.98
988.96
988.01
978.95
978.95
959.16
951.05
959.16
968.93
965.83
960.83
965.83
17076.02
1018.05
995.16
991.11
996.11
988.96
979.19
981.09
977.99
959.16
971.08
967.03
983.00
974.18
977.04
974.18
988.96
987.05
981.81
985.86
975.85
1003.98
1006.13
1007.08
1011.13
1009.94
1011.85
1007.80
1018.05
1008.03
1005.89
1007.08
1000.88
998.02
1001.12
988.96
997.07
989.20
993.01
988.96
993.97
988.01
994.21
988.96
984.91
998.02
988.96
998.02
1000.17
998.02
1001.12
995.16
1001.12
1004.93
1006.84
998.02
988.96
997.07
997.07
992.06
993.01
993.97
993.01
994.21
994.92
990.87
989.91
991.11
980.14
1002.07
1007.08
1010.18
1008.99
1006.13
1005.17
1008.99
1010.18
1009.94
1008.03
1006.13
1007.08
1006.13
1000.17
1008.99
1008.99
1002.07
1008.99
997.07
1013.04
1001.83
1000.88
1003.03
1019.00
1015.19
1003.98
1002.07
17102.00
1020.91
1000.88
997.07
1007.80
995.87
1003.03
996.11
1010.89
997.07
1000.88
998.02
1013.99
996.11
997.07
996.11
17100.10
1024.01
1007.80
1002.07
1007.08
1000.88
1000.88
999.93
1013.04
998.02
1006.84
995.87
1027.82
993.97
1002.07
996.11
17097.95
1008.03
1005.17
999.93
998.97
996.11
1001.12
998.02
1003.03
996.11
1000.17
999.93
984.91
976.80
988.01
16998.05
1030.21
969.89
962.02
959.16
1024.01
1009.94
1013.99
1016.14
1012.09
1008.03
1008.99
1021.86
1006.84
1010.89
1013.04
1008.99
967.03
973.94
969.89
16987.80
1029.01
967.98
960.83
959.87
980.85
974.89
968.93
959.16
967.03
958.92
957.97
955.10
959.16
960.11
958.92
963.93
17055.03
1027.82
1004.93
1004.22
1020.91
996.83
997.07
994.92
1005.89
954.15
962.97
963.93
13076.07
998.02
980.85
983.95
983.95
981.81
977.04
973.94
988.01
979.90
985.86
983.00
25041.10
1044.03
1006.13
1002.07
1006.13
997.07
1003.03
995.16
1004.93
1003.98
1011.13
1005.89
25107.86
1027.82
1008.03
1009.94
1006.84
995.87
993.01
983.95
978.95
983.00
984.91
992.06
25105.95
997.07
988.96
988.01
960.11
957.01
967.98
970.84
985.86
972.03
982.05
976.09
25082.11
1024.01
1014.23
1008.03
1018.05
1005.17
1004.93
1008.03
1018.05
1008.99
1006.13
1008.03
25119.07
1019.00
1012.09
1008.99
1013.04
1005.89
1002.07
1016.86
1006.84
1007.80
1008.99
25037.05
1070.98
1024.01
1010.89
1006.13
1016.14
1004.93
1011.85
996.83
959.87
957.97
957.97
24991.99
1042.13
1003.03
990.87
987.05
990.87
999.21
998.02
987.05
990.15
989.91
984.91
17030.95
1031.88
984.91
973.94
973.94
1003.98
996.11
993.97
998.97
988.96
988.01
993.01
994.21
993.01
991.11
990.15
17021.89
1024.01
976.09
971.08
969.17
957.97
960.11
958.20
952.96
973.22
952.01
957.01
955.82
962.02
956.06
952.96
957.01
17040.97
1018.05
1009.94
998.02
1014.95
997.07
1007.08
993.97
1003.03
998.02
997.07
997.07
994.92
952.01
950.10
951.05
17034.05
1005.89
983.95
985.15
977.99
1004.93
1011.85
1008.03
1013.99
1008.03
1004.93
1005.17
1013.04
1005.17
1005.89
1009.94
17107.01
1028.06
1019.95
1006.84
1014.95
1003.98
1004.93
1008.03
1003.98
1013.99
1013.99
1013.04
1023.05
1014.95
1016.86
1017.81
17092.94
1016.14
1013.04
1010.18
1007.08
1012.09
1002.07
1010.89
1004.93
1005.89
1003.03
1001.83
994.92
1007.08
1005.89
17051.94
1050.00
1006.13
1005.17
993.01
1005.17
1012.09
1002.07
1007.08
1003.98
996.83
998.97
1004.93
1005.89
1009.94
1001.12
17043.11
1049.04
1016.86
1008.99
1014.95
1010.89
1013.04
1008.99
1013.04
1006.13
1007.08
1003.98
25108.81
1015.90
999.93
996.11
991.11
985.15
979.90
977.04
977.04
975.13
967.03
972.99
25083.07
1012.09
999.93
988.96
996.11
987.05
984.91
990.15
971.08
996.11
999.93
997.07
25120.02
1029.01
1002.07
1004.93
975.85
957.97
967.98
966.07
973.94
972.03
972.99
970.13
25080.92
996.11
964.16
958.92
965.83
952.96
960.11
959.16
965.83
972.03
967.03
962.97
25016.07
1016.86
968.93
965.12
974.18
961.07
957.01
959.16
963.93
965.83
964.88
969.89
968.93
25076.15
983.95
972.99
970.13
986.10
968.93
971.79
974.89
1005.89
993.97
999.93
992.06
998.97
990.15
998.02
994.21
17101.05
1012.09
1003.03
994.92
1003.98
996.83
992.06
997.07
1002.07
994.92
998.02
992.06
949.14
972.99
976.09
975.85
17119.88
1029.01
1009.94
1005.17
999.93
989.91
996.11
997.07
995.87
993.01
1003.03
998.02
1002.07
1007.08
1003.03
17030.95
1079.08
1016.86
1016.86
1014.95
1013.04
1005.17
998.02
1002.07
1003.03
1008.99
1008.03
1013.99
1006.13
1008.03
1005.17
17044.07
1042.13
1008.99
993.97
993.01
995.16
998.02
987.05
993.97
988.01
987.05
988.96
978.95
1013.99
995.87
1008.03
17048.84
1028.06
994.92
983.95
975.13
978.95
988.01
986.10
984.91
985.86
974.89
979.19
981.09
973.94
973.94
975.13
17014.03
1030.21
983.95
972.99
977.04
971.08
976.09
977.99
965.83
1010.89
1008.03
1004.93
1005.89
1002.07
1003.98
1007.08
17044.07
1016.14
972.99
972.99
968.93
969.89
972.99
970.84
978.95
977.04
976.80
974.89
976.80
25069.00
980.14
966.07
966.07
971.08
970.13
968.93
968.93
977.99
967.98
975.13
972.03
25087.12
991.11
977.04
977.99
984.91
975.13
970.13
977.99
974.18
958.92
958.92
961.78
25058.03
1027.11
1007.08
1004.93
1010.89
999.93
998.02
993.97
1003.03
991.11
991.11
995.16
25095.94
1014.95
1001.12
998.02
998.02
984.91
988.96
989.91
985.86
974.89
981.09
965.12
25073.05
981.81
959.87
961.07
967.98
969.17
962.97
961.78
964.88
963.93
961.07
962.02
25013.92
1042.84
1006.84
1003.98
1014.95
1005.89
1009.94
1002.07
998.02
998.97
998.02
1013.99
17071.01
1010.18
996.11
983.95
983.95
1001.12
997.07
997.07
1006.13
1008.03
998.97
998.02
1011.13
1008.99
1005.17
1003.03
17093.18
986.10
975.85
962.02
972.99
958.92
964.16
962.97
957.97
982.05
977.99
976.09
980.14
975.13
978.95
976.80
17009.02
1032.11
1002.07
985.15
989.91
984.91
980.85
977.99
983.95
977.99
972.03
969.89
977.04
955.10
961.07
960.11
16976.12
1070.98
1008.99
1003.03
1000.17
994.92
998.02
998.97
994.92
998.02
995.16
993.97
991.82
993.97
998.97
998.02
17030.00
1067.88
1013.99
1007.08
1011.13
1002.07
997.07
993.01
995.16
981.09
990.15
992.06
1002.07
993.97
984.91
984.19
17013.07
1060.96
1009.94
1007.08
1010.89
1003.98
1000.88
1003.98
1008.99
1001.83
998.97
1003.03
1001.12
999.93
995.87
1001.83
17028.81
1044.99
1011.13
1002.07
1003.98
999.93
997.78
1004.93
1003.98
1003.03
998.97
1001.83
25050.88
1005.89
976.80
967.98
975.13
970.13
972.03
974.18
977.04
981.09
981.09
977.04
25022.98
1026.15
988.01
980.85
989.91
972.99
967.98
961.07
962.97
966.07
961.78
956.06
24986.98
1065.02
1011.85
1004.93
1006.13
1003.03
1005.17
1003.03
1005.17
1013.04
998.97
1003.03
989.91
954.87
952.96
956.06
16985.18
1078.13
1026.15
1013.04
1016.14
1006.84
1009.94
1011.85
1019.00
1003.03
1009.94
1003.98
1005.17
957.01
961.07
959.16
17013.07
1069.07
1201.87
1016.14
1019.95
1018.05
1007.08
1004.93
1014.95
1013.99
1007.80
1006.84
1005.89
989.20
984.91
983.95
992.06
984.19
983.95
981.09
989.20
983.00
979.19
982.05
970.13
977.99
980.14
983.00
980.85
977.99
976.09
982.05
988.01
977.99
983.00
974.18
962.97
961.78
958.92
957.01
962.02
960.11
959.87
962.02
961.07
972.03
967.03
971.08
968.93
993.01
1003.98
1003.98
1000.17
1013.99
1002.07
1003.03
1003.98
1004.93
1003.03
998.97
1004.93
977.04
987.77
1000.88
990.87
993.97
987.05
991.11
993.01
1003.98
1003.98
984.91
983.95
970.13
992.06
991.82
994.92
997.07
997.78
994.92
990.87
1003.98
987.05
993.97
994.92
1007.08
977.04
978.95
982.05
985.15
981.09
976.09
974.18
982.05
980.14
980.85
976.80
983.95
1005.17
999.93
998.02
1003.98
1001.12
998.97
1003.98
1005.17
1000.88
993.97
998.02
17079.11
1026.15
1018.05
1018.05
1019.00
1007.80
1004.93
1011.13
1012.09
1003.03
1006.84
1000.88
1013.04
1004.93
1006.13
1004.93
17103.91
1024.96
1004.93
998.02
1024.96
1005.89
1003.03
985.86
1015.90
999.93
993.01
993.97
13062.00
980.14
976.09
977.04
995.16
1015.90
1011.85
1011.85
1009.94
1010.89
1003.03
25021.79
1065.97
1013.99
1004.93
1006.13
1003.03
998.97
997.07
1019.95
1012.09
1010.18
1008.03
25051.12
1050.00
1015.90
1003.03
1003.03
997.07
990.15
992.06
992.06
993.97
992.06
988.01
25038.96
1014.95
970.84
966.79
969.89
969.89
972.03
970.84
960.83
1001.83
1008.99
1005.17
25037.05
1036.17
993.01
980.14
971.08
980.14
988.96
988.01
980.85
983.00
985.86
983.95
986.10
973.94
975.85
974.89
978.95
17048.12
971.08
962.02
967.98
972.99
964.16
964.88
968.93
997.07
1003.03
1005.89
1003.98
1010.89
999.93
1001.12
1003.98
17059.80
978.95
965.12
972.99
972.99
967.98
969.89
968.93
977.99
971.79
974.89
970.84
985.86
1003.98
998.02
994.21
17091.04
1027.11
1019.00
1011.13
1019.00
1007.80
1003.98
1003.98
1013.04
1007.08
1008.03
1002.07
967.98
953.91
963.93
966.07
17102.00
1029.97
1011.13
1012.09
1001.12
1000.88
999.93
1003.98
1009.94
999.93
1003.03
1005.89
1011.13
998.02
999.21
1000.88
17093.90
1029.01
1019.00
1021.15
1013.04
1016.14
1009.94
1003.98
1004.93
1007.08
1008.99
1013.99
1010.89
1007.80
1009.94
17054.08
1081.94
1028.06
1027.11
1034.02
1029.97
1025.92
1024.01
1031.88
1024.01
1028.06
1019.00
987.05
969.89
970.84
975.85
17091.04
1044.99
1008.99
1008.03
1029.01
1029.01
1026.87
1022.82
1033.07
1024.96
1022.10
1023.05
1029.01
1018.05
1023.05
17045.97
1041.89
990.87
989.91
980.85
981.81
983.00
981.09
983.00
1011.85
1003.98
1006.13
1007.08
1008.03
1007.08
1003.03
17024.04
1020.91
983.00
975.85
963.93
988.96
994.92
1001.12
1001.12
998.97
1001.12
1007.08
25018.93
1050.00
1006.13
995.16
998.02
1001.12
996.11
998.02
996.11
998.02
996.83
991.82
25027.99
1055.00
1008.03
1007.08
1005.89
996.83
1009.94
1000.17
997.07
1013.99
1000.17
999.93
25040.86
1069.07
1012.09
1000.88
1005.17
1004.93
1005.89
1002.07
1005.17
994.92
1001.83
999.93
25075.91
1035.93
1001.83
995.87
1010.89
998.02
999.93
1000.17
994.92
988.01
989.91
988.01
25085.93
984.91
966.79
966.07
966.07
957.01
957.97
953.91
968.93
962.02
950.81
957.01
24992.94
1023.05
978.95
977.04
979.90
987.05
977.04
977.04
982.05
970.13
976.09
973.94
24998.90
1021.86
969.89
957.01
963.93
962.97
959.87
952.01
957.01
968.93
958.92
951.05
955.10
25077.10
989.20
978.95
972.03
17081.02
1028.06
1022.10
1020.91
989.91
977.99
974.89
981.09
988.01
977.04
979.90
977.04
983.95
981.81
977.04
977.04
17085.08
1011.13
993.97
988.96
1001.12
988.01
988.01
983.95
974.18
967.03
966.07
960.11
967.98
960.83
962.97
962.02
17000.91
1007.08
978.95
972.99
974.89
971.08
975.13
969.17
975.85
983.00
977.04
976.09
972.03
991.82
990.87
989.91
3204.11
977.99
962.02
957.97
953.91
956.06
959.16
959.16
952.01
955.10
952.96
1015.90
1015.90
1009.94
17045.02
1017.09
977.04
953.20
961.07
953.91
954.87
952.01
947.95
960.11
955.10
953.91
951.05
963.93
950.81
948.91
951.05
25010.82
1035.93
1002.79
1003.03
1008.03
1003.03
1002.79
1000.88
1011.85
1003.03
1007.08
998.97
25106.91
1008.03
991.82
984.91
988.01
979.90
975.85
968.93
976.09
966.07
960.83
957.01
25017.98
1048.09
1016.14
1010.18
1014.95
1006.84
1005.89
1009.23
1012.09
1003.98
1007.08
1003.03
17110.82
1009.94
995.16
988.96
990.15
989.91
985.86
993.97
985.15
990.15
982.05
982.05
988.01
978.95
972.03
971.79
17079.83
1028.06
1013.99
1017.09
1016.14
1019.00
1008.03
1008.03
1003.03
982.05
980.14
977.99
979.19
963.93
967.03
962.97
33079.15
1002.07
992.77
983.00
998.02
988.01
983.00
986.10
988.96
984.19
983.95
980.85
25081.87
1025.92
1006.13
1006.13
1018.05
1007.08
1004.93
1009.94
1014.95
1005.89
1007.08
1008.03
17094.85
996.83
979.90
980.14
987.05
977.04
972.99
965.12
972.03
960.11
957.97
958.92
967.03
960.83
958.92
960.11
17038.11
1008.99
989.20
983.00
988.96
980.85
979.90
989.20
983.95
990.87
989.20
989.91
982.05
961.07
962.97
954.15
16997.10
1049.04
1024.96
1006.13
1012.09
1005.89
1005.89
1004.93
1003.98
1003.98
1001.12
1004.93
1002.07
990.87
986.81
985.86
17019.99
1045.94
1019.95
1008.03
1019.00
1003.98
1008.03
1008.99
1011.85
1004.93
1009.94
1001.12
999.93
998.97
1005.17
996.83
17093.90
993.01
973.94
968.93
976.09
1008.99
1013.04
1010.89
1018.05
1008.99
1007.08
1010.89
1010.89
1008.03
1007.80
1005.89
17102.96
1003.03
991.82
989.91
998.02
994.21
989.91
988.01
993.97
1004.93
998.02
1000.17
1012.09
1008.03
996.11
996.11
29105.90
1029.01
1011.13
1014.95
1008.99
1005.89
1001.83
1006.84
1013.04
1018.05
1012.09
25038.00
1060.01
997.07
988.96
988.96
986.10
977.99
976.80
977.04
973.94
979.19
971.08
24995.09
1057.86
1014.95
1012.09
1008.03
1003.98
1009.94
998.02
991.82
957.01
976.09
966.07
25006.06
1029.01
969.89
968.93
972.03
962.02
961.07
961.07
955.10
968.93
964.88
963.93
962.97
25099.99
988.96
977.04
972.03
978.95
968.93
959.16
957.97
966.79
957.97
962.02
955.82
25051.83
988.96
966.07
964.88
967.03
958.92
962.97
958.92
970.13
964.16
963.93
967.98
25012.97
1025.92
972.03
964.88
960.83
1015.90
1017.81
1006.84
1008.99
1008.99
1006.84
1003.98
1008.03
999.21
1002.07
1003.03
17050.03
1052.86
1000.88
996.83
995.87
993.01
991.11
993.01
977.99
1013.99
1013.04
1004.93
1013.99
1004.93
1000.88
1000.88
17045.97
1023.05
988.01
979.90
992.06
978.95
983.00
979.90
986.10
976.09
984.19
983.00
974.89
1005.89
1013.99
1008.99
17054.80
1013.99
972.99
958.92
955.82
1009.94
1017.09
1024.96
1045.94
1025.20
1023.05
1019.00
1024.01
1024.01
1019.95
1025.92
17110.11
1007.08
996.11
988.96
997.07
980.85
975.85
979.90
985.86
1024.96
1028.06
1023.05
1033.07
1021.86
1024.96
1020.91
17124.89
1016.86
1003.03
1004.93
1010.18
995.87
997.07
998.97
998.02
1001.83
990.87
993.97
1030.92
1029.97
1028.06
17063.14
1024.01
972.03
970.13
969.89
994.92
982.05
980.14
983.95
979.90
974.18
971.08
966.07
969.17
962.02
962.97
959.87
17066.96
980.14
965.12
966.07
967.98
959.16
960.11
958.92
954.87
999.93
996.11
998.97
1004.93
998.02
995.87
995.87
17104.86
978.95
967.98
961.07
966.07
957.97
960.11
962.97
17011.88
1002.07
977.04
973.94
970.84
963.93
969.89
970.13
975.13
968.93
965.83
961.07
25002.96
1027.82
979.90
966.07
969.89
968.22
962.97
965.12
967.03
963.93
964.16
968.93
964.88
25084.97
988.96
981.81
980.85
984.91
977.99
974.89
979.90
975.85
972.99
966.07
963.93
25086.88
1023.05
1014.95
1013.99
1020.91
1013.04
1015.90
1006.84
1019.95
1013.04
1007.80
25034.90
1057.86
1023.05
1004.93
1014.95
1014.95
1016.86
1004.93
1013.99
1009.94
1003.98
1008.99
25052.07
1060.01
1025.92
1006.13
1008.99
1008.99
1009.94
1004.93
1019.00
1008.03
1004.93
1010.89
29103.04
1029.97
1020.19
1018.05
988.01
1000.17
1003.98
999.93
1011.13
993.01
993.01
988.96
1003.98
993.01
997.07
999.93
1006.84
988.96
978.95
985.86
986.81
984.91
980.85
986.81
985.86
978.95
985.15
983.95
977.04
977.99
975.13
967.03
970.13
965.12
960.11
957.01
967.98
955.82
957.97
960.11
952.01
957.01
962.02
960.11
961.07
965.12
962.97
959.87
958.92
967.98
959.87
962.02
957.01
967.03
987.77
984.91
991.82
990.87
979.90
984.91
977.04
984.91
980.14
985.15
981.09
977.04
977.99
972.99
967.03
973.94
962.02
959.87
962.97
963.93
958.92
955.10
959.16
962.02
1003.98
997.78
1003.03
1006.13
999.93
1001.12
998.02
1005.89
1001.83
999.21
997.07
993.01
991.11
985.15
985.86
993.97
984.19
982.05
972.03
972.99
978.95
978.23
969.89
967.03
1008.03
1001.12
1008.03
1005.17
1018.05
998.02
1001.12
997.07
1008.03
994.92
998.02
1000.17
13087.03
1008.03
1001.83
1000.88
998.02
1014.95
1007.08
1007.08
1003.03
1003.98
998.97
1001.12
1008.99
1004.93
1002.07
17035.01
1035.93
995.16
988.01
977.99
998.02
997.07
1008.99
1017.09
1002.07
1004.22
988.96
25051.12
1016.86
964.88
959.16
962.97
963.21
957.97
957.97
966.07
970.13
968.93
965.83
957.97
17110.11
1024.96
1021.86
1003.98
954.15
962.02
960.11
960.11
981.09
958.92
965.83
968.93
981.09
972.99
972.99
972.99
17091.99
1019.95
1006.84
998.97
991.11
959.16
957.97
956.06
963.93
961.07
963.21
964.88
978.95
976.09
969.17
968.93
17021.89
1029.01
977.04
965.12
962.97
1002.79
999.93
997.07
1009.23
992.06
992.06
997.07
1012.09
995.16
999.93
996.83
17038.82
1046.90
1013.99
1008.99
998.02
966.07
977.99
979.19
983.95
983.00
977.04
987.05
984.91
984.91
983.95
988.01
17035.96
1039.03
989.91
987.05
975.13
998.02
995.87
999.93
1010.89
994.92
1003.98
998.97
1003.98
998.02
998.02
994.21
17030.00
1042.84
999.93
997.07
984.19
984.91
987.05
999.93
1003.98
997.07
996.11
993.97
995.87
1004.93
993.97
987.05
17037.87
1034.02
990.15
994.92
980.85
1005.89
1015.19
1008.99
1013.99
994.92
1005.17
997.07
1008.99
1000.88
1003.98
1002.07
17107.96
1010.89
1005.89
1000.17
973.94
998.97
992.06
998.02
1005.17
1008.03
996.11
993.97
1005.89
996.83
994.92
998.02
17091.99
988.01
983.00
967.98
974.89
1011.13
1008.03
1013.99
1016.86
1010.89
1002.07
1008.99
1009.94
1008.03
1001.12
1008.03
17097.00
1030.92
1004.93
1013.04
997.07
1005.17
1003.98
1003.98
1007.08
1000.88
1006.84
1013.99
1007.08
998.02
1001.83
17030.95
1040.94
988.96
974.89
969.89
1008.99
1013.99
1003.98
1026.15
1006.13
1010.89
1001.83
1010.89
1006.84
1005.89
1007.08
17044.07
1065.97
1011.13
1012.09
996.11
1002.07
1006.13
1005.89
1008.03
1009.94
1006.84
1005.17
1009.94
998.97
1002.07
996.11
17046.93
1029.01
994.21
994.92
983.95
1007.08
1002.07
993.01
1022.82
998.02
994.92
998.97
1011.13
993.97
1003.98
998.02
17071.01
1013.04
977.04
977.04
976.09
1008.03
1018.05
1014.95
1013.04
1014.95
1010.89
1001.83
1021.86
1009.94
1009.94
1009.94
17112.97
1009.94
1005.17
993.01
983.00
1010.89
1020.91
1008.99
1019.00
1004.93
1010.18
1007.08
1016.14
1008.99
1011.13
1003.98
17107.01
1019.95
1004.93
995.16
1013.04
1013.04
1013.99
1013.99
1005.17
1008.99
1008.99
1008.99
1008.99
1008.99
1007.08
17042.16
1060.01
1019.95
1006.13
1014.95
1007.08
1011.13
1003.98
1006.84
957.97
956.06
955.10
962.97
962.02
952.01
953.20
17001.87
1035.93
1183.03
1010.89
1004.93
1006.13
1001.12
1003.98
1004.22
1000.88
997.07
997.07
991.11
988.01
988.01
983.95
992.06
983.00
980.85
984.91
17017.84
1013.99
972.99
967.98
975.13
963.93
957.01
960.11
962.02
958.92
962.97
961.07
961.07
964.88
953.20
952.96
952.01
17066.00
980.14
963.93
959.87
967.03
1013.99
1003.03
1004.93
1010.18
1004.93
1008.03
1003.03
1018.05
1003.03
1004.93
998.02
17087.94
993.97
992.06
989.91
1019.00
1016.14
1013.99
1017.09
1021.15
1003.03
1009.94
13027.91
1059.06
1003.03
1001.12
998.97
1005.89
999.93
999.93
1003.03
998.97
993.97
999.93
25046.83
1048.09
998.02
1008.03
1007.08
996.11
998.97
998.02
984.91
1006.84
999.93
993.01
25027.04
1045.94
1008.03
998.02
983.00
1025.92
1012.80
1010.89
1014.95
1008.99
1007.80
1008.03
25049.92
1046.90
1006.84
1007.08
1012.80
1008.03
1004.93
1005.89
1012.80
1006.84
1006.84
1005.89
25111.91
1028.06
1010.18
1007.08
1017.09
1009.94
1004.93
1006.13
1015.90
1005.89
1009.94
1007.08
25122.17
1019.00
1005.17
1009.94
1004.93
1001.12
1006.13
1003.98
952.01
957.01
954.15
952.96
29059.17
967.98
959.87
957.97
969.17
957.01
962.97
959.87
968.22
960.11
958.92
959.16
958.92
1013.04
1008.99
1019.95
17102.96
1029.01
1015.90
1003.98
997.07
981.09
979.90
979.90
988.96
988.01
974.89
976.09
986.10
977.04
983.00
978.95
17058.85
998.97
985.86
980.14
985.15
973.94
980.85
983.95
967.03
955.82
952.96
955.10
966.07
957.97
957.97
964.16
16987.09
1018.05
990.15
983.00
981.81
972.99
969.17
969.89
978.95
971.08
975.13
966.07
968.93
951.05
962.97
955.82
962.02
17108.92
1028.06
1012.09
1009.94
953.91
974.89
976.09
972.03
980.85
965.83
967.98
967.98
968.93
960.11
962.02
962.02
17066.96
984.91
967.03
964.88
962.02
956.06
958.92
955.82
957.01
1003.03
994.21
996.11
1003.98
1000.17
997.07
998.02
17023.80
1010.89
974.89
972.99
977.04
972.99
975.85
978.95
980.14
976.09
971.08
976.09
971.08
1008.03
998.97
1003.03
25035.14
1060.96
1006.84
993.01
984.91
954.87
958.92
958.92
965.12
957.97
955.10
953.20
957.97
25073.77
988.96
983.00
972.99
998.02
983.00
977.99
977.99
986.10
981.09
976.09
977.04
25097.85
1008.03
990.87
989.91
998.02
997.07
988.96
997.78
995.87
985.86
989.91
989.91
25106.91
1021.86
1003.03
1004.93
1005.89
998.97
989.91
993.01
968.93
967.03
965.12
957.01
25062.08
969.17
961.07
955.10
978.95
999.93
1010.18
1008.99
1015.90
1008.03
1010.89
1013.04
25105.95
1013.99
1013.99
1013.99
1006.13
1011.13
1005.89
1013.04
1010.89
1005.89
1009.94
1010.89
1009.94
1008.03
1008.03
29044.87
1075.98
1041.89
1033.07
1034.02
1030.92
1031.16
1029.01
1036.17
1025.92
1026.87
1015.90
25108.10
1023.05
1013.99
1006.13
1017.09
1019.95
1016.14
1019.00
1027.82
1026.87
1030.92
25050.16
