1242.88
1168.97
1167.06
1162.05
1161.81
1160.86
1166.82
1165.87
1162.05
1161.10
25244.00
1147.03
1127.00
1138.93
1134.16
1133.92
1143.93
1164.91
1138.93
1134.87
25224.92
1173.02
1147.03
1141.07
1158.00
1144.17
1153.95
1132.97
1142.98
1137.97
1135.11
1152.04
1137.97
1172.78
21224.98
1233.10
1199.01
1204.97
1208.07
1209.02
1199.01
1183.99
1188.04
1188.99
1194.95
1186.13
1199.96
17241.95
1167.06
1192.81
1147.03
1157.05
1142.02
1142.02
1144.89
1173.02
1147.99
1150.13
1206.87
1214.98
1214.03
17280.10
1147.03
1132.97
1126.05
1147.99
1143.93
1134.16
1142.98
1146.08
1141.07
1142.98
1138.93
1141.07
1137.02
17236.95
1164.91
1144.89
1140.83
1136.06
1143.93
1137.97
1156.09
1135.11
1162.05
1152.04
1141.07
1137.97
1150.13
17231.94
1161.81
1159.91
1172.07
1149.18
1158.00
1170.16
1175.88
1173.97
1168.01
1186.13
1144.89
1150.85
17205.95
1204.01
1147.99
1154.90
1108.88
1154.90
1169.92
1182.08
1161.10
1167.06
1152.99
1190.90
1165.15
1157.05
17254.11
1228.09
1209.97
1212.84
1205.92
1201.87
1202.82
1099.82
1119.85
1125.10
1129.15
1138.93
1137.02
1143.93
17294.88
1190.90
1187.80
1206.87
1207.11
1188.04
1203.06
1212.12
1209.02
1224.04
1158.00
1170.87
1139.16
13237.95
1171.83
1156.81
1160.86
1152.99
1147.99
1149.89
1152.99
1150.13
1152.04
25217.06
1177.07
1143.22
1137.02
1147.99
1135.83
1134.87
1141.79
1138.93
1134.16
1137.02
25293.11
1192.09
1173.97
1183.99
1187.09
1168.01
1170.87
1182.08
1229.05
1168.01
25274.04
1167.06
1167.06
1130.82
1132.01
1122.95
1110.79
1127.00
1116.99
1111.03
25171.04
1200.91
1159.91
1164.20
1158.00
1163.01
1158.00
1163.01
1152.99
1160.86
29196.98
1200.91
1170.16
1158.95
1183.99
1204.01
1205.92
1221.90
1215.93
1217.13
1222.13
1215.93
1219.99
1206.87
17264.84
1137.97
1119.14
1121.04
1116.99
1113.89
1117.94
1174.93
1210.93
1207.11
1198.05
1208.07
1215.93
17265.80
1197.10
1157.05
1149.89
1119.14
1122.00
1124.86
1138.93
1129.15
1137.97
1160.14
1161.10
1142.02
1148.94
17214.78
1165.87
1137.02
1134.87
1106.02
1134.87
1141.07
1154.90
1142.02
1148.22
1142.98
1170.16
1068.12
1086.00
25181.06
1175.88
1163.01
1147.99
1147.03
1137.02
1137.97
1149.18
1140.12
1131.06
1132.97
25281.91
1188.99
1180.89
1173.02
1156.09
1148.94
2422.81
1164.91
1175.17
33262.97
1144.89
1129.87
1138.93
1131.06
1131.06
1134.16
25273.08
1177.07
1176.12
1147.99
1134.87
1139.16
25161.98
1250.98
1183.03
1155.14
1138.93
1135.83
1133.92
29191.02
1210.93
1182.08
1176.12
1209.97
1271.96
1171.11
1183.99
1183.03
1191.85
1192.09
1188.04
1186.13
1062.15
17194.03
1165.15
1175.88
1158.00
1132.97
1146.08
1157.05
1153.95
1193.05
1197.10
1176.12
1119.14
1124.14
1121.04
17255.07
1158.95
1149.89
1146.08
1125.10
1127.96
1132.97
1146.08
1137.02
1129.87
1144.89
1130.10
1136.06
17162.08
1207.83
1142.02
1143.93
1159.19
1183.03
1188.04
1178.03
1156.81
1159.91
1166.11
1167.06
1161.10
1163.01
17221.93
1192.09
1162.05
1158.00
1173.02
1168.01
1165.87
1172.78
1148.94
1152.99
1147.99
1128.20
1137.02
1144.17
17251.97
1164.20
1145.12
1138.93
1142.02
1150.13
1149.18
1154.90
1148.94
1155.14
1162.05
1151.08
1147.99
1149.89
17265.80
1137.97
1127.00
1138.93
1127.00
1122.95
1121.04
1124.14
1119.14
1111.98
25168.18
1198.05
1161.10
1173.02
1176.83
1164.91
1170.16
1158.00
1138.21
1138.93
1142.02
25246.86
1158.95
1147.03
1154.18
1178.03
1173.97
1181.84
1172.07
1164.91
1165.15
25295.02
1191.14
1189.95
1188.99
1184.94
1184.94
1188.99
1184.94
1182.08
1181.13
25275.95
1188.99
1199.96
1186.13
1178.03
1180.89
1185.18
1179.93
1175.88
1176.12
25283.10
1176.12
1161.10
1131.06
1178.98
1176.83
1181.84
1188.04
1179.93
1174.93
1180.17
1174.93
1177.07
17244.10
1218.08
1181.84
1179.93
1193.05
1180.17
1182.08
1163.96
1147.03
1149.89
1152.99
1158.00
1154.18
1161.10
17256.98
1181.84
1167.06
1170.16
1164.91
1160.86
1158.95
1176.12
1155.85
1159.91
1149.89
1146.79
1152.04
1158.00
17236.95
1142.02
1138.21
1122.95
1161.10
1168.97
1177.07
1161.10
1164.91
1163.96
1167.06
1160.14
1162.05
17228.13
1178.03
1143.22
1142.02
1150.13
1141.07
1137.97
1153.95
1142.02
1133.92
1138.93
25231.84
1123.91
1116.04
1115.08
1122.95
1123.91
1119.14
1135.11
1123.91
1122.95
25182.01
1192.09
1163.01
1149.18
1130.10
1126.05
1131.06
1136.06
1132.97
1133.92
1130.10
25276.90
1182.08
1166.11
1152.04
1152.04
1163.01
1159.91
1152.99
1153.95
1148.22
25255.92
1171.83
1150.85
1160.86
1158.00
1163.01
1158.00
1173.02
1161.10
1153.95
25214.91
1175.88
1151.08
1139.16
1170.16
1163.01
1172.07
1171.11
1165.15
1172.07
25218.01
1176.83
1137.97
1148.94
1142.02
1163.01
1172.07
1170.87
1169.20
1165.87
1165.87
29249.91
1155.14
1144.17
1154.90
1140.83
1139.88
1141.79
1147.99
1145.12
1143.93
1156.81
1209.02
1212.12
17265.08
1167.06
1131.06
1129.87
1140.12
1157.05
1161.81
1166.82
1159.91
1163.01
1158.00
1172.07
1159.91
1163.96
17213.11
1176.12
1139.88
1128.91
1132.97
1126.05
1126.05
1119.14
1144.17
1144.89
1143.93
1152.99
1141.79
1142.98
17200.95
1141.07
1122.00
1115.08
1121.04
1118.18
1108.88
1117.94
1115.08
1113.18
1110.08
1123.91
1121.04
1118.90
5184.89
1200.91
1362.09
1140.12
1123.91
1149.89
1144.89
1156.09
1151.08
1151.08
1151.08
1148.94
1145.84
1143.93
37243.13
1142.98
1131.06
1137.02
1137.97
1136.78
1137.02
1149.89
1145.84
1144.89
25193.93
1214.03
1168.01
1167.06
1180.89
1164.91
1165.87
1167.77
1169.92
1161.10
1163.01
25210.86
1127.00
1110.08
1103.88
1162.05
1157.05
1158.00
1152.04
1151.80
1152.99
25234.94
1159.91
1142.02
1149.89
1142.02
1143.93
1149.89
1152.99
1140.83
1136.06
25189.88
1188.04
1155.85
1147.99
1165.15
1157.05
1150.13
1153.95
1152.99
1150.13
1151.08
1150.85
1143.93
1140.12
17204.05
1227.14
1193.05
1188.99
1183.99
1171.83
1175.88
1176.83
1171.83
1172.07
1172.07
1169.92
1173.02
1170.87
17306.80
1202.11
1188.99
1198.05
1187.80
1184.94
1183.03
1146.08
1167.06
1155.14
1163.96
1157.05
1157.05
17215.01
1207.83
1179.93
1178.98
1175.88
1170.87
1181.13
1186.13
1177.07
1173.97
1164.20
1133.92
1129.87
1127.96
17225.98
1133.92
1119.14
1105.07
1185.18
1188.99
1188.04
1193.05
1182.08
1183.03
1188.99
1184.94
1179.93
17245.05
1197.81
1168.01
1164.91
1168.01
1159.91
1149.89
1137.02
1163.96
1163.96
1169.92
1178.03
1172.78
1170.87
17205.95
1187.09
1165.15
1171.11
1162.05
1163.01
1150.85
1163.96
1158.95
1143.93
1151.08
1137.97
1145.84
1151.08
13268.95
1155.85
1152.99
1158.00
1145.12
1147.03
1143.93
1153.95
1142.02
1144.17
25212.05
1190.19
1159.91
1153.95
1155.14
1148.94
1155.85
1160.86
1160.86
1149.89
25215.15
1220.94
1179.93
1193.05
1188.04
1179.93
1183.03
1177.79
1186.85
1183.03
25213.96
1225.95
1188.04
1173.97
1178.03
1199.01
1204.97
1209.97
1199.01
1208.07
25254.96
1224.04
1199.96
1183.03
1190.90
1181.13
1176.12
1188.04
1176.12
1186.13
29236.08
1239.06
1183.03
1180.17
1168.97
1132.01
1127.00
1133.92
1131.06
1127.00
1123.19
1127.96
1115.80
1114.85
17169.00
1199.01
1170.87
1165.87
1173.02
1161.10
1164.91
1142.98
1127.00
1120.81
1111.98
1122.00
1122.95
1114.13
17164.95
1172.07
1141.07
1137.97
1145.84
1137.97
1142.02
1142.98
1139.88
1131.77
1133.92
1104.12
1134.16
1136.06
17215.97
1184.94
1155.85
1159.91
1137.97
1137.02
1137.02
1141.07
1140.12
1137.97
1139.88
1147.03
1137.97
1135.11
17194.99
1181.84
1152.99
1158.00
1151.08
1160.14
1146.08
1145.12
1138.93
1136.06
1143.93
1138.93
1137.02
1140.83
17187.83
1163.96
1154.18
1159.91
1151.80
1152.04
1147.03
1151.08
1152.04
1152.99
1140.83
1131.77
1144.89
1149.89
17270.80
1179.93
1149.18
1145.84
1159.91
1170.16
1167.06
1171.11
1160.14
1163.01
1165.15
1163.01
1155.14
17191.89
1219.03
1154.18
1142.98
1142.98
1132.01
1136.06
1134.16
1168.01
1169.20
1168.01
1170.16
1162.05
1161.10
17221.93
1245.98
1199.01
1192.09
1101.02
1109.84
1117.94
1120.09
1116.99
1122.00
1120.09
25238.99
1144.89
1143.93
1144.17
1148.94
1147.99
1158.00
1149.18
1158.00
1149.18
25225.88
1184.94
1170.16
1168.97
1165.87
1164.20
1158.95
1170.87
1156.81
1150.85
25200.84
1150.85
1122.00
1115.08
1117.94
1108.88
1116.04
1108.17
1132.97
1152.99
1147.99
25284.05
1322.03
1140.83
1137.02
1135.11
1136.06
1142.02
1142.98
1134.87
1132.97
25202.99
1158.95
1140.12
1142.98
1139.88
1134.87
1138.21
1142.98
1137.02
1134.16
1132.97
1159.91
1171.11
1167.06
17259.12
1169.92
1163.96
1150.85
1145.84
1149.89
1153.95
1163.96
1150.85
1150.85
1155.85
1150.85
1145.84
1152.04
17279.86
1191.85
1191.85
1197.81
1184.94
1187.09
1205.92
1208.07
1204.97
1204.01
1208.07
1199.96
1201.87
17273.19
1140.12
1129.87
1134.87
1128.91
1127.96
1132.97
1137.97
1136.06
1131.06
1132.97
1147.99
1152.04
1152.99
17242.19
1126.05
1119.14
1111.98
1133.20
1151.08
1141.07
1151.08
1138.93
1143.93
1147.03
1150.85
1140.12
1137.97
17272.95
1168.97
1157.05
1158.00
1152.99
1148.94
1159.91
1126.05
1125.10
1130.10
1133.92
1136.06
1132.01
1132.97
17267.23
1168.01
1162.05
1178.98
1173.02
1156.09
1188.04
1161.10
1161.10
1171.11
25281.91
1178.03
1168.01
1181.13
1167.06
1169.92
1167.06
1172.07
1168.97
1163.96
25254.96
1195.91
1168.97
1172.07
1167.06
1170.16
1164.91
1139.88
1135.83
1142.02
25208.00
1147.99
1119.85
1114.85
1127.96
1130.10
1136.06
1141.07
1141.07
1140.12
1135.11
25254.01
1152.99
1137.97
1149.18
1141.07
1137.02
1136.06
1145.12
1143.93
1136.06
25202.99
1191.14
1152.99
1154.90
1152.04
1151.80
1148.94
1159.19
1148.94
1138.93
17199.99
1178.98
1132.97
1126.05
1137.97
1127.00
1128.91
1133.20
1149.18
1171.11
1175.88
1178.98
1173.97
1178.98
17235.99
1188.99
1161.10
1160.14
1167.06
1158.00
1161.81
1161.81
1158.95
1163.01
1153.95
1121.04
1145.12
1147.99
17197.85
1142.98
1122.95
1118.90
1137.97
1157.05
1151.08
1154.90
1147.99
1143.93
1152.99
1150.85
1147.99
1142.98
17241.00
1130.10
1115.08
1119.14
1109.12
1115.08
1114.13
1120.09
1126.05
1125.10
1132.97
1127.00
1127.96
1128.91
17179.01
1157.05
1136.06
1145.84
1133.92
1140.12
1142.02
1144.89
1150.13
1147.03
1158.95
1116.99
1130.10
1127.00
17196.18
1196.15
1179.93
1165.87
1142.98
1147.99
1160.86
1164.20
1154.90
1163.01
1169.92
1153.95
1160.14
1161.10
17270.09
1168.97
1173.97
1174.93
1173.02
1163.96
1179.93
1161.10
1177.07
1167.06
25289.06
1180.17
1167.06
1156.09
1146.08
1141.07
1140.12
1148.94
1134.87
1130.10
25199.17
1168.01
1137.02
1138.93
1138.21
1146.08
1132.97
1144.89
1119.14
1137.97
1134.87
25254.96
1146.08
1145.12
1132.97
1159.91
1174.21
1182.08
1166.11
1161.10
1165.87
25272.85
1165.87
1145.84
1154.90
1142.02
1142.02
1137.97
1150.13
1141.07
1145.12
33232.93
1254.08
1209.02
1218.08
1213.07
1211.88
1215.93
1211.88
1212.12
1211.17
13272.05
1217.13
1207.11
1188.04
1158.00
1156.81
1159.91
1164.20
1153.95
1154.90
25211.10
1180.17
1154.90
1153.95
1158.00
1154.90
1146.08
1148.22
1144.89
1138.93
25170.09
1204.01
1146.79
1146.08
1147.99
1141.07
1140.12
1141.07
1139.16
1140.12
1141.07
25252.10
1178.03
1159.19
1167.06
1158.95
1157.05
1154.90
1148.94
1146.08
1143.93
25235.89
1250.98
1240.97
1222.13
1132.01
1135.11
1132.01
1143.93
1111.98
1122.95
25179.15
1176.12
1147.03
1137.97
1149.89
1142.98
1142.98
1142.02
1132.01
1133.92
1138.21
17263.89
1159.91
1150.13
1150.13
1146.08
1146.08
1145.12
1147.99
1142.02
1146.08
29206.04
1144.89
1119.14
1111.03
1131.06
1129.15
1121.04
1135.11
1131.06
1132.97
1139.88
25269.03
1163.01
1172.07
1163.01
1148.94
1166.11
1163.96
1142.02
1151.08
1152.04
25231.12
1147.99
1125.81
1123.91
1172.78
1191.85
1206.87
1210.93
1211.17
1209.02
25263.07
1174.93
1149.18
1147.99
1144.17
1146.08
1143.93
1131.06
1165.87
1174.93
25215.86
1196.86
1163.96
1157.05
1164.20
1158.95
1159.19
1145.84
1147.03
1149.89
1137.02
25269.99
1180.17
1174.93
1178.98
1167.06
1168.97
1173.02
1134.87
1132.01
1129.15
25233.03
1192.09
1176.12
1175.88
1166.82
1168.97
1163.96
1139.16
1129.87
1132.01
25190.11
1183.99
1160.86
1159.91
9224.18
1127.00
1114.13
1110.08
1134.16
1142.02
1143.93
29232.03
1145.12
1129.87
1138.93
1139.88
1140.12
1151.08
1116.99
1142.02
1148.94
25225.88
1196.86
1179.93
1184.94
1186.85
1185.89
1181.13
9305.00
1225.95
1224.99
1227.86
1222.85
1220.94
17270.09
1213.07
1177.07
1175.17
1199.96
1216.89
1228.81
25298.83
1176.83
1173.02
1164.91
1194.95
1194.95
25268.79
1205.92
1165.87
1162.77
1163.96
1144.17
1133.92
1128.91
1180.89
1178.03
1181.84
25246.86
1139.88
1122.95
1122.95
1106.98
1106.02
1104.83
1140.83
1137.02
1132.01
1145.12
1137.97
1137.97
1149.89
17225.98
1127.96
1122.95
1137.02
1137.97
1137.97
1149.89
1135.11
1160.14
1159.91
1168.01
1177.07
1184.94
25223.97
1232.15
1191.14
1195.91
1194.95
1198.05
1190.90
1187.09
1203.06
1185.89
25247.10
1218.08
1203.06
1205.92
1203.06
1211.17
1208.07
1218.08
1199.96
1215.93
33265.11
1190.19
1166.11
1152.04
1152.99
1162.05
1177.07
25250.91
1167.06
1137.97
1137.02
1163.01
1163.01
1173.02
25285.01
1152.04
1142.02
1147.03
1132.97
1132.97
1135.11
1135.11
1175.17
1178.98
25254.01
1166.82
1140.83
1136.06
1146.08
1137.02
1132.97
1115.80
1132.97
1130.10
1131.06
1142.02
1131.06
1132.97
17199.04
1165.15
1136.06
1140.12
1148.94
1134.16
1140.12
1132.97
1158.00
1163.01
1156.09
1174.21
1182.08
1184.94
13278.01
1188.04
1180.89
1188.04
1179.93
1179.93
1178.03
1132.01
1161.81
1158.95
25222.06
1164.91
1125.10
1131.06
1146.08
1141.07
1143.93
1142.02
1116.99
1118.90
1125.10
25280.00
1174.93
1176.12
1167.06
1124.14
1116.99
1127.96
1122.95
1117.94
1122.00
25173.90
1188.04
1155.14
13211.97
1215.93
1194.00
1178.98
1200.91
1183.99
1194.00
1195.19
1201.87
1199.01
25267.12
1227.14
1194.00
1191.14
1199.01
1182.08
1173.97
1173.97
1168.97
1163.01
25218.01
1199.01
1162.05
1146.08
1158.00
1139.88
1151.08
1147.99
1138.93
1137.97
1133.20
1114.85
1173.02
1174.93
17243.86
1199.01
1163.96
1158.00
1155.14
1148.94
1148.94
1156.09
1144.17
1139.88
1136.06
1141.07
1136.06
1141.07
17194.03
1172.07
1150.85
1159.19
1144.89
1147.03
1149.89
1153.95
1141.07
1141.07
1142.98
1132.01
1137.97
1140.12
17235.04
1170.16
1156.09
1158.00
16684.77
1235.96
1218.08
1205.21
1120.09
1125.10
1131.06
1121.04
1119.14
1121.04
1127.00
1124.86
1122.95
1116.04
17274.14
1168.97
1162.05
1158.95
1158.00
1149.89
1147.99
1133.92
1140.83
1137.02
1140.12
1137.02
1132.97
17180.92
1178.98
1142.02
1136.06
1160.14
1142.02
1140.12
1143.93
1133.92
1132.01
1136.06
25254.96
1164.91
1151.08
1156.09
1156.09
1152.04
1156.09
1160.14
1159.91
1160.86
25259.97
1260.04
1212.12
1230.96
1222.85
1221.18
1219.03
1168.97
1160.86
1177.79
25251.87
1231.91
1204.97
1185.89
1162.05
1168.01
1173.02
1188.04
1178.03
1172.07
25268.08
1235.01
1215.93
1215.93
1152.04
1162.05
1147.99
1161.10
1150.13
1152.99
1145.12
1132.97
1133.92
1136.06
17280.82
1169.92
1177.07
1145.84
1201.15
1188.04
1204.97
1198.05
1199.01
1199.96
1221.90
1215.22
1219.99
13276.10
1170.16
1153.95
1153.95
1155.14
1148.94
1142.98
1163.01
1143.93
1145.12
25209.90
1204.97
1170.16
1162.05
1163.96
1158.00
1163.96
1161.81
1163.01
1162.05
29184.10
1222.13
1158.00
1145.84
1154.90
1147.03
1144.17
25191.07
1199.96
1182.79
1168.01
1174.93
1160.14
1162.05
29231.07
1217.84
1187.09
1201.15
1189.95
1179.93
1197.10
1203.06
1195.19
1197.10
25256.87
1215.93
1201.15
1191.85
1199.01
1188.99
1203.06
1211.88
1206.16
1194.00
17248.15
1208.07
1183.03
1173.02
1163.96
1168.97
1165.87
1179.93
1154.18
1151.08
1163.01
1156.09
1156.09
1156.09
17268.18
1167.06
1157.05
1164.20
1157.05
1160.14
1163.96
1151.80
1149.89
1144.89
1142.98
1154.90
1163.96
17225.98
1172.07
1148.94
1143.93
1122.95
1142.02
1142.02
1151.08
1139.16
1137.97
1132.97
1145.12
1138.93
1135.83
17201.90
1157.05
1131.06
1132.97
1139.88
1129.87
1131.06
1143.93
1139.16
1154.90
1148.94
1152.99
1141.79
1137.02
17200.95
1165.87
1143.93
1139.16
1150.13
1142.98
1140.12
1147.03
1142.02
1139.16
1149.89
1107.93
1134.87
1134.16
17199.99
1196.15
1152.99
1150.85
1163.96
1156.09
1151.08
1163.01
1158.00
1148.94
13183.12
1220.94
1168.01
1161.10
1158.00
1118.90
1125.10
1122.00
1135.83
1140.83
1142.98
25264.98
1180.89
1171.83
1174.93
1155.14
1158.95
1158.95
1161.10
1147.99
1150.13
25211.10
1205.92
1173.02
1173.02
1163.96
1168.01
1158.00
1160.86
1160.14
1148.94
25205.85
1223.09
1168.97
1163.96
1179.93
1166.11
1163.96
1152.99
1165.15
1175.88
21210.91
1188.99
1128.91
1117.94
1126.05
1124.14
1119.14
1123.91
1127.96
1132.01
1140.83
25212.05
1168.97
1131.06
1130.82
1107.22
1120.09
1121.04
1126.05
1121.04
1114.85
1112.94
25293.11
1187.09
1167.06
1171.11
1176.12
1172.07
1168.01
1143.93
1156.09
1153.95
25273.08
1193.05
1178.98
1170.16
1159.91
1168.01
1170.16
1157.05
1161.10
1156.09
1163.01
1160.14
1160.14
17210.01
1214.98
1178.03
1160.14
1176.12
1163.01
1172.07
1157.05
1125.10
1140.12
1135.11
1141.07
1131.06
1129.87
17182.11
1210.21
1168.97
1175.17
1168.01
1170.16
1163.01
1173.02
1178.03
1160.86
1166.82
1117.94
1116.04
1112.94
17237.19
1178.98
1174.21
1149.89
1171.83
1175.88
1187.09
1187.09
1182.08
1179.93
1188.04
1180.89
1181.13
17231.94
1245.02
1216.17
1214.03
1234.05
1214.98
1216.17
1183.99
1117.94
1117.94
1128.20
1121.04
1124.14
1116.04
17179.97
1217.84
1188.99
1199.01
1190.19
1194.00
1183.99
1199.01
1183.99
1190.90
1169.20
1162.05
1172.07
37219.05
1169.20
1128.91
1124.86
1118.18
1164.91
1163.01
1164.91
1163.01
1157.05
1158.95
25276.90
1165.15
1151.08
1153.95
1144.89
1149.89
1155.14
1164.91
1149.89
1154.18
25209.90
1179.93
1147.99
1148.94
1148.94
1154.18
1148.94
1153.95
1148.94
1158.95
25207.04
1193.05
1158.00
1148.94
1159.19
1158.95
1158.95
1142.98
1111.98
1121.04
1125.10
25272.13
1159.91
1155.85
1139.88
1164.20
1162.05
1158.95
1177.79
1164.91
1160.14
25213.00
1194.95
1161.10
1183.99
1163.96
1173.97
1161.81
1174.93
1169.92
1163.01
25242.09
1198.05
1168.01
1160.86
1173.97
1163.01
1161.81
1170.87
1161.81
1165.87
29228.93
1161.10
1139.16
1132.01
1136.06
1122.95
1137.02
1141.07
1142.02
1130.10
1134.16
1167.06
1233.10
1234.05
17264.13
1204.97
1197.10
1187.09
1129.15
1131.06
1132.97
1143.93
1133.92
1136.06
1139.16
1133.92
1129.87
1132.01
17210.96
1194.00
1183.03
1168.97
1166.11
1163.96
1160.86
1161.81
1151.08
1152.99
1157.05
1161.10
1152.04
1150.13
17267.94
1179.93
1171.11
1182.08
1174.21
1173.97
1176.12
1166.11
1168.97
1168.01
1162.05
1161.10
1164.91
17231.94
1231.91
1208.07
1202.11
1152.99
1163.96
1163.01
1170.87
1170.87
1167.06
1167.06
1168.97
1158.95
1170.87
17282.96
1186.13
1168.01
1182.08
1173.02
1169.92
1162.05
1134.16
1141.07
1143.93
1151.80
1140.83
1140.83
17170.91
1224.99
1188.04
1187.09
1188.99
1173.97
1176.12
1182.08
1173.02
1173.97
1173.02
1134.87
1121.04
1127.00
17193.08
1191.85
1178.03
1183.99
1166.11
1174.93
1182.08
1178.98
1178.03
1174.93
1182.08
1178.98
1175.88
1173.02
25317.91
1198.05
1187.09
1188.04
1179.93
1181.13
1188.04
1181.13
1178.98
1177.79
25297.88
1178.98
1167.06
1191.14
1178.98
1172.07
1153.95
1127.96
1134.87
1137.02
25285.96
1207.83
1184.94
1173.02
1133.92
1132.01
1132.97
1140.12
1127.96
1135.11
25192.98
1208.07
1163.96
1164.91
1135.11
1152.04
1163.01
1166.82
1153.95
1163.01
1163.01
1169.92
1173.02
1169.92
17283.20
1178.98
1167.06
1150.85
1111.98
1119.14
1118.90
1127.00
1114.85
1119.85
1116.04
1137.97
1149.89
1151.08
29319.05
1252.17
1245.02
1183.99
1189.95
1186.13
1188.04
1187.09
1183.03
1177.79
25253.06
1137.02
1132.97
1137.02
1127.96
1128.91
1125.10
9266.14
1192.09
1190.19
1189.95
1178.03
1175.88
25237.08
1212.84
1185.89
1149.18
1173.97
1161.10
1163.96
25210.14
1180.17
1153.95
1157.05
1158.95
1158.95
1153.95
1160.86
1150.85
1157.05
25208.00
1187.09
1163.01
1157.05
1159.91
1149.18
1151.08
1156.09
1153.95
1147.99
1153.95
29242.04
1138.93
1136.06
1155.14
1155.14
1152.99
1152.04
1136.78
1141.07
1141.07
1147.03
1137.02
1143.22
17163.04
1217.13
1168.01
1161.81
1180.89
1174.93
1188.04
1192.09
1187.09
1186.13
1185.89
25285.01
1193.05
1186.13
1198.05
1188.04
1185.89
1194.00
1186.85
1180.89
1183.03
25288.82
1199.96
1188.04
1169.20
1185.89
1183.03
33249.86
1173.02
1136.06
1137.02
1143.93
1137.02
1137.97
25202.04
1159.19
1136.06
1143.93
1150.13
1152.04
1136.06
1135.11
1152.99
1152.99
1152.04
25259.97
1154.18
1142.98
1143.22
1136.06
1137.02
1141.07
1152.04
1153.95
1153.95
29239.89
1143.93
1131.06
1135.11
1133.92
1134.16
1133.92
1145.84
1142.02
1139.88
1145.84
1142.02
1137.97
1137.02
17249.82
1153.95
1149.18
1148.94
1140.12
1142.02
1140.12
1152.99
1138.93
1140.12
25201.08
1200.91
1180.17
1168.01
1123.91
1146.08
1158.95
1159.19
1152.99
1149.18
25186.06
1224.99
1166.82
1162.05
1170.87
1163.96
1157.05
1171.83
1166.82
1166.82
1164.91
25288.11
1168.01
1153.95
1160.14
1157.05
1151.08
1161.10
1161.10
1156.09
1152.04
25261.88
1201.87
1188.99
1187.09
1179.93
1186.85
1181.84
1155.85
1140.83
1142.98
25220.16
1246.93
1204.97
1196.15
1153.95
1165.15
1157.05
1184.94
1163.01
1155.85
25221.82
1160.86
1123.91
1124.14
1132.01
1138.93
1142.98
1150.85
1135.83
1138.93
1132.97
1116.04
1132.01
1139.16
17219.07
1158.00
1124.86
1122.00
1104.12
1138.93
1142.98
1143.93
1137.97
1132.97
1139.88
1122.95
1147.99
1150.85
17226.93
1159.19
1122.95
1122.95
1110.08
1146.08
1147.99
1150.85
1145.84
1139.88
1146.08
1171.11
1171.11
1171.11
17226.93
1174.93
1142.98
1147.03
1125.10
1126.05
1137.02
1142.98
1135.83
1138.93
1144.17
1145.84
1137.02
1131.06
25233.98
1155.85
1137.97
1144.17
1143.93
1137.02
1129.87
1112.94
1102.92
1107.93
25141.95
1199.01
1133.92
1124.14
1137.02
1123.91
1119.14
17148.02
1242.16
1172.07
1173.02
1162.05
1127.96
1127.00
25187.97
1173.02
1134.16
1130.10
1127.00
1127.96
1129.87
25193.93
1173.97
1152.99
1137.97
1171.83
1152.99
1149.18
25228.98
1204.01
1165.87
1159.91
1170.16
1182.08
1187.09
37281.99
1155.85
1142.02
1144.89
1137.02
1137.02
1137.97
1188.04
1223.09
1216.17
1220.94
1219.03
1213.07
1222.13
1216.89
1215.93
1217.13
25326.97
1231.91
1227.14
1229.05
1226.19
1219.03
1230.96
1220.94
1214.98
25270.94
1254.08
1226.19
1224.04
1222.13
1217.13
1216.89
1229.05
1226.19
1216.89
25274.99
1261.95
1240.02
1260.04
1253.13
1253.13
1260.04
1255.99
1255.04
1257.18
25356.05
1266.96
1249.79
1263.86
1256.94
1256.94
1261.00
1253.13
1256.94
25313.85
1281.98
1261.00
1264.10
1257.18
1254.08
1261.95
1255.99
1259.09
41285.99
1266.00
1159.91
1148.94
1131.06
1199.01
1194.00
25264.98
1197.10
1158.95
1158.95
1219.99
1201.87
1206.87
25288.11
1180.89
1168.97
1157.05
1161.10
1168.01
1153.95
1168.97
1160.14
1161.10
25232.08
1206.16
1175.88
1178.03
1173.97
1176.83
1170.87
25287.87
1207.83
1183.03
1185.89
1188.99
1173.97
1190.90
1181.13
1181.13
1186.13
25276.90
1191.85
1178.98
1196.15
1183.99
1185.18
1180.89
1158.95
1158.00
1159.91
1167.06
1154.90
1155.14
17199.99
1187.80
1164.91
1161.81
1178.98
1155.14
1158.95
1154.18
1162.05
1157.05
1155.14
1163.01
1156.09
1152.99
17206.91
1189.95
1165.15
1174.93
1170.16
1166.11
1174.93
1179.93
1168.01
1166.82
1173.02
1158.95
1155.85
1156.81
17257.93
1182.79
1158.95
1170.16
1182.08
1163.01
1188.99
1187.09
1188.04
1192.09
1196.15
1174.93
1175.88
17221.93
1162.05
1133.20
1132.01
1161.10
1141.07
1146.08
1148.94
1157.05
1161.10
25187.97
1210.93
1180.17
1161.10
1173.97
1178.03
1182.08
1187.80
1191.85
1189.95
1190.19
25264.02
1167.06
1163.01
1151.08
1138.93
1138.93
33200.03
1182.08
1148.94
1141.07
1155.14
1146.08
1145.12
25198.94
1180.89
1148.94
1142.98
1150.85
1142.98
1142.02
25196.08
1209.02
1192.09
1194.95
1183.99
1178.98
1179.93
21274.09
1157.05
1138.93
1147.03
1154.90
1167.06
1159.19
1169.92
1144.89
1137.97
1148.94
1142.98
1138.93
1141.07
17248.87
1169.20
1162.05
1173.02
1173.02
1169.92
1184.23
1178.03
1161.10
1167.06
1189.95
1188.99
1181.13
17258.88
1211.88
1186.85
1185.89
1131.06
1155.85
1165.87
1168.97
1164.91
1160.86
1174.21
1162.05
1154.90
1160.86
17308.00
1215.93
1204.97
1211.88
1201.87
1204.97
1193.05
1105.07
1112.94
1124.14
9248.02
1171.11
1160.14
1162.05
1156.09
1158.95
1156.81
1162.05
1160.86
1152.99
1145.12
1235.96
1240.02
17286.06
1158.00
1124.86
1122.00
1130.82
1183.03
1178.03
1178.03
1178.03
1177.79
1173.97
1181.13
1166.11
1168.97
17229.80
1173.97
1149.18
1155.85
1144.89
1139.16
1132.97
25209.90
1161.81
1147.03
1148.94
1153.95
1156.09
1155.14
1157.05
1165.15
1158.95
25216.82
1203.06
1168.97
1165.15
1172.07
1162.05
1170.16
17255.07
1219.99
1192.81
1198.05
1190.90
1191.85
1194.00
25275.95
1175.88
1164.91
1168.01
1160.86
1163.01
29221.06
1178.98
1145.84
1134.87
1148.94
1150.13
1153.95
1159.91
1144.17
1162.05
1166.11
25295.97
1181.13
1178.03
1158.95
1142.02
1140.12
1144.17
1142.98
1145.12
1141.07
1123.19
1116.04
1116.04
1120.81
17258.88
1159.91
1151.08
1127.00
1188.99
1183.99
1194.95
1185.89
1188.99
1182.08
1156.09
1142.02
1137.97
17192.13
1217.13
1192.09
1214.98
1196.86
1202.82
1196.86
1199.96
1199.96
1197.81
1178.98
1172.07
1154.18
1154.90
13320.92
1252.17
1240.97
1246.93
1240.97
1240.02
1721.14
1117.94
1116.99
5167.01
1168.97
1147.03
5167.96
1175.88
1140.12
1139.16
5239.96
4338.03
1152.04
1145.84
5187.03
1223.09
1203.06
9261.13
1147.99
1117.94
1117.94
9284.02
1241.92
1240.97
1249.07
1240.02
1235.96
1245.98
1239.06
1238.11
25290.97
1175.88
1144.89
1145.12
1155.14
1142.02
1147.99
1136.06
1132.01
1139.88
1133.92
25279.05
1189.95
1182.08
1157.05
1115.08
1119.14
1111.98
1121.04
1117.94
1110.08
25178.19
1149.89
1137.02
1142.02
1147.99
1144.89
1152.04
1154.90
1145.12
1164.20
1161.10
25271.89
1177.79
1188.04
1183.03
1183.03
1175.17
1200.91
1188.04
1188.04
1188.99
25319.81
1224.99
1208.07
1214.03
1208.07
1204.97
1213.07
1205.92
1204.01
25251.87
1201.87
1166.11
1163.01
1170.87
1155.85
1158.95
1172.07
1162.05
1159.91
1160.14
25255.92
1158.95
1152.99
1164.91
1152.99
1154.90
1149.89
1131.77
1133.92
1137.97
25218.01
1231.91
1202.11
1182.08
1113.18
1120.09
1118.90
1132.97
1123.19
1127.00
25172.00
1164.91
1137.97
1142.98
1147.99
1137.97
1138.21
1137.97
1139.16
1138.93
1128.91
29263.97
1132.97
1123.91
1114.85
1155.85
1158.95
1158.95
1164.91
1158.95
1157.05
1166.11
1155.14
1156.09
1161.10
17246.01
1145.84
1138.93
1146.08
1137.97
1137.97
1142.02
1148.94
1156.09
1158.95
1165.87
1158.95
1163.96
17210.01
1177.07
1153.95
1152.99
1165.15
1148.94
1148.94
1163.01
1152.99
1151.08
1147.03
1178.98
1168.97
1187.09
17246.01
1238.82
1210.93
1199.01
1163.01
1168.01
1173.02
1191.85
1183.99
1184.94
1188.99
1183.03
1181.13
25209.90
1245.02
1193.05
1185.18
1194.00
1180.17
1187.09
1193.05
1186.13
1182.08
25202.99
1242.88
1189.95
1187.09
1196.15
1183.99
1188.04
1191.14
1188.99
1185.89
1181.84
25268.79
1188.99
1186.13
1194.00
1186.13
1183.99
1168.97
1206.87
1207.83
1201.87
25301.22
1209.97
1202.11
1212.12
1199.01
1204.01
1188.99
1166.11
1179.93
25233.98
1277.21
1235.96
1239.06
1245.02
1237.87
1234.05
1191.85
1137.02
1142.02
25206.09
1224.04
1211.17
1203.06
1206.16
1197.10
1198.05
1188.04
1135.11
1141.07
29191.97
1222.85
1178.03
1167.06
1214.98
1230.00
1240.97
1249.07
1239.06
1239.78
25280.00
1147.99
1127.00
1118.90
1124.86
1122.00
1117.94
1127.96
1124.14
1123.91
1123.91
25245.90
1134.16
1117.94
1137.97
1125.10
1123.91
1127.00
1135.11
1126.05
1125.10
25180.10
1158.00
1137.02
1137.02
1144.17
1137.02
1137.02
1141.07
1139.16
1138.93
1138.93
25236.13
1144.89
1142.98
1146.08
1142.98
1147.99
1147.03
1152.04
1143.22
1142.98
25201.08
1163.01
1152.04
1157.05
1147.99
1150.85
1149.89
1156.81
1147.03
1156.09
17195.94
1275.06
1242.16
