17411.95
1214.03
1178.98
17357.11
1204.97
1180.89
17323.02
1246.93
1190.19
17272.00
1296.04
1191.14
17236.95
1310.11
1207.11
1169.92
17372.85
1214.98
1191.85
17374.04
1223.80
1203.06
17359.02
1235.01
1197.10
17256.98
1281.02
1188.99
21260.02
1356.12
1214.03
21240.00
1308.92
1196.15
1181.13
21384.95
1215.93
1206.87
21372.08
1208.07
1171.83
21287.92
1274.11
1198.05
21300.08
1293.90
1183.03
21243.10
1314.88
1204.01
1191.14
21424.06
1210.93
1194.00
17401.93
1235.96
1185.18
17397.17
1233.10
1204.97
17330.88
1255.99
1182.79
13242.01
1291.99
1193.05
17234.09
1323.94
1195.91
1177.79
17385.01
1213.07
1207.11
21371.84
1221.90
1168.97
17350.91
1251.94
1191.14
17268.18
1300.10
1205.21
21255.02
1317.02
1208.07
17215.01
1324.89
1207.83
1201.87
17390.97
1206.87
1178.98
13375.04
1214.98
1181.13
17262.94
1268.15
1190.90
17262.94
1287.94
1185.89
17228.84
1309.16
1188.04
1191.14
17383.10
1196.86
1191.85
17358.06
1238.11
1203.78
17271.04
1286.03
1209.97
21270.04
1287.94
1192.09
17239.81
1320.12
1193.05
1167.77
17365.93
1215.93
1171.83
17378.81
1204.97
1171.11
17266.04
1276.02
1177.07
17230.99
1299.14
1178.03
1187.80
17376.90
1195.91
1166.11
17359.97
1204.97
1177.07
17354.97
1219.03
1199.01
17292.02
1291.04
1194.00
17253.88
1327.04
1195.19
17225.98
1319.17
1189.95
1188.04
17389.06
1214.03
1190.90
17360.93
1218.08
1172.07
17255.07
1285.08
1190.90
17238.86
1299.14
1234.05
17252.21
1323.94
1195.19
1181.13
17384.05
1204.97
1173.97
17365.93
1216.89
1177.07
21290.06
1293.90
1186.85
17274.86
1282.93
1184.94
17268.90
1317.02
1194.00
1185.89
17416.95
1199.01
1185.18
17376.18
1219.03
1178.03
17360.93
1224.99
1173.97
17272.95
1286.03
1185.18
17240.05
1333.00
1188.04
1173.97
17354.97
1197.10
1177.07
17385.01
1209.97
1184.94
17346.14
1243.11
1188.04
17256.02
1286.03
1188.99
17237.90
1281.98
1194.00
1175.17
17364.98
1202.11
1178.98
17383.10
1232.86
1193.05
17368.08
1241.92
1226.90
17384.05
1274.82
1187.09
17276.05
1286.03
1188.04
17255.07
1327.04
1208.78
1169.92
25400.88
1213.07
1173.02
21397.11
1237.87
1186.85
21413.09
1242.16
1183.03
21294.12
1280.07
1192.09
21269.08
1315.83
1175.88
21231.89
1316.07
1190.90
1173.02
17416.00
1216.17
1189.95
17406.94
1226.19
1188.99
17371.89
1230.96
1188.99
17297.98
1307.96
1192.81
21270.99
1305.82
1194.00
21240.00
1329.90
1202.82
1164.91
21419.05
1228.09
1185.89
21386.86
1232.86
26071.07
1304.86
1194.95
17234.80
1317.02
1183.99
1214.98
17385.96
1194.00
1169.20
17380.95
1216.89
1178.03
17300.13
1267.19
1194.95
17267.94
1278.88
1198.05
17236.95
1318.93
1199.01
1178.98
17376.90
1206.87
1192.81
17364.98
1216.17
1175.17
17308.00
1237.15
1183.99
21260.98
1288.89
1178.98
13219.12
1292.94
1187.09
1176.12
17368.08
1205.92
1173.02
17340.90
1210.93
1180.89
17236.95
1282.93
1183.99
17244.10
1301.05
1183.03
1178.98
17360.93
1208.07
1183.03
17380.95
1222.13
1174.93
17334.94
1230.96
1187.80
17237.90
1302.00
1187.80
33257.01
1370.91
1215.93
1183.99
1214.98
16689.06
1238.82
1195.91
1176.83
21632.91
1240.97
1187.09
1181.84
26721.00
1231.91
1191.14
13127.09
1209.97
1171.11
17347.10
1238.11
1183.99
17269.85
1297.00
1195.91
17266.99
6523.85
1204.01
1184.94
1173.97
21656.99
1224.99
1187.80
1193.05
16567.95
1219.03
1191.14
1176.12
11719.94
1228.09
1186.13
1171.11
21656.99
1224.04
1195.91
1188.99
21627.90
1214.03
1194.95
1172.78
15316.01
1252.89
1183.03
1180.89
1163.01
16486.17
1235.01
1197.81
1173.02
16438.96
1271.01
1209.97
1194.00
14440.06
1298.19
6404.16
1209.97
1194.00
1171.11
16703.13
1220.94
1182.08
1172.07
16931.06
1191.85
1178.98
22163.87
1288.89
1193.05
1192.09
21517.04
1310.11
1204.01
1170.87
21503.93
10581.97
1228.81
1194.00
1173.97
21505.12
1312.02
1193.05
1163.01
21275.04
1296.04
1188.99
12695.07
5966.90
1209.97
1182.79
1163.01
23797.99
1213.07
1180.17
17343.04
1255.99
1177.07
17259.84
1284.12
1188.99
17251.97
1313.92
1191.85
1168.01
17354.97
1206.16
1178.03
17367.12
1223.09
1184.94
17375.95
1251.94
1184.94
17261.03
1297.00
1219.99
17346.14
1282.22
1195.91
17231.94
1304.86
1195.91
1182.08
21394.97
1212.12
1194.95
21392.11
1227.14
1178.98
21334.89
1235.96
1176.83
21276.00
1299.86
1185.89
21247.86
1327.04
1185.89
1176.83
21399.97
1213.07
1177.07
21407.84
1219.03
1180.17
21384.00
1228.09
1198.05
17272.00
1296.04
1190.90
17274.14
1305.82
1195.91
17256.98
1332.04
1195.19
1184.94
17416.95
1213.07
1184.94
17380.00
1214.03
1188.04
17359.02
1229.05
1181.84
17258.88
1279.12
1182.08
17243.15
1307.01
1186.13
1184.94
17383.10
1226.90
1191.85
17365.93
1208.07
1188.99
17349.96
1218.08
1176.12
17265.08
1283.17
1182.08
17246.01
1304.15
1186.13
1178.98
17498.02
1210.93
1193.05
17376.90
1204.01
1188.04
17374.99
1221.90
1188.99
17338.99
1239.06
1197.10
17262.94
1294.14
1199.96
17248.87
1317.02
1199.01
1179.93
21394.97
1216.17
1180.89
17376.90
1197.10
1188.04
17362.83
1212.12
1184.94
17274.86
1307.96
1184.94
17244.82
1318.22
1194.00
1177.79
17384.05
1188.04
1185.18
17400.03
1215.22
1193.05
17362.12
1229.05
1183.03
17271.04
1281.98
1206.87
17279.86
1293.90
1201.87
25261.88
1335.14
1202.11
1183.03
21400.93
1210.93
1189.95
21392.11
1237.87
1179.93
21387.82
1231.91
1188.99
21282.20
1293.18
1183.03
21268.13
1312.02
1182.08
17242.19
1318.22
1189.95
1164.91
17374.99
1219.99
1176.83
17367.84
1219.99
1189.23
21282.91
1286.03
1183.99
21265.98
2073.05
1201.87
21376.85
1216.89
1183.03
21356.11
1219.99
1173.97
21259.07
1297.00
1179.93
17249.11
1327.99
1199.01
1181.84
17365.93
1208.07
1177.07
17385.01
1234.05
1176.12
17372.13
1233.10
1187.09
21296.02
1393.08
1189.95
21271.94
1282.93
1191.85
21241.90
1300.10
1183.03
1183.03
21381.86
1204.97
1188.99
21394.97
1224.99
1177.07
17364.03
1227.14
1171.11
17240.05
1289.84
1182.08
17246.96
1300.10
1189.95
1181.13
21380.90
1209.02
1182.08
21382.09
1216.89
1185.89
21354.91
1219.03
1173.02
21261.93
1304.15
1193.05
21242.86
1311.06
1202.11
1172.07
25408.03
1212.84
1173.02
17372.13
1210.21
1177.07
17354.01
1225.95
1186.85
17267.94
1291.04
1194.00
17241.95
1313.92
1193.05
1168.01
17349.96
1208.07
1181.13
17386.91
1209.02
1176.12
17360.21
1227.14
1178.03
17243.15
1281.98
1183.99
17241.00
1296.04
1192.09
1168.97
21396.88
1213.07
1183.99
17385.96
1215.93
1182.08
17348.05
1229.05
1188.04
17256.02
1282.93
1186.85
17235.04
1298.19
1188.99
1178.03
17353.06
1214.98
1177.07
17361.16
1218.08
1183.03
17324.92
1235.01
1178.03
17251.97
1286.98
1188.99
21238.80
1302.96
1194.00
1172.07
17371.18
1204.97
1169.92
17354.97
1221.90
1178.98
17246.96
1291.04
1179.93
17241.00
1296.04
1189.23
1168.97
17345.91
1199.96
1174.93
17369.03
1204.97
1176.12
17359.02
1229.05
1189.95
17271.04
1286.98
1192.09
17258.17
1294.14
1189.95
1186.85
21351.10
1206.16
1189.95
17368.08
1214.98
1182.08
17355.92
1230.96
1183.99
17256.02
1278.88
1183.03
17241.00
1291.99
1204.97
1182.08
17348.05
1204.01
1183.03
17366.17
1224.99
1177.79
17343.04
1237.15
1193.05
17266.04
1286.03
1199.01
21265.03
1302.96
1199.01
1188.04
17369.03
1203.06
1194.95
17384.05
1212.12
1172.07
17362.83
1224.04
1183.03
17258.17
1286.98
1201.15
17254.11
1303.20
1192.09
17224.07
1332.04
1198.05
1181.84
17375.95
1210.93
1190.90
17364.98
1224.04
1192.81
17268.90
1275.06
1181.13
25707.01
1310.11
1203.06
12913.94
1290.08
1191.14
1175.17
16476.15
1281.02
1199.01
1204.97
16310.93
1286.03
1188.99
17235.04
1322.03
1189.95
1177.07
1192.09
16545.06
1219.99
1188.04
1194.00
16520.02
1241.92
1191.85
1191.85
16529.80
1277.92
1192.09
1190.90
16444.92
1284.12
1199.96
1183.03
16438.96
1287.94
1209.97
1190.90
21514.18
1317.98
1202.11
1175.17
21235.94
1346.11
1193.05
1175.88
1183.99
21656.04
1230.96
1197.10
1183.03
21647.93
1240.02
1185.18
1174.93
21724.94
1230.96
1202.11
12935.16
1211.17
1185.18
17090.08
1290.80
1190.90
1177.07
21401.88
1230.96
1185.89
1194.00
1186.13
27200.94
1207.11
1179.93
21413.09
1226.19
1190.90
21386.86
1220.94
1178.98
21274.81
1300.10
1189.95
21272.90
1290.08
1194.00
21244.05
1323.94
1209.02
1172.07
21395.92
1217.13
1173.97
17385.96
1218.80
1184.94
17364.03
1227.14
1183.03
17264.84
1286.98
1180.89
21247.86
1303.91
1186.85
1173.02
21384.95
1204.97
1176.12
21389.01
1215.93
1176.83
21354.91
1233.10
1182.08
21260.02
1291.99
1195.19
17270.09
1304.86
1188.04
1184.94
17370.94
1199.01
1176.12
17379.05
1209.97
1188.04
17387.15
1224.99
1182.08
21270.99
1276.97
1185.89
21260.98
1307.01
1190.19
21242.14
1317.02
1194.00
1179.93
21399.02
1204.01
1176.12
21384.00
1230.00
1208.07
17334.94
1242.88
1195.91
17261.98
1298.90
1201.87
17252.21
1312.02
1194.00
1180.89
21389.96
1204.01
1185.89
21404.03
1218.08
1191.85
21378.99
1233.10
1181.84
21281.00
1289.84
1193.05
21275.04
1295.80
1204.01
25261.16
1322.98
1209.02
1188.99
17392.87
1214.03
1192.09
17405.99
1214.98
1188.04
17374.04
1226.90
1196.15
17277.96
1302.96
1195.91
17269.85
1293.90
1194.00
17248.87
1332.04
1209.02
1196.86
17383.81
1215.93
1185.89
17364.98
1218.08
1185.18
17350.91
1227.86
1185.89
21265.98
1297.95
1192.09
17249.11
1312.97
1210.93
1182.08
17364.03
1210.21
1183.99
17385.01
1218.08
1189.95
17363.07
1225.95
1183.03
17267.23
1286.98
1200.91
17255.07
1303.20
1199.96
17204.05
1345.16
1201.15
1173.97
17381.91
1210.93
1191.14
21367.07
1219.99
1193.05
17271.04
1286.03
1186.13
17256.02
1292.94
1199.96
17233.13
1314.88
1194.00
1186.13
17394.07
1206.16
1182.08
17361.88
1230.96
1186.13
17257.93
1282.93
1193.05
17266.99
1293.90
1195.91
17235.04
1308.20
1207.11
1177.07
17391.92
1208.07
1183.99
21376.13
1227.14
1188.04
17330.88
1245.02
1193.05
17249.82
1285.08
1194.00
17241.95
1302.96
1192.09
1184.23
17380.95
1206.87
1186.85
17372.85
1223.09
1191.14
17341.14
1240.97
1185.89
17261.03
1291.99
1199.96
17240.05
1305.10
1202.82
1181.84
21384.95
1217.84
1188.04
17389.06
1224.04
1193.05
17376.90
1225.95
1196.86
17262.94
1282.93
1190.90
17261.03
1297.00
1194.95
17242.91
1317.98
1207.11
1184.23
17382.86
1209.97
1185.89
17376.90
1215.93
1185.18
17274.14
1265.05
1188.99
17269.13
1283.17
1195.19
21234.99
1313.92
1200.91
1184.94
17388.11
1215.93
1182.08
17379.05
1215.93
1180.89
17308.00
1259.09
1183.03
17256.02
1291.99
1197.10
17244.10
1297.00
1186.13
1179.93
17390.01
1209.02
1176.83
17374.99
1216.89
1185.89
17300.84
1247.88
1193.05
21268.13
1291.04
1200.91
17243.15
1296.04
1201.87
1181.84
17376.90
1218.08
1191.14
17384.05
1217.13
1188.04
17346.86
1230.00
1185.18
17265.08
1276.97
1185.18
17250.06
1312.02
1195.19
1187.09
17364.03
1210.21
1183.03
17373.09
1224.04
1182.79
21368.98
1230.00
1186.13
17264.13
1289.13
1195.19
17256.02
1312.97
1205.92
17207.15
1343.97
1201.87
1193.05
17390.01
1220.94
1194.00
17369.03
1230.96
1184.23
17263.89
1274.11
1203.06
17265.08
1284.84
1196.86
17250.06
1305.10
1193.05
1174.93
17378.81
1214.03
1192.81
21364.93
1210.93
1175.17
17267.94
1313.92
1196.86
17266.99
1274.11
1206.87
17241.95
1296.04
1193.05
1176.12
17370.94
1209.02
1188.04
17360.93
1222.85
1183.03
17262.22
1279.12
1194.00
17266.04
1288.18
1188.04
17226.93
1302.00
1190.90
1177.07
21373.99
1204.97
1184.94
17350.91
1221.90
1183.99
17261.98
1274.11
1188.04
17243.86
1308.92
1194.00
17213.11
1325.85
1192.09
1176.12
17365.93
1204.01
1178.03
17346.86
1220.94
1176.83
17252.92
1282.93
1194.00
17251.01
1291.99
1194.00
1188.04
17371.18
1211.17
1186.13
21358.97
1210.93
1184.94
17346.14
1222.13
1178.98
17263.89
1294.14
1195.91
17233.85
1285.08
1201.15
1171.11
17366.17
1204.97
1174.93
17369.99
1213.07
1177.07
17273.90
1267.91
1185.18
17246.01
1281.98
1194.95
17229.08
1309.87
1196.86
1174.93
21394.97
1211.17
1183.99
17365.93
1212.84
1177.07
17259.12
1276.02
1189.95
17256.98
1290.08
1197.10
17201.90
1329.18
1191.14
1176.12
17374.99
1216.17
1178.98
17369.99
1219.03
1183.99
17251.97
1286.98
1199.96
17260.07
1302.96
1195.19
1167.06
21362.78
1202.11
1183.99
17397.88
1211.88
1173.02
17360.93
1223.09
1182.08
17255.07
1290.80
1188.99
17266.04
1305.10
1198.05
17218.11
1325.85
1197.81
1178.03
17381.19
1219.99
1182.79
17349.96
1225.95
1191.14
17245.05
1286.03
1190.90
17256.98
1297.00
1201.87
21212.82
1338.96
1199.01
1179.93
17382.14
1211.17
1184.94
17364.03
1228.81
1182.08
17266.04
1328.95
1192.09
17271.04
1286.03
1198.05
17229.80
1300.10
1193.05
1179.93
17372.85
1204.97
1186.85
17374.99
1219.03
1192.09
17288.21
1264.10
1192.09
21270.99
1304.15
1202.11
17251.97
1312.97
1211.88
1188.04
17393.11
1218.08
1195.91
17378.09
1210.93
1183.99
17351.87
1227.14
1180.89
17259.84
1280.07
1188.99
17252.92
1303.91
1198.05
1185.18
17362.12
1203.06
1186.13
17388.11
1214.03
1188.99
17369.99
1230.96
1186.85
21266.94
1299.86
1200.91
17272.00
1296.04
1193.05
17247.92
1311.06
1202.82
1183.99
17387.15
1209.97
1188.99
17441.99
1373.05
1217.13
17377.14
1222.13
1185.18
17340.18
1239.06
1197.10
17266.99
1286.03
1197.81
17256.02
1307.96
1194.95
1180.17
21397.11
1214.98
1187.09
17399.07
1218.80
1183.99
17374.04
1235.96
1187.80
17275.09
1280.07
1197.81
17266.04
1304.15
1194.00
17231.94
1315.12
1202.11
1194.95
17390.97
1204.01
1177.07
17374.99
1222.85
1179.93
17326.83
1235.96
1176.83
17261.98
1297.00
1188.99
17241.95
1300.10
1190.90
1183.99
17381.91
1195.91
1179.22
17368.08
1229.05
1172.78
17282.01
