1008.99
1014.95
1009.94
1013.99
1013.99
1015.19
1015.90
1011.85
1006.84
1006.84
1015.19
1018.05
1026.15
1034.98
1020.91
1024.01
1033.07
1035.93
1032.11
1037.12
1041.89
1037.12
1042.13
1028.06
1044.99
1039.98
1038.07
1028.06
1041.17
1034.98
1036.17
1039.03
1033.07
1034.98
1034.02
1028.06
1011.13
1003.98
1013.99
1029.01
1019.00
1029.97
1034.98
1039.98
1034.02
1039.03
1031.88
1035.93
1038.07
1044.03
1046.90
1060.01
1030.92
1039.98
1025.92
1031.16
1040.94
1035.93
1044.03
1024.01
1032.83
1035.93
1034.02
1035.21
1044.99
1047.13
1053.09
1050.00
1040.94
1029.97
1029.97
1029.97
1034.98
1030.21
1039.03
1042.13
1044.03
1033.07
1039.98
1031.16
1050.95
1035.93
1045.94
1026.87
1024.01
1050.00
1032.83
1020.91
1030.21
1039.03
1024.01
1026.87
1021.86
1027.82
1017.81
1039.98
1028.06
1044.03
1032.11
1039.03
1032.11
17140.87
1058.82
1034.98
1052.14
1049.04
1026.15
1018.05
1012.09
1039.98
1039.03
1024.96
1067.88
1030.92
1016.14
1014.95
1019.95
1016.14
1013.99
1023.05
1006.84
1029.97
1033.07
1037.12
1050.00
1029.97
1035.93
1034.98
17149.21
1055.00
1051.90
1023.05
1031.88
1028.06
1030.92
1029.01
1031.88
1024.96
1025.92
25058.98
1078.13
1024.96
1014.95
1023.05
1016.86
1024.96
1029.97
1024.01
1029.01
1022.10
1031.16
29124.98
1048.80
1039.98
1045.94
1040.94
1032.11
1039.03
1033.07
1054.05
1047.85
1035.93
1051.19
1020.91
1011.85
1015.90
17033.82
1081.94
1030.21
1058.10
1038.07
1028.06
1013.99
1012.80
1018.05
1014.95
1026.87
1024.96
1025.92
998.97
1006.13
1008.99
13107.06
1029.97
1019.95
1025.92
1033.07
1030.92
1028.06
1030.21
1034.98
1029.01
1034.98
1042.13
1048.09
1028.06
1027.11
17054.08
1055.00
1034.02
1013.99
1026.15
1028.06
1024.96
1029.97
17108.92
1054.05
1036.88
1040.22
1038.07
1014.95
1007.80
999.93
1016.86
1013.99
1029.01
1015.90
1026.87
1021.86
1025.92
1022.10
17117.02
1043.80
1051.90
1031.16
1037.12
1024.96
1015.19
1015.90
1008.03
1013.04
1013.99
1019.00
1016.86
1019.00
1024.96
17102.00
1055.00
1015.19
1004.93
1010.89
1008.03
1019.00
1019.00
1023.05
1016.86
1024.01
1022.10
1035.93
1031.88
1034.98
1044.03
17112.02
1044.99
1033.07
1047.13
1039.98
1029.01
1027.82
1029.01
1038.07
1030.92
1019.00
1010.89
1015.90
1004.93
1008.03
21095.99
1029.01
1016.14
1016.14
1024.96
1026.15
1031.16
1029.97
1035.21
1029.97
1033.07
1043.08
1039.98
1033.07
1045.94
17071.96
1065.97
1034.02
1021.15
1031.88
1029.97
1027.11
1041.17
947.00
982.05
1010.89
1016.14
1022.10
1024.96
1020.91
1022.10
17070.06
1063.82
1049.04
1046.90
1046.90
1027.82
1063.82
1044.99
1050.95
1029.97
1027.11
1032.11
1033.07
1022.10
1015.19
17045.97
1098.16
1045.94
1035.93
1045.23
1044.03
1045.94
1034.02
1035.93
1033.07
1050.95
1023.05
1031.88
1024.96
1024.96
1029.01
17132.04
1039.98
1036.88
1036.88
1039.03
1045.94
1039.98
1055.96
1034.02
1034.98
1029.97
1036.17
1030.92
1034.02
1029.97
17102.96
1037.12
1015.90
1012.80
1034.02
1029.01
1022.10
1027.11
1035.93
1030.92
1038.07
1032.11
1050.00
1045.94
1047.13
17063.14
1096.96
1041.89
1028.06
1032.83
1037.12
1035.93
1029.97
1041.17
1033.07
1032.11
1034.02
1041.17
1034.98
1036.17
1035.93
17127.99
1041.17
1030.92
1027.11
1042.13
1037.12
1040.94
1047.85
1055.00
1030.92
1029.97
1039.98
1039.03
1038.07
1034.98
13103.96
1064.06
1027.11
1008.99
1017.09
1006.13
1008.99
1010.89
1029.01
1019.95
1019.95
1023.05
1029.97
1027.11
1032.11
1028.06
17116.07
1026.15
1018.05
1018.05
1026.15
1014.95
1016.86
1026.87
1021.86
1025.92
1029.97
1034.98
1039.03
1037.84
1035.21
17092.94
1055.00
1021.86
1013.04
1018.05
1015.90
1019.00
1035.93
1030.92
1024.01
1024.01
1024.96
33139.94
1044.99
1036.88
1040.94
1021.15
1013.04
1014.95
1011.85
1013.99
1012.09
1027.11
13061.05
1058.82
1029.97
1034.98
1026.87
1055.00
1050.95
1038.07
1041.17
1036.88
1020.91
1024.01
1016.86
1008.03
1004.93
1013.04
21106.00
1034.98
1021.86
1023.05
1034.98
1028.06
1031.88
1034.98
1034.02
1039.98
1040.94
1045.94
1055.00
1031.16
1031.88
25214.91
1065.02
1034.02
1024.01
1052.86
1026.87
1028.06
1026.87
1040.94
1034.02
1032.83
25048.97
1087.19
1033.07
1034.02
1038.07
1050.00
1044.03
1038.07
1023.05
1017.09
1013.99
1012.80
25079.97
1047.13
1044.03
1026.15
1034.02
1027.11
1031.16
1032.11
1041.89
1034.98
1044.03
1039.03
25105.00
1035.93
1027.11
1039.03
1026.87
1043.80
1035.93
1036.88
1028.06
1043.80
1039.98
1027.11
1017.09
1014.95
1009.94
17082.21
1031.88
1035.93
1019.00
1025.92
1026.15
1028.06
1045.94
1037.84
1029.01
1039.03
1040.94
1045.94
1033.07
1051.19
17076.02
1071.93
1037.12
1025.92
1026.87
1016.86
1016.86
1023.05
1039.98
1022.10
1022.10
1028.06
1021.15
999.93
1004.93
1001.12
1013.99
1013.99
1023.05
1021.15
1031.16
1032.11
1033.07
1038.07
1050.00
1031.16
1034.02
1029.97
1054.05
1040.94
1029.01
1018.05
1037.12
1024.96
1030.92
1034.02
1034.98
1019.95
1015.90
1005.89
1002.07
1007.08
1009.94
1013.04
1008.99
1008.99
998.97
1013.99
1003.98
1004.93
1008.03
1017.81
1014.95
1016.14
1022.10
1028.06
1024.96
1035.93
1027.11
1029.01
1025.92
1034.02
1031.88
1046.18
1036.88
1034.98
1034.98
1045.94
1041.17
1028.06
1034.98
1023.77
1013.99
1012.09
1011.13
1006.13
1007.08
1009.94
1013.99
1018.05
1019.00
1011.85
1016.86
1006.84
1008.03
1012.09
1026.87
1032.83
1025.92
1030.21
1029.01
1029.97
1043.80
1038.07
1046.90
1019.95
1023.05
1026.15
1050.00
1042.13
1029.01
1038.07
1047.85
1024.96
1028.06
1026.87
1024.96
1031.16
1027.11
1044.03
1034.98
1052.86
1044.03
1024.01
1007.08
1002.07
1011.13
1018.05
1022.10
1022.10
1024.01
1032.83
1037.84
1034.98
1039.98
1041.89
1020.91
1042.13
1030.92
1060.01
1039.98
1036.17
1028.06
17117.98
1034.02
1028.06
1034.98
1028.78
1036.88
1039.98
1033.07
1041.17
1028.06
1034.02
1043.08
1022.10
1015.90
1020.91
17112.02
1054.05
1031.16
1022.10
1025.92
1012.80
1016.86
1019.95
1023.05
1013.04
1021.86
1020.19
1034.02
1020.19
1023.05
1033.07
17093.90
1035.93
1027.11
1019.00
1010.18
1008.03
1006.13
1004.93
1018.05
1019.00
1014.95
1022.82
1023.05
1019.95
1028.78
17066.00
1046.18
1013.99
1021.15
1023.05
1010.18
1019.95
1015.90
1039.03
1026.87
1027.82
1035.93
1060.01
1019.95
1022.10
1023.05
17092.94
1013.99
1011.13
1024.01
1037.12
1016.14
1025.92
1020.91
1030.21
1031.88
1030.92
1051.90
1034.02
1023.05
1016.86
17057.90
1065.97
1044.03
1045.94
1029.97
1028.06
1006.13
1008.03
1010.18
1003.98
1013.04
1020.91
1027.11
1014.95
1023.05
1019.95
17109.87
1027.11
1021.15
1019.95
1032.83
1030.92
1029.01
1034.98
1038.07
1042.13
1019.00
1024.96
1026.15
1023.05
1021.15
17072.92
1050.00
1010.89
1006.84
1020.91
1019.95
1024.96
1027.82
1031.88
1026.87
1026.15
1029.97
1050.95
1039.98
1038.07
1029.01
1033.07
1018.05
1027.82
1025.92
1031.16
1028.06
1029.01
1039.98
1038.07
1034.02
1044.03
1034.02
1029.97
1033.07
1026.15
1029.01
995.16
998.02
994.21
1005.89
1003.98
1012.09
1013.99
1013.99
1019.95
1020.91
1025.20
1028.06
1025.92
1019.95
1011.13
1013.04
1007.08
1008.03
1021.86
1029.97
1035.93
1021.86
1019.95
1032.11
1028.06
1030.21
1033.07
1034.02
1048.09
1027.11
1039.98
1013.99
1019.00
1007.08
1008.99
1003.98
1008.03
1008.99
1019.00
1029.01
1019.95
1015.90
1020.91
1031.16
1015.90
1019.00
1019.95
1006.84
1008.03
1014.95
1024.01
1029.01
1029.01
1018.05
1031.88
1040.22
1039.03
1030.92
1037.84
1034.02
1039.98
1056.19
1058.10
1053.09
1055.00
1050.00
993.01
1000.17
1008.03
1016.14
1021.15
1019.00
1018.05
1027.11
1024.96
1026.87
1030.92
1029.97
1005.89
1013.99
1016.86
1036.88
1019.95
1024.01
1022.82
1025.92
1025.92
1027.11
1028.06
1044.99
1057.86
1040.94
1042.13
1042.13
1034.98
1028.06
1042.84
1052.14
1057.15
1056.91
1052.86
1009.94
1023.05
1017.81
1032.83
1019.00
1031.16
1024.96
1034.98
1038.07
1034.02
1039.98
17102.00
1059.06
1034.98
1024.01
1024.01
1035.21
1044.99
1042.13
1038.07
1024.01
1019.00
1002.07
1008.99
1008.03
1015.90
17042.16
1080.99
1030.92
1024.01
1022.82
1021.86
1020.19
1030.92
1055.00
1032.11
1031.88
1038.07
1025.92
1024.01
1017.81
1024.01
25105.95
1026.87
1008.99
1011.13
1019.95
1013.04
1017.09
1013.99
1029.01
1022.82
1023.05
1026.87
25101.90
1019.00
1005.89
1021.86
1024.96
1020.19
1013.04
1019.95
1026.87
1024.96
1022.10
25068.04
1056.91
1013.04
1007.80
1016.86
1018.05
1019.00
1024.01
1035.93
1022.10
1024.01
1025.92
25149.11
1055.96
1065.97
1051.19
1026.87
1019.95
1013.99
1020.91
1039.98
1032.11
1028.06
1028.06
1029.01
1029.97
1017.09
17091.99
1088.86
1047.85
1036.88
1020.19
1030.92
1014.95
1011.13
1013.99
1017.09
1023.05
1016.14
1034.02
1034.02
1020.91
1025.20
17178.06
1124.14
1098.87
1075.98
1008.99
1007.80
1003.98
1019.95
1014.95
1032.11
1016.14
1022.10
1023.05
1021.15
1024.01
17091.04
1066.92
1034.02
1036.88
1057.15
1034.98
1031.88
1051.19
1054.05
1033.07
1027.11
1022.10
1010.18
1017.09
1008.99
1035.21
1044.99
1060.96
1068.12
17096.04
1069.07
1026.87
1039.03
1042.84
1044.03
1028.06
1023.05
1058.10
1036.17
1027.11
1018.05
1061.92
1060.01
1057.15
17086.03
1072.17
1037.12
1032.11
1036.88
1025.92
1024.01
1028.06
1034.02
1033.07
1039.03
1035.93
1049.04
1057.15
1066.92
1058.82
17112.02
1030.92
1013.99
1019.00
1039.03
1019.95
1019.00
1024.01
1026.15
1017.09
1027.11
1024.01
1037.12
1042.13
1050.95
17084.84
1091.00
1046.18
1019.95
1023.05
1011.85
1005.89
1010.89
1025.20
1018.05
1024.01
1034.02
1029.97
1032.11
1029.97
1030.92
17133.00
1050.00
1034.02
1044.03
1046.18
1053.09
1054.05
1060.01
1057.15
1058.10
1069.07
1071.93
1076.94
1086.00
1092.91
17139.91
1052.14
1040.94
1046.90
1046.18
1054.05
1068.12
17097.95
1083.85
1060.01
1056.91
1065.97
1065.97
1060.01
1065.97
1074.08
1079.08
1091.00
1099.82
1111.98
1091.96
1089.81
17162.08
1075.03
1063.11
1054.05
1044.03
1037.12
1043.08
1054.05
1048.09
1053.09
1055.96
1062.15
1062.15
1060.96
1072.17
17154.93
1050.95
1040.94
1046.90
1060.96
1055.96
1055.00
1063.11
1060.96
1062.87
1070.02
1085.04
1086.95
1096.96
1110.08
17147.06
1053.09
1047.13
1055.00
1064.06
1055.00
1058.10
1067.88
1065.97
1068.12
1080.99
1090.05
1099.82
1107.93
1090.05
13126.85
1031.88
1024.96
1016.14
1012.09
1008.03
1009.94
1022.82
1019.95
1020.19
1015.90
1024.96
1024.01
1024.01
1030.92
17071.96
1054.05
1023.05
1022.10
1037.12
1023.05
1024.01
1024.01
1034.02
1028.06
1030.92
1031.16
1044.99
1020.19
1020.91
1014.95
13146.16
1045.94
1048.80
1057.86
1072.88
1062.87
1061.92
1067.16
1077.89
1086.00
1087.90
1106.02
1107.93
1103.16
17122.98
1084.80
1042.84
1045.94
1053.09
1068.12
1057.15
1055.96
1066.92
1069.07
1069.07
1086.00
1091.00
1105.07
1102.92
17131.09
1138.93
1097.92
1077.89
1091.00
1078.13
1075.98
1078.13
1084.09
1083.14
1075.98
1083.14
1079.08
1077.89
1078.84
17148.97
1090.05
1087.19
1081.94
1102.92
1110.08
1096.01
1096.01
1096.01
1092.20
1096.96
1100.78
1093.86
1096.01
1093.15
17174.01
1094.10
1080.99
1079.80
1080.04
1075.03
1075.98
1082.90
1080.04
1075.03
1080.04
1083.14
1075.98
1079.08
17118.93
1096.01
1053.09
1040.94
1038.07
1033.07
1039.98
1041.17
1065.02
1060.01
1056.91
1064.06
1071.21
1068.12
1078.84
21108.87
1056.19
1014.95
1008.03
1015.90
1015.90
1020.91
1033.07
1026.15
1028.06
1026.15
1027.11
1040.94
1032.83
1035.93
1020.19
17130.85
1052.86
1040.94
1028.06
1031.88
1014.95
1004.93
1005.89
1004.93
1007.08
1017.09
1017.09
1019.00
1014.95
1026.15
17062.90
1070.98
1027.82
1024.01
1028.06
1029.01
1026.15
1034.02
1037.12
1041.17
1023.05
1025.92
1024.01
1029.97
1020.19
1020.91
17133.00
1038.07
1033.07
1032.11
1041.17
1039.03
1035.93
1024.96
1019.95
1039.03
1034.02
1037.12
1035.93
1044.03
1033.07
17061.00
1065.02
1048.09
1035.93
1036.88
1024.01
1015.90
1000.88
1015.90
1006.13
1013.99
1019.95
1023.05
1022.10
1022.10
1024.01
17114.16
1034.98
1034.02
1043.08
1031.16
1034.98
1013.99
1026.87
1040.94
1043.08
1034.02
1036.88
1029.97
1025.92
1039.98
17076.02
1040.94
1008.03
1010.18
1017.09
1018.05
1013.04
1018.05
1024.96
1024.96
1023.05
1034.02
1043.08
1037.12
1031.16
1034.98
17119.88
1040.94
1032.11
1044.03
1034.98
1035.93
1043.08
1038.07
1034.02
1028.06
1043.08
1039.03
1021.15
1013.04
1006.13
17113.92
1091.00
1088.14
1093.15
1089.10
1106.02
1095.06
1100.06
1090.05
1094.10
1092.20
1101.02
1100.06
1094.10
1092.91
17146.83
1092.91
1092.91
1116.04
1094.10
1093.15
1097.92
1097.92
1095.06
1094.10
1091.00
1101.02
1092.91
1091.96
17146.11
1089.10
1080.04
1070.98
1070.02
1060.01
1051.90
1046.90
1034.02
1034.02
1039.98
25077.82
1113.89
1076.94
1074.08
1085.04
1091.00
1094.10
1111.98
1102.21
1096.96
1096.96
25194.88
1083.85
1062.87
1037.12
1048.09
1037.12
1040.94
1036.88
1044.99
1040.94
1034.02
1032.11
17152.07
1070.98
1060.01
1052.86
1029.97
1022.10
1023.05
1017.09
1008.03
1007.80
1004.93
1019.00
1009.94
1019.00
1019.95
17090.08
1037.12
1008.99
1006.84
1016.86
1011.85
1018.05
1029.97
1025.20
1024.01
1024.96
1024.96
25120.02
1040.94
1042.13
1033.07
1034.02
1032.11
1029.97
1036.88
1044.99
1023.05
1036.17
25077.10
1076.94
1041.89
1039.98
1041.17
1019.95
1015.90
1017.09
1013.99
1003.03
1010.89
1020.91
25110.01
1050.95
1034.98
1034.98
1037.84
1034.98
1047.13
1036.88
1015.90
1013.99
1007.08
17036.91
1076.94
1024.96
1016.14
1003.98
1025.20
1028.06
1023.05
1027.11
1034.98
1025.92
1039.03
1041.17
1037.12
1022.10
1022.10
17123.94
1045.94
1049.04
1047.13
1038.07
1058.10
1038.07
1040.94
1036.88
1032.83
1035.93
1039.98
1034.98
1034.02
1035.93
1040.22
1034.02
1022.10
1017.09
1018.05
1005.89
1003.03
1006.13
1027.11
1018.05
1017.09
1020.91
1058.82
1072.88
1082.90
1074.08
1101.02
1093.86
1117.94
1105.07
1094.10
1095.06
1096.01
1039.03
1041.17
1039.03
1036.17
1022.10
1019.95
1012.09
1005.89
1019.00
1013.99
1020.91
1016.86
1026.87
1024.01
1016.86
1023.05
1019.00
1020.19
1015.90
1019.95
1021.15
1038.07
1034.98
1041.17
1038.07
1044.03
1035.21
1017.09
1039.03
1031.16
1043.08
1044.03
1033.07
1032.11
1034.02
1034.98
1020.91
1010.18
1012.09
1029.01
1016.14
1018.05
1025.20
1044.03
1033.07
1033.07
1034.02
1047.13
1033.07
1039.03
1050.95
1030.92
1024.01
1027.11
1039.98
1022.10
1039.03
1034.02
1036.88
1026.87
1040.94
1038.07
1018.05
1010.18
1012.09
1008.99
1011.85
1011.85
1017.81
1013.04
1027.11
1022.10
1020.91
1027.82
1044.03
1039.03
1038.07
1042.13
1016.14
1022.10
1017.09
1024.01
1023.05
1019.95
1028.06
1036.17
1029.97
1035.93
1034.02
1025.20
1025.92
1019.95
1023.05
1022.10
1029.01
1022.10
1010.18
1013.99
1008.03
1009.94
1013.04
1034.98
1014.95
1020.19
1025.92
1030.92
1031.16
1035.93
1035.93
1013.04
1017.81
1018.05
1008.03
1011.13
1008.03
1007.08
1019.00
1027.82
1020.91
1023.05
1022.82
1029.01
1029.01
1029.01
1029.97
1031.16
1029.97
1033.78
1030.92
1030.92
1018.05
1022.10
1012.09
1013.99
1013.04
1011.85
1025.92
1031.16
1021.15
1024.96
1024.01
1024.96
1025.20
1018.05
1014.95
1004.93
1010.18
1013.99
1019.95
1017.81
1011.85
1018.05
1032.11
1023.05
1027.11
1032.11
1034.98
1039.03
1039.98
1044.99
1047.13
1031.16
1028.06
1039.98
1032.11
1015.19
1019.95
17042.16
1070.02
1027.82
1018.05
1023.05
1011.13
1011.85
1011.85
1019.95
1021.15
1029.01
1034.98
1032.11
1025.92
1037.84
1042.84
17134.90
1050.95
1026.15
1015.90
1008.03
999.93
996.83
999.93
1012.09
1011.13
1009.94
1024.96
1013.99
1029.97
1024.96
17058.85
1080.99
1045.94
1020.91
1034.02
1025.92
1044.99
1050.00
1044.99
1034.98
1030.92
1025.92
1032.11
1019.95
1029.01
1017.09
17113.92
1024.96
1008.99
1014.95
1024.01
1025.92
1032.11
1024.01
1029.97
1029.97
1032.11
1042.13
1028.06
1040.94
1049.04
17092.94
1062.87
1046.90
1030.21
1034.98
1040.22
1044.99
1049.04
1053.81
1030.92
1029.97
1035.93
1035.93
1032.11
1034.02
17048.12
1086.24
1034.98
1039.98
1051.90
1047.85
1032.11
1034.98
1038.07
1030.92
1033.07
1032.83
1046.90
1029.97
1029.97
1036.88
1011.13
1003.03
998.97
1003.03
1011.13
1006.13
1008.03
1012.09
1034.98
1028.06
1020.91
1022.82
1032.83
1027.82
1038.07
1034.02
1024.01
1034.02
1024.01
1023.05
1013.99
1015.90
1009.94
1009.23
1008.03
1013.99
1015.90
1019.00
1015.90
1026.87
1029.97
1019.00
1023.05
1025.20
1020.91
1017.09
1003.03
1001.83
1000.88
1008.99
1013.04
1027.11
1020.91
1021.86
1020.91
1026.15
1024.96
1025.92
1039.03
1027.82
1026.87
1030.92
1027.11
1027.11
1029.01
1026.15
1023.05
1027.11
1028.06
1040.94
1026.15
1024.96
1022.82
1094.82
1106.98
1089.10
1089.10
1088.14
1081.94
1082.90
1088.86
1079.80
1077.89
1084.09
1018.05
1018.05
1021.86
1012.80
1008.03
1003.98
1004.93
1009.94
1013.99
1017.09
1018.05
1003.03
1043.08
1032.83
1030.92
1036.17
1037.12
1029.97
1019.95
1020.91
1011.85
1007.80
1009.94
1013.04
1024.01
1024.01
1027.11
1033.07
1033.07
1047.13
1045.94
1054.05
1064.06
1063.11
1064.06
991.11
1001.12
998.97
1011.85
1005.89
1012.09
1011.13
1021.15
1018.05
1019.95
1024.96
1029.97
1033.78
1039.03
1029.97
1031.16
1013.04
1017.09
1012.09
17055.99
1060.01
1012.09
1005.89
1010.89
1008.99
1014.95
1020.91
1024.96
1051.90
1031.88
1034.98
1039.98
1034.02
1034.02
1035.93
17136.10
1045.94
1050.95
1052.86
1034.98
1045.94
1054.05
1051.90
1031.88
1034.02
1034.98
13113.02
1035.93
1014.95
1012.80
1010.89
1010.89
1017.81
1015.90
1026.87
1022.10
1034.02
1026.87
25118.11
1026.15
1020.91
1019.95
1023.05
1030.92
1023.05
1037.84
1035.93
1027.11
1039.98
25082.11
1068.83
1040.94
1034.98
1055.96
1029.97
1025.92
1023.05
1030.92
1022.10
1028.06
1024.01
25135.99
1046.90
1035.93
1054.76
1054.05
1032.11
1033.07
1040.94
1034.02
1035.93
1032.83
1027.82
1006.84
999.93
1007.80
21063.80
1068.83
1046.90
1050.00
1041.89
1039.03
1034.98
1030.92
1041.17
1039.98
1028.06
1029.01
1029.01
1021.86
1025.92
17066.96
1075.98
1034.98
1030.92
1020.91
1010.18
1014.95
1014.95
1016.14
1017.09
1014.95
1017.81
1025.92
1029.01
1034.02
1027.82
17117.98
1063.11
1054.05
1046.18
1056.91
1040.22
1034.98
1033.07
1043.08
1034.98
1036.88
1039.03
1037.12
1035.93
1038.07
17075.06
1075.98
1042.13
1039.03
1041.89
1035.93
1032.83
1034.02
1041.89
1035.93
1036.17
1034.02
1042.13
1035.93
1035.93
1034.98
17125.84
1047.85
1039.03
1040.94
1034.98
1029.01
1030.92
1032.11
1026.15
1034.02
1035.93
1043.80
1033.07
1035.93
1031.88
17124.89
1049.04
1039.98
1034.98
1044.99
1030.92
1031.88
1039.03
1033.07
1034.98
1034.02
1039.98
1038.07
1034.98
1036.88
17068.86
1076.94
1042.13
1039.98
1036.88
1038.79
1037.84
1032.83
1034.98
1034.98
1033.07
1035.93
1042.84
1038.07
1031.88
1032.11
17131.09
1043.08
1047.13
1039.03
1041.17
1034.02
1026.15
1022.10
1007.08
1007.08
1013.04
1021.15
1013.99
1017.81
1019.00
1029.97
1023.05
1025.92
1030.92
1044.99
1038.07
1040.94
1028.78
1026.87
1005.89
1017.81
1013.04
1028.06
1026.15
1027.11
1026.87
1039.98
1038.07
1037.12
1047.13
1050.95
1045.23
1031.88
1031.88
1001.12
1003.98
1003.98
1008.99
1015.19
1014.95
1010.89
1019.00
1023.05
1019.00
1027.11
1032.11
1031.16
1032.11
1038.07
1038.07
1032.11
1025.92
1006.84
1015.90
1010.89
1010.18
1009.94
1041.17
1019.95
1022.82
1019.95
1041.17
1030.92
1035.93
1033.07
1023.05
1019.95
1011.85
1011.85
1011.13
1008.03
1012.09
1019.00
1009.94
1020.19
1022.10
1029.97
1023.05
1029.97
1029.97
1029.01
1047.85
1034.02
1033.07
1032.11
1034.02
1026.15
1018.05
1023.05
1013.04
1010.89
1007.80
1024.96
1029.01
1021.86
1025.92
998.02
1027.82
1019.00
1013.04
1013.04
1006.13
1007.08
1013.99
1014.95
1015.19
1014.95
1021.15
1032.11
1025.92
1026.87
1027.82
1036.88
1023.05
1036.88
1029.01
1029.97
1024.01
1034.98
1036.88
1032.11
1026.87
1029.01
1032.11
1030.92
1024.96
1049.04
1034.02
1008.03
1006.13
1004.93
1014.95
1017.09
1014.95
1014.95
1023.05
1021.86
1027.82
1020.91
1031.16
1038.07
1029.97
1040.94
1009.23
1017.09
1008.99
1010.89
1008.03
1011.13
1011.13
1024.01
1031.16
1022.10
1024.01
1034.98
1035.93
1033.07
1041.89
1044.03
1016.86
1007.08
1012.80
1005.89
1000.88
1002.07
1013.99
1023.05
1012.09
1022.10
1024.96
1031.88
1019.95
1029.97
1029.01
1025.92
1034.98
1034.98
1030.92
1029.97
1030.92
1018.76
1013.04
1034.98
1012.09
1013.99
1015.90
17114.16
1039.98
1027.82
1035.93
1037.12
1033.07
1024.01
1041.89
1035.93
1030.92
1033.07
1039.03
1035.93
1034.98
1034.98
17136.81
1040.94
1045.94
1033.07
1032.11
1008.99
1006.84
1008.99
1019.95
1010.89
1019.00
1039.98
1025.20
1024.96
1030.21
17056.94
1080.99
1035.93
1040.94
1024.01
1039.98
1036.17
1034.02
1038.07
1024.01
1029.97
1021.86
1034.98
1024.01
6480.93
1067.16
1047.13
1033.07
5059.96
1065.02
1054.05
1039.98
5100.01
1052.86
1031.88
1027.82
5111.93
1047.13
1034.02
1035.93
1044.99
1029.01
1019.95
1016.86
1013.99
1004.93
1003.03
1020.91
1018.05
1012.09
1015.90
1019.00
1035.93
1031.88
1030.92
1044.03
1024.01
1013.99
1008.03
1019.95
1012.09
1014.95
1029.01
1027.82
1054.05
1044.99
1048.09
1047.13
1043.08
1034.98
1036.88
1047.85
1032.83
1026.87
1015.19
1001.83
1002.07
1010.89
1011.85
1021.86
1029.01
1027.11
1028.06
1028.06
1024.96
1031.88
1026.87
1015.90
1017.81
1009.94
1013.04
1001.83
1008.99
1006.13
1018.05
1018.05
1018.05
1023.77
1033.07
1028.06
1029.01
1027.11
1039.98
1029.01
1042.13
1035.93
17126.80
1055.00
1047.13
1050.95
1045.94
1049.04
1026.87
1030.92
1022.10
1024.01
1016.86
1013.04
1006.84
1010.89
1005.17
17035.96
1041.89
1024.01
1020.91
1024.01
1024.96
1034.02
1026.87
1056.19
1029.01
1034.98
1040.94
13134.96
1058.10
1034.98
1025.92
1016.14
1010.18
1004.93
1007.80
1014.95
1010.18
1019.00
25045.16
1081.94
1034.02
1039.03
1033.07
1035.93
1030.92
1038.07
1041.89
1038.07
1043.08
1044.99
17127.04
1033.07
1021.15
1010.89
1025.92
1019.00
1014.95
1025.20
1019.95
1057.15
1029.97
1031.88
1029.01
1025.92
1024.01
17035.96
1089.10
1037.12
1039.98
1045.94
1044.99
1051.90
1035.93
1034.02
1059.06
1049.04
1033.78
1055.00
1043.08
1039.98
1042.84
17117.98
1036.17
1021.15
1008.99
1008.03
1013.99
1012.09
1013.04
1022.10
1024.96
1024.01
1015.90
1004.93
1004.93
1001.83
13033.87
1061.92
1017.09
1008.03
1020.91
1030.21
1028.06
1029.01
1024.96
1022.82
1025.92
1032.83
1037.84
1035.93
1037.12
1038.07
17119.17
1040.94
1047.13
1038.07
1031.16
1013.99
1011.13
1014.95
1009.94
1012.09
1018.05
1035.93
1013.99
1020.91
1023.05
17053.13
1070.02
1039.98
1038.07
1039.98
1045.94
1039.03
1029.01
1034.98
1027.11
1036.17
1024.01
1035.21
1014.95
1010.18
1005.89
17102.00
1029.97
1025.92
1028.78
1023.05
1024.01
1026.15
1032.11
1033.07
1033.07
1033.07
1048.09
1032.11
1033.07
1024.96
17097.00
1115.08
1075.98
1071.93
1035.93
1005.89
1000.88
1010.89
1027.11
1028.06
1019.95
1024.96
1033.07
1022.10
1024.96
1029.01
17116.07
1053.09
1039.03
17063.14
1073.12
1045.94
1044.03
1075.98
1053.09
1056.91
1055.00
1075.03
1063.82
1077.89
1090.05
1092.20
1102.92
1090.05
17129.90
1137.97
1101.02
1091.96
1099.11
1096.01
1103.16
1092.91
1101.02
1091.96
1094.10
1096.01
1089.81
1093.86
1097.92
17189.03
1106.98
1096.96
1104.12
1093.15
1096.01
1096.01
1093.86
1093.86
1091.96
1091.00
1093.15
1091.00
1091.96
17129.90
1135.11
1098.16
1088.86
1098.87
1094.82
1092.91
1092.91
1093.15
1089.10
1091.96
1098.16
1095.06
1085.04
1092.20
17184.02
1102.92
1093.86
1103.88
1090.05
1091.96
1090.05
1102.92
1086.00
1090.05
1091.00
1099.11
1096.01
1093.15
17128.94
1137.02
1091.96
1095.06
1103.16
1100.06
1091.96
1087.90
1094.10
1093.15
1088.14
1094.10
1088.86
1093.86
1088.86
17184.97
1107.93
1095.06
1096.01
1098.16
1094.10
1094.10
1096.96
1093.15
1091.00
1093.15
1096.01
1093.86
1091.96
17134.90
1140.83
1101.02
1091.00
1101.02
1092.91
1094.10
1096.01
1096.01
1090.05
1091.96
1096.96
1091.00
1091.96
1091.96
17133.95
1047.13
1032.11
1028.06
1055.00
1041.17
1042.13
1055.00
1055.00
1055.00
1063.11
1070.02
1080.04
1086.00
1091.96
17137.05
1041.17
1035.93
1036.88
1058.82
1047.85
1055.00
1060.01
1065.02
1065.02
1063.11
1080.99
1092.20
1093.86
1096.01
17143.01
1056.91
1028.06
1025.92
1039.03
1032.83
1037.84
1054.05
1060.96
1056.19
1054.05
1065.02
1070.98
1075.98
1085.04
17136.81
1054.05
1035.93
1041.89
1049.04
1046.90
1057.15
1074.08
1057.15
1060.96
1062.87
1080.99
1089.10
1091.00
1099.11
17139.91
1044.03
1034.98
1031.88
1055.00
1055.00
1048.09
1057.15
1067.16
1067.88
1066.92
1075.98
1080.04
1090.05
1094.10
17141.10
1048.09
1032.11
1036.88
1049.04
1044.03
1052.14
1064.06
1055.00
1055.00
1065.02
1070.02
1079.08
1090.05
1091.00
1060.96
1054.05
1052.14
1060.96
1065.02
1064.06
1065.97
1075.98
1055.96
1075.03
1060.96
1096.96
1071.93
1064.06
1067.16
1073.12
1091.96
1075.98
1095.06
1081.94
1106.98
1090.05
1099.11
1091.00
1093.15
1091.96
1098.87
1090.05
1091.96
1075.98
1041.17
1048.09
1034.98
1032.83
1031.88
1024.01
1032.11
1021.86
1020.91
1024.96
1031.16
1034.98
1037.12
1039.98
1047.13
1038.07
1019.00
1029.97
1040.94
1044.99
1048.09
1054.05
1067.16
1073.12
1065.02
1069.07
1080.04
1083.14
1091.00
1075.98
1075.98
1034.02
1044.99
1053.09
1053.09
1055.00
1055.00
1069.07
1068.12
1066.92
1075.03
1069.07
1060.01
1060.96
1088.86
1065.02
1065.02
1085.04
1081.94
1113.18
1081.94
1104.83
1097.92
1092.20
1094.10
1091.96
1096.01
1088.86
1089.10
1090.05
1048.80
1050.00
1042.13
1037.12
1022.10
1019.95
1017.81
1021.86
1029.97
1033.07
1038.07
1042.13
1045.94
1044.99
1047.13
1058.10
1023.05
1024.01
1037.84
1047.85
1055.96
1054.05
1054.05
1061.92
1058.10
1067.16
1078.13
1086.95
1095.06
1102.92
1065.02
1040.22
1055.96
1041.89
1061.20
1060.96
1059.06
1065.97
1076.94
1076.94
1086.00
1075.03
1067.88
1066.92
1069.78
1065.02
1086.00
1075.03
1092.20
1122.00
1093.15
1091.96
1092.91
1091.96
1090.05
1089.10
1096.01
1095.06
1086.00
1086.95
1034.98
1044.99
1033.07
1025.20
1026.87
1020.91
1017.81
1019.95
1023.05
1032.83
1041.89
1044.99
1043.08
1045.94
1047.85
1050.00
1030.92
1031.88
1033.07
1057.15
1060.01
1057.15
1052.86
1066.92
1062.87
1064.78
1075.03
1092.91
1091.96
1106.02
1063.82
1055.96
1050.95
1043.08
1055.00
1060.01
1056.91
1067.16
1081.94
1079.80
1085.04
1074.08
1065.97
1071.93
1068.12
1079.08
1096.01
1081.94
1075.98
1124.14
1094.10
1090.05
1098.16
1091.00
1091.96
1090.05
1096.96
1091.00
1093.86
1091.96
17190.93
1091.96
1089.10
1092.91
1088.86
1090.05
1091.00
1096.01
1087.19
1090.05
1086.95
1098.87
1094.10
1091.96
17117.02
1086.00
1041.89
1038.79
1051.90
1047.85
1070.02
1055.00
1060.01
1067.16
1060.96
1071.93
1083.14
1094.10
1080.04
17134.19
1081.94
1039.03
1033.07
1038.07
1038.07
1050.00
1051.90
1065.97
1055.00
1055.00
1058.82
1071.93
1076.22
1081.94
17114.16
1087.90
1038.07
1029.01
1050.00
1046.90
1057.86
1054.05
1061.20
1055.00
1061.20
1065.02
1079.08
1080.99
1093.86
17125.84
1086.95
1039.98
1038.07
1043.08
1044.03
1054.05
1060.96
1065.02
1061.20
1062.87
1065.97
1077.18
1087.90
1096.01
17133.95
1101.02
1078.13
1070.02
1062.15
1038.07
1033.07
1029.01
1046.90
1042.84
1046.90
1067.16
1055.96
1065.02
1063.82
17094.85
1090.05
1042.84
1034.02
1036.88
1049.04
1051.90
1066.92
1070.98
1055.00
1060.01
1065.97
1080.99
1081.94
1097.20
1091.00
1031.16
1040.94
1050.00
1062.15
1056.91
1053.81
1060.01
1069.07
1075.03
1078.13
1060.96
1080.04
1079.08
1065.02
1075.03
1071.21
1067.88
1091.00
1111.03
1103.16
1094.10
1088.14
1103.88
1091.00
1088.14
1094.10
1091.00
1088.14
1091.00
1050.00
1034.98
1038.07
1038.07
1032.83
1020.91
1018.05
1013.04
1032.11
1032.11
1037.12
1039.98
1054.05
1053.09
1039.98
1044.99
1016.14
1029.01
1026.15
1039.98
1044.99
1052.14
1065.02
1063.11
1060.01
1066.21
1066.92
1073.84
1075.98
1080.04
1095.06
1082.18
1075.98
1076.94
1085.04
1104.12
1086.95
1091.96
1050.00
1048.09
1037.84
1029.97
1034.98
1019.00
1015.90
1013.04
1030.92
1029.01
1029.97
1041.17
1039.98
1049.04
1050.95
1041.17
1022.10
1019.95
1022.82
1031.88
1038.79
1039.98
1055.00
1069.78
1055.00
1054.05
1060.01
1078.84
1078.13
1091.00
1101.97
1013.99
1029.97
1035.93
1035.93
1044.99
1044.03
1052.86
1057.86
1056.91
1059.06
1069.78
1080.04
1081.94
1090.05
1070.98
1076.94
1054.05
1065.02
1079.08
1073.12
1094.10
1091.96
1081.94
1084.09
1106.02
1092.91
1102.92
1090.05
1094.10
1075.98
1057.15
1049.04
1043.08
1042.13
1035.93
1032.83
1024.01
1024.96
1024.01
1021.15
1031.88
1047.85
1036.88
1030.92
1054.05
1024.01
1026.87
1028.78
1033.07
1045.94
1048.80
1062.87
1068.83
1055.96
1063.11
1069.07
1077.18
1091.96
1097.20
1106.98
1068.12
1038.07
1041.17
1044.99
1048.09
1059.06
1052.86
1061.92
1065.97
1072.88
1070.02
1075.98
1063.11
1090.05
1072.17
1073.12
1084.09
1090.05
1106.02
1111.98
1093.86
1094.82
1101.02
1098.87
1096.01
1092.91
1100.78
1092.91
1092.91
1084.09
1025.20
1039.98
1023.05
1029.01
1024.01
1017.09
1019.95
1025.92
1029.01
1031.88
1035.93
1054.05
1041.89
1050.95
1052.14
25129.08
1042.13
1021.86
1026.87
1044.03
1038.07
1039.98
1044.99
1050.95
1056.91
1055.00
25094.99
1117.94
1065.02
1064.06
1050.95
1034.98
1023.05
1022.10
1031.16
1015.90
1024.01
1033.07
25136.95
1067.88
1072.88
1080.99
1086.95
1072.17
1070.98
1061.20
1080.04
1078.13
1070.98
1077.89
1068.12
1068.12
17097.00
1111.03
1073.12
1074.08
1080.99
1088.14
1070.02
1069.78
1071.93
1054.05
1060.96
1065.02
1070.02
1078.84
1078.84
17122.03
1079.08
1036.17
1028.06
1036.88
1034.02
1034.02
1037.12
1037.12
1025.92
1029.01
1027.11
1038.07
1044.03
1048.09
1055.96
17138.00
1098.16
1065.97
1074.08
1073.12
1070.02
1070.02
1057.86
1039.98
1045.94
1037.84
1037.84
1030.92
1032.11
1048.09
17117.02
1041.89
1037.12
1039.98
1037.84
1050.95
1044.99
1052.86
1098.87
1097.92
1093.15
1099.82
1091.00
1091.96
1095.06
17137.05
1061.92
1061.92
1070.98
1075.03
1082.18
1090.05
1060.01
1023.77
1034.98
1046.18
1060.01
1063.11
1054.05
1059.06
17117.02
1025.92
1030.92
1034.02
1027.82
1034.98
1039.98
1032.83
1066.92
1065.02
1062.87
1065.02
1058.10
1044.03
1039.98
17117.02
1040.94
1030.92
1025.92
1029.01
1028.06
1034.02
1033.07
1064.78
1071.93
1083.85
1092.91
1091.00
1082.90
1076.22
17155.89
1044.99
1042.13
1038.07
1051.90
1044.99
1055.96
1055.96
1039.03
1055.00
1046.90
1056.91
1060.01
1053.09
1066.92
17148.02
1055.00
1038.07
1037.12
1050.00
1047.85
1050.00
1058.10
1053.09
1076.94
1057.15
1060.96
1053.81
1033.07
1034.02
17059.09
1065.02
1027.82
1024.01
1030.92
1028.06
1029.97
1039.03
1037.84
1069.07
1077.89
1080.04
1091.00
1090.05
1084.09
17135.14
1091.00
1050.00
1044.99
1059.06
1049.04
1057.86
1067.16
1045.94
1024.01
1033.07
1048.09
1050.00
1046.90
1053.09
17079.11
1076.22
1030.92
1035.93
1049.04
1052.86
1057.86
1057.15
1051.19
1070.98
1080.99
1055.00
1060.96
1051.90
1047.85
17064.81
1096.01
1038.07
1031.88
1023.05
1023.05
1018.05
1029.97
1044.03
1090.05
1088.14
1090.05
1116.04
1095.06
1086.00
17118.93
1074.79
1033.07
1040.94
1051.90
1047.13
1042.13
1049.04
1055.00
1037.84
1036.88
1027.82
1030.92
1032.11
1039.03
1052.14
17120.12
1034.02
1024.96
1031.88
1031.88
1033.78
1043.08
1041.89
1075.98
1079.08
1075.98
1098.87
1081.23
1102.92
1093.86
17151.83
1056.91
1046.18
1058.10
1050.00
1060.01
1065.97
1059.06
1056.19
1060.01
1056.91
1059.06
1060.01
1064.06
1075.03
17151.12
1056.19
1044.99
1047.13
1055.96
1049.04
1059.06
1058.10
1048.09
1035.93
1031.88
1034.02
1021.86
1029.97
1036.17
17118.93
1071.93
1044.99
1034.02
1034.98
1019.00
1019.95
1024.96
1100.06
1101.02
1092.20
1100.06
1100.06
1094.10
1093.86
1092.91
1091.00
1086.95
1099.82
1090.05
1093.86
1091.96
1073.12
1091.00
1070.02
1074.08
1089.10
1066.92
1056.91
1055.00
1065.97
1057.15
1053.09
1059.06
1055.96
1052.86
1058.82
1069.07
1087.90
1094.82
1080.99
1086.00
1109.84
1092.20
1096.01
1093.15
1087.90
1087.90
1095.06
1086.00
1090.05
1089.10
1032.11
1033.07
1032.11
1023.05
1033.07
1018.05
1022.82
1027.82
1041.89
1041.89
1038.79
1055.96
1054.05
1052.86
1047.85
1050.00
1029.01
1034.98
1041.89
1056.91
1056.19
1070.02
1065.02
1074.79
1065.97
1080.04
1092.91
1096.01
1103.88
1089.10
1062.15
1064.06
1049.04
1061.92
1080.99
1062.87
1083.85
1060.96
1065.97
1084.09
1069.78
1075.98
1070.98
1068.83
1070.98
1073.12
1101.02
1094.10
1096.96
1096.01
1089.10
1086.00
1091.00
1086.95
1089.10
1084.09
1095.06
1090.05
1090.05
1090.05
1029.01
1044.99
1037.12
1032.11
1033.07
1016.14
1013.04
1018.05
1021.86
1019.00
1029.01
1034.98
1039.98
1039.98
1044.03
1042.84
1018.05
1024.01
1024.96
1034.02
1034.98
1044.99
1045.94
1055.00
1047.13
1055.00
1050.00
1071.93
1068.83
1072.88
1082.18
1003.98
1011.13
1016.86
1031.88
1030.92
1028.78
1030.92
1041.89
1042.13
1050.00
1059.06
1055.96
1064.06
1069.07
1075.98
17138.96
1044.99
1031.88
1020.91
1023.05
1024.01
1021.86
1034.02
1031.88
1034.98
1038.07
1044.99
1054.76
1050.00
1050.00
17115.83
1090.05
1044.03
1025.92
1044.03
1021.15
1013.99
1016.14
1031.16
1023.05
1024.96
1035.93
1039.98
1042.84
1044.03
17082.93
1103.88
1061.92
1055.00
1050.00
1033.07
1027.11
1024.01
1024.96
1017.09
1026.15
1034.02
1050.00
1045.94
1050.00
1046.90
17125.13
1048.09
1036.17
1029.97
1027.82
1027.82
1034.98
1054.05
1048.09
1048.09
1044.99
1061.92
1055.00
1065.02
1067.88
17153.98
1042.13
1023.05
1023.05
1030.92
1028.06
1028.06
1039.98
1040.94
1047.85
1045.23
1053.09
1057.86
1060.96
1058.10
17111.06
1077.89
1036.88
1023.05
1042.84
1019.95
1023.05
1032.11
1050.95
1042.84
1044.99
1043.08
13136.15
1082.90
1078.84
1087.19
1073.12
1067.88
1066.92
1070.98
1070.98
1065.97
1067.88
17166.85
1066.92
1056.19
1082.90
1081.94
1072.17
1082.90
1051.90
1031.88
1030.21
1019.95
1024.96
1018.05
1024.01
1021.15
17127.04
1070.98
1061.92
1051.90
1064.78
1055.96
1054.05
1049.04
1060.01
1053.09
1065.02
1073.12
1064.06
1043.08
1040.94
33160.92
1096.96
1075.98
1107.93
1100.06
1088.14
1087.90
1094.82
1093.86
1087.90
1086.00
25177.00
1106.02
1096.01
1098.87
1091.96
1089.10
1093.15
1101.97
1095.06
1091.00
1087.90
13147.83
1081.94
1057.15
1050.95
1040.94
1032.11
1038.07
17076.02
1083.85
1046.90
1054.05
1084.09
1075.03
1076.94
1095.06
1114.13
1093.15
1090.05
1101.97
1086.95
1091.00
1091.96
17153.98
1065.97
1063.11
1068.12
1057.15
1077.89
1059.06
1063.82
1057.86
1049.04
1039.03
1035.93
1026.87
1025.92
1034.98
1039.98
1080.99
1065.02
1059.06
1070.98
1087.19
1068.12
1076.94
1064.06
1069.07
1071.21
1059.06
1037.12
1035.93
1029.97
1035.93
1040.94
1039.98
1049.04
1070.02
1052.86
1056.19
1055.96
1052.86
1037.84
1039.98
1047.13
1059.06
1064.06
1065.02
1086.00
1063.11
1060.96
1081.23
17160.89
1084.09
1086.00
1098.16
1056.91
1056.91
1055.00
1054.05
1045.94
1034.98
1034.02
1031.16
1016.14
1014.95
1017.81
17084.84
1062.87
1041.89
1041.89
1037.12
1055.96
1041.89
1056.91
1048.09
1058.10
1055.00
1070.98
1055.00
1075.98
1080.99
25122.17
1096.96
1075.98
1068.12
1055.96
1052.86
1045.94
1029.01
1034.02
1017.81
1016.86
29028.89
1122.00
1054.76
1051.90
1062.87
1072.88
1075.03
1079.08
1069.07
1070.02
1080.99
1064.06
1074.08
1067.88
1065.97
13102.05
1083.14
1052.14
1064.06
1065.02
1055.00
1055.00
1060.96
1072.88
1076.22
1083.85
1093.86
1101.02
1096.96
1094.82
17121.79
1126.05
1075.98
1096.01
1091.96
1109.12
1095.06
1101.97
1096.01
1088.86
1088.86
1097.92
1088.14
1095.06
1094.10
17172.10
1098.16
1065.97
1069.07
1065.97
1075.03
1049.04
1057.15
1042.13
1029.01
1024.96
1037.84
1036.88
1039.98
1055.96
17141.82
1082.90
1084.80
1060.96
1057.15
1058.10
1044.03
1044.99
1031.88
1030.92
1032.11
1044.03
1046.18
1054.05
1053.09
17141.10
1076.94
1050.00
1040.94
1039.03
1034.02
1035.21
1038.07
1053.09
1052.86
1052.86
1060.96
1055.00
1062.87
1065.97
17158.03
1074.08
1044.03
1039.98
1042.13
1030.92
1035.93
1044.99
1061.92
1055.00
1052.86
1062.87
1060.01
1066.92
1075.98
17128.94
1076.94
1039.03
1043.08
1039.98
1036.88
1044.99
1059.06
1056.91
1055.00
1059.06
1065.97
1070.98
1073.12
1086.00
21126.99
1097.92
1070.98
1088.14
1076.94
1066.92
1070.02
1072.88
1071.21
1067.88
1066.92
1070.98
1071.93
1067.88
1067.88
17140.15
1044.03
1022.10
1024.01
1031.88
1025.92
1026.15
1032.11
1050.00
1039.98
1050.95
1064.06
1058.82
1058.82
1066.92
17116.79
1096.01
1039.03
1032.11
1032.11
1022.10
1021.15
1019.00
1036.17
1029.97
1036.88
1032.83
1052.86
1051.90
1055.00
17082.93
1061.92
1028.06
1021.86
1034.98
1034.02
1045.94
1045.94
1061.20
1049.04
1053.09
1061.92
1070.02
1075.98
1078.84
1058.82
17163.99
1084.09
1075.98
1077.89
1074.08
1072.17
1069.07
1074.08
1070.02
1072.17
1067.88
17148.02
1080.99
1065.97
1066.92
1026.87
1033.78
1029.01
1024.96
1019.00
1024.96
1024.96
1040.94
1038.07
1039.03
1039.98
17138.00
1087.90
1090.05
1067.88
1079.08
1067.88
1070.98
1074.08
1067.16
1066.92
1066.92
1074.79
1067.88
1068.83
1067.88
17166.85
1080.04
1070.02
1078.13
1071.93
1071.93
1073.12
1074.08
1069.07
1069.07
1068.12
1081.94
1065.97
1070.02
1069.78
17143.96
1078.13
1075.98
1080.04
1069.78
1070.02
1068.12
1077.89
1071.93
1087.90
1068.12
1080.04
1071.21
1070.98
17093.18
1121.04
1075.98
1066.92
1081.23
1065.02
1068.12
1069.07
1080.04
1070.02
1071.93
1074.08
1073.12
1070.98
1072.17
17104.15
1117.94
1076.94
1072.17
1077.89
1070.98
1070.98
1069.78
1076.94
1066.21
1070.02
1072.17
1069.07
1068.12
1070.02
17147.06
1086.95
1070.98
1070.02
1079.80
1072.88
1071.93
1075.03
1073.84
1072.88
1070.02
1077.89
1069.78
1070.02
1070.98
17155.17
1080.04
1072.17
1076.94
1072.88
1069.78
1070.02
1073.12
1069.07
1072.88
1070.02
1074.08
1070.02
1068.12
1070.02
17158.99
1078.13
1072.88
1077.89
1068.83
1067.88
1071.93
1078.13
1070.02
1070.02
1069.07
1080.04
1070.98
1067.16
17100.10
1116.99
1080.99
1073.84
1081.94
1072.17
1069.07
1070.98
1080.99
1071.93
1071.21
1072.88
1075.03
1065.97
1071.93
17109.87
1111.98
1072.17
1069.07
1083.14
1068.12
1068.83
1065.97
1078.13
1070.98
1068.83
1077.18
1071.93
1071.93
1070.02
17120.84
1079.80
1044.99
1038.07
1030.21
1018.05
1019.95
1020.91
1038.07
1033.78
1045.94
1053.09
1055.96
1046.90
1058.82
17084.84
1110.08
1055.96
1047.85
1039.03
1027.11
1020.91
1019.00
1033.07
1035.93
1039.98
1034.98
1054.05
1044.03
1057.15
1051.90
17127.04
1041.17
1024.96
1031.16
1024.96
1026.87
1035.21
1044.99
1035.21
1040.94
1055.00
1052.86
1054.05
1057.86
1061.92
17135.86
1043.80
1034.02
1024.96
1026.87
1020.91
1026.15
1034.98
1041.89
1045.23
1040.94
1045.94
1055.96
1055.00
1055.00
17112.02
1087.90
1035.93
1027.11
1027.11
1024.96
1021.86
1024.96
1052.14
1035.93
1047.85
1044.99
1055.96
1052.86
1055.00
17091.99
1099.82
1052.86
1038.79
1039.03
1034.02
1033.07
1047.13
1050.95
1054.05
1050.00
1059.06
1060.01
1067.88
1066.92
17099.14
1091.00
1041.17
1038.07
1053.09
1049.04
1060.01
1060.01
1055.96
1064.06
1055.00
1066.92
1082.18
1089.10
1094.10
17129.90
1110.08
1060.96
1046.18
1050.95
1039.03
1036.88
1036.88
1044.99
1044.03
1061.92
1067.88
1066.92
1060.01
1067.88
17098.90
1114.85
1060.01
1050.00
1047.13
1034.98
1026.87
1032.11
1043.08
1043.08
1060.01
1052.86
1057.86
1063.11
1060.01
1065.97
17153.02
1071.21
1054.05
1055.00
1040.94
1029.97
1025.92
1040.22
1039.03
1052.14
1068.83
1057.86
1055.96
1057.15
1075.98
17137.05
1057.86
1044.99
1037.84
1026.87
1027.82
1039.03
1054.05
1052.14
1054.05
1057.15
1058.10
1060.96
1068.12
1075.03
17140.87
1046.90
1034.02
1040.94
1048.80
1054.05
1054.05
1057.15
1055.00
1057.15
1066.92
25099.99
1064.06
1032.11
1019.95
1050.00
1036.17
1030.92
1041.89
1046.18
1050.95
1046.90
1060.01
1055.96
1067.16
1070.98
17115.12
1083.14
1036.17
1045.94
1043.08
1077.18
1071.93
1071.93
1075.98
1066.92
1069.78
1073.84
1070.98
1075.03
1073.12
17096.04
1066.21
1034.98
1037.12
1038.07
1043.08
1027.11
1026.15
1024.01
1010.18
1006.13
1003.03
25115.97
1048.80
1039.98
1026.15
1037.84
1028.06
1029.01
1036.17
1029.97
1030.92
1029.97
25063.99
1070.02
1039.03
1024.01
1040.94
1034.98
1043.08
1039.03
1055.00
1028.78
1029.97
1032.11
17155.17
1072.88
1075.03
1070.02
1073.12
1075.03
1081.94
1090.05
1108.88
1091.00
1091.00
1099.11
1090.05
1091.00
17116.79
1143.93
1094.82
1091.00
1096.01
1092.20
1091.96
1091.00
1096.01
1091.96
1091.00
1098.87
1093.86
1088.86
1088.86
37160.87
1057.86
1049.04
1042.84
1066.92
1055.00
1057.86
1065.97
1078.13
1075.98
1083.85
1069.07
1111.03
1087.90
1094.10
17133.95
1039.98
1024.01
1023.05
1031.88
1028.06
1029.01
1039.98
1039.03
1044.99
1050.00
1065.02
1055.00
1072.17
1060.01
1063.11
1071.93
1072.88
1089.81
1105.07
1107.93
1094.10
1098.16
1100.06
1091.96
1095.06
37136.08
1056.91
1026.87
1018.05
1014.95
1008.99
1002.07
1003.03
1019.00
1029.01
1022.10
1025.92
25119.07
1039.98
1026.15
1049.04
1039.98
1024.01
1014.95
1005.89
1044.99
1032.11
1043.08
1038.07
1024.01
1035.21
1029.01
17065.05
1072.17
1042.13
1024.96
1014.95
1007.08
1009.94
1011.85
1008.99
1044.03
1041.89
1021.15
25124.07
1047.13
1024.96
1034.02
1031.88
1034.98
1029.97
1046.90
1039.03
1028.06
1019.00
29094.22
1054.05
1033.07
1030.21
1034.98
1025.20
1027.11
1024.96
1037.12
1039.03
1035.93
1029.97
1039.98
1022.10
1029.97
1025.92
17131.09
1032.11
1012.09
1018.05
1008.03
1008.99
1019.00
1033.07
1031.16
1020.91
1019.00
1017.09
999.93
1003.03
1008.99
13053.89
1087.90
1044.99
1052.86
1064.06
1060.01
1060.01
1052.14
1075.03
1070.02
1054.05
25089.98
1105.07
1060.96
1048.09
1048.09
1026.87
1023.05
1018.05
1022.10
1017.09
1019.95
1022.82
25104.05
1060.96
1039.98
1033.07
1037.12
1028.06
1021.15
1027.11
1035.93
1029.01
1034.02
1050.95
1031.88
1032.83
1044.99
17075.06
1059.06
1013.99
1012.09
1019.00
1013.99
1006.84
1008.03
1017.09
1014.95
1014.95
1032.11
1022.10
1016.14
1019.00
1019.00
17115.83
1039.98
1021.15
1009.94
1022.82
1005.89
1015.90
1013.99
1037.84
1019.00
1016.14
1019.95
25130.99
1041.17
1026.87
1044.03
1044.03
1029.97
1046.90
1044.03
1020.91
1017.09
1012.09
17046.93
1074.08
1044.03
1053.09
1064.06
1058.10
1065.02
1056.91
1058.82
1053.81
1072.88
1082.90
1061.92
1060.01
1062.87
17091.99
1102.92
1096.96
1090.05
1086.95
1071.93
1076.94
1083.14
1080.04
1075.98
1070.98
1083.14
1080.04
1077.18
1072.88
37150.86
1040.94
1029.01
1034.98
1030.21
1041.89
1029.01
1029.01
1029.01
1017.81
1039.98
25068.04
1063.82
1016.86
1013.99
1030.92
1016.86
1019.95
1013.99
1021.86
1057.86
1053.81
1065.97
1065.02
1041.89
1040.22
1029.01
17157.08
1044.03
1031.88
1023.05
1011.85
1009.94
1007.08
1008.03
1051.90
1052.14
1050.95
1051.90
1052.86
1051.90
1072.17
17133.95
1041.89
1026.87
1026.87
1039.98
1044.99
1032.11
1023.05
1068.12
1071.93
1067.88
1067.88
1055.96
1050.95
1049.04
1043.08
1028.06
1031.88
1021.86
994.92
1036.88
1034.98
1036.88
1044.03
1016.86
1019.00
1013.99
1027.11
1043.08
1034.98
1027.82
1046.18
1043.08
1042.13
1023.05
1049.04
1034.98
1036.88
1033.07
1043.08
1041.17
1024.01
1008.03
1055.96
1045.94
1047.85
1054.05
1039.98
1041.17
1029.01
1028.06
1014.95
1015.19
1019.00
1011.13
1023.05
1037.12
1042.13
1046.90
1021.86
1040.94
1032.11
17137.05
1062.15
1055.00
1068.83
1065.97
1074.08
1089.10
1055.96
1003.03
1008.03
1010.18
1023.05
1018.05
1028.06
1033.07
17127.99
1065.97
1042.13
1037.12
1038.07
1022.10
1016.14
1015.90
1006.84
1013.04
1003.98
1024.01
1008.99
1022.10
1024.96
25059.94
1073.12
1037.12
1024.01
1025.92
1023.05
1020.19
1024.01
1039.03
1025.20
1031.16
1036.88
25115.01
1039.03
1013.99
1006.84
1015.90
1008.03
1019.95
1026.15
1032.11
1039.98
1022.82
1026.87
1067.88
1061.92
1056.19
17090.08
1076.94
1033.07
1015.90
1016.86
1006.84
1006.84
1020.91
1022.82
1029.01
1030.92
1019.00
1022.10
1028.06
1024.01
1009.94
17117.02
1039.98
1030.92
1035.93
1032.11
1042.13
1039.03
1027.11
1019.95
1015.90
1007.08
1015.19
1048.09
1034.02
1023.05
1031.88
1022.10
1037.12
1030.92
1035.93
1031.16
1029.01
1037.84
1040.94
1023.05
1024.01
1028.06
1039.03
1037.12
1043.08
1050.95
1054.05
1049.04
1052.86
1049.04
995.87
1003.03
1003.98
1011.13
1013.04
1020.19
1013.04
1032.11
1034.98
1019.95
1023.05
1018.05
1024.96
1028.06
1034.98
1043.80
1040.94
1037.12
1029.97
1036.88
1038.79
1038.07
1029.01
1019.95
1015.90
1023.05
1017.81
1036.88
1008.99
1014.95
1019.00
1037.12
1029.97
1039.03
1036.88
3330.95
1063.11
1055.96
1019.00
1019.00
1029.01
1037.84
1035.93
1034.02
1034.02
1037.12
1020.91
1034.98
17133.95
1037.84
1026.87
1019.95
1029.97
1029.01
1024.01
1016.14
1011.13
1007.08
1008.99
1017.81
1025.92
1027.11
1028.06
25055.17
1060.96
1040.94
1026.15
1027.82
1034.02
1024.96
1026.87
1042.84
1011.85
1036.88
1027.11
25114.06
1022.82
1010.89
1011.13
1037.12
1032.11
1029.97
1021.15
1024.96
1024.01
1029.97
