1285.08
1276.02
1276.02
1284.12
1268.86
25333.88
1280.07
1245.02
1233.10
1274.11
1268.86
25321.01
1291.99
1260.04
1276.97
1257.18
1257.90
1276.02
1301.05
1270.06
1261.00
25356.05
1267.91
1253.84
1248.84
1248.84
1255.04
1254.08
1250.03
1237.15
33289.91
1293.90
1248.84
1257.90
1258.85
1267.91
21329.88
1294.85
1228.81
1222.85
1209.02
1219.03
1215.93
25343.18
1260.04
1240.02
1238.82
1250.98
1235.01
29294.97
1262.19
1242.88
1240.97
1264.10
1271.96
1255.99
21858.93
1276.02
1267.19
1245.98
1235.96
1258.13
1261.95
1238.82
1284.84
25452.85
1283.88
1271.01
1289.13
1276.02
1274.11
1271.01
1271.96
1266.00
29394.87
1304.86
1293.18
1280.07
1271.01
1267.91
25366.07
1277.21
1259.09
1266.00
1265.05
1242.88
21298.17
1293.18
1265.05
1271.01
1265.05
1252.17
33286.09
1319.17
1240.97
1236.20
1238.11
1225.95
1230.00
1224.99
1250.98
1240.97
21332.98
1311.06
1275.06
1265.05
1264.10
1249.07
17325.16
1281.98
1395.94
1259.80
1245.02
1248.12
1255.04
1224.99
1243.83
1245.02
33353.09
1251.94
1227.86
1240.02
1245.98
1284.12
25339.13
1259.09
1240.02
1236.92
1245.02
1237.87
25326.97
1296.04
1271.01
1273.87
1274.82
1262.90
1274.11
33370.02
1268.86
1243.83
1281.98
1305.10
1276.02
9385.11
1264.10
1251.94
1277.92
1257.90
1263.14
25338.17
1287.94
1267.91
1279.12
1269.10
1271.96
25334.12
1305.10
1275.06
1286.03
1271.96
1275.06
1274.11
1261.95
1252.89
1258.85
25378.94
1286.98
1287.94
1255.99
1281.02
1231.91
1240.02
1240.97
1232.15
25291.20
1279.12
1271.01
1249.07
1248.12
1232.15
1234.05
1263.14
1266.96
1261.23
29392.96
1392.13
1285.08
1277.92
1271.96
1255.99
25345.09
1234.77
1224.04
1232.86
1227.86
1233.10
17289.16
1245.98
1235.01
1255.04
1248.12
1245.02
1240.97
1215.93
1224.99
1219.99
25356.05
1262.90
1266.96
1245.98
1223.09
1222.13
1246.93
1238.82
1240.02
25304.08
1274.11
1250.98
1260.04
1272.92
1268.15
1270.06
1219.03
1229.05
1224.99
21351.81
1241.92
1235.01
1249.07
1233.10
1236.92
1247.88
1257.90
1255.99
29325.96
1274.82
1259.80
1262.90
1243.83
1241.92
1237.15
25365.11
1260.04
1244.07
1239.06
1497.98
1276.97
21389.96
1281.02
1271.01
1255.04
1244.07
1242.88
1274.11
1250.98
1245.98
29328.11
1310.11
1267.91
1281.98
1217.13
1219.99
1228.81
1240.97
1243.11
1230.96
21353.01
1235.01
1224.99
1224.99
1259.09
1243.11
1244.07
1265.05
1252.17
25325.06
1274.11
1239.06
1237.15
1210.93
1214.98
1230.96
25347.95
1247.17
1249.07
1250.03
1239.06
1235.01
25351.05
1246.93
1235.01
1230.96
1224.99
1227.86
17283.92
1300.81
1271.96
1266.00
1247.88
1272.92
1253.13
17380.00
1281.98
1296.04
1281.02
1298.19
1261.00
1312.02
1291.04
1269.82
17395.97
1261.95
1245.02
1253.13
1261.95
1266.96
17338.04
1264.81
1240.97
9303.09
1293.18
1266.96
21348.00
1297.00
1283.17
1298.90
1288.89
1264.81
17315.86
1334.91
1274.82
1296.04
1260.04
1255.04
1251.94
25347.95
1258.85
1245.02
1249.07
1259.09
1266.00
25367.02
1232.86
1213.07
1214.98
1267.19
1251.94
1272.92
1258.13
1270.06
29312.13
1296.04
1272.92
1271.96
1261.95
1268.86
1258.85
1276.02
1286.98
1280.07
25403.02
1281.98
1280.07
1259.09
1248.12
1248.12
1269.10
1280.07
1354.93
1219.03
1221.90
1232.86
29286.86
1302.96
1275.06
1274.11
1281.98
1256.94
1259.09
25381.09
1279.12
1276.97
1288.18
1265.05
1285.08
21388.05
1280.07
1260.04
1281.02
1266.00
1266.00
1284.12
1245.02
1252.89
25326.01
1287.94
1245.02
1235.96
1276.02
1273.87
1273.87
1262.90
1272.20
17827.99
1299.14
1247.88
1247.88
1250.03
1245.98
21304.13
1275.78
1242.88
1232.86
1254.80
1257.90
1237.87
17362.83
1266.96
1254.08
1259.09
1251.94
1259.80
25339.84
1257.90
1212.84
1222.85
1209.02
1236.92
33250.09
1329.90
1278.16
1281.02
1279.12
1269.10
1276.02
25341.99
1245.02
1235.01
1235.01
1229.05
1222.13
17777.92
1261.95
1234.77
1260.04
1243.11
1240.02
25287.15
1302.00
1268.86
1245.02
1239.06
1246.93
25308.85
1295.09
1265.05
1273.87
1226.90
1256.94
1243.11
1249.07
1240.97
1238.82
25408.03
1236.92
1219.99
1219.03
1214.03
1221.90
1233.82
1227.86
1223.80
37273.88
1317.98
1268.15
1250.03
1281.02
1270.06
1263.14
25356.05
1246.93
1239.06
1240.97
1237.87
1242.88
21309.14
1270.06
1257.18
1233.10
1232.86
1239.06
25281.91
1317.02
1269.10
1272.92
1263.86
1266.00
1271.96
29389.14
1259.09
1256.94
1259.09
1225.95
1224.99
1249.07
1245.98
1254.08
25305.99
1276.97
1248.12
1254.08
1249.07
1245.02
1259.80
1231.91
1235.01
1233.10
25352.00
1285.08
1248.12
1256.94
1251.94
1260.04
25354.86
1271.96
1269.10
1266.00
1288.89
1266.00
29319.05
1301.05
1289.13
1261.00
1230.00
1234.05
29276.13
1297.95
1268.86
1257.18
1256.94
1245.02
1250.03
25351.05
1270.06
1247.17
9335.99
1271.96
1250.98
1257.90
1263.14
1249.07
21315.10
1298.19
1244.07
1256.94
1250.98
1244.07
1249.07
1252.17
1245.02
1241.92
25357.01
1261.95
1251.94
1259.09
1250.98
1246.93
1242.16
1216.89
1218.08
21279.10
1254.08
1221.90
1230.96
1227.14
1230.96
1231.91
17379.05
1278.88
1266.00
9392.02
1278.16
1255.04
9349.11
1245.98
1240.97
1243.11
1242.16
1240.02
25285.01
1302.00
1277.92
1274.82
1220.94
1219.99
33270.84
1324.89
1290.80
1283.88
1260.04
1261.00
1255.99
25359.87
1255.99
1250.98
1264.81
1257.90
1250.03
25372.98
1266.00
1251.94
1247.88
1266.96
1271.96
18991.95
1295.09
1296.04
1250.98
1241.92
25314.81
1294.85
1271.96
1267.19
1233.10
1233.10
1250.03
1240.02
1250.98
1251.94
25362.97
1275.06
1258.13
1265.05
1257.18
1244.07
1257.90
1250.98
1274.11
25315.05
1285.79
1257.90
1271.01
1271.01
1263.14
25316.00
1272.92
1242.16
1234.05
1266.96
1260.04
1261.95
25346.04
1249.07
1237.15
1250.03
1237.15
1240.02
25336.98
15367.03
1317.02
1267.91
1286.98
1222.85
1240.97
1231.19
25397.06
1280.07
1270.06
1258.13
1216.89
1222.85
1225.95
1228.09
1221.18
25289.06
1264.10
1230.00
1243.83
1271.96
1266.96
1258.85
13357.88
1257.90
1250.03
1269.10
1245.98
1246.93
25372.98
1257.90
1266.96
1240.02
1219.99
1225.95
25291.92
1305.10
1263.14
1279.12
1265.05
1253.13
25282.14
1307.96
11080.98
1285.08
1261.95
1271.01
1271.96
1251.94
17306.09
1327.04
1263.86
1257.90
1267.19
1260.04
1255.04
29368.16
1266.96
1255.04
1287.94
1285.08
1262.90
1270.06
1260.04
1258.13
19757.03
1268.86
1245.98
1249.07
1249.07
1255.99
1250.03
1245.02
25355.10
1250.98
1250.03
1249.07
1242.88
1245.02
25356.05
1264.10
1252.89
1255.99
1245.98
1242.88
25328.87
1264.81
10768.89
1292.94
1271.96
1266.96
1256.94
1252.17
1257.90
1268.86
1255.04
1242.88
25331.97
1230.00
1223.80
1230.00
1223.09
1220.94
1209.02
1230.00
1237.15
29295.92
1265.05
1225.95
1225.95
1245.98
1269.10
1255.99
33371.93
1276.02
1277.92
1280.78
1271.01
1271.96
25372.03
1284.12
1265.05
1270.06
1261.00
1264.10
25330.07
1249.07
1220.94
1228.09
1223.09
1218.80
1221.90
21363.97
1291.04
1271.01
1212.12
1224.99
1224.04
17363.07
1272.92
1250.03
1258.13
1228.09
1224.99
29296.16
1307.96
1266.00
1275.06
1266.00
1264.81
16336.92
1307.01
1280.07
1278.16
1277.92
1269.82
1271.01
25381.09
1338.01
1295.09
1280.78
1281.98
1271.01
25293.83
1313.92
1265.05
1255.99
1267.91
1267.91
1272.20
25408.98
1318.93
1266.00
1255.04
1248.12
1241.92
17354.97
1283.17
1257.90
1263.14
1250.03
1244.07
37303.92
1316.07
1288.89
1287.94
1281.98
1283.17
25351.05
1321.08
1284.12
10123.01
1277.92
1263.14
1271.01
1266.00
1275.06
25351.05
1304.15
1278.88
1285.08
1295.09
1300.10
25361.06
1297.95
1266.96
1261.00
1267.91
1272.92
20802.97
1342.06
1291.99
1273.87
1280.78
1266.00
1260.04
9352.21
1284.84
1286.03
1270.06
1315.12
1289.13
29376.98
1325.85
1312.97
1292.94
1247.88
1258.85
25336.98
1337.05
1293.18
1304.86
1299.86
1300.81
25367.98
1331.81
1286.98
1279.12
1275.06
1273.16
25316.00
1312.97
1266.00
1255.04
1271.01
1270.06
1268.15
25403.02
1292.94
1309.87
1279.83
1281.02
1277.92
13404.13
1283.88
1281.02
1293.90
1295.09
1286.03
25393.01
1303.91
1296.04
1319.89
1292.94
1285.08
1290.08
1277.92
1286.03
25341.99
1332.04
1297.95
1282.93
1296.04
1307.01
13355.97
1298.90
1267.19
1265.05
1264.10
1254.08
1255.04
1285.08
1291.99
1287.94
33344.98
1272.92
1257.90
1266.96
1259.09
1268.15
1281.02
1302.96
1291.99
17416.00
1267.19
1251.94
1261.95
1248.12
1258.13
25325.06
1302.96
1277.92
1286.98
1276.97
1280.07
37362.10
1318.93
1281.98
1289.84
1275.06
1279.12
21338.94
1319.89
1289.84
1287.22
1249.07
1266.96
1265.05
25403.02
1274.11
1259.09
21244.05
1311.78
1308.92
1276.97
1270.06
1258.13
25373.94
1302.96
1296.04
1288.18
1501.08
1326.08
1332.04
1322.98
1272.92
25382.04
1275.06
1266.96
1287.94
1261.95
1268.15
1255.04
1286.03
1266.00
21337.99
1295.80
1273.87
1269.82
1266.00
1259.09
25316.00
1281.98
1234.05
1228.09
1223.09
1234.05
1230.96
25358.92
1262.90
1250.98
1251.94
1234.05
1233.82
25295.97
1244.07
1222.13
1219.99
1251.22
1251.94
1246.93
25342.94
1237.87
1239.06
1244.07
1255.04
1266.00
1262.19
1259.09
1255.04
25329.11
1286.03
1252.89
1245.98
1266.00
1289.13
1297.95
1265.05
1280.07
33345.94
1283.88
1258.85
1253.84
1263.86
1256.94
1247.17
25383.00
1279.12
1279.12
1293.90
1281.98
1281.02
25386.81
1267.91
1261.95
1242.16
1270.06
1261.00
21332.03
1311.06
1271.96
1281.02
1267.91
1274.82
17337.80
1294.85
1254.08
1250.98
1249.07
1243.11
1245.02
21351.10
1254.80
1242.88
1261.95
1253.13
1253.13
17379.05
1280.07
1272.20
1298.90
4490.85
1286.03
1276.97
1285.08
1338.96
1341.10
25376.08
1260.04
1258.13
1296.04
1276.02
1271.96
25378.94
1286.03
1282.93
1300.81
1284.84
1266.96
25344.13
4356.15
1291.99
1274.11
1294.14
1290.08
1297.95
33375.98
1254.80
1248.84
1250.03
1242.88
1250.03
21336.08
1262.19
1235.01
1237.15
1231.91
1223.80
1227.86
25374.89
1281.02
1255.99
1261.00
1244.07
1249.07
25362.97
1248.84
1236.92
1235.01
1273.87
1284.84
21319.87
1261.95
1241.21
1230.96
1230.96
1230.00
25259.97
1339.91
1269.82
1306.06
1230.00
16023.16
1254.08
1234.05
1254.08
1258.13
1249.07
25377.99
1281.02
1270.06
1276.97
1266.96
1290.08
1284.12
1281.02
1281.02
25357.01
1322.03
1276.02
1299.14
1270.06
1265.05
13327.12
1266.00
1241.21
1240.02
1229.05
1242.88
1243.11
25929.93
1240.97
1224.04
1262.90
1266.00
1272.92
25337.22
1250.98
1242.88
1244.78
1250.03
1242.88
25363.92
7708.07
1296.04
1266.96
9348.15
1286.98
1252.17
1249.07
1245.98
1241.92
21274.09
1340.87
1278.16
1276.97
1282.93
1276.02
1269.82
17389.06
1274.11
1273.87
1285.08
1281.02
1279.12
23222.92
1272.92
1245.02
1250.98
1242.88
1256.94
1241.92
1257.90
25372.03
1286.03
1286.98
1265.05
1238.11
1240.02
29314.04
1286.98
1248.12
1249.07
1210.93
1222.85
23220.06
1276.97
9302.85
1273.87
1250.98
1244.07
1257.90
1263.86
25311.95
1254.08
1227.14
1219.03
1238.11
1226.90
1230.00
1209.02
1257.18
1251.94
21322.01
1275.06
1240.02
1217.84
1240.02
1244.07
29300.93
1291.04
1273.16
1266.00
1264.10
1254.08
1251.94
17365.93
1263.86
1240.02
1256.94
1245.02
1240.02
25362.01
1307.01
1274.11
1272.92
1221.90
1228.81
25298.83
1278.88
3073.93
1247.88
1239.06
1244.78
1230.00
1224.99
17287.02
1258.85
1227.14
17239.09
1290.08
1232.15
1225.95
1241.92
1222.85
1228.81
25344.85
1282.93
1266.00
1266.96
1258.13
1261.00
17353.06
1268.15
1236.92
1245.98
1240.02
1244.07
21288.16
1339.20
1276.97
1273.16
1224.99
1226.19
1229.05
25352.00
1275.78
1268.86
1267.91
1235.96
1235.01
29311.90
1278.88
1243.11
1236.20
1233.82
1231.91
9281.16
1291.04
1243.11
1240.97
1261.95
1256.94
1246.93
21406.89
1277.21
1276.02
1255.04
1240.02
1227.86
25302.89
1309.87
1267.91
1271.01
1228.81
1227.86
25305.99
1312.97
1281.98
1271.01
1261.00
1255.99
1269.82
1282.93
1264.10
1279.12
25383.00
1297.00
1266.96
1270.06
1271.96
1271.96
1266.96
1261.00
1261.95
25327.21
1296.04
1264.10
1287.94
1276.02
1265.05
9317.16
1301.05
1287.94
1273.87
1266.00
1283.88
21325.83
1291.99
1273.16
1276.02
1258.13
1253.13
1254.08
17355.92
1236.92
1226.90
1235.96
1221.90
1225.95
1227.14
1271.01
1291.04
25346.99
1261.00
1237.15
1240.97
1261.00
1252.89
1255.99
1263.14
1241.92
1240.97
25365.11
1250.98
1256.94
1265.05
1261.95
1266.96
1250.03
1238.82
1253.84
33324.96
1295.09
1247.88
1261.00
1243.83
1254.80
1251.94
1251.94
1248.12
1270.06
41368.01
1257.18
1247.88
1231.91
1261.95
1252.89
25367.02
1271.01
1257.18
1255.04
1286.98
1266.96
25328.87
1312.97
1286.03
1283.88
1273.16
1276.02
25336.98
1307.96
1266.96
1278.88
1276.97
1254.08
1270.06
17374.99
1281.98
1276.02
1279.83
1274.82
1267.91
25383.00
1261.00
1247.88
1244.07
1269.82
1264.81
1271.01
1266.00
1269.10
24824.14
1279.12
1261.95
1254.80
1285.08
1278.88
1266.96
13397.22
1281.02
1269.10
1295.09
1266.00
1260.04
25390.86
1279.83
1281.98
1275.06
1269.10
1286.98
25343.89
1302.00
1271.01
1249.07
1274.11
1268.15
33324.96
1291.04
1274.11
1264.10
1264.10
1250.98
1247.88
25356.05
1258.85
1238.82
1252.89
1238.82
1240.97
1255.99
1223.80
1227.86
25289.06
1302.00
1271.01
1266.96
1262.19
1255.04
9617.09
1286.98
1266.00
1255.99
1240.02
1243.83
25279.05
1324.89
1273.87
1278.16
1258.13
1252.89
1250.98
25380.13
1281.02
1259.09
1291.04
1262.19
1256.94
29359.10
1279.12
1269.10
1272.92
1271.01
1267.91
25326.97
1293.18
1268.15
1281.98
1240.97
1256.94
21332.03
1274.11
1247.88
1241.92
1257.90
1242.16
1236.92
1258.85
1236.92
1232.86
17338.99
1280.07
1279.12
13345.00
1294.85
1266.00
1281.98
1271.01
1263.86
25335.79
1266.00
1232.15
1232.15
1236.92
1240.02
1238.82
25387.05
1295.09
1272.92
1274.82
1335.86
1266.00
21383.05
1260.04
1250.03
1252.89
1242.16
1248.12
25316.95
1309.87
1266.96
1292.94
1284.84
1281.02
1261.00
1235.01
1241.92
25293.11
1302.96
1251.94
1255.99
1219.99
1228.81
1230.00
1235.01
1226.90
1224.99
33303.98
1282.93
1250.03
1257.90
1232.86
1235.01
25285.96
1281.02
1245.02
1247.88
1255.04
1240.02
1255.04
25355.10
1240.97
1230.96
1230.00
1225.95
1229.05
29299.97
1282.93
1251.94
1255.99
1237.15
1245.02
21299.84
1311.06
1278.88
1277.92
1266.00
1257.90
1255.99
1219.99
1237.15
1232.15
25352.95
1280.07
1265.05
1253.84
1215.93
1224.04
1232.15
1232.15
1228.09
37276.98
1294.85
1247.88
1235.96
1242.88
1235.01
1229.05
25371.07
1248.12
1235.01
1255.99
1249.07
1245.02
25308.13
1275.78
1249.07
1261.95
1245.98
1250.98
25305.99
1301.05
1252.89
1239.78
1267.91
1246.93
1263.14
1256.94
1242.88
1247.17
25366.07
1295.09
1275.06
1269.10
1237.15
1231.91
1242.88
1240.97
1239.06
29294.01
1331.81
1262.90
1244.78
1250.03
1246.93
1240.97
25383.95
1272.92
1276.02
1281.98
1269.10
1270.06
25377.04
1300.10
1271.96
1276.97
1271.01
1269.10
25322.20
1261.95
1227.86
1235.96
8239.03
1251.94
1243.11
1248.12
1243.11
1242.88
25292.87
1291.04
1254.08
1250.98
1265.05
1269.82
1276.97
1269.10
1249.07
1266.00
25377.99
1285.08
1270.06
1276.97
1255.99
1246.93
17328.02
8201.12
1269.10
1260.04
1266.00
1255.99
1261.95
25326.97
1316.07
1274.11
1286.03
1265.05
1269.82
25326.97
1259.09
1225.95
1222.85
1267.91
1276.97
1271.01
22742.99
1237.87
1266.00
1236.92
1236.92
1259.09
1252.17
1245.02
21331.07
1259.80
1241.92
1242.16
1219.03
1224.99
1230.00
1235.96
1235.96
1239.06
25355.10
1263.14
1251.94
1291.04
1248.84
1267.91
25340.08
15884.88
1286.98
1255.04
1245.02
1266.96
1265.05
25326.97
1267.91
1239.06
1240.02
1232.86
1225.95
1217.13
25336.98
1244.07
1225.95
1236.92
1224.04
1237.87
14983.89
1276.02
1259.09
1239.06
1245.02
1248.12
1243.11
1238.11
17306.09
1310.11
1277.92
1277.92
1281.02
1271.01
1275.06
1261.00
1281.02
1271.96
25372.03
1250.03
1247.88
1259.80
1248.84
1257.18
25371.07
1283.88
1283.88
1252.89
23545.03
1289.84
1255.04
1266.96
1261.00
1276.02
1256.94
25374.89
1271.01
1261.95
1252.89
1254.80
1252.89
25370.84
1294.85
1278.88
1268.86
1232.86
1227.86
1241.92
1238.11
1235.01
21298.89
1309.16
1271.96
1280.07
1208.07
1230.00
1222.85
21378.04
1259.09
1267.91
1266.00
1260.04
1274.11
29380.08
1261.00
1252.89
1252.89
1244.07
1251.22
29337.88
1302.00
1282.93
1278.88
1268.86
1263.86
25326.01
1306.06
1272.92
1271.01
1269.10
1261.95
1263.86
37379.03
1266.00
1258.13
1263.14
1255.99
1217.13
25335.07
1286.03
1266.96
1271.01
1265.05
1262.90
21333.22
1302.96
1271.96
1271.96
1256.94
1260.04
1266.00
1259.09
1266.96
25299.79
1342.06
1276.02
1260.04
13371.94
1273.87
1267.91
1261.00
1251.94
1255.04
1262.90
1264.10
1250.98
25312.90
1282.93
1270.06
1264.10
1250.03
1249.79
1250.98
1250.03
1269.10
25284.05
1337.05
1268.86
1276.02
1292.94
1269.10
1281.98
21374.94
1255.99
1245.98
1245.02
1257.18
1245.98
37361.86
1258.85
1247.88
1260.04
1245.02
1251.94
25319.81
1261.00
1237.15
1239.06
1217.13
1230.00
1221.18
21327.02
1239.06
1226.19
1234.05
1224.99
1222.85
17286.06
1286.98
1250.03
1250.98
1258.85
1245.02
25303.84
1288.89
1261.95
1263.14
1226.90
1233.82
1226.90
1248.84
1251.94
1243.11
24230.96
1281.02
1245.02
1248.12
1255.04
1245.02
1249.07
33316.14
1305.10
1258.13
1273.16
1257.90
1250.98
25319.10
1291.99
1251.94
1256.94
1267.91
1271.01
1262.90
20419.84
1276.97
1272.92
1291.04
1271.01
1264.10
1265.05
25373.22
1276.97
1262.19
1279.12
1264.10
1261.95
29366.02
1236.92
1233.82
1232.86
1235.01
1229.05
21301.03
1309.16
1290.08
1249.07
1240.97
1236.92
17291.07
1319.89
1261.00
1255.99
1235.01
1226.90
1232.15
1240.97
1235.96
1247.17
25321.01
1268.15
1251.94
1255.99
1251.94
1249.07
1244.78
1289.84
1278.88
25329.83
1312.02
1276.97
1273.16
1266.96
1278.88
1255.99
1234.05
1229.05
1223.09
29333.11
1235.01
1229.05
1230.00
1229.05
1227.86
1217.84
1234.05
1255.04
1250.03
33322.10
1248.12
1245.02
1260.04
1246.93
1244.07
25346.99
1254.08
1245.02
1253.13
1234.05
1227.14
1224.04
1218.08
1224.99
25262.12
1324.89
1245.02
1243.83
13385.06
1292.94
1288.89
1261.00
1250.03
1249.07
1250.98
1247.17
1244.07
25309.09
1271.01
1241.21
1224.04
1266.96
1286.03
1267.91
1265.05
1262.90
25300.98
1311.06
1294.14
1258.13
1271.01
1266.00
1260.04
21380.90
1271.96
1263.14
1268.15
1282.93
1271.96
25387.05
1288.18
1285.08
1291.04
1272.20
1297.95
29330.97
1299.14
1281.02
1275.06
1235.01
1235.96
1254.08
1245.98
1236.20
25254.96
1306.06
1238.11
1240.02
1253.13
1238.11
1235.96
1247.17
1281.02
1271.96
25331.02
1281.02
1240.97
1255.99
1240.02
1235.96
1228.09
1261.00
1251.94
1253.84
1272.92
1270.06
1278.16
29382.94
1266.00
1256.94
1255.99
1227.14
1226.90
25300.03
1297.95
1271.01
1271.96
1280.78
1260.04
13360.02
1252.17
1229.05
1220.94
1261.95
1266.96
1261.00
21341.09
1250.03
1235.01
1245.02
1232.15
1231.91
17344.00
1259.09
1250.03
1252.17
1245.02
1242.16
21312.95
1288.89
1253.84
1244.78
1256.94
1266.96
1281.02
1274.11
1260.04
1263.14
25367.02
1256.94
1241.92
1263.14
1248.12
1249.07
1265.05
1268.15
1253.13
33329.96
1284.12
1253.13
9309.05
1301.05
1275.78
1262.90
1266.00
1276.97
21318.91
1300.10
1250.03
1247.88
1271.01
1250.03
1255.04
1261.95
1250.98
1253.13
29381.04
1284.12
1270.06
1259.09
1221.18
1225.95
1232.15
1223.09
