1087.90
1078.84
1069.07
1072.88
1070.98
25186.06
1096.96
1065.02
1068.83
1057.86
1065.02
1055.96
1071.93
1069.07
1063.11
1069.07
25204.90
1145.12
1128.91
1121.04
1127.96
1125.10
1119.14
1100.06
1095.06
1108.88
25123.12
1113.18
1065.97
1068.83
1070.98
1070.98
1063.82
1069.07
1056.91
1060.01
1056.91
1065.97
25228.98
1129.87
1116.04
1109.12
1092.91
1096.96
1091.96
1090.05
24175.88
1073.12
1074.08
1055.96
1130.82
1139.88
1115.80
1134.87
1114.85
1119.85
25156.97
1158.00
1108.88
1137.02
1146.08
1136.06
1138.21
1146.08
1137.97
1130.82
1118.90
25212.05
1137.97
1119.14
1116.04
1096.01
1097.92
1120.09
1119.14
1119.85
1096.96
1104.12
21187.07
1118.18
1106.02
1110.08
1106.02
1103.16
1105.07
1118.90
1119.85
1124.86
25186.06
1166.11
1132.97
1114.85
1133.92
1118.18
1115.08
1106.02
1049.04
1060.01
1057.86
25095.94
1116.04
1090.05
1077.89
1086.95
1070.98
1071.93
1080.04
1076.94
1075.03
1081.94
25106.91
1139.88
1102.92
1101.02
1137.97
1099.11
1101.97
1105.07
1094.10
1108.17
1112.94
25286.91
1126.05
1111.98
1132.97
1106.98
1117.94
1123.91
1134.87
1132.01
1128.91
25169.85
1194.00
1142.02
1143.22
1099.82
1112.94
1105.07
1106.98
1109.12
1106.98
1116.99
25203.94
1093.15
1080.04
1072.17
1076.94
1060.96
1056.19
1050.95
1076.94
1089.10
1091.00
25156.97
1103.88
1068.83
1066.92
1070.02
1073.12
1061.92
1060.96
1119.14
1117.94
1133.92
25222.06
1128.20
1105.07
1115.08
1101.97
1117.94
1096.96
25156.97
1107.93
1094.10
1080.99
1087.90
1106.98
1110.08
1127.96
1116.99
1145.84
1128.91
29198.88
1090.05
1070.02
1065.97
1060.01
1055.96
1057.15
1062.87
1050.95
1052.14
1049.04
25141.95
1080.04
1059.06
1059.06
1069.07
1064.06
1048.09
1052.14
1058.10
1057.15
1051.90
25108.81
1142.02
1096.01
1092.91
1088.14
1052.14
1060.96
1064.06
1075.03
1067.88
1068.83
25112.87
1173.97
1135.11
1131.06
1088.14
1049.04
1055.00
1076.94
1059.06
1051.90
1054.05
25097.85
1112.94
1010.18
1131.06
1129.15
1126.05
1128.91
1122.00
1146.08
1148.94
1142.02
25224.92
1128.91
1113.18
1112.94
1137.97
1123.91
1099.82
1100.06
1109.84
1093.86
1051.90
21152.97
1081.94
1060.96
1075.98
1070.98
1069.07
1070.98
1075.03
1072.88
1070.98
1081.94
17191.17
1137.97
1119.14
1121.04
1053.09
1065.97
1061.92
1070.98
1055.96
1064.06
1058.10
25160.79
1080.04
1059.06
1065.97
1062.87
1063.11
1062.15
1065.97
1060.01
1632.21
25152.92
1154.90
1124.86
1118.18
1095.06
1049.04
1055.00
1051.90
1075.98
1051.90
1055.00
25084.97
1133.92
1105.07
1114.13
1115.08
1099.11
1101.02
1101.97
1106.02
1104.12
1099.11
25163.89
1234.05
1127.96
1142.02
1134.87
1123.19
1100.06
1115.08
1085.04
1097.92
1094.10
25231.12
1142.98
1138.93
1120.09
1057.15
1081.94
1087.90
1088.86
1082.90
1089.10
1079.08
25159.12
1075.98
1073.84
1082.90
1072.17
1076.94
1065.02
1079.08
1068.12
1061.92
1059.06
25151.01
1075.03
1055.96
1064.06
1055.00
1078.84
1058.82
14255.05
1109.12
1069.07
1084.09
1069.07
1075.03
1085.04
1086.95
1076.94
1080.04
25120.02
1152.99
1104.83
1101.97
1093.86
1095.06
1105.07
1102.92
1105.79
1101.02
1114.13
25244.95
1111.98
1099.11
1075.98
1094.10
1101.97
1098.87
1054.05
1063.11
1074.08
1065.02
25215.15
1142.98
1127.96
1102.92
1066.92
1058.10
1057.15
1073.12
24157.05
1158.00
1145.12
1153.95
1133.92
1137.02
1137.02
1144.89
1133.20
1127.96
25170.09
1182.79
1138.93
1116.04
1074.08
1066.21
1075.03
1065.02
1070.02
1062.87
1058.10
25102.14
1121.04
1074.08
1071.93
1073.84
1062.87
1056.19
1066.92
1066.92
1061.20
1065.97
25078.77
1175.17
1111.98
1101.97
1112.94
1090.05
1083.85
1077.89
1093.15
1075.98
1071.93
21191.12
1170.16
1131.06
1121.04
1137.02
1122.95
1135.11
1112.94
1054.05
1064.06
1055.96
25111.91
1135.83
1101.97
1101.02
1119.85
1101.02
1097.92
1088.86
1046.90
1050.00
1055.96
25109.05
1168.97
1146.08
1141.07
1153.95
1141.07
1141.79
1147.03
1142.98
1139.16
1140.12
1142.02
1093.86
1070.98
1076.94
1071.93
1077.89
1067.88
1066.92
1065.97
1060.01
1054.05
25164.13
1074.08
1059.06
1047.13
1054.05
1037.12
1071.93
1070.98
1075.98
1071.93
1075.03
21194.93
1092.20
1070.02
1079.08
1065.97
1062.87
1055.00
1044.99
1060.01
1053.81
1057.86
25141.95
1085.04
1064.06
1052.86
1065.97
1060.01
1052.14
1054.05
1059.06
1061.92
1060.01
25103.81
1112.94
1092.91
1082.18
1087.90
1072.88
1075.98
1091.96
1089.81
1077.89
1077.89
25111.20
1117.94
1086.95
1080.99
1091.96
1079.08
1091.96
1097.92
1088.14
1081.94
1086.00
25122.17
1092.91
1054.05
1050.95
1066.92
1055.00
1050.00
1050.95
1065.02
1053.09
1068.12
25125.98
1143.22
1106.98
1086.00
1131.06
1116.99
1119.14
1127.00
1113.89
1115.08
1114.13
29198.17
1088.14
1067.88
1070.98
1072.17
1068.12
1072.88
1075.03
1069.07
1067.88
1066.92
25101.90
1103.16
1075.98
1076.94
1091.00
1075.03
1078.84
1080.04
1071.93
1076.94
1069.07
25102.14
1163.96
1127.00
1131.06
1085.04
1113.18
1105.07
1112.94
1097.92
1096.01
1103.88
25198.22
1085.04
1065.02
1058.10
1066.21
1060.96
1060.01
1050.95
1075.03
1065.02
1064.06
25148.15
1123.91
1086.00
1085.04
1087.90
1083.14
1083.14
1089.10
1132.97
1114.13
1097.92
25178.91
1087.90
1061.20
1052.86
1062.87
1061.92
1061.20
1056.91
1071.93
1085.04
1101.97
25212.05
1121.04
1102.92
1118.18
1111.03
1101.97
1111.03
1111.98
1108.17
1100.06
1091.00
25202.04
1113.89
1094.82
1099.82
1083.85
1088.86
1090.05
1084.09
1090.05
1080.04
1077.18
25166.99
1084.80
1080.99
1087.90
1075.98
1074.08
1070.02
1075.98
1069.07
1065.97
1064.06
36170.01
1158.00
1106.98
1096.96
1091.00
1058.10
1060.96
1080.04
1089.10
1089.10
1092.20
25137.90
1122.00
1072.17
1066.92
1064.06
1152.04
1138.93
1144.89
1151.80
1145.84
1124.86
25179.86
1177.07
1131.06
1131.06
1144.89
1126.05
1127.00
1116.04
1115.08
1119.14
1142.02
23224.83
1086.95
1074.08
1072.17
1070.02
1075.98
1080.04
1075.98
1069.07
25166.99
1089.10
1072.88
1078.84
1071.93
1080.04
1071.93
1070.02
1072.88
1061.20
1067.88
25208.00
1137.02
1108.88
1108.17
1102.92
1092.91
1097.92
1098.16
1096.96
1093.15
1079.08
25214.91
1127.96
1115.08
1103.16
1105.07
1081.94
1057.86
1065.97
1054.05
1060.01
1058.10
25202.99
1132.01
1112.94
1111.03
1058.82
1054.05
1059.06
1069.07
1069.07
1065.02
1068.83
25178.91
1095.06
1077.89
1079.08
1068.12
1065.02
1059.06
1073.84
1055.96
1060.96
1055.96
25223.02
1137.97
1132.01
1126.05
1104.83
1097.92
1097.20
1111.03
1136.06
1141.07
25177.96
1178.03
1122.95
1113.89
1127.96
1104.12
1096.01
1084.09
1053.09
1060.01
1062.87
25128.84
1194.95
1150.13
1158.95
1152.04
1146.08
1152.04
1155.14
1151.08
1142.98
25174.14
1108.17
1066.92
1060.01
1055.96
1055.00
1058.10
1060.01
1132.97
1062.15
1054.05
1056.19
1101.97
1106.02
1098.87
1108.88
1098.16
1093.15
1095.06
25226.12
1101.97
1091.00
1089.10
1081.94
1084.80
1080.99
1070.02
1062.15
1063.11
1065.97
25182.01
1091.00
1070.02
1079.08
1068.12
1060.96
1067.88
1057.86
1078.84
1078.84
1081.94
25169.13
1083.14
1069.07
1060.96
1067.16
1063.11
1060.96
1055.00
1101.97
1100.78
1106.98
25230.17
1151.08
1132.97
1134.87
1127.96
1127.96
1125.81
1142.98
1132.01
1129.15
25161.98
1178.98
1124.86
1111.98
1122.95
1097.20
1093.86
1093.86
1088.86
1080.99
1079.08
25115.97
1107.93
1066.21
1065.97
1067.88
1065.02
1060.96
1059.06
1064.06
1057.15
1060.96
25102.85
1120.09
1064.06
1066.92
1061.92
1065.02
1064.06
1066.92
1069.07
1063.11
1059.06
1058.10
25156.02
1075.03
1064.06
1055.00
1112.22
1106.98
1099.11
1106.02
1106.02
1093.15
25125.98
1124.14
1074.08
1069.07
1057.86
1105.07
1101.02
1095.06
1115.08
1103.16
1111.98
25158.88
1152.99
1106.98
1114.13
1105.07
1092.91
1094.82
1086.00
1105.07
1108.17
1110.08
25144.10
1104.12
1066.92
1065.97
1070.02
1065.02
1062.87
1057.86
1098.87
1099.11
1097.20
25141.95
1102.21
1065.02
1056.19
1075.03
1059.06
1059.06
1057.15
1068.12
1059.06
1055.00
25087.83
1106.98
1065.02
1055.00
1063.11
1054.05
1054.05
1054.05
1071.93
1057.15
1060.01
1063.11
25192.98
1122.95
1120.81
1132.01
1124.14
1122.00
1117.94
1128.91
1136.06
1152.04
25174.86
1130.82
1097.92
1086.00
1044.99
1094.10
1097.20
1108.88
1108.88
1100.06
1106.02
25221.11
1136.06
1128.91
1116.04
1087.90
1094.82
1096.96
1124.14
1105.07
1086.00
1096.96
25141.00
1076.94
1066.92
1064.06
1116.04
1116.99
1119.85
1133.92
1115.80
1113.89
1114.13
25159.12
1086.00
1072.88
1070.98
1063.11
1055.00
1061.92
1065.97
1137.97
1143.93
25165.08
1116.99
1069.07
1065.97
1075.03
1070.02
1064.06
1066.21
1062.87
1072.88
1066.92
1057.15
25180.10
1088.14
1086.00
1082.18
1074.08
1071.93
1067.88
1057.15
1055.00
1067.88
1076.94
25226.12
1130.10
1119.14
1122.95
1115.80
1132.97
1112.94
1126.05
1116.99
1122.95
25166.99
1196.15
1156.09
1142.02
1135.83
1139.88
1128.91
1152.04
1132.97
1138.93
1141.79
25218.01
1135.11
1118.18
1112.94
1091.96
1069.07
1090.05
1110.08
1091.96
1104.12
25141.95
1160.86
1124.86
1138.93
1096.01
1060.01
1070.98
1080.99
1076.94
1078.13
1065.97
25110.01
1140.12
1089.10
1084.09
1085.04
1085.04
1083.14
1093.15
1116.04
1090.05
1080.04
25129.80
1171.11
1133.92
1138.93
1147.03
1150.13
1138.93
1121.04
1137.97
1145.12
1142.02
25244.95
1139.16
1126.05
1132.97
1123.91
1129.15
1127.00
1084.80
1049.04
1059.06
33087.97
1168.97
1129.87
1106.98
1116.99
1105.07
1105.07
1111.98
1082.90
1091.96
1089.10
25140.05
1172.07
1124.86
1122.95
1131.06
1127.00
1120.81
1122.00
1080.04
1086.24
1092.91
25210.86
1148.94
1140.12
1150.13
1142.98
1138.93
1143.93
1123.91
1111.98
1111.98
25148.15
1180.17
1147.03
1145.12
1147.03
1142.02
1141.07
1135.11
1083.85
1088.86
1131.06
25212.05
1141.07
1132.01
1139.88
1130.10
1131.06
1130.10
1106.02
1119.85
1104.83
1116.99
25162.94
1077.89
1071.93
1077.18
1068.12
1065.97
1066.21
1065.97
1069.07
1061.92
1064.06
25157.21
1081.94
1065.97
1070.02
1064.06
1071.21
1069.07
1073.12
1064.06
1056.91
1062.87
25166.03
1072.17
1064.06
1069.07
1068.12
1060.01
1067.16
1066.92
1070.98
1065.02
1062.87
25199.89
1135.11
1123.19
1126.05
1111.98
1111.98
1118.90
1116.99
1112.94
1106.02
1110.08
25151.01
1073.84
1060.96
1050.95
1056.91
1055.96
1059.06
1070.02
1062.15
1061.92
1064.06
25166.03
1090.05
1072.88
1074.08
1073.84
1073.84
1072.88
1079.80
1075.03
1071.93
1077.89
25165.80
1078.84
1072.88
1072.88
1070.02
1070.02
1065.97
1060.96
1080.04
1074.79
1067.88
25182.96
1142.98
1117.94
1127.96
1123.91
1130.10
1121.04
1113.89
1116.04
1122.00
25145.05
1182.08
1125.10
1122.95
1130.82
1119.85
1127.96
1131.06
1130.10
1120.09
1124.14
25193.93
1148.94
1121.04
1123.91
1132.01
1123.91
1125.81
1127.96
1124.14
1126.05
1122.95
22461.18
1101.02
1099.82
1061.92
1057.86
1061.20
1085.04
1058.10
1060.01
25080.92
1182.08
1125.10
1115.08
1122.95
1104.83
1108.88
1100.78
1124.86
1127.00
1135.11
25172.00
1188.04
1139.88
1138.21
1147.03
1136.06
1142.02
1119.85
1130.82
1119.85
1107.93
25201.08
1110.08
1086.00
1097.92
1085.04
1070.02
1076.94
1098.16
1107.93
1106.98
25126.93
1157.05
1117.94
1122.00
1122.00
1128.91
1130.10
1137.02
1138.93
1151.08
1152.99
25248.05
1153.95
1132.97
1087.90
1086.00
1085.04
1084.09
1098.16
1087.90
1088.86
1087.90
25205.14
1114.13
1102.92
1102.92
1101.02
1093.15
1098.16
1090.05
1094.10
1091.00
1098.16
25234.94
1170.87
1144.89
1135.83
1127.96
1127.00
1120.81
1138.93
1125.81
1122.95
25187.02
1188.99
1167.06
1144.17
1098.87
1111.03
1116.99
1110.08
1105.07
1105.07
1093.86
25252.82
1173.02
1139.88
1125.81
1077.89
1082.90
1079.80
1091.96
1067.16
1069.07
25103.09
1157.05
1106.98
1102.92
1109.84
1092.91
1080.99
1080.04
1147.03
1122.00
1111.98
25154.11
1156.09
1115.08
1107.22
1130.10
1153.95
1132.97
1137.97
1130.82
1132.01
1132.01
25207.04
1113.89
1100.06
1108.88
1116.04
1119.85
1127.96
1129.15
1131.06
1136.06
21234.99
1178.03
1137.97
1122.00
1104.12
1075.98
1071.21
1084.09
1077.89
1074.79
1080.04
25135.04
1171.83
1132.01
1137.97
1127.96
1110.08
1112.94
1112.94
1107.93
1102.92
1115.08
25180.10
1098.16
1073.12
1085.04
1075.03
1075.03
1074.79
1070.02
1136.06
1141.07
1132.97
25192.98
1101.97
1088.86
1093.86
1091.00
1088.14
1086.95
1076.94
1135.11
1141.07
25148.15
1183.03
1126.05
1127.96
1145.12
1142.02
1152.99
1152.99
1125.10
1127.00
1127.96
25199.17
1137.02
1111.98
1127.96
1116.04
1098.87
1101.02
1116.04
1110.08
1092.20
1099.11
25199.89
1112.94
1106.02
1124.86
1120.81
1106.98
1107.93
1112.94
1104.83
1110.79
33141.85
1187.09
1153.95
1141.79
1150.85
1138.93
1140.83
1144.89
1138.93
1088.14
1112.94
25220.87
1128.91
1111.98
1109.84
1106.98
1095.06
1087.19
1096.96
1068.83
1077.89
1069.07
25190.11
1093.86
1073.84
1083.85
1083.85
1078.84
1077.89
1073.84
1081.94
1094.10
1091.00
25178.91
1097.92
1069.07
1089.10
1080.99
1080.04
1075.03
1095.06
1083.14
1088.86
1096.96
25183.20
1120.09
1112.94
1122.00
1123.91
1121.04
1127.96
1143.93
1141.07
1155.14
25197.03
1156.81
1132.01
1132.01
1080.04
1076.94
1083.14
1080.99
1080.99
1085.04
1080.99
25189.16
1147.03
1132.97
1130.10
1125.10
1122.00
1130.10
1141.07
1145.12
1152.04
25212.05
1151.80
1101.02
1092.20
1106.02
1137.02
1147.99
1142.98
1137.02
1144.89
1147.03
25233.03
1152.99
1116.99
1116.04
1108.17
1113.89
1110.79
1103.88
1117.94
1126.05
1122.00
25194.88
1123.91
1111.98
1105.07
1098.87
1090.05
1087.90
1128.91
1137.02
1137.02
25187.02
1125.10
1085.04
1070.98
1089.10
1077.89
1075.98
1075.03
1080.04
1072.88
1071.21
25118.11
1142.02
1085.04
1075.98
1090.05
1078.13
1080.04
1086.00
1083.85
1080.99
1083.14
25121.93
1121.04
1091.96
1092.91
1120.81
1086.95
1090.05
1096.96
1095.06
1095.06
1099.11
25159.12
1115.08
1091.96
1091.00
1140.12
1146.08
1145.12
1142.02
1138.93
1137.97
1141.07
21183.97
1091.96
1081.94
1081.94
1088.86
1091.00
1094.10
1066.92
1115.08
1101.97
25120.02
1170.16
1125.10
1126.05
1122.00
1120.81
1128.91
1133.92
1104.12
1105.07
1107.93
25147.91
1140.83
1105.07
1096.01
1095.06
1081.23
1077.89
1081.94
1078.13
1080.04
1075.03
25133.85
1122.00
1082.90
1109.84
1096.01
1096.96
1111.03
1099.11
1100.06
1088.86
1091.00
25196.08
1125.10
1106.02
1109.84
1097.92
1093.15
1092.91
1074.08
1087.90
1086.00
1086.95
25210.86
1137.97
1127.96
1139.88
1140.12
1146.08
1150.13
1152.99
1160.86
1152.04
25187.02
1188.99
1147.03
1138.93
1162.05
1141.79
1160.86
1147.03
1162.05
1141.07
1145.12
29187.92
1138.93
1134.16
1130.10
1078.13
1077.89
1078.84
1089.10
1080.99
1082.18
25121.93
1168.97
1122.95
1126.05
1121.04
1090.05
1085.04
1088.86
1088.86
1096.01
1087.90
25141.00
1173.02
1139.16
1148.94
1128.91
1115.08
1116.04
1119.14
1120.09
1122.00
1112.94
25202.04
1096.96
1089.10
1101.97
1089.81
1083.85
1091.96
1097.20
1102.92
1096.96
1104.12
25172.95
1086.95
1084.09
1080.04
1099.82
1112.94
1091.00
1108.88
1096.96
1092.91
25097.85
1195.91
1150.85
1147.99
1194.00
1144.89
1144.89
1140.12
1142.98
1149.89
1135.11
1158.95
1148.94
1143.22
25184.87
1213.07
1158.95
1147.99
1156.09
1147.03
1151.08
1127.00
1093.86
1098.87
1098.87
25206.09
1138.93
1113.18
1127.96
1105.79
1110.08
1096.96
1133.20
1152.99
1147.03
25185.82
1152.04
1105.07
1106.02
1118.18
1111.03
1115.08
1126.05
1134.16
1141.07
1137.02
25218.01
1115.08
1091.00
1096.01
1086.95
1079.08
1080.99
1080.99
1081.94
1083.85
1086.00
25213.00
1164.91
1148.94
1160.14
1145.12
1145.12
1144.89
1156.81
1147.03
1147.03
25191.07
1191.14
1151.08
1147.99
1158.95
1140.12
1135.11
1143.93
1122.95
1127.96
1132.97
25205.14
1106.98
1096.96
1074.08
1129.15
1122.95
1132.01
1137.97
1121.04
1128.20
25175.09
1168.97
1127.96
1116.99
1124.14
1131.06
1129.15
1137.02
1122.24
1133.92
1118.90
25252.10
1152.99
1147.99
1147.03
1141.79
1137.97
1137.02
1129.87
1135.83
1147.03
25187.02
1158.95
1106.98
1111.98
1108.88
1101.02
1101.02
1095.06
1155.85
1161.81
1137.02
25228.98
1142.98
1104.12
1112.94
1093.86
1093.86
1086.00
1103.88
1096.01
1095.06
1096.01
25216.82
1127.96
1127.96
1143.93
1126.05
1126.05
1142.98
1137.97
1134.16
1153.95
25231.84
1177.79
1152.04
1127.00
1121.04
1116.99
1117.94
1127.00
1116.04
1109.12
1116.99
25240.90
1176.12
1152.99
1153.95
1150.13
1147.03
1155.14
1150.13
1147.03
1151.08
25233.03
1140.12
1108.17
1117.94
1073.84
1083.85
1076.94
1082.18
1070.98
1072.88
1074.08
25238.99
1138.93
1126.05
1118.90
1105.79
1102.92
1103.88
1112.22
1101.02
1100.06
25135.04
1159.91
1096.96
1090.05
1089.10
1091.00
1084.09
1079.08
1087.19
1073.12
1081.94
25149.11
1197.81
1145.84
1160.86
1150.85
1145.84
1145.84
1135.83
1072.88
1076.22
1070.98
25208.95
1130.10
1122.00
1124.14
1119.14
1113.89
1114.85
1116.04
1098.87
1108.88
1096.01
25227.07
1130.10
1085.04
1096.01
1096.01
1104.12
1102.92
1106.98
1117.94
1121.04
25171.04
1166.11
1120.09
1117.94
1087.90
1109.84
1114.85
1114.85
1096.01
1106.02
1091.96
29185.06
1145.12
1122.95
1111.98
1110.08
1098.16
1096.96
1102.21
1091.96
1071.93
1076.94
25193.93
1127.96
1101.97
1091.96
1096.96
1101.02
1096.96
1102.21
1096.96
1096.01
1078.84
25184.87
1099.82
1106.98
1094.10
1141.07
1136.06
1137.02
1147.99
1142.98
1132.97
25182.01
1134.87
1096.01
1086.95
1143.93
1137.97
1137.97
1141.07
1139.16
1133.92
1127.00
25218.01
1100.06
1094.82
1122.95
1105.07
1099.11
1150.13
1138.93
1101.02
1101.97
25152.92
1144.89
1084.09
1081.94
1096.01
1075.03
1075.98
1075.03
1103.16
1125.10
1117.94
25169.85
1137.02
1100.06
1092.20
1101.97
1093.15
1092.91
1092.91
1090.05
1096.96
1090.05
21137.95
1182.08
1145.12
1139.16
1152.04
1142.02
1140.12
25202.04
1152.99
1131.06
1131.06
1130.10
1113.89
1103.16
1101.97
1084.80
1083.85
1090.05
25181.06
1111.03
1089.10
1082.18
1079.08
1083.14
1077.89
1075.03
1073.12
1070.02
1075.03
25206.80
1142.98
1136.06
1126.77
1103.88
1097.92
1094.82
1106.02
1106.98
1098.16
25135.99
1142.02
1109.12
1111.03
1131.06
1124.14
1127.00
1125.10
1132.01
1118.90
1132.01
25204.90
1169.92
1144.17
1134.87
1132.97
1116.04
1119.14
1134.16
1113.89
1112.94
1119.14
25218.01
1129.87
1116.04
1117.23
1101.97
1106.02
1083.85
1101.97
1089.10
1091.96
25122.88
1185.89
1132.01
1136.06
1149.89
1134.87
1132.01
1147.03
1141.07
1155.14
1142.98
25238.04
1128.91
1123.91
1112.94
1163.96
1152.04
1147.99
1151.08
11949.06
1120.81
1091.96
1103.16
1090.05
1084.09
1079.08
1070.98
1080.04
1077.89
1078.84
25233.98
1143.93
1135.11
1161.10
1156.09
1163.96
1140.83
1148.94
1142.98
1142.02
25200.13
1174.93
1135.83
1086.00
1101.02
1096.96
1098.87
1081.94
1116.04
1107.93
1120.09
25230.17
1101.97
10058.88
1168.01
1123.91
1123.91
1116.99
1131.06
1142.98
1152.99
1142.02
1138.93
1140.83
25231.84
1106.02
1090.05
1098.16
1088.86
1086.95
1083.14
1066.92
1098.87
1096.96
1092.20
25166.99
1077.89
1058.10
1080.04
1066.92
1067.16
1064.06
1071.93
1070.98
1064.06
1068.12
25158.17
1085.04
1068.12
1065.97
1069.07
1061.92
1062.87
1065.97
1130.10
1122.95
1108.17
25208.00
1104.12
1098.16
1111.98
1092.20
1090.05
1090.05
1078.13
1079.08
1082.18
1070.98
25150.06
1086.00
1069.07
1059.06
1131.06
1129.87
1126.05
1130.82
1119.85
1122.00
1128.91
25161.03
1095.06
1075.03
1079.08
1070.98
1066.92
1070.98
1075.03
1069.07
1073.12
1074.08
25164.13
1086.00
1070.98
1054.05
1065.97
1066.21
1065.02
1080.04
1062.15
1071.93
1070.98
25161.03
1080.04
1070.02
1073.84
1071.93
1066.92
1059.06
1080.99
1075.03
1071.93
1076.94
33223.15
1132.01
1124.86
1148.22
1128.91
1122.95
1122.00
1123.91
1128.91
1133.92
25164.84
1158.00
1106.98
1103.88
1111.98
1100.06
1099.11
1096.01
1116.04
1128.20
1125.10
25216.10
1138.93
1132.97
1132.97
1132.97
1110.08
1100.06
1110.08
1090.05
1091.00
1093.86
25202.04
1112.94
1083.85
1103.88
1075.98
1083.14
1082.90
1081.94
1073.12
1064.06
1068.12
25172.95
1082.90
1085.04
1086.95
1082.90
1083.14
1075.98
1083.14
1079.08
1078.13
1077.89
25171.04
1081.94
1079.80
1080.99
1079.08
1085.04
1075.03
1063.82
1092.91
1096.01
1096.01
25244.95
1173.97
1151.08
1158.95
1152.04
1147.99
1126.05
1075.98
1081.94
1085.04
25139.81
1152.99
1110.08
1099.11
1158.00
1119.85
1125.81
1134.87
1139.88
1142.98
1151.08
25198.94
1099.11
1089.10
1093.86
1096.96
1102.21
1102.92
1113.89
1145.12
1142.02
25187.97
1150.13
1121.04
1104.12
1114.13
1100.06
1101.02
1104.83
1071.93
1091.00
1086.95
25131.94
1161.10
1118.90
1123.91
1130.82
1134.87
1128.20
1127.96
1145.12
1137.97
1128.91
25182.01
1102.92
1088.86
1084.09
1077.89
1079.08
1075.98
1086.00
1074.08
1076.94
1070.02
25187.02
1100.06
1100.06
1110.08
1096.01
1103.88
1091.96
1111.98
1096.96
1116.99
25149.82
1179.93
1142.98
1146.08
1143.93
1134.87
1119.85
1122.95
1120.09
1114.13
1111.98
25204.18
1145.12
1120.09
1132.97
1155.85
1143.93
1139.16
1163.96
1158.00
1149.89
22609.95
1158.00
1101.02
1106.02
1092.91
1075.98
1078.84
1089.81
1090.05
1087.90
25183.92
1119.14
1137.02
1167.77
1143.93
1150.85
1149.89
1152.04
1132.97
1137.97
25166.99
1195.91
1145.12
1142.98
1144.89
1139.88
1134.87
1143.93
1141.07
1139.16
1139.88
25189.88
1096.01
1081.94
1077.89
1075.98
1084.80
1081.94
1091.96
1095.06
1080.04
1070.98
17227.89
1151.08
1135.11
1155.14
1142.02
1142.02
1146.79
1158.00
1141.07
1141.07
25178.91
1106.98
1065.02
1059.06
1062.87
1056.91
1056.91
1057.15
1050.00
1070.02
1072.17
25111.91
1190.90
1129.87
1122.00
1083.85
1093.86
1103.88
1096.96
1106.02
1099.82
1097.92
25149.11
1151.80
1104.83
1117.94
1061.20
1070.02
1070.02
1075.03
1072.88
1068.83
1070.98
25130.03
1168.97
1122.95
1120.81
1081.94
1060.96
1062.87
1066.92
1063.11
1060.96
1056.91
25109.05
1137.97
1089.10
1096.01
1088.86
1082.90
1071.21
1066.92
1059.06
1060.96
1062.87
25105.95
1121.04
1085.04
1070.02
1086.00
1076.94
1077.18
1094.10
1071.93
1067.88
1072.88
25130.03
1127.00
1080.99
1073.84
1087.90
1056.91
1059.06
1057.86
1072.17
1059.06
1061.92
25099.99
1107.22
1062.87
1055.00
1072.17
1059.06
1064.06
1064.06
1065.02
1063.11
1062.15
25085.93
1113.89
1071.93
1075.98
13117.07
1152.04
1101.02
1101.97
1112.94
1101.97
1105.07
1094.10
1059.06
1067.16
1064.06
25125.98
1159.91
1119.85
1137.97
1142.02
1127.00
1126.05
1137.97
1132.01
1132.97
1127.00
25156.97
1075.03
1063.11
1072.17
1060.01
1061.20
1059.06
1063.11
1059.06
1059.06
1058.10
25161.98
1075.03
1059.06
1061.92
1059.06
1061.92
1060.01
1060.01
1059.06
1060.01
1055.96
25166.03
1146.08
1126.05
1121.04
1055.96
1060.01
1058.10
1068.12
1065.02
1057.15
1086.00
25204.18
1141.07
1129.15
1132.97
1075.03
1082.90
1076.94
1082.18
1078.84
1075.98
1077.18
25177.96
1127.00
1096.96
1100.06
1101.02
1087.90
1089.10
13191.22
1083.14
1065.97
1068.12
1075.03
1058.82
1066.92
1062.87
1063.11
1062.15
1061.92
25095.94
1109.12
1074.08
1067.16
1071.93
1064.06
1061.92
1072.88
1071.93
1065.02
1065.97
25108.10
1121.04
1082.18
1075.98
1082.90
1063.11
1075.98
1071.93
1084.09
1073.12
1065.02
25110.01
1141.07
1106.02
1099.11
1065.97
1060.01
1068.12
1069.07
1074.08
1069.07
1070.98
25106.91
1137.02
1101.02
1105.07
1077.18
1058.10
1061.92
1053.81
1076.94
1063.11
1068.12
25098.09
1132.01
1078.84
1067.88
1072.88
1060.01
1055.96
1055.96
1077.89
1063.11
1062.15
1061.92
25152.92
1081.23
1061.92
1068.83
1063.82
1065.02
1069.07
1060.96
1072.17
1071.93
1044.99
25207.04
1098.16
1093.15
1096.01
1091.96
1087.90
1086.95
1089.10
1059.06
1065.97
1063.11
25242.09
11869.19
1126.05
1115.08
1102.92
1106.02
1092.91
1087.90
1112.94
1084.09
1100.06
1078.13
25172.95
1101.02
1089.10
1099.11
1090.05
1078.13
1082.90
1086.95
1083.14
1082.90
25107.86
1127.00
1086.95
1077.89
1075.98
1071.93
1065.97
1069.07
1073.12
1064.06
1058.10
1059.06
25201.08
1131.06
1099.11
1094.10
1092.20
1070.98
1065.02
1086.95
1068.12
1065.97
1076.94
1080.04
1079.08
1064.06
25103.81
1125.10
1089.10
1080.99
1088.14
1096.01
1094.82
1122.00
1109.12
1105.07
1122.00
25197.03
1140.83
1114.85
1113.89
1137.97
1111.98
1110.08
1100.78
1051.90
1059.06
1086.00
25237.08
1158.00
1150.85
1170.87
1149.89
1149.18
1128.91
1084.80
1086.00
1080.99
25118.83
1139.88
1100.06
1091.00
1088.14
1095.06
1106.98
1106.02
1107.93
1101.97
1094.10
21146.06
1205.92
1152.99
1142.98
1152.99
1141.07
1138.93
1145.84
1142.02
1133.92
1137.02
25238.99
1150.13
1145.12
1139.88
1154.90
1152.99
1154.90
1152.04
1144.89
1143.93
25246.14
1168.01
1148.94
1157.05
1150.13
1143.93
1150.85
1158.00
1148.94
1147.03
25194.88
1124.86
1082.90
1078.84
1096.96
1089.10
1091.00
1093.15
1099.11
1098.87
1096.01
25151.01
1181.84
1151.80
1160.86
1102.92
1111.98
1110.08
1125.10
1110.08
1103.88
1095.06
25233.98
1143.22
1133.92
1111.03
1076.94
1074.79
1077.89
1094.10
1083.14
1083.14
1084.09
25232.08
1142.98
1145.84
1139.88
1122.95
1122.00
1120.81
1147.99
1144.17
1141.07
25223.97
1139.88
1122.00
1127.96
1111.98
1111.98
1108.17
1087.90
1098.87
1111.98
1100.06
25192.98
1090.05
1158.95
1166.82
1148.94
1149.18
1147.99
1156.81
1147.03
1146.08
25186.06
1192.09
1155.14
1147.99
1152.99
1128.91
1075.03
1086.95
1086.95
1075.03
1080.99
25202.04
1124.14
1112.94
13145.92
1149.89
1123.91
1114.85
1138.93
1128.20
1117.94
1115.80
1114.85
1111.98
1120.09
25211.10
1125.10
1118.18
1116.04
1111.03
1111.98
1111.98
1123.19
1115.08
1115.08
1113.18
25223.02
1149.18
1121.04
1145.12
1123.91
1115.80
1116.04
1127.96
1101.97
1100.06
25149.11
1173.97
1146.08
1122.95
1108.88
1100.06
1099.82
1125.81
1116.99
1115.08
1117.94
25233.98
1163.01
1144.89
1139.88
1065.97
1070.02
1074.08
1079.08
1074.08
1076.22
1072.88
25219.92
