986.10
986.10
986.10
972.03
966.07
965.83
957.01
937.94
948.91
948.19
944.85
948.91
936.03
931.98
937.94
17056.94
979.19
957.01
963.93
948.91
950.81
941.99
951.05
959.16
941.04
957.01
936.99
956.06
942.95
957.97
943.90
947.95
21090.98
1022.82
1004.93
1010.89
1008.03
1024.96
1015.90
1006.84
1007.80
1003.98
1008.03
999.93
1012.09
1011.13
1008.03
17048.84
1049.04
1024.01
997.07
990.15
999.93
1008.03
1003.98
1004.93
995.87
998.02
991.82
1013.99
998.97
997.07
996.11
17046.93
1050.95
1002.79
1012.80
1024.96
1020.19
1018.05
1008.99
1017.81
1020.91
1012.80
1011.85
1015.90
1020.19
1007.08
1009.94
17123.94
1023.05
1021.86
1011.13
1026.15
1003.03
1003.98
1014.95
1019.95
1005.89
1007.08
1022.82
1001.83
995.87
990.87
17010.93
1011.85
957.01
947.00
952.01
963.21
963.93
972.03
968.93
984.19
998.02
990.15
992.06
998.97
1017.09
998.02
1003.98
17117.98
1022.82
1008.03
1006.13
1034.02
1028.06
1003.98
1017.81
1004.93
1012.80
1008.03
1008.99
1008.03
1010.89
1009.94
17045.97
1020.91
964.88
965.12
959.16
950.10
947.00
947.95
956.77
958.92
957.97
962.02
961.07
973.94
972.03
969.17
978.95
17100.81
977.99
962.97
963.93
963.21
2263.07
1004.93
994.92
985.15
977.99
977.04
976.09
966.07
965.12
953.91
17059.80
1029.97
1013.04
1007.08
1017.09
1013.04
1003.98
1006.13
1017.09
1013.04
1015.90
1013.04
971.08
957.01
948.19
942.95
960.83
957.01
960.11
952.96
961.07
962.97
963.93
974.89
971.79
975.85
972.03
978.95
970.84
955.82
975.85
982.05
982.05
993.97
997.07
986.81
1005.89
995.16
998.02
995.16
998.02
1011.13
993.01
1004.93
998.02
999.93
1001.12
991.11
1013.99
1008.99
1008.99
1008.03
1013.04
1010.18
1008.99
1005.17
1014.95
1007.80
1008.03
1008.03
996.11
1003.98
1003.03
1008.03
1008.99
1009.94
1006.13
1002.07
1013.04
1000.88
1006.13
1008.99
1008.03
1008.99
1002.07
1004.93
998.02
998.97
1006.13
1008.99
1006.84
998.97
1003.98
1002.07
1003.98
1005.89
993.97
992.06
957.97
1007.08
998.02
1000.88
1003.98
1008.99
992.06
1000.17
1013.99
1008.99
1014.95
1013.04
1001.12
935.08
944.14
961.07
967.98
970.84
977.99
980.85
988.96
976.09
989.91
988.01
993.97
994.92
988.01
993.01
994.92
944.85
944.85
947.00
955.10
966.07
963.93
972.03
972.03
990.15
880.96
988.01
993.01
993.97
978.95
972.03
967.03
947.00
937.94
947.95
952.96
964.88
962.97
972.99
980.85
981.81
983.00
986.10
981.09
987.05
1023.05
1022.10
1033.07
1035.93
1032.11
1024.01
1042.13
1037.12
1032.11
1039.98
1040.94
999.93
948.91
942.95
939.13
947.95
942.95
952.01
958.92
981.09
976.09
972.99
974.89
973.94
993.97
1007.80
999.93
1010.18
1015.90
1014.95
1008.99
1016.14
1012.09
1008.03
1018.05
1000.88
967.98
956.06
953.91
962.02
969.89
969.89
972.99
1002.07
980.14
988.01
982.05
997.07
994.21
998.97
996.11
17040.97
1075.03
1022.10
1022.10
1024.96
1013.99
1024.01
1024.01
1027.82
1011.85
1019.00
1019.00
1018.05
1024.01
1024.96
1021.86
4030.94
999.93
977.99
974.18
967.03
967.98
961.07
957.97
950.10
947.95
944.85
945.81
944.85
24982.93
1074.79
1039.03
1025.92
1044.99
1038.07
1028.06
1028.78
1030.92
1024.01
1019.95
1025.20
25128.13
1039.03
1026.15
1020.91
1016.86
1010.89
1003.03
994.92
997.07
974.18
966.07
961.07
17071.01
1002.79
980.85
969.89
977.99
962.02
955.10
956.06
948.19
940.08
940.08
948.91
949.86
969.89
959.16
948.91
16974.93
1063.82
1011.85
1010.89
1009.94
1011.13
1009.94
1009.94
1016.14
1012.09
1014.95
1014.95
998.02
975.13
960.11
957.01
28990.03
1027.82
983.95
976.09
969.17
965.83
957.01
950.10
952.01
946.04
942.95
944.14
948.91
25073.77
957.97
947.00
943.90
953.91
946.04
957.01
953.91
969.17
966.07
967.03
974.89
25038.96
982.05
955.10
952.01
953.91
951.05
961.78
961.07
968.93
953.91
969.17
976.09
25013.92
1016.86
965.83
959.87
959.87
958.92
949.14
946.04
946.04
956.06
954.87
955.82
972.99
25113.11
1032.11
1020.91
1019.95
1024.01
1016.86
1017.81
1019.00
1020.91
1019.00
1019.00
17044.07
1057.86
1014.95
1013.04
1020.19
1014.95
1015.19
1004.93
13387.92
1009.23
1001.83
995.87
985.86
984.91
980.14
979.90
999.93
997.07
1007.08
998.97
1013.04
1002.07
999.93
1005.89
17097.00
1000.17
983.95
989.91
999.93
990.87
983.00
994.92
1000.88
1016.86
1013.99
1014.95
13078.93
997.07
976.09
974.18
977.04
972.99
977.04
972.99
982.05
990.87
980.85
975.85
25066.85
991.82
977.99
973.94
980.85
968.93
971.08
975.13
965.12
954.15
958.92
964.88
25030.85
1061.92
1034.98
1032.11
1004.93
955.82
958.92
967.03
972.99
973.94
981.09
989.20
25037.05
1082.18
1055.00
1050.00
1001.83
941.99
952.96
960.11
972.03
970.84
977.04
978.95
25036.81
1041.89
1006.84
998.97
13048.17
991.11
988.96
986.10
986.10
992.06
993.01
988.96
1001.12
994.92
995.87
990.87
17069.10
1036.17
1014.95
1005.89
1013.99
1004.93
1002.07
1005.17
983.00
992.06
990.87
995.87
25109.05
1019.00
1002.07
998.02
1003.98
994.92
1003.98
998.02
1002.07
997.07
995.87
993.97
17108.20
1024.96
1007.08
1008.99
975.85
989.91
991.82
997.07
1013.99
998.02
1006.13
1007.08
1009.94
1003.98
1003.98
1011.13
17113.92
1027.11
1019.00
1024.96
1020.19
1024.01
1009.94
1006.84
996.83
990.87
991.82
1006.84
1003.03
1005.89
1001.83
17043.83
1064.06
1019.95
1016.86
1005.89
1012.09
1012.09
1007.08
1005.17
1003.03
996.11
998.02
986.10
988.01
997.07
988.96
17045.02
1032.83
988.01
977.99
974.18
977.99
967.98
972.03
967.03
963.93
964.88
964.88
980.85
969.89
977.99
968.93
17000.91
1032.11
977.99
969.89
983.95
973.94
979.90
983.00
970.84
1074.08
998.97
993.97
993.97
990.87
993.01
993.97
992.06
989.91
997.07
990.15
17021.89
1038.07
997.07
1008.99
1003.03
994.92
1004.22
998.02
1007.08
998.97
995.87
996.83
33038.85
1066.92
1013.99
1018.05
1008.99
964.88
962.02
954.87
943.90
978.95
1018.05
1014.95
1025.92
1022.10
1018.05
1016.14
17055.99
1083.14
1054.05
1046.18
1024.96
968.93
979.19
977.99
17028.09
1052.86
1012.80
1005.89
1008.99
1050.00
1055.00
1048.80
1050.95
1043.08
1044.99
1044.99
1045.94
1044.03
1042.13
17072.92
1008.03
954.87
956.06
956.06
963.93
961.07
966.07
972.03
1019.95
1003.03
996.11
989.91
1007.08
983.95
983.95
988.01
17074.82
1014.95
997.07
1000.17
1010.89
994.92
1003.03
993.97
1012.09
996.11
1006.13
1003.98
970.84
964.88
966.07
964.88
17102.00
1004.93
983.00
975.85
1007.80
1004.93
997.07
987.05
998.97
984.91
980.85
968.93
977.99
963.93
952.01
950.10
17147.06
962.02
952.01
947.00
955.82
951.05
952.96
964.16
957.97
974.18
990.87
989.91
991.82
1005.89
1003.98
989.91
17102.00
1067.16
1049.04
1041.17
978.95
947.00
957.97
962.97
972.99
968.93
969.89
976.80
13063.91
1030.92
1016.14
1012.09
1019.95
1013.99
1008.99
1013.04
1011.85
1012.80
1013.04
1003.03
25124.07
1054.05
1032.83
1044.99
1037.12
1037.12
1034.02
1039.03
1008.03
1006.13
1014.95
29042.01
1060.01
1015.90
1008.99
1008.99
1005.17
1004.93
1010.89
1016.14
1007.08
1012.09
1010.89
29069.90
1044.99
1003.03
1001.12
1009.94
999.93
1000.17
1002.07
1003.03
972.99
974.89
974.89
25049.92
988.96
962.02
956.06
961.07
963.93
969.89
977.99
976.09
970.13
972.03
972.03
984.91
975.13
972.99
983.00
17020.94
1012.09
963.21
952.01
952.01
957.97
956.06
959.87
963.93
1034.02
1039.98
1039.03
1043.08
1044.99
1046.90
1034.98
8857.97
1029.01
983.95
978.95
972.99
966.07
957.97
954.87
948.91
974.18
995.87
994.92
1001.12
17081.02
983.00
975.85
974.89
944.14
959.16
958.92
957.97
970.13
967.03
977.04
981.81
988.96
983.00
995.87
998.97
13098.00
1015.19
1004.93
994.92
1010.18
998.97
1000.17
998.02
1003.03
998.97
1004.93
1004.93
971.08
976.09
980.14
985.86
17113.92
991.82
980.85
967.98
962.02
1019.00
1020.91
1016.86
1025.20
1014.95
1020.91
1020.19
1019.95
1019.95
1013.99
1017.81
17074.82
981.81
967.98
964.16
960.11
952.01
950.10
940.08
995.16
1010.89
1008.99
1008.03
1013.99
998.02
996.11
1000.88
17055.99
960.83
953.91
952.01
962.02
966.07
967.98
971.08
985.15
989.91
992.06
992.06
991.11
977.04
982.05
982.05
17071.96
1026.15
1003.98
1007.08
983.00
999.93
998.02
1007.08
1013.99
1007.08
1008.99
998.02
1015.90
1001.12
1017.09
1007.08
17106.06
1013.99
1001.12
988.01
998.97
990.15
985.86
973.94
981.09
967.98
964.16
958.92
25053.98
976.09
965.12
957.97
25071.86
985.86
968.93
972.99
993.01
977.99
974.89
978.95
990.15
987.05
979.90
984.91
25050.88
1028.78
998.02
994.92
1003.98
998.97
1000.88
997.78
1000.88
970.84
972.03
979.90
21070.00
1019.95
997.78
993.97
990.15
981.09
976.09
972.03
17056.94
983.95
962.02
957.01
957.97
946.04
942.95
941.04
20983.22
1046.90
1010.89
999.93
1024.01
996.11
1007.08
995.16
1008.03
1006.13
1006.13
996.11
25029.90
1048.09
1011.13
994.92
1005.17
1008.99
993.97
1006.13
1007.08
999.93
999.93
1001.12
33100.13
967.98
953.91
947.00
947.95
1008.99
998.02
998.02
1013.04
1013.99
1010.89
998.97
17096.04
972.99
951.05
951.05
962.02
952.96
951.05
957.01
972.03
966.07
973.94
974.89
21006.11
1087.19
1035.93
1029.97
1012.09
955.10
957.97
962.97
978.95
979.90
981.09
976.09
25021.08
1053.81
1014.95
997.07
1005.17
999.93
992.06
1002.79
1005.89
994.92
997.07
998.97
25038.96
1042.84
1015.90
1008.03
1019.95
996.11
994.92
998.97
1007.08
1005.17
1003.98
1005.89
25063.99
1020.91
1005.89
997.07
1006.84
995.87
994.92
998.97
25113.82
1052.86
1019.95
1022.10
983.00
998.02
998.02
991.11
1012.09
1001.12
993.97
1000.88
25121.93
1039.98
1025.92
1000.88
988.96
984.91
986.81
993.97
1003.03
999.93
1001.12
1002.07
25115.01
1036.88
1017.81
1014.95
989.20
1002.07
993.01
1010.18
1008.99
992.77
993.01
25053.98
1095.06
1065.97
1044.99
1023.05
953.91
962.97
962.97
977.99
972.99
977.04
972.99
25022.03
1030.92
979.90
980.85
968.93
983.95
989.91
997.07
997.78
988.96
1008.99
1003.03
21037.10
1032.11
977.04
969.17
972.99
967.98
967.98
963.21
962.97
1011.13
1006.13
1012.09
25045.16
1033.07
987.05
979.19
982.05
972.99
968.93
971.08
970.13
997.07
990.15
989.91
32996.89
1062.87
1014.95
1012.09
1017.09
1016.14
1013.99
1012.09
1007.08
997.07
995.16
983.95
25013.92
1065.97
1010.89
1006.84
1019.00
1013.99
1016.14
1013.99
1002.07
975.85
963.93
962.02
16828.06
1078.84
1030.92
1024.01
1019.00
974.89
972.99
974.18
13000.01
1019.00
967.03
957.97
967.98
968.93
972.03
967.98
978.95
959.16
966.07
964.88
961.07
25118.11
1013.99
1001.12
1002.07
987.05
997.07
990.15
997.07
977.99
985.15
993.01
989.91
25089.03
1003.98
983.95
987.05
1003.98
983.00
994.21
977.99
969.17
971.08
959.87
962.97
981.09
962.02
962.97
972.99
974.89
974.18
970.13
971.08
979.90
973.94
975.13
962.02
962.02
958.92
947.95
949.14
951.05
943.90
952.01
947.95
947.95
979.19
981.09
988.96
989.91
997.07
990.15
993.97
999.93
1002.07
990.15
998.02
998.97
995.87
998.02
993.97
994.92
988.96
990.87
979.90
983.00
978.95
970.13
970.13
963.93
980.85
1003.98
1011.85
1013.99
1016.14
1008.99
1013.99
1009.94
1018.05
1008.99
1013.99
1011.13
989.91
999.93
1007.80
1013.99
1013.99
1015.19
1010.89
1019.00
1013.99
1014.95
1008.03
1027.11
1009.94
1004.93
992.77
993.01
987.05
987.05
980.14
17010.93
1050.00
1003.98
993.01
998.02
987.05
976.80
977.04
971.08
992.06
987.05
987.05
985.15
978.95
972.99
971.08
965.12
17051.94
980.85
970.84
962.02
970.13
953.91
953.91
952.96
957.97
1001.12
997.07
1001.12
998.97
1004.93
998.97
993.01
13093.95
962.97
956.06
953.91
956.06
949.14
952.01
944.85
957.01
961.07
957.97
964.16
967.98
1035.93
1038.07
1046.18
17110.82
973.94
957.97
952.01
957.01
948.91
956.06
952.01
958.92
961.78
967.03
962.02
973.94
1058.82
1065.02
1055.96
17072.92
1000.88
959.16
957.01
955.10
947.95
947.95
947.00
961.07
956.06
957.01
959.16
962.97
1064.06
1037.84
1046.18
17076.02
1013.99
959.87
951.05
952.96
952.01
947.95
947.00
952.96
967.03
955.10
957.97
969.89
1019.00
1023.05
1021.15
1019.95
17056.94
962.02
955.10
955.10
962.02
957.01
967.98
962.97
968.93
969.89
967.98
975.13
981.09
1011.85
1000.88
1003.98
17071.01
994.92
979.19
973.94
979.19
979.90
976.80
979.90
990.87
983.00
982.05
983.00
1005.17
1050.00
1048.09
1044.99
17109.87
972.03
950.10
954.87
957.97
952.01
957.97
953.91
982.05
963.93
954.87
963.93
966.07
1057.15
1061.92
1056.91
1060.01
1055.00
1055.96
1056.91
1063.82
1058.10
1056.19
1055.96
17081.98
986.10
974.89
963.93
1016.14
1023.05
1013.04
1013.04
1019.95
1016.14
1005.89
13223.89
1043.08
994.92
988.96
988.96
978.95
975.13
969.89
967.98
959.16
957.01
949.14
953.91
979.90
975.85
971.79
972.03
17082.93
983.00
977.04
974.18
979.90
971.08
967.98
977.99
978.95
983.00
983.95
987.05
1010.18
1019.00
1018.05
1016.14
17074.11
977.99
971.79
967.98
981.09
978.95
971.08
972.03
977.04
986.10
983.00
981.09
992.06
983.00
988.01
982.05
17070.06
1005.17
981.09
988.01
990.15
979.90
986.10
980.14
21109.10
994.92
977.04
972.99
957.97
997.07
986.10
998.97
996.11
988.01
986.81
997.07
33107.04
1022.10
1003.03
1005.89
1018.05
994.92
993.01
993.97
998.97
968.93
970.13
968.93
25082.83
1003.98
1069.07
1010.18
970.13
976.09
984.91
983.95
998.02
982.05
992.06
983.00
17123.94
1018.05
1008.03
1005.17
967.98
960.11
957.97
959.87
963.93
958.20
951.05
957.01
964.16
957.97
958.92
954.15
16999.96
1003.03
957.01
952.01
958.92
956.06
958.92
957.01
962.02
989.20
994.92
998.02
993.01
993.01
977.04
978.95
17007.11
1032.11
988.96
998.02
1003.03
992.06
993.01
988.01
980.14
997.07
997.07
993.97
998.97
996.11
994.92
993.01
17024.04
1056.19
1002.07
1002.07
1006.13
1055.96
995.87
984.91
1002.07
1000.17
998.97
994.92
995.16
998.02
992.06
994.92
17048.12
1075.03
1031.16
1023.05
1013.99
965.83
972.99
972.03
17035.01
1087.90
1039.98
1044.03
1047.13
1039.03
1044.03
1042.13
25139.09
1059.06
1047.13
1048.09
1044.03
1035.93
1048.09
1038.07
946.04
943.90
953.20
24965.05
1089.10
1024.01
1021.86
1024.01
1019.95
1024.96
1017.09
1001.12
954.87
947.00
944.14
24842.02
1042.13
978.95
965.83
968.93
976.09
971.08
966.07
963.21
25074.01
974.18
971.08
963.93
967.98
967.98
968.93
972.03
977.99
966.07
969.17
967.98
25071.14
982.05
966.79
967.03
979.90
972.03
967.03
967.98
970.84
966.07
971.08
969.89
25006.06
1029.01
995.16
987.05
981.09
977.99
981.81
983.95
981.09
979.19
974.89
972.99
25006.06
1018.05
989.91
986.10
995.16
988.01
987.05
985.86
993.97
993.01
991.11
991.11
25017.98
1040.94
1001.12
998.97
998.97
993.97
993.01
984.91
999.93
1002.07
993.97
997.07
25023.94
1044.99
1002.07
1008.99
997.78
1003.98
999.93
1000.88
1006.13
997.07
1002.79
998.97
25036.10
1044.03
1011.85
998.97
1009.94
999.21
1007.08
998.02
25043.01
1030.92
998.02
987.05
991.11
1008.03
1008.03
1009.23
1013.04
1009.94
1007.80
999.93
25105.00
988.96
992.06
983.00
984.91
977.99
986.10
988.01
1012.80
988.01
989.91
997.07
25096.89
995.87
982.05
974.89
962.97
995.16
1000.88
994.92
1010.18
1001.12
998.97
1002.07
25099.99
982.05
968.93
955.82
960.83
984.91
988.01
998.97
1001.12
993.97
990.87
996.11
25078.06
994.92
990.15
988.96
994.92
991.11
993.01
998.97
1001.12
995.87
996.83
990.87
25096.89
1012.80
990.87
996.83
1000.88
998.97
1006.13
1002.07
1004.93
999.93
1001.12
1003.98
25089.98
988.01
980.14
983.00
986.10
991.11
983.00
994.21
997.07
998.02
1002.07
994.92
25074.01
978.95
963.93
959.16
986.10
1002.07
993.01
991.11
1011.13
998.97
991.82
994.92
25099.04
1028.78
1011.85
1010.89
1015.90
997.07
1005.89
995.16
1005.89
998.02
998.97
995.87
25043.01
964.88
956.06
954.87
963.93
955.10
962.97
957.01
972.03
959.87
962.97
957.01
25067.09
988.01
962.02
956.06
965.12
961.07
962.02
959.87
967.03
963.93
965.12
967.03
25004.86
1051.90
1003.98
992.06
988.01
988.96
983.95
975.13
979.90
967.03
981.09
981.09
25024.89
1012.09
960.11
952.01
946.04
1060.01
1068.83
1070.02
1072.88
1066.92
1065.97
1071.93
25111.91
1042.13
1021.15
1016.14
1030.92
1016.86
1019.95
1024.01
1026.15
1020.91
1019.95
1016.14
17100.10
1019.95
1014.95
1008.99
1007.08
998.97
991.11
987.05
983.00
976.80
974.89
24987.94
1034.02
975.85
969.89
968.22
970.84
957.01
957.97
950.81
957.97
954.15
957.01
962.97
25067.81
988.01
979.90
975.85
977.99
983.95
977.04
988.01
997.07
973.22
976.09
974.89
25071.86
1018.05
995.87
993.01
1018.05
971.08
981.09
972.03
25077.10
1032.11
1019.00
1016.86
987.05
954.87
952.96
947.00
25045.16
975.13
956.06
957.01
965.12
1028.06
1022.10
1037.12
1043.08
1028.06
1034.98
1033.07
25103.09
962.97
958.20
952.01
968.93
1038.79
1050.95
1043.08
1050.00
1049.04
1044.99
29076.10
1052.86
995.87
979.19
984.91
974.89
972.99
972.03
965.12
25056.12
984.19
969.89
962.97
964.16
951.05
949.14
950.10
29077.05
1003.03
992.77
994.92
998.97
993.01
989.20
994.92
995.87
993.01
992.06
988.01
25106.19
1006.13
1003.98
1007.08
1018.05
999.93
993.97
995.87
1000.88
1001.12
996.11
995.16
25084.97
1012.80
1001.83
1013.99
998.02
992.06
999.93
25033.95
1036.88
987.05
985.86
985.86
988.96
981.09
992.06
983.00
974.89
975.85
963.93
963.93
25050.88
965.83
972.03
967.03
970.13
964.16
963.93
961.07
947.00
957.01
967.03
972.03
29106.86
1006.84
1004.93
998.97
1000.88
991.82
988.96
983.00
25076.87
1019.00
1008.99
1010.89
1017.81
1001.83
1005.89
1003.98
25101.90
1020.91
995.16
998.02
995.16
988.01
995.87
995.16
1003.03
993.01
994.92
992.06
25074.01
1004.93
998.02
1003.98
1000.17
997.07
997.07
1003.03
996.83
994.92
1000.17
25025.13
1068.12
1020.91
1021.86
1010.89
993.97
988.96
1001.83
17032.86
1041.89
988.96
983.95
988.01
962.97
961.07
947.00
24967.91
996.11
968.93
970.84
980.85
986.81
985.86
986.81
998.97
998.97
1002.07
1008.99
25041.10
1070.98
1018.05
1024.96
1039.98
1034.02
1034.98
1033.07
1011.85
994.92
988.01
989.91
990.15
990.15
994.92
994.21
17023.09
1060.01
1008.99
1001.83
999.93
991.82
987.05
977.99
970.13
977.99
977.99
983.95
983.95
977.04
975.13
979.90
17012.83
1008.99
950.10
962.97
960.83
965.83
952.01
948.91
958.92
966.07
964.88
964.16
971.08
954.87
983.00
972.03
981.09
17112.97
1014.95
997.78
993.01
13056.04
977.04
968.22
958.92
1027.82
1045.94
1060.01
1083.85
1081.94
1078.13
1077.18
25089.98
1033.78
1008.03
999.93
1008.03
1017.09
1018.05
1026.15
1048.09
1019.00
1021.15
1020.91
33126.83
1037.84
1022.82
1027.82
1040.94
1037.12
1032.11
1044.99
949.14
971.08
962.97
969.17
25118.11
1024.96
1017.09
1013.99
991.82
993.01
997.07
1002.07
1009.94
1046.90
1047.85
29081.82
1060.96
1019.00
1013.99
1019.00
1014.95
1008.99
1009.94
1010.18
1006.13
998.97
992.06
994.92
961.07
978.95
1010.89
17034.05
1050.00
1003.98
996.83
1001.83
974.89
966.07
967.03
963.93
953.20
948.91
956.06
959.87
962.02
966.07
972.03
16997.10
1024.01
962.97
957.97
947.00
960.11
951.05
948.19
952.01
1014.95
1060.01
1057.86
1054.05
1063.11
1054.05
1056.91
17081.98
1042.13
996.11
992.06
1003.03
991.82
988.96
1002.07
998.97
992.06
993.01
993.01
983.95
1028.06
1029.01
1025.92
17078.16
1038.07
998.02
996.83
970.84
1003.03
999.93
1003.03
999.93
1003.03
998.97
998.02
1006.13
998.97
998.02
998.02
17076.97
1050.95
1019.95
1023.05
1020.91
1016.86
1010.89
1023.05
954.15
1005.17
993.97
988.01
987.05
994.92
990.15
992.06
17117.02
1018.05
1008.03
1008.99
1017.09
1004.93
1003.03
1010.89
1009.94
1008.03
1006.13
1010.18
978.95
988.01
994.92
1002.07
13116.12
1018.05
1007.08
1008.99
1013.99
1008.99
1001.83
1014.95
1012.09
1011.13
1001.12
25036.10
1060.01
1018.05
1013.99
1018.05
1010.18
1012.09
1013.04
1013.04
1013.99
1005.89
999.21
25053.02
1097.20
1050.00
1050.00
1055.96
1049.04
1050.00
1048.09
977.04
947.95
948.91
945.81
25083.07
1062.87
1039.98
1039.03
987.05
971.79
963.93
973.22
977.04
967.03
967.03
967.03
25057.08
977.99
974.18
962.97
975.85
957.01
958.92
954.87
959.87
953.91
950.10
951.05
29001.24
1025.92
985.15
983.95
987.05
956.06
963.93
971.79
979.90
979.90
992.06
990.15
25027.04
1065.02
1019.95
1012.09
1024.96
1014.95
1011.13
1013.04
1022.10
1008.99
1008.99
1008.03
25046.11
1034.02
992.06
985.15
982.05
972.03
968.93
962.97
964.88
957.97
944.85
959.87
24996.04
1034.98
979.19
983.00
989.91
983.95
988.01
984.91
990.87
969.89
972.99
974.89
25019.17
1079.08
1031.16
1032.11
1028.06
962.02
977.04
980.14
993.97
988.96
988.01
994.92
25019.17
1047.13
998.02
1003.98
1004.93
1005.17
1003.98
999.93
1013.99
1006.84
1001.12
1012.09
25058.03
1024.01
981.09
977.99
975.85
962.97
961.07
957.01
951.05
941.99
941.99
939.13
950.10
29088.97
995.87
988.01
990.87
990.87
988.96
981.09
993.97
995.87
988.96
994.92
995.87
25073.05
999.93
989.91
1000.17
986.10
987.05
985.15
986.10
956.06
972.99
969.89
972.03
25098.80
1005.89
988.96
993.97
953.91
952.96
947.00
948.91
957.01
941.99
948.91
952.01
25048.02
969.17
957.01
946.04
950.81
949.86
944.85
941.99
952.01
947.95
946.04
945.09
24979.11
1018.05
954.87
948.19
952.01
958.20
946.04
942.95
941.99
956.06
947.95
951.05
948.91
29048.92
1008.03
998.97
1008.03
1039.03
1065.02
1060.01
1055.96
1061.92
1055.00
1058.82
25079.01
1090.05
1050.00
1043.08
1044.03
1040.94
1046.18
1039.03
1049.04
1037.84
1047.85
1049.04
992.06
945.09
947.00
952.01
17066.96
994.21
971.08
964.88
944.85
972.99
982.05
986.10
998.02
997.07
994.92
992.06
25043.01
1075.03
1044.99
1035.21
993.97
991.11
987.05
996.83
999.21
1000.88
998.97
990.15
25110.01
998.02
984.91
972.99
967.98
1017.09
1003.98
1006.84
1014.95
1006.13
1008.03
1001.83
25115.01
1026.87
1019.95
1021.15
1012.09
1001.12
988.96
990.87
995.87
980.85
972.99
967.98
25139.09
1048.80
1044.03
1037.12
981.09
974.89
967.03
966.07
958.92
957.97
945.09
940.08
25079.01
993.01
978.95
975.85
939.85
948.91
962.02
967.98
977.99
972.99
979.19
988.96
25094.99
1038.07
1029.97
1026.87
970.84
955.82
968.93
969.17
977.99
979.19
983.95
980.85
33123.97
1047.13
1039.03
1030.92
1044.99
1034.02
1035.93
1039.98
1031.16
1029.97
1032.11
25055.17
1085.04
1041.17
1033.07
1040.94
1030.92
1036.88
1035.21
1038.07
1034.02
1029.97
1035.93
25129.80
1045.94
1038.07
1029.97
1039.98
1034.02
1029.97
1034.98
1034.98
1032.11
1030.92
25058.98
1084.09
1034.02
1039.98
1034.98
1037.12
1034.02
1034.02
1041.89
1027.11
1034.98
1024.96
25125.03
1045.94
1027.11
1029.01
1043.80
1033.07
1028.06
1039.98
1030.92
1033.07
1032.11
25064.95
1080.04
1034.02
1032.11
1038.07
1029.97
1030.92
1031.16
1035.93
1031.88
1029.01
1030.92
25133.13
1048.09
1039.03
1034.02
1038.07
1032.11
1029.01
1035.93
1033.07
1030.92
1034.98
25069.00
1080.04
1034.02
1039.03
1033.07
1036.17
1040.94
1032.83
1041.89
1030.92
1029.97
1029.97
992.06
956.06
953.91
950.10
17022.13
975.13
952.01
952.01
971.79
965.83
966.07
963.93
972.99
972.03
970.13
970.13
977.99
980.14
979.19
982.05
17010.93
1060.96
1007.08
998.97
1015.19
1017.09
1018.05
1009.94
1010.18
964.88
980.85
972.99
978.95
973.94
970.13
982.05
17015.93
1024.01
985.15
973.94
973.22
965.83
953.91
952.01
944.85
952.01
942.95
939.85
953.20
1000.88
1006.84
1008.03
1011.85
17078.88
1004.22
993.01
995.87
998.02
993.97
992.06
998.02
996.83
1013.99
1023.05
1024.01
25073.05
982.05
975.13
967.03
1000.17
1031.88
1041.89
1050.00
1045.94
1054.05
1055.00
25084.97
1039.98
1019.00
1007.08
1015.19
1005.89
1010.89
1013.99
1013.99
1013.04
1011.85
1013.99
25058.98
1058.82
1019.00
1018.05
1022.10
1019.00
1017.09
1008.99
1019.00
1017.09
1013.04
1021.15
37116.05
1006.13
993.01
995.87
988.96
997.07
993.97
989.91
25109.05
1013.04
1014.95
1008.99
994.92
1002.07
988.01
1004.93
996.83
993.97
999.93
25014.88
1079.08
1033.07
1027.11
1013.04
983.95
993.01
992.06
993.97
957.01
958.92
948.91
943.18
944.14
947.95
951.05
956.06
17069.10
976.09
964.16
972.03
980.14
972.03
975.13
972.03
967.03
991.82
990.87
993.01
1013.99
996.11
1002.07
998.02
9098.05
988.01
985.15
977.99
983.95
973.94
976.09
977.04
954.87
1017.09
1010.18
1005.89
1008.03
1003.03
1006.13
998.02
17124.18
998.97
995.87
993.01
993.01
990.87
988.01
991.11
972.99
1007.08
1020.19
1008.03
25135.04
1031.16
1024.01
1019.00
1026.87
1018.05
1019.00
1015.19
1010.89
1029.97
1027.11
25069.95
1107.93
1070.98
1075.03
1080.04
1075.03
1079.08
1074.08
25135.99
1025.92
1023.05
1019.95
1026.15
1020.91
1015.90
25057.08
1061.92
1002.07
1003.03
996.83
998.02
1009.94
1016.86
1025.92
1015.19
1019.95
1019.00
25060.89
1027.82
985.86
979.90
985.86
1011.85
1019.00
1014.95
1022.82
1019.95
1013.99
1015.90
25081.87
983.00
974.89
958.92
980.14
1017.09
1019.95
1032.83
1035.93
1023.05
1023.05
1019.00
25084.97
971.08
962.02
959.87
998.02
1028.06
1036.88
1031.88
1035.93
1029.01
1030.92
1028.06
25053.02
958.92
947.95
949.86
1009.94
1009.23
995.87
1006.84
1002.07
999.93
998.02
1000.88
25058.03
963.93
955.82
946.04
977.99
969.17
967.03
966.07
977.99
966.79
964.88
962.97
25052.07
1004.93
986.10
981.09
992.06
985.15
983.00
980.14
984.91
979.90
984.19
979.90
25019.88
1015.19
977.99
976.09
985.15
977.99
977.04
974.18
949.14
953.91
947.00
949.86
24988.89
1060.96
1024.96
1009.94
997.07
983.00
990.87
985.86
987.05
988.96
975.13
983.00
24997.00
1041.89
1000.88
988.96
1002.07
995.16
993.01
991.11
994.92
994.21
998.02
992.06
25030.14
1042.13
994.92
989.20
988.96
998.97
979.90
982.05
988.96
1049.04
1042.13
1050.00
1050.95
1051.19
1050.95
1048.80
17105.82
965.83
954.87
949.86
960.83
947.95
949.14
947.95
952.01
947.00
946.04
944.85
941.04
1011.85
1010.89
1013.04
17057.18
1055.00
1003.98
1002.07
984.91
949.86
955.82
948.91
955.82
947.00
945.09
946.04
942.95
949.86
940.08
946.04
940.08
17070.06
1044.99
1039.98
1037.12
1047.13
1040.94
1036.88
1039.03
977.99
983.95
973.94
977.99
977.04
964.88
964.88
974.89
17103.91
1024.96
1018.05
1013.99
1017.81
1013.99
1009.94
1001.83
1010.18
1009.94
1009.94
1006.13
966.07
968.93
967.98
973.94
17076.02
997.07
992.06
1002.07
980.14
977.04
972.03
965.83
970.84
962.97
954.87
949.86
958.92
957.01
958.92
962.97
17092.94
1035.93
1021.86
1017.81
1018.05
1014.95
1010.89
1008.99
959.87
953.91
950.81
952.01
962.97
964.88
975.13
969.17
13076.07
988.96
977.04
981.09
983.95
976.09
972.99
970.84
974.89
991.82
1011.85
1008.03
25082.11
993.97
979.90
969.17
987.05
1065.97
1068.12
1075.98
1079.80
1077.89
1078.84
25105.95
1091.00
1034.02
1034.98
1037.84
1030.21
1031.88
1035.93
1032.11
1031.16
1031.88
1030.92
25111.91
993.97
980.85
978.95
987.05
973.94
972.99
969.89
979.19
976.09
971.08
968.93
40997.98
1039.98
993.01
988.01
967.98
980.14
982.05
981.09
988.01
986.81
987.05
983.00
25017.98
1036.88
1007.80
1003.03
972.03
955.10
967.03
970.84
977.99
1003.98
1014.95
1013.04
29057.03
1060.01
1024.01
1018.05
1029.01
1019.95
1018.05
1019.00
17114.16
1031.16
1018.05
1013.99
1025.92
1013.99
1016.86
1019.95
25125.98
1026.87
1014.95
1027.11
1016.14
1015.90
1019.00
17041.92
1065.02
1034.98
1034.02
1035.93
1027.11
1029.97
1024.96
1030.92
1029.97
1029.01
1029.97
25115.01
1039.03
1029.01
1024.01
1033.07
1027.11
1028.06
1024.01
1033.07
1025.92
1022.10
1027.11
29025.08
956.06
951.05
947.00
950.81
949.86
953.91
946.04
21081.21
993.97
980.85
970.84
980.85
964.16
960.11
952.01
942.95
998.97
991.11
1006.13
25088.07
988.01
972.99
977.99
981.09
976.09
983.95
977.99
974.89
993.01
993.97
995.87
25063.99
1044.99
1015.19
1012.09
1027.11
1009.94
1017.09
1016.14
988.96
991.11
991.11
998.02
25123.12
1037.12
1036.17
1034.02
1043.08
1036.17
1030.92
1032.83
949.86
975.85
972.99
977.99
25123.12
1037.12
1028.06
1034.98
1027.82
1031.88
1029.97
1015.90
947.00
960.11
965.12
25006.06
1029.01
989.91
979.19
983.95
967.03
964.88
965.83
963.93
1003.03
1003.03
1005.89
37025.21
1068.12
1013.99
1008.03
1014.95
1007.08
1005.89
1003.03
1007.08
1009.94
1010.18
1010.89
25047.78
1054.05
999.93
992.77
996.83
991.82
983.95
980.14
970.13
979.90
973.94
971.08
25002.00
1056.91
1012.80
999.93
1000.88
986.10
981.09
973.94
975.85
969.89
959.87
959.16
24986.03
1022.10
965.12
959.87
951.05
961.07
956.06
962.97
964.16
977.99
972.03
978.95
988.96
991.82
957.01
949.86
944.85
17074.82
1071.93
1060.01
1054.05
963.93
986.81
989.91
1000.88
1011.13
1008.03
1010.89
1007.08
1013.04
1008.03
1012.80
1013.04
17136.10
1071.93
1057.86
1058.82
1051.90
1059.06
1055.00
1023.05
967.98
966.07
954.87
953.20
952.96
957.01
962.02
16989.95
1033.07
989.91
982.05
983.00
985.15
977.04
975.13
981.09
976.09
983.00
971.79
969.89
977.99
988.96
1000.88
1007.80
17088.89
1013.04
1004.93
1004.93
977.04
973.94
976.09
972.99
981.81
970.84
967.98
967.98
980.85
974.89
975.13
972.03
17078.16
980.14
969.89
958.92
963.93
951.05
950.10
945.09
958.92
1008.99
1017.09
1012.09
1021.15
1015.90
1011.85
1019.00
17087.94
962.97
952.96
947.95
952.01
943.90
945.09
947.95
962.02
960.11
957.97
965.83
965.83
998.97
1001.12
1002.07
17039.06
1008.99
967.03
963.93
947.00
993.97
984.91
991.11
1003.98
1000.88
1000.17
996.11
998.97
999.93
1003.03
993.97
13031.96
1029.01
979.90
975.85
968.93
965.12
982.05
987.05
988.01
995.16
1003.03
998.02
25037.05
1042.13
1006.84
1008.03
1018.05
1013.99
1010.89
1008.99
1014.95
1009.94
1018.05
1016.14
25059.94
1070.02
1027.11
1029.01
1044.03
1041.17
1035.93
1026.87
1042.84
1031.88
1032.83
1029.97
25120.97
1021.86
1014.95
1017.09
1021.15
1012.09
1015.90
1010.89
986.10
997.07
1000.88
29036.05
1066.92
1027.82
1011.85
1019.00
1015.90
1018.05
1009.94
998.97
968.93
957.01
954.87
962.02
957.01
965.12
966.07
16997.10
1025.20
986.10
983.95
984.19
987.05
979.90
980.85
984.91
988.96
975.85
993.01
988.96
962.02
974.89
980.85
987.05
17102.96
996.83
998.02
989.91
994.92
1008.03
1019.00
1015.90
1029.97
1021.15
1022.10
1026.87
1019.00
1016.14
1018.05
17059.09
1055.00
1018.05
1005.89
1014.95
1009.94
1008.99
1011.85
1013.99
1008.99
1004.93
1010.18
1009.94
983.95
1000.17
989.91
17037.15
1056.19
1022.10
1015.90
989.91
1002.07
1000.17
1003.98
1019.00
1002.07
1012.09
1009.94
1016.14
1008.03
1013.04
1013.04
17096.04
998.02
990.87
979.90
990.15
988.96
986.10
987.05
994.21
998.02
991.11
993.01
25097.13
973.94
953.91
958.92
962.97
962.97
960.11
967.03
971.79
964.88
972.03
973.94
25020.84
1036.88
990.87
1000.17
991.11
1008.99
1019.00
1020.91
1024.96
1021.15
1023.05
1019.00
25102.14
992.06
984.19
983.95
990.87
984.19
988.96
994.92
991.11
1041.17
1045.94
1039.98
25119.07
1014.95
993.97
1005.17
1008.03
998.97
1001.12
994.21
1028.06
1038.07
1045.94
25070.91
1061.92
1007.08
1007.08
1015.19
1010.89
1007.80
1008.03
1003.03
1007.08
1010.18
1011.13
25059.94
1055.96
1013.04
1009.94
1010.89
1010.89
1010.18
1007.08
1017.09
972.99
962.97
967.03
25007.01
1035.93
987.05
979.19
978.95
967.03
960.83
957.01
955.10
979.90
988.96
991.11
25028.94
1013.04
967.98
960.11
969.17
969.89
976.80
985.86
981.81
1014.95
1016.14
1019.00
25053.98
1045.94
1000.88
994.92
1000.17
993.97
992.06
994.21
992.06
996.11
1003.98
1015.19
25066.14
1033.07
1003.98
996.83
1004.93
1010.18
1003.98
1003.98
1003.98
1008.99
1002.79
1005.89
25043.01
1029.97
991.82
985.86
995.87
995.16
984.91
988.96
992.06
988.96
991.11
988.01
25038.00
