25100.95
998.02
983.00
982.05
1004.93
1044.03
1030.92
1024.96
25090.93
988.01
987.05
988.01
1034.02
1048.09
1044.99
25096.18
1058.10
1004.22
999.93
1002.79
1039.98
1028.06
1029.01
25070.91
1015.90
986.81
971.08
991.11
1044.03
1035.93
1035.93
25127.89
1032.11
1018.05
990.15
1004.93
1023.05
1017.09
1021.86
25122.88
1031.88
1013.99
1024.96
1052.14
1035.93
1040.94
25055.17
1034.98
969.89
965.83
959.87
973.94
970.13
969.89
25001.05
1019.00
964.16
956.06
957.01
9038.93
992.06
988.96
977.99
987.05
982.05
981.09
976.09
25073.05
988.01
984.91
973.22
982.05
972.99
967.98
977.04
25069.00
986.81
962.02
958.92
977.99
951.05
961.07
949.86
25042.77
967.98
952.01
946.04
953.91
952.96
939.13
945.09
24984.12
996.11
956.06
961.07
955.10
960.11
945.09
946.04
24986.98
1012.09
963.93
970.84
962.02
962.02
959.16
956.06
956.06
25061.13
967.03
957.01
957.01
977.99
959.16
959.87
953.91
25053.02
968.93
957.01
952.01
952.96
962.02
957.97
959.87
29007.20
1009.94
984.91
973.94
1541.14
1017.09
1002.07
994.21
25045.87
978.95
967.03
957.97
990.15
998.97
992.77
995.87
25055.89
966.07
963.93
957.01
967.98
977.04
967.03
978.95
25080.92
981.09
967.98
957.97
959.87
1020.91
1012.09
1013.04
25105.00
983.00
962.97
957.01
1008.99
1046.18
1048.09
1058.10
25074.01
994.21
974.89
979.90
1040.22
1041.89
1039.03
25069.00
1024.96
975.13
983.95
978.95
1016.14
1012.09
1002.07
25029.18
1028.06
986.10
983.00
988.96
1004.93
1003.98
1007.08
25045.16
1026.15
979.90
979.90
970.13
976.09
967.03
964.88
25008.92
1008.03
964.16
961.07
955.10
1029.97
1047.85
1040.94
25091.17
1044.03
997.78
999.93
1000.17
1058.10
1051.90
1051.90
25123.83
1028.06
1003.03
992.06
1025.20
1036.88
1039.03
1029.97
25097.85
997.07
979.90
987.05
1060.01
1062.87
1060.96
25084.97
1019.95
965.12
951.05
952.01
1053.09
1036.88
1035.93
25082.83
1003.98
960.11
959.16
962.97
1032.11
1030.92
1024.96
25063.99
1001.12
981.09
958.92
962.97
993.01
989.20
992.06
25026.08
1010.18
967.98
958.20
956.06
989.91
1000.88
1011.85
25054.93
1039.98
991.11
976.09
983.00
1048.09
1047.13
1040.94
25072.81
1053.09
1008.03
998.02
1016.86
1039.98
1038.07
1036.88
25099.04
1003.98
983.00
982.05
1024.01
1009.94
1012.09
1012.09
25068.04
980.85
969.89
959.87
1008.99
967.03
967.03
966.79
25092.84
1035.93
1013.99
993.97
977.99
992.06
988.96
988.01
25099.99
1011.85
999.93
1010.18
993.01
1021.15
1003.98
998.97
21106.96
1008.99
999.93
1015.90
1008.99
1006.13
1006.13
25043.01
1075.98
1008.03
1010.18
1002.07
1014.95
995.87
994.92
25037.05
1039.98
1012.09
1010.89
1003.98
1009.94
1006.84
1002.07
25037.05
1039.03
1005.89
1010.18
1016.14
1008.99
1009.94
953.91
25031.81
972.03
947.00
950.10
965.12
956.06
949.14
944.14
24977.92
1008.03
956.06
954.15
957.97
953.91
949.14
951.05
965.12
25038.00
972.03
953.91
953.91
957.97
946.04
947.95
956.06
25055.89
974.89
957.01
950.10
962.97
949.86
950.10
963.21
29000.04
997.07
977.04
952.01
951.05
986.10
972.03
969.17
25018.93
1019.00
1017.09
952.96
931.02
977.04
971.08
968.93
24997.95
1045.94
1019.00
1000.88
998.02
981.81
983.00
976.09
25022.03
1045.94
1011.13
993.97
983.00
971.08
972.99
967.98
25002.96
1041.89
1013.99
994.92
988.01
980.85
986.81
983.00
25017.02
1027.82
974.89
972.99
967.03
1028.06
1017.09
1003.98
25033.00
1020.19
977.99
968.22
971.08
1019.95
1003.98
1000.88
25055.89
1032.83
998.97
983.95
985.86
1000.88
1004.93
998.97
25035.86
1044.99
1012.09
1024.96
1028.06
1023.05
1033.07
1015.90
25079.01
1012.09
990.87
983.00
997.07
1002.07
998.97
998.02
25074.01
992.06
969.89
973.94
992.06
997.07
991.11
991.11
25072.10
995.16
986.10
986.10
1008.03
1019.00
1009.94
1005.17
25062.08
983.00
960.11
968.93
1005.89
1013.04
1009.94
1007.80
25076.87
2321.00
1004.93
1020.91
1014.95
1026.15
25055.89
1044.99
1003.03
996.83
981.81
997.07
1003.03
1018.05
25057.08
1022.10
980.14
972.03
965.12
987.05
997.07
994.21
25037.05
1024.96
984.91
973.22
969.89
1005.89
1003.03
993.97
25028.94
998.02
950.81
949.86
954.87
1015.19
1013.99
1013.99
25055.89
1008.99
958.92
945.81
943.90
1019.00
1032.11
1029.97
25065.18
1003.98
965.83
959.87
950.10
1021.15
1028.06
1042.84
25068.04
1029.01
995.87
988.96
988.96
1017.09
1016.14
1019.95
25087.83
1033.07
1000.88
998.02
999.93
1001.83
998.02
996.11
25094.99
1002.07
1000.17
1004.93
1010.89
982.05
976.09
978.95
17091.99
1049.04
1028.06
1017.09
13107.06
1006.84
999.93
996.11
13085.13
1008.03
992.06
13016.22
1060.01
1012.09
1011.85
13044.83
1039.98
990.15
993.01
17019.99
1069.07
1018.05
1019.00
1023.05
1015.90
1019.00
1011.85
25053.02
1060.01
1017.09
1012.09
1025.20
1015.90
1011.85
1009.94
25105.95
1027.11
1014.95
1011.85
1019.95
1010.18
1013.04
1013.04
25110.96
1023.05
1016.14
1019.95
1013.99
1013.04
1013.04
25051.83
1070.98
1022.10
1018.05
1024.96
1014.95
1011.85
1020.91
25045.87
1060.96
1021.15
1015.90
1021.86
1013.99
1018.05
1011.13
29115.92
1035.93
1025.20
1023.05
1007.08
1029.01
1021.86
1033.07
25121.93
1023.05
1011.85
1000.88
991.82
1013.04
993.97
25026.08
1062.15
1013.04
998.97
994.92
997.07
991.11
991.11
25030.14
1050.95
1003.98
983.95
982.05
994.92
999.21
1003.98
25040.15
1044.99
985.86
988.01
973.94
1030.92
1019.95
1015.90
25058.03
1014.95
988.01
986.10
993.01
1046.18
1051.90
1037.84
25128.84
1039.98
1027.11
1021.15
1024.01
1048.09
1032.11
1033.07
25094.03
1003.03
1005.89
986.81
1055.96
1055.96
1059.06
25092.12
1038.07
1017.09
1009.94
1000.88
1034.02
1034.98
1043.08
25128.13
1036.17
1015.90
1011.85
999.93
1026.87
1023.05
1026.87
25123.83
1024.96
1002.07
993.01
986.81
1013.04
1001.12
999.93
25091.89
995.16
976.09
982.05
1031.16
1023.05
1017.09
25048.97
1023.05
977.99
974.18
972.99
1024.01
1024.01
1028.06
25059.94
1037.84
1000.88
989.91
987.05
996.11
1003.03
993.01
25027.99
1039.98
997.07
995.87
995.87
978.95
980.14
981.09
25022.98
1036.88
993.97
993.01
990.15
983.00
977.99
988.01
25015.12
1034.98
1000.88
1002.79
990.87
983.00
992.06
977.99
25020.84
1042.84
1019.95
1021.15
1013.99
979.90
991.11
982.05
25025.13
1052.14
1022.10
1028.06
1019.00
991.11
987.05
983.00
25027.04
1055.96
1013.99
1007.08
1013.99
1013.04
1004.93
1014.95
25076.15
1003.98
985.86
980.85
1010.89
995.87
999.93
998.97
25074.01
991.11
974.89
971.08
977.99
975.13
978.95
975.85
25081.87
988.96
983.00
981.81
972.99
983.00
987.05
983.95
21099.09
998.97
987.05
989.91
988.96
986.10
981.09
988.96
25085.93
1008.03
988.96
983.95
994.92
989.91
982.05
989.91
25104.05
1003.98
988.01
989.20
994.92
988.01
988.01
988.96
25104.05
1019.00
998.97
999.93
1005.89
996.11
1001.12
993.01
25110.01
1028.06
1014.95
1016.86
1007.80
1003.03
1003.98
25031.09
1060.01
1017.09
1004.93
1009.94
1008.03
1004.93
1001.12
25041.10
1043.08
1006.13
1008.03
1008.03
1010.89
1000.17
1005.89
25033.95
1046.18
1004.93
1003.98
1003.98
1005.89
994.92
1001.12
29089.93
1040.94
1019.00
1010.89
993.01
999.93
1003.98
998.97
25120.02
1032.83
1011.85
1014.95
974.18
993.01
998.02
990.87
25134.80
1033.07
1013.04
1011.13
984.91
994.92
987.05
990.87
25080.92
991.82
979.90
975.13
977.04
980.14
976.09
980.85
25069.95
983.00
967.03
974.89
979.90
975.85
979.90
980.14
25089.98
995.87
989.91
985.15
967.03
983.00
984.91
982.05
25090.93
998.97
987.05
978.95
963.93
997.07
988.01
993.01
25105.00
1018.05
997.07
988.96
973.94
988.96
990.87
986.81
25102.14
1023.05
1029.01
1019.95
998.97
1004.93
1002.07
25038.96
1073.84
1024.01
1011.13
1007.08
1054.05
1063.11
1054.05
25110.96
1003.98
975.13
972.99
987.77
1049.04
1055.00
1054.05
25117.87
989.91
976.80
978.95
967.03
984.91
997.07
990.87
25104.05
990.87
983.00
977.04
988.01
1032.11
1031.16
1022.10
25063.99
982.05
974.89
968.22
974.89
965.83
966.07
968.93
25069.95
986.10
973.94
975.85
991.82
985.86
977.99
977.99
25082.83
1001.83
993.97
996.11
993.01
988.01
983.95
983.95
25106.91
1015.90
995.16
998.97
1001.83
994.92
998.02
993.97
25114.06
1013.99
1003.03
1002.07
999.93
998.02
993.97
25023.94
1065.02
1009.94
1001.12
1003.98
1002.07
998.02
998.97
25024.89
1048.80
1003.03
999.93
1010.89
998.97
996.11
992.06
25027.04
1050.00
1003.03
1001.12
1003.03
1003.03
995.16
998.02
25027.99
1035.93
994.92
993.97
994.92
996.83
991.82
993.97
25037.05
1065.97
1024.01
1033.07
1025.92
1029.97
1023.05
1020.91
25127.89
1025.92
998.97
998.97
9111.17
1008.99
984.19
993.01
988.01
984.91
980.14
981.09
25089.03
989.91
988.01
978.95
993.97
978.95
981.09
977.04
25086.88
993.97
980.14
979.90
988.96
979.90
972.03
971.08
25085.93
987.77
983.95
977.99
977.99
974.18
974.89
973.94
25079.01
991.11
983.00
969.17
979.90
973.94
972.99
966.07
25084.97
988.01
973.94
969.17
992.06
972.03
974.18
972.99
25078.06
992.06
974.18
976.09
986.10
977.04
977.04
967.98
25060.89
995.87
977.99
977.99
983.00
977.04
972.03
981.09
29055.12
1001.12
981.09
978.95
988.96
1017.09
1024.96
1013.04
25121.93
1011.85
988.96
982.05
971.08
1003.98
1006.84
1003.03
25120.97
1006.84
994.92
988.01
967.98
983.95
991.82
988.96
25110.01
1030.92
1007.80
1004.93
983.95
979.90
977.99
980.14
25105.00
1024.01
1001.83
1009.94
981.09
977.04
983.00
978.95
25107.15
1018.05
1000.17
1007.08
967.03
976.09
983.00
973.22
25107.86
1019.00
1007.08
1010.18
993.97
994.21
993.01
25029.18
1058.10
1023.05
1016.14
1009.94
994.92
1004.22
1000.88
25045.87
1045.94
1008.99
1004.93
1003.98
1004.93
1005.17
1011.13
25053.02
1047.13
1003.03
1008.03
1014.95
1008.03
1003.98
997.07
25094.03
1028.06
1018.05
1013.99
998.97
992.06
999.93
988.96
25109.05
1037.12
1020.91
1023.05
973.94
994.21
996.11
987.05
25116.92
1008.99
1002.07
997.78
1003.98
1008.99
1019.00
25038.00
1055.00
1015.90
1003.98
994.92
1013.99
1023.05
1017.09
25076.15
1039.03
999.21
1005.89
1000.88
1012.09
1012.80
1014.95
25052.07
1024.01
1000.88
993.97
982.05
993.97
991.11
993.97
25042.06
1018.05
990.87
993.97
987.05
996.11
993.97
990.15
25047.06
1019.00
988.01
982.05
988.96
983.00
993.01
993.97
25053.98
1018.05
1003.98
993.97
991.11
977.99
981.81
974.89
25041.82
1026.87
988.96
985.15
990.15
973.94
977.99
976.09
25023.94
1030.92
992.06
990.15
983.95
983.00
983.95
979.90
25026.08
1034.02
1005.89
997.07
1003.03
987.05
985.15
987.05
25041.10
1042.13
1002.07
999.93
1010.89
983.00
983.95
978.23
21063.09
1025.92
1005.89
1007.80
1010.89
1005.89
999.21
1003.98
25112.15
1022.10
1019.95
1003.03
1021.86
1004.93
1009.94
1002.07
25108.10
1022.10
1013.04
1018.05
1004.22
1003.98
1007.08
25035.14
1063.11
1019.00
1004.93
1012.09
1007.08
1010.18
1012.09
25044.92
1050.95
1021.15
1007.08
1009.94
1008.99
1007.08
1007.08
25051.12
1048.09
1018.05
1013.99
1023.05
1013.04
1008.99
1010.89
25111.91
1036.17
1015.90
1015.90
1024.01
1014.95
1013.99
1013.99
25117.87
1028.06
1015.90
1022.82
1018.05
1012.09
1017.09
29042.96
1060.01
1019.95
1009.94
996.11
996.11
1013.99
1008.03
25051.12
1052.14
1002.07
1001.12
1008.99
1048.80
1054.05
1060.96
25124.07
1024.96
996.11
1006.13
1043.08
1039.98
1037.84
1034.02
25062.08
976.09
968.93
958.92
1030.92
1017.09
1008.99
1006.84
25052.07
966.07
957.01
953.91
974.89
978.95
982.05
976.09
25083.07
975.13
967.98
962.02
1016.86
1034.02
1031.88
1018.05
25068.04
971.08
965.12
962.97
1021.86
1020.91
1017.09
1013.99
25072.81
997.07
995.16
988.96
972.03
975.85
973.94
981.09
25084.97
1009.94
998.97
985.86
984.91
994.21
995.87
25009.87
1077.89
1010.89
1004.22
1004.93
974.18
993.97
989.91
25030.14
1052.14
1027.11
1005.89
1001.83
979.90
985.15
978.95
25008.92
1060.96
1023.05
1003.03
999.93
986.10
982.05
979.90
25022.03
1050.00
1003.03
1002.07
994.21
972.03
973.94
980.85
25020.84
1020.91
984.91
975.85
977.99
1006.13
1011.85
1007.80
25054.93
1020.19
978.95
975.13
977.99
1047.85
1051.90
1046.90
25101.18
1008.99
988.01
979.90
996.83
1026.87
1029.97
1014.95
25096.89
1013.99
994.92
990.87
1013.99
1024.96
1022.10
1019.00
25099.99
1012.80
1002.07
1000.88
1033.07
1015.90
1022.82
25048.97
1057.86
1006.84
998.97
998.02
1017.09
1009.94
1010.89
25035.14
1043.08
997.07
975.85
975.13
983.00
978.95
976.09
25006.06
1035.93
991.11
983.95
972.99
1011.13
1013.04
1015.19
25048.02
1012.09
962.97
953.91
959.87
1044.99
1043.08
1035.93
25070.91
1026.87
978.95
979.90
972.99
993.01
993.01
992.06
25029.90
1029.97
986.81
985.86
17019.99
1031.16
996.83
989.91
991.82
991.82
994.92
991.11
25023.94
1028.06
993.01
991.11
988.01
991.82
983.95
986.10
25022.03
1024.01
990.87
985.86
4992.01
1032.11
1013.04
1012.09
13056.99
1036.88
1011.85
1013.04
21111.97
1036.88
1019.00
1019.95
975.13
963.93
967.03
967.98
25099.99
1029.97
1008.99
1005.89
1010.89
1007.08
1008.03
1001.83
25120.97
1032.11
1022.10
1020.91
1016.86
1010.89
1012.80
25043.96
1070.02
1021.86
1013.99
1020.91
1013.99
1013.99
1017.81
21049.02
1021.15
979.90
975.85
977.99
1008.99
994.92
990.15
25033.95
1030.92
999.93
981.09
984.19
993.01
998.02
1001.12
25041.10
1032.11
998.02
992.06
987.05
1048.80
1034.02
1040.94
25124.07
1042.84
1013.99
1013.99
1054.05
1063.11
1061.20
25079.01
1056.91
1002.07
984.91
981.09
1034.98
1025.92
1029.97
25060.89
1031.88
972.99
962.97
969.89
1006.84
1000.17
1001.12
25043.01
1044.99
992.06
977.04
974.18
979.90
972.99
974.18
25012.97
1058.82
1019.00
1006.13
1004.93
981.81
989.91
989.91
25011.06
1041.89
1003.98
994.92
986.81
989.91
996.11
995.16
25041.10
1011.13
973.94
974.89
968.93
1001.12
1003.98
1003.98
25048.97
1006.84
971.08
969.17
963.93
1003.03
1013.99
1002.07
25058.98
1024.01
988.01
980.14
980.85
1003.03
1001.12
1003.98
25044.20
1024.01
988.96
982.05
975.13
1011.13
1005.89
1010.89
25040.15
1013.04
969.17
966.07
968.93
1047.85
1056.91
1057.86
25127.17
1011.13
992.06
986.10
1003.98
1039.03
1036.88
1029.97
25118.11
1011.13
997.07
998.02
1039.98
1041.89
1042.84
25064.23
1075.03
1013.04
1000.88
1003.03
1063.82
1062.87
1055.00
25089.03
1018.05
983.95
975.13
986.10
1060.96
1043.08
1049.04
25110.01
984.91
968.93
956.06
996.83
1039.98
1043.08
1042.13
25093.08
972.99
957.01
957.01
998.97
1027.11
1031.16
1018.05
25086.16
990.87
977.04
981.09
1025.92
1029.01
1029.01
1027.11
25067.09
1000.17
987.05
983.00
1044.99
1037.84
1040.94
25069.00
1055.00
1008.03
986.10
993.01
1050.00
1053.09
1044.99
25102.85
1034.02
997.07
997.07
1012.09
1052.14
1045.94
1039.98
29145.96
1048.80
1034.98
1038.07
1038.07
1033.78
1034.02
25063.04
1091.00
1053.09
1050.00
1046.18
1039.03
1036.17
1039.98
25134.80
1060.01
1039.98
1036.17
1049.04
1041.17
1036.88
25061.85
1115.08
1061.92
1044.99
1052.14
1050.00
1042.13
1047.13
25116.92
1075.03
1050.95
1045.94
1055.00
1044.99
1044.99
1041.89
25145.05
1062.87
1045.94
1053.09
1050.95
1046.90
1044.99
25079.01
1095.06
1046.18
1043.08
1051.90
1047.85
1044.99
1044.03
22035.12
977.99
969.89
1044.03
1032.83
1033.07
25063.04
1019.95
981.09
966.07
967.98
1041.89
1029.97
1029.01
25063.04
1045.94
1006.13
1004.93
998.97
1048.09
1051.19
1046.90
25075.91
1045.94
1012.09
996.11
1024.01
1046.90
1048.09
1040.22
25099.99
989.20
977.99
967.03
1019.95
1029.01
1021.15
1027.11
25063.99
972.99
964.16
962.02
998.97
1008.99
1008.99
1003.03
25063.99
975.13
958.92
956.77
988.01
986.10
986.10
982.05
25071.14
976.09
957.97
958.92
970.13
972.99
979.90
972.03
25094.99
986.10
972.99
962.02
953.91
992.06
1001.12
991.11
25092.12
987.05
968.93
964.16
967.03
1009.94
1013.99
1017.09
25122.17
992.06
979.90
982.05
968.93
1016.86
1019.95
1013.04
25115.97
1024.96
1002.07
1002.07
968.93
1008.03
993.97
989.91
25125.98
1022.10
1006.13
1008.03
962.02
991.11
988.96
978.95
25101.18
1012.09
998.97
997.07
972.99
984.91
988.01
24997.95
1065.97
1004.93
1000.88
995.16
976.09
978.95
982.05
25006.06
1054.05
1004.93
1001.12
1003.98
973.94
976.09
977.99
25012.02
1070.02
1018.05
1016.14
1012.09
1020.91
1013.99
1014.95
25053.98
1051.90
1018.05
994.92
997.07
1058.10
1062.15
1061.92
25110.96
983.00
960.83
959.87
967.98
1047.13
1049.04
1046.18
25094.03
976.09
967.03
962.97
990.87
1036.88
1050.95
1041.17
25115.97
1003.98
993.01
983.00
1008.99
1035.93
1022.10
25043.01
1051.90
1012.09
1001.12
993.01
985.86
1000.88
1001.83
25030.14
1064.06
1017.09
1016.14
1004.93
988.01
983.00
977.99
25011.06
1049.04
1011.13
1014.95
1010.89
1017.81
1028.06
1012.09
21033.05
1054.05
1016.86
999.93
1029.01
999.93
1006.13
1009.94
25101.90
1015.90
1007.08
1008.03
1010.89
1011.13
1008.99
1006.84
25101.90
1021.86
1006.84
1008.99
1019.95
999.93
1008.99
1008.99
25112.15
1017.09
1006.13
1013.04
1003.98
1003.98
1012.09
25041.10
1055.00
1013.04
1013.04
1024.96
1008.99
1007.08
1008.99
25037.05
1057.86
1019.95
1013.99
1019.00
1017.09
1013.99
1015.19
25105.95
1033.78
1015.90
1016.86
1022.82
1013.04
1014.95
1014.95
25115.01
1025.92
1018.05
1013.99
1027.82
1010.89
1017.81
29048.92
1063.82
1013.99
1009.94
996.83
980.85
985.86
984.91
25017.02
1044.03
1000.88
991.82
982.05
983.95
983.00
988.01
25027.99
1051.90
1018.05
1008.03
1003.98
1019.00
1019.95
1014.95
25051.12
1045.94
1006.84
1015.90
1016.14
1059.06
1055.96
1058.82
25118.83
1004.93
997.07
986.81
1021.86
1029.97
1032.11
1021.15
25084.02
988.01
970.84
961.07
1012.80
1031.88
1023.77
1014.95
25062.08
974.18
964.88
960.83
1011.85
1022.10
1024.01
25036.10
1050.00
1006.13
993.01
986.10
991.11
993.97
990.87
25033.00
1061.20
1013.99
1006.13
993.97
975.85
978.95
980.14
25023.94
1072.88
1015.90
1017.09
1003.03
988.96
987.05
991.11
25027.99
1050.00
1013.99
1006.84
1001.83
1011.85
1011.85
1003.98
25039.91
1071.93
1033.07
1025.92
1000.17
982.05
986.10
981.09
25094.03
1053.09
1026.15
1024.96
1050.00
998.97
1005.89
1005.89
25080.20
1008.99
983.00
984.91
997.07
994.21
988.96
988.96
25089.98
1013.04
998.97
989.91
1013.99
1010.89
1006.84
999.93
25098.09
1010.89
1004.22
998.02
1044.03
1044.03
1037.84
25083.07
1043.08
988.96
983.00
970.13
1034.98
1042.13
1045.94
25111.91
1029.01
1003.98
1005.17
988.01
1040.94
1029.01
1019.00
25138.14
1042.13
1026.15
1016.86
968.93
982.05
995.16
981.09
25137.90
1044.99
1039.03
1037.84
1027.11
1023.05
1026.87
25061.85
1095.06
1044.03
1044.99
1031.88
1025.20
1022.10
1008.99
25115.97
1029.01
1008.99
1003.03
1003.98
976.09
977.99
977.99
25085.93
1013.04
992.06
991.82
963.93
998.02
989.91
993.97
21101.95
1000.88
985.15
984.91
993.01
988.96
988.96
988.96
25084.02
1003.98
993.01
990.87
1006.84
988.96
989.20
988.96
25094.03
1005.89
998.02
1000.17
1009.94
999.93
1000.88
998.02
25097.85
1016.86
1008.03
1017.09
1009.94
1015.90
1008.99
25039.91
1058.82
1015.90
1005.17
1010.89
1013.99
1013.04
1011.85
25047.78
1055.96
1008.99
1007.08
1017.09
1010.89
1007.80
1001.83
25059.94
1032.83
1006.84
1001.12
1011.13
1007.08
1003.98
1009.94
25115.97
1019.95
1007.08
1009.94
1014.95
1011.85
1013.99
1009.94
21115.06
1030.92
1014.95
997.07
1026.15
1028.06
1022.10
25051.12
1034.02
985.15
972.03
970.13
983.00
987.05
983.00
25022.03
1028.06
984.19
983.95
981.09
990.15
1003.03
1000.17
25033.95
1052.86
1000.88
1002.07
1000.17
999.93
1003.03
1003.98
25028.94
1048.09
1013.04
996.11
993.97
988.96
993.97
994.92
25031.81
1054.05
1024.96
1011.13
1019.00
1006.84
998.02
999.93
25035.86
1076.94
1027.82
1023.77
1029.97
1042.13
1043.08
1036.17
25116.92
1011.85
995.87
990.87
1039.98
1028.06
1033.07
25051.12
1040.94
980.14
965.12
977.04
1027.11
1024.96
1024.96
25067.09
1055.00
1005.89
1001.83
1010.89
992.77
995.87
995.87
25043.96
1083.14
1036.17
1014.95
1012.80
991.82
977.99
981.09
25020.12
1059.06
1010.18
1020.91
1016.86
995.87
993.01
988.01
25068.04
1003.98
979.90
975.85
982.05
987.05
989.91
989.20
25052.07
1001.12
977.04
978.95
984.91
974.89
985.15
988.01
25030.85
1009.94
986.10
983.00
988.96
988.96
994.92
988.01
25022.98
1023.05
998.02
985.86
995.87
979.90
986.10
986.10
25021.08
