947.00
894.07
1018.05
1023.05
1008.99
1004.93
998.97
1010.89
1003.03
991.82
993.97
25108.10
1007.08
989.20
1003.98
992.06
994.92
976.09
975.13
970.13
1046.90
1058.82
1046.90
25105.95
1003.98
985.86
988.01
969.89
974.89
979.90
986.10
1000.17
977.04
975.13
972.03
25079.97
989.91
979.90
975.13
990.15
973.94
973.94
972.99
980.85
988.96
977.04
974.18
25084.97
1044.99
1025.92
1026.87
1035.93
1027.11
1018.05
1023.05
1028.06
1013.04
1000.17
1012.09
25074.01
1018.05
1009.94
1014.95
1006.13
1003.03
1002.07
995.16
967.03
968.22
962.97
962.02
969.89
960.11
956.06
977.04
17084.84
974.89
966.79
971.08
966.07
958.92
955.82
952.01
957.01
955.10
956.06
956.06
947.95
1009.94
1013.99
1011.13
17097.00
981.09
959.16
961.07
972.03
957.97
957.97
973.22
946.04
972.03
966.07
975.13
977.99
969.17
972.99
968.93
16997.10
1060.01
1033.07
1020.91
1025.92
1021.86
1019.00
1002.07
1022.10
1060.01
990.15
984.91
968.93
985.86
981.81
977.99
17023.09
1095.06
1062.15
1053.09
1024.96
963.93
960.11
969.17
986.10
962.02
961.07
964.16
964.88
962.02
965.12
961.07
16998.05
1048.09
987.05
975.85
981.81
972.99
972.03
975.13
970.13
998.02
998.97
1005.89
2277.14
993.01
990.15
17024.99
1008.99
966.07
960.11
947.95
988.96
986.10
978.95
979.90
977.04
973.94
991.11
25006.06
1050.95
1024.96
1008.03
1034.02
1021.15
1010.89
1010.89
1017.81
1019.95
1030.21
1018.05
25115.01
1089.10
1069.07
1057.86
1069.07
1061.92
1062.15
1064.06
1067.16
1065.02
1065.97
25094.03
1048.09
1021.15
1004.93
1013.04
998.97
1004.93
999.93
999.93
990.15
990.87
988.96
25073.05
1067.88
1036.88
1036.17
1047.13
1024.96
1029.97
1029.01
975.13
993.01
993.97
1005.89
25127.89
1029.97
1017.09
1024.96
967.98
963.93
964.88
958.92
972.99
958.92
956.06
952.96
29062.99
988.96
967.03
967.98
998.97
1025.20
1020.91
1027.82
1022.82
1015.90
1003.98
1013.99
25074.01
977.04
962.02
959.87
964.88
960.83
960.83
958.92
969.17
967.03
962.02
969.17
25062.08
999.93
975.85
974.89
979.90
974.18
973.94
979.90
981.09
979.19
974.89
984.91
21039.01
1008.03
967.03
967.03
976.09
963.93
968.93
964.16
965.12
967.98
974.89
967.98
24998.90
1054.05
1014.95
1008.99
1010.89
1013.99
1003.03
1007.08
995.87
952.01
957.97
960.11
28989.08
1016.14
968.93
959.87
953.91
972.03
984.91
990.15
992.06
983.00
983.00
987.05
25005.10
1044.99
1013.04
997.07
998.02
995.16
995.87
991.82
1008.99
998.97
993.01
1005.89
25026.08
1106.02
1069.07
1062.87
1069.07
1063.82
1065.02
1060.96
1071.93
1069.07
1059.06
1065.02
25101.90
1019.00
1012.09
1022.10
1018.05
1008.03
1002.07
1007.08
998.97
1003.98
1000.88
25032.04
1033.07
987.05
988.01
988.01
981.09
977.04
978.95
974.89
959.87
970.84
958.92
967.98
25104.05
1043.08
1033.07
1013.04
964.16
967.98
965.83
973.94
969.17
967.98
964.88
966.79
25065.90
993.01
993.01
983.00
991.82
983.00
981.09
983.95
987.05
983.00
980.14
983.95
41072.85
979.90
972.99
968.93
1026.87
1065.02
1060.01
1065.02
1066.21
1061.92
1047.85
25090.93
1033.78
1014.95
1000.17
1007.08
1003.98
1004.93
1003.03
998.02
996.83
993.01
995.16
25037.05
1008.03
968.93
967.98
966.07
965.83
959.87
958.92
960.11
959.16
961.07
957.97
24997.95
1056.19
1009.94
983.95
996.11
988.96
983.00
979.90
985.15
966.07
973.94
973.94
24989.13
1069.07
1024.01
1012.09
1009.94
986.81
991.82
998.02
1004.93
990.15
991.11
989.91
21024.94
1062.15
1019.95
1021.86
1019.00
1008.99
1008.99
1005.89
1013.99
1008.03
1003.98
995.87
25040.86
1037.84
993.97
987.05
991.11
985.15
985.86
983.95
970.13
981.09
972.99
968.93
25008.20
1039.98
988.96
986.10
980.14
1005.89
1003.98
1005.17
1009.94
997.78
1004.93
1006.13
25033.95
1046.90
1011.13
1008.03
1023.05
1007.08
1010.18
1008.03
1004.93
995.87
1005.89
1003.98
25089.03
1012.09
999.93
997.07
1004.93
998.97
1004.93
998.97
1010.18
993.97
998.02
993.97
25081.16
978.95
959.87
958.92
977.99
960.83
964.88
962.97
968.93
973.94
986.10
993.97
25033.95
1043.80
1004.93
1001.83
1012.09
995.16
998.97
998.02
999.93
990.15
1000.17
991.82
29088.02
1039.98
1025.20
1019.95
1025.20
1019.95
1018.05
1017.81
1028.06
1018.05
1017.09
1014.95
25113.82
1042.84
1024.01
1024.01
1028.78
1013.04
1027.11
1024.01
1019.00
1023.05
1022.82
25057.08
1049.04
998.97
1002.07
1007.08
999.93
991.82
993.01
988.01
1050.23
1047.85
1050.95
25134.09
1049.04
1053.09
1034.98
988.01
1006.84
1019.00
1002.07
1013.04
1008.99
1004.93
1008.03
25099.04
1009.94
1000.88
997.07
1004.93
1003.03
1001.83
1002.07
1011.13
996.11
992.06
992.06
33047.91
987.05
975.85
974.18
960.11
983.95
988.01
992.06
996.11
988.96
980.85
983.95
25100.95
1008.03
1004.93
1004.93
1005.17
998.02
998.02
996.11
1003.03
995.16
993.97
985.86
25074.01
1013.04
998.02
1004.93
993.97
995.87
1004.93
998.97
998.97
996.11
1001.12
29030.08
1034.02
992.06
986.10
990.15
957.97
957.01
958.92
964.16
963.93
957.97
955.10
957.01
25110.01
1050.00
1039.03
1032.83
978.95
973.94
976.09
972.03
980.14
969.89
964.88
964.88
25050.88
973.94
963.93
968.93
966.79
959.87
961.78
961.07
969.89
954.87
957.97
952.96
25033.95
999.21
972.03
971.08
972.99
959.87
965.12
964.16
972.03
967.98
967.03
962.97
29004.81
1035.93
981.81
972.99
970.13
952.96
968.93
974.18
977.04
973.94
979.90
972.99
24991.04
1008.99
967.98
972.03
970.84
972.03
970.84
959.87
959.87
971.79
960.83
967.03
970.13
25070.91
983.95
973.94
967.03
974.18
967.03
969.17
964.88
975.85
967.98
964.16
962.97
25020.12
1009.94
968.93
967.98
971.79
962.97
962.97
964.88
969.89
1029.01
1024.96
1024.01
13048.89
1006.84
970.84
970.84
973.94
966.07
966.07
968.22
972.03
967.98
971.08
967.98
25007.96
1065.97
1013.04
1000.17
1009.94
1001.12
1005.17
1000.88
1003.98
1014.95
1006.84
999.93
25045.16
1070.02
1024.96
1016.14
1008.99
1007.08
1005.17
1006.84
1019.00
1074.08
1060.01
1055.96
25112.15
1023.05
1013.04
1003.98
1013.99
1038.07
1029.97
1029.97
1041.17
1034.02
1031.16
1033.07
1029.97
1029.01
1025.92
17079.83
1106.02
1058.10
1062.15
1060.01
1051.19
1050.95
1050.00
1010.89
969.89
965.83
968.93
975.13
967.03
972.99
967.03
17058.85
1023.05
1013.99
1011.13
17090.08
1035.93
1024.96
1006.13
967.03
964.88
957.97
963.93
974.18
967.98
967.98
961.07
968.93
965.12
962.97
958.92
17012.12
1026.15
981.09
976.09
975.13
971.08
967.98
974.18
958.92
979.90
994.21
987.05
997.07
992.06
987.05
991.11
17029.05
1021.86
994.92
990.87
995.16
988.96
979.90
980.85
983.00
983.95
980.85
983.95
972.03
979.19
992.06
992.06
17086.03
1083.14
1055.00
1039.98
1030.92
971.08
967.98
970.13
977.99
967.03
969.89
962.97
976.09
972.03
971.08
969.89
9012.94
1020.19
971.08
973.94
8991.00
1033.07
984.19
982.05
9016.99
1019.00
992.06
988.96
9018.18
1074.08
1029.01
1023.05
9059.91
1098.16
1066.92
1046.90
9102.82
1003.98
1002.07
992.06
25089.03
979.90
968.22
969.89
971.79
967.98
963.93
963.93
967.98
962.02
962.97
964.88
25017.98
1019.95
979.90
971.08
976.09
976.09
971.08
973.94
974.89
972.99
967.98
962.02
25010.82
1027.11
974.89
972.03
973.94
965.83
965.83
965.83
967.98
1034.98
1017.81
1013.99
17045.97
1038.07
981.09
977.04
978.95
980.85
972.03
978.95
973.94
971.08
989.20
983.95
990.87
992.77
982.05
988.01
981.09
17055.99
997.07
998.97
996.11
1001.12
998.02
994.92
998.02
989.91
991.82
990.87
992.06
949.86
969.89
971.08
972.03
17133.95
1034.98
1024.01
1013.04
977.04
988.96
1001.12
1007.08
998.97
991.82
995.87
1012.80
992.06
989.91
992.06
983.95
988.96
985.86
975.85
974.89
980.14
971.08
973.94
966.79
977.04
967.03
965.12
962.02
17106.06
1050.95
1042.13
1055.96
1051.90
1034.02
1027.82
1051.90
1016.14
1016.14
1020.91
1020.91
1015.19
1012.09
1017.09
17038.11
1047.13
1017.09
1015.90
17059.80
1015.90
978.95
970.13
977.99
969.17
972.03
976.09
993.01
980.14
977.04
988.01
978.95
989.20
979.90
974.89
17026.90
1045.94
1003.98
1009.94
998.02
969.89
988.01
985.86
991.11
988.96
989.91
985.15
25022.98
1085.04
1043.08
1043.08
1044.03
1042.13
1044.03
1040.94
1043.08
1049.04
1039.03
1026.87
17080.07
984.91
966.07
961.07
1031.88
1066.21
1056.91
1061.92
1055.96
1054.05
1054.05
33100.13
1070.02
1033.78
1028.06
1029.97
1023.77
1016.86
1029.01
1005.89
999.93
1006.13
996.11
25102.14
1050.95
1027.82
1029.01
987.05
970.13
965.12
968.93
971.08
960.11
962.02
967.03
25053.02
1043.08
1015.19
1019.00
1034.02
1015.90
1015.19
1012.09
1019.95
1016.86
1009.94
1012.09
975.13
962.02
959.16
958.92
17114.88
1037.84
1032.83
1030.92
980.14
967.98
967.98
967.98
976.80
963.93
964.16
960.11
971.08
961.07
962.02
964.88
17075.06
1008.99
997.07
997.07
997.07
986.10
983.00
981.09
980.14
962.97
961.07
962.02
968.93
961.07
962.97
961.07
16996.15
1023.05
993.01
985.86
992.06
975.85
985.86
977.99
994.92
978.95
979.19
976.09
961.07
993.97
993.01
998.02
1003.03
991.11
986.10
989.20
1003.03
997.07
997.07
992.06
17039.06
1039.98
982.05
975.13
980.14
977.04
971.08
972.99
967.03
1025.92
1036.88
1034.98
1035.93
1026.87
1029.01
1025.92
25068.04
1075.03
1039.03
1030.92
1013.99
1003.03
1019.95
1008.99
1013.04
1005.17
1000.88
1006.84
1004.93
1006.13
1007.08
1005.17
17111.06
1033.07
1019.00
1011.85
1025.92
1011.13
1013.04
1016.14
970.13
976.09
977.99
981.09
990.15
982.05
975.13
977.99
17114.88
1038.79
1028.06
1020.91
1028.78
1021.86
1018.05
1024.96
1017.81
1018.05
1023.05
1009.94
989.20
986.10
983.95
21008.97
1051.90
992.06
997.07
986.10
998.02
995.87
988.01
983.95
987.05
983.95
985.15
13012.89
1025.92
989.91
984.19
12995.00
1015.90
972.99
969.89
970.84
962.02
964.88
968.93
967.03
975.85
969.17
967.03
965.12
37061.93
985.86
977.04
971.08
979.90
973.94
976.09
966.07
972.99
965.83
967.98
965.12
13076.07
1037.12
1029.97
1016.86
984.91
952.01
959.87
957.97
963.93
967.98
960.11
962.97
25016.78
997.07
970.84
962.02
967.03
961.07
960.11
957.01
964.88
953.20
958.92
953.91
20982.98
1050.00
997.78
989.91
993.01
992.06
993.97
991.11
981.09
991.11
1008.99
1005.17
25046.11
1057.15
1000.88
996.83
988.96
1025.92
1024.01
1025.92
1027.82
1019.95
1034.02
1024.96
25064.95
1035.93
1007.80
1003.03
1011.13
1002.07
1006.13
1001.83
994.92
1012.80
1015.90
1012.80
25106.91
988.01
968.93
969.17
967.98
996.83
1003.98
1013.04
1008.99
1008.99
1010.89
1000.88
25105.95
996.11
988.96
986.81
993.01
981.09
989.91
983.95
990.15
981.09
983.00
979.90
25075.20
998.97
979.19
983.95
983.00
981.09
975.85
979.90
993.01
976.09
972.99
976.09
25077.10
1047.13
1028.06
1020.91
1015.90
1009.94
1003.98
1014.95
986.10
974.89
986.81
983.95
25080.20
982.05
967.98
966.07
17071.96
995.87
988.96
983.00
986.81
983.00
983.00
981.09
993.01
977.99
977.04
978.95
25079.01
1007.08
991.11
993.97
998.97
993.01
992.06
986.81
13080.84
1059.06
1044.99
1050.00
972.99
987.05
995.16
983.00
1000.17
986.10
992.06
988.01
25067.09
985.86
983.00
982.05
991.11
977.04
987.05
972.99
985.86
983.00
976.09
977.99
25102.14
1018.05
1011.13
1008.03
1019.00
1008.03
1002.79
1013.04
1009.94
1012.09
1016.14
29031.99
1064.06
1029.01
1008.99
1011.85
1016.86
1008.99
1001.12
1009.94
1011.85
1015.90
1028.06
25060.89
1052.86
1025.92
1003.98
1004.93
1006.13
1011.13
1010.89
1024.96
1009.94
1010.89
1007.80
21116.02
1013.04
996.11
1002.07
1003.98
1000.88
1010.89
1007.80
1018.05
1004.93
1004.93
1008.99
1014.95
997.07
997.07
998.97
17123.94
1019.00
1016.14
1017.09
1013.04
1012.09
996.11
997.07
972.03
981.09
974.18
988.96
988.96
983.00
983.00
978.95
17117.02
1023.77
1019.00
1019.00
1021.15
1028.06
1012.09
1015.19
1019.00
1013.99
1010.89
1011.85
984.91
988.01
987.05
17019.99
1056.91
997.78
993.01
983.00
1045.94
1019.95
1029.01
1033.07
1025.92
1027.82
1025.20
1029.97
1025.20
1024.96
1028.06
17102.96
986.10
962.02
962.97
978.95
959.87
960.83
957.01
953.91
995.87
987.05
991.11
17035.96
1094.10
1048.09
1044.99
1021.86
963.93
960.83
958.20
963.93
958.92
954.15
956.06
958.92
955.82
957.97
960.11
16996.15
1039.98
984.91
980.14
990.15
983.95
980.14
981.09
984.91
970.84
979.19
975.13
988.96
981.09
987.05
974.89
981.09
17097.00
1024.01
1016.14
1019.95
1016.86
1015.90
1013.99
1014.95
1015.19
1015.90
1019.00
1006.13
951.05
956.06
963.21
16994.95
1024.96
976.09
965.12
957.97
1052.86
1040.94
1038.07
1057.15
1037.84
1019.00
1024.01
25061.85
1033.07
989.91
983.00
977.99
998.97
993.01
992.06
998.97
995.87
995.16
996.11
25022.03
1020.19
983.00
975.13
978.95
976.80
977.99
972.99
983.00
977.99
976.09
980.14
17009.02
1043.08
1020.91
1005.17
995.87
994.92
991.11
990.15
988.96
990.15
992.06
982.05
25036.10
1108.17
1065.02
1060.01
1065.97
1070.98
1065.97
1050.00
1055.96
1050.00
1058.10
25073.05
1106.98
1043.08
1041.17
1020.91
1024.96
1023.05
1019.00
1024.96
1020.91
1020.91
1019.95
25067.81
1064.06
1018.05
1012.09
1029.01
1014.95
1008.99
1020.91
993.01
1000.88
1003.98
988.01
25113.11
1050.95
1039.03
1019.95
964.88
989.20
993.97
994.92
995.16
988.96
989.91
988.01
21139.86
1052.86
1036.88
1046.90
1039.98
1044.99
1035.93
1045.94
1039.98
1040.94
1042.13
1019.95
1009.94
1007.08
1012.09
1024.01
1010.89
1014.95
1013.04
1024.96
1016.86
1017.81
1009.94
1003.03
983.95
987.05
978.95
17075.06
1022.10
1007.08
999.93
989.91
1013.04
1015.19
1008.03
1007.08
1012.09
1003.03
1009.94
1015.19
1008.03
1003.98
1001.83
17096.04
991.11
987.05
977.99
996.11
987.05
985.15
982.05
979.90
994.92
989.20
977.99
993.01
974.89
969.17
972.99
17068.15
981.09
970.13
968.93
976.09
969.17
972.99
962.97
982.05
966.07
965.12
968.93
949.86
957.01
967.98
966.79
17019.03
1037.12
1003.03
996.11
982.05
977.99
993.97
991.11
992.06
988.01
997.07
988.01
991.11
990.15
988.96
986.81
17031.91
1025.92
989.91
983.95
980.85
972.03
978.95
974.89
977.99
1008.03
1029.97
1025.92
25067.09
1013.04
974.89
970.84
13010.03
1066.92
1029.97
1013.99
988.01
968.93
964.88
965.83
968.93
967.03
964.88
961.78
24986.98
1010.89
976.09
964.16
970.13
967.03
962.97
962.97
959.16
966.07
958.92
958.92
957.97
21101.95
1041.89
1037.84
1044.99
983.00
978.95
972.99
968.22
977.99
960.11
959.16
962.02
25088.07
995.87
978.23
982.05
978.95
978.95
976.09
972.99
978.95
965.12
971.08
967.98
25050.88
977.04
962.02
967.03
970.84
960.83
959.87
957.01
970.84
962.97
958.92
962.02
953.91
1006.84
993.97
1012.09
17070.06
1097.92
1067.16
1051.90
1016.86
979.90
975.85
978.95
981.09
972.03
972.99
967.03
970.84
957.97
962.02
957.97
15634.06
1075.98
1021.86
1009.94
1008.03
1018.05
1008.03
1010.89
1008.03
5028.01
998.97
959.87
955.82
4987.96
1057.15
1034.98
1022.10
5054.00
1056.91
1046.90
1038.79
5049.94
993.01
969.89
970.13
4975.08
1003.03
973.94
975.13
975.13
973.94
965.12
966.07
969.17
963.93
961.07
964.88
960.83
953.91
957.01
960.83
958.92
17147.06
1079.08
1056.91
1028.06
967.03
965.83
962.02
967.03
958.20
958.92
957.01
959.87
965.83
960.83
950.81
954.87
17069.82
1007.08
987.05
983.00
991.82
981.81
982.05
988.01
963.93
967.98
965.12
966.07
966.07
967.03
959.16
970.13
17055.03
1065.97
1032.83
1035.93
1034.98
1030.92
1031.88
1032.11
1035.21
1026.87
1027.82
1032.83
989.91
998.97
995.87
987.05
17081.02
997.07
987.05
988.96
1042.84
1044.99
1044.99
1040.94
1044.03
1048.09
1042.13
17070.06
1035.93
993.97
984.91
993.01
987.05
979.90
977.99
983.95
968.93
976.09
972.03
25018.22
1037.12
1010.89
988.96
1002.07
988.01
984.91
991.82
990.87
983.00
977.04
982.05
25031.81
1049.04
1006.13
998.02
1012.09
1005.17
1003.98
1005.17
997.07
1032.11
1050.00
1039.98
25118.11
1014.95
1001.12
992.06
1022.10
1008.99
1000.88
996.11
1004.93
1008.99
996.11
998.97
25065.90
977.99
968.93
964.16
972.99
965.12
960.11
967.98
972.03
961.07
962.97
969.89
25016.07
1019.00
979.90
972.03
988.96
970.13
966.07
972.03
967.98
972.99
976.80
975.85
975.85
1023.05
1030.92
1034.98
1039.98
1037.84
1035.93
1034.02
17091.99
1008.99
1000.88
1002.79
1002.07
990.87
993.01
992.06
1006.13
997.07
998.97
994.21
990.87
1013.99
1023.05
1007.08
17102.00
1013.99
1006.13
1003.03
1029.01
1014.95
1003.98
1003.03
1008.99
993.01
1000.88
1003.98
1009.94
999.93
1008.03
992.06
17091.99
1008.99
1007.08
1002.07
1001.12
987.05
992.06
994.92
1010.18
998.02
1004.93
1000.88
1008.03
1005.89
999.93
993.01
17075.06
998.97
1000.17
999.93
999.93
990.15
992.06
1008.99
995.87
989.20
988.01
994.21
963.93
954.87
964.88
964.16
17071.01
978.95
964.16
962.97
1014.23
1019.95
1016.14
1013.04
1018.05
1008.99
1018.05
1014.95
1014.95
1014.95
1016.86
17045.97
1034.02
990.15
977.99
983.00
988.01
986.10
980.14
13004.06
1028.78
984.91
982.05
969.17
1014.95
1034.98
1032.11
1035.93
1033.07
1032.83
1029.01
25064.95
1019.95
986.10
986.10
989.91
988.01
979.90
978.95
988.01
983.00
976.09
986.10
25012.97
1018.05
976.09
969.89
970.84
967.98
962.97
965.83
962.97
974.89
967.98
971.08
968.93
25094.03
1009.94
998.02
997.07
997.07
988.96
995.16
996.11
990.87
994.92
988.96
25013.92
1096.01
1044.03
1039.03
1026.87
1002.07
992.06
1010.18
1003.03
1008.99
990.87
996.83
29048.92
1024.01
981.09
972.99
988.96
977.99
975.85
964.88
964.16
965.12
964.88
959.87
962.97
962.97
958.92
967.98
957.01
967.03
962.02
964.16
967.03
17070.06
1022.82
1008.03
1008.99
1015.19
1010.89
1003.03
1006.13
997.07
976.09
976.09
976.09
983.95
974.89
972.99
971.08
13079.88
1016.86
993.97
993.01
1003.03
988.01
985.15
977.99
17058.85
985.86
970.13
967.98
989.20
1017.09
1028.06
1032.11
1035.93
1020.91
1019.95
1027.11
1033.07
1021.15
1020.91
17052.89
1058.82
1008.03
1003.03
1007.08
1017.09
1027.11
1011.13
1030.92
1024.01
1018.05
1018.05
25046.11
1028.06
984.91
988.96
988.01
978.95
985.15
978.95
989.91
990.15
978.95
979.90
17026.90
1015.90
979.19
973.94
967.98
1001.12
1000.88
1003.98
1008.03
998.97
1001.12
1000.88
33053.87
1067.88
1034.02
1034.98
1041.17
1034.02
1036.17
1029.97
1020.91
1016.14
1004.93
1009.94
25091.17
1024.01
1010.18
1012.09
1043.08
1029.01
1011.13
1016.14
1019.00
1019.00
1015.90
25035.14
1032.11
987.05
972.99
986.10
973.94
976.09
972.99
968.93
978.95
972.99
970.84
973.94
17080.07
977.04
966.07
962.02
965.12
958.92
960.83
957.01
961.07
957.01
957.01
957.97
962.97
1052.86
1055.00
1046.90
17119.88
1030.92
1013.99
1013.04
1008.03
971.08
972.99
969.89
976.09
962.02
957.97
962.02
967.03
962.02
961.07
959.87
17037.87
1064.06
1030.92
1020.91
1034.02
1024.01
1024.01
1022.10
1013.99
982.05
974.18
971.08
994.92
969.89
972.03
975.85
972.99
962.97
959.87
960.11
969.17
957.97
967.98
965.12
977.04
977.99
976.80
972.99
17003.06
1013.99
992.06
988.01
989.20
981.09
981.09
981.09
998.02
982.05
982.05
987.77
978.95
1019.95
1025.92
1017.09
17063.14
1009.94
977.04
977.04
966.07
993.01
989.91
1003.98
998.97
993.97
997.78
993.97
994.21
997.07
993.01
987.05
17039.06
1038.07
994.92
993.01
988.01
984.91
983.00
982.05
977.04
996.83
1005.89
1015.19
1013.99
1002.07
1005.17
997.07
17045.02
1024.01
992.06
991.11
986.10
982.05
973.94
977.99
977.04
972.99
972.99
972.03
972.99
995.87
993.97
987.05
17017.13
1047.13
997.07
984.19
981.09
957.97
967.03
962.02
24978.88
1092.91
1029.97
1019.00
1016.86
1016.14
1010.18
1004.93
25046.83
1031.88
990.87
979.90
984.91
990.15
988.01
975.13
992.06
1023.05
1015.90
1020.19
25054.93
1020.91
987.05
974.89
981.09
1029.97
1025.92
1021.15
1030.92
1023.05
1028.06
1023.05
25099.99
1017.09
1003.03
993.97
1000.17
987.05
983.95
985.86
999.93
987.05
992.77
993.01
25082.11
989.91
972.03
967.98
972.03
963.93
970.13
966.07
968.93
957.01
960.11
967.03
29003.14
1052.14
1015.90
1010.89
1011.85
1011.85
1007.80
1008.03
1013.04
1013.04
1003.98
1007.80
999.93
1007.80
1001.83
1003.03
13114.93
1042.84
1016.86
1008.03
1023.05
1010.18
1010.89
1008.03
978.95
966.79
973.94
967.98
983.95
980.14
982.05
978.95
17101.05
1003.03
984.19
983.00
991.11
985.15
975.13
979.90
979.90
974.89
976.09
972.03
969.17
1003.98
1012.09
1009.23
17109.87
1016.86
1005.89
1004.93
1002.07
980.14
976.09
973.94
976.80
967.98
968.93
964.88
969.89
964.16
962.02
964.16
17009.97
1005.89
963.93
964.16
965.12
963.93
962.02
957.01
952.96
999.93
1007.08
1005.17
1003.03
1001.12
993.97
998.02
17023.09
1001.12
967.98
959.87
960.83
962.02
962.97
960.83
964.88
974.89
965.12
962.97
963.93
1018.05
999.93
993.01
983.95
13103.01
1017.81
1010.89
1007.08
1011.85
1005.89
1013.04
1009.94
1003.98
1006.84
1007.80
25040.86
1031.88
979.90
965.83
966.79
967.98
969.17
961.07
965.12
25058.98
984.91
969.17
965.12
973.94
962.97
970.13
966.07
952.01
976.09
972.99
972.99
25072.10
1001.12
988.01
984.19
1003.98
1000.17
999.93
989.91
1009.94
999.93
990.15
993.01
1002.07
991.82
979.90
985.15
990.15
983.00
977.04
981.81
25083.07
1066.92
1037.84
1035.93
1045.94
1036.88
1039.98
1034.02
1068.12
1065.97
1059.06
25105.00
1039.03
998.97
988.01
1003.98
994.92
993.97
986.10
988.01
1006.84
996.83
1001.83
1003.03
1008.99
1002.79
1004.93
29041.77
1030.92
1010.89
996.11
999.93
989.91
1000.17
992.06
990.15
992.06
973.94
971.08
966.07
1003.98
998.97
995.16
17037.15
1065.97
1027.82
1023.05
1007.08
973.94
974.89
970.13
979.19
972.99
966.07
959.16
965.12
963.93
956.06
956.06
16998.05
1025.92
968.93
969.17
973.94
964.88
965.12
962.97
962.97
977.04
990.15
1003.98
999.93
1003.03
1008.99
1001.12
988.01
17055.03
974.89
965.83
964.88
974.18
960.11
958.92
959.87
973.94
965.12
961.07
965.12
971.08
983.00
979.19
977.04
17092.94
1039.98
1013.99
1008.03
993.01
965.12
962.97
962.02
968.93
964.88
956.77
966.07
967.03
960.11
961.07
957.97
16994.00
1005.17
977.99
973.22
985.86
979.90
968.93
969.17
974.89
970.84
965.83
969.89
25008.20
1019.95
978.95
970.13
972.03
974.18
967.03
967.03
967.98
973.94
963.93
965.83
962.97
21070.00
987.05
968.93
969.89
977.99
972.03
972.03
976.09
977.99
976.80
972.03
973.94
25059.94
982.05
965.83
963.21
968.93
963.93
962.02
958.92
13039.11
988.01
970.84
967.03
967.98
966.07
964.88
965.12
969.17
962.97
961.07
962.02
25001.05
1058.10
1018.05
1006.13
1003.98
1011.13
1007.08
1001.12
976.09
969.89
969.89
972.03
37015.91
1024.96
977.99
967.03
970.13
963.93
962.02
968.93
968.93
966.07
957.01
965.83
960.83
25138.85
1044.03
1034.98
1051.90
1034.98
1024.01
1039.98
1022.10
1019.00
1010.89
1014.95
25047.06
1056.91
1024.01
1022.82
1020.91
1012.80
1013.99
1006.13
999.93
974.89
985.86
983.95
25095.94
1018.05
1003.98
999.21
979.90
989.91
984.91
985.15
986.10
984.91
988.01
983.95
25072.81
1009.94
1001.12
997.07
1003.03
985.86
990.87
991.11
1000.17
992.06
993.97
988.96
25083.07
1015.90
1018.05
1004.93
977.99
984.91
981.09
972.99
1005.89
983.95
980.14
983.00
25074.96
1029.97
1023.05
1022.10
1028.06
1008.03
1008.99
1013.04
998.02
997.07
991.82
989.91
9056.09
976.09
973.94
965.83
972.03
965.12
967.98
965.12
954.15
1001.83
998.02
997.07
25110.96
1028.06
1018.05
1024.96
959.87
966.79
967.98
966.07
974.18
973.94
975.13
977.99
25061.85
995.87
994.92
987.05
985.15
992.06
982.05
979.19
991.82
983.00
983.95
986.81
25074.01
1021.15
994.92
998.02
1004.93
995.16
996.11
1003.03
1000.17
993.97
993.01
995.87
25092.84
1017.09
1007.08
1009.94
1009.94
1007.08
1000.17
997.07
1023.05
1026.15
1019.00
1021.15
25095.94
1003.03
1003.98
1004.93
984.91
989.91
992.77
998.97
987.05
983.00
992.06
988.01
994.21
984.91
992.06
988.96
17089.13
991.11
986.10
994.92
981.81
978.95
979.19
977.04
993.97
1003.98
1000.17
998.02
1006.13
998.97
995.16
992.06
17060.04
986.10
981.09
980.14
979.90
976.80
984.91
980.14
988.01
975.13
977.04
975.13
988.01
1023.05
1019.00
1005.89
17125.84
1038.07
1043.08
1046.90
962.97
967.03
956.06
956.06
964.88
959.87
959.16
955.10
962.97
952.01
956.06
954.15
954.87
1023.05
1023.05
1019.95
17102.96
1001.12
983.95
988.96
975.13
960.11
952.96
956.06
964.16
953.91
953.91
962.97
966.07
961.07
963.93
957.97
17019.99
1081.94
1040.22
1034.02
1043.08
1036.17
1034.02
1032.11
1035.93
1030.92
1037.12
1032.11
993.97
987.05
987.05
985.86
17069.10
1022.82
1005.89
1001.83
13112.07
1020.91
1008.99
1015.90
1008.99
1017.09
1015.90
1009.94
1007.08
1006.13
1007.08
21048.07
1065.97
1013.04
1008.03
998.02
972.03
981.09
979.90
993.01
983.00
989.91
981.09
25007.01
1005.89
965.83
962.02
968.93
962.97
960.11
960.11
957.97
960.11
969.17
962.02
967.03
25061.85
975.85
957.97
961.07
965.12
957.97
957.97
952.01
961.07
957.97
957.97
953.91
25001.05
1002.79
964.88
959.87
961.78
957.01
961.07
962.02
971.79
1016.86
1008.99
1023.05
25050.16
1008.99
967.03
963.93
962.02
1027.82
1037.84
1039.98
1040.94
1033.07
1029.97
1031.16
1047.13
1029.97
1028.06
1032.83
17112.97
1021.15
1005.89
1009.94
1006.13
1018.05
1008.03
1001.83
1005.89
1041.89
1026.15
1032.11
17098.90
1028.06
1004.93
1005.89
998.97
1008.99
1009.94
1013.99
998.02
1004.93
1000.17
1010.89
1002.07
1005.17
1001.12
17041.92
1051.90
1003.98
1003.03
1012.09
991.82
990.87
993.01
980.85
1010.89
1010.89
998.02
1012.09
1017.09
1012.09
1000.17
17049.07
1013.99
993.97
985.15
979.90
983.00
976.09
978.95
988.01
981.09
981.09
972.99
970.13
984.19
986.10
977.04
16999.96
1065.97
1016.14
1012.09
1013.04
978.95
978.95
983.00
988.96
981.09
985.15
981.09
987.05
979.19
978.95
985.86
17005.92
1046.18
1002.07
993.01
998.97
991.11
989.91
983.95
991.11
988.96
1000.88
1002.07
1002.79
988.96
993.01
989.91
17023.09
1044.03
1003.03
1004.93
1005.89
1004.93
1000.17
1003.03
1008.99
1002.07
999.93
998.97
999.93
985.86
994.92
988.01
9012.94
1019.95
993.01
983.95
988.01
975.85
981.81
970.84
979.90
970.84
972.03
962.97
966.07
1041.89
1065.02
1068.83
25105.00
1050.00
1013.99
1003.03
1004.93
1018.05
1013.04
1015.90
1016.86
1009.94
1007.08
1006.13
25058.03
1039.98
1014.95
1007.08
1019.00
996.83
1001.83
997.07
1005.89
994.92
997.07
995.16
25082.11
1003.98
985.86
988.01
989.91
986.10
981.09
981.09
984.19
977.04
977.99
979.90
25081.16
1007.08
984.19
979.90
993.97
978.95
979.90
978.95
972.03
1007.08
1025.92
1008.99
25109.77
1026.87
1001.83
1004.93
998.02
1014.23
1014.95
1012.09
1011.85
1013.99
1008.03
1008.03
25073.05
980.85
958.92
960.83
973.94
957.01
964.88
964.88
988.01
1004.93
1003.03
1010.89
1010.89
1003.98
1013.04
1009.94
17053.84
972.99
975.13
975.13
978.95
969.89
974.18
971.08
974.89
972.99
971.08
977.04
969.89
981.09
974.18
972.03
17021.18
1037.12
1002.07
994.92
983.00
983.00
988.96
988.96
1000.88
1004.93
991.11
983.00
993.97
983.95
985.86
984.91
17035.01
1034.02
997.07
1001.12
999.93
993.97
983.95
988.01
977.04
993.01
995.87
995.87
1001.12
1002.07
1001.12
996.11
17044.07
1015.90
987.05
988.01
997.07
991.11
987.05
987.05
992.06
982.05
985.86
981.81
973.94
1002.07
998.02
1012.80
17050.98
1062.15
1035.93
1024.96
1019.00
977.04
975.85
974.89
980.85
978.95
976.09
976.09
979.90
978.95
985.15
978.95
29026.03
1045.94
1008.99
1003.98
991.11
977.99
974.89
980.85
978.95
986.10
985.15
984.91
25022.98
996.11
962.02
958.92
962.97
963.93
955.82
952.96
975.13
952.96
957.01
958.92
955.82
968.93
959.16
960.11
958.92
1014.23
1043.08
1046.90
1051.90
25083.07
1016.86
1008.99
993.97
1013.99
1029.01
1020.19
1019.95
1021.15
1017.09
1019.00
25048.97
1073.12
1028.06
1023.05
1027.11
1024.01
1025.20
1019.00
1028.06
1022.82
1022.82
1022.10
29119.01
1005.89
993.97
988.01
958.92
985.15
986.10
988.01
17081.98
1015.90
1000.17
993.01
1001.12
988.01
993.01
993.97
988.01
960.83
966.07
964.88
977.04
968.93
964.88
972.03
17056.94
1059.06
1035.21
1023.05
1033.07
1024.96
1022.82
1024.01
1034.02
1031.16
1024.96
1027.11
1033.07
1025.20
1019.95
17052.17
1022.10
980.14
970.13
972.99
1013.99
1029.01
1026.15
1025.92
1022.82
1019.95
1025.20
1029.01
1024.96
1021.86
1022.82
17056.94
1051.90
1003.98
1013.04
1007.08
1009.94
1004.93
1006.13
1004.93
1006.84
1014.95
1013.04
1013.99
1015.90
1011.85
1013.99
17081.98
1023.05
1005.89
1003.03
1004.93
998.97
1001.83
1000.88
1002.07
1000.17
1003.03
997.07
986.81
993.01
998.97
996.83
17111.06
1004.93
992.06
996.11
979.19
997.07
998.02
1008.99
1009.94
1006.13
1001.12
999.93
1008.03
1011.85
998.02
1008.99
13087.03
1008.99
991.11
987.05
1009.94
1013.99
1002.07
1014.95
13047.93
992.06
990.87
983.00
981.09
986.10
979.90
985.86
983.95
978.95
982.05
984.91
25111.91
1021.86
1004.93
1002.07
1005.17
1004.93
1000.17
1001.12
1003.98
994.92
1001.12
25027.04
1062.15
1022.10
1011.13
1015.90
1009.94
1000.17
1003.03
1002.07
1013.99
1022.10
1011.13
25051.12
1063.11
1035.93
1014.95
1001.12
963.93
958.92
956.06
961.07
959.16
961.07
968.93
24988.89
1013.04
975.13
963.93
967.03
962.02
966.07
962.97
958.20
963.93
962.02
955.82
954.87
17088.89
1003.98
1008.99
990.87
991.82
991.82
985.86
987.05
992.06
983.00
980.85
977.99
945.09
969.89
967.98
971.08
17110.11
1063.11
1053.09
1049.04
980.14
988.96
985.86
979.90
992.77
980.85
985.86
978.95
988.01
979.90
981.09
977.04
17095.09
1030.21
1009.94
1008.99
1015.90
1008.03
1001.12
1001.12
987.05
994.92
982.05
988.96
998.97
986.81
987.05
977.04
17076.02
995.87
989.20
990.87
994.92
987.05
983.95
977.99
988.96
981.09
980.14
984.91
988.01
977.04
981.09
968.93
17088.89
1022.82
1015.90
1013.04
981.81
982.05
982.05
976.09
988.01
978.95
979.90
969.17
983.95
974.89
976.80
979.90
17093.90
1002.07
993.97
987.05
996.11
983.95
974.89
972.99
961.07
987.05
993.97
994.92
999.93
993.01
992.06
996.11
13082.98
979.90
961.07
967.98
972.03
967.03
962.02
967.03
962.97
955.10
971.08
967.03
29010.06
1013.99
973.94
965.83
964.88
967.98
967.98
957.01
961.07
957.97
955.82
958.92
24981.98
1020.91
971.08
958.92
961.07
964.88
953.91
958.92
956.06
962.02
957.01
953.91
952.96
25089.98
1001.12
990.87
985.86
987.05
983.95
978.95
973.94
964.88
1003.03
999.93
1003.03
25134.80
1032.11
1008.99
1008.99
990.87
963.93
970.13
967.98
970.84
971.08
969.89
967.03
25078.06
1037.12
1025.92
1023.05
1030.92
1033.78
1019.00
1021.15
1023.05
1019.00
1023.05
25028.23
1089.10
1021.15
1017.09
1021.15
1020.91
1018.05
1018.05
13036.97
1050.00
997.07
1003.03
999.21
999.93
993.01
1001.12
1009.94
1037.84
1026.87
1014.95
1027.11
1024.01
1022.10
1019.00
17084.84
983.00
971.08
968.93
968.93
967.03
961.07
970.13
970.13
957.01
962.97
963.93
952.96
971.08
963.93
960.83
24992.94
1058.82
1013.04
1005.89
1001.83
986.81
987.05
988.01
997.07
1018.05
1004.22
1013.04
1006.13
1006.13
1000.88
1004.93
17030.95
1019.95
988.96
983.95
983.00
983.00
979.90
988.01
993.01
982.05
979.90
992.06
984.91
983.00
992.06
983.95
17021.89
1086.95
1067.16
1053.09
1073.12
1084.09
1065.02
1065.02
1031.16
981.09
973.94
983.95
981.09
976.09
967.98
967.03
5013.94
1034.02
1032.11
1024.01
1034.02
1019.95
1023.05
1026.15
1027.11
1029.97
1013.99
1022.82
1029.97
1050.00
1047.85
17081.98
1011.85
969.89
953.20
957.01
1027.11
1018.05
1034.02
1033.07
1035.21
1031.88
1033.07
1040.94
1035.21
1031.88
1036.88
21060.94
1043.08
1005.17
996.11
9062.05
1060.01
1045.94
1044.99
9135.96
1073.12
1065.02
25095.22
1104.12
1065.02
1040.94
1049.04
1039.98
1039.03
1042.84
1015.90
970.84
972.03
969.89
25020.84
1055.96
1009.94
1006.13
986.10
975.13
967.03
972.99
965.83
959.87
963.93
962.97
24998.90
