1452.92
1425.98
1429.08
1402.85
17541.89
1494.88
1423.84
1439.09
1409.05
1395.94
17636.06
1441.96
1404.05
1404.05
1384.97
17525.20
1497.03
1405.00
1417.16
1399.04
1396.18
17619.13
1437.90
1466.99
1414.06
1393.08
17506.84
1487.02
1402.85
1408.82
1415.97
1400.95
17611.98
1451.97
1420.02
1409.05
1417.88
17527.82
1496.08
1420.97
1429.08
1406.19
1410.01
17622.95
1463.17
1436.00
1417.88
1413.82
17544.03
1499.18
1430.03
1420.97
1410.01
1401.90
17650.13
1451.02
1415.01
1403.81
1408.10
17543.08
1500.84
1439.81
1405.95
1405.95
1397.13
17627.95
1457.93
1426.94
1416.92
1418.11
17550.95
1501.80
1422.88
1412.87
1410.01
1387.12
17633.20
1436.00
1423.84
1407.86
1404.05
17543.08
1492.98
1436.00
1437.90
1452.92
17577.17
1562.12
1441.00
1430.03
1420.97
1401.90
17590.05
1473.19
1427.17
1450.06
1415.01
17505.88
1513.00
1408.10
1428.13
1420.02
1423.84
17627.00
1455.78
1401.90
1415.97
1405.00
17524.00
1492.98
1417.88
1407.86
1405.95
1398.80
17612.93
1461.03
1399.99
1426.94
1409.05
17539.98
1502.04
1424.07
1441.00
1424.79
1415.01
17655.13
1456.02
1440.05
1428.13
1409.05
17563.10
1520.87
1430.03
1420.97
1396.89
18299.82
1492.02
1414.06
1429.08
1399.04
1412.87
17644.88
1436.00
1414.06
1393.80
1443.86
17539.98
1492.98
1416.21
1427.17
1388.07
1399.99
17643.93
1442.91
1415.01
1413.11
1405.00
17526.87
1530.89
1436.00
1422.88
1420.02
1414.06
17629.15
1447.20
1421.93
1412.87
1403.81
17529.96
1507.04
1446.01
1425.03
1415.01
1395.94
17606.97
1441.96
1446.01
1442.91
1401.19
17542.12
1480.10
1409.05
1421.93
1410.96
1408.10
1600.03
1431.94
1428.84
1400.95
1391.89
1401.90
1399.99
1380.92
17616.99
1441.96
1393.08
1410.01
1388.79
17515.90
1524.93
1427.89
1416.92
1415.01
1402.14
17636.06
1471.04
1443.15
1455.07
1475.10
17527.10
1505.85
1422.88
1426.94
1410.01
1425.03
17634.87
1437.90
1421.93
1405.95
1390.22
17534.97
1502.04
1417.16
1411.91
1386.88
1385.93
25632.86
1445.06
1420.02
1405.00
1412.87
1400.95
1390.22
1380.92
17529.96
1490.83
1422.88
1437.90
1410.96
1402.14
17654.90
1449.11
1445.06
1424.07
1415.01
17536.88
1493.93
1426.94
1430.99
1399.99
1399.04
17589.09
1458.17
1418.11
1399.99
1394.99
17544.03
1494.88
1409.05
1415.97
1399.99
1394.03
17611.98
1465.08
1426.94
1413.11
1418.83
17576.93
1518.01
1409.05
1427.89
1406.91
17462.02
1554.97
1437.19
1427.89
1411.91
1388.07
17543.08
1489.88
1411.91
1419.78
1416.92
17482.04
1561.16
1438.14
1451.02
1415.01
1403.09
17589.09
1474.86
1415.97
1431.94
1430.03
17510.18
1499.18
1430.03
1420.02
1412.87
1377.82
17575.98
1444.82
1397.85
1425.03
1403.09
17472.98
1563.07
1420.97
1418.83
1415.01
1399.04
17539.98
1468.18
1410.96
1423.84
1396.89
17452.00
1544.24
1414.06
1425.03
1407.86
1394.99
17536.88
1498.94
1426.94
1413.82
1405.95
1405.00
17617.94
1470.09
1538.99
1428.84
1403.09
17614.13
1469.14
1413.11
1415.01
1408.10
17519.95
1500.13
1435.04
1419.78
1402.85
1379.01
17608.17
1446.96
1419.07
1425.98
1403.81
17513.99
1508.95
1409.05
1420.97
1410.96
1410.96
17616.03
1464.13
1410.01
1415.01
1383.07
17512.08
1505.85
1420.97
1423.12
1411.20
1401.90
17610.07
1458.17
1419.07
1431.94
1419.07
17531.16
1510.14
1476.05
1426.94
1395.23
1394.03
17625.09
1438.86
1400.95
1414.06
1390.22
17529.01
1492.98
1410.96
1425.03
1409.05
1402.85
17622.95
1489.88
1448.87
1405.00
1410.01
17506.84
1491.07
1414.06
1413.82
1399.99
1403.09
17630.82
1433.13
1445.06
1409.05
1410.01
17532.11
1501.08
1426.94
1414.06
1394.99
1402.85
17634.87
1460.08
1428.13
1405.95
1411.91
25535.82
1495.12
1439.09
1461.03
1411.91
1404.05
1412.87
1393.80
1389.98
17616.03
1431.94
1415.97
1409.05
1406.91
17520.19
1500.13
1403.09
1417.16
1399.99
1399.04
17617.94
1430.03
17516.14
1510.86
1410.01
1424.07
1399.99
1388.07
1405.00
1394.03
1385.93
17658.95
1441.00
1420.02
1421.93
1401.90
17591.95
1598.83
1415.97
1418.83
1406.91
14865.88
1443.86
9507.89
1472.00
1425.98
9492.16
1466.04
1420.97
9607.08
1449.82
9500.98
1469.85
1443.86
9530.07
1461.98
1411.91
9557.01
1413.11
9416.10
1516.82
1416.92
9503.84
1481.06
1441.00
9542.94
1451.02
10241.03
1474.14
1430.99
9573.94
1433.85
1407.86
9534.84
1416.92
9480.95
1468.90
1408.82
9474.99
1451.02
1436.00
9544.13
1431.94
9464.98
1487.02
1397.13
9469.03
1461.03
1428.13
9500.03
1446.01
1404.05
9561.06
1419.78
9455.92
1476.05
1466.04
9487.87
1459.12
1403.09
9554.15
1419.07
1399.99
9546.04
1422.17
9483.10
1475.10
1424.07
9481.91
1462.94
1420.97
9557.01
1455.07
9474.04
1496.79
1427.89
9493.11
1461.98
1415.01
9541.99
1445.06
1430.99
9569.88
1421.93
9482.86
1461.98
1412.87
9484.05
1462.94
1419.07
9549.14
1431.94
1378.06
9526.97
1412.87
9462.83
1447.92
1415.97
9464.98
1461.03
1395.23
9531.97
1410.96
1388.07
9538.17
1415.97
9464.98
1452.21
1410.01
9475.95
1451.97
1399.99
9536.98
1436.00
1398.09
9545.09
1414.06
9480.00
1454.11
1399.04
9474.99
1449.11
1410.96
9532.93
1416.92
1397.85
9554.86
1416.92
9468.08
1461.03
1413.11
9459.02
1459.84
1399.99
9537.22
1423.12
1400.95
9532.93
1430.99
9484.77
1459.12
1398.09
9472.13
1454.11
1413.11
9551.05
1425.98
1404.05
9520.05
1423.12
9489.06
1451.02
1405.95
9480.00
1455.07
1410.96
9552.96
1424.07
9438.99
1514.91
1412.87
9476.90
1462.94
1412.87
9474.99
1452.21
1407.15
9547.95
1422.88
5477.91
1489.88
1415.97
1420.02
1396.89
1395.94
21512.99
1477.96
1430.99
9572.03
1427.89
9464.03
1480.10
1410.96
9483.10
1462.94
1408.10
9535.79
1430.03
1401.19
9555.10
1421.93
9473.09
1473.19
1405.00
9487.87
1461.03
1410.01
9552.96
1434.80
1399.04
9541.99
1425.03
13503.07
1476.05
1421.93
1421.93
1398.80
1400.95
13561.96
1428.13
1407.15
9535.07
1412.15
13509.04
1472.00
1408.10
1408.10
1401.19
1399.99
13563.87
1436.95
1418.83
9546.04
1416.92
12265.92
1486.06
1409.05
1397.13
1417.16
1401.19
1389.03
17620.09
1430.99
1428.13
1399.99
1399.99
17511.13
1482.01
1414.06
1413.11
1410.96
1400.95
17619.13
1436.00
1416.92
1397.13
1390.93
17511.84
1501.08
1418.11
1417.88
1408.82
1405.95
17608.88
1442.91
1410.96
1408.10
1394.99
17514.94
1488.92
1405.00
1415.97
1405.00
1401.90
17617.94
1461.98
1429.08
1407.15
1399.04
17515.90
1498.94
1411.91
1410.01
1405.95
1401.19
17612.93
1441.00
1400.95
1415.97
1390.22
17499.92
1490.12
1408.10
1417.88
1411.91
1410.96
17594.10
1443.15
1402.14
1415.01
1389.98
17469.17
1510.14
1420.02
1415.01
1389.98
1384.97
17537.12
1476.05
1402.85
1416.92
1401.19
1391.17
17603.87
1429.08
1425.98
1399.04
1399.99
17512.80
1486.06
1415.01
1420.02
1405.95
1399.99
17607.93
1431.94
1412.15
1411.91
1388.79
17542.84
1487.97
1407.86
1410.96
1403.09
1395.23
17636.06
1440.05
1412.87
1411.91
1400.23
17523.05
1485.82
1400.95
1408.82
1392.84
1406.91
17632.96
1422.88
1418.83
1406.91
1408.82
17525.91
1500.13
1414.06
1412.87
1396.89
1387.83
17627.95
1437.90
1410.96
1387.12
1394.03
17522.10
1484.87
1406.91
1413.82
1388.07
1384.97
17611.98
1446.01
1414.06
1409.05
1392.13
17516.14
1491.07
1403.09
1412.15
1402.14
1393.08
17601.97
1447.92
1409.05
1410.96
1405.95
17512.08
1503.94
1415.01
1409.05
1394.99
1390.93
17598.87
1450.06
1414.06
1425.03
1400.95
17511.13
1504.18
1414.06
1414.06
1405.00
1389.03
17591.00
1462.94
1405.95
1425.03
1388.07
17481.09
1508.00
1434.09
1419.07
1408.82
1396.89
17551.90
1460.08
1404.05
1425.03
1397.13
17445.09
1545.91
1415.97
1422.88
1389.03
1389.03
17528.06
1484.87
1420.97
1418.83
1402.85
1384.02
17611.98
1430.03
1427.17
1399.99
1393.80
17516.85
1482.01
1406.91
1429.08
1411.91
1408.82
17628.91
1427.89
1425.98
1401.90
1403.09
17527.10
1482.96
1409.05
1423.12
1382.11
1402.85
17643.93
1430.03
1427.89
1405.95
1398.80
17519.95
1478.91
1407.86
1436.00
1411.20
1392.13
17643.93
1442.91
1410.96
1392.13
1394.03
25534.87
1482.01
1409.05
1432.18
1396.89
1385.93
1399.99
1404.05
1381.87
17607.93
1431.94
1420.02
1399.04
1394.99
17520.90
1487.02
1425.03
1433.85
1406.91
1396.89
17616.03
1442.19
1426.94
1409.05
1391.89
17514.94
1487.02
1401.19
1419.07
1405.00
1386.88
17614.13
1444.10
1410.01
1396.89
1387.12
17530.20
1486.06
1407.15
1420.02
1389.03
1397.13
17641.07
1427.17
1433.13
1399.99
1392.84
17515.90
1485.11
1412.15
1407.15
1411.91
1399.04
17621.99
1432.90
1414.06
1400.95
1382.83
17502.07
1480.10
1414.06
1410.96
1384.02
1384.97
17604.11
1437.90
1408.82
1411.91
1395.94
17496.82
1482.96
1415.97
1413.11
1386.88
1387.83
17586.95
1452.92
1410.96
1416.21
1399.99
17478.94
1502.99
1405.95
1409.05
1400.95
1385.93
17529.01
1476.05
1404.76
1420.97
1396.18
1390.93
17616.03
1422.88
1422.88
1400.95
1389.03
17518.04
1487.97
1415.01
1422.17
1393.08
1387.12
17613.89
1445.06
1428.13
1396.18
1384.02
17531.87
1482.01
1408.10
1422.17
1409.05
1401.19
17615.08
1427.17
1417.16
1410.01
1399.04
17534.02
1477.96
1414.06
1411.91
1393.80
1391.89
17637.01
1436.00
17508.03
1499.18
1413.11
1425.98
1403.09
1390.93
1405.00
1395.94
1384.02
17594.10
1430.03
1414.06
1405.95
1395.94
17513.99
1485.11
1412.15
1408.10
1400.95
1391.17
17600.06
1444.82
1402.85
1414.06
1394.03
17506.12
1490.83
1427.89
1414.06
1399.99
1385.93
17582.18
1440.05
1405.00
1403.09
1405.95
17476.08
1512.05
1400.95
1409.05
1394.03
1389.03
17528.77
1485.11
1408.10
1404.05
1405.00
1384.97
17592.19
1441.00
1420.97
1409.05
1401.90
17532.83
1471.04
1408.10
1408.82
1394.99
1383.07
17604.11
1421.93
1411.20
1410.01
1385.93
17516.14
1482.01
1420.02
1424.07
1396.89
1400.95
17625.09
1436.95
1410.01
1398.09
1391.89
17510.89
1482.01
1415.01
1414.06
1407.15
1393.08
17594.10
1444.10
1408.10
1401.19
1406.91
17519.00
1496.08
1404.05
1422.17
1389.98
1394.99
17620.09
1444.82
1422.88
1396.89
1390.93
17505.88
1502.99
1418.11
1407.15
1394.99
1391.89
17596.96
1446.96
1405.95
1416.21
1388.07
17511.13
1511.10
1412.87
1420.97
1410.01
1398.09
17585.99
1459.12
1408.10
1411.20
1393.08
17483.95
1513.96
1415.01
1410.96
1392.13
1382.11
17539.02
1477.96
1423.12
1407.15
1388.07
1402.14
17605.07
1431.94
1419.07
1401.19
1401.90
17526.87
1482.01
1424.07
1426.94
1405.95
1406.91
17612.93
1436.95
1425.03
1401.90
1390.93
17524.00
1496.08
1412.87
1421.93
1397.13
1409.05
17618.89
1430.03
1410.96
1405.00
1408.10
17529.96
1497.98
1404.05
1424.07
1399.04
1389.98
17638.92
1429.08
1418.11
1408.10
1393.80
17530.92
1477.00
1402.14
1413.11
1395.94
1389.98
17636.06
1432.18
1420.97
1405.00
1399.04
17524.00
1486.06
1425.98
1411.91
1385.21
1400.95
17623.90
1452.92
1415.01
1397.13
1399.04
17527.10
1493.93
1407.86
1416.92
1405.95
1405.00
17611.98
1453.88
1410.96
1394.99
1398.09
17514.94
1489.88
1412.87
1422.88
1410.96
1396.18
17606.02
1445.06
1410.96
1421.93
1390.93
17523.77
1492.02
1410.01
1406.91
1401.90
1387.83
17616.03
1433.13
1420.02
1405.00
1391.17
17523.05
1492.02
1405.95
1410.96
1405.95
1397.13
17615.08
1442.19
1410.96
1415.01
1391.89
17508.98
1500.84
1404.05
1399.04
1408.10
1388.07
17594.10
1442.91
1405.95
1417.16
1384.97
17494.92
1513.96
1419.07
1411.91
1401.19
1389.98
17540.93
1481.06
1406.91
1415.97
1394.99
1397.85
17596.01
1444.10
1417.16
1399.99
1394.99
17521.14
1495.12
1430.03
1417.88
1393.08
1384.02
17622.95
1427.89
1413.11
1415.01
1384.97
17522.10
1482.96
1419.07
1425.98
1399.99
1382.83
17627.00
1437.19
1411.91
1392.84
1404.05
17526.15
1486.06
1416.92
1416.92
1394.99
1382.11
17639.16
1436.00
1421.93
1396.18
1406.91
17524.00
1478.91
1415.97
1414.06
1418.11
1397.13
17624.14
1441.00
1413.11
1406.19
1401.90
17538.07
1484.16
1410.96
1423.84
1399.04
1397.13
17630.10
1437.90
1414.06
1410.96
1401.19
17536.16
1496.08
1413.11
1419.07
1395.23
1405.00
17616.99
1448.15
1415.97
1406.91
1393.80
17526.87
1492.02
1420.02
1416.92
1403.09
1403.09
17622.95
1435.04
1415.97
1410.01
1392.13
17516.14
1491.07
1410.01
1406.91
1396.89
1391.89
17621.99
1443.86
1411.20
1400.95
1392.84
17524.00
1492.02
1410.96
1402.85
1399.04
1394.03
17617.94
1432.90
1404.05
1415.01
1399.99
17515.18
1505.14
1402.14
1414.06
1402.14
1396.18
17596.96
1433.85
1403.09
1410.96
1390.93
17454.15
1529.93
1433.85
1406.91
1397.13
1384.97
17534.02
1480.10
1408.10
1420.97
1400.95
1390.93
17587.90
1425.03
1415.01
1395.94
1391.17
17524.00
1487.02
1406.91
1420.02
1395.94
1391.17
17617.94
1446.01
1413.82
1397.85
1389.98
17522.10
1487.02
1410.01
1417.88
1395.94
1405.00
17639.88
1443.86
1416.92
1399.04
1395.94
17510.89
1489.16
1405.95
1422.88
1395.94
1399.99
17625.09
1438.86
1420.97
1407.15
1394.03
17530.20
1480.10
1407.86
1411.91
1396.18
1387.12
17615.08
1445.06
1418.83
1411.91
1406.91
17509.94
1488.92
1406.91
1409.05
1387.12
1400.95
17623.19
1439.09
1414.06
1402.14
1384.02
17515.90
1497.98
1413.82
1422.88
1409.05
1400.95
17615.08
1435.04
1398.80
1410.96
1392.13
17510.18
1483.92
1410.01
1405.95
1392.84
1389.03
17579.08
1457.93
1399.99
9598.97
1424.07
1402.14
1399.04
1393.08
17509.94
1480.82
1413.11
1425.03
1403.09
1390.22
17605.07
1430.99
1408.10
1413.11
1385.93
17508.98
1487.97
1415.01
1415.01
1390.93
1404.05
17605.07
1431.94
1405.95
1410.96
1392.84
17508.03
1502.99
1427.89
1420.02
1407.15
1400.95
17637.97
1436.95
1433.85
1397.85
1397.85
17509.94
1491.07
1426.94
1425.98
1403.09
1369.95
17594.81
1419.07
1393.80
9570.84
1409.05
1398.80
1403.09
1401.90
17512.08
1481.06
1411.91
1417.16
1389.98
1395.23
17607.93
1425.98
1410.96
1399.99
1386.17
17527.10
1501.08
1410.96
1420.02
1392.84
1385.93
17617.94
1430.03
1424.07
1400.95
1390.93
17515.18
1490.12
1408.10
1415.97
1399.99
1400.95
17621.99
1454.11
1418.11
1394.03
1392.84
17519.95
1497.98
1415.01
1430.99
1399.99
1398.80
17619.13
1446.96
1415.97
1397.85
1394.03
17534.02
1489.88
10772.94
1473.90
1405.95
1433.85
1385.93
1396.89
13590.10
1420.97
9484.05
1481.06
1403.09
9490.97
1470.09
1401.90
9557.01
1432.18
1414.06
9536.03
1422.88
9486.91
1476.05
1401.90
9474.04
1449.11
1405.00
9561.06
1441.96
9442.09
1501.08
1425.03
9483.81
1456.98
1410.96
9504.08
1437.90
1408.10
9557.01
1431.94
9464.98
1462.94
1408.10
9477.14
1451.97
1401.90
9533.88
1441.96
1409.05
9562.97
1425.03
9481.91
1463.89
1408.82
9469.99
1463.89
1420.97
9545.09
1426.94
1418.11
9532.93
1421.93
9480.00
1473.90
1411.91
9474.99
1446.01
1404.05
9552.00
1426.94
1398.09
9520.05
1426.94
9486.91
1472.00
1397.13
9480.00
1477.96
1410.01
9561.06
1424.07
9440.90
1487.97
1403.09
9486.20
1465.08
1410.96
9488.11
1456.98
1399.99
9571.08
1430.03
9449.96
1461.98
1400.95
9481.19
1467.94
1406.91
9521.01
1425.03
1399.04
9551.05
1412.87
9462.83
1460.08
1405.00
9470.94
1453.88
1420.02
9524.11
1441.96
1398.09
9562.02
1425.03
9473.09
1460.79
1411.91
9490.01
1462.94
1412.87
9558.92
1421.93
1410.96
9532.93
1417.88
9495.97
1467.94
1404.05
9480.00
1456.98
1400.95
9561.06
1433.85
9431.84
1500.13
1414.06
9469.99
1459.12
1405.95
9490.01
1461.03
1395.94
9542.23
1416.92
9432.08
1505.14
1408.10
9484.05
1463.89
1396.89
9480.00
1449.11
1405.00
9547.00
1428.84
9449.96
1482.01
1425.03
9479.05
1455.07
1395.23
9490.01
1466.04
1403.81
9558.92
1429.08
9474.99
1472.00
1409.05
9467.84
1455.07
1406.91
9528.88
1435.04
1415.01
9551.05
1415.01
9480.00
1463.17
1428.13
9474.04
1464.84
1414.06
9541.03
1432.90
1398.80
9527.92
1412.15
9485.01
1471.04
1409.05
9480.00
1462.94
1420.97
9552.96
1426.94
9423.97
1501.08
1410.96
9474.04
1468.18
1414.06
9499.07
1452.92
1408.10
9552.00
1430.99
9454.01
1498.94
1416.21
9473.09
1463.17
1405.95
9510.04
1443.15
1409.05
9549.14
1415.01
9460.93
1468.90
1410.96
9484.05
1456.02
1414.06
9523.15
1441.96
1395.94
9543.90
1425.98
8229.97
1472.95
1417.16
1403.09
13502.12
1465.08
1408.10
1433.85
1403.81
1401.90
17582.89
1439.09
1421.93
1410.96
1399.99
17516.14
1493.22
1411.91
1418.11
1393.08
1383.07
17625.09
1436.95
1425.98
1410.96
1393.80
17520.90
1497.03
1409.05
1420.97
1394.99
1392.84
17628.91
1435.04
1430.03
1411.91
1399.99
17533.06
1488.21
1415.01
1421.21
1398.09
1389.98
17631.05
1439.09
1424.07
1410.01
1385.93
17516.85
1493.93
1420.97
1428.13
1405.00
1400.95
17637.01
1423.12
1410.96
1415.01
1402.14
17520.90
1492.98
1407.86
1425.98
1407.15
1394.03
17619.85
1450.06
1416.21
1403.09
1394.99
17516.85
1488.92
1422.88
1419.07
1410.01
1401.19
17625.09
1441.00
1414.06
1412.15
1397.13
17529.96
1505.14
1402.14
1421.93
1399.04
1393.08
17642.97
1436.95
1413.82
1406.91
1392.84
17519.00
1492.98
1409.77
1405.95
1399.99
1397.13
17608.88
1435.04
1440.05
1410.01
1394.03
17520.19
1497.98
1415.97
1408.82
1396.89
1391.89
17627.00
1435.04
1411.20
1409.05
1399.04
17531.16
1497.03
1415.01
1405.95
1397.13
1393.08
17639.16
1450.06
1420.97
1400.95
1397.85
17518.04
1502.99
1416.92
1424.79
1410.96
1399.04
17621.99
1438.86
1425.03
1408.10
1407.15
17522.10
1503.94
1427.17
1420.02
1398.80
1399.99
17616.03
1447.92
1419.07
1396.89
1388.07
17529.01
1489.16
1408.10
1416.92
1414.06
1394.99
17611.03
1445.77
1409.05
1420.02
1389.98
17502.07
1500.84
1409.05
1425.03
1399.04
1391.89
17603.87
1445.06
1417.16
1418.11
1387.12
17498.02
1505.85
1441.00
1429.08
1410.01
1389.98
17571.93
1454.11
1405.95
1420.97
1395.94
17472.98
1527.79
1416.92
1418.83
1392.84
1406.91
17544.03
1480.82
1416.92
1419.07
1405.95
17438.89
1581.19
1419.07
1431.94
1415.01
1399.99
17536.16
1500.13
1408.82
1425.98
1404.05
17442.94
1561.88
1434.09
1410.96
1410.01
1392.13
17522.10
1487.02
1420.02
1422.17
1399.04
1402.85
17610.79
1421.93
1409.05
1405.00
1395.94
17526.87
1489.88
1410.96
1401.90
1401.19
1405.95
17624.86
1426.94
1411.91
1413.82
1399.99
16278.98
1495.12
1418.11
1400.95
1426.94
1392.13
1392.13
25598.05
1430.99
9524.11
1477.96
1415.97
9551.05
1436.00
1402.85
9572.03
1433.13
9492.16
1463.89
1397.85
9486.91
1467.94
1413.11
9564.88
1433.85
1399.99
9522.20
1415.97
9469.99
1468.90
1414.06
9494.78
1460.08
1403.09
9548.19
1430.03
9436.85
1511.10
1415.01
9476.90
1460.08
1418.11
9516.95
1452.92
1405.00
9567.98
1416.92
9471.18
1478.20
1425.98
9472.85
1460.08
1411.91
9546.04
1431.94
1399.04
9546.04
1410.01
9474.99
1463.89
1412.87
9474.99
1454.11
1413.11
9556.06
1425.98
1407.15
9536.98
1425.03
9499.07
1460.08
1410.96
9479.05
1452.92
1407.86
9563.92
1430.99
9431.84
1496.08
1418.11
9480.95
1459.12
1418.11
9489.06
1449.82
1418.83
9551.05
1428.13
9453.06
1469.85
1410.96
9491.92
1463.17
1407.15
9522.91
1420.97
1399.04
9555.10
1418.11
9474.04
1466.99
1407.15
9470.94
1476.05
1410.01
9553.91
1420.97
1415.01
9557.01
1423.84
9485.01
1460.08
1415.01
9486.91
1453.88
1413.11
9552.96
1427.89
1406.91
9536.98
1422.88
9483.10
1470.09
1426.22
5480.05
1459.12
1406.19
1421.93
1390.93
1398.09
21606.92
1453.88
9502.89
1476.05
1405.00
9499.79
1455.07
1410.01
9567.98
1429.80
9485.96
1468.90
1424.07
9493.11
1467.94
1418.11
9577.04
1435.04
1399.04
9544.13
1422.17
9483.10
1463.17
1416.92
9489.06
1451.97
1415.01
9545.09
1424.79
9443.04
1507.04
1429.08
9488.11
1461.98
1414.06
9504.08
1451.97
1413.11
9562.97
1425.03
9480.00
1479.15
1425.98
9483.81
1476.05
1420.97
9549.86
1426.94
1415.01
9535.07
1424.79
9493.11
1472.00
1427.89
9479.05
1474.86
1416.92
9563.21
1434.09
9453.06
1481.06
1409.05
9479.05
1471.04
1407.15
9518.15
1435.04
1405.95
9546.04
1419.07
9460.93
1471.04
1405.00
9480.00
1451.97
1400.95
9514.09
1442.91
1405.95
9555.10
1417.88
9469.03
1471.04
1411.91
9499.07
1458.88
1401.90
9536.98
1441.96
1413.11
9549.14
1421.93
9490.01
1471.04
1415.97
9475.95
1448.15
1413.11
4310.13
1441.00
1417.88
