1199.96
1185.89
21383.05
1200.20
1178.03
21368.03
1220.94
1169.92
21270.99
1299.86
1195.91
21250.01
1322.03
1185.89
21221.88
1356.84
1209.97
1188.99
21986.96
1241.92
17269.85
1306.06
1185.89
1163.01
21361.11
1197.10
1183.99
21399.02
1205.21
1184.94
21374.94
1221.90
1189.95
21296.02
1291.04
1209.97
21276.00
1297.95
1204.97
21252.16
1310.83
1174.93
1173.02
21403.07
1204.97
1185.18
17378.09
1196.86
1175.88
21270.99
1266.00
1171.11
21260.98
1302.00
1177.07
21232.13
1317.02
1186.85
1166.82
21404.98
1212.84
1189.95
21379.95
1215.93
1212.12
21348.00
1253.13
1193.05
21266.94
1321.08
1198.05
17256.02
1306.06
1200.91
1181.13
21366.12
1219.99
1184.94
21450.04
1240.97
1186.85
21380.90
1215.93
1169.92
21292.92
1250.03
1168.97
21237.85
1286.03
1198.05
21220.92
1457.93
1209.02
1171.11
21403.07
1212.84
1169.92
17391.92
1196.86
1175.88
17354.01
1237.15
1198.05
21256.92
1273.87
1182.08
25245.90
1300.10
1204.97
1175.17
21384.95
1208.07
1183.03
17389.06
1206.87
1192.81
21370.89
1230.96
1185.89
25300.98
1302.96
1209.02
17272.95
1286.98
1175.88
17237.90
1306.06
1178.03
1179.93
21390.91
1210.93
1183.99
21370.89
1203.06
1171.11
21258.12
1276.97
1176.12
21284.10
1302.00
1182.08
21239.04
1309.16
1194.00
1184.94
21399.02
1214.98
1185.18
21379.95
1218.08
1196.15
17332.08
1245.98
1190.90
21257.88
1300.10
1199.96
21248.10
1313.92
1183.99
1152.04
21394.01
1198.05
1171.11
21381.14
1207.83
1169.92
21298.89
1257.90
1188.99
21253.11
1298.90
1199.01
21243.10
1308.92
1185.89
1159.91
17381.91
1211.88
1183.03
21375.89
1223.09
1229.05
21375.89
1231.91
1192.09
21249.06
1302.96
1192.81
21265.98
1302.96
1202.11
1173.02
21368.98
1196.15
1168.97
21369.93
1210.93
1202.11
21368.03
1224.04
1158.95
17275.09
1277.92
1194.95
21245.00
1301.05
1181.13
1173.02
21379.95
1202.82
1183.99
21372.80
1206.87
1187.09
21371.13
1228.81
1175.88
21261.93
1306.06
1201.15
21264.08
1301.05
1183.03
21190.17
1335.86
1190.90
1165.87
17359.97
1209.97
1171.11
21353.01
1221.90
1168.97
21278.86
1276.97
1196.86
21242.86
1308.20
1184.94
1173.02
21404.98
1206.16
1173.02
21378.04
1214.98
1178.03
21362.07
1217.84
1169.92
21247.86
1302.00
1189.95
17261.98
1304.86
1188.99
1203.06
17353.06
1204.97
1217.84
21473.88
1207.11
1168.97
21373.03
1217.13
1177.07
21299.12
1263.86
1168.01
21253.11
1285.08
1193.05
21226.17
1307.01
1181.13
1182.08
21378.04
1203.78
1194.00
21375.89
1219.03
1173.97
17265.80
1284.12
1168.97
21247.86
1309.16
1209.02
21230.94
1329.90
1204.01
1188.04
21411.90
1220.94
1195.19
21384.00
1225.95
1195.91
21370.17
1230.00
1169.92
21256.92
1284.84
1190.90
21247.86
1319.17
1185.18
1183.03
17349.00
1193.05
1168.97
17369.03
1209.97
1179.93
22160.05
1197.10
1166.11
21397.11
1226.19
1192.09
21414.04
1206.87
1181.84
21373.99
1219.99
1176.12
21257.88
1288.18
1190.19
21274.09
1301.05
1188.04
17239.09
1335.14
1195.91
1177.07
21399.97
1201.87
1163.01
21379.95
1231.91
1178.98
21296.98
1280.07
1199.96
21268.13
1302.96
1185.18
21237.13
1309.87
1193.05
1161.81
21409.03
1206.87
1163.96
21389.01
1202.11
1163.96
17297.03
1274.11
1183.03
17257.93
1304.86
1195.91
21236.90
1325.13
1202.11
1183.99
21360.87
1210.93
1183.03
21366.12
1223.09
1180.17
21347.05
1228.81
1164.91
21270.99
1288.89
1187.09
21268.13
1314.88
1196.86
1170.87
21382.81
1199.96
1170.87
21369.22
1212.12
1168.01
21317.96
1237.15
1168.01
21239.04
1289.84
1186.85
21216.87
1306.06
1183.99
1166.11
21371.13
1224.99
1181.84
21359.92
1216.89
1188.04
21269.08
1297.00
1207.11
21281.96
1292.94
1189.95
17252.21
1307.01
1188.04
1169.92
17366.17
1194.95
1171.83
17351.87
1200.91
1164.91
17243.86
1279.12
1174.93
17235.04
1297.95
1195.91
1178.98
17344.00
1195.91
1163.96
17339.94
1211.88
1164.91
17258.88
1258.13
1178.98
17225.98
1295.80
1186.85
1197.10
17370.94
1193.05
1183.03
21382.81
1207.11
1174.93
21394.97
1222.85
1182.79
21291.02
1281.98
1197.10
17269.13
1280.07
1199.01
17233.13
1316.07
1183.99
1178.98
17382.86
1204.01
1175.17
17379.05
1199.01
1168.97
17241.00
1271.01
1178.03
17255.78
1277.21
1166.11
1162.05
21368.03
1203.06
1180.17
21378.04
1224.04
1169.92
21321.06
1240.02
1179.93
21257.16
1287.22
1199.01
21255.02
1317.98
1191.14
1188.99
21386.86
1210.93
1177.07
21394.97
1212.84
1174.93
17340.90
1220.94
1193.05
17266.04
1280.07
1204.97
21279.10
1293.90
1177.79
1193.05
21354.91
1214.03
1185.18
21371.13
1217.84
1183.03
21356.11
1235.01
1190.90
21253.82
1279.12
1186.13
21263.84
1310.11
1204.01
1178.98
21358.01
1209.97
1182.08
17399.79
1219.99
1183.03
21382.81
1216.89
1188.99
21267.18
1291.04
1186.85
21263.12
1312.02
1184.94
21242.14
1320.84
1187.09
1158.95
21379.95
1195.91
1170.87
21372.80
1212.12
1176.12
21290.06
1279.83
1185.89
17264.84
1297.00
1198.05
21231.17
1314.88
1183.99
1155.14
21368.03
1212.84
1174.93
21368.98
1219.03
1200.91
21415.95
1261.95
1176.83
21262.88
1309.16
1202.11
21250.96
1317.02
1189.95
1170.16
21381.14
1209.02
1183.03
17380.95
1208.07
1176.12
17360.93
1225.95
1171.83
21264.08
1288.89
1176.83
21223.07
1304.86
1179.93
1170.16
21392.11
1200.91
1168.01
21364.93
1214.03
1174.21
21295.07
1261.00
1167.06
21291.02
1302.00
1193.05
17242.91
1300.10
1188.99
1178.03
17387.15
1209.02
1173.97
21379.95
1216.89
1179.93
21327.97
1258.85
1191.85
21261.93
1287.94
1183.99
21242.14
1300.81
1189.95
1168.97
21373.03
1250.98
1192.09
21404.03
1208.07
1167.06
21345.14
1239.06
1169.92
17245.77
1281.98
1185.89
21250.01
1293.90
1179.93
1168.01
21372.08
1196.15
1170.87
21368.03
1207.83
1169.92
21270.04
1302.96
1183.03
21271.94
1299.86
1188.04
21255.02
1316.07
1194.95
1173.97
21385.91
1210.93
1190.90
21377.09
1218.08
1167.06
21330.12
1246.93
22015.09
1333.00
1212.84
1169.92
21391.87
1212.12
1167.06
21367.07
1212.84
1183.99
21260.02
1294.14
1176.12
21263.12
1298.90
1191.85
1170.87
21369.93
1190.90
1180.17
17374.04
1214.03
1198.05
17400.03
1209.97
1192.09
17293.93
1275.06
1179.93
17248.15
1282.22
1184.94
17200.95
1316.07
1190.90
1169.92
17385.01
1219.03
1179.93
17341.14
1211.17
1173.97
17250.06
1293.18
1179.93
17237.90
1304.15
1181.13
1167.06
17357.11
1208.07
1166.82
17358.06
1204.97
1185.89
21255.97
1262.90
1179.93
21242.86
1287.94
1175.88
1165.87
17341.85
1188.04
1163.96
17340.90
1197.10
1163.01
17248.87
1255.04
1180.89
17235.04
1285.08
1170.87
1155.14
17342.09
1199.01
1168.01
17333.98
1188.99
1159.91
17243.86
1261.00
1170.87
21235.94
1281.98
1178.98
1161.10
21368.03
1193.05
1168.97
17344.00
1212.12
1172.07
17246.01
1274.11
1173.97
17235.99
1281.98
1182.08
1168.01
17336.13
1195.19
1172.07
17350.91
1204.97
1176.12
17297.98
1235.01
1175.17
17233.13
1276.02
1183.03
21196.84
1314.88
1193.05
1174.21
21377.09
1207.11
1174.21
21340.13
1214.98
1174.93
21254.78
1278.16
1182.08
21228.08
1297.95
1181.84
1173.02
21394.01
1206.87
1168.97
21373.03
1211.17
1173.02
17260.79
1250.98
1175.88
17258.88
1284.12
1188.99
17210.96
1318.93
1189.95
1165.15
17362.12
1206.16
1171.11
17323.02
1226.90
1179.93
17247.20
1272.20
1177.07
17232.18
1297.00
1193.05
1168.97
17364.98
1201.87
1173.02
21351.10
1223.09
1173.97
17254.83
1271.96
1188.04
17234.09
1293.90
1183.99
1178.03
17332.79
1192.09
1167.06
21358.01
1212.12
1173.97
17291.07
1245.02
1178.03
17241.00
1270.06
1188.99
17201.90
1307.96
1184.94
1170.87
17349.00
1204.97
1170.87
21336.08
1222.13
1171.11
17240.05
1281.02
1175.17
17210.01
1299.86
1188.99
1161.81
17376.90
1195.91
1175.88
17339.94
1227.14
1175.17
17241.95
1264.10
1182.79
17234.09
1288.18
1188.99
1168.01
17359.02
1204.97
1175.88
17346.86
1199.01
1180.89
17255.78
1268.15
1173.97
21235.94
1282.93
1169.92
1163.96
17342.09
1199.96
1174.21
17359.02
1207.11
1159.91
17256.98
1255.04
1173.02
17217.87
1285.08
1181.13
1178.98
17326.12
1183.03
1166.82
17349.00
1203.06
1169.92
17241.00
1261.00
1173.02
17226.93
1281.98
1185.89
1163.01
21359.92
1198.05
1173.97
17348.05
1200.91
1183.99
17273.19
1255.04
1183.03
17255.07
1270.06
1184.94
17199.04
1310.11
1186.13
1172.07
17349.96
1201.15
1174.21
17310.86
1213.07
1170.16
17252.92
1267.91
1192.09
17225.98
1292.94
1182.79
1164.91
21362.07
1207.11
1182.08
21368.98
1219.99
1183.99
21249.06
1284.84
1196.86
17247.92
1294.14
1183.03
1174.21
17359.02
1197.10
1164.91
17355.92
1221.18
1173.02
17309.90
1226.90
1175.88
17248.87
1279.12
1187.09
17220.97
1298.19
1178.03
1173.02
17357.83
1203.06
1165.15
17338.04
1221.90
1168.97
21249.06
1286.98
1177.07
17241.00
1308.20
1194.00
1172.07
17380.95
1198.05
1164.91
17367.12
1214.03
1178.03
17324.92
1229.05
1182.08
17246.01
1268.86
1182.08
17234.09
1303.91
1195.91
1183.03
17386.91
1207.11
1173.97
17369.03
1208.07
1176.12
21264.08
1281.02
1193.05
17272.95
1285.79
1188.99
17202.85
1322.03
1199.96
1169.92
17380.95
1203.06
1178.98
17362.83
1214.03
1172.07
17245.05
1273.87
1188.99
17243.15
1301.77
1188.99
1168.97
17358.06
1201.87
1179.93
17365.93
1214.03
1182.08
17327.07
1235.01
1191.85
21258.83
1287.94
1187.09
17245.05
1297.95
1191.85
1174.93
17369.03
1202.11
1173.97
17360.93
1210.93
1169.20
17259.12
1273.16
1183.03
17256.02
1290.08
1184.94
1168.01
17344.95
1192.09
1182.08
17367.12
1209.97
1176.12
17336.13
1229.05
1176.12
21247.15
1387.12
1183.99
17242.91
1297.00
1197.81
1174.93
17361.88
1198.05
1179.93
17365.93
1219.03
1183.99
17366.89
1211.88
1171.83
17258.88
1283.88
1183.99
17230.03
1289.13
1196.15
1177.07
17350.20
1202.11
1163.01
17351.87
1215.93
1173.97
21265.98
1267.19
1184.94
17260.07
1281.02
1192.09
17220.02
1312.97
1194.00
1176.12
17363.07
1205.92
1168.97
17349.96
1221.90
1184.94
17248.87
1276.97
1186.13
17242.19
1290.80
1192.09
1180.89
17355.92
1214.98
1174.93
17347.81
1209.02
1173.97
17312.05
1232.15
1182.08
21259.07
1287.94
1189.95
17222.17
1300.81
1187.09
1176.12
17379.05
1206.16
1181.13
17359.02
1213.07
1185.18
17248.15
1268.15
1186.13
17241.95
1291.04
1194.00
1168.97
17355.92
1195.91
1177.07
17364.98
1212.12
1176.12
17333.03
1230.00
1178.98
21255.02
1283.88
1183.99
17237.19
1301.05
1192.81
1177.07
17367.12
1221.18
1168.01
17361.88
1210.93
1175.88
17262.94
1269.82
1184.94
17251.01
1271.96
1187.09
17211.91
1322.98
1199.01
1176.12
17372.85
1216.89
1174.93
17353.77
1219.99
1169.92
17253.88
1267.91
1173.02
21234.04
1296.04
1191.14
1169.20
17364.98
1194.95
1176.12
17366.17
1207.83
1180.89
17272.95
1261.95
1183.03
17257.93
1277.92
1182.08
17207.15
1298.19
1193.05
1181.84
17362.83
1207.11
1168.01
17353.06
1216.17
1178.98
17253.88
1273.87
1178.98
21227.12
1296.04
1188.04
1174.21
17359.97
1199.96
1177.07
17355.92
1212.12
1172.78
17251.97
1267.91
1180.17
17233.13
1304.15
1185.18
1159.91
17357.11
1191.14
1173.97
17350.91
1214.98
1177.07
17318.96
1225.95
1169.20
17244.10
1276.02
1179.93
17223.12
1302.96
1187.80
1173.97
21372.08
1214.03
1183.03
21351.81
1226.90
1180.89
21252.87
1279.12
1194.95
21250.96
1297.95
1186.85
1174.93
21341.80
1192.09
1172.07
21366.12
1213.79
1176.12
21357.06
1233.10
1180.17
21260.02
1293.90
1193.05
17256.98
1303.20
1191.14
1173.02
21363.02
1204.01
1178.03
21383.05
1212.84
1178.98
21373.03
1228.09
1188.04
21270.04
1297.00
1188.99
21255.02
1302.00
1188.04
1174.93
21366.83
1200.91
1170.87
21374.94
1220.94
1187.09
17361.88
1217.84
1178.98
21268.84
1294.14
1197.10
21255.02
1307.01
1193.05
1171.11
1344.20
1199.96
1175.88
21410.94
1224.04
1183.03
21394.97
1224.04
1187.80
21296.02
1266.00
1188.04
21268.84
1287.94
1189.95
17228.84
1309.16
1183.03
1163.96
21394.01
1214.98
1178.98
21363.97
1214.03
1183.03
21268.13
1291.04
1194.00
21271.94
1286.98
1185.18
21242.14
1320.84
1199.96
1173.97
21383.05
1214.03
1173.02
21383.05
1219.99
1181.13
17312.05
1250.03
1178.98
21260.02
1298.90
1200.91
21245.96
1317.02
1208.07
1177.07
21395.92
1214.98
1180.89
21384.95
1224.99
1183.03
21363.02
1223.09
1188.99
21266.94
1308.92
1197.81
21241.90
1317.02
1182.79
1163.01
17373.09
1201.15
1178.03
21395.92
1211.88
1187.09
21382.09
1225.95
1179.93
21276.95
1284.84
1183.99
21265.03
1298.90
1187.09
21242.86
1320.12
1183.03
1172.07
21381.86
1216.89
1178.98
21376.85
1225.95
1177.07
29273.99
4141.09
1228.09
16570.09
1217.84
1204.01
1165.15
16564.13
1214.03
1188.99
1168.01
26512.86
1227.86
1179.93
7557.87
1278.88
1179.93
1167.06
21493.91
1300.81
1188.04
1180.17
21394.97
1224.99
1177.07
1179.93
1160.14
26722.91
1224.04
1181.13
16840.22
1317.02
1191.85
1177.07
22259.95
1230.00
1194.00
1163.01
21512.99
