1262.90
1225.95
17466.07
1284.12
1238.11
17442.94
1241.92
1240.97
17418.86
1266.96
1225.95
13374.09
1264.81
1241.92
1246.93
1251.94
1228.81
25307.89
1352.07
1247.88
13314.96
1349.93
1242.16
1238.11
1214.98
1223.09
25285.96
1371.15
1261.95
1236.92
17402.89
1253.13
1231.91
13439.89
1255.04
1238.11
17457.01
1261.00
1216.89
17420.05
1263.86
1265.05
17436.98
1282.93
1244.07
13812.07
1281.98
1263.14
1245.02
1230.00
1202.11
25424.00
1250.03
1235.01
13413.91
1261.95
1235.96
1235.96
1215.93
1199.96
25294.07
1328.95
1255.99
17323.97
1339.91
1245.98
13329.98
1333.95
1235.01
17285.82
1338.01
1240.02
17289.88
1374.01
1235.96
1235.01
17411.95
1285.08
1256.94
13414.86
1250.03
1224.04
1246.93
1226.90
1226.90
25410.18
1266.00
1231.91
13397.93
1284.84
1236.92
1216.89
1213.07
1225.95
25285.96
1334.91
1219.99
17307.04
1353.03
1242.16
13271.09
1367.81
1259.09
1250.03
17395.97
1276.97
1220.94
17414.09
1270.06
1245.02
17442.94
1250.03
1228.09
13419.15
1243.11
1230.00
1245.02
1225.95
1217.84
25316.95
1341.10
1229.05
13330.94
1325.85
1226.90
1217.84
1219.03
1234.05
25282.86
1366.14
1239.06
1201.87
13405.80
1245.02
1221.90
13410.81
1268.15
1232.15
17417.91
1250.98
1229.05
17417.91
1286.03
1232.15
21431.92
1281.02
1227.14
17446.04
1287.94
1242.88
17427.92
1271.01
1229.05
17403.13
1274.11
1237.15
17344.95
1315.12
1224.04
1234.77
1229.05
1203.06
25300.03
1387.12
1237.87
1235.01
1219.03
1218.08
1196.86
29425.86
1256.94
1250.03
1256.94
1223.09
1218.80
25390.86
1292.94
1230.00
13324.98
1332.04
1257.90
17328.98
1341.10
1675.13
17458.20
1274.11
1235.01
17393.83
1266.00
1223.09
28026.10
1324.89
1251.94
1217.84
21703.96
1269.82
1238.11
1240.97
11542.80
1261.00
1261.95
11561.87
1340.15
1253.13
1247.17
26587.01
1361.13
1245.02
1238.11
16484.02
1376.15
1255.99
1261.95
16492.84
1333.95
1233.10
1226.90
11430.03
1319.89
1238.11
1246.21
16510.01
1313.92
1230.96
1250.03
16506.20
1315.83
18401.86
1379.01
1243.83
1257.90
15089.99
6472.83
1315.12
1266.96
1229.05
16472.10
1320.84
2044.92
1240.02
16586.07
1261.00
1245.02
1259.09
16697.88
1269.82
1241.92
16743.90
1321.08
1221.90
1210.93
12044.91
1289.84
1252.89
1209.97
16609.91
1261.00
1225.95
1211.88
16620.87
1257.90
1237.87
21753.07
1351.12
1243.11
1233.10
16466.14
1363.99
1234.05
1242.16
16479.02
1343.01
1231.91
1245.02
15258.07
6448.98
1317.98
1240.97
1208.07
21561.86
1328.95
1232.86
1234.05
11435.03
1335.86
1249.07
1246.93
21509.89
1316.07
1238.11
12660.03
1327.04
1239.06
1242.16
11904.95
4966.02
1239.06
1215.93
21308.18
6521.22
1277.92
1249.07
1215.93
16608.95
1289.84
1245.02
1235.96
16593.93
1272.92
1237.15
1232.15
16592.98
1266.00
1234.05
1219.03
16598.94
1271.96
1245.98
11430.98
1335.86
1271.01
1228.09
21564.01
1373.05
1262.19
1243.11
12024.16
1257.18
1220.94
1212.84
16592.03
1271.01
1239.06
1228.09
21471.98
1238.11
1224.99
17406.94
1273.87
1225.95
1240.02
16498.80
1330.14
1245.02
1239.06
16514.06
1329.90
1276.02
1261.95
15373.95
1304.86
1235.96
1236.20
1241.92
16608.00
1261.00
1245.98
1221.90
16598.94
1255.04
1240.97
1235.01
16608.00
1261.00
1271.01
1247.88
16587.02
1267.19
1239.06
25965.93
6578.21
1257.18
1259.09
1224.99
16638.99
1281.02
1236.92
1225.95
16604.90
1276.97
1245.02
1238.11
16592.03
1291.99
1241.92
16448.02
1384.02
1245.98
1224.04
16481.16
1365.18
1250.03
1242.88
16481.88
1338.01
1251.94
1214.98
16774.89
1312.02
1228.81
1239.06
12045.86
1262.90
1226.90
1221.90
21672.96
1247.88
1230.96
12554.88
1256.94
1230.96
16672.13
1341.82
1254.08
1225.95
16978.03
1310.11
1239.06
1235.01
16577.01
1284.84
1240.02
1235.01
16420.13
1283.88
1258.13
17519.00
1272.92
1245.02
1255.99
16494.99
1325.13
1230.00
1253.84
16512.87
1348.02
1265.05
1219.99
16496.90
1276.97
1279.83
1241.92
16572.00
1275.06
1248.12
1233.10
16584.16
1248.12
1263.14
1206.87
16582.01
1271.96
1245.98
1222.85
16601.09
1274.11
1240.02
1232.86
16595.84
1251.94
1232.86
1247.88
16630.89
1289.13
1245.98
16490.94
1363.04
1257.90
1230.96
16492.84
1356.12
1250.03
1230.96
16771.08
1343.01
1219.99
1231.91
21433.83
1254.08
1218.08
1234.05
16487.84
1344.92
1251.94
1225.95
15248.78
1364.95
1250.98
13764.86
1322.03
1237.15
1242.16
16465.90
1338.96
1234.05
1240.97
15513.18
6521.94
5317.93
1310.11
1235.01
11402.85
1327.04
1262.19
1231.91
21548.99
1375.91
1261.95
1220.94
16510.01
1363.99
1262.19
1265.05
20369.05
1371.86
1250.98
13692.86
1319.89
1245.02
1234.05
16482.11
1326.80
1245.98
1240.02
16505.00
1338.96
1230.00
1267.91
16494.04
1343.01
1261.00
1235.01
16525.98
1325.85
1244.07
1231.91
16573.91
1276.02
1233.10
1209.97
16578.91
1288.89
1247.88
1232.86
16556.98
1270.06
1290.08
1387.83
11502.98
1276.02
1253.13
1213.07
26769.16
1276.02
1247.88
12295.96
1276.02
1235.96
1235.01
16619.92
1267.91
1240.02
21295.07
1393.80
1226.90
1234.05
1235.96
16634.94
1261.95
1222.13
1228.09
16611.81
1256.94
1237.87
1208.07
15391.11
1259.09
1247.88
1229.05
1224.99
16575.81
1242.88
1235.96
16471.15
1350.16
2047.06
1243.83
21671.06
1291.99
1236.92
1219.99
21409.03
1274.82
1235.96
18064.02
1271.96
1247.88
1225.95
16586.07
1261.95
1260.04
16474.01
1355.89
1246.93
1246.93
11401.89
1327.99
1252.89
7707.83
1313.92
1247.88
1230.96
16474.01
1320.12
1233.10
1209.97
16480.92
1324.89
1242.88
1224.99
16484.02
1338.01
1246.93
1221.90
29431.82
1295.09
1232.15
9396.08
1285.08
1230.00
17312.05
1340.87
1246.93
17303.94
1338.01
1240.97
21311.04
1361.85
1245.98
13309.00
1337.05
1248.12
17283.92
1342.06
1260.04
17294.88
1359.94
1251.94
1224.99
17405.03
1250.03
1225.95
21402.84
1250.03
1239.06
9401.08
1257.90
1238.82
13412.00
1248.12
1222.13
1237.15
1219.03
1222.13
25300.98
1347.06
1244.78
13319.02
1322.03
1250.03
1250.98
1229.05
1225.95
25244.00
1399.04
1252.17
1240.97
21447.90
1271.01
1254.80
17431.02
1246.93
1241.92
17458.92
1250.03
1244.07
21444.08
1265.05
1238.11
1246.93
1231.91
1214.03
17423.15
1288.18
1250.98
1246.93
1247.17
1235.96
25301.93
1353.03
1263.14
13333.08
1358.99
1246.21
1243.11
1235.96
1214.03
1235.96
25424.00
1240.97
1232.15
21448.14
1282.93
1232.86
17427.92
1287.94
1241.21
17464.16
1284.12
1247.88
21476.98
1282.93
1247.17
1261.95
1235.96
1243.11
17445.09
1280.78
1245.98
1254.08
1227.86
1210.93
25335.07
1368.05
1249.07
13340.00
1343.97
1245.02
1244.07
1247.88
1224.99
25313.14
1389.98
1257.18
17313.00
1394.99
1259.80
17321.11
1383.78
1255.04
17313.00
1379.01
1245.98
17284.15
1393.08
1270.06
1261.95
1257.90
1225.95
1230.00
33441.07
1302.96
1240.97
9417.06
1273.16
1243.11
13412.95
1276.97
1238.11
1241.92
1225.95
1214.03
25319.10
1350.16
1245.98
17328.02
1348.97
1247.17
17337.08
1338.01
1254.08
17326.12
1360.18
1263.14
17317.06
1346.83
1241.92
1245.02
1241.92
1230.00
1228.09
25461.91
1266.00
1247.17
1251.94
1247.88
1241.92
29452.09
1291.99
1233.82
17438.89
1293.90
1240.97
9411.10
1291.04
1226.90
13424.87
1271.01
1238.11
17400.03
1293.90
1236.92
17401.93
1283.88
1259.80
17391.92
1304.86
1246.93
14958.86
1327.04
1266.00
1235.01
21680.12
1297.00
1233.82
1239.06
16621.11
1269.10
1228.81
1222.85
21430.02
1266.00
1241.92
1258.85
16613.96
1269.82
1272.92
1240.97
16621.11
1269.10
1258.13
1228.09
20417.93
1345.16
1271.01
1236.92
16483.07
1347.06
1269.10
1235.01
16489.03
1357.08
1262.19
1245.98
21428.82
1342.06
1259.09
12649.06
1362.09
1261.00
1237.87
17018.80
1291.04
1254.08
1239.06
16614.20
1274.11
1235.01
1245.98
16496.90
1272.92
1235.96
1254.08
16241.07
1261.00
1250.98
18026.11
1277.92
1242.16
1253.13
16603.95
1273.87
1261.95
16439.20
1369.95
1275.06
1250.98
11409.04
1347.78
1249.07
17313.00
1349.93
1261.95
1252.89
1230.96
16595.13
1271.96
1265.05
1230.00
16573.91
1257.90
1261.00
15167.00
6470.92
1319.89
1275.78
1245.98
16484.02
1368.05
1258.85
1245.98
16497.14
1326.08
1253.84
1240.97
16489.03
1333.00
1250.03
1247.88
21416.90
1279.12
1261.00
1235.96
16497.85
1343.97
1237.15
1253.13
21579.03
1330.14
1275.06
1245.98
11487.01
1317.98
1260.04
1231.19
16613.01
1286.03
1269.10
1255.99
16614.91
1288.89
1243.83
1236.92
16609.19
1280.07
1260.04
1247.17
16587.02
1291.99
1243.11
16499.04
1348.97
1270.06
1235.01
16488.08
1356.12
1268.15
1243.11
16503.10
1347.06
1258.85
1238.82
16561.99
1352.79
1260.04
1244.07
25443.08
1273.87
1241.92
13427.97
1271.96
1244.07
17432.93
1296.04
1230.96
17421.96
1283.88
1239.06
25438.07
1297.00
1246.93
17416.95
1295.09
1233.82
17423.87
1291.99
1260.04
17412.90
1307.01
1235.01
22110.94
1302.00
1260.04
1235.01
19660.95
1279.12
1255.99
13429.88
1296.04
1248.12
17433.88
1291.99
1244.07
17435.79
1293.90
1236.92
25439.98
1294.85
1245.98
17428.87
1297.00
1237.15
17414.09
1299.86
1252.89
17410.04
1303.20
1241.92
17355.92
1338.96
1237.87
17637.97
1345.16
1251.94
12942.08
1292.94
1230.96
1237.87
16626.83
1282.93
1265.05
1249.07
16617.06
1273.87
1249.07
16211.03
1415.97
1255.04
1225.95
1239.06
16118.05
1278.88
1244.07
18200.16
1281.02
1242.88
1236.92
16602.99
1249.07
1250.98
15212.06
1362.80
1266.00
1241.92
1245.02
21543.98
1373.05
1247.88
1233.10
16489.98
1348.97
1266.00
1223.09
16500.00
1353.03
1255.04
1227.86
16711.95
1297.95
1244.07
1241.92
17031.91
1271.01
1253.13
16510.01
1363.99
1250.03
1240.97
16394.85
1359.94
1241.92
1247.17
16127.11
5108.12
1302.96
1244.07
1261.95
1235.96
16595.13
1279.12
1250.03
1235.01
21682.98
1250.03
1233.10
16537.19
1352.07
1245.02
1235.01
16826.87
1343.01
1266.00
1251.94
21674.87
1281.98
1260.04
1248.84
16601.09
1286.98
1252.89
1249.07
15300.99
1278.88
1233.82
1248.12
1229.05
16627.07
1289.84
1254.80
1236.92
16613.01
1274.11
1247.17
16483.07
1374.01
1281.02
1250.98
21567.11
1373.05
1255.04
1240.97
17076.02
1285.08
1247.17
1234.05
21686.08
1292.94
1271.01
1235.96
15419.01
1262.19
1250.98
1247.88
16489.98
1365.90
1255.99
1237.15
16500.95
1343.01
1263.14
1235.01
16513.82
1355.17
1270.06
1226.19
16499.04
1339.91
1240.97
1231.91
16499.04
1343.97
1273.16
1229.05
21596.91
1317.98
1245.02
12313.13
1343.97
1238.11
1235.01
16554.83
1340.15
1245.02
1237.15
21996.02
1292.94
1252.89
1245.02
16633.99
1274.11
1253.13
1246.21
16592.03
1276.02
1255.99
11426.21
1347.06
1254.08
1240.02
15960.93
6536.96
1262.90
1258.85
1216.89
14796.02
1281.98
1239.06
1238.11
1253.13
21647.93
1312.02
1250.98
1233.10
25448.08
1276.02
1236.92
13596.06
1286.98
1245.98
17435.07
1268.86
1232.86
17433.88
1269.10
1243.11
17424.11
1289.13
1249.07
13425.11
1258.13
1243.11
1257.90
1243.83
1232.86
25375.84
1296.04
1245.02
13340.95
1346.83
1240.97
1266.00
1229.05
1230.00
25297.88
1376.87
1260.04
17297.98
1350.88
1254.08
13302.09
1343.97
1261.00
17266.04
1387.83
1253.84
1234.05
17414.09
1258.85
1259.80
17417.91
1265.05
1230.00
13428.93
1255.99
1230.00
1240.02
1234.05
1228.09
25407.08
1296.04
1254.80
13386.96
1298.90
1230.00
1254.08
1224.04
1231.19
25305.03
1376.87
1254.08
13309.00
1358.03
1264.10
13312.10
1355.17
1245.02
17296.79
1342.06
1250.03
1235.96
17388.82
1250.03
1254.08
13414.14
1267.91
1250.03
1259.80
1237.87
1225.95
29448.99
1301.05
1253.84
1250.03
1235.01
1226.90
25321.96
1356.84
1266.00
13319.97
1333.00
1263.86
1255.04
1237.15
1220.94
25296.93
1385.93
1261.00
13312.10
1372.81
1251.94
17261.03
1410.01
1253.13
1230.00
17405.03
1275.06
1246.93
25466.92
1281.02
1250.03
17443.18
1271.96
1255.04
17434.12
1279.12
1240.02
17452.00
1265.05
1255.04
26225.09
1272.20
18373.01
1331.81
1252.89
1250.03
15339.14
1294.14
1234.05
1261.00
1228.09
16623.97
1271.96
1260.04
1230.96
16621.11
1282.22
1259.09
1245.98
16638.04
1270.06
1235.01
1226.90
1382.83
1253.13
1233.10
21544.93
1367.09
1257.90
1233.82
16512.87
1341.10
1257.18
1240.97
16403.91
1333.95
1253.84
17299.89
1363.99
1255.04
7791.04
1330.85
1252.89
1250.03
13736.01
1323.94
16495.94
1350.88
1274.82
1233.10
16479.02
1322.03
1252.17
1228.09
16487.12
1355.17
1265.05
1245.98
16493.08
1333.00
1248.12
1224.04
16500.00
1326.08
1233.10
1240.97
16498.09
1338.96
1250.98
1215.22
16846.90
1285.08
1255.04
17009.97
1348.02
1240.02
1250.98
12300.97
1259.80
1251.94
1224.99
16603.95
1271.01
1259.09
16700.98
1347.06
1249.07
1232.86
11977.91
1278.88
1255.04
1234.05
16581.06
1281.98
1230.00
1224.99
21506.07
1253.84
1231.91
1261.00
19840.96
1311.06
1245.98
1226.90
1231.19
16486.17
1345.16
1281.02
1245.98
21589.04
1350.88
1257.90
1238.11
16692.16
1276.97
1244.07
16829.01
1362.09
1255.04
1222.85
16493.80
1350.16
1248.12
1243.11
16452.07
1335.86
1235.01
1234.05
16153.10
1348.97
1248.12
1257.18
1251.94
16591.07
1240.97
1246.93
16503.81
1343.01
1240.02
1250.98
16474.96
1324.89
1243.83
1250.98
21574.97
1379.01
1245.02
1219.99
16500.95
1353.03
1236.20
1232.15
16489.98
1358.03
1244.07
1244.07
11413.10
1314.88
1251.94
1237.87
21569.97
1334.91
1247.88
1219.99
17081.02
1271.96
1247.17
1244.07
16613.01
1261.95
1241.92
16348.12
1356.84
1247.88
12640.95
1369.00
1249.07
1249.79
11846.07
1316.07
1263.86
1245.02
25799.99
1333.95
1245.98
1249.07
1235.01
16610.86
1255.99
1277.92
15063.05
6454.94
1355.89
1274.11
1225.95
16466.86
1347.06
1248.12
1229.05
16486.88
1348.02
1263.14
1231.19
16529.08
1345.16
1235.96
1224.04
16872.17
1291.04
1233.10
1230.00
16608.00
1281.98
1245.98
1245.98
16601.09
1274.11
1231.19
17421.01
1282.93
1252.17
17436.98
1275.06
1235.01
1247.88
16488.79
1332.04
1245.02
1250.98
16508.82
1345.16
1259.09
1244.07
15222.07
1353.98
1247.88
1253.84
1232.86
21634.82
1322.98
1235.01
1231.91
16597.99
1271.96
1250.98
1217.13
16613.96
1260.04
1243.11
1232.15
16801.12
1261.95
1231.19
21309.14
6539.11
1284.12
1233.82
1230.00
16586.07
1281.02
1230.00
16464.95
1353.98
1261.00
1245.98
16494.04
1345.16
1272.92
1225.95
16504.05
1354.22
1244.07
1251.94
16500.95
1338.96
1255.04
1227.86
11515.86
1317.98
1246.93
1230.96
21588.09
1323.94
1248.12
1226.90
16607.05
1286.98
1229.05
1251.94
20575.05
1297.00
1246.93
1239.06
1235.96
15301.94
1287.94
1243.11
1258.13
1219.03
16585.83
1281.02
1247.88
16490.94
1363.04
1279.12
1249.07
16484.98
1344.92
1262.90
1245.98
26168.82
1371.15
1255.99
1235.96
1241.92
16599.89
1251.94
1255.04
16475.92
1344.92
1233.10
1250.98
15252.11
6469.01
1309.87
1261.95
1232.86
25978.80
1336.10
1244.07
9300.95
1335.86
1237.87
17295.12
1348.97
1240.02
17280.10
1348.97
1244.07
1226.90
17416.95
1255.04
1242.88
1249.79
1227.86
1219.03
29428.01
1281.02
1231.19
1245.02
1213.79
1209.02
25299.07
1353.03
1248.12
13317.11
1348.97
1250.98
1239.06
1233.82
1225.95
1222.85
25421.86
1273.16
1250.98
17426.97
1257.18
1245.02
17439.84
1249.07
1245.02
17461.06
1276.97
1235.96
13433.93
1290.80
1230.00
1249.07
1211.88
1217.13
29412.03
1293.90
1233.82
1240.02
1224.04
1230.00
25316.00
1355.89
1255.99
13314.96
1362.09
1253.13
1255.99
1237.87
1214.98
1219.99
25451.90
1273.87
1234.05
17426.97
1266.00
1250.03
17442.94
1271.01
1240.97
17441.99
1254.08
1247.88
13435.84
1277.92
1253.84
1247.88
1223.80
1215.93
29371.98
1305.10
1244.07
1240.97
1240.02
1221.90
25290.01
1377.11
1246.21
13304.00
1358.03
1253.13
1245.98
1233.10
1230.96
1221.90
25439.02
1278.16
1255.99
13449.91
1253.84
1240.02
17431.97
1274.82
1235.01
17441.99
1279.12
1254.08
21459.10
1271.96
1239.06
17421.96
1281.98
1221.90
17438.17
1281.02
1251.94
17410.04
1286.03
1254.08
17410.04
1286.03
1241.92
1241.92
1245.02
1235.01
25310.99
1341.82
1250.03
1245.02
1253.84
1215.93
29282.81
