1298.19
1264.10
1278.88
1285.08
1271.01
13329.03
1263.86
1235.01
1247.88
1232.86
15653.85
1346.83
1304.86
1305.10
1215.93
1216.89
1267.19
1270.06
1258.13
17874.00
1267.91
1253.13
1214.98
1205.92
1214.98
1225.95
1224.04
1216.89
25290.97
1341.10
1301.05
1276.02
1258.13
1259.09
29315.95
1360.89
1338.01
1311.06
1253.13
1283.88
22000.07
1257.90
1231.91
1231.19
1239.06
1234.05
25309.09
1339.91
1322.98
1302.00
1229.05
1228.09
1260.04
1221.90
1219.99
1227.86
25357.96
1239.06
1249.07
1233.82
1239.78
1224.04
17297.03
1336.10
1291.04
1309.16
1187.09
1329.90
17377.85
1310.83
1284.84
1309.87
1293.18
1276.97
25347.95
1309.16
6474.97
1387.83
1338.01
1342.06
1334.91
1330.85
33379.08
1312.02
1296.04
1292.94
8433.82
1298.90
1263.86
1806.02
1276.02
1268.15
21367.07
1269.10
1256.94
1276.02
1271.01
1279.12
1262.90
1216.89
1238.82
21292.92
1261.95
1232.15
1230.96
1247.17
1237.15
1239.06
17410.99
1320.12
1306.06
1261.00
1210.93
1209.02
17277.96
1270.06
1256.94
1261.95
1242.88
1247.88
25298.83
1291.04
1255.04
18270.02
1302.96
1268.15
1274.11
1266.96
1258.85
25370.84
1258.85
1213.07
1216.89
1222.85
1225.95
17289.16
1263.14
1235.01
1241.21
1215.93
1232.86
1228.81
17364.98
1301.05
3112.08
1251.22
10950.09
1292.94
1244.07
1241.92
1230.00
1223.09
21404.03
1296.04
1308.20
1228.09
1240.02
1235.01
1236.92
24049.04
1303.91
1271.01
1276.97
1245.98
1241.92
20698.07
1242.88
1245.02
1225.95
1233.10
1227.14
1227.14
29335.98
1252.17
1224.99
1230.00
1214.98
1221.18
25265.93
1353.98
1322.03
1330.14
1323.94
1321.08
1312.02
1207.11
1219.03
1214.98
20844.94
1261.00
1244.07
1244.07
1239.06
1238.11
21305.08
1306.06
1286.03
1281.98
1266.00
1281.98
1281.98
1315.12
1302.96
1291.04
33424.14
1307.96
1283.88
1227.86
1245.02
1245.02
21018.03
1255.99
1235.96
1246.93
1244.07
1242.16
33292.06
1332.04
1332.04
1293.90
1279.83
1272.92
1280.78
25383.95
1321.08
1282.93
1286.03
1281.02
1278.88
1266.00
1276.02
1297.00
17165.90
1288.18
1276.02
1286.03
1259.80
1268.86
17328.98
1304.15
1273.87
1267.91
1241.92
1235.01
1245.02
1235.01
1241.92
1239.78
32618.05
1244.07
1233.10
1218.08
1265.05
1276.97
1288.89
33361.20
1273.87
1281.02
1353.98
18971.20
1318.93
1286.98
1286.03
1281.98
1283.88
1279.83
21371.13
1292.23
1298.90
1298.90
1296.04
1291.04
1272.92
1261.95
1277.92
25368.93
1264.10
1263.14
13401.03
1364.95
1377.11
1250.03
1240.97
1246.93
1263.14
1251.94
1260.04
27410.98
1322.98
1290.08
1289.13
1276.02
1285.08
1276.02
1277.92
33398.15
1297.95
1281.02
1277.92
1267.91
1270.06
17404.08
8039.00
1270.06
1255.99
1293.90
1264.10
1240.97
19534.83
1348.02
1254.08
1247.17
1251.94
1253.13
1244.07
1239.06
25358.92
1262.19
1249.07
1247.88
1246.93
1274.82
1253.84
1224.99
1230.96
20171.88
1282.93
1226.19
1230.00
17295.12
1286.03
1250.98
1248.12
1267.91
1297.00
1283.88
33361.91
1266.00
1260.04
1264.10
1336.10
1280.07
17760.99
1276.97
1269.10
1287.94
1272.92
1291.99
25033.95
1244.07
1230.00
1214.98
1255.04
1254.08
25319.10
1271.01
1235.01
1222.13
1279.12
1283.88
1278.88
25332.93
1237.15
1226.90
1223.80
1227.86
1309.87
21386.86
1261.00
1244.07
1254.08
1242.16
1242.88
1235.96
1281.98
1286.98
25341.03
1307.01
1270.06
1264.10
1306.06
1296.04
1307.01
1288.89
1286.03
1286.98
25395.15
1301.05
1300.10
1297.00
1243.11
1219.99
1228.81
1216.89
1219.99
29293.06
1314.16
1278.88
1261.00
1249.07
1242.88
25333.88
1380.92
1283.17
1281.02
1289.13
1281.02
25338.89
1318.22
1278.88
1281.98
1275.06
1273.16
1265.05
1235.01
1238.82
1226.90
25377.99
1296.04
1277.92
1232.86
1242.88
1240.97
1261.95
1240.02
1245.02
25334.12
1290.08
1259.09
1250.98
1281.02
1293.90
1313.92
1317.98
1321.79
25378.94
1790.05
1224.99
1228.09
1220.94
1220.94
25259.02
1281.98
1261.00
1253.13
1267.19
1261.00
1263.14
25403.02
1270.06
1252.89
1265.05
1268.15
1266.00
37181.14
1261.00
1233.82
1236.92
1221.18
1280.07
25350.09
1322.98
1240.97
6308.08
1345.16
1328.95
1343.97
1327.04
1324.18
29395.10
1305.10
1293.90
1298.90
1291.99
1284.84
17360.93
1297.95
1271.96
1257.90
1227.14
1226.90
17302.04
1274.11
1266.00
8540.15
1317.02
1274.82
1271.01
1272.92
1268.86
1271.01
17381.91
1310.83
1300.81
1307.96
1306.06
1302.96
18660.78
1240.02
1222.13
1224.99
1216.89
25259.97
1244.07
1217.13
1209.02
1224.99
1209.02
1209.02
29323.10
1255.04
1238.11
1245.02
1221.90
1240.97
29289.96
1263.86
1233.82
1229.05
1230.00
1224.99
1219.99
25346.04
1302.96
1255.99
1249.07
1213.07
1230.00
25294.07
1268.86
1240.97
1233.10
1284.12
1281.02
25331.02
1270.77
1290.08
1302.00
1297.00
1286.98
1284.12
1255.04
1261.95
1271.01
25421.14
1328.95
1313.92
1348.02
1323.94
1320.12
1223.09
1225.95
1224.99
25380.85
1333.00
1319.17
1273.87
1232.86
1235.01
1242.88
1240.02
1239.06
29289.01
1316.07
1281.98
1286.98
1291.04
1302.96
29356.96
1226.19
1235.96
1217.13
1241.92
1250.03
1260.04
29363.16
1234.05
1224.99
1228.81
1223.80
1222.85
25924.92
1281.02
1249.07
1262.19
1272.92
1281.98
17384.05
1262.19
1245.98
1230.00
1205.92
1210.93
29272.08
1253.13
1213.07
1205.21
1230.00
1204.01
1213.07
1228.09
1215.22
1219.03
25279.05
1245.02
1226.90
1224.04
4554.99
1288.89
1269.82
1275.06
1266.96
1265.05
17323.02
1309.87
1266.96
1274.11
1268.15
1266.00
25316.00
1291.04
1264.10
1246.93
1250.03
1240.97
1242.16
19465.92
1322.03
1295.09
1307.01
1296.04
1242.16
1239.06
33296.11
1306.06
1267.19
1277.92
1258.85
1258.85
1258.85
25393.96
1310.11
1287.94
1264.81
1281.02
1301.05
25412.08
1298.19
1278.88
1254.08
1209.02
1209.97
25296.93
1244.07
1219.99
1224.04
1234.05
1223.09
21283.15
1295.09
1254.80
1251.94
1214.98
1228.81
1229.05
1238.11
1224.04
1217.13
25299.07
1297.00
1268.86
1274.82
1266.96
1268.15
1261.00
1206.16
1223.09
1230.00
29378.89
1271.01
1265.05
1219.03
1240.97
1245.98
1231.19
1302.96
1314.16
25397.06
1250.03
1240.02
1241.92
1237.15
1230.00
25300.03
1268.86
1242.88
1243.11
1235.96
1208.78
1223.09
25377.99
1259.09
1244.07
1256.23
1250.03
1250.03
1240.02
1260.04
1257.90
25300.98
1291.04
1270.06
1266.00
1266.96
1255.99
1256.94
1240.02
1256.94
1265.05
25366.07
1293.18
1326.08
1250.03
1270.06
1273.16
1277.92
1273.87
1273.87
29390.81
1261.95
1240.97
1224.04
1235.96
1230.00
17291.07
1283.17
1231.91
1236.92
1285.08
1288.89
25308.13
1352.07
1304.15
1278.16
1301.05
1256.94
1217.84
25372.98
1305.10
1276.97
1292.94
1270.06
1279.12
25383.00
1261.95
1253.13
1259.09
1257.18
1250.98
29325.01
1266.00
1249.07
1244.07
1231.91
19572.02
1294.14
1295.09
1302.00
1291.99
1290.80
13393.88
1286.98
1281.02
1256.94
1245.02
1247.17
25310.99
1295.80
1263.86
1265.05
1230.96
1247.17
1245.98
1247.88
1241.92
1244.07
19355.06
9334.80
1327.04
1306.06
1287.94
1271.96
1279.12
18399.95
1266.96
1245.02
1230.00
1225.95
1230.96
25369.17
1282.93
1269.82
1268.86
1238.11
1240.02
27467.97
1271.96
1255.99
1242.88
1240.02
1231.91
1232.86
1230.96
26514.05
1226.19
1219.03
1214.03
1216.89
1208.07
1212.12
1224.99
1224.99
25331.02
1230.00
1215.93
1204.01
1233.10
1242.16
1245.98
1242.16
1240.97
19616.84
1322.98
1281.02
1264.10
1265.05
1306.06
1271.96
1273.87
25375.84
1312.97
1255.99
1274.82
1259.80
1254.08
25368.93
1288.18
1262.90
1286.03
1261.00
1255.99
27426.96
1302.96
9377.00
1278.88
1261.00
1276.97
1277.92
1294.14
1292.94
1291.04
1297.00
25413.04
1296.04
1289.84
1318.93
1298.19
1302.00
1286.98
1226.90
1222.13
25285.96
1337.05
1300.10
9880.07
1264.10
1250.03
1279.83
1250.03
26793.00
1267.19
1244.07
1248.12
1305.10
1297.00
25367.02
1267.91
1240.02
1255.99
1243.11
1240.97
20943.16
1291.04
1253.13
1248.12
1224.04
1307.01
1298.19
17386.91
1242.88
1229.05
1239.06
1235.96
1230.00
1219.99
1297.00
1289.84
25359.87
1281.02
1250.98
1248.84
13275.86
1243.83
1244.07
1239.06
1241.92
1251.94
1266.96
1250.98
1258.13
21331.07
1320.12
1285.08
1290.08
1275.06
30494.93
1297.95
1252.17
1252.89
1247.88
7554.05
1312.97
1295.09
1304.86
1299.86
1297.95
25388.96
1307.96
1292.94
1302.00
1288.18
1280.07
33359.05
1266.96
1249.07
17316.10
1253.13
1240.97
1263.14
1269.10
1281.02
25339.13
1302.96
1272.92
1272.92
1264.10
1266.96
1275.06
21342.99
1250.03
1242.16
1255.04
1229.05
1266.96
1292.94
1274.82
1280.07
25343.89
1266.00
1237.15
1224.04
1281.02
1247.17
1271.96
1270.06
1253.13
1263.14
25363.92
1276.97
1272.92
1293.90
1283.88
1271.01
1264.10
1285.08
1265.05
29397.96
1305.10
1281.98
1254.80
1262.90
1273.16
25351.05
1275.06
1247.17
1260.04
1242.88
1246.93
25295.97
1293.90
1281.98
1263.14
1277.92
1261.00
1271.01
1291.04
1279.83
1277.92
25372.03
1252.89
1242.88
1237.87
1223.80
1224.99
17522.10
1304.15
1293.90
1270.06
1213.07
1216.89
21307.95
1277.21
1246.93
1250.03
1247.88
1255.04
1248.12
1292.94
1302.00
1292.94
29342.17
1260.04
1238.11
1282.93
1256.94
1264.10
25401.12
1258.85
1235.96
1238.11
1245.02
1252.17
25316.95
1295.80
1263.86
1271.01
1254.08
1256.94
1250.03
1256.94
1265.05
1264.10
25315.05
1235.96
1228.81
1293.90
1285.08
1286.98
1293.90
1286.98
1286.03
25386.10
1299.14
1275.06
1271.96
1265.05
1254.08
1252.89
1222.85
1224.99
25300.98
1291.04
1243.11
1237.87
1240.97
1241.92
1247.88
25372.98
1245.02
1242.88
1244.07
1238.11
1232.15
25295.97
1257.90
1229.05
1230.00
1230.96
1222.85
29266.83
1308.92
1268.86
1276.97
1291.99
1277.92
1276.97
25463.10
1351.12
1324.18
1260.04
1252.89
1256.94
25421.14
1305.10
1307.01
1304.86
1279.83
1278.88
1256.94
1273.16
1280.07
37379.98
1250.03
1242.88
1231.19
1282.93
1272.92
29353.14
1261.00
1240.97
1235.01
1235.96
1230.00
1226.90
25312.19
1288.89
1276.97
1284.12
1280.07
1275.06
1259.09
1250.98
1245.98
25357.01
1291.04
1259.09
1266.96
1268.15
1261.95
1259.80
1252.89
1253.84
25320.05
1319.89
1272.92
1270.77
1257.90
1272.92
1265.05
1285.08
1295.09
1284.84
25405.88
1293.18
1271.01
1281.02
1267.91
1271.01
25403.98
1314.16
1311.06
1321.08
1307.01
1309.87
29427.05
1317.98
1306.06
1314.16
1313.92
1309.16
21423.10
1320.12
1302.00
1299.14
1293.90
1298.90
1297.00
1286.03
1290.08
25384.19
1323.94
1307.96
1295.09
1337.05
1327.99
1335.86
1326.08
1281.02
25316.00
1271.96
1242.88
1252.17
1245.98
1242.88
1240.97
1281.02
1286.03
29320.00
1363.99
1286.98
1272.92
1307.96
1309.16
1291.99
25404.93
1315.12
1317.98
1286.03
1262.90
1265.05
25379.90
1271.96
1258.85
1279.83
1261.95
1258.13
1281.02
1268.15
1267.91
25326.97
1266.00
1236.92
1240.97
1267.91
1283.88
1278.88
1279.83
1286.98
25331.02
1303.91
1291.04
1291.99
1297.00
1282.93
1288.89
1308.92
1315.12
1301.05
21491.05
1300.10
1266.00
1272.92
1261.95
1276.02
25409.22
1291.99
1281.02
1281.02
1280.07
1282.93
25373.94
1278.16
1267.91
1278.88
1231.91
1239.06
29297.11
1283.88
1256.23
9531.97
1305.82
1294.85
1302.00
1286.03
1272.92
25345.80
1333.00
1314.16
1303.91
1320.84
1312.97
17565.97
1296.04
1260.04
1258.13
1288.89
1292.94
29340.03
1335.86
1312.02
1322.03
1305.10
1307.96
25375.84
1281.98
1274.11
1279.12
1269.10
1266.96
1264.10
25334.12
1243.11
1229.05
1245.98
1230.00
1233.10
21342.99
1307.96
1292.94
1303.91
1294.14
1287.94
1286.03
1215.93
1217.84
25276.90
1298.90
1274.11
1270.06
1213.07
1219.03
1212.84
1230.00
1219.99
1219.99
25316.00
1282.93
1263.86
1276.02
1260.04
1271.01
1262.90
1266.00
1273.87
29329.06
1288.89
1242.88
1245.02
1245.98
1246.93
1250.98
25348.90
1247.17
1243.11
1245.98
1236.92
1232.15
22583.01
1289.13
1291.99
1282.93
1276.97
25341.99
1312.97
1286.03
1277.92
1266.96
1270.06
1290.80
1279.83
1281.98
25321.01
1352.79
1303.91
1275.78
1282.93
1273.87
1288.18
1331.09
1299.86
1292.94
25346.04
1233.82
1216.89
1235.01
1269.82
1272.92
1289.13
1269.82
1264.81
25335.07
1271.01
1240.02
1235.96
1240.02
1235.96
25272.13
1327.04
1254.80
1240.97
1269.10
1235.01
1238.82
22305.97
1279.12
1275.06
1264.10
1252.17
25310.99
1284.12
1261.00
1262.90
24879.22
1333.00
1322.03
1339.20
1306.06
1308.92
19995.93
1309.16
1286.98
1278.88
1286.98
1260.04
1255.99
29323.82
1287.94
1280.07
1258.85
1233.82
1234.05
1233.10
1236.92
1230.00
1235.01
25335.07
1257.18
1261.00
1276.02
1259.80
1261.95
1285.08
1256.94
1264.81
25343.89
1324.89
1297.00
1322.98
8201.12
1255.99
1233.10
1251.94
1240.02
1234.05
29314.04
1269.82
1249.07
1247.88
1240.97
1240.02
1246.21
25386.10
1309.87
1291.04
1245.02
1240.02
1237.87
18733.98
1291.04
1261.95
1266.00
1266.96
1278.88
1270.06
1271.96
25322.91
1321.08
1266.96
1267.91
1265.05
1256.94
1245.02
1288.89
1289.13
25369.17
1328.95
1315.83
1291.99
1266.00
1272.92
1295.09
1286.03
1285.08
1283.88
33359.05
1242.88
1225.95
1250.03
1254.08
1265.05
29354.81
1244.07
1226.90
1215.93
1267.19
1275.06
25341.03
1258.13
1238.11
6315.95
1303.20
1289.13
7003.07
9305.95
1319.89
1303.20
1287.94
1238.82
1236.92
1252.89
18521.07
1226.19
1246.93
1249.79
1249.07
1255.04
1250.03
1249.07
17307.04
1289.84
1252.89
1258.13
1249.07
1247.17
1248.12
25357.01
1279.12
6518.13
1245.98
1237.87
1263.14
1245.02
1241.92
25312.90
8027.08
1301.05
1276.97
1289.84
1268.86
1266.00
25346.99
1299.86
1288.89
1267.19
1290.08
1282.93
1293.90
1285.79
1286.03
26026.96
1247.88
1227.86
1240.02
1234.05
1227.14
1230.00
1223.09
1218.08
1221.18
25397.06
1284.12
1269.10
1257.90
1236.92
1241.92
1248.12
1233.10
1236.92
28811.93
1255.99
1230.00
1223.80
1267.91
1296.04
1286.98
33367.87
1275.78
1254.08
1286.03
1237.15
1255.04
21317.96
1295.09
1261.00
1249.07
1214.03
1210.93
21277.19
1277.92
1232.86
9659.05
1278.88
1262.90
1273.87
1276.02
11097.91
1319.89
1291.04
1305.82
1277.92
1267.19
1253.84
1291.04
1295.09
25368.93
1298.90
1266.00
1255.04
1338.96
1343.01
1336.10
1328.95
1330.85
29140.00
1358.99
1326.80
1312.02
1311.06
1302.96
1293.90
33365.01
1244.07
1232.15
1244.07
1230.96
1232.86
25301.93
1257.18
1239.06
1240.97
1237.87
1230.00
21184.92
1332.04
1290.08
1281.98
1240.97
1240.97
1256.94
4387.14
1264.10
14821.05
1299.86
1283.88
1291.04
1292.94
1292.94
15285.02
1338.96
1281.98
1262.19
1264.10
1266.96
1270.06
1263.14
25328.16
1303.91
1276.97
1278.16
1267.91
1263.86
1261.00
24085.04
1284.12
1271.96
1273.87
1261.00
1252.89
1254.08
29375.08
1308.92
1290.08
1286.98
1251.94
1249.79
21358.01
1240.02
1216.89
1215.93
1254.08
1256.94
1267.91
1251.94
1259.09
33283.00
1303.91
1243.83
1242.88
1248.84
1238.82
1235.96
1222.13
1286.98
1305.82
25397.06
1329.90
1283.88
1286.98
1271.96
1266.96
17341.14
1322.03
1291.04
1283.88
1276.02
1287.94
24354.93
1312.97
1328.95
1307.96
1320.84
1308.92
1289.13
27685.88
1305.10
1302.96
1287.94
1297.95
1284.84
1284.84
25308.85
1328.95
1269.82
1263.86
1309.87
1287.94
1291.04
1302.00
1285.08
1288.89
29415.85
1341.82
1314.88
1294.85
1283.88
1279.12
1285.08
1282.22
1276.97
33377.17
1246.93
1238.11
1239.06
1227.14
1234.05
25299.07
1326.08
1266.00
1265.05
1261.95
1283.88
17316.82
1309.87
1266.00
1254.08
1258.13
1254.08
1244.07
19941.09
1275.06
1296.04
1297.95
1307.01
1290.08
1291.99
25395.15
1281.02
1266.00
1262.90
1256.94
1248.12
1244.07
1284.12
1267.91
20819.90
1314.88
1328.95
1322.03
1324.18
1322.98
1300.81
28106.93
1302.00
1292.94
1295.09
1306.06
1294.14
1297.00
25396.11
1293.18
1287.94
1293.90
1291.04
1295.80
25021.08
1278.88
1266.96
1269.10
1257.90
1255.04
33300.88
1335.86
1299.14
1284.12
1281.98
1303.91
1318.22
17370.94
1277.92
1270.06
1254.08
1253.13
1249.07
25372.03
1314.88
1304.86
1267.19
1280.07
1286.98
21401.17
1244.07
1232.15
1214.03
1224.04
1226.19
1231.91
1221.90
1226.90
1222.13
25403.98
1317.02
1319.89
1298.90
1312.97
1307.01
1240.02
1240.97
1239.06
21373.03
1271.01
1255.04
1275.06
1251.94
1257.90
17310.14
1332.04
1312.02
1337.05
1302.00
1302.00
25354.86
1291.04
1271.01
1274.11
1260.04
1260.04
25314.81
1286.98
1267.19
1288.89
1252.89
1276.02
1276.02
33390.05
1312.97
1307.01
1311.06
1298.19
1298.90
25403.98
1303.91
1305.10
1320.12
1298.90
1301.05
25364.88
8080.01
1289.13
1277.92
1291.04
1282.93
1286.03
21404.98
1272.92
1266.00
1276.97
1261.95
1258.85
1279.83
1279.83
1266.00
25330.07
1290.08
1266.00
1257.90
1232.86
1232.86
1237.87
1235.01
1239.06
1234.05
18783.09
1233.10
1239.06
1224.99
1223.80
1253.84
1330.85
1298.90
29412.03
1318.93
1297.00
1306.06
1308.92
1319.17
29426.10
1313.92
1293.90
1321.08
1304.86
1293.18
18961.91
1259.09
1250.98
1236.20
1245.02
21319.15
1277.92
1255.99
1250.98
1266.96
1271.96
1269.82
1271.96
1261.00
21322.01
1305.10
1281.98
1276.02
1269.82
1282.93
1281.98
1284.12
1280.07
1280.07
25403.02
1299.14
1291.99
1297.95
11646.03
1348.02
1315.83
16762.97
1308.92
1271.01
1268.86
1274.82
1258.85
1258.85
29393.91
1313.92
1317.98
1341.82
1304.86
1295.80
25414.94
1335.86
1325.85
1317.02
1309.87
1307.96
21380.19
1266.00
1249.79
1271.01
1250.03
1242.16
1236.92
1255.99
1259.09
21316.05
1288.18
1274.11
1269.10
1272.92
1262.90
1270.06
1221.90
1236.20
1241.92
25403.98
1287.94
1278.88
1262.90
15343.19
8518.93
1272.92
1262.90
1274.11
1265.05
1258.13
21339.89
1271.96
1252.17
1254.08
1251.94
1247.88
25304.08
1285.08
1260.04
1257.90
1250.03
1248.84
1245.02
21404.98
1280.78
1288.89
12308.84
1343.97
1322.98
1307.01
1295.09
1301.05
1305.10
1317.02
1328.95
1328.95
1382.83
1340.87
1314.88
1300.10
1294.14
1299.14
21320.10
1233.10
1226.90
1281.98
1279.12
1279.12
29373.88
1294.85
1277.92
1276.02
1272.92
1271.01
21579.98
1263.14
1240.02
1274.11
1234.05
1230.00
25300.98
1268.15
1225.95
9270.91
1268.86
1240.97
1240.02
1233.10
6963.01
1294.85
1266.96
1269.10
1243.11
1254.08
1265.05
29343.13
1234.05
1217.13
1227.86
1219.03
1214.03
12896.06
1276.02
1240.02
1240.02
1287.94
1286.98
1279.12
17420.05
1352.07
1329.18
1338.96
1327.99
1320.84
22904.87
1272.92
1290.80
1308.92
25347.95
1315.12
1248.12
1225.95
16775.85
1281.02
1265.05
1270.06
1255.99
1250.03
21322.97
1307.01
1271.01
1275.06
1249.07
10741.95
1281.98
1235.01
1236.92
1263.14
27744.05
1245.98
1240.02
1238.11
1270.06
1265.05
1271.96
1299.86
1261.95
1263.14
1221.90
1221.90
1222.85
1236.92
1222.13
1225.95
40092.95
1321.79
1320.84
1296.04
1259.09
1248.84
1257.90
37362.81
1266.00
1255.04
1259.09
1281.02
1251.94
1261.95
1251.94
1254.08
21323.92
1306.06
1278.16
1287.94
1287.94
1285.08
33319.95
1337.05
1279.12
1279.12
1277.92
1264.81
1263.86
25388.00
1281.98
1261.95
1276.02
1270.06
1262.19
21370.89
1323.94
1317.98
1319.89
1319.89
1310.11
1301.05
1290.08
1281.02
25331.97
1317.02
1250.03
1292.94
1297.00
1297.95
1295.80
1240.97
1245.98
25302.89
1299.14
1230.00
1228.81
1230.00
1227.14
1229.05
1269.10
1297.95
1293.90
29365.06
1260.04
1248.84
1255.99
1240.97
1246.93
25309.09
1317.02
1307.01
1305.10
1353.03
1350.16
25377.04
1341.10
1319.89
1286.03
1292.94
1294.85
1308.92
1307.96
1298.90
25367.02
1274.11
1239.06
1245.98
1235.96
1234.05
1233.10
1263.14
1230.96
1232.15
25334.12
1277.92
1262.90
1276.02
1265.05
1266.00
1256.94
1242.88
1252.89
25338.17
