1099.11
1096.01
1098.87
25203.94
1111.98
1101.97
1100.06
1096.01
1096.01
1091.96
1096.01
1055.00
1049.04
1047.13
25187.97
1113.89
1094.10
1088.14
1060.96
1055.96
1086.00
1166.11
1072.17
1084.09
1058.10
25197.98
1034.02
1078.84
1081.94
1068.12
1075.98
1060.01
1085.04
1075.03
1065.97
1092.91
25184.87
1096.96
1096.96
1088.86
1087.90
1100.06
1084.80
1096.96
1085.04
1095.06
1073.12
25191.78
1108.88
1097.92
1096.96
1097.92
1081.23
1090.05
1101.02
1075.98
1060.01
1063.11
25171.04
1110.08
1075.03
1091.96
1083.14
1087.90
1075.98
1076.94
1030.92
1039.98
1035.93
33203.84
1089.10
1081.94
1088.86
1074.79
27225.97
1092.91
1065.97
1058.10
1067.16
1040.94
1052.86
25070.91
1132.01
1065.97
1070.98
1062.87
1055.00
1052.14
1060.01
25160.07
1072.17
1058.10
1056.91
1072.88
1055.00
1047.85
1047.85
1075.98
1074.08
1078.13
25136.95
1084.09
1044.03
1038.07
1056.19
1039.03
1037.12
1044.03
1039.03
1034.98
1040.94
29074.91
1129.87
1096.96
1095.06
1096.01
1080.04
1081.94
1099.82
25183.92
1091.00
1083.85
1064.06
1099.11
1080.99
1091.00
21173.95
1070.02
1050.95
1043.08
1054.05
1051.19
1039.98
1042.84
1051.90
1046.18
1039.98
25073.05
1080.04
1041.89
1028.78
1055.00
1044.99
1035.93
1036.17
1050.95
1039.03
1044.99
1044.99
25156.02
1064.06
1067.16
1064.06
1073.12
1065.02
1060.01
1070.98
1060.96
1072.88
1068.83
25177.00
1115.08
1086.00
1086.00
1070.02
1080.04
1091.00
1075.98
1084.09
1074.08
1074.08
25208.95
1096.01
1087.90
1097.92
1107.22
1073.84
1091.96
1101.97
1080.04
1097.92
1086.00
17236.95
1111.98
1099.11
1096.96
1101.97
1090.05
1091.00
1087.90
1088.14
1073.12
25130.03
1137.97
1080.04
1080.99
1081.94
1076.94
1070.02
1071.93
1065.97
1048.09
1069.07
1058.10
25153.16
1059.06
1061.92
1069.07
1049.04
1050.00
1042.84
1041.89
1038.07
1049.04
1056.91
25161.03
1066.92
1053.09
1058.10
1064.06
1065.97
1051.90
1060.01
1066.92
1068.83
1071.93
25172.00
1088.86
1066.92
1070.02
1091.00
1071.93
1078.84
1094.82
1046.90
1070.98
1068.12
25106.91
1096.96
1063.11
1055.00
1058.82
1042.84
1038.07
1030.92
1070.02
1067.88
1055.00
29089.93
1140.12
1086.95
1079.80
1078.84
1039.98
1044.99
1037.84
21135.81
1055.00
1044.03
1035.93
9155.04
1094.82
1098.87
1089.81
1079.80
1071.93
1072.88
25204.18
1067.16
1061.92
1050.00
1074.08
1092.20
1085.04
1106.98
1084.80
1086.00
1089.10
25201.08
1091.00
1066.92
1092.20
1075.03
1075.98
1102.92
1099.82
1086.95
1073.12
1070.02
1076.22
1070.02
1069.07
25104.05
1142.98
1089.10
1075.98
1083.14
1073.12
1059.06
1019.00
33676.86
1081.94
1076.22
1080.04
1085.04
1078.13
1070.98
25180.10
1088.14
1081.94
1082.90
1065.97
1056.91
1070.98
21148.92
1098.87
1075.98
1070.98
1034.02
1053.09
1070.02
1057.15
1053.09
1070.02
1135.11
25084.97
1175.88
1144.89
1132.01
1131.06
1125.10
1120.09
1116.04
1029.01
1037.12
1039.98
25142.91
1162.05
1122.00
1120.09
1028.06
1034.02
1032.11
1034.02
1039.03
1036.88
1042.84
25088.07
1087.90
1045.94
1047.13
1050.95
1042.84
1041.89
1039.03
1080.04
1068.12
1058.10
25072.10
1116.99
1058.10
1055.96
1055.96
1060.96
1057.86
1072.88
25167.94
1108.17
1094.10
1091.00
1093.15
1074.08
1096.01
25141.00
1137.97
1110.08
1087.19
1080.99
1080.04
1079.80
1075.03
1079.08
1081.94
1080.99
25146.96
1114.85
1075.98
1055.00
1083.14
1059.06
1057.15
1060.01
1055.96
1060.96
1068.83
17119.88
1093.86
1050.95
1044.99
1040.94
1086.00
1091.00
1073.12
17173.05
1065.02
1056.19
1060.96
1110.79
1096.96
1120.09
17217.16
1070.02
1054.05
1050.00
1044.03
1065.97
1068.83
21104.81
1138.93
1093.86
1084.09
1089.10
1092.20
1081.94
1075.98
1080.99
1081.94
1078.13
25114.06
1132.97
1086.00
1091.00
1084.09
1086.00
1083.85
1073.84
1067.88
1054.76
1065.97
25089.03
1108.88
1063.82
1045.94
1062.15
1043.08
1044.99
1040.94
1040.94
1030.92
1035.93
1031.16
25140.05
1046.18
1028.06
1030.92
13179.06
1108.88
1083.85
1089.10
1086.00
1082.90
1085.04
1091.00
1075.98
1071.93
25083.07
1154.90
1102.92
1088.14
1096.01
1091.00
1084.09
1089.10
1096.96
1075.03
1084.09
25113.11
1126.05
1080.04
1065.02
1063.11
1089.10
1080.04
1080.04
1087.19
1082.90
1083.85
17108.92
1138.93
1093.15
1091.00
1093.15
1105.07
1112.94
1106.02
1113.89
1091.00
1104.12
21142.96
1091.96
1058.10
1050.00
1055.96
1044.03
1045.94
1055.00
17131.81
1062.87
1046.90
1051.90
1055.00
1051.90
1060.01
25101.90
1096.01
1066.92
1057.86
1067.88
1057.86
1060.01
1060.96
1069.07
1089.10
1080.99
25121.93
1125.81
1066.92
1062.87
1054.05
1061.92
1041.17
1061.92
25149.82
1070.02
1051.19
1049.04
1059.06
1049.04
1047.13
25090.93
1140.12
1075.03
1075.98
1073.84
1045.94
1058.10
1049.04
1069.07
1059.06
1056.91
25063.99
1121.04
1078.84
1061.92
1078.13
1068.12
1061.92
1064.06
1079.08
1054.05
1053.09
1045.94
25167.94
1094.10
1078.13
1074.08
1046.18
1045.94
1039.98
1044.03
1037.12
1039.98
1038.07
25136.95
1060.01
1044.99
1037.84
1045.94
1034.02
1033.78
1039.03
1063.11
1050.00
1043.08
25089.03
1144.89
1094.10
1075.98
1092.91
1055.00
1041.89
1051.90
25189.16
1116.04
1103.16
1092.91
1086.00
1084.09
1090.05
21183.97
1103.88
1089.81
1093.86
1090.05
1084.09
1080.04
1075.98
1057.86
1045.94
1050.95
25162.94
1078.84
1067.88
1058.82
1034.98
1052.14
1055.00
1070.02
1072.88
1061.92
1065.02
25111.91
1111.03
1075.98
1061.20
1075.98
1074.08
1067.16
1064.06
1079.08
1086.00
1080.99
25128.13
1119.14
1080.99
1086.24
1091.00
1103.16
1080.99
33128.02
1111.98
1065.02
1060.96
1060.96
1059.06
1060.96
1055.00
25162.22
1096.96
1075.03
1091.00
16762.97
1081.94
1081.94
1091.96
1096.01
1077.89
1078.84
25143.86
1162.05
1131.06
1088.14
1082.90
1057.86
1050.95
1046.18
1070.98
1075.03
1078.84
25130.99
1170.16
1111.98
1096.01
1077.89
1084.80
1091.96
1098.16
1095.06
1089.10
1094.10
29181.00
1083.85
1075.98
1072.88
1054.05
5317.93
1082.90
1061.20
1029.97
1035.21
1039.03
17166.14
1064.06
1044.99
1039.98
1065.02
1058.10
1058.10
25092.12
1152.04
1108.88
1104.12
1095.06
1057.86
1062.15
1050.00
1061.92
1051.19
1043.08
1044.03
25146.96
1078.84
1096.01
1111.98
1116.99
1116.04
1107.93
1077.89
27828.22
1109.12
1055.96
1053.81
1037.84
1040.94
1044.03
25074.96
1132.97
1096.01
1083.14
1085.04
1093.15
1100.06
1104.12
25176.05
1070.98
1060.01
1059.06
1058.10
1052.14
1049.04
25105.95
1147.99
1099.11
1101.97
1117.94
1115.08
1106.02
1089.81
1052.86
1065.97
1069.07
25190.11
1113.18
1102.92
1095.06
1113.89
1097.92
1102.92
1088.14
1060.96
1073.84
1068.83
25169.85
1102.92
1089.10
1103.16
1070.02
1056.19
1054.05
1060.96
1062.87
1056.91
1053.09
21155.12
1070.02
1051.90
1055.00
1060.96
1051.19
1049.04
1052.14
1051.90
1050.00
1050.95
25094.03
1101.97
1056.91
1052.14
1066.92
1050.00
1104.12
1109.84
17174.01
1082.18
1051.90
1050.00
1086.95
1093.86
1084.80
17190.93
1106.02
1101.02
1112.94
1088.14
1083.14
1095.06
1106.98
1103.88
1088.86
1091.96
1096.01
1084.09
1087.19
17127.04
1137.97
1091.00
1115.08
1136.06
1126.05
1117.94
1106.98
1098.87
1070.02
1050.00
25123.12
1156.09
1127.00
1128.91
1099.11
1050.95
1039.98
1064.06
1094.10
1100.06
1094.10
1110.08
1106.02
1109.84
1094.82
13190.98
1132.97
1101.02
1121.04
1115.08
1119.14
1117.94
1124.86
1116.99
1128.91
25140.05
1159.91
1106.02
1121.04
1099.11
1110.08
1115.08
1115.08
1108.17
1092.91
1073.84
1051.90
1075.03
1070.02
1080.99
21173.95
1130.10
1116.99
1126.05
1108.88
1098.16
1083.14
1071.93
1076.94
1073.12
1084.09
28553.96
1121.04
1137.02
1110.08
1142.02
1116.04
1117.94
25155.07
1135.83
1075.98
1058.10
1045.94
1087.90
1077.89
1090.05
1091.96
1074.08
1075.98
13126.85
1111.03
1073.12
1082.90
1103.88
1066.92
1091.00
1096.01
17194.99
1066.21
6937.03
1077.18
1088.86
1169.92
1151.80
1081.94
1083.14
21170.14
1075.98
1054.05
1080.99
1094.10
1095.06
1101.02
1101.02
1073.12
1054.05
23314.95
1146.08
1122.95
1115.80
1112.94
1101.02
1085.04
1077.89
1055.96
1044.99
23587.94
1098.16
1127.00
1102.92
1071.93
1080.99
1050.00
1044.99
1042.84
13175.96
1089.10
1088.14
1094.10
1073.84
1069.07
1065.97
1041.17
1063.11
1090.05
1096.01
33156.16
1091.96
1056.91
1057.15
1050.95
1050.95
1043.08
1054.05
1067.16
1084.09
1106.98
17225.03
1131.06
1116.04
1109.12
1077.89
18363.95
1121.04
1083.85
1096.01
1107.93
1121.04
1106.02
1106.98
1099.11
1072.17
1065.97
1047.13
25149.11
1060.01
1078.84
1096.96
1100.06
1109.12
1114.13
1086.95
1043.80
1086.00
1104.12
25161.03
1065.97
1059.06
1071.93
1081.94
6460.19
1146.08
1110.08
1101.97
1091.00
1056.91
1050.00
1073.12
29198.88
1067.88
1047.85
1055.00
1083.85
1086.00
1081.94
1091.96
1094.10
1111.98
1092.91
19133.09
1082.18
9200.10
1107.93
1093.86
1087.90
1090.05
1084.80
1072.88
1072.17
1083.14
1060.96
1060.01
21166.09
1094.10
1091.96
1082.90
1088.14
1100.06
1092.91
21178.01
1092.91
1100.06
1111.03
1144.17
1120.09
1115.08
1094.10
1091.00
1089.10
1078.13
1086.00
1083.14
1085.04
29102.09
1139.16
1094.10
1091.00
1111.98
1081.94
1087.90
1089.10
1096.01
1086.00
1083.85
29127.84
1139.88
1106.02
1079.08
1121.04
1053.81
1068.83
1091.96
1105.07
1130.10
1126.05
1110.08
1105.79
1083.85
1088.14
29185.06
1072.17
15050.89
1101.97
1091.96
1091.00
1095.06
1086.95
1084.80
1091.00
1055.00
1059.06
1058.82
1075.03
1060.96
1060.01
1113.89
1075.98
1077.18
14034.99
1113.89
1073.12
1065.97
12902.98
1099.11
1062.15
1055.96
1060.96
1050.95
1044.03
1050.00
1051.90
1055.96
1055.00
1065.97
1082.90
1050.00
1059.06
17122.98
1148.94
1110.08
1108.88
1094.10
1094.10
1118.18
1089.10
1091.00
1088.14
1086.00
1091.96
1086.00
1085.04
1082.90
13177.87
1091.96
1072.17
1073.12
1084.09
1082.90
1071.93
21579.03
1093.15
1077.18
1076.94
1065.97
1065.97
1055.00
1048.09
1060.01
1066.92
1057.86
25147.91
1076.94
1055.00
1062.15
1054.05
1053.09
1054.05
1041.17
1039.98
1061.20
1060.01
25160.07
1068.12
1048.09
1047.13
1055.00
6898.88
1101.02
1062.87
1044.99
1051.19
1039.98
1043.08
1043.08
21092.18
1168.01
1110.08
1105.79
1103.88
1086.00
1091.00
1095.06
1091.00
1087.90
1091.00
25135.04
1136.06
10535.00
1111.98
1070.98
1060.01
1068.12
1064.06
1057.15
1061.92
1065.97
1064.06
1062.15
1066.92
21167.04
1097.92
1077.89
1082.90
1122.00
1127.96
1111.98
24511.81
1121.04
1083.14
1060.96
1102.21
1067.88
1065.02
1068.12
17156.12
1070.02
1075.98
1065.97
1052.14
1058.10
1054.05
13098.96
1137.97
1095.06
1089.10
1097.20
1087.90
1082.90
25143.86
1125.81
1049.04
1044.03
1041.17
1107.93
1100.06
1104.83
1117.94
1099.11
1104.12
25151.01
1115.08
1090.05
1070.98
1071.93
1103.88
1109.84
1099.82
1111.98
1106.02
1103.16
25146.96
1132.01
1090.05
1083.14
1070.02
1104.12
1102.92
1108.88
1105.07
1096.96
1095.06
17349.96
1124.86
1078.13
1086.95
1078.84
1079.08
1080.99
17135.14
1109.12
1057.15
1060.96
1070.98
1065.02
1065.02
17089.84
1147.99
1087.90
6170.03
1140.83
1128.91
1113.18
1101.02
1099.11
1096.96
17137.05
1114.13
1083.14
1070.02
13205.05
1136.06
1107.22
1120.09
1069.07
1087.90
1080.04
21142.96
1142.02
1114.13
1105.07
1096.96
1082.90
1080.04
1088.86
1097.92
1099.11
1096.96
25191.07
1110.08
1099.11
1097.92
1083.85
1086.95
1086.00
33144.95
1117.94
1077.89
1074.79
1088.86
1080.99
1079.08
1080.99
1096.96
1099.11
1096.96
29165.98
1142.02
1113.18
1116.04
1113.18
1113.89
1100.06
1094.10
1094.10
1108.88
1086.95
25241.14
1163.96
1152.04
1133.92
1055.00
1061.92
1067.88
1087.90
1052.86
1054.05
1052.86
45185.80
1069.07
1060.96
1064.78
1052.86
1052.86
1058.82
25112.87
1147.03
1114.13
1110.08
1075.98
1061.92
1060.96
1077.89
1065.02
1064.06
1059.06
25109.05
1125.81
1091.00
1079.08
1077.18
1066.92
1068.83
1060.96
1065.02
1062.87
1061.92
21120.07
1148.94
1106.02
1098.16
1112.94
1098.87
1107.93
1099.11
1088.14
1091.96
1088.86
13165.00
1119.14
1082.90
1082.90
1072.88
1106.02
1093.86
25148.87
1141.07
1091.00
1091.96
1103.88
1088.86
1096.01
1098.87
9157.90
1098.87
1080.04
1080.04
1097.92
1107.22
1091.96
17241.95
1137.97
1132.01
1120.09
1061.92
1052.14
1055.96
17165.90
1085.04
1077.89
1075.03
1106.98
1099.82
1096.96
1121.04
1114.13
1098.16
1101.97
33222.91
1152.04
1154.90
1126.05
1045.94
1046.90
1047.85
1052.86
1050.95
1038.07
1051.19
25226.12
1129.15
1123.91
1115.80
1044.99
1043.08
1050.95
1057.86
1045.94
1053.09
1053.09
21182.06
1116.04
1106.98
1096.01
1052.14
1060.96
1055.00
1070.98
1072.17
1065.97
1064.06
25197.98
1126.05
1105.07
1110.08
1049.04
1055.96
1054.05
1067.16
1065.97
1068.12
1060.01
25181.06
1074.79
1060.96
1050.95
1062.87
1068.83
1076.94
1083.14
1085.04
1079.08
1081.94
25200.84
1116.99
1087.19
1087.90
1067.88
1070.98
1072.17
1080.04
1091.00
1096.96
1092.91
25228.98
1154.18
1132.97
1114.13
1115.08
1121.04
1122.95
25239.94
1113.89
1111.98
1091.00
1082.18
1084.09
1086.00
25179.86
1124.86
1102.92
1106.98
1111.03
1088.14
1090.05
1080.99
1107.93
1102.92
1103.88
25189.88
1112.94
1095.06
1095.06
1079.80
1079.08
1081.94
1088.86
1158.95
1147.03
1143.93
25171.04
1100.06
1086.00
1079.80
1070.02
1065.02
1071.21
1107.93
1131.06
1128.91
25177.00
1142.98
1086.00
1083.85
1078.84
1114.85
1106.02
1106.98
1108.17
1100.06
1101.02
25156.02
1116.04
1065.02
1057.15
1063.11
1090.05
1083.14
1086.00
1091.96
1086.95
1081.94
25132.18
1123.19
1091.00
1076.94
1075.03
1068.12
1056.91
1055.96
1064.06
1057.15
1053.09
21085.98
1165.87
1107.93
1103.16
1107.93
1064.06
1055.00
1055.96
37173.03
1077.89
1057.86
1066.92
1062.15
1060.96
1060.96
1069.07
1060.01
1058.10
1060.01
25163.89
1086.95
1065.02
1065.02
1078.13
1082.18
1081.94
1075.03
1076.94
1075.98
1073.84
21204.95
1106.98
1106.02
1120.09
1097.92
1106.98
10718.11
1105.07
1100.06
17153.02
1101.97
1068.12
1065.02
1053.09
1063.11
1060.96
1060.96
13698.10
1090.05
1086.95
1110.08
1095.06
1111.03
1098.87
1107.93
1112.94
1115.08
17213.11
1120.09
1115.08
1092.91
1075.03
27401.92
1134.87
1107.93
1110.08
1106.02
1105.79
1103.88
1096.01
1106.98
1098.16
1111.03
25208.95
1116.04
1120.09
1119.85
1140.83
1106.02
1101.02
1119.14
1091.96
1093.86
1108.17
1101.02
1103.16
1106.98
37183.05
1106.98
10416.98
1105.07
1065.97
1058.82
1073.84
1108.88
1108.88
1124.86
25190.83
1080.04
1084.09
1069.07
1057.15
1070.02
1063.11
17121.08
1134.16
1102.92
1099.82
1107.93
1098.16
1095.06
25154.11
1151.08
1117.94
1114.13
1122.95
1112.94
1126.05
25148.15
1175.17
1127.96
1125.81
1137.02
1137.97
1119.85
20890.00
1121.04
1074.08
1072.17
1065.02
1062.15
1064.06
1064.06
21191.12
1109.12
1104.12
1086.95
1091.96
1101.02
1090.05
13131.86
1129.87
1077.18
1072.88
1096.01
1122.95
1128.91
1125.81
1123.91
1116.99
1120.09
25218.96
1088.86
1087.19
1091.00
1091.00
1096.96
1099.82
25151.97
1150.13
1120.09
1107.93
1111.98
1111.03
1105.07
25172.95
1129.15
1088.14
1085.04
1103.16
1086.95
1104.12
29128.07
1160.86
1110.79
1126.05
1132.97
1124.86
1088.14
1089.10
17185.93
1090.05
1086.95
1075.03
1073.84
1076.94
1084.09
11734.01
1116.99
1094.10
1077.89
1081.94
12428.05
1072.88
1070.02
1065.97
17155.17
1138.93
1130.82
1134.87
1134.87
1137.02
1122.95
17205.00
1142.02
1112.94
1121.04
1127.96
3844.98
1084.80
1091.96
1087.19
1082.90
1080.04
1067.88
29183.86
1143.93
1114.85
1122.00
1120.09
1124.14
1116.99
9186.98
1091.96
1078.13
1064.06
1075.98
1077.18
1064.06
25110.01
1192.81
1174.93
1163.01
1097.92
1048.80
1054.05
1045.94
25249.00
1168.01
1132.97
1142.98
1055.00
1046.90
1053.81
1051.90
1054.05
1050.95
25084.02
1107.93
1060.01
1051.90
1072.88
1049.04
1045.94
1051.19
25160.07
1111.03
1107.22
1103.88
1060.01
1069.07
1061.92
25114.06
1127.00
1091.00
1078.84
1057.86
1056.91
1061.92
1055.00
1080.99
1057.86
1058.82
25101.90
1161.81
1102.92
1107.22
1112.94
1090.05
1091.00
1086.95
1110.79
1091.00
1099.11
25135.99
1135.83
1112.94
1094.10
1116.04
1097.92
1097.20
1101.02
1106.02
1101.02
1099.82
25201.80
1121.04
1101.02
1113.18
1111.98
1117.23
1111.98
1113.18
1091.96
1088.14
1090.05
25233.98
1128.91
1125.10
1094.10
1050.95
1055.96
1051.19
1065.02
1058.10
1059.06
1059.06
33213.14
1116.99
1107.93
1114.13
1086.95
1082.90
1083.85
25177.96
1074.08
1053.09
1054.05
1062.15
1054.05
1051.19
17097.00
1156.09
1111.98
1112.94
1118.90
1109.12
1101.02
21128.89
1144.89
1096.01
1092.91
1104.83
1088.86
1082.90
1079.08
1081.23
1092.91
1091.00
29212.95
1147.03
1091.00
1091.00
1112.94
1100.06
1100.06
1099.11
1095.06
1100.06
1114.85
25165.80
1163.96
1111.98
1119.85
1100.06
1101.97
1093.15
1100.06
1098.16
1100.06
1096.96
25202.99
1124.14
1096.96
1103.88
1113.18
1092.91
1101.97
9194.14
1103.88
1097.92
1091.00
1111.98
1100.06
1102.92
25160.07
1167.06
1117.94
1098.87
1112.22
1102.92
1100.06
21146.77
1158.95
1117.94
1111.03
1123.91
1107.93
1120.09
1111.03
1048.09
1052.14
1058.10
33117.06
1139.88
1096.01
1101.02
1075.03
1104.12
1088.14
25146.01
1154.18
1116.04
1124.14
1147.99
1123.19
1115.08
1110.08
1081.94
1096.96
1095.06
25143.15
1142.02
1124.14
1110.08
1130.10
1116.04
1111.98
1088.86
1071.93
1070.02
1070.98
25181.06
1109.12
1101.02
1086.00
1072.88
1071.93
1073.12
1082.18
1075.03
1078.13
1075.98
25199.17
1091.96
1086.95
1081.94
1082.90
1088.86
1100.06
1079.80
1080.99
1079.08
1068.12
29215.10
1126.05
1123.91
1125.10
1122.00
1125.81
1116.99
29216.05
1130.10
1109.12
1106.02
1105.79
1106.98
1103.16
25197.98
1086.95
1055.00
1058.10
1080.99
1076.94
1072.88
1093.15
1080.04
1078.13
1068.12
21176.10
1090.05
1080.99
1074.79
1097.92
1092.20
1096.01
25151.01
1152.04
1122.00
1125.10
1050.95
1086.00
1090.05
1095.06
1088.14
1076.94
1071.93
21141.05
1148.94
1127.00
1124.14
1081.94
1087.90
1084.09
25150.06
1189.95
1152.04
1166.11
1156.09
1146.08
1146.08
1120.09
1091.96
1091.96
1091.00
25207.04
1146.08
1130.10
1121.04
1104.12
1105.07
1095.06
1105.07
1095.06
1092.20
25119.07
1155.85
1087.90
1080.04
1082.18
1070.98
1082.18
1081.94
1108.88
1089.81
1080.99
25130.03
1158.95
1114.13
1106.02
1121.04
1102.92
1111.03
1101.02
1091.00
1092.91
1092.20
17157.08
1111.03
1056.19
1039.03
1051.19
1070.02
1081.94
1071.93
25178.19
1075.98
1053.09
1055.96
1056.91
1055.00
1065.02
1066.92
1083.85
1083.85
1078.84
25168.90
1076.94
1064.06
1071.93
1062.15
1065.97
1061.92
1064.06
1078.13
1086.00
1087.90
25172.95
1057.15
1056.91
1060.96
1046.18
1049.04
1054.05
1059.06
1114.85
1127.00
1111.98
25218.01
1068.83
1060.01
1050.00
1068.12
1060.96
1060.01
1063.11
1108.88
1127.96
1113.18
13230.09
1120.09
1112.94
1117.94
1123.19
1120.09
1127.00
1125.10
1091.00
1111.03
25115.97
1180.89
1111.98
1125.10
1120.09
1102.92
1108.88
1100.06
1080.99
1091.00
1080.99
25127.89
1137.97
1085.04
1078.84
1083.85
1065.97
1064.06
1062.15
1055.96
1071.93
1071.93
25114.06
1129.15
1079.08
1071.93
1080.99
1074.08
1080.04
1087.19
1060.96
1043.80
1044.03
25043.01
1165.87
1083.85
1067.88
1056.91
1034.02
1035.93
1034.98
1043.08
1034.98
1034.02
1035.93
29168.13
1095.06
1075.98
25108.10
1155.14
1111.03
1083.14
1085.04
1070.02
1069.07
1070.02
25195.84
1111.03
1098.87
1081.94
1059.06
1053.81
1045.94
25125.03
1125.10
1110.08
1111.03
1101.97
1087.90
1100.06
1086.00
1029.97
1039.03
1039.03
25098.80
1130.10
1095.06
1089.10
1059.06
1065.02
1066.92
1075.98
1067.16
1065.02
1057.15
25105.95
1138.93
1093.15
1068.12
1074.08
1076.94
1065.02
1074.08
1080.99
1078.84
1089.81
29137.85
1128.91
1080.04
1071.93
1072.88
1057.86
1061.92
1059.06
32290.22
1066.92
1050.95
1044.99
1045.94
1088.14
1075.03
1078.13
18834.11
1086.95
1096.96
1065.02
1055.00
1060.96
1072.88
1063.11
1060.01
25101.18
1144.17
1101.02
1088.14
1096.96
1088.86
1086.00
1087.90
1055.96
1044.03
1045.94
25086.16
1135.11
1091.96
1072.88
1090.76
1074.08
1075.98
1083.14
1047.13
1040.94
1036.88
1047.85
18954.04
1078.84
1060.96
1064.06
1077.18
1091.96
1101.02
1088.86
1088.14
25210.14
1120.09
1095.06
1083.14
1091.00
1090.05
1079.80
1106.02
1093.86
1092.91
1093.15
25159.12
1063.11
1045.94
9078.98
1109.12
1135.11
1056.91
1050.95
1091.00
1076.94
1085.04
17207.15
1070.98
1057.86
1063.11
1110.08
1093.15
1096.01
25192.02
1112.94
1098.16
1096.01
1058.10
1056.19
1051.90
25091.89
1125.81
1069.07
1059.06
1080.04
1063.11
1063.11
1065.02
25204.90
1117.94
1114.13
1107.93
1103.88
1092.91
1089.10
25216.10
1096.96
1085.04
1075.98
1074.79
1065.02
1069.07
1060.01
1071.93
1059.06
1066.21
29167.89
1065.02
1044.03
1047.13
1050.00
1038.79
1034.02
1038.07
1091.00
1093.15
1094.10
25166.99
1172.07
1124.14
1124.14
1137.02
1124.14
1125.10
1122.00
1080.04
1086.00
1082.90
25226.12
1135.11
1112.94
1099.82
1068.83
1062.87
1056.91
9138.82
1106.98
1089.10
1095.06
1094.10
1089.10
1090.05
21144.15
1119.14
1084.09
1084.09
1091.00
1091.00
1086.95
17122.98
1137.97
1091.96
1101.02
1106.98
1083.14
1087.90
1101.97
1118.90
1100.06
1099.11
13150.93
1139.88
1099.11
1101.02
1082.90
1120.81
1101.02
21137.00
1188.99
1140.12
1131.06
1137.97
1130.10
1131.06
1143.93
1130.10
1126.05
1135.11
23687.12
1119.14
1115.08
1100.06
1086.95
1094.82
1084.80
1076.94
1078.84
17176.87
1100.06
1107.93
1104.12
1096.01
1098.87
1100.06
1099.82
1091.00
1099.11
1087.90
1101.97
1094.10
1094.10
9190.08
1115.08
1089.10
1092.91
1116.04
1086.00
1084.80
21114.83
1080.99
1034.98
1034.98
1044.03
1033.07
1017.81
1047.85
1055.96
1041.17
1040.94
1041.89
29194.83
1098.87
1090.05
1081.94
1075.03
1096.01
1090.05
1105.07
1094.10
1095.06
1091.96
1116.99
1091.00
1093.15
25132.89
1138.93
1102.92
1096.01
1098.87
1096.01
1093.86
1096.96
1094.10
1096.01
1091.00
25175.09
1112.94
1101.02
1091.96
1106.98
1092.91
1082.90
1097.20
1090.05
1091.96
1093.86
25203.94
1083.14
1069.07
1067.16
1071.93
1101.02
1091.96
1086.00
1080.04
1084.09
1079.08
25197.03
1078.84
1058.82
1059.06
1055.96
1052.86
1042.84
1045.94
1070.98
1076.94
1082.18
25184.87
1086.00
1074.08
1063.11
1073.12
1062.15
1060.96
1063.11
1046.18
1049.04
1039.98
25086.16
1114.13
1071.93
1063.82
1070.02
1065.02
1069.07
1067.88
1075.03
1052.86
1055.00
25095.94
1125.10
1066.92
1060.01
1062.15
1060.96
1061.20
1060.01
1054.05
1107.93
1083.14
21140.10
1101.02
1046.90
1043.08
1043.08
1066.21
1064.06
1054.05
13159.99
1127.00
1091.00
1102.21
1097.92
1086.95
1089.10
17141.10
1142.02
1105.79
1080.04
1089.10
1082.90
1080.99
25120.97
1147.03
1096.01
1076.94
1101.02
1096.01
1101.97
1078.84
25148.87
1060.96
1047.13
1058.10
1053.09
1055.96
1048.80
25099.04
1085.04
1058.10
1065.97
1070.02
1064.06
1068.12
1074.08
21136.05
1062.15
1055.96
9095.91
1090.05
1044.99
1041.89
1050.00
1043.08
1036.17
1045.94
25206.09
1117.94
1089.10
1075.03
1080.04
1061.20
1091.96
1086.95
1089.10
1080.04
1084.09
29196.98
1104.83
1085.04
1091.00
1081.94
1083.85
1085.04
25182.96
1109.84
1089.81
1096.96
1093.15
1089.10
1091.00
25133.13
1094.82
1045.94
1038.07
1048.09
1037.12
1045.94
1037.84
25161.98
1062.15
1048.09
1055.96
1046.18
1045.94
1038.07
1050.95
1086.00
1075.98
1070.02
25165.08
1074.08
1049.04
1039.98
1111.98
1089.10
1096.96
1099.82
1092.91
1094.10
1083.14
17158.99
1065.97
1044.03
1044.03
1082.18
1064.06
1065.02
17116.07
1129.87
1076.94
1063.11
1049.04
1099.82
1091.96
1091.96
25179.86
1081.94
1070.02
1070.98
1066.92
1064.06
1065.97
1056.91
1084.09
1083.14
1065.02
25210.14
1121.04
1111.03
1100.06
1092.20
1099.11
1091.00
1095.06
1084.09
1093.15
1085.04
25156.02
1082.90
1068.83
1074.08
1082.90
1087.90
1084.80
1093.86
1086.00
1086.00
1080.99
1091.00
1086.00
1084.09
13130.19
1122.00
1079.80
1062.87
1062.87
1077.89
1084.09
1073.12
1086.00
1080.99
1086.00
29115.20
1131.06
1086.00
1086.00
1088.14
1082.90
1080.04
1079.08
9156.94
1075.03
1066.92
1088.14
1068.12
1060.01
1057.15
25167.94
1103.16
1095.06
1080.04
1048.09
1046.18
1039.03
1048.09
1043.08
1047.13
1049.04
17094.14
1150.13
1112.94
1113.89
1135.83
1119.85
1119.85
1137.02
1142.02
1125.10
1122.95
13199.81
1116.04
1111.98
13154.98
1179.93
1119.85
1116.04
1123.91
1112.94
1107.93
1106.98
1141.07
1136.06
1132.01
17189.98
1104.12
1080.99
1105.07
1080.99
1091.96
1075.03
1103.88
1084.09
1097.20
1096.96
25185.11
1066.92
1059.06
1058.10
1048.09
1049.04
1052.86
1042.84
1063.11
1065.02
1075.98
13191.94
1079.80
1067.88
1061.92
1062.87
1058.10
1058.10
13085.13
1156.09
1127.00
1109.84
1096.01
1064.06
1065.02
1060.01
1071.93
1056.19
1061.92
29089.21
1158.00
1096.96
1090.05
1088.14
1053.09
1055.96
1055.00
17044.78
1069.07
1050.00
1051.90
1084.09
1076.94
1088.86
1078.84
1080.04
1070.02
1082.18
1073.12
1081.94
1065.97
1070.02
9191.99
1091.00
1080.99
1075.98
1080.04
1076.94
1077.89
1114.13
1088.14
1088.86
1082.90
21188.02
1111.98
1089.81
1101.02
1095.06
1105.07
1105.07
1061.20
1044.99
1034.02
1040.94
25133.13
1051.19
1044.99
1048.09
1050.00
1040.94
1038.07
1024.01
1083.85
1081.94
1084.09
1098.16
1086.00
1083.85
17102.96
1125.10
1078.13
1071.93
1067.88
1048.80
1050.95
1055.00
1060.96
1055.96
1040.94
1047.13
29183.15
1091.00
1080.04
1083.85
1082.90
