1397.13
1359.94
16785.86
1418.11
1369.95
21770.00
1472.95
1370.19
1373.05
22034.17
1392.13
1368.05
21759.99
1480.10
1382.11
1368.05
21862.98
1394.99
1363.99
26665.93
1469.14
1398.09
1363.04
21883.96
1470.09
1500.13
21672.01
1469.14
1374.96
7812.98
1412.15
1360.18
26806.12
1465.08
1369.95
1407.15
16803.98
1410.96
1380.92
21739.96
1482.96
1378.06
1361.13
26929.14
1402.14
1375.91
21759.99
1462.94
1380.92
1379.01
21893.98
1440.05
1369.95
26629.92
1468.90
1405.00
1372.10
21878.96
1414.06
1372.81
21512.99
1475.81
1394.99
12995.96
1467.94
1389.98
17225.03
1477.96
1392.13
17507.08
1455.07
1394.99
21641.97
1450.06
1386.17
1382.11
21774.05
1474.86
1381.87
1380.92
25986.91
1409.05
1374.01
1353.98
26991.13
1430.99
1364.95
17223.83
1418.11
1372.10
17506.12
1415.01
1374.01
26758.19
1470.80
1384.97
1353.98
21816.02
1430.99
1378.06
17436.98
1440.05
1382.83
21610.02
1419.07
1393.08
1377.11
21744.01
1463.89
1370.91
1355.17
21900.89
1399.99
21458.15
1507.04
1383.07
1393.08
1370.91
21862.03
1445.06
1376.15
26870.01
1470.09
1389.98
1364.95
16819.00
1415.01
1406.19
21763.09
1493.22
1374.96
1358.03
31280.04
1452.92
1394.99
1346.11
21820.07
1399.04
1366.14
26674.99
1465.08
1389.03
1368.05
21867.99
1426.22
1425.03
21614.07
1497.03
1399.04
13030.05
1410.96
1360.89
17175.91
1474.86
1363.99
17445.09
1447.92
1379.97
21587.13
1450.06
1378.06
1369.95
21751.17
1497.98
1373.05
1359.94
25995.02
1413.11
1369.95
1354.93
26947.98
1441.96
1376.87
21559.00
1474.86
1367.09
1389.98
21828.89
1451.97
1375.20
26378.87
1519.20
1392.13
1381.16
21764.04
1446.96
1417.16
1379.01
16799.93
1415.01
1383.07
26838.06
1475.10
1368.05
13175.96
1397.13
1359.94
17441.99
1379.97
1355.89
21600.01
1401.90
1374.01
1358.99
19366.03
21788.12
1637.94
1387.83
1379.01
21814.11
1445.06
1374.01
21425.96
1441.00
1384.02
1366.85
21754.98
1513.96
1399.99
1355.89
21870.85
1413.11
21504.88
1497.03
1383.07
1378.06
1356.12
21860.12
1435.04
1392.84
21790.03
1486.78
1391.89
21578.07
1466.04
1374.01
1378.06
21767.14
1505.85
1384.02
1355.17
21857.02
1411.91
1362.80
21623.85
1407.15
1395.94
1355.89
21760.94
1484.16
1376.15
21675.11
1540.90
1382.83
21503.93
1486.06
1368.05
1399.99
1376.87
21879.91
1427.89
1390.93
25894.17
6746.05
1424.07
1369.95
21856.07
1507.04
1399.99
21498.20
1488.92
1364.95
1384.97
21754.98
1457.93
1371.86
1356.84
26562.93
1400.95
12975.93
1533.99
1380.92
1360.18
17399.07
1391.17
21461.01
1488.92
1375.91
1367.09
1367.09
21845.10
1436.95
1376.87
25969.03
1509.19
1405.00
1385.93
21718.03
1481.06
1405.00
1385.93
26934.86
1432.90
1383.07
16696.93
1472.95
1379.97
1366.85
26936.77
1420.97
1366.85
26607.04
1474.86
1390.93
1386.17
18961.19
1429.08
6627.08
1397.85
22098.06
6596.09
1448.87
1374.96
1360.89
21832.94
1403.09
17379.05
1640.08
1377.11
17511.13
1456.02
1379.97
23041.01
1451.02
1391.89
21737.10
1512.05
1402.85
1379.97
21700.14
1427.89
1361.13
18036.13
1405.00
8017.06
1428.13
1379.01
1357.79
26951.07
1402.14
1405.00
21754.98
1468.90
1397.85
1358.03
21867.99
1405.95
1355.89
12367.01
1387.12
1366.85
25667.91
6731.99
1441.96
1373.05
26202.92
5028.01
1423.84
1381.87
1355.89
21750.93
1474.86
1381.87
1358.99
25610.21
1440.05
1365.18
1348.97
21739.96
1493.93
1377.82
1359.94
25842.19
1397.13
1373.05
1367.09
26835.92
1518.01
1377.11
17214.06
1452.92
1365.90
17481.80
1466.99
1373.05
17826.08
1423.12
23012.88
1503.94
1401.90
1373.05
21802.90
1436.00
1371.15
21683.93
1522.06
1399.99
12899.88
1448.87
1355.89
21476.98
1474.86
1354.93
1362.80
21732.09
1459.12
1397.13
1358.03
31638.86
1456.02
1393.08
1363.99
21861.08
1399.04
1352.79
21610.98
1452.92
1384.97
5568.98
21770.00
1477.96
1383.07
1376.87
21881.82
1433.13
1374.01
17632.01
1406.91
7716.89
1449.11
1393.08
1373.05
26915.07
1413.82
1411.91
21799.09
1463.89
1458.88
1381.87
21873.95
1410.01
1355.17
22090.91
1454.11
1392.13
19763.95
1534.94
6628.99
1403.81
1373.05
25475.98
1517.06
1389.03
1382.83
1374.01
21865.13
1421.21
1379.97
25798.08
6742.95
1426.94
1371.15
21760.94
1464.13
1372.10
17163.04
1473.90
1366.85
21474.84
1513.96
1389.98
1368.05
1374.96
21884.92
1402.85
1359.94
26113.99
1487.02
1380.92
1374.96
21768.09
1466.99
1387.12
1363.04
26943.92
1402.85
1374.01
21775.01
1458.88
1381.87
1380.92
21902.08
1406.19
1363.99
26652.10
1456.02
1378.06
1361.85
21900.89
1429.08
1362.09
17630.10
1452.21
1382.11
11774.06
1405.95
1358.03
1342.06
1557.11
1390.22
1410.01
16718.86
1451.02
18681.05
1472.00
1398.80
1369.00
16777.99
1412.15
1369.95
21738.05
1492.02
1375.91
1355.89
25837.90
1407.86
14647.01
1392.13
13025.05
1466.04
1382.11
21474.12
6683.83
1420.97
1356.84
21692.99
1472.95
1381.16
1352.07
22133.11
1398.09
1383.78
21763.09
1448.15
1387.12
1374.01
21881.82
1405.95
1391.89
22008.90
1452.92
1393.08
1368.05
1535.18
1399.99
1375.91
21776.91
1463.89
1371.86
1405.00
26955.13
1409.05
1375.91
16697.88
1436.00
1374.96
1356.84
21849.87
1405.00
1355.89
26817.80
1461.03
1386.88
1361.13
16765.12
1394.03
1369.00
26817.08
1492.02
1369.95
1359.94
26791.81
1399.99
1363.04
21754.98
1472.00
1376.87
1361.85
21765.95
1414.06
7702.11
1457.93
1397.13
1355.17
26830.91
1466.04
1389.03
16628.98
1518.96
1383.07
1375.91
21768.09
1468.90
1371.86
1350.88
26911.02
1399.04
1396.89
21771.19
1468.90
1392.13
1351.12
21824.12
1389.03
1354.93
26748.18
1438.86
1396.89
1367.09
21856.07
1451.97
1382.83
21497.96
1456.98
1373.05
13024.81
1393.08
1363.99
17206.91
1442.91
1369.00
17477.04
1446.96
1369.95
21583.08
1447.92
1415.97
1399.99
21754.03
1456.02
1394.03
1356.12
25944.95
1425.98
1369.95
1359.94
26929.86
1423.12
1369.00
17169.00
1451.02
1371.15
17426.97
1435.04
1358.03
21607.16
2235.17
1397.13
1352.07
21870.14
1389.03
1345.87
21771.91
1463.89
1390.93
21543.98
1456.98
1383.07
1383.07
21744.01
1491.07
1395.23
1386.88
26951.07
1424.07
1387.83
21795.99
1493.93
1384.02
1366.14
31450.99
1473.90
1406.91
1363.99
21845.82
1413.11
1366.14
21502.97
1456.02
1377.11
8040.19
1400.95
1358.03
25947.09
6700.04
1400.95
1369.95
21739.01
1477.96
1359.94
1343.01
26774.88
1410.96
1356.84
21718.98
1493.93
1374.96
1349.93
16702.89
1446.96
1375.91
21476.98
6691.93
1427.17
1374.96
21770.95
1479.86
1396.89
1368.05
21643.16
1399.99
7781.98
1442.19
1364.95
1358.99
31308.17
1449.11
1381.16
1356.12
21856.07
1402.14
1364.23
26591.06
1479.86
1389.03
1358.99
21736.86
1465.08
1367.09
1358.03
21686.08
1394.03
12840.99
1463.89
1363.04
1353.03
17190.22
1394.03
1363.99
21589.99
1405.00
1369.00
1363.04
21847.96
1424.07
1366.14
26811.12
1464.13
1374.96
1373.05
21877.05
1413.11
1377.82
21744.01
1495.84
1385.93
21425.01
6743.19
1405.00
1366.85
21740.91
1487.02
1381.16
1359.94
21604.06
1411.20
1370.91
13087.03
1388.79
1354.93
17390.97
1395.94
1373.05
17565.97
1389.98
21502.97
1495.12
1384.02
1382.11
1366.14
21861.08
1421.93
1369.00
25801.18
1487.02
1384.02
1379.01
21700.86
1508.00
1383.07
1358.03
26832.82
1456.02
1382.83
16623.97
1523.97
1399.99
1374.01
21767.85
1465.08
1379.97
1363.99
6747.96
4357.10
1453.88
1375.91
1359.94
21792.89
1422.88
1363.99
23095.13
1399.04
1370.91
16689.06
1459.12
1390.93
1374.96
21886.11
1395.94
1356.12
21903.99
1461.98
1384.02
21702.05
1530.89
1397.85
1369.95
21759.99
1482.01
1376.87
25480.99
1525.88
1388.07
1381.16
1360.89
21776.91
1450.06
1369.95
25590.90
6685.97
1472.00
1384.97
1369.00
21883.01
1405.95
1375.91
17401.93
1411.91
1369.00
17601.97
1394.03
21482.94
1501.08
1391.17
1376.15
1366.14
21842.00
1417.88
1378.06
25733.95
6680.01
1431.94
1376.15
21677.02
1533.99
1384.97
1361.13
21615.98
1395.94
1378.06
1358.99
21878.96
1410.01
1358.03
21764.04
1458.88
1378.06
17186.88
1461.03
1374.01
22515.06
1472.95
1393.08
1365.18
16771.08
1399.99
1384.97
21738.05
9577.99
1480.10
1373.77
1373.05
21754.03
1467.94
1376.87
1354.93
26932.00
1410.96
1379.01
21741.15
1470.09
1401.19
1354.93
16774.89
1420.97
1369.00
30010.94
1549.01
1389.03
1372.10
1362.80
21740.91
1477.96
1370.91
1363.04
28687.95
1455.07
11710.88
1403.09
13055.09
1443.15
1376.15
21477.94
1491.07
1379.01
18645.05
1450.06
1399.99
1363.99
21857.98
1406.19
1363.99
25964.02
1491.79
1378.06
1374.01
21754.98
1472.00
1382.11
1362.09
21867.99
1399.99
1359.94
17394.07
1411.91
1379.01
21645.07
1407.86
1380.92
1362.80
21831.99
1431.94
1376.15
25991.92
1515.15
1378.06
1368.05
21703.00
1531.12
1405.95
1368.05
26843.07
1461.03
1384.02
16601.80
1528.98
1383.07
1378.06
21760.94
1462.94
1388.07
1371.15
26921.99
4297.02
1420.02
1399.04
1363.99
21836.04
1405.00
1366.85
25557.99
1495.12
1379.97
1384.97
21682.98
1546.86
1400.95
1376.87
25851.01
1485.11
1375.91
1383.78
21756.89
1466.99
1384.02
1362.09
31418.09
1450.06
1394.03
1362.09
21857.02
1400.95
1369.00
21916.15
1432.90
1384.02
21691.08
1533.03
1397.85
1375.91
21761.18
1480.10
1372.81
21817.92
1479.15
1398.09
8023.02
1417.88
1374.01
25896.07
6645.92
1446.01
1383.78
21677.97
1530.89
1385.93
1362.80
26732.92
1442.91
1393.08
1368.05
21873.00
1399.04
1367.09
21506.07
1466.04
1369.00
13047.93
1407.15
1374.96
17282.96
1411.91
1376.87
21608.83
1423.12
1369.00
1382.83
21747.11
1479.15
1374.96
1368.05
26201.96
1406.91
1379.01
1374.96
26962.04
1399.04
1363.04
16933.92
1456.98
1371.15
21507.02
1487.97
1369.95
1384.02
21764.99
14559.03
1438.86
1371.86
1363.99
21750.21
1475.10
1382.11
1361.85
21884.92
1400.95
21430.02
1543.05
1396.18
1377.11
1368.05
21868.94
1430.99
1372.10
21768.09
1472.00
1380.21
21504.88
1487.97
1384.02
1378.06
21687.98
1533.99
1386.88
1365.90
21775.96
1455.78
1373.05
21589.04
1451.97
1369.00
1387.12
21754.03
1476.05
1385.93
1358.99
31243.09
1440.05
1389.98
1369.00
26205.06
1434.09
1375.91
13583.18
1397.13
12154.10
1462.22
1384.02
1374.01
25748.01
1477.00
1377.11
1384.97
26825.90
1491.07
1383.07
17214.06
1480.10
1388.07
21496.06
1500.13
1374.96
1378.06
1364.95
21833.90
1420.97
1368.05
26099.92
1461.98
1376.87
1376.87
21770.00
9575.13
1463.89
1372.81
23031.95
1466.99
1392.13
1372.10
21860.12
1413.11
1372.10
21605.97
1461.03
1384.02
17610.07
1414.06
1374.01
1374.96
21854.88
1415.97
1377.82
21764.99
1482.01
1372.10
21831.04
1521.83
1392.84
1378.06
20061.97
6614.92
1460.08
1376.15
1363.99
21767.85
1405.00
21507.02
1489.88
1384.02
1384.02
1368.05
21846.06
1423.84
1366.85
25671.01
1494.88
1389.03
1369.00
1365.90
23427.01
1410.01
16707.18
1469.85
1369.95
1348.97
25827.88
1404.05
1389.03
1375.91
21855.12
1427.89
1362.80
21779.06
1473.19
1374.01
18401.86
1390.93
21487.00
1490.12
1388.07
1374.01
1359.94
21849.87
1433.85
1377.11
21780.01
1472.95
1381.87
21530.87
1487.02
1375.20
1374.01
21697.04
1511.10
1381.16
1364.95
21780.97
1451.02
1377.11
21595.00
1436.95
1372.10
1374.96
21752.83
1470.09
1373.05
1356.12
26008.13
1411.91
1383.07
1372.81
21847.01
1425.98
1369.00
26152.85
1497.98
1384.02
1369.00
18525.84
1472.00
16637.80
1523.02
1396.89
1370.19
19263.98
1446.01
21878.96
1393.08
1369.00
21688.94
1472.95
1372.81
7773.88
1401.90
1369.95
26778.94
1487.97
1384.97
1384.02
16752.96
1425.03
1379.97
21733.05
1492.98
1404.05
1374.01
26890.99
1436.00
13279.91
1451.02
1373.77
21507.98
1489.88
1380.92
1374.01
21708.01
1478.91
1389.98
1375.91
26108.98
1450.06
1363.99
1365.90
21762.85
1463.17
1387.12
1361.13
30060.05
1436.95
1375.20
1371.15
21728.99
1490.83
1391.89
1365.90
21834.85
1419.07
22948.03
1533.99
1389.98
1366.85
21753.79
1472.95
1363.04
1358.99
21702.05
1398.09
12868.17
1461.98
1369.00
17037.87
1531.12
1375.20
22347.93
1544.95
1387.83
1389.03
16692.16
1443.15
1384.02
1366.85
21841.05
1413.11
1369.00
25901.08
1490.83
1376.87
1385.93
21766.90
1471.04
1379.97
1369.95
26944.16
1400.95
1369.00
19801.86
6561.99
1494.88
1375.91
1353.98
25508.17
6695.99
1420.02
1370.19
25936.13
