1219.99
1221.18
1208.07
1208.07
1201.87
1194.95
1192.09
1194.95
25328.87
1262.90
1305.82
1188.99
1250.98
1262.90
1268.86
1253.84
1269.10
25328.16
1268.15
1240.02
1252.17
1246.93
1252.89
1247.88
1265.05
1276.02
1266.96
25385.14
1291.04
1256.94
1270.06
1268.86
1277.21
1261.00
1245.98
1262.90
17319.92
1235.01
1199.96
1213.07
1198.05
1200.20
1208.07
1223.09
1214.98
1230.00
25343.89
1223.09
1205.92
1215.93
1197.81
1203.06
1194.00
1234.05
1228.09
1201.87
25341.99
1214.03
1209.02
1205.92
1245.02
1245.98
1240.02
1240.97
1258.13
21281.96
1284.84
1246.93
1262.19
1275.06
1287.94
1276.97
17310.14
1230.00
1215.93
1221.90
1214.03
1231.91
17302.99
1284.12
1245.98
1244.07
1262.90
1267.19
17323.97
1300.10
1282.22
1259.09
1200.91
1204.01
1192.09
1267.91
1281.02
1284.12
25340.08
1243.11
1224.04
1228.09
1219.03
1242.16
1235.96
1205.21
1201.87
1194.00
25345.09
1269.10
1250.03
1263.86
1248.84
1247.88
1261.23
1260.04
1271.01
25358.20
1285.08
1255.04
1258.13
1271.96
1266.00
1266.96
1271.96
1262.90
25309.09
1296.04
1280.07
1270.77
1255.99
1254.80
1266.00
1242.88
1239.06
1307.96
25587.80
1238.82
1232.86
1234.05
1236.92
1225.95
1238.11
1224.04
1223.09
25290.97
1255.99
1251.22
1231.91
1211.88
1200.20
1188.04
1201.15
1271.01
1202.11
25284.05
1216.17
1215.93
1230.00
1223.09
1212.12
1236.92
1241.92
1237.15
1229.05
25357.01
1236.20
1210.93
1194.00
1250.03
1256.94
1246.93
1283.17
1271.96
25314.81
1245.02
1240.02
1223.80
1229.05
1225.95
1241.92
1252.17
1247.88
1240.02
25385.14
1226.90
1208.07
1209.97
1266.00
1255.99
1266.96
1268.15
1255.04
25341.99
1261.00
1240.97
1257.18
1334.91
1240.02
1240.02
17365.22
1251.94
1245.98
1276.97
1258.13
1242.16
17379.05
1273.16
1266.96
1266.00
1251.94
1258.85
17307.04
1231.91
1200.91
1216.17
1204.01
1197.10
1204.97
1209.02
1199.96
1194.95
25264.98
1219.99
1202.11
1193.05
1261.00
1254.80
1254.08
1260.04
1244.07
1240.97
25336.03
1244.07
1227.14
1245.98
1220.94
1221.90
1222.85
1209.97
1201.15
25264.02
1305.82
1270.06
1276.02
1265.05
1286.98
1258.85
1171.83
1198.05
1206.87
25362.01
1240.97
1231.91
1246.21
1219.03
1209.97
1248.84
1255.04
1244.07
25323.15
1271.96
1230.00
1221.90
1243.11
1218.08
1228.09
1221.18
1205.92
1184.94
25348.19
1275.06
1241.92
1240.02
1234.05
1250.03
1238.82
1227.86
1221.90
1220.94
25346.99
1261.00
1248.84
1267.91
1273.87
1271.01
1276.97
1269.10
1270.06
25331.02
1309.87
1257.90
1736.88
1240.97
1224.99
1239.06
1228.09
1231.19
25284.05
1232.15
1195.91
1199.01
1209.02
1199.96
1197.10
1204.97
1186.85
1186.85
25260.93
1237.87
1205.21
1210.93
1202.82
1199.01
1201.15
1233.10
1266.96
1271.01
33402.92
1342.06
1204.97
1205.21
1199.96
1231.91
1237.15
1219.99
1233.10
1233.10
25310.04
1212.12
1215.93
1209.97
1199.96
1196.86
1204.01
1199.96
1202.11
25262.12
1234.05
1221.18
1209.02
1224.04
1215.22
1210.93
1233.10
1217.13
1214.98
25277.14
1263.14
1229.05
1238.11
1218.08
1230.96
1228.81
1239.06
1227.86
1220.94
21359.21
1245.98
1244.07
1231.19
1230.00
1228.09
1229.05
1204.01
1217.13
25264.98
1276.02
1209.97
1213.07
1220.94
1210.93
1199.96
1198.05
1241.92
1251.22
25301.93
1248.84
1224.04
1255.04
1219.03
1221.18
1210.93
1218.08
1213.79
1212.84
21301.03
1229.05
1204.01
1203.06
1199.01
1194.00
1198.05
1266.00
1249.07
1242.16
25329.11
1214.98
1210.21
1214.98
1213.07
1203.06
1241.92
1255.04
1271.01
25320.05
1262.90
1222.85
1218.80
1199.96
1218.80
1222.85
1222.85
1214.03
1214.98
25281.91
1242.16
1234.05
1224.99
1214.98
1209.97
1214.98
1221.90
1249.79
1253.84
25248.05
1198.05
1194.95
1209.97
1204.97
1215.93
1222.13
1242.16
1259.09
1245.98
25350.09
1255.04
1242.88
1273.87
1259.09
1259.09
1268.15
1235.96
1242.88
25295.02
1261.00
1242.16
1240.02
1248.12
1258.13
1253.13
1252.89
1252.89
1250.03
25374.89
1279.83
1271.01
1281.02
1266.00
1268.86
1274.82
1268.86
1265.05
25351.05
1289.13
1269.10
1273.87
1267.91
1282.93
1275.06
1270.06
1268.86
25322.91
1286.98
1246.93
1247.17
1247.88
1266.96
1255.04
1264.10
1250.03
1247.88
25362.97
1236.92
1214.03
1219.99
1245.02
1256.94
1269.10
1266.96
1265.05
25331.97
1230.96
1204.01
1191.14
1204.01
1191.14
1198.05
1209.97
1182.08
1191.14
25257.11
1254.08
1220.94
1227.86
1222.85
1238.11
1228.09
1250.03
1249.07
1266.96
25355.10
1254.08
1259.09
1262.90
1260.04
1255.04
1269.10
1258.13
1256.94
25309.80
1302.00
1261.00
1274.11
1261.00
1254.08
1260.04
1270.06
1263.14
1266.96
25363.92
1271.01
1262.90
1266.00
1274.11
1276.02
1284.12
1274.11
1258.13
25310.04
1246.93
1220.94
1235.96
1230.96
1250.03
1242.16
1237.15
1250.98
1259.09
25351.05
1253.84
1245.98
1233.10
1194.00
1192.09
1214.98
1204.97
1207.11
25255.92
1286.03
1249.07
1232.86
1250.98
1257.18
1261.00
1269.10
1248.12
1246.93
25366.07
1272.92
1248.84
1241.92
1250.03
1252.89
1266.00
1275.06
1229.05
25269.03
1293.90
1264.10
25287.15
1317.98
1246.93
1239.06
1248.12
1258.13
1261.00
1272.92
1256.94
1255.04
25329.11
1232.15
1220.94
1214.98
1214.03
1212.12
1217.13
1210.93
1205.92
1247.17
25359.87
1266.00
1249.07
1262.90
1251.94
1250.03
1244.78
1235.01
1222.13
25276.90
1268.86
1239.06
1240.02
1233.10
1230.96
1235.96
1238.11
1235.96
1228.81
25340.08
1254.08
1261.00
1288.18
1276.02
1273.87
1278.88
1270.06
1270.06
25322.91
1307.96
1283.17
1282.93
1275.78
1276.02
1281.02
1270.06
1272.20
1271.01
25314.09
1214.03
1198.05
1208.07
1209.02
1196.86
1193.05
1193.05
1189.95
25236.85
1317.02
1258.13
1258.13
1199.01
1214.03
1218.08
1226.19
1214.98
1225.95
25297.88
1250.03
1214.03
1204.97
1245.02
1250.03
1266.00
1232.86
1240.02
1235.96
25351.05
1246.93
1233.10
1250.03
1237.15
1236.92
1240.02
1276.97
1273.16
25330.07
1276.97
1252.89
1248.12
1245.98
1252.89
1264.81
1245.02
1240.02
1238.11
25352.00
1273.16
1251.94
1251.94
1233.10
1232.15
1230.00
1223.09
1222.13
25259.97
1243.83
1207.83
1194.95
1208.07
1195.91
1194.00
1215.93
1211.88
1221.90
25288.11
1287.94
1266.00
1246.93
1247.17
1254.08
1272.92
1271.96
1272.92
1272.92
25374.17
1276.02
1250.98
1246.93
1257.90
1272.92
1283.17
1278.88
1271.01
25334.12
1290.08
1271.96
1266.00
1270.06
1259.09
1261.95
1266.96
1255.99
25291.20
1264.10
1240.02
1230.96
1241.92
1213.79
1205.92
1215.93
1276.97
1287.94
17352.10
1281.98
1267.91
1243.11
1192.09
1214.03
21260.98
1235.96
1219.99
1216.89
1225.95
1230.00
1240.97
1252.89
1250.03
1261.95
25315.05
1307.01
1290.08
1276.97
1270.06
1261.95
1263.86
1261.00
1260.04
25290.01
1285.79
1256.94
1267.19
1204.01
1219.03
1214.98
1239.06
1215.93
1235.01
25297.88
1242.88
1209.97
1199.01
1239.06
1254.80
1213.07
1220.94
1208.78
1204.01
17346.14
1276.02
1266.00
1259.09
1233.10
1222.13
17290.12
1234.05
1212.12
1214.98
1197.81
1195.91
1201.15
17364.98
1245.02
1240.97
1247.17
1239.06
1230.00
17292.02
1253.13
1221.18
1219.03
1202.11
1203.06
1212.12
17355.92
1255.99
1263.14
1229.05
1203.06
1199.01
1219.03
1205.21
1208.07
25285.96
1271.96
1239.06
1238.11
1233.10
1223.09
1224.04
1208.07
1257.18
1242.88
25368.93
1225.95
1212.12
1215.93
1203.78
1204.01
1208.07
1247.17
1260.04
1233.10
21407.13
1240.97
1250.03
1252.89
1247.88
1242.88
1252.17
1230.96
1225.95
25290.01
1276.97
1236.92
1231.91
1192.81
1194.00
1209.02
1223.80
1219.99
1208.07
25329.11
1251.94
1239.06
1238.82
1230.00
1228.09
1240.97
1271.01
1272.92
25333.88
1302.00
1270.06
1263.14
1245.98
1243.11
1252.17
1276.02
1270.06
1266.96
25341.99
1222.13
1216.89
1224.99
1217.13
1238.11
1240.02
1199.96
1195.91
25217.06
1334.91
1250.98
1255.99
1255.99
1259.09
1251.94
1253.84
1248.84
1250.98
25355.10
1279.12
1257.90
1267.91
1254.80
1262.90
1241.92
1271.01
1276.97
25323.15
1304.15
1262.90
1269.82
1224.99
1223.09
1225.95
1230.96
1222.13
1213.07
25269.03
1249.07
1226.90
1232.15
1230.00
1230.00
1231.19
1223.09
1223.09
1224.99
25354.86
1241.21
1225.95
1238.82
1221.90
1218.08
17279.15
1281.02
1275.06
1261.00
1205.92
1204.01
1194.95
1200.20
1194.00
1188.99
25325.06
1214.98
1199.96
1192.09
1233.10
1235.01
1247.17
1246.93
1237.87
1254.80
33316.85
1240.02
1205.92
1215.93
1203.78
1200.91
1216.17
1202.11
1208.07
25269.99
1244.78
1230.96
1224.04
1235.01
1241.92
1235.96
1261.00
1263.86
1255.99
25367.98
1254.08
1249.07
1248.84
1261.00
1253.84
1256.94
1256.94
1266.00
25305.03
1266.00
1231.91
1224.99
1227.86
1217.84
1211.88
1195.19
1217.13
1221.90
1238.82
1224.99
1226.19
17284.87
1265.05
1239.06
1249.07
1233.10
1232.15
1236.92
1228.09
1198.05
1194.00
1186.85
1199.96
1219.03
17293.93
1224.99
1199.96
1192.81
1209.97
1202.11
1198.05
1200.91
1220.94
1228.09
25306.22
1224.04
1200.20
1195.91
1245.02
1271.96
1267.91
1273.16
1271.01
1271.01
25344.85
1236.92
1219.03
1227.86
1258.85
1253.84
1262.90
1258.13
1256.94
25314.81
1264.10
1231.91
1235.96
1230.00
1225.95
1224.99
1232.15
1222.13
1224.04
17329.93
1229.05
1212.12
1219.99
1217.13
1219.99
1219.03
1228.81
1230.00
1231.91
1242.88
1227.86
1226.19
17337.08
1265.05
1250.98
1251.94
1250.98
1249.07
1255.99
1239.06
1241.92
1245.02
1226.90
1237.15
1239.06
25319.10
1201.15
1195.91
1206.87
1197.81
1199.01
1209.02
1209.02
1209.02
25244.95
1271.96
1210.93
1209.97
1209.97
1202.82
1199.96
1188.99
1257.90
1260.04
37327.77
1268.86
1227.86
1232.86
1189.95
1196.15
1204.97
1211.88
1194.00
1198.05
21277.90
1247.88
1224.99
1225.95
1221.90
22884.13
1317.02
1271.01
1273.87
1270.06
1273.16
1270.06
1275.06
1271.01
1271.01
17774.11
1250.98
1232.15
1220.94
1220.94
1219.99
1227.86
1219.03
1219.03
1222.13
1253.13
1252.89
17317.06
1294.14
1263.86
1245.02
1250.98
1269.82
1273.87
1277.92
1263.14
1268.15
1257.90
1260.04
1256.94
17381.91
1265.05
1251.94
9349.11
1278.16
1251.94
1279.83
1266.00
1269.10
1257.90
1219.99
1214.98
1223.09
1214.03
1216.89
1211.17
25324.11
1244.07
1237.15
1212.84
1210.93
1202.82
1212.12
1209.02
1202.11
1208.07
1209.97
1199.96
1203.06
13323.07
1232.86
1224.99
1199.96
1232.86
10695.22
1246.93
1228.81
1213.07
1231.91
1228.81
1246.93
1232.86
1225.95
1229.05
37348.99
1250.03
1234.05
1244.07
1234.05
1234.05
1219.99
1224.99
1219.99
25280.00
1270.06
1245.02
1237.15
1229.05
1240.02
1255.04
1277.92
1256.94
1253.84
25374.89
1275.78
1287.94
1242.16
1191.85
1194.95
1204.97
1191.85
1195.91
25254.96
1272.92
1239.06
1240.02
1253.13
1238.11
1236.92
1240.97
1223.09
1230.96
1235.01
1253.13
1257.90
17321.83
1255.99
1226.90
1245.98
1258.13
1243.11
1248.12
1268.86
1253.84
1258.85
1268.86
1249.79
1245.02
17348.05
1250.98
1226.90
1217.84
1226.90
1227.14
1250.03
1224.99
1221.90
1222.85
13370.99
1266.00
1257.18
1264.10
1255.04
1261.00
1245.98
1228.09
1230.96
25302.89
1247.88
1224.99
1224.99
1216.17
1219.99
1222.13
1233.10
1223.09
1214.98
25342.23
1271.96
1259.09
1267.91
1255.99
1264.10
1249.07
1217.13
1208.07
25267.12
1297.00
1277.92
1264.10
1230.00
1227.86
1226.90
1244.07
1235.96
1230.96
1227.14
1194.95
1200.91
17256.98
1239.06
1195.19
1202.11
1202.82
1226.90
1209.02
1258.85
1243.83
1257.90
1256.94
1206.16
1207.11
17262.94
1281.98
1255.04
1274.11
1199.96
1200.91
1202.11
1211.17
1199.01
1204.01
25265.93
1289.13
1261.95
1258.85
1240.02
1245.98
1255.04
1247.88
1246.93
1239.06
1334.91
1263.86
1253.84
1281.02
1266.00
1255.04
1259.80
1260.04
1250.03
25359.15
1264.10
1252.89
1251.94
1243.11
1250.98
1246.93
1247.17
1244.07
13304.00
1262.90
1222.85
1227.14
1228.09
1227.14
1226.90
1234.05
1224.04
1229.05
25289.06
1281.98
1256.94
1271.01
1259.09
1260.04
33943.18
1257.90
1245.98
1248.12
1240.97
1240.97
9299.99
1238.11
1213.07
1206.16
1204.97
1202.82
1199.01
25336.98
1273.87
1263.14
1269.10
1255.04
1263.14
1263.14
1259.09
1261.00
25322.20
1290.08
1248.12
1251.94
1217.84
1223.80
1224.04
1230.00
1221.18
1225.95
25326.01
1230.96
1222.13
1211.17
1226.90
1237.87
25286.91
1268.86
1240.02
1228.81
1218.08
1235.01
1240.02
1252.89
1230.00
1245.02
25367.98
1242.88
1244.07
1227.14
1255.99
1263.86
1266.00
1255.04
1261.00
25311.95
1282.93
1248.12
1241.92
1255.04
1245.98
1243.83
1209.97
1198.05
1171.11
29243.95
1256.94
1230.00
1230.00
1188.99
1196.86
1210.93
1245.02
1241.92
1243.11
25380.13
1255.04
1228.09
1238.11
1227.14
1226.90
1226.90
1248.84
1261.95
1265.05
1246.21
1247.88
1239.06
17298.94
1221.90
1212.12
1217.13
1204.97
1203.06
1200.20
1237.87
1245.98
1251.94
1262.90
1253.84
17287.97
1308.20
1260.04
1244.07
1244.07
1251.94
1263.14
1288.18
1260.04
1245.98
25364.88
1230.00
1216.89
1217.84
1214.03
1214.98
1222.85
1220.94
1214.98
1222.85
25347.95
1216.17
1205.92
1213.07
1210.93
1202.11
1214.03
1207.11
1209.02
17257.93
1247.88
1221.18
1215.93
1218.08
1203.06
1201.87
1212.12
1204.01
1202.82
25254.01
1262.90
1233.82
1235.96
1233.10
1231.91
1234.05
1239.06
1223.09
1228.09
1219.99
1266.00
1268.86
21330.83
1261.95
1239.06
1232.15
1208.07
1225.95
1229.05
1248.12
1239.06
1240.97
1255.99
1246.93
1239.06
25355.82
1232.86
1220.94
1226.19
1215.93
1207.83
1212.84
1254.80
1253.84
1247.88
25368.21
1283.88
1261.00
1281.02
1257.18
1184.94
1209.02
1200.91
1199.01
25259.02
1227.86
1204.97
1210.93
1199.96
1201.15
1199.96
1215.93
1196.15
1202.11
25259.97
1254.80
1235.96
1238.11
1240.02
1231.19
1231.91
1234.05
1230.00
1224.99
1240.97
1244.07
1240.97
9325.98
1233.10
1215.93
1225.95
1224.04
1218.08
9276.15
1254.08
1213.07
1207.83
9342.91
1254.08
1243.11
1268.15
1251.94
1257.90
9359.84
1221.90
1207.83
1224.99
1245.98
1255.99
17313.96
1242.88
1207.11
1202.11
1213.07
1204.01
1199.96
17314.91
1210.93
1207.11
1203.06
1202.11
1199.96
21257.88
1285.08
1250.03
1255.04
1189.95
1198.05
1204.97
1213.07
1204.01
1199.96
25250.91
1254.80
1226.90
1232.86
1230.96
1224.04
1221.18
1232.86
1225.95
1224.04
17334.94
1255.99
1239.06
1221.90
1199.01
1201.15
1203.06
1203.06
1197.10
1193.05
1245.98
1238.82
1239.06
17338.99
1221.18
1204.97
1200.20
1218.08
1214.03
1214.98
1214.03
1210.93
1204.01
1215.93
1199.01
1204.01
13294.94
1259.09
1235.96
1235.96
1197.10
1214.03
1230.00
1219.03
1226.90
1224.04
37338.02
1249.07
1235.01
1250.98
1233.10
1235.01
1244.07
1237.87
1233.82
25286.91
1257.90
1232.15
1229.05
1237.15
1225.95
1235.01
1252.89
1255.04
1267.91
25376.08
1270.06
1248.84
1210.93
1198.05
1198.77
1205.92
1199.01
1199.01
1193.05
1209.97
1234.05
1239.06
13355.97
1221.90
1202.11
1209.02
1199.01
1199.01
9262.08
1273.16
1235.96
1219.99
1210.93
1210.21
1203.06
9314.06
1245.02
1230.00
1231.91
1229.05
1231.19
25301.93
1282.93
1255.04
1250.98
1229.05
1200.91
1203.06
1219.99
1204.97
1204.01
25305.03
1222.85
1206.87
1229.05
1210.93
1214.03
1232.86
1225.95
1220.94
1222.85
1235.01
1224.99
1225.95
21337.03
1269.10
1248.12
1249.07
1246.93
1241.92
25305.03
1268.15
1248.12
1249.07
1243.11
1240.02
1243.11
1228.09
1204.97
1206.87
1207.83
1204.01
1199.96
17265.08
1269.10
1232.15
1255.04
1231.19
1242.88
1242.88
1257.18
1234.05
1245.02
9330.03
1242.16
1224.04
1235.01
1226.90
1226.19
9284.97
1281.02
1236.92
13309.00
1244.07
1217.13
1209.97
1220.94
1206.16
1208.07
21332.03
1237.15
1229.05
1230.96
1227.86
1222.13
1224.04
1216.17
1221.90
1221.90
25380.85
1282.93
1250.03
1227.14
1211.88
1203.06
1218.08
1205.92
1205.92
25263.07
1268.86
1249.79
1239.06
1223.09
1225.95
1226.90
1234.05
1224.99
1216.17
1210.93
1256.94
1250.03
17319.20
1230.96
1206.87
1224.04
1209.02
1209.02
1218.08
1224.99
1214.98
1219.99
1223.09
1229.05
1239.06
17300.13
1235.96
1210.93
1188.99
1230.96
1243.11
1256.94
1281.98
1258.13
1252.89
25357.96
1235.01
1219.99
1225.95
1222.85
1217.84
1221.90
1211.17
1209.97
25272.85
1276.02
1238.11
1230.00
1240.02
1228.81
1221.90
1238.82
1220.94
1228.09
13301.13
1293.90
1271.96
1263.14
1207.11
1204.01
1199.01
1199.96
1204.01
1200.20
25326.01
1235.01
1222.85
1230.00
1220.94
1224.99
1230.00
1224.99
1224.99
1218.08
1245.02
1247.17
1263.86
17328.98
1211.17
1203.06
1214.98
1200.91
1199.96
1207.83
1204.01
1202.11
1209.02
1202.11
1202.11
1200.91
17308.00
1239.06
1224.04
1228.09
1239.06
1234.05
1245.02
1235.96
1227.14
25259.97
1312.97
1269.10
1262.90
1273.87
1250.98
1253.13
1261.00
1240.97
1261.95
25343.89
1226.19
1219.99
1222.85
1220.94
1205.92
1216.89
1209.02
1220.94
1217.13
25383.00
1254.80
1246.93
1255.04
1245.98
1239.06
1254.08
1246.93
1240.02
29304.98
1282.22
1261.95
1263.86
1262.19
1252.89
1265.05
1221.90
23460.87
1272.92
1243.83
1250.98
1241.92
1241.92
1239.06
1227.14
1236.92
17215.01
1317.98
1235.01
1224.99
1242.88
1257.18
1254.08
1286.03
1249.07
1255.04
17311.81
1285.08
1251.94
1259.80
1254.08
1255.04
1261.00
1252.89
1255.99
1253.84
1244.07
1228.09
1236.92
6344.80
1267.91
1244.78
1251.94
1260.04
1255.99
1251.94
1248.84
1255.04
1245.98
1264.10
1245.02
17338.04
1220.94
1204.01
1230.00
1209.97
1209.97
1207.11
1207.11
1204.97
1213.07
1206.87
1202.82
1198.05
21342.99
1286.98
1255.04
1261.95
1260.04
1251.94
1266.00
1257.18
1255.99
23447.04
1268.86
1240.97
1231.91
1231.91
13345.00
1271.01
1272.20
1277.92
1268.86
1268.86
1245.98
1221.90
1221.90
17280.82
1297.95
1255.99
1250.98
1221.18
1204.97
1199.01
1209.02
1197.10
1199.96
1211.17
1207.11
1201.87
1196.86
1247.88
1263.86
1263.86
17346.14
1254.08
1254.08
1253.84
1240.02
1265.05
1261.00
1244.07
1257.90
7548.09
9303.09
1224.04
1213.07
1209.02
1228.81
1218.80
1213.07
9317.87
1223.09
1200.91
1205.92
1200.91
1201.15
5243.06
1287.94
1246.93
1255.99
1263.86
1263.86
1251.94
9376.05
1245.98
1238.11
1239.06
1273.87
1271.96
21320.10
1281.98
1250.98
1261.00
1253.84
1245.98
1261.00
1254.80
1240.02
24346.11
1317.02
1207.83
1204.97
1214.03
1205.21
1203.06
1204.97
1197.10
1214.03
1223.80
17302.99
1260.04
1235.96
1235.96
1243.83
1238.82
1245.02
1238.82
1235.01
1235.96
1255.99
1256.94
1255.04
1265.05
1253.13
1257.90
17314.91
1281.98
1260.04
1261.95
1261.95
1250.98
1244.07
1266.96
1261.00
1268.86
1269.10
1258.13
1264.10
17349.00
1258.13
1234.05
1247.17
1235.96
1237.87
1235.01
1212.84
1205.92
1214.98
1204.01
1201.15
1204.97
17349.00
1257.18
1250.03
12777.09
1253.13
1219.03
1225.95
1226.90
1222.13
1216.17
1240.02
1230.00
1223.80
25354.86
2841.00
1271.01
1255.99
1245.02
1268.15
1249.07
1254.08
17318.01
1289.84
1274.82
1270.06
1260.04
1261.95
1253.13
1264.10
1261.95
1261.00
1257.90
1251.94
1263.14
25341.99
1247.17
1241.92
1239.06
1266.00
1264.10
1270.06
1259.09
1260.04
1250.03
1259.09
1261.00
17318.96
1255.04
1249.07
1223.80
1222.85
1220.94
1223.09
1227.14
1199.01
1200.91
1208.07
1202.11
1203.06
17257.93
1271.96
1236.20
1237.87
1235.01
1234.05
1291.04
1246.21
1237.87
1237.87
1245.02
1256.94
1264.81
6140.95
1270.06
1265.05
1248.84
1251.94
1255.99
1258.85
1249.07
1250.03
25361.06
1224.04
1211.17
1199.01
1280.07
1273.16
1275.06
1273.87
1268.86
21327.02
1271.96
1235.96
1229.05
1233.82
1230.00
1229.05
1245.98
1236.92
1233.10
25316.00
1226.90
1206.16
1219.03
1200.91
1199.96
1211.17
1204.01
1208.07
1204.01
21330.83
1230.96
1229.05
1237.15
1232.86
1221.90
1232.86
1228.81
1225.95
25256.16
1317.98
1266.00
1276.97
1286.98
1273.87
1274.82
9330.99
1216.89
1207.83
1208.07
1229.05
1230.96
13298.99
1281.98
1255.04
1242.88
1245.98
1249.07
9297.13
1265.05
1230.00
1230.96
1248.12
1235.01
1232.15
1245.02
1235.01
1235.01
9296.89
1240.02
1207.11
1208.07
1250.98
1255.99
17290.12
1286.03
1217.84
1204.97
1209.97
1201.15
1203.06
1213.07
1204.01
1201.87
25254.96
1285.08
1239.06
1244.07
1245.02
1240.97
1237.15
1237.87
1217.84
1221.90
25314.81
1278.88
1269.82
1257.90
1196.86
1202.82
1214.03
1195.91
1203.06
1195.91
25379.90
1271.96
1281.02
1248.12
1219.99
1220.23
1232.86
1220.94
1219.99
1221.90
1223.09
1219.99
1216.89
1287.94
1209.97
1204.01
1199.96
1211.88
1204.97
1213.07
1214.98
1209.02
1220.94
1220.94
1219.99
1217.84
17363.79
1245.02
1231.19
1240.02
1230.96
1227.86
1231.91
1231.19
1223.09
25296.93
1240.97
1211.17
1219.03
1214.98
1216.89
1214.98
1223.09
1214.03
1219.03
25281.91
1286.03
1276.02
1257.90
1204.97
1203.06
1212.84
1204.97
1204.97
1202.82
25358.92
1270.77
1251.94
1266.00
1252.89
1250.98
1268.15
1255.04
1250.98
17308.24
1231.91
1204.01
1199.96
1205.92
1196.15
1199.01
1205.21
1203.06
1199.96
1190.90
1274.11
1269.10
17343.04
1253.13
1229.05
1230.96
1255.99
1258.13
1250.98
1269.10
1249.07
1254.08
1263.14
1266.00
1265.05
25365.83
1253.84
1250.98
1260.04
1233.10
1229.05
1235.01
1235.96
1232.15
25278.09
1294.14
1255.99
1244.07
1224.99
1235.01
1226.90
1237.87
1224.99
1222.85
25295.02
1276.97
1249.79
1231.91
1251.94
1255.04
1250.03
1250.03
1266.00
1261.95
25313.14
1210.93
1203.06
1220.94
1238.82
1240.02
1250.03
1257.18
1240.97
1253.84
1241.92
1250.03
17292.02
1297.00
1276.02
1260.04
1262.90
1259.09
1258.13
1220.94
1195.91
1191.14
1201.15
1195.91
1186.85
17267.94
1285.79
1266.96
1271.01
1230.00
1233.10
1232.15
1239.06
1229.05
1232.15
25336.03
1242.16
1224.99
1230.96
1234.05
1222.85
1225.95
1205.92
1213.07
1230.00
25310.04
1212.12
1199.96
1201.87
1199.96
1195.91
1194.95
1256.23
1251.94
25316.95
1261.00
1224.99
1219.99
1255.99
1253.84
1242.88
1276.97
1260.04
1266.00
25370.12
1245.98
1238.82
1231.91
1266.96
1265.05
1261.00
1266.00
1257.90
25328.16
1251.94
11227.85
1277.92
1245.02
1255.99
1274.11
1274.11
1280.07
1276.02
1271.96
1274.82
1271.96
1270.06
17283.20
1325.85
1252.89
1249.07
1260.04
1259.80
1241.92
1268.15
1217.13
1221.90
1234.05
1220.94
1219.99
1228.09
1220.94
1219.99
1217.13
1206.87
1200.91
1204.01
17315.86
1261.95
1238.11
1235.01
1250.98
1265.05
1258.13
1259.09
1262.90
1266.96
1258.13
1254.08
17857.07
1266.96
1236.92
1240.02
1239.06
1235.01
1232.86
1255.04
1256.94
1262.90
1272.92
1259.09
1260.04
21629.10
1217.13
1203.06
1211.17
1204.01
1209.02
1209.97
1197.10
1194.95
25233.03
1312.97
1258.13
1250.98
1261.95
1250.03
1248.12
1257.18
1250.98
1245.02
37355.18
1255.99
1233.82
1243.83
1236.92
1230.96
1241.92
1236.92
1235.01
1230.00
25353.91
1270.06
1255.99
1271.01
1258.13
1256.94
1272.92
1261.00
1255.99
25363.21
1254.08
1243.11
1236.92
1238.82
1233.82
1240.97
1242.16
1245.02
25259.97
1307.01
1227.86
1222.85
1262.90
4328.01
1223.09
1211.88
1237.15
1218.08
1215.93
1230.00
1216.89
1217.84
25285.96
1236.92
1208.07
1215.93
1209.02
1211.17
1209.02
1234.05
1255.99
1266.00
17369.99
1244.07
1234.05
1224.99
1237.87
1244.07
1255.04
1248.84
1242.88
1251.94
1248.12
1253.13
1248.84
17361.88
1247.88
1235.96
1264.10
1241.92
1234.05
1223.09
1230.96
15316.01
1261.95
1250.98
1250.03
1243.11
1245.02
1244.07
1250.98
1241.92
1258.85
1250.98
1243.11
16041.99
1240.02
1217.84
1216.89
1219.99
1228.09
1229.05
1216.89
1239.06
1224.99
1228.09
21306.04
1300.81
1263.86
1263.86
1257.90
1250.03
1256.94
1224.04
1232.15
1231.91
17374.04
1271.96
1271.01
1278.88
1267.19
1269.10
1276.02
1270.06
1270.06
29361.01
1240.02
1224.04
1230.96
1229.05
1221.90
1230.96
1227.86
1221.90
1222.13
17379.05
1232.15
1228.09
1236.92
1224.99
1223.09
1235.96
1223.09
1228.81
25291.92
1287.22
1259.09
1261.95
1261.00
1256.94
1269.82
1266.96
1260.04
1260.04
29362.92
1240.02
1224.99
1234.05
1225.95
1224.04
1220.94
1248.12
1243.11
17315.15
1271.01
1235.01
1237.15
1230.96
1242.88
1241.21
1240.02
1244.07
1235.96
1251.94
1255.04
1245.02
17313.96
1258.13
1230.00
1231.19
1230.96
1218.80
1230.96
1218.08
1211.17
1209.97
1217.13
1203.06
1202.11
25281.91
1287.94
1265.05
1255.99
1262.90
1250.98
1261.00
1251.94
1240.97
1253.84
25327.92
1255.99
1239.06
1259.09
1255.04
1266.00
1269.82
1265.05
1261.95
25317.91
1286.98
1261.00
1250.98
1209.02
1219.99
21280.05
1261.95
1224.99
1231.91
1254.08
1238.11
1233.10
9369.13
1260.04
1242.88
1246.21
1242.88
1256.94
1257.18
1251.94
1247.88
1253.84
1250.03
1247.88
17288.92
1279.83
1228.81
1221.90
1230.96
1218.08
1229.05
1224.04
1212.12
1213.07
1232.15
1224.99
1220.94
25274.99
1269.82
1229.05
1223.09
1245.02
1240.02
1249.07
1251.94
1238.11
1235.01
25297.88
1294.85
1248.84
1262.90
1257.18
1261.00
1268.86
1259.09
1255.99
25290.01
1286.03
1222.13
1212.12
1270.06
1238.11
1235.96
1243.11
1238.11
1240.02
25303.84
1238.82
1209.02
1214.03
1205.21
1205.92
1200.20
1200.91
1200.91
1203.78
1210.93
1195.91
1197.81
17268.90
1290.08
1251.94
1259.09
1260.04
1254.08
1255.04
1250.98
1255.04
1270.06
1269.82
1266.96
1259.09
17380.00
1214.98
1209.02
1210.21
1209.02
1204.01
1202.82
1204.01
1204.01
1201.15
25309.09
1214.03
1202.82
1209.02
1200.91
1199.96
1204.01
1201.87
1204.01
1209.02
25367.02
1293.90
1271.01
1278.88
1271.01
1271.01
1263.14
1249.07
1255.99
25365.83
1273.87
1271.01
1276.02
1269.10
1271.01
1264.81
1191.85
1210.93
17254.83
1271.96
1234.05
1223.09
1235.01
1227.86
1221.90
1229.05
1226.90
1218.08
1212.12
1235.96
1232.86
17288.92
1303.91
1270.06
1271.01
1214.98
1235.96
1230.96
1264.10
1237.15
1235.96
1244.07
1228.81
1221.90
25295.02
1251.94
1230.00
1231.91
1231.91
1228.09
1220.23
1214.98
1239.06
1239.06
25383.95
1267.91
1255.99
1242.88
1198.05
1195.91
1219.03
1204.97
1204.97
37230.97
1281.02
1215.93
1204.97
1224.04
1210.93
1211.88
1214.98
1210.93
1204.01
29269.93
