1115.80
1091.96
1089.10
1043.08
1047.85
1049.04
25188.92
1106.02
1108.17
1089.10
1049.04
1048.09
1059.06
25105.00
1116.04
1074.08
1070.02
1057.15
1084.09
1096.96
25233.98
1161.10
1096.01
1101.02
1083.85
1039.03
1044.99
1060.01
25168.90
1078.84
1013.99
1099.11
1050.00
1064.06
1062.87
29098.03
1141.07
1068.12
1071.93
1077.89
1071.21
1070.02
1072.17
25191.07
1091.96
1070.98
1082.90
1076.94
1086.00
1071.93
21194.93
1103.88
1091.96
1079.08
1050.95
1050.00
1049.04
25110.01
1141.79
1099.11
1090.05
1109.12
1060.01
1075.98
25106.91
1131.06
1071.93
1065.02
1044.99
997.07
1094.82
1096.01
25191.07
1104.12
1080.99
1078.84
1585.96
1060.96
1056.91
25208.95
1138.93
1190.90
1077.89
1080.99
1080.04
1078.13
25167.94
1102.92
1070.98
1091.00
1055.96
1049.04
1046.90
25100.95
1128.91
1092.20
1072.88
1092.91
1040.94
1046.18
1048.09
25199.89
1096.96
1080.99
1091.96
1041.17
1041.89
1044.99
25146.01
1138.93
1091.96
1106.02
1058.10
1054.05
1059.06
25089.03
1115.08
1079.08
1086.00
1080.04
1069.07
1072.88
1069.07
25192.98
1106.02
1080.99
1095.06
1094.10
1080.99
1087.19
25182.01
1109.84
1086.95
1084.09
1077.18
1080.99
1106.02
25123.83
1133.92
1097.92
1112.94
1116.04
1088.86
1102.92
25127.17
1155.14
1098.87
1103.88
1112.94
1101.97
1092.91
25122.88
1173.97
1124.14
1108.17
1111.98
1106.98
1109.84
1122.95
25212.05
1149.18
1106.02
1115.08
1116.99
1110.08
1105.07
25216.10
1142.98
1120.09
1135.11
1106.98
1107.93
1111.98
25188.92
1086.00
1072.17
1075.98
1121.04
1125.81
1108.88
25233.03
1103.88
1090.05
1091.96
1122.00
1132.01
1126.05
25238.04
1136.06
1133.20
1109.12
1090.05
1115.08
1131.06
25212.05
1129.15
1104.12
1096.01
1063.11
1075.98
1079.08
25147.91
1141.07
1082.90
1086.00
1086.00
1075.03
1076.94
25110.96
1127.96
1067.16
1060.01
1055.00
1092.91
1091.96
1092.91
25202.99
1084.09
1073.12
1069.07
1087.90
1109.84
1111.03
25197.98
1115.80
1095.06
1083.14
1072.88
1080.99
1080.99
25127.17
1132.01
1087.19
1092.91
1091.96
1064.06
1073.84
1068.83
25192.02
1096.01
1093.86
1079.80
1075.98
1065.97
1068.83
25170.09
1096.96
1091.96
1081.94
1079.08
1072.17
1065.02
25109.05
1138.93
1104.12
1099.11
1099.11
1071.93
1071.93
29107.09
1153.95
1119.14
1101.97
1119.85
1113.89
1111.98
1096.96
25195.12
1119.14
1096.01
1116.99
1107.93
1092.91
1095.06
25202.04
1126.05
1106.02
1111.03
1101.97
1118.90
1102.92
25201.08
1125.10
1124.14
1121.04
1110.08
1110.08
1120.09
25195.12
1126.05
1114.13
1112.94
1112.94
1121.04
1132.01
25197.98
1143.93
1114.13
1108.88
1111.98
1103.16
1106.98
25194.17
1127.96
1103.88
1118.90
1117.94
1108.17
1104.83
25145.05
1150.13
1127.96
1123.91
1111.03
1106.98
1101.97
25138.85
1144.89
1111.98
1098.87
1113.89
1122.95
1111.98
25148.87
1158.95
1119.14
1104.12
1122.95
1106.98
1106.02
25124.07
1171.11
1132.01
1123.91
1134.16
1116.99
1111.03
1099.82
25197.98
1139.16
1106.02
1105.07
1101.97
1106.98
1109.12
25223.97
1118.18
1106.98
9134.05
1110.79
1076.94
1078.84
1078.84
1083.85
1061.92
1075.98
25156.02
1088.86
1072.88
1065.02
1062.87
1065.97
1064.06
25172.95
1087.90
1070.02
1070.98
1080.99
1074.08
1061.92
25099.99
1122.00
1060.01
1063.82
1065.97
1051.19
1050.00
1053.09
25182.96
1081.94
1065.97
1071.93
1091.00
1168.97
1098.87
25189.88
1101.97
1088.14
1086.00
1071.93
1084.09
1080.04
25110.01
1101.97
1071.93
1055.96
1064.06
1046.90
1045.94
1044.03
25149.82
1060.01
1050.00
1044.03
1040.94
1044.03
1043.80
25074.01
1088.14
1025.92
1086.00
1107.93
1101.97
1089.10
1089.10
25177.00
1119.85
1109.84
1105.07
1097.92
1091.96
1091.96
25202.99
1588.11
1058.10
1050.95
1038.79
1043.80
1039.98
25170.09
1065.02
1045.94
1050.95
1060.01
1052.14
1049.04
29103.99
1131.06
1116.99
1095.06
1122.00
1155.85
1133.92
25079.97
1136.06
1078.13
1060.96
1084.09
1060.01
1070.02
1080.04
25180.10
1086.00
1070.02
1049.04
1075.98
1081.94
1080.04
25176.05
1075.98
1058.10
1048.09
1073.12
1099.11
1094.10
25123.12
1106.02
1070.98
1049.04
1052.14
1114.13
1136.06
1117.94
25190.83
1099.11
1087.90
1072.88
1117.94
1111.98
1129.15
25238.99
1098.87
1088.86
1078.84
1110.79
1117.94
1132.01
25276.90
1114.13
1101.97
1087.90
1132.01
1123.91
1134.87
25210.14
1115.08
1099.11
1091.00
1158.95
1162.05
1150.13
25216.10
1110.08
1100.06
1132.01
1249.07
1149.18
1147.99
25183.20
1076.94
1058.82
1060.01
1157.05
1131.06
1130.10
25198.22
1068.12
1054.05
1044.99
1085.04
1068.83
1075.03
25108.10
1121.04
1065.02
1060.96
1065.02
1068.12
1080.04
1091.00
25203.23
1079.08
1070.98
1066.92
1093.15
1104.12
1106.98
25192.98
1091.96
1074.08
1067.16
1106.02
1107.22
1117.94
25151.97
1121.04
1075.98
1065.97
1139.16
1151.08
1148.94
25183.92
1105.07
1050.00
1046.90
1070.02
1106.98
1096.01
1105.79
25146.96
1072.88
1064.06
1051.90
1070.02
1060.96
1060.96
25166.03
1073.12
1055.00
1050.00
1070.02
1108.88
1116.99
21157.03
1150.13
1105.07
1096.01
1113.89
1101.97
1092.91
25130.03
1157.05
1110.08
1101.02
1112.94
1101.02
1103.88
1104.12
25172.00
1087.90
1061.92
1054.05
1069.78
1083.85
1077.89
25190.83
1090.05
1070.02
1059.06
1090.05
1089.10
1096.96
25134.09
1113.89
1070.02
1060.96
1052.86
1101.02
1103.88
25120.97
1131.06
1077.89
1084.09
1068.12
1102.21
1090.05
1106.98
25216.10
1101.97
1102.92
1087.90
1079.08
1101.02
1088.86
25222.06
1137.97
1133.92
1099.11
1066.92
1081.94
1080.99
25119.78
1156.09
1117.94
1122.00
1072.88
1077.89
1087.90
25123.12
1158.00
1113.89
1104.83
1082.90
1066.92
1069.07
1085.04
25194.88
1115.80
1106.02
1099.11
1075.03
1067.16
1066.92
25215.86
1137.97
1120.09
1120.09
1058.10
1059.06
1061.20
25160.07
1132.97
1114.85
1101.02
1044.99
1053.09
1062.15
25113.11
1166.11
1115.08
1106.02
1080.99
1046.90
1047.85
1052.86
25209.90
1116.04
1099.82
1136.06
1081.94
1086.00
1085.04
25218.96
1137.97
1117.94
1098.87
1098.87
1097.92
1104.12
25205.14
1124.14
1114.13
1106.98
1122.00
1113.89
1130.82
25213.96
1160.86
1142.98
1134.87
1132.97
1129.15
1137.02
25252.10
1176.12
1158.00
1152.99
1086.00
1087.19
1084.09
29185.06
1124.14
1101.97
1099.82
1098.87
1091.00
1086.95
25144.10
1118.90
1086.00
1092.91
1097.92
1096.01
1101.02
25145.05
1154.90
1114.13
1116.99
1125.81
1123.91
1127.96
25165.08
1179.22
1146.08
1122.95
1110.79
1098.87
1098.87
25132.89
1155.85
1102.92
1100.06
1108.88
1099.11
1099.11
1091.96
25197.03
1115.08
1100.06
1108.17
1100.06
1099.11
1096.01
25207.04
1114.85
1102.92
1106.98
1103.88
1097.92
1099.11
25205.14
1119.14
1103.88
1105.07
1097.92
1104.12
1096.96
25202.99
1127.00
1104.12
1103.16
1101.97
1106.98
1095.06
25130.03
1143.93
1108.17
1100.06
1109.12
1102.92
1095.06
25122.88
1154.90
1106.02
1098.87
1107.93
1094.82
1094.82
25117.87
1122.95
1061.92
1055.00
1052.86
1089.81
1095.06
1085.04
25156.02
1079.08
1055.00
1050.95
1068.12
1068.12
1065.97
21112.92
1142.98
1096.01
1083.14
1101.97
1086.00
1075.98
1078.84
25167.94
1089.10
1079.08
1085.04
1085.04
1070.02
1081.94
25176.05
1104.83
1081.94
1083.14
1075.03
1083.14
1075.98
25111.91
1124.86
1075.98
1071.93
1081.94
1070.98
1072.88
25099.04
1158.00
1098.87
1087.19
1075.03
1111.03
1106.98
1102.92
25192.02
1080.04
1065.02
1059.06
1116.04
1109.84
1102.92
25202.04
1085.04
1072.88
1061.20
1113.89
1101.02
1101.02
25139.09
1125.81
1083.85
1096.01
1086.95
1087.90
1090.05
25111.20
1165.15
1099.11
1093.86
1083.85
1072.88
1079.80
1075.98
25208.95
1112.94
1092.91
1086.00
1089.81
1074.08
1080.99
25197.98
1111.03
1100.06
1112.94
1096.01
1097.20
1085.04
25149.11
1157.05
1127.00
1107.93
1104.12
1107.93
1091.00
25133.13
1161.10
1128.91
1118.90
1114.85
1101.02
1092.91
25125.03
1165.15
1124.14
1127.00
1110.79
1100.06
1091.00
25120.02
1174.93
1117.94
1134.16
1119.85
1092.91
1092.91
1083.14
25205.14
1123.91
1116.99
1106.98
1091.00
1081.94
1080.04
25198.94
1137.02
1106.98
1096.96
1075.98
1072.88
1085.04
25177.00
1111.03
1108.17
1096.01
1085.04
1082.90
1073.12
21192.07
1119.85
1091.96
1084.09
1101.97
1086.95
1095.06
25120.97
1142.02
1106.98
1095.06
1096.96
1087.90
1090.76
1095.06
25191.07
1114.13
1110.08
1112.94
1098.87
1094.82
1107.93
25210.14
1122.00
1118.90
1102.92
1103.16
1092.91
1084.80
25187.02
1099.82
1091.00
1080.99
1105.07
1091.00
1096.96
25158.17
1137.02
1095.06
1091.00
1099.11
1091.00
1085.04
25130.99
1139.88
1089.81
1087.90
1092.91
1062.15
1059.06
1069.07
25169.13
1088.14
1072.17
1065.97
1048.09
1061.20
1056.91
25171.04
1076.94
1061.92
1057.15
1055.00
1077.89
1084.09
25125.03
1119.85
1070.02
1057.15
1055.96
1087.19
1092.91
1101.97
25177.96
1076.94
1057.86
1045.94
1106.02
1094.82
1097.92
25204.18
1075.03
1068.12
1058.10
1114.13
1092.91
1091.96
25140.05
1119.85
1077.89
1063.11
1075.98
1075.03
1071.93
1076.22
29159.07
1084.09
1080.04
1088.14
1070.98
1080.04
1062.87
25177.96
1092.91
1069.07
1069.07
1083.14
1069.07
1062.87
25111.91
1131.06
1087.90
1089.10
1093.15
1080.04
1091.00
1083.85
25189.88
1130.82
1095.06
1108.88
1102.92
1098.87
1087.90
25197.98
1110.08
1105.07
1114.13
1108.88
1106.02
1106.98
25209.19
1137.02
1100.78
1116.99
1119.14
1111.03
1106.02
25213.96
1141.07
1115.08
1114.85
1141.79
1128.91
1129.87
25191.78
1101.02
1087.19
1085.04
1089.10
1091.96
1073.84
25120.97
1152.04
1094.82
1077.89
1075.03
1108.88
1110.08
25175.09
1137.02
1082.18
1074.08
1106.02
1137.02
1122.95
25145.05
1147.99
1075.98
1074.79
1062.87
1080.04
1070.02
1067.16
25187.97
1104.83
1082.90
1073.84
1106.02
1126.05
1124.14
25228.02
1090.05
1061.92
1068.12
1152.99
1127.00
1121.04
25175.09
1109.12
1065.97
1060.01
1057.15
1081.94
1084.80
25133.85
1123.91
1064.06
1056.91
1055.00
1132.01
1142.02
1163.96
29175.04
1091.96
1091.96
1101.97
1111.98
1117.94
1112.94
25232.08
1153.95
1154.90
1165.15
1166.11
1164.91
1145.84
25244.95
1152.04
1137.02
1135.83
1126.05
1111.03
1110.08
25202.04
1104.12
1086.00
1084.80
1070.02
1075.98
1078.84
25188.92
1114.13
1106.98
1118.90
1116.04
1125.81
1129.87
25234.94
1169.20
1142.98
1168.01
1147.03
1138.93
1137.02
25235.89
1127.96
1104.83
1113.89
1095.06
1080.99
1077.89
25182.96
1088.14
1076.94
1081.94
1097.20
1097.92
1099.82
25141.95
1155.85
1146.08
1116.99
1122.95
1119.14
1122.95
25151.01
1157.05
1123.19
1118.90
1132.97
1127.00
1112.94
25144.10
1175.88
1121.04
1127.96
1137.02
1125.81
1124.86
25156.97
1163.01
1144.89
1123.91
1128.20
1128.91
1122.00
25155.07
1160.14
1135.11
1120.09
1135.11
1121.04
1117.94
25152.92
1173.02
1136.06
1117.94
1134.87
1122.95
1127.96
25153.88
1179.93
1127.00
1127.96
1135.83
1122.00
1120.09
25165.08
1149.18
1097.92
1080.99
1091.96
1062.87
1061.92
1079.08
21203.04
1114.85
1101.02
1096.96
1093.86
1103.88
1098.16
25198.94
1118.90
1092.91
1101.02
1101.02
1098.16
1096.01
25202.04
1135.83
1101.97
1099.11
1110.08
1094.82
1087.90
25124.07
1147.03
1100.06
1095.06
1101.97
1091.96
1091.00
25126.93
1146.79
1108.88
1091.00
1106.02
1095.06
1090.05
1089.81
25197.03
1110.08
1097.92
1111.98
1091.00
1096.01
1093.86
25215.86
1115.80
1093.86
1104.83
1101.02
1094.10
1097.92
25207.04
1113.89
1097.92
1108.88
1097.20
1096.96
1096.01
25193.93
1116.99
1098.87
1101.02
1107.93
1101.97
1091.00
25139.81
1144.89
1107.93
1100.06
1107.22
1098.87
1091.00
25130.03
1154.90
1114.13
1101.02
1106.02
1106.02
1096.96
25135.99
1168.01
1104.12
1096.96
1107.93
1099.11
1091.00
1101.02
25217.06
1111.03
1102.92
1101.02
1101.97
1094.10
1098.16
21224.02
1096.96
1086.00
1077.18
1062.87
1064.06
1062.87
25113.82
1116.99
1081.94
1069.07
1039.03
1080.99
1085.04
25109.05
1116.99
1067.88
1063.82
1055.00
1104.12
1091.96
1086.00
25203.94
1093.86
1080.99
1075.03
1083.14
1097.92
1082.90
25163.89
1113.89
1089.81
1080.04
1075.03
1091.00
1081.94
25114.06
1139.88
1101.02
1090.05
1075.98
1065.02
1068.83
1070.02
25189.88
1091.96
1081.94
1074.08
1056.19
1050.95
1057.15
25164.13
1083.14
1066.92
1058.82
1046.90
1047.85
1058.82
25092.84
1120.09
1065.97
1057.86
1050.95
1047.13
1055.96
1050.00
25164.13
1110.08
1069.07
1081.94
1050.00
1052.14
1048.09
25085.93
1153.95
1109.12
1093.15
1107.93
1061.20
1058.10
1060.01
25193.93
1117.94
1105.07
1104.83
1088.86
1080.99
1073.12
25192.02
1127.00
1121.04
1121.04
1096.01
1102.92
1096.01
25190.83
1113.89
1106.98
1105.07
1105.07
1112.94
1096.96
25185.11
1118.18
1111.98
1114.13
1121.04
1107.22
1106.98
25151.01
1147.03
1103.88
1088.86
1095.06
1099.82
1102.92
25140.05
1141.07
1101.97
1084.80
1077.89
1086.24
1092.91
1076.94
25189.16
1106.02
1102.92
1086.00
1055.00
1056.91
1065.97
29163.12
1100.06
1090.05
1090.05
1085.04
1086.00
1080.04
25120.02
1132.97
1091.00
1087.19
1091.96
1086.00
1081.94
25112.87
1154.90
1096.01
1089.10
1094.10
1090.05
1084.09
1078.84
25191.07
1101.02
1086.00
1088.86
1096.01
1084.09
1080.99
25174.86
1102.92
1085.04
1085.04
1082.90
1075.98
1074.08
25125.03
1127.00
1088.86
1084.09
1080.99
1080.04
1076.94
25095.94
1153.95
1093.86
1082.90
1090.05
1082.90
1080.04
1084.80
25201.08
1111.98
1083.14
1086.00
1087.90
1080.99
1077.89
25174.86
1097.92
1082.90
1080.04
17220.02
1142.02
1111.98
1102.92
1068.12
1064.06
1065.02
25213.96
1132.97
1137.97
1101.02
1056.91
1046.18
1055.96
25141.95
1121.04
1119.14
1127.96
1059.06
1045.94
1050.00
25084.97
1158.95
1122.00
1103.88
1102.92
1070.02
1063.82
1066.92
25197.03
1126.05
1102.92
1086.95
1084.09
1073.12
1075.98
25178.91
1137.97
1106.98
1096.01
1101.97
1106.98
1094.82
25198.94
1120.81
1093.86
1095.06
1110.08
1097.92
1111.03
25156.97
1109.84
1064.06
1064.06
1085.04
1094.10
1101.02
25135.99
1141.07
1094.10
1092.20
1086.00
1106.98
1093.86
1093.86
25202.04
1130.10
1111.98
1109.12
1104.12
1101.02
1104.12
25242.09
1136.06
1102.21
1091.00
1084.09
1079.08
1080.99
25222.06
1130.10
1111.03
1103.16
1048.09
1063.11
1060.01
25124.79
1157.05
1119.14
1127.00
1077.18
1063.11
1059.06
25105.00
1168.01
1126.05
1117.94
1107.93
1084.09
1074.08
25095.22
1196.86
1122.95
1109.12
1106.98
1106.98
1104.12
1100.06
25197.03
1098.16
1083.14
1081.94
1107.93
1104.12
1104.12
25192.02
1086.00
1080.04
1090.05
1111.98
1102.92
1103.88
25193.93
1134.16
1127.00
1113.18
1106.02
1108.17
1106.98
25150.06
1158.95
1119.85
1106.98
1129.15
1094.10
1102.92
25140.05
1133.92
1086.00
1082.90
1077.89
1108.88
1107.93
25131.94
1125.10
1070.98
1065.97
5095.01
1132.97
1103.88
1096.96
1098.16
1107.93
1095.06
25141.00
1164.91
1110.08
1101.97
1074.08
1091.96
1091.96
25093.08
1163.01
1104.12
1096.01
1088.86
1084.80
1073.84
1070.98
29221.06
1122.95
1104.12
1105.07
1096.01
1096.01
1094.82
25197.03
1116.99
1104.83
1101.97
1101.97
1095.06
1096.96
25161.98
1134.16
1098.87
1098.87
1106.02
1092.91
1091.00
25131.94
1148.94
1105.79
1099.82
1112.94
1099.11
1098.16
25130.03
1158.00
1122.95
1114.13
1111.03
1097.20
1095.06
1095.06
25189.16
1113.89
1103.88
1103.88
1098.87
1095.77
1095.06
25208.00
1111.03
1101.97
1107.93
1101.97
1101.02
1099.11
25214.20
1117.94
1098.87
1105.79
1104.83
1094.82
1096.96
25189.16
1122.00
1096.96
1101.97
1106.98
1098.16
1099.11
25139.09
1145.12
1106.98
1099.11
1106.98
1095.06
1099.11
25129.08
1155.14
1106.02
1097.92
1107.93
1098.87
1094.10
1096.01
25192.02
1116.99
1098.16
1106.98
1100.06
1094.82
1100.06
25207.04
1113.18
1100.06
1106.02
1101.97
1097.92
1092.91
25208.00
1111.98
1095.06
1101.97
1101.02
1096.01
1092.20
25197.03
1122.95
1098.87
1093.86
1108.17
1094.10
1102.92
25133.85
1148.94
1098.87
1099.82
1123.91
1096.96
1098.87
29137.85
1132.97
1087.90
1080.99
1076.94
1116.04
1124.86
25130.03
1173.97
1104.83
1118.18
1102.92
1090.05
1092.91
1098.87
25223.02
1106.98
1101.02
1101.02
1072.88
1076.94
1078.13
25208.95
1133.92
1103.16
1094.10
1085.04
1074.08
1080.99
25115.97
1142.02
1108.88
1094.10
1078.13
1070.02
1072.88
25104.05
1188.99
1153.95
1143.93
1152.99
1142.98
1147.99
25183.20
1184.94
1154.90
1145.84
1154.90
1148.94
1142.98
25179.15
1199.96
1160.86
1153.95
1165.15
1153.95
1158.00
25244.95
1173.97
1158.95
1165.15
1157.05
1153.95
1150.85
25251.87
1173.97
1158.00
1166.11
1160.14
1153.95
1154.18
25181.06
1091.96
1087.90
1084.80
1097.92
1095.77
1101.97
25200.13
1090.05
1075.98
1066.92
1086.00
1091.00
1094.10
25141.00
1122.00
1086.00
1073.84
1076.94
1095.06
1089.10
25130.99
1129.87
1082.90
1073.84
1077.89
1104.12
1105.07
1106.98
25193.93
1101.97
1075.03
1073.12
1110.08
1110.08
1106.02
21227.12
1098.16
1072.88
1081.94
1072.17
1070.98
1067.16
25110.96
1108.88
1070.02
1068.12
1071.93
1066.92
1063.11
25087.12
1128.91
1072.17
1070.02
1069.07
1066.21
1065.97
1062.15
25172.95
1080.99
1065.97
1060.01
1110.08
1100.06
1097.92
25146.96
1111.98
1075.03
1070.98
1072.88
1098.87
1093.86
25131.94
1146.08
1092.91
1085.04
1074.08
1100.06
1107.93
1098.16
25214.91
1097.92
1087.90
1087.19
1097.92
1106.02
1101.97
29211.04
1111.98
1099.11
1101.97
1099.82
1092.91
1100.06
25194.88
1121.04
1104.12
1101.97
1103.88
1096.01
1099.11
25135.04
1151.08
1114.13
1096.96
1108.88
1093.86
1097.20
25130.03
1109.12
1058.10
1055.96
1054.05
1091.96
1086.00
1090.05
25164.13
1070.98
1062.87
1050.00
1056.91
1056.91
1052.14
25110.01
1106.02
1060.96
1056.91
1046.18
1092.91
1100.06
25122.88
1123.91
1071.93
1065.02
1052.86
1114.85
1111.98
1106.02
25206.09
1090.05
1078.13
1071.93
1115.08
1096.96
1102.92
25202.99
1105.07
1090.05
1083.14
1086.95
1073.84
1080.99
25134.09
1121.04
1101.02
1085.04
9184.12
1117.94
1100.06
1111.03
1094.10
1090.05
1088.14
25181.06
1116.04
1110.79
1099.82
1096.96
1092.91
1091.00
21138.91
1127.96
1090.05
1083.85
1077.89
1111.03
1094.82
25146.01
1146.08
1109.12
1084.09
1093.15
1094.10
1085.04
1080.99
25197.98
1096.01
1079.08
1074.79
1085.04
1085.04
1085.04
25208.95
1087.90
1072.88
1071.93
1088.14
1085.04
1079.08
25132.18
1111.98
1059.06
1053.81
1062.87
1101.97
1105.07
25117.16
1152.04
1079.80
1066.92
1070.02
1118.90
1116.04
1108.17
25196.08
1100.06
1095.06
1079.08
1128.20
1104.12
1106.98
25211.10
1122.00
1103.88
1101.97
1117.94
1108.17
1095.06
25198.94
1128.91
1105.07
1095.06
1096.01
1090.05
1091.00
25137.90
1163.01
1101.02
1097.92
1062.15
1071.93
1080.99
25108.10
1175.17
1110.08
1091.00
1109.12
1060.96
1062.87
1067.88
25199.89
1115.80
1101.02
1107.93
1082.90
1073.84
1070.02
25170.09
1101.02
1087.19
1078.13
1055.00
1060.96
1065.02
29116.15
1116.99
1078.84
1070.98
1083.14
1064.06
1071.93
1065.02
25156.02
1074.08
1063.11
1065.97
1064.06
1059.06
1057.15
25153.88
1091.00
1068.12
1070.98
1085.04
1074.08
1080.99
25128.13
1144.89
1094.10
1079.08
1095.06
1101.97
1086.00
1080.04
25195.84
1105.07
1110.08
1099.11
1096.01
1109.12
1105.07
25198.94
1131.06
1110.08
1135.11
1119.14
1126.05
1111.03
25240.90
1136.06
1116.04
1119.85
1115.80
1115.80
1115.08
25217.06
1137.02
1118.18
1127.00
1115.08
1115.08
1114.13
25219.92
1137.02
1121.04
1123.91
1116.99
1112.94
1107.93
25223.97
1132.97
1121.04
1122.00
1112.94
1114.13
1111.98
25220.16
1141.07
1120.09
1122.00
1115.08
1117.94
1117.94
25214.91
1137.97
1113.89
1121.04
1114.85
1114.13
1115.08
25201.08
1137.97
1116.99
1125.10
1119.85
1112.94
1114.13
25161.03
1157.05
1117.94
1116.99
1122.95
