1132.01
1091.00
1085.04
1091.00
1082.90
1089.81
1081.94
1080.04
1084.80
1095.06
25096.89
1152.99
1044.99
1070.98
1083.14
1081.94
1067.16
1078.13
25154.11
1067.88
1055.96
1051.19
1159.91
1147.03
1147.03
25226.12
1102.92
1116.04
1103.88
1108.17
1096.96
1094.82
33146.86
1131.06
1093.86
1091.96
1109.12
1096.96
1111.98
29155.97
1146.08
1096.01
1105.07
1119.14
1120.09
1109.12
17869.95
1119.85
1101.02
1101.02
1095.06
1088.14
1085.04
25208.00
7735.01
1106.02
1080.04
1056.91
1060.01
1055.96
1051.19
1044.99
25152.21
1064.06
1058.10
1063.11
1044.99
1047.13
1049.04
1044.99
1070.98
1069.07
33633.95
1100.06
1060.01
1044.99
1056.91
1044.99
1047.85
1055.96
10699.03
1065.97
1059.06
1050.00
1043.08
1039.03
1040.22
1106.98
1109.12
21234.99
1148.94
1108.17
1078.84
1084.80
1074.08
1075.98
1090.05
37176.13
1085.04
1060.01
1057.86
1054.05
1051.90
1052.86
18765.93
1140.83
1113.89
1103.88
1088.86
1088.86
17165.90
1079.80
1060.01
1072.17
1060.96
1065.02
1065.97
20859.96
1128.91
1086.00
1077.89
1069.07
1051.90
1063.82
1057.86
25207.04
1096.01
1105.07
1109.12
1102.92
1093.86
1098.87
1115.80
1096.96
1106.02
1091.00
17196.89
1114.85
1111.98
1098.87
1081.94
1079.08
1075.03
17178.06
1097.92
1101.97
1098.87
1052.86
1068.83
1070.98
17099.14
1099.11
1058.10
1045.94
1043.08
1049.04
1056.19
1050.00
1071.21
1051.90
1048.80
25091.89
1133.92
1099.82
1073.12
1073.12
1041.17
23240.09
1075.03
1054.05
1053.81
1065.97
1060.01
1065.97
1061.92
1050.00
1064.06
1057.15
17116.07
1090.05
1053.09
1055.00
1057.86
1056.91
1050.95
1047.13
1091.00
1093.15
1071.93
25121.93
1129.87
1067.88
1071.93
1073.12
1071.93
1082.18
1091.00
1090.05
1068.12
1065.97
25115.97
1122.95
1086.00
1090.05
1097.92
1096.01
1080.99
1090.05
1112.94
1128.91
1230.00
29186.96
1113.18
1102.92
1096.96
1089.10
1070.02
1065.97
1065.02
1065.02
1076.94
1059.06
25162.22
1115.08
11013.98
1102.21
1087.90
1086.00
1085.04
1080.04
1092.91
1080.99
1082.90
1072.88
1091.96
25192.98
1132.97
1109.12
1093.15
1122.95
1099.82
1095.06
1106.98
1095.06
1089.10
1092.20
1103.88
1086.95
1091.00
25127.89
1142.98
1104.12
1091.00
1103.88
1094.82
1087.90
1091.00
1071.93
1082.18
1071.93
29124.98
1158.00
1104.83
1091.00
1117.94
1086.00
1091.00
29124.98
1147.03
1114.85
1089.81
1113.89
1091.00
1080.99
1081.94
25199.89
1101.02
1113.89
1069.07
1094.10
22696.97
1112.94
1073.12
1061.92
1060.96
1031.16
1042.13
1036.88
1046.90
1039.03
1039.03
1042.13
29171.94
1086.00
1065.97
1055.00
1065.02
1050.00
1044.99
1050.00
1043.08
1039.98
1040.94
27714.97
1061.92
1089.81
1085.04
1622.92
1092.91
1081.94
1092.91
25161.98
1112.94
1097.92
1087.90
1108.17
1101.97
1084.80
25125.98
1131.06
1084.80
1087.90
1091.96
1084.09
1091.96
1093.86
25167.94
1087.19
10475.87
1074.08
1078.13
1127.00
1106.02
988.96
1042.13
1049.04
1049.04
1056.19
1053.09
25091.89
1087.90
1055.00
1040.94
1062.87
12403.96
1091.96
1084.09
1064.06
1111.03
1095.77
1088.86
1101.97
1101.97
1088.86
27952.91
1127.00
1064.06
1060.01
1050.00
1055.00
1072.17
1073.84
1072.88
25158.88
1094.82
1067.88
1060.96
1068.12
1065.02
1063.11
1060.01
1083.85
1091.00
1080.04
29155.02
1091.96
1095.06
1075.98
1044.99
1049.04
1053.09
1058.10
1060.01
1060.01
1053.09
16058.92
1118.90
1053.81
1055.00
1055.00
1070.02
1081.94
1064.06
1056.19
25182.96
1116.99
1106.02
1083.14
1076.94
1068.83
1070.02
1094.10
1075.98
1066.92
1069.07
29178.14
1097.20
1100.06
1077.89
1038.07
1035.93
1031.88
1037.84
1029.01
1028.06
1033.07
16271.11
1082.18
1048.09
1039.98
1046.18
1034.02
1044.99
1046.90
25087.12
1115.08
1059.77
1062.87
1064.06
1060.01
1048.09
1038.07
1064.06
1101.02
1091.00
29128.79
1110.08
1049.04
1042.13
1052.14
1044.03
1039.98
1047.85
1035.93
1027.11
1032.11
1034.02
16398.19
1098.16
1072.88
1067.88
1065.97
1062.15
1061.92
1065.97
13157.13
1050.00
1036.88
1033.78
1041.89
1035.21
1038.07
1039.03
1075.03
1070.02
1071.93
29112.10
1141.79
1091.96
1091.00
1092.91
1063.82
1056.91
1079.08
1059.06
1048.80
1054.05
25109.05
1133.20
1096.96
17786.03
1126.05
1100.06
1096.96
1106.02
1093.86
1092.91
25125.98
1155.85
7767.92
1106.98
1094.10
1079.08
1076.94
1070.98
1075.98
21154.88
1091.96
1078.13
1064.06
1094.10
1083.14
1072.88
1073.84
1070.98
1065.97
1072.88
25173.90
1123.91
1098.16
1106.98
1091.96
1089.10
1091.96
1065.97
1045.94
1040.94
1036.17
18662.93
1060.01
1039.98
1054.05
1044.99
1040.94
1050.95
1048.09
1050.00
1050.00
25161.98
1070.98
1055.96
1048.09
1059.77
1051.90
1051.90
33097.98
1149.89
1086.95
1085.04
1096.01
1080.99
1069.07
1073.12
28484.11
1095.06
1044.03
1036.88
1040.94
1050.95
1060.96
1062.87
13134.96
1056.19
1035.93
1044.99
1042.13
1035.93
1036.88
1025.92
1088.14
1089.10
1099.11
29192.92
1081.94
1063.11
1052.14
1062.87
1050.00
1043.08
1041.17
1082.90
1080.04
1080.99
18934.01
1135.11
1106.98
1091.00
1092.91
1093.86
25199.17
1116.04
1088.14
1094.10
1091.96
1089.10
1085.04
1091.96
1094.10
1096.01
1093.15
17174.01
1105.07
1086.00
1074.08
1071.93
1057.86
1055.96
1090.05
1070.02
1062.87
1074.08
25163.89
1073.84
1059.06
1043.80
1054.05
23166.89
1087.90
1054.05
1049.04
1063.11
1049.04
1052.14
1049.04
1060.96
1050.95
1053.09
17084.12
1127.00
1070.98
1059.06
1066.92
1062.87
1057.15
1059.06
1047.13
1088.14
1091.96
25115.01
1116.99
1052.86
1039.03
1046.90
1052.86
1055.00
1050.95
1066.92
1048.09
1044.99
1050.00
25157.93
1081.94
1070.98
1068.12
1039.98
1039.98
1041.89
1050.00
1050.00
1049.04
1042.84
21150.83
1097.92
1060.01
1060.01
1079.08
1058.82
1067.88
1065.97
1065.97
1075.03
1072.88
25110.01
1132.01
1103.16
1096.01
1111.98
1090.05
1107.93
1107.93
1059.06
22931.10
1149.89
1116.04
1108.88
1110.79
1101.97
1106.98
1102.92
1107.93
1103.16
1094.10
29125.93
1105.79
1056.91
1050.95
1060.01
1055.00
1051.90
1061.92
1052.86
1073.12
1065.02
27418.85
1110.08
1055.96
1047.85
1042.84
1045.94
1077.18
1084.09
1093.86
33124.92
1129.87
1083.85
1075.98
1085.04
1079.08
1079.08
1085.04
25194.17
1096.01
1091.00
1088.86
1047.85
1055.96
1052.14
19568.92
1081.94
1055.00
1045.94
1045.94
1038.07
1031.88
1039.98
1037.12
25091.89
1120.09
1096.01
1091.00
1041.89
1047.13
1047.13
1043.08
1058.10
1049.04
1053.09
29092.07
1143.22
1111.98
1092.20
1105.07
1041.89
1043.08
1039.03
17169.00
1070.98
10591.98
1111.98
1089.10
1074.08
1063.11
1050.00
1040.94
25086.88
1153.95
1112.94
1091.00
1099.82
1093.86
1091.96
1090.05
25189.16
1109.12
1094.10
1101.97
1094.10
1094.10
1094.10
19866.94
1048.80
1089.81
1094.10
1091.00
1106.02
1092.91
1091.96
25129.08
1138.93
1100.06
1099.11
1098.16
1101.02
1095.06
1086.95
1065.02
1071.93
1097.92
17131.09
1124.14
1089.10
1083.14
1087.90
1054.05
1045.94
17074.82
1112.94
1052.86
1047.85
1034.02
1064.06
1046.90
1049.04
29142.14
1125.10
1081.94
1083.85
1046.90
1062.15
1054.05
1052.14
1046.90
1051.90
1049.04
17985.82
1106.02
1070.02
1073.84
1055.00
1055.96
1059.06
1070.02
1055.00
1055.96
1060.96
25155.07
1088.14
1069.07
1082.18
1070.02
1080.04
1073.12
1080.04
1073.12
1073.12
1070.98
25182.96
1085.04
1088.14
1089.10
1086.95
1096.96
1094.10
1100.06
1080.04
1096.96
29124.02
1123.91
1064.78
1055.96
1063.11
1060.96
1055.00
1050.00
1057.86
1078.84
1080.04
1072.88
25166.03
1080.99
10026.22
1162.05
1106.98
1088.86
1101.97
1091.96
1090.05
1094.10
1066.92
1046.90
1043.80
25079.97
1144.89
1098.87
1097.20
1112.94
1118.90
1092.20
1090.05
1086.95
1071.93
1074.08
1079.08
1070.02
1068.83
1065.97
25146.01
1125.81
1101.02
1095.06
1086.00
1062.15
1061.92
1060.96
1061.20
1055.96
1050.95
25113.11
1155.14
1109.12
1089.10
1097.92
1063.82
1057.86
1068.83
1063.82
1056.91
1054.05
25114.77
1127.00
1090.05
1082.18
1079.08
1067.88
1063.82
1068.83
1139.16
1074.08
1070.98
1054.05
1055.96
1073.12
1064.06
29165.98
1088.86
1082.90
1075.98
1096.96
1097.20
1091.96
25127.17
1112.94
1070.98
1065.02
1066.92
1052.14
1054.05
1050.00
1079.08
1071.93
1066.92
25100.95
1144.89
1082.90
1075.98
1084.09
1060.96
1052.14
21626.95
1136.06
1096.96
1088.86
1109.12
1088.14
1085.04
1092.20
1041.89
1062.87
1060.96
18635.99
1100.06
1058.10
1054.05
1050.00
1043.80
25084.02
1091.96
1042.84
1046.90
1051.90
1055.00
1050.00
1049.04
21162.03
1056.91
1047.85
1033.07
1046.90
1035.93
1034.02
25070.91
1088.86
1048.80
1039.98
1044.99
1036.88
1037.84
1035.93
25161.03
1102.92
1101.02
1106.02
1034.02
1034.02
1037.84
1045.94
1034.98
1033.07
1038.07
16813.99
1127.96
1096.01
1083.85
1099.82
1108.88
1107.93
1102.92
17182.83
1111.98
1091.96
1088.86
1080.99
1083.85
1080.04
1095.06
1049.04
1044.99
1045.94
33174.04
1090.05
1077.89
1070.02
1066.92
1079.08
1080.04
1102.92
1096.01
1111.03
1107.22
25221.82
1122.00
1113.18
1106.98
1090.05
1079.08
1066.21
1092.91
1127.96
1120.09
33155.92
1091.00
1044.99
1035.93
1034.98
1029.01
1027.11
1028.06
21130.08
1075.03
1053.81
1044.03
1064.06
1049.04
1052.14
1043.08
1081.94
1073.84
1067.88
25105.95
1118.18
1080.99
1063.82
1070.02
1067.88
1065.02
1071.93
1048.80
1029.97
1029.01
25058.03
1140.83
1098.87
1097.92
1086.95
1055.00
1064.78
1065.02
1084.09
1074.08
1085.04
25099.99
1163.01
1116.04
1106.98
1118.90
1112.94
1105.07
1107.93
1053.81
1050.00
1037.12
25062.08
1116.04
1073.84
1073.84
1072.88
1067.16
1071.93
1068.83
1080.04
1044.99
1052.86
1050.95
25186.06
1095.06
1086.95
1091.00
1083.85
1080.99
1086.95
25182.96
1101.02
1091.00
1111.03
1080.04
1082.18
1095.06
25172.00
1079.08
1050.00
1059.06
1106.98
1098.87
1092.91
21131.04
1158.00
1115.08
1109.12
1119.14
1104.12
1111.98
1101.02
1033.07
1038.07
1035.21
25069.95
1171.83
1118.90
1118.90
1096.96
1046.90
1050.00
1038.07
1055.00
1051.90
1042.13
25088.07
1086.95
1051.90
1041.89
1050.95
1039.03
1030.21
1044.03
25129.08
1092.91
1067.88
1072.88
1073.12
1044.99
1046.90
25084.97
1158.95
1097.92
1092.20
1096.96
1095.06
1086.95
1091.00
25184.15
1101.97
1093.15
1094.10
1096.96
1086.95
1092.91
21221.88
1113.89
1102.21
1102.92
1099.82
1096.01
1093.86
1083.85
1070.02
1080.04
1062.15
25172.00
1102.92
1091.96
1086.95
1050.00
1040.94
1053.81
1061.92
1067.16
1050.95
1054.05
25179.86
1111.03
1084.09
1089.10
1080.04
1080.99
1080.04
1102.92
1152.04
1158.00
1152.99
33200.03
1105.07
1096.96
1098.87
1089.10
1093.15
1086.00
1137.02
1120.09
1120.09
25146.01
1137.02
1088.86
1090.05
1085.04
1086.95
1079.80
1092.91
1114.85
1115.80
1106.98
25145.05
1122.95
1096.96
1096.96
1101.02
1094.10
1094.10
1103.16
1148.94
1150.85
21940.95
1143.93
1091.96
1086.00
1060.96
1069.07
1065.02
1075.98
9180.07
1120.09
1108.17
1109.12
1115.08
1111.98
1105.07
17171.86
1092.91
1078.13
1075.03
1069.07
1072.17
1070.02
1076.22
1070.02
1075.98
1067.88
25169.85
1083.85
1077.89
1074.08
1075.98
1074.08
1068.12
1075.03
1070.02
1075.03
1065.97
25162.94
1083.14
1070.98
1074.08
1077.89
1062.15
1073.12
1086.95
1070.02
1064.78
1067.88
25162.94
1078.13
1083.14
1075.98
1067.88
1060.01
1071.93
1070.98
1061.92
1065.02
1058.82
25171.04
1071.93
1070.02
1063.11
1080.04
1070.98
1067.88
1068.83
1071.93
1060.96
1065.97
25107.86
1106.98
1079.08
1072.88
1087.90
1063.82
1062.87
1068.83
1049.04
1050.00
1056.19
33107.04
1090.05
1049.04
1041.89
1049.04
1033.78
1034.02
1032.11
25178.91
1086.00
1075.03
1064.78
1038.07
1033.07
1029.97
25072.81
1132.01
1074.08
1075.03
1079.08
1068.12
1068.12
1074.08
21141.05
1071.93
1070.02
1059.06
1068.12
1055.96
1065.97
1055.00
1060.96
1070.02
1075.98
33171.89
1055.00
1038.07
1030.92
1097.92
1085.04
1086.00
1081.94
1077.89
1078.13
1075.98
29153.82
1118.90
1104.12
1106.02
1063.82
1063.82
1067.88
25120.02
1197.10
1162.05
1152.99
1159.91
1149.18
1150.13
25196.08
1187.09
1154.90
1155.85
1152.99
1148.94
1151.08
25208.00
1069.07
1048.09
1058.10
1149.18
1127.00
1138.21
1142.98
1134.16
1127.00
1131.06
25163.89
1081.23
1063.82
1070.02
1081.94
1071.93
1071.21
1080.04
1065.02
1072.17
1068.12
21202.09
1116.04
1101.97
1092.20
1095.06
1080.04
1111.03
25194.17
1095.06
1080.04
1086.95
1081.94
1090.05
1096.01
25137.19
1137.97
1096.96
1091.96
1116.04
1094.10
1098.87
25131.94
1093.86
1047.85
1039.98
1044.03
1034.98
1035.93
1024.01
21132.95
1080.99
1054.05
1055.96
1072.88
1056.91
1060.01
25085.93
1117.94
1078.13
1070.98
1074.79
1065.97
1065.97
1064.06
25192.02
1065.02
1050.00
1050.00
1062.15
1072.88
1075.98
21120.07
1120.09
1066.21
1065.02
1073.12
1097.92
1086.00
1084.09
1080.04
1072.17
1059.06
25090.93
1091.96
1046.90
1063.11
1075.03
1067.88
1080.04
1072.88
1102.21
1106.02
1104.12
25160.07
1122.00
1079.80
1075.03
1086.95
1075.03
1072.88
1070.02
1063.11
1050.95
1041.89
25089.03
1122.00
1065.02
1063.82
1065.97
1059.06
1046.90
1055.00
1083.85
1096.01
1086.95
25107.86
1119.85
1072.88
1057.86
1068.12
1069.07
1065.97
1075.03
1062.87
1080.99
1095.06
1095.06
21224.98
1163.01
1158.00
1112.94
1044.99
1055.00
1059.06
1077.18
1077.89
1075.98
25107.15
1141.07
1103.16
1096.96
1108.17
1115.08
1087.90
1080.04
1082.90
1085.04
1089.10
33123.97
1118.90
1072.88
1065.02
1037.84
1055.96
1055.00
1055.00
25191.07
1078.13
1060.01
1058.82
1070.02
1076.94
1073.12
1071.93
1071.93
1068.12
1065.97
25168.90
1080.99
1066.92
1070.98
1067.16
1065.02
1062.15
25098.09
1086.00
1050.00
1044.03
1047.85
1042.84
1035.93
1036.88
1086.00
1102.92
1088.14
41121.96
1080.99
1033.07
1036.17
1045.94
1036.88
1043.80
1041.89
25131.94
1105.07
1080.04
1085.04
1091.00
1075.03
1070.98
9112.12
1101.02
1057.15
1060.96
1070.02
1033.07
1045.94
1050.00
26890.99
1052.86
1042.84
1065.97
1070.02
1063.11
25144.10
1047.13
1033.07
1024.96
1101.02
1096.01
1103.16
1103.16
1111.03
1110.08
1108.17
25151.01
1054.05
1037.84
1035.93
1155.14
1160.14
1168.01
1172.07
1164.91
1163.01
25197.98
1111.03
1069.07
1061.92
1106.98
1162.05
1152.04
1157.05
1151.80
1149.89
1145.84
25203.94
1100.06
1080.04
1077.89
1147.03
1153.95
1150.13
1163.96
1151.80
1147.03
25183.92
1101.02
1060.96
1056.91
1061.92
1132.01
1113.89
1120.09
1124.14
1116.04
1124.14
25154.11
1086.00
1048.80
1034.98
1052.14
1080.99
1075.03
1080.04
1082.90
1065.97
1071.93
25096.89
1128.91
1076.94
1079.08
1183.99
1080.04
1080.04
1081.94
1088.86
1073.84
1068.83
17105.82
1135.11
1081.94
1087.90
1086.00
1087.90
1079.80
1079.08
21209.96
1174.21
1120.09
1120.09
1092.91
1083.85
1065.02
1022.10
1049.04
1059.06
1056.19
25196.08
1127.96
1110.08
1106.02
1093.15
1074.08
1053.09
1023.05
1049.04
1057.15
1064.06
25200.13
1129.15
1107.93
1104.83
1091.00
1075.03
1046.18
1028.06
1042.13
1044.99
1049.04
17217.87
1146.08
1131.77
1121.04
1102.92
1117.94
1116.04
25202.99
1122.00
1111.03
1108.88
1109.84
1108.88
1105.79
1106.02
1037.84
1060.01
33113.96
1157.05
1105.07
1081.94
1083.14
1065.97
1055.96
1053.09
1027.11
1075.98
1057.86
1063.82
21169.90
1091.96
1065.97
1065.97
1055.96
1050.00
1052.86
1066.92
1066.92
1065.02
1067.88
25201.08
1096.96
1082.90
1078.84
1068.83
1072.88
1073.84
21173.00
1122.00
1086.00
1060.01
1060.96
1051.19
1051.90
25102.85
1135.11
1111.03
1123.91
1127.96
1114.13
1101.02
1087.90
1078.13
1051.90
1044.99
25082.11
1109.12
1091.00
1107.93
1116.04
1123.91
1116.04
25143.86
1211.88
1179.93
1167.06
1122.00
1065.02
1049.04
1048.09
1057.15
1071.93
1080.99
25146.01
1159.19
1126.05
1109.12
1110.08
1086.00
1078.13
1055.96
1067.88
1089.81
1093.86
25152.92
1117.23
1070.02
1050.95
1121.04
1112.94
1102.92
1123.19
1105.07
1092.91
1080.99
25151.01
1069.78
1050.95
1060.01
1086.00
1088.86
1095.06
29161.93
1117.94
1062.15
1048.09
1063.11
1071.93
1071.93
1105.07
29168.13
1052.14
1043.08
1046.18
1044.99
1047.13
1044.03
25090.22
1114.13
1080.04
1070.98
1050.00
1061.92
1062.87
1069.78
25161.03
1059.06
1049.04
1049.04
1041.17
1042.13
1038.07
25080.92
1089.10
1044.99
1042.13
1059.06
1049.04
1047.13
1042.13
1048.09
1044.99
1050.00
1044.03
25172.95
1096.96
1084.09
1070.98
1095.06
1090.05
1089.10
1094.10
1082.90
1083.85
25110.96
1105.07
1052.14
1039.03
1048.80
1116.04
1116.04
1100.06
1116.99
1103.88
1109.12
25136.95
1161.10
1111.98
1106.98
1116.99
1108.17
1102.92
1108.88
1112.94
1102.92
1102.92
25141.00
1147.99
1103.16
1110.08
1125.10
1103.88
1101.02
1107.93
1103.88
1095.06
1091.96
25188.21
1122.00
1103.16
1109.12
1097.92
1102.92
1095.06
1096.01
1088.86
1088.86
1090.76
25194.88
1119.85
1101.97
1109.12
1105.07
1100.06
1089.10
1094.10
1086.95
1089.81
1086.00
25177.96
1096.96
1094.10
1096.96
1083.85
1083.85
1084.80
1080.04
1080.04
1075.03
1073.12
45126.20
1038.07
1029.97
1040.94
1066.21
1060.01
1068.12
21147.97
1086.95
1064.06
1058.10
1086.00
1056.91
1049.04
17080.78
1092.91
1056.91
1042.13
1054.05
1041.17
1035.93
1035.93
21126.03
1080.99
1055.96
1055.00
1070.98
1083.14
1088.14
33147.10
1122.00
1097.92
1083.14
1088.14
1082.90
1083.85
1075.03
1146.08
1113.89
1113.89
21155.12
1099.11
1064.06
1065.02
1115.80
1096.01
1106.98
25116.92
1183.03
1138.93
1116.99
1117.94
1065.02
1073.84
1084.80
1077.89
1088.86
1080.99
29109.95
1126.05
1075.03
1070.02
1062.87
1045.94
1059.06
1086.95
1094.82
1111.98
1116.04
17143.01
1149.89
1099.82
1091.96
1099.11
1096.96
1096.01
1095.06
1089.10
1096.01
1093.15
25145.05
1166.11
1121.04
1124.14
1131.06
1124.14
1113.89
33167.84
1105.07
1060.96
1060.01
1053.09
1061.92
1065.97
1060.96
25204.90
1113.89
1107.93
1111.03
1106.02
1104.83
1098.87
21178.96
1123.19
1099.82
1095.06
1090.05
1086.95
1095.06
1096.01
1108.17
1096.96
1099.11
25168.18
1080.04
1073.12
1078.13
1070.02
1073.12
1074.08
1068.12
1055.96
1055.96
1050.95
25174.86
1109.12
1076.94
1069.78
1060.01
1064.06
1062.15
1065.02
1055.00
1059.06
1051.90
29155.97
1115.08
1109.12
1098.16
1050.00
1049.04
1040.94
1068.12
1044.03
1039.03
1047.85
25113.82
1120.09
1090.05
1086.95
1094.10
1088.14
1086.95
25126.93
1152.04
1122.95
1117.94
1096.01
1090.05
1086.95
1088.86
1077.89
1076.94
1077.18
25115.01
1120.09
1093.15
1080.04
1084.09
1087.19
1077.89
1080.99
1088.14
1085.04
1080.04
25146.01
1090.05
1049.04
1044.99
1061.92
1042.13
1050.00
1046.90
1075.98
1070.02
1061.92
25099.99
1106.98
1050.00
1052.14
1050.95
1069.78
1064.06
1059.06
1068.12
1060.01
1059.06
1056.91
29233.93
1154.90
1145.84
1147.99
1135.11
1142.02
1142.02
25148.87
1078.84
1072.88
1075.03
1085.04
1066.92
1075.98
21173.00
1084.09
1072.17
1075.03
1074.08
1070.98
1060.96
1074.08
1064.06
1064.06
1057.86
25153.16
1080.99
1069.07
1044.99
1072.88
1061.92
1065.97
1065.02
1111.98
1122.24
1116.99
25231.12
1108.17
1087.90
1087.90
1060.96
1055.00
1063.82
1070.02
1061.92
1072.17
1060.01
25142.19
1086.00
1064.06
1067.16
1080.04
1064.06
1058.82
25084.97
1120.09
1083.14
1075.03
1079.80
1076.94
1078.13
1073.12
25177.00
1086.00
1080.99
1082.90
1077.18
1075.98
1074.08
25137.90
1158.00
1113.89
1114.85
1036.88
1051.19
1049.04
1054.05
1049.04
1049.04
1049.04
25098.09
1089.10
1049.04
1040.94
1044.03
1040.22
1038.07
1036.88
9418.96
1094.82
1080.04
1060.96
1107.93
1106.02
1081.94
17166.14
1101.97
1082.18
1085.04
1082.18
1082.90
1083.85
17140.15
1141.07
1099.11
10177.14
1086.00
1075.98
1070.98
1055.00
1065.97
1065.02
17094.85
1101.97
1071.93
1065.02
1070.98
1068.12
1061.92
25085.93
1123.91
1091.00
1074.08
1089.10
1087.90
1075.03
1084.09
1105.07
1105.07
1100.06
24286.99
1111.98
1052.14
1042.13
1049.04
1050.00
1060.01
1075.03
1090.05
25214.20
1121.04
1114.13
1110.08
1101.02
1098.16
1096.01
37142.04
1076.94
1062.15
1060.01
1064.06
1068.12
1056.19
25115.97
1196.15
1156.09
1151.08
1094.10
1043.08
1044.99
21080.02
1168.01
1110.79
1105.07
1105.07
1070.02
1065.02
1072.17
1075.98
1074.79
1071.93
29098.99
1164.91
1137.97
1120.09
1145.12
1147.99
1139.88
1147.99
1137.02
1142.02
1141.07
25205.14
1084.09
1077.89
1073.84
1147.99
1172.07
1167.06
1172.78
1169.92
1164.91
25197.03
1137.97
1106.02
1103.88
1109.84
1109.84
1106.02
1119.85
1123.91
1115.08
1124.14
25202.04
1133.20
1122.00
1121.04
1129.87
1115.08
1127.00
1131.06
1118.90
1134.87
1127.96
21183.01
1108.88
1100.78
1096.96
1064.06
1064.78
1057.86
1075.98
1065.02
1072.17
1069.07
25192.02
1111.03
1096.96
1101.02
1096.01
1092.91
1090.76
1067.88
1050.00
1045.94
1047.85
33144.95
1052.14
1047.13
1055.96
1043.80
1040.94
1039.98
21090.98
1150.13
1088.14
1088.86
1098.87
1086.95
1084.09
25135.04
1149.18
1099.11
1094.10
1099.11
1091.96
1090.05
1087.19
25180.10
1093.15
1082.90
1079.80
1081.94
1091.96
1080.99
25177.96
1106.02
1070.02
1065.97
1069.07
1064.06
1073.12
1073.12
1059.06
1063.11
1069.07
25192.98
1107.93
1095.06
1109.12
1096.01
1087.90
1088.14
1086.00
1078.13
1076.94
1076.94
25185.11
1111.98
1103.88
1098.16
1085.04
1088.14
1089.10
1086.00
1084.80
1080.99
1078.13
25182.01
1108.88
1097.92
1094.10
1088.14
1090.05
1088.14
1094.10
1100.06
1085.04
1083.14
25198.94
1113.89
1099.82
1108.88
1092.91
1090.05
1086.00
25192.02
1108.17
1093.86
1096.01
1091.96
1087.90
1091.00
21183.01
1070.02
1054.05
1044.99
1059.06
1050.95
1044.03
29083.97
1139.88
1096.01
1083.14
1091.96
1085.04
1090.05
1095.06
15999.08
1096.01
1077.18
1066.92
1067.88
1055.96
1062.15
1064.06
33108.95
1118.90
1084.09
1074.08
1087.19
1076.94
1063.82
1070.02
1146.08
1095.06
1073.84
1082.90
1082.18
1075.98
1075.98
1086.00
1039.03
1054.05
1071.93
33209.09
1125.10
1113.18
1115.08
1101.02
1080.04
1062.87
25178.91
1129.15
1116.99
1127.96
1105.07
1101.02
1101.02
17202.85
1116.04
1090.05
1075.03
1116.04
1111.98
1110.08
21196.13
1075.98
1054.05
1052.86
1087.90
1075.98
1068.83
1065.97
1055.00
1054.05
1079.08
25140.05
1098.16
1055.96
1047.85
1073.84
1067.88
1064.78
1055.96
1063.11
1063.11
1079.08
25146.96
1108.88
1054.05
1053.09
1044.99
1092.20
1074.08
1068.12
1065.02
1050.00
1055.00
25120.02
1110.79
1057.86
1051.90
9102.11
1116.04
1066.92
1044.99
1078.84
1087.90
1080.04
21116.02
1134.16
1066.92
1055.96
1053.09
1067.16
1081.94
1100.78
1111.98
1114.13
1122.95
25156.97
1185.18
1123.91
1097.92
1084.09
1063.11
1049.04
1045.94
1073.12
1091.00
1098.16
25130.99
1169.92
1132.97
1116.99
1122.95
1116.04
1104.12
1084.09
1073.12
1054.05
1047.13
25094.03
1132.01
1106.02
1109.12
1129.87
1120.81
1122.00
1136.06
1104.12
1091.00
1072.88
25151.97
1069.07
1063.11
1070.98
1096.01
1095.06
1104.12
1125.10
1115.08
1122.00
1115.08
25196.08
1100.78
1076.94
1061.20
1077.89
1079.08
1080.04
1081.94
1080.04
1078.84
1086.95
25218.01
1098.87
1082.90
1055.00
1081.94
1086.95
1083.14
1089.10
1085.04
1077.89
1078.84
25223.02
1109.12
1081.94
1072.17
1086.00
1083.85
1083.85
1088.86
1078.84
1081.94
1086.00
25240.90
1116.99
1094.10
1063.11
1075.03
1073.12
1080.99
1077.89
1068.12
1068.12
1071.93
21164.89
1070.02
1066.92
1097.92
1096.01
1111.98
1108.17
25208.95
1104.83
1090.05
1100.06
1091.96
1088.86
1090.05
25141.00
1131.06
1104.12
1091.00
1101.02
1086.95
1096.01
25130.99
1120.81
1096.01
1080.99
1092.91
1088.14
1091.96
1076.94
1036.17
1054.05
1051.90
25089.03
1120.09
1061.92
1054.05
1058.10
1037.12
1030.92
1042.84
1050.95
1036.17
1034.98
1044.99
25146.01
1056.19
1046.90
1048.80
1047.85
1051.90
1051.90
1047.13
1096.96
1111.03
1120.09
41193.01
1083.14
1055.00
1070.98
1098.87
1093.86
1086.95
17144.20
1127.96
1095.77
1091.00
1110.08
1115.08
1108.88
1096.96
1075.98
1061.92
1056.91
25104.05
1127.00
1092.91
1096.01
1086.95
1112.94
1117.94
1125.81
1106.02
1083.14
1080.99
25161.98
1101.02
1094.10
1090.05
1060.01
1094.10
1109.12
1116.99
1117.94
1102.92
1122.00
29191.97
