1505.14
1441.96
17625.81
1493.93
17533.06
1513.00
1470.09
21600.01
1535.89
1442.91
13659.95
1466.04
17571.93
1549.01
1449.11
17651.08
1489.88
13550.04
1549.96
1471.04
1451.02
1422.88
1418.83
25685.07
1485.82
13551.00
1515.15
1446.01
17562.87
1538.99
1454.83
9605.88
1456.98
13551.00
1526.12
1446.01
1450.06
1457.93
1445.06
25660.04
1490.83
17590.05
1541.14
1502.04
17767.91
1472.00
1449.11
1458.17
1435.04
17550.95
1518.96
1444.10
1449.11
1414.78
17478.94
1548.05
1449.11
1449.82
1431.94
1420.97
17611.03
1472.00
1444.10
1461.03
1430.99
17570.02
1562.12
1472.00
1457.93
1436.95
1430.03
17623.90
1457.93
1473.90
1424.79
1420.97
17534.97
1514.20
1446.01
1454.11
1434.09
17480.13
1568.08
1452.92
1454.83
1453.88
1425.98
25668.14
1490.12
13540.98
1538.04
1458.88
1453.88
1436.00
1428.13
25659.08
1481.06
13521.91
1538.04
1474.14
1443.15
1431.94
1420.97
25965.93
1508.00
13575.08
1515.87
1456.98
1453.88
1415.97
1420.02
25645.02
1470.09
13578.18
1508.00
1435.04
1439.09
1418.11
1418.11
22861.96
1497.03
1448.87
15369.18
6726.98
1501.08
1445.06
16751.05
1527.07
1455.07
16687.87
1595.02
1461.03
1443.15
16938.92
1468.90
1436.95
12114.05
1508.95
1449.11
21837.00
1522.06
1444.10
1455.07
16783.95
1482.01
1470.80
20365.95
1521.83
1438.86
1467.94
16747.95
1502.99
1460.08
1425.98
16866.92
1498.94
1449.11
16820.91
1504.90
1449.82
16741.99
1528.98
1470.09
1438.14
16888.14
1564.98
1451.02
11755.94
1475.81
1466.99
16741.99
1521.11
1441.00
1437.90
21925.93
1477.00
1443.15
12214.90
1473.90
1440.05
16817.09
1489.16
1448.15
16745.09
1565.93
1470.09
16867.16
1597.88
1480.10
17163.04
1596.93
1476.05
1449.11
21946.19
1481.06
1466.04
15552.04
1551.87
1442.91
1468.18
16757.01
1527.07
1489.16
1429.08
16837.12
1487.02
1450.06
16833.07
1490.12
1443.15
16733.88
1546.14
1457.93
1437.90
16852.14
1487.02
1445.06
16819.95
1506.09
1444.10
11698.01
1547.81
1478.91
1441.96
16857.15
1528.98
1503.94
26999.95
1492.98
1466.99
16783.00
1523.02
1464.84
16687.87
1591.92
1466.99
1430.99
11771.92
1472.95
1456.02
16768.93
1528.98
1471.04
16702.18
1596.93
13502.12
1589.06
1451.02
1466.04
16590.12
1464.13
12953.04
1580.95
1444.82
12151.96
1581.91
1473.90
1448.87
16831.16
1484.16
1475.10
16756.06
1533.99
1456.02
16980.89
1540.90
1442.91
17252.92
1532.08
1452.92
1450.06
16861.20
1479.15
1466.04
16566.04
1513.00
2282.86
16379.83
1487.97
1459.84
1437.90
16823.05
1484.87
1490.83
16854.05
1518.01
1570.94
15511.04
11831.05
1490.12
1464.84
7135.87
1478.91
1437.90
16744.85
1528.98
1472.95
1430.99
16805.89
1484.87
1464.84
21927.83
1498.94
1436.00
17255.07
1482.01
1427.89
20902.87
1544.00
1452.92
9634.97
1477.00
17492.06
1572.13
1450.06
21578.07
1535.89
1472.95
9629.96
1470.09
13564.11
1521.83
1445.06
1444.10
1436.95
1434.09
25649.07
1492.98
13576.03
1518.96
1482.96
1451.02
1430.03
1416.92
25647.16
1459.84
13561.96
1536.85
1442.91
1454.83
1452.92
1430.03
25681.97
1507.04
13597.01
1547.10
1457.93
1441.00
1439.09
1422.17
29675.01
1462.94
1443.86
1449.11
1428.84
25599.00
1493.93
1432.90
13643.03
1455.07
1442.91
1422.88
1416.92
25564.19
1532.08
1442.91
13659.95
1461.03
1467.94
1439.81
1420.97
25575.16
1517.06
1472.95
17663.00
1469.85
17576.93
1528.98
1435.04
1441.00
1429.08
1422.17
25650.02
1466.04
13561.96
1504.90
1438.86
1446.96
1426.94
1409.77
25655.98
1468.90
13551.95
1515.87
1446.96
1443.86
1421.93
1430.03
25654.08
1474.14
13545.99
1523.97
1441.00
13598.92
1475.10
1446.01
17693.04
1572.13
17591.00
1512.05
1450.06
17665.15
1478.20
17553.09
1528.98
1451.02
17668.96
1478.91
17479.90
1578.09
1446.96
13551.95
1515.87
1462.94
1453.88
1425.03
1417.88
25640.96
1462.94
13586.04
1513.00
1447.20
1450.06
1418.11
1440.05
25686.03
1459.12
17581.94
1534.94
1467.94
17676.83
1477.96
17575.98
1559.02
1458.17
17659.90
1490.12
17519.00
1589.06
1461.98
1465.08
1441.96
1423.84
25651.93
1482.01
13535.02
1544.00
1451.02
1446.01
1447.92
1450.06
25667.19
1482.01
13558.86
1533.99
1451.97
17573.12
1557.11
1498.22
17646.07
1471.04
17572.88
1548.05
1455.07
17654.18
1489.16
21548.99
1529.93
1471.04
9551.05
1503.94
1447.92
13663.05
1468.90
1438.86
1441.00
1418.11
25558.95
1529.93
1439.09
13647.08
1463.17
13540.98
1521.83
1440.05
17630.10
1477.00
1436.00
17604.83
1454.11
17565.97
1513.00
1442.91
25693.89
1473.90
13536.93
1528.98
1446.96
17724.04
1522.06
1460.08
1610.99
1451.97
13584.85
1526.12
1457.93
1463.89
1441.00
25463.10
1620.05
1451.02
13567.21
1505.14
1453.16
1456.02
1422.17
1420.02
25686.98
1475.10
13574.12
1518.96
1440.05
1446.96
1420.02
1417.88
25644.06
1474.14
17575.03
1519.92
1451.97
17663.00
1472.95
1461.03
1430.03
1429.80
25568.96
1533.03
1436.95
13696.91
1466.04
1466.04
1444.82
1425.03
21567.11
1535.89
1456.02
1451.97
1442.91
25510.79
1583.10
1458.88
1450.78
1435.04
1425.98
29678.82
1491.07
1453.16
1450.06
1429.08
25572.06
1549.96
1454.11
13660.91
1467.94
1450.06
1444.82
1421.93
25591.14
1529.93
1481.06
13655.90
1462.94
1448.87
1422.88
1417.88
25553.94
1518.01
1433.13
13636.11
1520.16
1515.15
1445.06
1435.04
25573.97
1537.08
1459.84
13669.97
1469.85
1450.06
1436.00
1440.05
25570.87
1538.99
1457.93
21685.84
1477.00
17580.99
1541.85
1449.82
17681.84
1474.14
17543.08
1545.19
1451.02
17563.82
1512.05
1462.94
17667.06
1461.98
17576.93
1518.01
1446.01
17642.97
2295.97
17651.08
1482.01
17503.98
1563.07
1447.20
21560.91
1525.16
1448.15
9612.08
1466.04
13525.96
1536.85
1459.84
1450.06
1438.14
1437.90
25661.95
1481.06
13550.04
1539.23
1467.94
1451.02
1435.04
1434.09
25652.89
1496.08
13648.99
1761.91
1450.06
1451.02
1444.82
25491.95
1586.91
1460.08
13556.96
1515.87
1431.94
1447.92
1434.09
1418.11
25639.06
1460.08
13565.06
1514.20
1445.06
1438.86
1414.06
1415.97
25645.97
1484.87
13568.88
1502.99
1440.05
1446.01
1425.03
1422.88
25668.14
1477.96
13580.08
1514.91
1441.96
1453.88
1431.94
1446.96
25612.12
1455.07
13556.00
1503.94
1436.00
13612.99
1461.98
1433.85
1590.01
1454.83
17544.98
1518.01
1445.06
17642.97
1461.98
17526.87
1534.94
1441.96
17545.22
1508.00
1436.95
17633.91
1454.11
17540.93
1526.83
1444.82
17575.03
1508.95
1439.09
13631.82
1457.93
1448.87
1430.03
1420.97
29581.79
1528.02
1436.00
1446.01
1439.81
25523.90
1563.07
1452.92
13573.88
1512.05
1440.05
1435.04
1420.02
25472.16
1605.99
1445.06
13556.00
1518.01
1451.97
1452.92
1436.95
25471.21
1592.87
1443.86
13570.79
1516.10
1441.96
1441.00
1427.17
1413.11
25655.98
1469.14
13561.01
1516.10
1451.02
1444.82
1431.94
1430.03
25648.12
1472.00
13565.78
1527.07
1448.15
1442.91
1430.99
1430.03
25648.83
1472.00
13563.87
1509.90
1450.06
1461.98
1428.84
1425.98
25678.16
1489.16
13573.17
1521.11
1442.91
1451.02
1425.98
1427.17
25643.11
1470.09
13566.97
1516.82
1451.97
1453.16
1421.93
1429.08
25666.95
1477.00
13574.84
1521.11
1451.02
1452.92
1428.13
1427.17
25654.08
1477.00
13579.85
1512.05
1448.15
1449.11
1425.98
1431.94
25647.16
1466.04
13579.85
1518.96
1449.11
1462.94
1438.14
1427.89
25659.08
1474.14
13587.95
1518.96
1445.06
1451.97
1431.94
1429.08
25650.98
1478.20
13577.94
1515.15
1441.96
1457.93
1436.00
1424.07
25665.04
1468.90
13579.85
1528.98
1450.06
1453.88
1428.13
25481.94
1605.99
1466.99
13574.84
1513.00
1446.01
1445.06
1425.03
1424.79
29664.04
1470.80
17581.94
1526.12
1461.98
17652.03
1470.09
17577.89
1523.97
1454.11
17642.97
1487.02
1441.00
17619.13
1467.94
17585.04
1520.87
1447.92
17661.09
1473.90
17545.94
1531.84
1442.91
17570.02
1512.05
1454.83
1453.88
1430.99
25540.11
1544.00
1463.17
13557.91
1492.98
1442.91
1448.15
1438.14
25515.08
1549.96
1459.12
13566.97
1526.12
1459.12
1454.11
1438.14
25523.90
1562.12
1450.06
13558.86
1520.87
1446.01
1446.01
1433.85
25514.84
1579.05
1461.03
13566.97
1527.07
1438.86
1451.02
1438.14
25494.10
1576.19
1455.07
13549.09
1512.05
1441.00
1446.96
1433.85
25472.88
1604.08
1456.98
13578.89
1523.97
1451.97
1445.06
1431.94
25461.20
1615.05
1461.98
13572.93
1509.90
1454.11
1453.88
1428.13
1432.18
25640.01
1456.98
17575.98
1533.99
1442.91
17658.00
1492.02
17562.87
1538.04
1441.00
17605.07
1499.89
1450.78
17639.88
1472.95
17560.96
1521.83
1450.06
17653.94
1471.04
17543.08
1531.12
1454.11
17564.06
1515.87
1446.96
13661.15
1465.08
1446.96
1428.13
1425.98
29580.83
1538.04
1450.06
1450.06
1430.03
25521.04
1555.92
1453.88
13588.91
1514.91
1440.05
1446.01
1426.22
25527.95
1564.98
1447.92
13568.16
1513.00
1435.04
1455.07
1433.85
25482.89
1605.99
1464.84
13562.92
1514.91
1446.01
1461.03
1431.94
25480.99
1593.11
1455.07
13566.02
1507.04
1454.83
1451.02
1438.14
25478.12
1605.03
1461.98
13574.84
1518.01
1447.92
1449.11
1433.85
25479.79
1609.09
1467.23
13566.02
1518.96
1449.11
1446.96
1426.94
25470.97
1597.88
1461.03
13571.02
1513.96
1446.01
1448.87
1425.98
1427.89
29639.01
1472.95
1449.82
1440.05
1429.08
25638.10
1487.02
13473.99
1610.04
1461.03
1451.02
1437.90
1432.90
25655.98
1497.03
13511.90
1596.93
1465.80
1451.97
1443.15
1430.99
25648.83
1480.10
13534.07
1547.81
1456.98
1456.98
1441.96
1430.99
29681.92
1494.88
13543.84
1543.05
1453.88
17571.93
1520.87
1453.88
13656.85
1461.98
17571.93
1524.93
1451.02
17648.94
1477.96
17525.91
1544.00
1456.98
13564.11
1513.00
1456.02
1459.12
1438.14
29505.01
1600.03
1454.11
1459.12
1446.96
1441.96
25658.13
1488.92
13540.98
1524.93
1458.88
1451.02
1435.04
1435.04
29685.02
1490.83
17555.95
1534.94
1454.11
17577.17
1516.10
1456.98
17668.96
1481.06
17580.99
1528.98
1446.01
13659.95
1474.86
1456.98
1446.01
1430.03
25557.99
1532.08
1445.06
13645.89
1475.81
1455.07
1434.09
1438.14
25557.99
1536.13
1456.98
17651.08
1478.20
17569.07
1538.99
1461.98
17599.11
1510.14
1451.02
17649.89
1465.80
17581.94
1523.02
1454.11
1456.02
1431.94
1426.94
25654.08
1473.90
13574.12
1514.91
1455.78
1461.03
1436.00
1428.84
25646.92
1474.86
13572.93
1597.88
1457.93
17663.00
1474.14
17564.06
1530.89
1456.02
17639.88
1483.92
1451.97
17635.11
1466.99
21564.96
1528.02
1451.97
9624.00
1472.95
13544.08
1533.99
1457.93
1451.97
1436.95
1428.84
25656.94
1466.99
13560.77
1522.06
1452.92
13558.15
1513.96
1453.16
17655.13
1481.06
17561.20
1518.01
1449.82
17638.92
1489.88
25530.82
1564.98
1455.07
13575.08
1523.02
1457.93
17662.05
1484.87
17571.93
1529.93
1454.83
1457.93
1446.96
1446.96
25666.00
1484.16
13573.17
1960.04
1491.07
1448.87
1445.06
25557.99
1533.03
1452.21
9623.05
1461.98
13497.11
1564.03
1446.01
1451.02
1438.86
1428.84
25640.96
1491.07
17474.17
1582.86
1451.02
17580.99
1528.02
1450.06
1448.15
1441.00
1425.98
25645.02
1474.14
13581.04
1516.82
1452.92
1443.86
1432.90
1426.94
25642.87
1468.90
13572.93
1518.96
1446.01
1454.11
1437.19
1430.03
25653.12
1466.99
13563.16
1517.06
1446.01
1453.16
1441.00
1426.22
25649.07
1471.04
17570.97
1524.93
1459.12
13631.11
1479.15
17543.08
1515.87
1456.02
17569.07
1516.10
1446.96
17653.94
1476.05
17569.07
1521.83
1451.02
17646.07
1482.01
17524.00
1549.96
1460.79
17565.01
1521.11
1441.00
17661.09
1478.20
17570.02
1530.89
1447.92
13635.16
1466.04
1433.85
1451.97
1433.85
25537.97
1535.18
1460.08
13634.92
1486.06
1434.80
1442.91
1420.02
25560.14
1536.85
1461.03
13638.02
1477.00
1450.06
1447.92
1429.08
25541.78
1533.99
1458.88
13611.79
1475.10
1436.95
1440.05
1430.99
25547.98
1539.95
1444.10
13606.07
1485.82
1444.82
1451.97
1439.81
25542.97
1538.99
1456.02
13592.96
1498.94
1444.10
1451.02
1441.00
25545.12
1545.91
1452.92
13590.10
1501.08
1437.90
1447.92
1436.00
25542.02
1533.99
1451.02
13567.92
1511.10
1453.16
1450.06
1420.97
33534.05
1555.92
1457.21
17591.00
1520.87
1447.92
17649.89
1470.09
13585.09
1519.20
1458.88
1455.07
1430.03
1423.84
25671.01
1484.16
13576.98
1518.01
1439.09
1446.01
1430.03
1430.03
25655.03
1490.83
13581.04
1519.20
1451.97
1451.97
1432.18
1453.16
25653.12
1476.05
17571.93
1514.91
1456.02
17650.13
1485.11
13550.04
1525.88
1451.02
17580.99
1515.15
1449.11
17657.04
1457.93
17563.82
1528.02
1441.96
13644.93
1477.00
1459.12
1445.06
1432.90
29577.02
1547.81
1456.02
1455.07
1436.00
1433.85
25644.06
1483.20
13577.94
1524.93
1447.92
1452.92
1435.04
1439.09
29659.99
1478.91
17572.88
1523.02
1447.92
17666.10
1481.06
17575.98
1532.08
1451.02
17610.79
1500.13
1441.00
13638.02
1465.08
1454.11
1439.09
1436.23
25619.98
1497.98
1453.88
13645.89
1467.94
17571.93
1520.87
1448.87
9617.81
1470.09
17524.96
1529.93
1451.02
17571.21
1519.92
1455.07
17645.12
1466.99
17554.04
1524.21
1453.88
17650.13
1488.92
1461.98
1448.15
1430.03
25542.02
1528.98
1447.92
13637.07
1477.96
1463.17
1445.06
1437.19
25539.16
1527.07
1449.82
13659.95
1483.92
17503.02
1567.13
1453.16
17560.01
1518.01
1448.15
17654.18
1474.14
17554.04
1538.04
1452.92
21620.04
1487.02
1447.92
9598.02
1462.94
13553.86
1507.04
1430.03
1457.93
1429.80
1433.85
25645.97
1472.00
13570.07
1523.02
1441.00
13622.05
1475.10
17508.03
1566.89
1455.07
17558.10
1517.06
1444.10
17643.93
1481.06
21578.07
1540.18
1455.07
13620.14
1481.06
1444.82
17642.97
1473.90
17561.20
1525.16
1446.96
13653.04
1478.20
1456.02
1435.04
1425.98
25556.09
1531.84
1456.02
13661.15
1475.10
1462.94
1437.19
1437.90
25568.01
1532.79
1451.97
13667.11
1481.77
1461.98
1439.81
1430.03
25565.15
1533.99
1452.92
17668.01
1477.00
25571.82
1552.10
1451.02
9623.05
1464.84
13465.88
1595.02
1461.03
1465.80
1438.86
1430.03
25653.12
1479.86
13499.02
