1445.06
1391.89
9451.87
1430.03
1365.90
9480.00
1405.95
1381.87
9549.86
1417.88
9426.12
1527.07
1429.08
9449.96
1428.13
1369.24
5455.97
1441.00
1375.20
1387.12
1367.09
1348.02
21680.83
1398.09
3901.96
1460.08
8468.15
1428.13
1373.05
1384.97
1383.07
1363.04
17578.84
1412.87
1380.92
1384.97
1370.19
17461.06
1513.00
1399.04
1404.05
1376.87
1363.99
17481.09
1459.84
1401.90
1388.07
1364.95
1371.86
17577.89
1405.00
1389.03
1379.01
1363.04
17480.85
1451.97
1385.93
1377.82
1364.95
1356.84
17489.91
1456.98
1388.07
1388.07
1371.15
1367.09
17592.19
1395.94
1382.11
1379.97
1360.89
17467.98
1464.84
1430.99
1466.99
1384.02
1371.86
17582.89
1435.04
1384.02
1405.95
1379.01
17463.92
1485.82
1389.98
1394.03
1380.92
1365.90
17514.23
1463.17
1399.99
1380.92
1363.04
1358.03
17576.93
1404.05
1389.98
1379.01
1365.90
17471.08
1474.14
1389.03
1424.79
1384.02
1381.16
17493.01
1459.84
1378.06
1392.13
1365.90
1360.89
17596.01
1415.01
9500.98
1457.93
1393.08
1404.05
1374.96
1390.22
17535.92
1441.96
1412.87
1409.05
1369.00
1361.85
17556.91
2183.91
1399.04
1372.10
1358.99
17634.87
1418.11
1385.93
1411.91
1365.90
17495.87
1457.93
1379.01
1392.13
1363.04
1365.18
17596.01
1411.91
1382.11
1389.98
1368.05
17436.98
1522.06
1378.06
1373.05
1379.01
1360.18
17504.93
1477.00
1390.93
1387.12
1359.94
1356.84
17592.91
1427.89
9439.95
1524.93
1394.03
1402.85
1376.87
1386.88
17484.90
1463.89
1384.02
1394.99
1358.03
1352.07
17580.99
1394.99
1386.88
1389.03
1364.95
17477.04
1477.00
1379.97
1374.01
1378.06
1369.00
17502.07
1450.06
1385.93
1385.93
1365.90
1359.94
17596.01
1399.04
1379.01
1384.97
1359.94
17502.07
1519.92
1523.97
1406.91
1396.89
1385.93
17588.14
1410.01
1394.03
1381.16
1368.05
17483.95
1464.84
1384.02
9478.09
1436.95
1375.91
1379.01
1375.91
1357.08
17582.18
1415.01
1411.91
1395.23
1359.94
17417.91
1495.12
1381.16
1377.11
1377.11
1353.98
17481.09
1451.97
1382.11
1388.07
1371.86
1376.87
17601.01
1419.07
1396.18
1389.03
1386.88
17485.86
1482.01
1401.90
1397.13
1374.01
1361.85
17505.88
1456.02
1381.87
1377.82
1363.04
1369.00
17624.86
1399.04
1393.08
1365.90
1348.97
17479.90
1463.89
1410.01
9480.95
1438.14
1374.01
1374.01
1349.93
1354.93
17589.81
1409.05
1394.03
1376.87
1372.10
17488.00
1467.94
1416.92
1404.05
1388.07
1382.11
17563.10
1433.85
1380.92
1400.95
1370.19
1378.06
17584.09
1410.96
1383.07
1368.05
1378.06
17499.21
1446.96
1381.87
1382.83
1362.09
1362.09
17603.16
1403.09
1374.01
1374.96
1357.08
17401.93
1504.90
1379.97
1374.01
1357.08
1353.03
17472.98
1460.08
1371.15
9464.98
1440.05
1371.15
1378.06
1384.02
1381.87
17606.97
1415.97
1390.93
1394.03
1380.92
25498.87
1467.94
1461.98
1436.00
1374.96
1362.09
1378.06
1370.91
1357.08
17593.86
1402.85
1375.91
1370.91
1365.18
17477.99
1467.94
1401.90
1387.83
1360.89
1359.94
17483.00
1444.10
1372.10
1379.01
1358.99
1349.93
17576.93
1415.01
1384.97
1365.18
1375.91
17493.96
1478.91
1387.83
1390.93
1374.01
1367.09
25557.99
1448.87
1390.93
1418.11
1384.02
1377.11
1385.93
1378.06
17462.97
1488.92
1388.79
1389.03
1392.13
1363.04
17531.16
1447.92
1388.07
1388.79
1370.91
1354.93
17583.13
1405.95
1401.19
1373.05
1374.01
17525.91
1464.84
1383.07
1394.99
1375.91
1374.01
17570.02
1422.88
1399.99
1382.11
1379.01
1362.09
17564.06
1407.15
1402.14
1374.96
1365.90
17498.02
1461.98
1390.93
1399.99
1384.97
1368.05
25611.16
1419.07
1397.85
1395.94
1367.81
1362.09
1384.02
1359.94
17488.00
1467.23
1384.02
1372.81
1351.83
1354.93
17480.85
1448.87
1385.93
1385.93
1360.18
1351.12
17594.10
1389.98
1373.05
1366.14
1357.08
17493.96
1457.93
1389.98
1389.98
1375.91
1382.83
17535.92
1451.02
1383.07
1409.05
1374.96
1369.95
17590.05
1423.12
1443.15
1444.10
1389.98
17519.95
1441.00
1379.97
1383.07
1357.08
1350.88
25594.95
1398.09
1409.05
1376.15
1371.15
1362.09
1354.93
1355.17
17467.98
1460.08
1384.02
17499.92
1445.06
1372.10
1394.03
1358.99
1371.15
1366.14
1342.06
1357.79
17604.11
1405.95
1389.98
1374.01
1374.96
18352.99
1418.83
1391.89
1371.86
1373.05
17503.98
1481.06
1394.03
1397.85
1386.88
1372.10
17570.02
1425.03
1373.05
1382.11
1364.95
1359.94
17588.14
1392.13
1372.10
1379.01
1358.03
25516.99
1481.06
1381.16
1415.97
1393.08
1436.00
1612.90
1379.01
17427.92
1516.10
1378.06
1388.07
1358.99
1357.08
17503.98
1461.03
1382.83
1389.03
1369.00
1366.14
17601.97
1414.06
1379.01
1373.05
1369.00
17466.07
1478.91
1392.13
1390.93
1380.92
1389.98
17512.08
1471.04
1387.12
1382.11
1363.99
1355.89
17586.95
1414.78
1393.08
1362.09
1353.98
17488.00
1430.99
1364.95
1370.91
1359.94
1348.02
25501.97
1448.87
1370.91
1385.93
1355.89
1344.92
1386.17
1348.02
14950.04
1399.04
9457.83
1441.96
1376.87
9457.83
1434.09
1363.99
9449.96
1416.92
1370.91
9513.85
1395.94
1365.90
9523.87
1386.88
9423.97
1435.04
1374.96
9452.10
1426.94
1386.17
9444.95
1417.88
1364.95
9503.84
1404.05
1363.04
9525.06
1386.88
9420.87
1442.91
1379.01
9438.04
1423.12
1374.01
9444.95
1422.88
1370.91
5512.00
1391.89
1364.95
1371.86
1350.88
1348.97
21572.11
1396.18
9450.91
1446.96
1377.11
9448.05
1431.94
1366.14
9447.10
1430.99
1369.00
9523.87
1399.99
1381.16
9511.95
1388.07
9439.95
1432.90
1374.01
9446.86
1425.03
1369.00
9449.01
1455.07
1384.97
9521.01
1387.83
1365.90
9505.03
1389.98
9428.02
1435.04
1374.96
9448.05
1431.23
1369.00
9445.19
1433.13
1377.11
9510.99
1394.03
1365.90
5530.83
1370.91
1369.95
1377.11
1355.89
21452.19
1455.07
1375.20
9468.08
1441.96
1374.96
9505.03
1398.09
1372.10
9534.12
1396.18
9401.08
1466.04
1369.95
9436.13
1437.19
1372.10
9438.99
1420.02
1372.10
9456.16
1421.21
1366.14
9521.96
1390.93
1366.14
9510.04
1380.92
9433.03
1434.09
1379.97
9439.95
1420.02
1378.06
9437.08
1413.82
1366.85
9504.08
1389.98
1356.84
9516.00
1384.97
5433.08
1439.09
1381.16
1377.11
1367.09
1351.12
21456.96
1452.92
1369.95
9454.97
1414.06
1361.85
9528.88
1394.03
1361.13
9510.99
1384.02
9428.02
1431.94
1369.00
9446.14
1430.99
1374.01
9444.00
1415.01
1364.95
9505.03
1410.01
1364.95
9529.83
1400.95
9429.93
1433.85
1375.91
9436.85
1436.00
1365.90
9436.85
1417.88
1383.07
9510.04
1393.08
1367.09
9516.00
1384.02
9393.22
1467.94
1375.91
5455.02
1423.12
1368.05
1376.87
1363.99
1348.97
21472.93
1437.90
1384.02
5527.97
1380.92
1365.90
1370.19
1353.98
1355.89
21560.91
1394.99
9459.02
1437.90
1367.09
9447.81
1432.90
1362.09
9500.98
1400.95
1356.84
9531.97
1374.01
1366.85
9476.90
1373.05
9449.01
1434.09
1373.05
9438.99
1419.07
1360.89
9443.04
1417.16
1379.97
9510.04
1389.98
1368.05
9521.01
1388.07
9425.16
1431.94
1379.97
5459.07
1414.06
1371.15
1381.16
1363.04
18390.89
1462.94
1376.87
1373.05
1361.13
1350.88
17477.99
1452.92
1368.05
1375.91
1360.89
1362.80
17576.93
1402.85
1382.11
1368.05
1356.84
17467.98
1451.02
1390.93
1385.93
1367.09
1366.14
17498.02
1452.92
1379.01
1379.01
1361.85
1359.94
17585.99
1404.05
1384.97
1385.93
1382.11
17476.08
1456.02
1384.97
1380.92
1363.99
1357.08
17481.09
1451.97
1378.06
1394.03
1369.00
1362.09
17577.17
1398.09
1381.16
1368.05
1358.03
17483.95
1478.91
1385.93
1382.11
1369.00
1354.93
17503.98
1438.86
1384.02
1378.77
1364.95
1354.22
17585.99
1409.05
1389.98
1374.96
1357.79
17483.00
1452.92
1376.15
1382.11
1375.20
1353.98
17513.99
1447.92
1379.01
1385.93
1360.18
1349.93
17582.89
1404.05
1389.98
1373.05
1369.95
17481.80
1455.07
1381.16
1384.02
1375.91
1358.03
17570.97
1414.06
1379.01
1369.95
1355.89
1358.03
17569.07
1394.99
1380.92
1371.86
1370.91
17477.99
1464.84
1382.83
1376.87
1358.03
1358.99
17558.10
1415.01
1374.96
1383.07
1358.03
1358.99
17584.09
1407.86
1386.88
1372.81
1362.09
17488.00
1450.06
1372.10
1383.07
1366.14
1363.99
17565.01
1420.02
1373.05
1392.13
1368.05
1358.03
17559.05
1403.09
1385.21
1370.91
1370.91
17493.96
1456.98
1382.11
17522.10
1436.00
1375.20
1410.01
1374.96
1362.09
1374.01
1369.95
17404.08
1518.96
1387.12
1393.08
1378.06
1360.18
17492.06
1458.17
1384.02
1381.16
1368.05
1359.94
17569.07
1399.04
1374.96
1392.84
1359.94
17427.92
1513.00
1392.13
1383.07
1365.18
1353.03
17483.95
1461.98
1379.01
1394.99
1369.00
1365.18
17580.99
1401.90
1361.85
1378.06
1366.14
17413.14
1513.00
1389.03
1379.97
1373.05
1366.14
17507.08
1464.84
1381.87
1386.88
1367.81
1355.89
17574.07
1413.11
1378.06
1375.20
1368.05
17457.01
1472.95
1379.97
1382.11
1373.05
1366.85
17499.92
1464.84
1379.01
1388.07
1369.95
1356.12
17585.04
1406.19
1390.93
1379.97
1361.85
17472.98
1466.04
1385.93
1382.83
1369.00
1353.98
17499.92
1446.96
1385.21
1376.87
1364.95
1358.03
17602.92
1404.05
1383.07
1372.81
1366.85
16413.93
9551.05
1441.00
1370.91
9552.00
1402.14
1377.11
9506.94
1392.13
9459.02
1446.01
1379.01
9454.01
1425.98
1384.97
9513.14
1405.00
1374.96
9531.97
1394.99
9403.23
1464.13
1383.07
9444.00
1431.94
1374.01
9446.14
1430.99
1378.06
9506.94
1391.89
1374.01
9521.96
1385.93
9400.13
1466.99
1386.88
9442.09
1441.00
1373.05
9453.06
1428.13
1376.15
9508.13
1406.19
1371.86
9525.06
1384.97
9410.86
1459.12
1383.07
9446.86
1431.94
1380.92
9446.14
1434.09
1386.88
9509.09
1399.04
1367.09
9519.10
1392.13
9402.99
1460.08
1374.96
9445.91
1425.03
1384.02
9450.91
1427.89
1379.01
9488.11
1393.08
1373.05
9512.90
1394.99
1362.09
9506.94
1393.08
9437.08
1435.04
1378.06
9451.15
1433.13
1376.15
9480.95
1414.06
1369.00
9529.83
1394.03
9390.12
1477.00
1387.12
9440.90
1429.08
1385.93
9447.10
1421.93
1382.11
9464.98
1407.86
1378.06
9516.00
1391.89
1373.05
9495.02
1391.89
9436.13
1433.13
1379.97
9437.08
1430.99
1375.91
9449.01
1423.12
1368.05
9518.86
1389.98
1370.91
9506.94
1388.79
9434.94
1440.05
1383.07
9448.05
1435.04
1383.07
9444.95
1426.94
1376.87
9512.90
1392.84
1369.95
9521.01
1389.03
9423.97
1432.90
1378.06
9449.01
1423.84
1381.87
9443.04
1431.23
1384.02
9538.17
1391.17
1369.00
9513.85
1384.97
9429.93
1427.17
1383.07
9438.99
1419.07
1374.01
9449.01
1421.21
1374.96
9512.90
1405.00
1376.87
9526.01
1392.84
9418.96
1449.82
1376.87
9434.94
1435.04
1366.85
9439.95
1416.92
1382.83
9506.94
1395.94
1370.19
9515.05
1393.08
9398.94
1463.17
1368.05
9436.13
1433.13
1375.91
9438.04
1423.12
1376.15
9479.05
1400.95
1374.96
9508.13
1382.11
1357.08
9490.01
1381.87
9442.09
1440.05
1380.21
9449.01
1420.02
1362.09
9433.03
1411.91
1370.91
9516.00
1387.83
1355.89
9514.81
1379.97
9423.02
1441.00
1374.96
9437.80
1430.03
1372.10
9433.03
1425.98
1368.05
9496.21
1402.14
1362.09
9520.05
1385.93
9376.05
1467.94
1369.00
9436.13
1430.99
1364.95
9439.95
1424.07
1369.95
9438.99
1417.88
1365.90
13525.96
1401.19
1369.00
1377.11
1353.03
1358.03
17552.14
1390.93
1373.05
1369.95
1359.94
17484.90
1441.96
1365.90
1374.96
1369.00
1368.05
17559.05
1415.01
1375.91
1379.01
1361.13
1353.98
17572.88
1400.95
1379.01
1378.06
1360.89
17486.10
1451.97
1384.97
1390.93
1360.89
1353.03
17571.93
1410.96
1373.05
1384.97
1367.09
1349.93
17571.93
1391.89
1383.78
1360.89
1356.12
17489.91
1451.02
1384.02
1379.01
1364.95
1364.95
17570.02
1401.90
1375.91
1379.97
1358.99
1363.99
17560.96
1390.93
1380.92
1369.00
1350.88
17491.82
1456.02
1374.01
1374.01
1374.01
1357.08
17549.99
1416.92
1381.87
1375.91
1366.85
1363.04
17573.12
1398.09
1389.98
1369.95
1363.99
17492.06
1456.02
1385.93
1380.92
1364.95
1362.80
17585.04
1413.11
1373.05
1377.82
1351.12
1363.04
17549.99
1391.89
1390.93
1378.06
1363.04
17490.15
1453.16
1379.97
1388.07
1369.00
1351.83
17580.03
1410.96
1366.14
1379.97
1356.84
1359.94
17558.81
1389.98
1380.21
1368.05
1372.81
17495.87
1446.96
1374.01
1382.11
1364.95
1358.03
17574.07
1414.06
1374.01
1389.03
1358.99
17400.98
1544.95
1386.88
1377.82
1369.95
1363.99
13476.13
1449.11
1379.01
9501.22
1413.11
1367.09
13564.11
1397.85
1384.02
1384.02
1353.03
13446.09
1444.10
1377.11
13487.10
1436.00
1383.07
1378.06
1361.13
1358.99
17577.89
1420.97
1378.06
1379.97
1365.90
1361.85
17560.96
1383.07
1386.88
1360.89
1353.98
17487.05
1447.92
1378.06
1384.97
1364.95
1363.99
17567.87
1405.95
1377.11
1374.01
1360.89
1362.09
17570.02
1392.84
1380.92
1369.00
1366.14
17503.02
1461.98
1378.06
1377.82
1364.95
1366.85
17581.94
1403.81
1364.95
1389.98
1367.09
17405.99
1522.06
1388.79
1389.98
1369.00
1363.99
17489.19
1458.17
1379.01
1390.93
1365.18
1358.99
17575.03
1406.91
1380.92
1374.01
1358.03
17417.91
1518.01
1378.06
1378.06
1364.95
1354.93
17483.95
1451.97
1371.15
1387.12
1367.09
1352.07
13558.15
1399.99
1379.97
9534.84
1389.03
13465.17
1446.01
1376.87
1378.06
1367.09
1359.94
17489.91
1456.02
1371.15
1378.06
1358.03
1355.89
17574.07
1409.05
1376.87
1369.00
1361.13
13438.94
1472.00
1383.78
9459.02
1437.90
1372.10
9460.21
1426.94
1374.96
9532.93
1405.00
1374.01
9510.04
1386.88
9459.97
1432.18
1369.95
9456.87
1421.93
1371.86
9443.04
1430.03
1375.91
9516.00
1390.93
1368.05
9516.95
1384.02
9436.13
1430.99
1375.91
9447.81
1426.94
1371.86
9438.99
1421.93
1375.20
9516.95
1380.92
1368.05
9518.15
1388.07
9426.12
1441.00
1376.87
9433.98
1396.18
1355.89
9425.88
1413.11
1360.89
9433.03
1418.11
1366.14
9497.17
1374.01
1351.83
9511.95
1375.91
9414.91
1436.95
1373.05
9426.83
1429.08
1374.01
9435.89
1425.03
1373.05
9496.21
1396.89
1360.89
9527.92
1387.83
9378.91
1468.90
1378.06
9431.12
1425.03
1376.87
9434.94
1425.98
1367.09
9438.04
1412.87
1372.10
9508.13
1389.03
1374.01
9519.10
1383.07
9427.07
1437.90
1373.05
9443.04
1425.03
1370.91
9449.96
1425.98
1372.10
9506.94
1394.03
1366.14
9528.16
1394.99
9419.92
1450.06
1384.97
9435.89
1430.03
1363.04
9441.85
1423.12
1378.06
9496.93
1398.09
1366.14
9516.95
1395.94
9392.02
1464.13
1384.97
9433.03
1435.04
1369.00
9436.13
1415.01
1375.20
9444.95
1420.97
1369.00
9500.03
1377.82
1363.99
9510.04
1380.92
9433.03
1430.03
1368.05
9446.86
1417.88
1376.87
9444.95
1418.83
1381.87
9514.09
1388.07
1366.14
9507.89
1374.01
9396.79
1454.11
1368.05
9433.98
1430.03
1371.86
9444.00
1425.03
1369.00
9458.07
1410.01
1370.91
9508.85
1389.03
1362.09
9491.21
1389.03
9442.09
1430.99
1372.10
9441.14
1416.21
1376.87
9440.90
1415.97
1374.01
9506.94
1385.93
1367.81
9521.96
1384.97
9402.99
1460.08
1373.05
9444.95
1435.04
1376.87
9443.04
1414.06
1376.15
5521.06
1389.98
1370.91
1374.96
1357.79
1353.98
21563.05
1398.09
9459.97
1441.00
1372.81
9460.93
1430.99
1369.00
9441.14
1420.97
1370.91
9529.83
1386.88
1363.99
9526.01
1385.93
9444.00
1440.05
1378.06
9444.00
1425.03
1372.10
9448.05
1423.84
1371.86
9521.96
1385.93
1363.99
9518.15
1382.11
9423.02
1430.99
1369.00
9444.00
1427.17
10831.12
1418.11
1369.00
9505.03
1388.79
1360.89
9516.00
1389.98
9402.04
1453.88
1376.87
9436.85
1420.02
1373.05
9442.81
1420.97
1365.90
9464.03
1403.09
1373.05
9501.93
1379.97
1359.94
9518.86
1389.98
9444.00
1422.88
1374.96
9447.10
1417.16
1372.10
9439.95
1417.88
1364.95
9516.95
1392.84
1368.05
9511.95
1377.11
9432.08
1436.00
1369.00
9438.04
1433.13
1369.00
9441.14
1418.83
1364.95
9497.88
1391.89
1364.95
9509.80
1390.93
9382.96
1467.94
1380.92
9433.98
1420.97
1371.86
9442.81
1420.02
1384.02
9439.95
1425.98
1368.05
9510.04
1392.84
1362.09
9514.09
1379.01
9428.98
1439.09
1376.87
9441.85
1424.07
1372.10
9444.00
1421.93
1375.91
9508.85
1384.97
1363.99
9521.96
1384.02
9390.12
1461.03
1369.95
9447.10
1430.99
1376.87
9435.89
1424.07
1369.00
9492.87
1402.85
1369.00
9519.10
1391.17
1363.99
9491.92
1379.01
9436.13
1436.00
1369.95
9439.95
1425.98
1378.77
9455.92
1419.07
1374.01
9510.99
1393.08
1354.93
9523.87
1384.97
9438.04
1431.94
1379.01
9436.13
1425.03
1371.86
9439.95
1424.07
1372.81
9516.00
1387.12
1358.99
9517.91
1384.97
9417.06
1442.91
1381.87
9440.90
1441.96
1368.05
9437.80
1420.97
1372.81
9680.99
1394.03
1364.95
9512.19
1388.07
9435.18
1441.96
1384.02
9447.10
1425.98
1374.01
9443.04
1417.88
1374.96
9510.04
1394.99
1374.01
9522.91
1381.87
9445.91
1439.09
1378.06
9444.00
1421.21
1373.05
9441.85
1420.97
1377.11
9513.14
1393.08
1374.01
9522.91
1380.92
9432.79
1442.91
1371.86
9450.91
1429.08
1372.10
9440.18
1425.98
1382.83
9526.01
1396.18
1366.14
9515.05
1380.92
9423.02
1445.06
1381.16
9444.95
1426.94
1376.87
9468.08
1425.98
1378.06
9510.99
1394.99
1377.11
9523.15
1384.02
9418.96
1449.11
1386.88
9433.03
1431.94
1374.96
9437.80
1425.98
1380.92
9504.08
1386.88
1376.87
9526.97
1388.07
9412.05
1463.89
1388.79
9440.90
1425.03
1374.01
9445.91
1425.03
1369.00
9502.89
1386.88
1360.89
9531.02
1399.04
9389.88
1468.90
1385.93
9451.87
1426.94
1371.86
4426.00
1437.90
1377.82
1362.09
1376.15
1360.89
1364.95
25575.88
1403.09
1387.12
1372.10
1362.09
17464.16
1459.12
1381.16
1386.17
1369.95
1363.99
17574.07
1408.82
1369.95
1383.07
1363.99
1355.17
17562.15
1390.93
1383.07
1362.09
1363.99
17486.10
1450.06
1375.91
1375.91
1367.81
1360.89
17553.09
1420.97
1375.91
1370.91
1361.85
1358.99
17583.13
1389.98
1390.93
1374.01
1363.99
17492.06
1458.17
1380.92
1379.97
1366.14
1363.99
17569.78
1409.05
1377.11
1374.01
1364.95
1356.84
17573.83
1396.89
1374.96
1362.80
1360.89
17489.91
1452.92
1380.92
1384.02
1358.99
1353.98
17578.12
1416.92
1373.05
1379.01
1377.11
1353.98
17564.06
1393.08
1384.02
1371.15
1362.09
17501.12
1452.92
1379.01
1383.07
1365.90
1371.86
17576.93
1410.01
1368.05
1369.00
1364.95
1359.94
17559.05
1390.93
1381.87
1363.04
1355.89
17498.02
1455.07
1380.92
1375.20
1362.09
1353.03
17574.07
1412.15
1377.11
1384.97
1364.95
1356.84
17555.95
1391.89
1394.99
1367.81
1365.90
17487.05
1451.02
1379.01
1382.11
1363.04
1354.93
17568.83
1420.02
1374.01
1377.82
1364.95
1369.95
17565.01
1387.83
1384.02
1363.04
1369.00
17497.06
1450.06
1371.86
1382.83
1365.90
1354.93
17560.96
1408.10
1369.00
9551.05
1392.84
1380.92
1374.01
1360.89
17471.79
1459.12
1377.11
1384.02
1376.87
1359.94
17484.19
1444.10
1381.16
1378.06
1363.04
1363.99
17590.05
1405.00
1384.97
1360.89
1365.90
17476.80
1456.98
1383.07
1376.87
1375.91
1357.08
17492.06
1448.87
1369.95
1383.07
1369.00
1358.03
17591.95
1398.09
1374.01
1363.99
1357.08
17483.00
1461.98
1377.11
1377.11
1369.00
1361.13
17496.11
1447.20
1372.10
1373.05
1366.14
1353.03
17585.04
1397.13
1373.05
1368.05
1363.99
17481.09
1459.12
1383.07
1388.79
1368.05
1360.18
17493.96
1457.93
1376.87
1381.87
1368.05
1357.08
17591.00
1401.90
1381.87
1366.85
1356.84
17481.09
1464.13
1374.01
1372.81
1363.99
1353.03
17484.90
1452.92
1387.83
1385.93
1360.89
1360.89
17596.01
1399.04
1394.03
1365.90
1363.99
17469.88
1456.02
1382.11
1375.20
1369.00
1348.97
17493.01
1441.96
1386.88
1384.97
1367.09
1366.85
13555.05
1387.12
9438.99
1451.02
1379.01
9444.00
1430.99
1373.05
9458.07
1429.08
1372.10
9522.20
1392.13
1369.95
9523.87
1394.03
9430.17
1436.95
1379.97
9446.86
1424.07
1370.19
9438.04
1431.94
1383.07
9510.04
1395.94
1364.95
9526.01
1389.98
9430.17
1455.07
1377.82
9430.89
1426.94
1374.01
9443.04
1428.13
1378.06
9503.84
1405.00
1369.95
9516.95
1389.03
9404.90
1447.92
1376.87
9439.95
1425.98
1365.90
9441.85
1424.07
1369.00
9450.91
1413.82
1364.95
9509.09
1387.83
1364.95
9512.90
1384.97
9436.13
1434.09
1379.01
9449.01
1416.92
1370.91
9438.99
1428.13
1372.10
9525.06
1389.03
1370.91
13546.94
1394.99
1376.15
1371.15
1358.99
13437.99
1444.10
1378.06
9454.97
1428.13
1369.00
13520.96
1415.01
1372.81
1374.01
1353.98
1363.04
13539.08
1399.04
9448.05
1448.15
1376.87
13484.00
1446.01
1374.96
1371.86
1356.84
1358.03
13519.05
1400.95
1365.90
9534.12
1403.09
13442.04
1451.02
1377.82
1379.01
1367.09
1356.84
13453.96
1436.00
1378.06
9467.84
1414.06
1372.10
13565.78
1394.99
1365.90
1394.99
1355.17
17436.03
1463.89
1381.87
1377.82
1359.94
1362.80
13453.01
1443.15
1377.11
9498.12
1410.96
1378.06
13555.05
1398.09
1371.15
1365.18
1357.08
17452.00
1456.98
1384.02
1377.11
1361.13
1367.09
17477.04
