1185.18
1165.87
17358.06
1203.06
1186.13
17354.01
1209.02
1192.09
17299.18
1268.15
1205.21
17278.91
1307.01
1210.93
17272.95
1293.18
1211.17
1186.13
17357.11
1198.05
1175.17
17356.16
1210.21
1192.09
17358.06
1227.14
1174.21
17308.00
1286.03
1192.09
17256.02
1310.11
1195.19
1177.07
17338.99
1224.99
1202.11
17368.08
1210.93
1207.83
17377.85
1231.91
1219.99
17442.94
1271.96
1199.96
17261.98
1306.06
1204.01
17287.02
1312.97
1196.86
17241.00
1318.93
1188.99
1183.03
17377.14
1210.21
1194.00
17378.09
1231.91
1193.05
17320.87
1242.88
1186.13
17271.04
1287.94
1188.99
17256.02
1299.86
1209.97
1196.86
17376.90
1221.90
1183.99
17376.90
1215.93
1194.00
17384.05
1239.06
1202.82
17268.90
1281.98
1211.88
17258.88
1288.89
1188.04
17250.06
1308.92
1194.95
1181.84
17366.89
1207.11
1178.03
17352.10
1226.90
1185.18
17260.07
1302.96
1189.95
17275.09
1282.93
1224.04
17323.97
1325.13
1204.01
1184.94
17367.84
1217.13
1200.91
17390.01
1241.21
1195.91
17359.97
1229.05
1173.97
17256.02
1281.02
1198.05
17274.86
1297.00
1207.11
17237.90
1304.86
1199.01
1176.12
17387.15
1230.00
1183.03
13345.00
1216.89
1196.86
17265.08
1253.13
1188.04
17251.01
1290.08
1209.97
17238.86
1302.00
1199.01
1186.13
17373.09
1225.95
1202.11
17376.18
1226.19
1188.04
17296.08
1247.88
1204.01
17254.11
1274.11
1196.15
17234.09
1299.14
1210.21
1182.08
17373.09
1222.13
1194.00
17349.96
1240.02
1200.91
17339.94
1223.09
1194.00
17254.11
1286.98
1197.10
17248.15
1310.11
1209.97
1196.15
17380.95
1240.02
1199.01
17359.97
1238.82
1204.01
17368.08
1235.01
1193.05
17270.09
1281.02
1197.10
17256.98
1275.06
1187.09
17220.97
1310.11
1210.93
1187.09
17354.01
1211.88
1174.93
17338.99
1214.98
1164.91
17277.00
1281.98
1190.90
17246.01
1299.14
1197.10
1202.82
17345.91
1209.97
1188.04
17375.95
1224.99
1187.09
17344.95
1239.06
1188.04
17277.00
1286.98
1199.01
17265.08
1285.08
1209.97
17225.98
1338.01
1214.03
1185.18
17356.16
1212.12
1183.99
17370.94
1222.85
1183.03
17254.11
1260.04
1180.89
17269.85
1282.93
1190.90
17235.99
1315.83
1217.84
1184.94
17391.92
1225.95
1195.19
17369.03
1228.09
1187.80
17318.01
1258.13
1187.09
17266.99
1303.91
1224.99
17253.88
1307.96
1199.01
1199.96
17331.84
1204.97
1181.13
17382.14
1231.19
1177.07
17366.89
1224.04
1191.14
17274.14
1371.15
1203.06
17275.81
1295.09
1208.07
17249.11
1306.06
1200.91
1193.05
17380.00
2018.93
17282.01
1291.04
1192.09
17245.05
1299.86
1231.91
17253.88
1296.04
1200.20
1178.98
17369.99
1225.95
1195.91
17372.85
1225.95
1203.06
17328.98
1276.97
1194.95
17272.00
1302.96
1204.97
17257.93
1332.04
1186.13
1180.17
17370.94
1201.87
1185.89
17380.00
1209.02
1198.05
17360.93
1221.18
1183.03
17259.84
1276.02
1218.08
17260.79
1301.05
1186.85
17210.96
1327.99
1199.01
1193.05
17385.96
1205.92
1175.88
17381.91
1230.00
1190.19
17264.13
1305.10
1198.05
17263.89
1292.94
1219.03
17234.09
1318.22
1199.96
1176.83
17366.89
1213.07
1182.08
17383.81
1261.95
1201.87
17337.08
1217.84
1199.01
17260.07
1276.02
1189.95
17246.01
1288.89
1189.95
1176.12
17359.97
1209.02
1169.92
17361.88
1216.89
1196.86
17342.81
1251.94
1179.93
17266.99
1285.08
1202.82
17262.94
1327.04
1200.20
1187.09
17362.12
1211.17
1202.11
17368.08
1217.84
1178.98
17361.16
1224.99
1178.03
17255.07
1281.02
1178.98
17245.05
1303.20
1194.00
1184.94
17335.18
1197.10
1179.22
17357.11
1212.12
1181.13
17318.96
1230.96
1178.03
17250.06
1276.02
1207.11
17236.95
1290.08
1197.81
1203.06
17365.93
1214.98
1225.95
17477.99
1241.92
1193.05
17377.14
1211.17
1193.05
17266.04
1266.96
1194.95
17256.98
1302.00
1211.88
17247.92
1309.87
1210.93
1177.79
17350.91
1209.02
1183.99
17351.15
1224.99
1185.89
17263.89
1266.96
1193.05
17257.93
1302.00
1201.87
17230.03
1305.82
1213.07
1191.14
17373.09
1213.07
1194.00
17354.01
1221.18
1183.03
17302.04
1266.96
1193.05
17267.94
1291.99
1196.15
17240.05
1302.96
1206.16
1183.03
17368.08
1207.83
1187.09
17365.93
1255.04
1199.96
17348.05
1227.14
1188.04
17259.84
1284.12
1218.08
17280.10
1302.96
1188.04
1178.98
17345.91
1206.87
1187.09
17355.92
1214.98
1174.93
17338.99
1230.00
1181.13
17249.11
1285.08
1204.01
17256.98
1297.00
1194.00
1188.04
17352.10
1223.09
1192.09
17362.12
1235.96
1201.15
17350.91
1255.99
1213.07
17282.01
1284.12
1199.96
17263.89
1285.08
1192.81
17225.98
1302.00
1204.01
1173.97
17369.99
1225.95
1183.03
17347.81
1230.96
1189.95
17258.17
1282.22
1196.15
17261.98
1281.02
1190.19
17218.11
1291.99
1204.01
1187.09
17370.94
1207.11
1183.03
17351.15
1220.23
1209.97
17351.87
1284.12
1188.99
17261.03
1304.15
1207.11
17251.01
1339.91
1209.97
1189.95
17363.79
1218.08
1194.95
17366.89
1219.03
1189.95
17355.92
1211.88
1181.84
17249.11
1295.09
1198.77
17249.11
1293.90
1190.19
1178.03
17351.15
1207.11
1186.13
17347.10
1214.03
1170.87
17324.92
1230.00
1188.99
17256.98
1282.93
1194.00
17236.95
1306.06
1195.19
1173.97
17372.13
1232.15
1193.05
17369.99
1238.11
1196.15
17361.16
1235.96
1189.95
17271.04
1291.99
1191.85
17269.85
1304.15
1193.05
17211.91
1332.04
1228.09
1203.06
17391.92
1209.97
1173.02
17357.83
1234.05
1186.85
17262.94
1282.93
1195.91
17260.07
1291.99
1202.11
17245.05
1303.91
1189.95
1188.99
17377.85
1225.95
1188.99
17364.98
1234.05
1179.93
17317.06
1259.09
1181.84
17262.94
1289.84
1193.05
17253.16
1311.78
1199.96
1186.85
17383.81
1214.98
1198.05
17381.91
2033.00
17280.82
1310.11
1204.01
17246.96
1310.83
1197.10
1174.93
17379.05
1217.13
1173.97
17348.05
1219.03
1183.99
17320.16
1287.94
1190.90
17250.06
1287.94
1189.95
17240.05
1301.05
1190.19
1194.95
17385.01
1204.97
1171.11
17364.03
1219.99
1191.14
17350.91
1248.12
1204.01
17274.14
1288.89
1192.81
17276.05
1302.96
1212.12
17251.97
1312.02
1212.84
1188.04
17381.91
1229.05
1196.15
17368.08
1222.85
1194.00
17292.98
1249.07
1178.03
17268.18
1272.20
1187.09
17223.12
1307.96
1198.05
1184.94
17365.93
1221.90
1186.85
17338.99
1214.03
1176.83
17231.94
1284.12
1181.13
17230.99
1280.07
1190.90
1173.02
17363.07
1209.97
1188.04
17357.11
1219.99
1178.03
17312.05
1224.99
1187.09
17255.07
1282.93
1191.14
17231.94
1286.03
1184.94
1174.93
17360.93
1211.88
1177.07
17348.05
1220.23
1191.14
17251.97
1276.02
1191.14
17236.95
1297.95
1204.01
1184.94
1337.05
1194.95
1168.97
17353.06
1213.07
1178.98
17328.98
1235.01
1194.00
17260.07
1280.07
1195.91
17235.99
1296.04
1197.81
1179.93
17358.78
1209.02
1188.99
17363.07
1219.99
1188.99
17323.97
1228.09
1182.08
17255.07
1271.96
1185.18
17235.04
1285.08
1197.10
1174.93
17350.91
1216.89
1180.89
17345.91
1209.97
1193.05
17264.84
1276.02
1186.85
17226.93
1295.80
1188.99
1178.98
17333.03
1196.86
1185.18
17369.03
1230.96
1186.85
17343.04
1235.96
1194.00
17253.16
1286.98
1199.01
17246.01
1285.08
1196.86
1183.99
17338.99
1209.97
1177.07
17355.20
1209.02
1181.84
17333.03
1230.00
1185.89
17243.86
1291.04
1200.91
17253.88
1291.99
1194.00
1184.94
17363.07
1207.11
1186.13
17349.96
1217.84
1190.90
17302.04
1245.98
1204.01
17261.98
1281.98
1191.85
17240.05
1291.99
1210.93
1180.89
17355.92
1214.03
1198.05
17353.06
1225.95
1190.19
17300.13
1246.93
1198.05
17257.93
1289.13
1200.91
17246.96
1289.84
1194.95
1194.00
17353.06
1218.08
1190.19
17349.96
1226.90
1194.00
17302.99
1245.02
1191.14
17249.11
1277.92
1189.23
17237.90
1286.98
1188.99
1178.03
17359.97
1215.93
1181.13
17341.14
1217.13
1186.13
17250.78
1278.16
1200.91
17257.93
1305.10
1197.10
1173.97
17333.98
1199.96
1191.14
17360.93
1217.13
1191.14
17348.05
1228.81
1175.88
17256.98
1288.89
1186.85
17251.97
1287.94
1202.82
1173.02
17353.06
1209.97
1182.08
17351.15
1217.13
1187.09
17322.06
1225.95
1199.01
17266.04
1274.82
1184.94
17242.91
1288.89
1198.05
1186.13
17353.06
1210.21
1188.04
17353.06
1216.89
1196.86
17279.86
1249.07
1190.19
17255.07
1290.08
1203.06
17238.86
1301.05
1204.97
1181.13
17356.87
1214.03
1188.04
17343.04
1229.05
1183.03
17263.89
1268.86
1193.05
17244.10
1283.17
1188.99
1180.89
1325.85
1202.11
1179.93
17359.97
1211.88
1180.89
17344.00
1227.14
1181.13
17245.05
1286.03
1187.09
17252.21
1291.04
1189.95
1179.93
17353.06
1211.88
1184.94
17338.99
1224.04
1183.03
17308.95
1241.92
1190.90
17251.01
1271.01
1195.91
17235.99
1288.18
1198.05
1182.08
17355.92
1206.87
1189.95
17345.91
1220.94
1194.00
17268.90
1271.01
1189.95
17238.14
1295.09
1196.86
17216.92
1310.11
1204.97
1186.85
17360.93
1214.03
1177.07
17353.06
1225.95
1189.95
17256.02
1288.89
1201.87
17236.95
1291.04
1195.19
1183.99
17338.99
1209.97
1187.09
17348.05
1223.80
1177.07
17344.00
1232.15
1188.99
17259.12
1283.88
1202.82
17247.92
1299.86
1202.11
1179.93
17338.99
1212.12
1184.94
17359.97
1222.85
1184.94
17324.92
1234.05
1188.99
17264.13
1283.17
1197.10
17265.80
1297.00
1200.91
1184.94
17335.18
1209.02
1178.03
17342.09
1215.93
1188.99
17318.96
1245.02
1187.80
17247.92
1279.12
1183.99
17236.95
1296.04
1206.87
1188.04
17358.06
1214.98
1189.95
17354.01
1214.98
1181.84
17269.85
1263.14
1185.18
17266.99
1287.94
1195.19
17219.07
1308.20
1199.96
1183.03
17363.07
1216.17
1188.04
17361.88
1231.91
1190.19
17268.90
1281.02
1191.85
17248.87
1281.02
1191.14
17220.02
1306.06
1202.11
1174.93
17358.06
1220.94
1190.90
17352.10
1230.00
1192.81
17256.02
1298.90
1197.81
17236.95
1295.09
1185.89
1189.95
17342.09
1210.93
1194.00
17367.12
1212.12
1194.00
17335.18
1225.95
1190.90
17264.84
1279.12
1194.00
17256.02
1301.05
1199.01
1179.93
17336.85
1210.93
1178.03
17347.10
1224.99
1186.85
17343.04
1224.04
1188.99
17255.07
1286.03
1192.09
17238.14
1302.00
1197.10
1181.13
17360.93
1219.03
1194.95
17354.01
1220.94
1179.22
17324.92
1238.11
1202.11
17277.00
1281.02
1201.87
17246.96
1297.00
1191.85
1188.99
17333.03
1226.19
1184.94
17362.12
1225.95
1188.99
17344.95
1230.00
1195.19
17264.13
1280.78
1208.07
17261.98
1291.99
1190.90
1186.85
17338.99
1209.02
1192.09
17358.06
1219.03
1179.93
17345.91
1225.95
1194.95
17259.12
1285.08
1191.14
17245.05
1301.05
1200.91
1187.09
17341.85
1210.93
1186.13
17348.05
1219.03
1188.04
17344.00
1215.93
1196.86
17251.01
1276.97
1194.00
17242.91
1292.94
1209.02
1191.14
17354.97
1216.89
1188.04
17357.11
1229.05
1188.99
17329.93
1237.87
1194.95
17258.88
1281.98
1196.86
17257.93
1294.85
1199.01
1182.08
17339.94
1220.23
1193.05
17357.11
1217.84
1178.03
17344.00
1235.96
1185.18
17265.08
1286.98
1197.10
17244.10
1288.89
1206.87
1192.81
17360.93
1209.02
1186.13
17355.92
1220.94
1185.89
17334.94
1235.96
1197.10
17272.95
1287.94
1195.91
17247.92
1297.00
1198.05
1185.89
17338.99
1212.12
1183.03
17350.20
1225.95
1186.85
17338.04
1238.11
1189.23
17246.96
1275.06
1199.01
17253.88
1290.08
1202.11
1183.99
17370.94
1356.84
1338.96
17330.88
1204.01
1188.99
17374.04
1214.98
1183.03
17344.00
1242.88
1184.94
17249.82
1284.12
1196.15
17256.98
1291.04
1187.80
1173.97
17328.98
1222.13
1191.14
17349.00
1218.80
1185.89
17324.92
1224.99
1196.15
17260.07
1281.02
1196.86
17241.00
1280.07
1190.90
1183.03
17358.06
1209.97
1188.04
17336.85
1209.97
1188.99
17245.05
1267.91
1188.04
17241.95
1286.03
1187.09
1164.91
17318.96
1200.20
1180.89
17349.00
1225.95
1178.03
17316.82
1224.04
1178.98
17248.15
1270.06
1175.88
17217.87
1297.00
1192.81
1180.89
17349.00
1195.91
1169.92
17328.02
1220.94
1178.98
17245.05
1274.82
1180.89
17235.99
1278.16
1183.03
1183.99
17357.11
1209.97
1185.89
17344.95
1219.99
1183.03
17275.09
1269.82
1180.89
17235.04
1284.12
1191.14
1173.02
17333.03
1197.10
1189.95
17349.96
1219.99
1178.98
17326.83
1224.04
1194.95
17251.01
1267.91
1183.99
17241.95
1286.98
1194.00
1182.08
17336.85
1206.87
1171.83
17348.05
1219.99
1188.99
17264.13
1272.92
1186.85
17241.00
1281.02
1188.99
1182.79
17323.97
1194.95
1173.97
17340.90
1214.98
1186.13
17292.98
1239.06
1180.17
17243.15
1275.78
1191.85
17228.84
1293.18
1197.10
1176.12
17353.06
1210.21
1173.97
17335.18
1226.90
1175.88
17249.11
1271.01
1198.05
17241.00
1287.94
1194.95
1171.83
17344.95
1214.98
1181.13
17352.10
1220.94
1188.04
17287.97
1238.82
1179.93
17251.01
1274.11
1194.00
17230.99
1279.12
1183.03
1178.03
17349.00
1205.92
1176.12
17325.16
1227.14
1174.21
17257.93
1264.10
1183.03
17227.89
1291.99
1193.05
1179.93
17353.06
1208.78
1191.85
17362.12
1215.93
1184.94
17253.88
1257.90
1184.94
17225.98
1291.04
1199.01
1173.02
17334.94
1204.01
1176.12
17339.94
1214.98
1190.90
17337.80
1233.10
1198.05
17259.84
1284.12
1186.13
17246.96
1287.94
1194.00
1185.18
17348.05
1215.22
1179.93
17344.95
1228.81
1180.89
17315.86
1237.87
1183.99
17247.20
1279.12
1182.08
17242.19
1296.04
1201.87
1188.99
17362.12
1216.17
1187.09
17345.19
1223.09
1180.17
17271.04
1273.16
1183.99
17252.92
1273.87
1188.04
17218.11
1307.01
1204.97
1187.09
17355.92
1211.88
1190.90
17343.04
1223.09
1187.09
17257.21
1275.06
1195.19
17260.07
1302.00
1207.11
1183.99
17321.11
1224.04
1194.00
17340.90
1220.94
1188.99
17338.04
1218.08
1192.09
17253.16
1281.98
1194.95
17238.86
1287.94
1193.05
1183.99
17359.02
1204.01
1180.89
17344.95
1220.94
1188.04
17297.98
1257.18
1178.98
17272.00
1283.17
1188.99
17230.99
1289.13
1217.13
1180.17
17349.00
1213.07
1182.08
17352.10
1209.02
1175.88
17261.03
1274.11
1203.06
17249.11
1281.98
1204.97
17210.96
1319.89
1196.86
1178.98
17357.11
1214.03
1194.00
17345.19
1222.13
1198.05
17272.00
1275.06
1194.95
17243.86
1292.94
1193.05
1177.07
17335.18
1208.07
1185.18
17357.11
1221.18
1183.99
17328.02
1235.01
1186.85
17252.92
1286.98
1195.19
17249.11
1287.94
1199.01
1181.13
17354.01
1207.83
1178.98
17340.90
1225.95
1185.18
17304.90
1260.04
1184.94
17244.10
1281.02
1191.14
17238.14
1291.04
1195.91
1188.04
17360.93
1215.93
1185.89
17345.91
1216.89
1182.79
17268.90
1269.10
1191.14
17265.08
1295.09
1193.05
17205.95
1304.86
1209.97
1181.84
17346.86
1218.08
1187.09
17349.96
