1148.94
1140.83
1149.89
1136.78
1132.01
25188.92
1174.93
1155.85
1113.89
1126.05
1118.18
1116.04
1112.94
1135.83
1125.81
1131.06
21215.92
1196.86
1175.88
1164.91
1137.02
1122.95
1117.94
25248.05
1186.13
1180.89
1187.09
1178.98
1193.05
1178.03
25281.19
1193.05
1185.18
1188.99
1188.04
1187.09
25238.99
1159.91
1148.94
1123.19
1152.04
1169.92
1199.01
25254.01
1154.18
1115.08
1126.05
1146.08
1122.00
1108.88
25181.06
1142.98
1123.91
1119.85
1117.94
1124.14
1122.00
25198.94
1188.99
1181.84
1155.85
1122.00
1147.99
1149.89
25240.18
1162.05
1154.90
1153.95
1159.19
1148.94
1150.85
25274.99
1148.94
1152.99
1132.01
1164.91
1162.05
1154.18
1162.05
1163.96
1158.95
25213.00
1194.00
1164.91
1155.85
1183.99
1165.87
1152.04
1163.01
1147.99
1154.90
25221.82
1199.01
1160.14
1156.09
1193.05
1175.17
1167.06
1176.12
1172.07
1168.97
25708.91
1154.90
1135.11
1131.06
1121.04
1129.15
1120.09
1139.16
1145.12
1141.07
25183.92
1213.07
1137.02
1098.87
1151.80
1175.88
1188.99
1195.19
1186.13
1188.04
1187.09
25300.98
1199.96
1188.99
1197.10
1184.94
1190.90
17244.10
1150.13
1126.05
1132.01
1132.97
1127.96
1142.02
25189.88
1213.07
1178.03
1176.12
1138.93
1137.02
1132.97
25210.14
1213.07
1168.01
1168.01
1165.87
1162.05
1164.91
25286.91
1170.87
1165.87
1309.16
1182.08
1183.03
25223.97
1157.05
1125.10
1116.99
1117.94
1165.87
1173.97
25215.15
1177.07
1146.08
1127.96
1140.83
1125.81
1155.85
25189.88
1168.97
1129.87
1147.03
1144.89
1148.94
1143.22
29222.97
1158.00
1131.06
1066.92
1150.85
1163.01
1154.90
1176.83
1171.83
1164.91
1160.14
25261.16
1172.07
1158.95
1178.03
1163.96
1166.11
1164.20
1133.92
1168.97
1165.15
25302.89
1175.88
1170.87
1138.93
1160.14
1163.01
1175.88
1175.17
1169.92
1159.91
25273.08
1180.17
1164.91
1173.02
1172.07
1168.97
1158.95
1166.11
1177.07
1165.15
25228.98
1213.07
1176.83
1170.87
1159.91
1165.15
1164.91
1168.97
1173.02
1173.02
29237.99
1184.94
1173.02
1159.91
1172.07
1180.17
1166.11
1188.04
1175.17
1172.07
17225.03
1229.05
1194.95
1197.10
1195.91
1186.85
1184.94
25258.06
1219.99
1193.05
1198.05
1187.09
1183.03
1183.03
25287.15
1162.05
1142.98
1125.10
1176.12
1189.95
25243.04
1179.93
1132.01
1130.82
1132.97
1128.20
1127.00
25177.96
1168.01
1134.16
1147.99
1143.22
1127.00
1129.15
25181.06
1203.06
1157.05
1140.83
1135.83
1116.99
1121.04
25179.15
1199.01
1155.14
1152.99
1155.85
1151.80
1142.98
21200.90
1172.07
1157.05
1142.98
9264.95
1147.99
1143.93
9238.96
1190.90
1179.93
9231.09
1208.07
1180.17
1176.12
9233.95
1127.00
1122.95
17166.14
1219.03
1197.81
1197.81
1191.85
1187.09
1188.99
1169.92
1156.09
1147.99
25215.86
1206.87
1183.99
1178.98
1146.08
1152.04
1150.85
1158.95
1146.08
1148.94
25178.91
1177.07
1143.93
1135.11
1142.02
1135.11
1132.01
1127.96
1185.89
1170.87
1163.01
25282.86
1180.89
1158.95
1157.05
1170.16
1162.05
1155.14
1173.97
1161.10
1170.16
25244.95
1185.89
1163.96
1178.98
1142.02
1152.04
1145.12
17254.11
1167.06
1193.05
1123.19
1123.91
1130.10
1121.04
25238.04
1134.16
1116.99
1119.14
1132.97
1140.83
1148.94
25261.16
1151.08
1122.00
1130.10
1117.94
1116.04
1116.04
25223.02
1132.01
1112.94
1127.00
1127.96
1116.04
1111.98
25240.90
1128.91
1124.14
1107.93
1125.81
1159.91
1138.93
25263.07
1158.95
1140.83
1139.88
1129.87
1127.00
25151.01
1192.09
1132.97
1117.94
1126.05
1116.99
1122.00
1119.85
21271.94
1176.12
1186.13
1172.07
1154.90
1159.91
1167.06
1158.00
1141.07
1158.00
25270.94
1170.16
1197.10
1177.07
1168.97
1166.82
1166.82
1116.99
1142.02
1138.93
25220.87
1200.91
6693.12
1204.97
1207.83
9245.87
1199.01
1147.99
1146.08
13252.02
1145.84
1134.87
13192.89
1172.07
1147.99
1152.99
1154.90
1142.02
1137.97
25210.86
1145.84
1122.00
1121.04
1125.10
1137.02
1135.11
25196.08
1155.14
1142.98
26465.18
1119.14
1115.08
1132.01
1119.14
1120.09
1127.00
1186.13
1187.09
1182.08
25265.93
1133.92
1121.04
1118.90
1194.95
1172.07
1183.03
1170.16
1178.03
1176.12
17228.13
1152.04
1125.10
1126.05
1132.97
1117.94
1116.04
25190.83
1175.88
1139.88
1143.93
1142.02
1132.97
1147.03
25237.08
1164.20
1147.03
1151.08
1139.16
1128.91
1141.07
1096.01
1133.92
1139.88
25200.13
1173.02
1137.02
1128.91
1127.00
1127.00
1136.06
1137.02
1135.11
1131.06
1127.96
25240.90
1133.92
1122.00
1124.86
1123.91
1123.19
1122.00
1120.09
1110.08
1111.98
25157.93
1194.00
1131.06
1121.04
1114.13
1142.98
1152.04
1154.90
1153.95
1147.03
1158.00
25273.08
1168.01
1150.85
1154.90
1154.90
1154.18
1142.02
1181.13
1173.02
1180.89
25261.16
1176.12
1151.08
1158.95
1174.93
1164.91
1168.97
1167.06
1148.94
1152.04
25206.09
1194.00
1152.04
1158.95
1133.92
1125.10
1120.09
25180.10
1192.09
1161.10
1159.19
1173.02
1176.12
1163.96
25222.06
1203.06
1168.97
1170.16
1166.11
1162.05
1172.07
25274.99
1186.85
1180.89
1149.89
1173.97
1177.07
25198.94
1238.11
1162.05
1157.05
1161.10
1147.03
1147.03
25202.99
1171.11
1152.04
1142.98
1151.08
1135.11
1141.07
25203.23
1209.97
1181.13
1168.97
1110.79
1122.95
1133.20
33199.07
1153.95
1130.82
1127.00
1136.06
1133.92
1128.91
1124.86
1141.79
1138.93
1135.11
25254.96
1139.88
1127.00
1113.89
1147.03
1150.85
1142.98
1160.14
1155.14
1144.89
25193.93
1173.02
1147.99
1147.99
1148.94
1148.94
1142.02
1143.93
1168.01
1154.90
25224.92
1180.89
1147.03
1141.07
1174.93
1158.95
1151.08
1160.14
1157.05
1155.14
1155.85
25282.86
1163.96
1158.00
1168.01
1158.95
1159.19
1154.90
1158.95
1165.15
1164.91
25294.07
1181.13
1171.11
1178.03
1132.01
1140.12
1137.02
1147.03
1137.02
1133.92
25205.85
1164.91
1128.20
1127.00
1116.04
1122.00
1119.85
25192.98
1167.06
1132.97
1123.91
1125.81
1118.90
1122.00
25187.02
1148.94
1135.83
1122.00
1132.97
1122.95
1122.95
25193.93
1212.12
1199.01
1178.98
1120.09
1122.95
1127.96
25202.04
1219.99
1173.97
1172.07
1169.92
1168.97
1168.97
25293.11
1183.03
1176.12
1180.17
1178.98
1188.04
25216.82
1220.94
1171.83
1158.95
1166.11
1178.03
1173.02
21227.84
1206.87
1178.03
1178.03
1158.00
1174.93
1160.14
1173.02
1170.16
1164.91
25226.83
1193.05
1174.93
1157.05
1176.12
1158.00
1152.99
13214.11
1203.06
1173.02
1194.95
1111.98
1122.00
1126.05
1134.16
1123.91
1120.09
1127.96
25217.06
1137.02
1131.77
1129.87
1114.85
1118.90
1122.00
1132.01
1138.21
1138.93
25206.09
1156.09
1123.19
1120.09
1132.01
1121.04
1119.85
1129.15
1123.91
1128.91
1118.18
25239.94
1144.89
1126.05
1135.11
1127.00
1132.01
1137.97
1147.99
1175.88
1180.89
29250.14
1188.04
1175.17
1182.08
1146.08
1155.14
1153.95
17260.79
1137.02
1130.10
1114.13
1165.15
1168.01
1175.17
25266.89
1142.02
1132.97
1137.02
1137.97
1138.21
1138.93
25234.22
1152.04
1145.12
1152.99
1142.02
1140.83
25197.98
1208.07
1178.98
1175.88
1181.84
1174.93
1178.03
25231.12
1199.01
1180.17
1173.02
1187.09
1178.98
1160.86
25275.95
1171.11
1155.14
1152.04
1150.13
1146.08
1143.93
25264.02
1141.07
1135.11
1131.06
1127.00
1127.96
1128.91
33289.91
1183.99
1167.06
1184.94
1164.91
1171.11
1175.17
1122.00
1127.00
1122.95
25254.96
1186.85
1177.07
1181.84
1161.81
1154.90
1154.18
1167.06
1158.00
1147.03
25205.85
1191.85
1165.87
1163.96
1147.99
1156.81
1158.00
1155.14
1134.87
1133.92
25181.06
1185.89
1152.99
1147.99
1138.93
1122.00
1122.00
1122.95
1122.95
1121.04
1122.95
25221.11
1141.07
1126.05
1131.06
1122.95
1120.09
1122.95
1116.04
1152.99
1155.14
25197.98
1178.98
1135.11
1126.05
1137.97
1144.89
1147.99
9191.04
1208.07
1181.13
1173.02
1187.09
1188.04
1195.91
25249.00
1209.97
1190.90
1178.03
1164.91
1169.92
1175.17
25283.10
1183.03
1183.99
1185.89
1168.97
1163.96
25213.00
1207.11
1183.99
1181.13
1181.13
1168.01
1168.97
25240.18
1173.97
1144.89
1139.88
1159.91
1166.11
1166.11
25229.93
1169.92
1152.99
1149.89
1149.89
1148.94
1152.04
1129.15
1167.06
1172.07
25244.00
1181.84
1154.90
1156.81
1159.91
1171.11
1175.17
1178.98
1172.78
1176.83
25197.03
1224.04
1175.17
1168.97
1178.03
1169.92
1163.01
1147.99
1149.18
1171.11
1159.91
25267.84
1157.05
1143.93
1134.87
1160.14
1158.00
1154.90
1166.11
1159.19
1147.03
25208.00
1173.97
1147.03
1162.05
1148.94
1139.88
1138.93
1146.08
1168.97
1168.01
25230.88
1163.96
1129.87
1131.77
1134.87
1147.03
1137.97
1151.08
1147.03
1145.84
1144.89
25254.01
1158.00
1145.12
1138.93
1153.95
1156.09
1155.14
29289.01
1178.03
1168.97
1162.05
1139.88
1138.93
25197.03
1184.94
1148.94
1140.83
1137.97
1169.20
1185.89
25250.91
1209.97
1168.01
1172.07
1177.07
1177.79
1163.01
25272.13
1187.09
1186.85
1173.97
1167.06
1170.87
1167.06
25291.20
1180.89
1177.79
1162.05
1198.05
1176.12
25244.00
1179.93
1137.02
1132.97
1146.08
1131.06
1126.05
25187.02
1158.00
1141.07
1131.06
1145.84
1135.83
1127.96
13190.98
1152.04
1141.07
1132.01
1144.89
1143.22
1142.02
25213.00
1164.91
1134.16
1128.91
1151.80
1156.81
1173.02
25235.89
1168.97
1137.97
1141.07
1130.10
1122.95
1131.06
1119.85
1120.81
1129.87
25143.86
1221.90
1164.91
1152.99
1153.95
1161.81
1164.91
1175.88
1115.08
1119.14
1121.04
29258.01
1202.82
1173.97
1184.94
1174.93
1174.93
1175.17
1115.08
1116.04
1119.14
25186.06
1191.14
1157.05
1167.06
1104.83
1116.99
1125.10
1131.06
1129.15
1126.05
1130.10
25238.04
1145.12
1127.96
1139.88
1130.82
1142.02
1142.98
1117.94
1135.83
1137.02
25214.91
1256.94
1146.79
1141.07
1134.87
1148.94
1145.12
1154.90
1147.99
1140.12
25192.98
1173.02
1151.08
1144.89
1152.99
1140.12
1136.06
1131.06
1162.05
1181.13
1183.99
29327.87
1198.05
1183.03
1189.95
1181.84
1182.08
25233.98
1217.13
1194.00
1191.14
1206.87
1183.99
1187.09
25280.00
1207.11
1170.16
1175.88
1134.87
1151.80
1154.90
25303.84
1194.95
1183.03
1196.86
1190.90
1182.08
25244.00
1226.19
1192.09
1188.04
1194.95
1186.85
1184.94
25277.14
1204.97
1178.03
1177.07
1154.90
1176.83
1174.93
25309.09
1196.15
1194.00
1192.09
1184.94
1182.79
1183.99
1187.09
1179.93
1181.84
25300.98
1204.01
1188.04
1198.05
1188.04
1192.09
1182.08
1172.07
1193.05
1188.99
25297.16
1183.99
1175.17
1174.93
1136.06
1184.94
1192.81
1181.84
1181.84
1181.84
25293.83
1188.99
1178.03
1188.04
1171.11
1168.97
1181.84
1166.82
1152.99
1147.99
25283.81
1203.06
1183.03
1174.21
1174.93
1166.11
1177.07
1168.01
1172.07
1165.15
25275.95
1180.89
1168.01
1170.87
1167.06
1160.86
1168.97
1159.91
1184.23
1184.94
25253.06
1196.86
1161.81
1158.95
1188.99
1185.18
1176.12
1183.99
1178.03
1186.85
29243.95
1194.00
1152.99
1159.91
1170.87
1173.02
1174.93
25277.85
1169.92
1159.19
1151.08
1154.90
1148.94
1149.18
25263.07
1158.95
1154.90
1157.05
1147.99
1142.02
1147.03
25252.10
1147.03
1139.88
1124.86
1122.95
1119.14
1118.90
25280.95
1183.03
1177.07
1181.13
1168.97
1171.83
25234.94
1204.01
1169.92
1180.17
1191.14
1174.93
1178.98
25278.09
1178.98
1164.91
1149.89
1141.07
1164.91
1168.01
1176.12
1163.01
1162.05
25235.89
1199.01
1180.89
1186.13
1181.13
1178.98
1173.02
1177.07
1132.97
1137.97
29186.01
1250.98
1208.07
1196.86
1175.88
1168.01
1174.93
1168.01
1135.11
1129.15
25165.08
1224.99
1171.83
1155.85
1147.03
1117.94
1119.85
1128.91
1127.00
1132.01
1132.01
25226.12
1150.13
1141.07
1153.95
1142.02
1147.03
1151.08
1156.09
1123.91
1123.91
25181.06
1200.20
1168.97
1175.17
1158.95
1143.93
1137.97
1143.93
1137.02
1138.93
1139.16
25251.87
1148.94
1145.84
1144.89
1142.98
1142.02
1137.97
1168.97
1168.97
1164.91
29223.92
1229.05
1204.01
1203.06
1198.05
1201.15
1202.11
25274.04
1177.07
1168.01
1164.91
1187.80
1204.01
25264.02
1214.98
1185.89
1174.93
1178.03
1171.11
1170.16
25249.96
1200.20
1177.07
1176.12
1176.83
1171.83
1174.93
25259.02
1143.93
1127.96
1122.00
1157.05
1157.05
1158.00
25259.02
1141.07
1125.10
1135.11
1136.06
1130.10
29142.86
1251.94
1189.95
1187.09
1178.98
1168.97
1177.07
1176.12
1163.96
1168.97
1168.01
25294.07
1176.12
1183.03
1183.99
1173.97
1173.97
1166.11
1141.07
1146.08
1145.12
25285.01
1180.89
1183.03
1150.85
1145.84
1138.93
1137.97
1147.99
1137.02
1134.16
25190.11
1167.06
1132.97
1127.00
1134.16
1132.01
1122.00
1127.00
1231.91
1231.91
25286.20
1182.08
1149.89
1144.89
1167.06
1203.06
1200.91
1208.78
1204.01
1197.10
25246.14
1240.02
1209.02
1200.91
1217.13
1199.01
1204.97
1186.13
1122.95
1125.10
25151.01
1230.00
1173.02
1169.92
1147.99
1139.88
1137.97
1145.12
1143.93
1145.12
1137.97
33258.20
1158.95
1151.80
1137.97
1185.18
1188.99
1181.13
25283.10
1179.93
1170.87
1184.94
1173.02
1168.97
25227.07
1202.82
1183.99
1183.03
1191.14
1189.95
1184.94
25247.10
1158.00
1132.97
1140.83
1135.83
1133.92
1130.10
25244.00
1145.84
1133.92
9181.02
1170.87
1133.92
1127.00
1121.04
1144.89
1144.89
25204.90
1173.02
1133.92
1126.77
1127.96
1124.14
1096.01
25166.03
1191.85
1169.92
1165.15
1181.13
1168.97
1163.96
1155.85
1117.23
1117.94
1120.09
25263.07
1172.07
1171.11
1166.11
1119.14
1118.90
1116.99
1130.10
1121.04
1118.90
25182.01
1150.13
1127.96
1121.04
1127.00
1119.85
1116.99
1127.00
1213.07
1210.93
25253.06
1182.08
1142.02
1139.16
1152.04
1199.96
1191.85
1197.81
1193.05
1184.94
1197.81
25298.83
1224.04
1199.96
1209.97
1199.01
1207.11
1191.14
1122.95
1127.96
1124.14
25310.04
1197.10
1187.09
1167.06
1144.17
1148.94
1152.04
1146.08
1143.93
1142.98
25274.99
1165.87
1151.80
1157.05
1147.03
1142.98
1145.84
25266.89
1159.91
1155.14
1137.97
1139.88
1134.16
1127.00
25244.95
1150.13
1143.93
1151.80
1141.07
1139.88
25190.83
1186.85
1147.03
1152.99
1156.09
1151.08
1149.18
25209.90
1207.83
1164.91
1163.01
1185.89
1161.81
1150.85
25223.97
1192.09
1157.05
1156.09
1156.09
1153.95
1153.95
25262.12
1157.05
1156.09
1154.18
1158.00
1155.14
1152.04
21285.06
1183.03
1167.77
1179.93
1172.07
1167.06
1163.01
1159.91
1163.96
1170.87
25285.01
1182.08
1171.11
1161.10
1163.01
1164.91
1173.97
1172.78
1173.97
1167.06
25224.92
1204.01
1178.98
1174.93
1170.16
1171.11
1172.07
1143.93
1130.82
1133.92
25205.85
1217.84
1187.80
1169.92
1134.87
1150.85
1156.81
1166.82
1152.04
1161.10
25178.91
1225.95
1171.11
1171.11
1172.07
1163.96
1159.91
1166.11
1186.13
1183.03
1178.98
25274.99
1158.95
1143.93
1137.97
1174.93
1178.03
1179.93
1178.03
1171.83
1171.83
25286.91
1188.04
1175.88
1183.99
1175.17
1174.93
1183.03
1183.99
1196.15
1187.09
25294.07
1171.11
1162.05
1163.01
1162.05
1159.19
1158.00
25290.01
1186.85
1170.87
1181.84
1166.82
1170.87
25231.84
1214.03
1185.18
1174.93
1188.04
1189.95
1183.03
25242.81
1192.09
1168.97
1179.22
1169.92
1170.87
1171.83
25285.96
1179.22
1173.97
1181.13
1174.93
1173.97
25225.16
1190.90
1158.95
1152.04
1142.98
1178.03
1172.07
29232.03
1176.83
1144.89
1142.02
1197.10
1204.01
1208.07
1208.07
1201.15
1202.11
25258.06
1238.11
1224.99
1214.98
1208.07
1205.92
1204.97
13302.09
1183.99
1176.83
1168.01
1166.11
1173.02
1176.12
1173.02
1170.16
1168.97
25276.18
1188.04
1173.97
1181.84
1174.93
1175.17
1173.02
1223.09
1214.98
1218.08
25305.99
1189.95
1169.92
1158.95
1219.03
1233.10
1237.87
1234.05
1232.86
1231.19
25346.99
1242.16
1231.91
1241.92
1235.01
1235.01
1196.86
1121.04
1125.10
1128.91
25308.13
1208.07
1190.90
1178.03
1145.84
1147.03
1148.94
1144.89
1146.08
1143.93
21270.04
1188.04
1178.98
1187.09
1176.12
1180.89
25213.00
1230.00
1194.95
1183.03
1204.97
1190.90
1190.19
25250.91
1230.96
1190.19
1188.04
1147.99
1169.92
1168.01
25304.79
1188.04
1170.87
1176.83
1172.07
1169.92
25194.88
1238.82
1173.97
1172.07
1182.08
1168.01
1174.21
25237.08
1204.01
1173.97
1168.01
1169.92
1169.92
1181.13
25270.94
1170.87
1152.99
1152.99
1142.98
1148.94
1147.99
25260.93
1194.00
1173.02
1178.03
1168.01
1177.07
1170.87
1117.94
1130.10
1127.96
25213.00
1219.99
1184.94
1187.09
1138.21
1146.08
1152.99
1153.95
1146.08
1144.89
25193.21
1189.95
1155.85
1150.85
1164.91
1151.08
1152.99
1142.98
1149.89
1153.95
1155.14
25270.94
1164.91
1152.99
1149.89
1160.86
1158.00
1152.99
1152.04
1154.18
1153.95
25262.12
1178.03
1164.91
1168.97
1159.91
1161.10
1161.10
1173.97
1179.93
1176.12
25243.04
1211.17
1188.99
1163.01
1173.97
1188.99
1185.89
1194.95
1186.13
1185.89
25252.82
1219.03
1192.09
1199.96
1188.04
1185.89
1188.04
25303.13
1180.17
1178.03
1157.05
1180.17
1188.99
25229.22
1274.11
1209.02
1186.13
1195.91
1187.80
1186.85
25260.93
1211.88
1188.99
1194.00
1188.04
1187.09
1182.08
25293.11
1183.03
1167.06
1151.08
1174.93
1163.96
25246.86
1206.87
1182.08
1177.79
1179.93
1177.07
1168.01
25224.92
1192.09
1173.97
1181.13
1166.11
1163.01
1165.15
25276.90
1213.07
1197.10
1203.06
1199.01
1199.01
1195.91
1111.03
1129.87
1129.87
25259.02
1214.03
1207.11
1194.00
1134.16
1140.12
1129.87
1145.84
1136.06
1143.93
25208.00
1179.93
1152.99
1152.04
1152.04
1141.79
1143.93
1140.83
1164.20
1179.93
21195.89
1233.82
1164.91
1178.98
1189.95
1169.92
1169.20
33231.97
1182.79
1148.94
1140.83
1202.82
1214.98
1225.95
1229.05
1216.17
1220.94
25280.95
1184.94
1158.00
1161.81
1215.93
1218.08
1226.19
25269.99
1146.08
1131.77
1143.93
1136.78
1137.02
1137.97
25259.97
1152.99
1138.93
1142.98
1139.88
1138.21
1137.97
25264.02
1163.96
1155.14
1144.89
1150.85
1153.95
25211.10
1208.07
1181.13
1171.11
1132.97
1145.84
1143.93
1147.99
1140.12
1142.02
1140.12
25247.10
1156.09
1141.07
1144.17
1142.02
1137.02
1137.02
1159.91
1156.81
1152.99
25221.11
1181.13
1140.12
1136.06
1153.95
1155.85
1158.00
1162.05
1150.13
1152.99
25209.19
1197.10
1171.11
1163.96
1178.98
1161.10
1162.05
1142.02
1166.11
1162.05
1170.87
25289.06
1184.94
1186.13
1158.00
1158.95
1168.97
1170.16
1165.87
1169.92
1168.97
25274.99
1147.99
1137.02
1128.91
1158.00
1150.13
1147.99
1162.05
1145.84
1152.99
25208.95
1169.92
1144.17
1146.08
1141.07
1133.92
1137.02
1119.85
1166.82
1165.87
37226.92
1168.97
1142.02
1129.15
1141.07
1127.96
1127.96
25175.09
1242.88
1208.07
1196.15
1147.99
1122.00
1122.95
25191.07
1244.78
1231.91
1237.15
1235.96
1232.15
1231.91
25338.89
1237.87
1232.15
1240.02
1233.10
1229.05
25274.04
1194.95
1170.87
1176.83
1225.95
1209.02
1207.11
25272.13
1156.09
1142.02
1145.12
1137.97
1140.83
1137.02
29269.93
1192.09
1178.03
1172.07
1136.06
1138.93
1142.02
1140.12
1143.93
1141.07
25252.10
1152.99
1142.02
1146.79
1147.03
1147.99
1139.88
1159.19
1151.08
1145.12
25214.91
1199.96
1177.07
1171.11
1168.01
1175.88
1161.81
1161.81
1152.04
1158.95
25211.81
1192.09
1173.97
1159.91
1166.11
1153.95
1158.00
1171.11
1151.08
1158.95
1157.05
25262.12
1143.93
1142.02
1127.96
1141.07
1143.93
1143.93
1150.13
1143.93
1147.99
25202.04
1172.07
1153.95
1156.09
1147.99
1146.08
1148.94
1142.98
1142.02
1139.88
25199.89
1164.91
1133.20
1127.00
1130.10
1133.92
1134.87
1138.93
1128.20
1126.05
1125.10
41255.00
1204.97
1185.89
1194.95
1181.13
1178.98
1175.17
25280.00
1194.00
1185.89
1190.90
1179.93
1173.02
25248.05
1204.97
1183.99
1188.04
1183.03
1177.07
1172.07
25269.99
1188.99
1175.17
1170.87
1158.95
1153.95
1154.90
25287.87
1184.94
1171.11
1183.03
1176.12
1167.06
25228.02
1209.97
1178.03
1173.02
1179.93
1171.11
1171.11
25242.09
1171.11
1135.11
1127.96
1172.78
1168.01
1174.93
1178.98
1176.12
1172.07
25230.17
1207.11
1177.07
1177.07
1178.03
1172.07
1168.01
1155.85
1117.94
1132.01
1125.81
25265.93
1171.83
1164.91
1153.95
1122.00
1129.15
1132.01
1129.15
1132.01
1126.05
25189.88
1149.18
1127.96
1134.87
1127.00
1132.01
1123.91
1121.04
1140.12
1134.87
17186.88
1218.08
1158.00
1142.98
1147.03
1120.09
1127.00
1132.97
1129.87
1127.96
1129.15
25218.01
1137.97
1129.87
1133.92
1127.00
1124.86
1124.86
1127.96
1199.96
1209.97
25285.01
1180.17
1154.90
1147.03
1176.83
1211.88
1220.94
1240.02
1210.21
1228.09
33291.10
1250.98
1213.07
1210.21
1206.87
1209.97
1209.02
25315.05
1220.23
1209.02
1215.93
1209.97
1204.01
25287.87
1169.92
1140.12
1141.07
1204.97
1193.05
1199.01
25290.01
1138.93
1127.00
1134.16
1122.95
1119.85
1117.94
25223.02
1132.01
1122.95
1124.86
1122.00
1122.00
1120.09
25245.19
1158.00
1139.88
1137.02
1134.87
1143.93
1147.03
25256.87
1183.99
1168.01
1161.10
1156.09
1155.14
1153.95
1118.90
1128.20
1132.97
25205.14
1219.03
1175.17
1174.93
1116.99
1120.09
1122.95
1125.81
1121.04
1122.00
1124.14
25219.92
1134.87
1118.90
1135.11
1131.06
1132.01
1129.87
1169.92
1177.07
1172.07
25259.02
1147.99
1132.97
1130.82
1176.83
1167.06
1172.07
1179.93
1164.91
1163.96
25223.97
1204.01
1171.83
1173.02
1176.12
1168.97
1163.01
1170.87
1211.88
1204.01
25255.92
1194.95
1152.99
1159.19
1214.03
1211.88
1210.93
1214.03
1206.87
1205.92
25267.12
1263.14
1223.09
1234.05
1247.17
1230.96
1230.00
1242.88
1235.96
1229.05
25336.03
1243.11
1233.10
1235.01
1231.19
1229.05
25294.07
1213.07
1183.99
1174.93
1187.09
1201.15
1202.11
25310.99
1210.21
1184.94
1187.80
1188.99
1187.09
25217.06
1250.98
1193.05
1188.99
1194.95
1182.79
1185.89
25254.96
1209.02
1186.85
1180.89
1169.20
1168.97
1176.12
25283.10
1176.83
1168.01
1178.03
1175.17
1173.02
1178.03
33214.81
1138.93
1126.05
1127.00
1121.04
1116.99
1119.85
1173.97
1187.09
1187.09
25275.95
1137.02
1124.86
1122.00
1170.16
1166.11
1172.07
1178.98
1167.77
1168.01
25238.99
