1410.01
1358.99
1370.19
1343.01
25383.00
1566.89
1399.04
13526.92
1500.13
1481.06
1387.12
1394.03
1362.80
25609.02
1415.97
13489.96
1478.20
1405.00
1379.97
1362.09
1356.84
25497.91
1450.06
1360.18
13564.11
1402.14
1387.12
1374.01
1356.84
1339.91
25574.92
1406.91
13494.01
1478.20
1400.95
1380.92
1353.98
1367.81
29590.85
1436.95
1384.02
1379.97
1347.06
1343.97
25573.97
1396.18
9449.01
1441.00
1363.99
13465.88
1446.01
1378.77
1374.96
1345.87
1347.78
25584.94
1411.91
1361.85
13555.05
1404.05
1396.89
1369.00
1340.15
25490.05
1464.84
1379.01
13524.06
1466.04
1403.09
1453.88
1472.00
25423.05
1523.02
1380.92
13509.99
1456.02
1374.01
1375.91
1353.98
1340.87
25573.02
1424.07
1368.05
13617.04
1396.18
1381.87
1369.00
1353.03
25470.02
1487.97
1376.87
13509.04
1442.91
1370.91
1369.00
1363.04
1351.12
25618.79
1414.06
13489.96
1472.00
1373.05
1368.05
1386.17
1361.13
25499.11
1467.23
1380.92
13619.90
1402.85
1377.11
1364.95
1370.91
25454.04
1489.88
1369.95
13490.92
1458.88
1369.95
1381.87
1349.93
1344.20
25580.88
1404.05
1369.95
13601.06
1375.91
1364.95
1356.12
1379.97
25473.83
1484.16
1388.07
13494.97
1441.00
1366.85
1386.88
1369.00
1359.94
25594.95
1417.88
13494.01
1466.99
1369.00
1369.95
1357.08
1361.13
25496.96
1460.08
1384.02
13607.98
1407.86
1368.05
1385.93
1343.01
25367.98
1536.13
1401.19
13481.14
1437.19
1369.00
1389.03
1362.09
1347.06
25524.14
1463.89
1367.81
13595.10
1409.05
1376.87
1358.99
1351.12
25475.03
1476.05
1386.17
13511.90
1446.01
1368.05
1393.08
1369.95
1349.93
25590.90
1420.97
13445.14
1508.00
1387.12
1376.15
1358.03
1348.02
25492.91
1492.98
1379.97
13579.13
1399.99
1365.90
1365.18
1350.16
1339.91
25610.92
1393.80
13488.05
1459.84
1373.05
1368.05
1366.85
1353.98
25504.11
1463.17
1374.96
13586.04
1412.15
1394.99
1360.89
1354.93
25462.15
1482.01
1389.03
13497.11
1456.02
1386.88
1371.86
1345.87
1356.84
25603.06
1410.01
1379.01
13576.03
1374.96
1370.91
1360.89
1357.08
25483.85
1476.05
1367.81
13500.93
1451.97
1375.91
1369.95
1369.00
1369.95
25619.98
2218.01
13595.10
1399.99
1374.01
1356.84
1352.79
25465.01
1482.01
1403.09
13513.80
1512.05
1389.98
1372.10
1358.03
1331.81
25591.85
1394.99
1365.90
13567.92
1388.79
1371.86
1356.84
1338.96
25463.82
1465.08
1357.08
13481.14
1449.11
1374.96
1369.95
1346.11
1363.99
25588.99
1403.09
13459.21
1479.15
1384.02
1391.89
1370.19
1353.03
25501.01
1472.95
1384.97
13583.90
1413.82
1376.87
1399.99
1365.18
25414.94
1554.97
1396.89
13507.84
1465.08
1372.81
1368.05
1351.12
1359.94
25605.92
1400.95
1356.84
13584.85
1394.03
1361.13
1355.17
1351.12
25473.12
1464.84
1374.96
13507.84
1439.09
1369.00
1430.03
1361.13
1353.03
25599.00
1415.97
13463.97
1470.09
1378.06
1380.92
1355.17
1352.07
25491.95
1456.98
1369.00
13576.03
1421.93
1375.91
1379.97
1357.08
1348.02
25570.87
1402.85
13501.88
1459.12
1389.03
1394.03
1358.03
1353.98
25558.95
1424.79
1369.95
13609.89
1395.94
1377.11
1366.14
1380.21
25492.91
1469.14
1374.96
13505.94
1455.07
1374.01
1370.91
1354.93
1346.83
25597.10
1412.15
13473.99
1477.96
1375.91
1383.07
1382.11
1367.09
25504.11
1480.10
1383.07
13602.02
1413.11
1394.99
1395.94
1374.01
25470.97
1482.01
1383.78
13489.01
1454.83
1363.99
1374.01
1343.01
1363.04
25611.88
1408.82
1369.00
13596.06
1386.88
1393.08
1358.99
1366.85
25487.90
1451.97
1361.85
13497.83
1439.09
1368.05
1374.96
1348.97
1358.99
25598.05
1394.99
13463.97
1453.88
1385.93
1392.84
1363.99
1359.94
25501.01
1478.20
1377.11
13601.06
1410.01
1374.01
1379.01
1349.93
25395.15
1538.99
1385.93
13506.89
1484.87
1372.10
1367.09
1348.97
1349.93
25567.05
1420.97
1358.99
13583.90
1394.03
1369.00
1343.01
1343.97
25477.89
1476.05
1415.97
13502.12
1441.00
1372.10
1372.10
1351.12
1348.02
25597.81
1405.00
13425.83
1544.00
1391.89
1397.85
1355.89
1358.99
25491.95
1456.98
1381.87
13579.85
1400.95
1346.83
1368.05
1351.12
1340.15
25585.89
1387.12
13492.11
1451.02
1364.95
1381.16
1355.89
1352.07
25501.01
1451.02
1358.99
13583.90
1397.13
1367.09
1363.04
1339.91
25370.12
1544.95
1374.01
13494.97
1451.02
1378.06
1387.12
1358.99
1354.93
25529.86
1446.01
1374.96
13612.03
1395.94
1399.04
1365.90
1358.99
25490.05
1473.90
1387.83
13499.02
1529.93
1377.82
1379.01
1351.12
1357.79
25607.11
1398.09
13480.19
1451.97
1380.92
1379.97
1365.18
1338.96
25485.04
1467.94
1379.01
13592.00
1395.94
1360.89
1375.91
1356.84
1343.97
25567.05
1385.93
13493.06
1450.06
1377.11
1372.10
1355.17
1352.07
25498.87
1456.98
1385.93
13598.20
1405.95
1389.03
1361.13
1363.04
25494.81
1475.10
1383.07
13508.08
1451.02
1369.00
1380.92
1354.22
1349.93
25602.82
1404.05
13388.87
1523.97
1379.97
1367.09
1354.93
1349.93
25485.04
1466.99
1387.12
13492.82
1424.07
1363.04
1433.85
1369.00
1338.01
25601.15
1389.03
13470.89
1458.88
1369.00
1369.00
1342.06
1348.97
25500.06
1458.17
1374.96
13587.95
1409.05
1377.11
1375.91
1355.17
25398.97
1556.16
1559.02
13509.99
1465.08
1365.90
1361.85
1334.91
1344.20
25573.02
1399.99
1353.03
13575.79
2201.08
1371.15
1336.10
1357.08
25581.12
1395.94
13448.00
1451.02
1379.01
1382.11
1362.09
1359.94
25494.10
1458.88
1401.90
13587.95
1408.82
1370.91
1374.96
1350.88
1345.87
25584.94
1401.90
13489.96
1451.02
1384.02
1380.92
1402.85
1362.80
25556.09
1397.13
1364.23
13573.88
1389.03
1363.04
1370.91
1359.22
25460.00
1465.80
1369.00
13497.83
1449.11
1369.95
1374.01
1356.12
1356.12
25578.02
1439.81
1368.05
13581.04
1387.83
1370.91
1380.92
1372.81
25491.00
1464.84
1368.05
13509.99
1414.06
1369.00
1371.86
1374.96
1358.99
25609.97
1397.13
13431.07
1439.09
1361.85
1364.95
1350.16
1338.01
25476.22
1446.96
1364.95
13532.88
1401.90
1348.97
1366.14
1343.97
1334.91
25594.00
1392.13
13447.05
1463.89
1368.05
1356.84
1352.07
1349.93
25480.03
1445.06
1362.80
13505.94
1420.97
1366.85
1361.85
1338.01
1343.01
25584.94
1395.94
13453.96
1466.99
1360.89
1375.91
1365.90
1344.92
25476.93
1458.88
1365.90
13556.96
1401.90
1360.89
1375.20
1346.11
1345.16
25603.06
1400.95
13477.09
1448.87
1359.94
1374.01
1348.02
1351.12
25483.13
1458.17
1381.16
13591.05
1401.19
1368.05
1370.19
1339.91
25378.94
1533.03
1387.12
13482.09
1447.20
1382.11
1363.99
1353.03
1347.06
25494.10
1446.01
1371.15
13570.07
1394.03
1366.85
1359.94
1347.78
25436.88
1503.94
1383.07
13497.11
1457.93
1378.06
1369.95
1353.03
1352.07
25573.97
1410.01
1367.09
13580.08
1389.03
1379.97
1358.99
1354.93
25471.93
1461.03
1374.01
13488.05
1441.96
1374.96
1374.96
1362.09
1344.20
25584.94
1400.95
1359.94
13564.11
1385.93
1375.20
1367.09
1352.07
25485.04
1452.92
1387.83
13511.90
1435.04
1363.99
1369.00
1362.09
1347.06
25607.82
1405.95
13476.85
1457.93
1374.96
1379.01
1359.94
1362.09
25481.94
1458.88
1371.86
13593.91
1405.95
1363.04
1369.00
1353.98
29383.90
1544.00
1383.07
1379.97
1369.00
1343.01
25493.86
1451.02
1368.05
9485.01
1407.15
1368.05
13543.84
1395.94
1363.99
1363.99
1352.07
25399.92
1516.82
1375.91
13468.98
1437.90
1360.89
1369.00
1346.11
1347.06
25485.04
1446.01
1372.81
13576.98
1394.99
1369.95
1358.99
1351.12
25395.15
1523.02
1378.06
13494.97
1437.90
1358.03
1373.05
1358.03
1349.93
25540.83
1428.13
1369.95
13589.86
1396.89
1377.82
1369.95
1353.03
25468.83
1475.10
1376.15
13489.96
1440.05
1365.18
1375.91
1351.12
1349.93
25581.84
1400.95
1377.82
13545.99
1379.97
1377.11
1352.07
1355.17
25470.97
1461.98
1371.15
13492.11
1434.80
1354.93
1377.11
1353.98
1342.06
25592.09
1405.00
13415.10
1508.00
1389.98
1371.86
1352.79
1350.88
25481.94
1462.94
1371.15
13489.01
1430.03
1361.13
1366.14
1346.11
1343.01
25588.04
1397.13
13455.15
1479.15
1374.96
1379.97
1360.89
1353.98
25486.95
1459.12
1372.10
13564.11
1405.00
1359.94
1373.05
1354.93
1347.06
25581.12
1394.03
13479.95
1443.86
1374.01
1372.10
1355.17
1350.16
29511.93
1460.08
1374.01
1384.02
1358.99
1348.97
25584.94
1399.99
9444.95
1472.95
1376.87
13479.95
1438.86
1365.90
1368.05
1359.94
1348.97
25525.81
1424.07
1374.01
13582.94
1401.90
1375.20
1353.03
1348.02
25463.10
1481.06
1374.01
13491.15
1446.01
1363.99
1370.19
1358.03
1353.98
25587.08
1404.05
1367.09
13577.94
1398.09
1378.06
1366.85
1349.93
25473.83
1466.04
1372.10
13493.06
1436.00
1374.96
1382.11
1353.03
1351.12
25597.81
1407.15
13459.92
1492.02
1376.15
1367.09
1367.81
1351.12
25491.00
1466.99
1370.91
13561.96
1405.00
1368.05
1379.01
1359.94
1352.07
25569.92
1394.03
13503.07
1446.96
1373.05
1370.91
1363.04
1356.84
25491.00
1457.21
1379.01
13581.04
1394.03
1372.10
1360.18
1348.97
25438.07
1476.05
1370.91
13491.87
1459.84
1374.96
1369.95
1357.08
1348.97
25573.02
1413.11
1351.12
13582.94
1386.88
1379.01
1358.99
1343.97
25463.82
1470.09
1377.11
13493.06
1437.90
1367.81
1369.00
1350.16
1338.01
25582.79
1412.15
1354.93
13566.02
1379.97
1367.09
1350.88
1347.06
25472.88
1461.03
1374.01
13490.92
1443.86
1358.03
1365.90
1345.87
1345.87
25603.06
1397.13
1363.99
1531.84
1379.01
1367.09
1353.03
1342.06
25474.07
1464.84
1380.92
13495.92
1433.85
1363.99
1368.05
1344.92
1347.06
25589.94
1397.85
13427.97
1484.87
1371.86
1360.89
1351.83
1344.92
25483.85
1461.03
1367.81
13505.94
1425.03
1369.00
1367.81
1343.01
1341.10
25600.91
1404.05
13467.79
1464.13
1363.99
1369.00
1357.08
1350.88
25485.04
1446.96
1387.83
13567.92
1396.89
1358.99
1360.18
1343.97
1345.87
25596.86
1397.85
13485.91
1452.92
1370.19
1369.00
1358.03
1343.97
25496.01
1459.84
1361.85
13587.00
1394.99
1354.93
1368.05
1351.12
25406.12
1528.02
1373.05
13491.87
1453.16
1372.10
1375.20
1364.95
1356.84
25518.89
1427.89
1373.05
13572.93
1393.08
1388.07
1369.00
1348.97
25470.97
1471.04
1371.15
13497.11
1444.82
1368.05
1376.15
1353.98
1353.98
25593.04
1413.11
1364.95
13557.20
1389.03
1383.07
1363.99
1352.07
25491.95
1464.13
1378.06
13495.21
1439.09
1367.09
1375.91
1351.83
1357.08
25600.91
1399.99
13457.06
1469.85
1379.01
1386.17
1374.01
1350.16
25498.15
1456.98
1365.90
13581.99
1406.19
1369.95
1369.00
1353.03
1351.83
25575.88
1398.09
13495.92
1456.02
1370.19
1378.06
1360.89
1358.99
25506.97
1442.91
1364.95
13592.96
1396.89
1370.91
1370.91
1349.93
25459.05
1466.99
1389.98
13499.98
1455.07
1372.10
1388.07
1363.99
1348.02
25592.09
1413.11
1366.85
13551.95
1376.15
1378.06
1366.14
1362.09
25480.03
1466.04
1382.83
13494.97
1435.04
1364.95
1377.82
1358.03
1347.06
25610.21
1403.09
13478.99
1466.99
1375.91
1366.85
1361.85
1353.03
25485.99
1452.92
1385.93
13561.96
1394.99
1369.00
1379.97
1358.99
1344.92
25579.21
1399.04
13500.93
1458.88
1374.01
1383.07
1353.03
1350.88
25491.00
1447.20
1364.95
13597.97
1398.09
1377.11
1358.03
1348.97
25448.08
1487.97
1381.87
13494.01
1447.92
1378.06
1379.01
1359.94
1348.97
25573.02
1420.02
1369.95
13579.13
1387.83
1387.83
1368.05
1356.12
25494.10
1470.09
1379.01
13511.90
1451.02
1377.11
1382.83
1353.98
1353.03
29613.97
1399.04
1372.10
1357.08
1355.17
25480.03
1478.91
1386.17
9474.04
1442.91
1376.15
13556.00
1404.05
1364.95
1371.86
1350.88
1349.93
25588.04
1396.89
13526.92
1456.02
1366.14
1379.97
1359.94
1353.98
25514.13
1436.00
1359.94
13587.00
1407.15
1381.16
1358.99
1354.93
25478.12
1477.00
1384.02
13492.11
1448.87
1379.01
1369.00
1353.98
1358.99
25597.10
1406.91
1375.91
13561.96
1392.13
1381.16
1376.15
1353.98
25500.06
1462.94
1383.07
13545.99
1422.17
1366.14
1375.91
1353.03
1348.02
25596.86
1404.05
13480.19
1455.07
1375.20
1365.90
1363.04
1352.07
25483.13
1465.08
1369.00
13595.82
1410.01
1368.05
1376.87
1363.04
25424.96
1526.12
1384.02
13520.00
1453.88
1371.86
1382.11
1347.06
1347.06
25583.03
1419.07
1361.85
13588.91
1384.97
1376.15
1367.09
1352.07
25482.18
1467.23
1373.05
13500.21
1450.06
1376.87
1378.06
1351.12
1343.97
25580.88
1411.91
13428.93
1508.95
1388.07
1374.01
1358.99
1342.06
25487.90
1453.88
1369.00
13535.98
1418.11
1363.04
1374.01
1358.03
1343.01
25607.82
1399.04
13477.09
1461.98
1373.05
1376.87
1348.97
1346.11
25482.18
1465.08
1374.01
13573.88
1398.09
1363.99
1360.18
1353.98
1348.02
25571.11
1396.18
13489.01
1447.92
1365.90
1368.05
1354.93
1346.83
25490.05
1447.92
1365.90
13567.92
1392.13
1363.99
1380.92
1353.03
25422.10
1507.04
1383.07
13498.07
1436.00
1364.95
1368.05
1350.88
1340.87
25545.84
1422.17
1351.12
13590.10
1389.98
1384.97
1359.94
1349.21
25462.87
1470.09
1376.15
13498.07
1442.91
1366.85
1369.00
1356.12
1338.96
25586.84
1404.05
1360.18
13566.97
1384.97
1369.95
1362.09
1350.16
25477.17
1467.94
1380.92
13489.96
1441.96
1357.79
1367.09
1353.98
1351.83
25580.88
1399.04
13415.10
1520.87
1374.96
1365.18
1353.98
1344.92
25487.90
1484.87
1374.01
13504.98
1423.12
1369.95
1370.91
1350.88
1344.92
25605.20
1393.08
13472.08
1451.02
1369.95
1369.00
1353.03
1346.83
25491.95
1452.92
1371.86
13568.88
1399.04
1366.14
1376.15
1358.03
1341.10
25582.08
1391.89
13487.82
1448.15
1363.04
1375.20
1352.07
1347.06
25506.97
1448.15
1371.15
13569.12
1389.98
1361.13
1374.01
1350.16
25391.10
1532.79
1374.01
13488.77
1451.97
1371.86
1369.95
1355.17
1346.11
25496.96
1444.82
1367.09
13574.12
1395.94
1369.00
1366.14
1351.12
25445.94
1497.03
1382.83
13497.83
1444.10
1365.18
1367.09
1344.92
1343.97
25564.19
1410.01
1358.03
13592.96
1389.98
1377.82
1343.97
1349.93
25468.83
1469.14
1377.11
13486.15
1438.14
1367.09
1381.16
1360.89
1344.92
25595.90
1401.90
1365.18
13556.00
1379.01
1374.96
1352.07
1348.02
25471.21
1464.13
1377.11
13496.16
1434.09
1363.99
1369.00
1356.12
1346.11
25585.17
1399.99
13427.97
1526.83
1379.01
1371.15
1356.12
1355.17
25480.03
1451.97
1372.10
13559.10
1402.14
1357.08
1379.01
1355.89
1352.07
25590.90
1395.94
13489.01
1456.98
1372.10
1369.00
1358.03
1347.06
25498.15
1460.08
1371.86
13597.97
1399.04
1363.99
1366.14
1349.21
25398.02
1534.94
1381.16
13497.11
1441.00
1366.85
1373.05
1353.03
1346.83
25527.00
1429.08
1369.95
13573.17
1384.97
1385.93
1355.17
1348.97
25468.11
1472.00
1369.00
13489.96
1445.06
1379.01
1377.11
1358.03
1343.97
25594.95
1414.06
1356.84
13578.89
1401.90
1374.96
1367.81
1350.88
25490.05
1460.08
1371.15
13486.15
1433.13
1367.09
1382.11
1355.17
1350.88
25594.00
1405.95
13458.01
1472.00
1379.01
1343.97
1349.93
1346.11
25483.13
1451.02
1358.99
13521.19
1407.15
1357.08
1359.94
1343.01
1338.01
25578.98
1399.04
13448.95
1460.08
1363.99
1366.85
1348.97
1352.07
25480.03
1455.07
1371.15
13520.96
1412.87
1363.99
1370.91
1342.06
1343.97
25598.05
1389.98
13468.03
1465.08
1369.00
1373.05
1349.93
1342.77
25486.95
1451.02
1373.05
13566.02
1401.90
1363.04
1375.91
1353.03
1349.93
25595.90
1395.94
13489.01
1453.16
1366.14
1373.05
1349.21
1343.97
25502.92
1451.02
1377.11
13591.05
1399.99
1362.09
1367.09
1356.12
25403.98
1505.14
1379.97
13493.06
1439.09
1374.96
1365.90
1348.97
1346.11
25501.97
1436.95
1368.05
13587.95
1399.04
1369.00
1361.85
1347.06
25444.03
1477.96
1379.97
13492.11
1434.80
1363.99
1376.15
1353.98
1353.98
25574.21
1405.00
1374.96
13587.95
1389.03
1371.15
1356.12
1354.93
25471.93
1461.03
1378.06
13498.07
1438.86
1368.05
1369.95
