1137.97
1061.92
1064.06
1114.85
1226.90
1145.84
1145.84
1142.98
1147.03
1141.07
1143.93
1132.01
1142.02
17165.18
1147.03
1115.08
1096.01
1132.97
1147.03
1168.97
1137.97
1150.85
1135.83
1148.94
1156.09
1165.15
1171.11
17189.03
1154.18
1115.08
1114.13
1125.10
1142.98
1146.08
1167.06
1175.17
1169.92
1168.97
1176.12
1172.07
1183.03
17227.17
1138.93
1111.03
1108.88
1142.02
1158.00
1144.89
1160.86
1152.99
1152.04
1153.95
1169.92
1143.93
1147.99
17199.04
1080.99
1058.10
1059.06
1147.03
1146.08
1139.88
1152.99
1140.12
1155.14
1163.01
1158.95
1147.03
1148.94
17194.99
1097.20
1086.95
1069.78
1168.97
1159.19
1156.09
1159.91
1152.99
1153.95
1153.95
1147.99
1148.94
1150.13
17225.98
1114.85
1114.85
1096.01
1121.04
1125.10
1134.16
1140.12
1125.10
1127.96
1135.11
1136.06
1114.13
1130.10
17214.06
1079.08
1065.97
1077.89
1077.89
1090.05
1105.07
1102.92
1096.01
1111.03
1089.81
1093.86
1086.95
1083.14
1065.02
1085.04
1069.07
1068.83
1075.98
1089.10
1100.06
1100.06
17179.97
1105.07
1076.94
1076.94
1074.08
1071.93
1080.99
1071.21
1075.03
1070.02
1071.93
1086.00
1104.83
1102.92
1103.16
17162.08
1081.94
1062.87
1071.21
1063.11
1062.87
1066.92
1071.93
1065.97
1070.02
1061.92
1072.88
1087.90
1088.14
17116.07
1130.82
1094.82
1086.95
1090.05
1082.90
1083.14
1086.00
1088.14
1083.14
1090.05
1075.03
1050.00
1054.05
1060.01
17105.10
1111.03
1072.17
1065.02
1077.18
1066.92
1070.98
1063.11
1070.02
1065.02
1062.87
1055.00
1089.10
1107.93
1091.00
17179.01
1094.10
1070.98
1070.98
1080.04
1075.98
1070.98
1080.99
1065.97
1064.06
1068.83
1067.16
1075.98
1097.92
1081.94
17176.87
1090.05
1077.89
1076.94
1075.98
1070.02
1071.93
1077.89
1071.93
1067.88
1068.83
1061.92
1044.99
1046.90
1047.85
17149.93
1081.94
1066.21
1070.02
1065.02
1067.88
1071.21
1086.00
1067.16
1075.98
1068.12
1055.00
1050.00
1047.13
13493.06
1165.15
1132.97
1125.10
1133.20
1125.10
1126.05
1131.06
1121.04
1127.96
1118.90
1133.92
1128.91
1123.19
17155.89
1163.96
1141.79
1132.97
1132.97
1127.00
1125.10
1124.14
1126.05
1129.15
1122.00
1132.97
1127.96
1123.19
25161.03
1127.96
1081.94
1078.84
1082.90
1082.18
1075.98
1078.13
1070.98
1083.85
1075.98
1075.98
1072.88
1075.03
1075.98
17153.98
1116.04
1086.00
1082.90
1097.92
1082.90
1084.09
1074.08
1084.80
1091.00
1099.11
1104.12
1090.05
1091.00
1090.05
17159.22
1080.04
1067.16
1065.02
1066.21
1067.88
1066.92
1073.12
1090.05
1100.06
1087.19
1087.90
1092.91
1079.08
17121.08
1128.91
1083.14
1074.08
1070.02
1076.94
1057.86
1072.88
1111.98
1092.91
1095.06
1094.10
1106.02
1096.01
1094.82
17183.78
1092.91
1077.89
1067.88
1071.93
1064.06
1073.12
1076.94
1106.98
1104.12
1106.02
1122.95
1113.89
1101.97
1103.16
17155.89
1087.90
1085.04
1088.14
1080.99
1077.89
1075.98
1046.90
1100.06
1094.10
1097.92
1102.92
1105.79
1108.88
9132.86
1130.82
1106.02
1106.02
1105.07
1087.19
1094.10
1097.92
1096.96
1086.95
1083.85
1096.01
1086.00
1095.06
1088.86
17177.82
1104.83
1098.87
1093.86
1096.96
1091.96
1078.84
1101.97
1081.94
1091.00
1086.00
1095.06
1091.96
1087.90
17120.84
1122.95
1104.83
1091.96
1098.16
1096.01
1094.10
1100.06
1097.20
1095.06
1097.92
1098.87
1096.96
1091.00
1091.96
17193.08
1110.08
1103.88
1107.93
1089.81
1099.82
1093.86
1105.07
1096.96
1092.20
1098.87
1098.87
1089.81
1092.91
17127.99
1132.01
1109.12
1091.00
1102.92
1100.06
1089.10
1100.06
1103.88
1085.04
1103.16
1105.07
1091.00
1091.00
1104.83
17182.83
1118.90
1101.97
1100.06
1113.18
1117.94
1108.88
1106.02
1106.02
1105.07
1103.88
1105.07
1102.92
1097.92
17194.03
1096.96
1084.09
1095.06
1111.98
1114.85
1116.04
17147.06
1166.11
1120.09
1119.14
1067.88
1070.02
1084.09
1085.04
1075.03
1073.84
1086.00
1075.98
1074.08
1079.08
1083.14
13750.08
1115.80
1109.84
1110.08
1126.05
1111.03
1111.03
1071.93
1091.00
1092.91
1101.02
1082.90
1094.82
1088.86
17166.85
1070.98
1068.12
1075.03
1075.98
1083.85
1085.04
1097.92
1082.90
1093.15
1088.14
1103.88
1093.15
1086.95
17117.02
1135.11
1106.98
1091.96
1104.12
1080.99
1073.84
1070.98
1110.08
1116.99
1115.08
1111.98
1111.03
1104.83
1099.82
17189.98
1118.18
1101.97
1116.99
1110.08
1107.93
1122.95
1125.10
1123.91
1133.92
1123.19
1162.05
1166.11
1167.06
17239.09
1139.88
1133.20
1143.93
1132.01
1124.86
1137.02
1142.02
1137.02
1142.98
1129.15
1085.04
1091.00
1096.01
17158.99
1132.01
1116.99
1097.92
1114.85
1083.85
1083.85
1083.85
1078.84
1080.99
1079.08
1129.15
1097.92
1101.02
17133.95
1164.91
1119.85
1122.00
1136.06
1127.96
1127.96
1137.97
1142.02
1126.05
1131.06
1141.07
1170.16
1159.91
17189.03
1173.02
1150.13
1135.11
1146.08
1137.97
1137.97
1147.03
1132.01
1125.10
1129.87
1111.03
1099.11
1106.02
1101.97
11847.97
1156.09
1155.14
1141.07
1142.02
1132.01
1124.86
1116.99
1120.09
1117.94
1106.02
17146.11
1199.01
1161.10
1161.10
1111.03
1099.82
1092.91
1091.96
1086.95
1076.94
1075.98
1087.90
1078.84
1089.81
1091.00
17251.97
1178.98
1175.17
1151.08
1082.90
1081.94
1074.08
1091.96
1072.88
1086.00
1096.01
1098.16
1105.07
1101.02
17207.15
1163.01
1146.79
1163.96
1110.08
1126.05
1132.01
1142.98
1137.97
1128.91
1142.98
1142.02
1127.00
1132.01
17235.99
1177.07
1154.18
1153.95
1119.85
1110.79
1121.04
1111.98
1099.11
1100.06
1105.79
1092.91
1089.81
1081.94
17125.13
1163.01
1142.02
1137.02
1091.00
1080.04
1095.06
1095.06
1101.02
1102.92
1106.02
1119.85
1110.79
1113.89
17158.99
1168.01
1103.88
1091.96
1086.95
1142.98
1131.06
1140.12
1142.98
1133.92
1138.21
1139.88
1118.90
1118.18
1112.94
17230.03
1150.13
1148.94
1168.01
1077.89
1083.85
1082.90
1078.84
1074.79
1067.88
1067.88
1070.02
1065.97
1071.21
13815.88
1174.93
1150.85
1166.82
1162.05
1178.03
1180.17
1127.00
1134.87
1138.93
1149.89
1127.00
1111.03
17158.99
1158.95
1111.98
1103.88
1119.14
1101.02
1104.83
1097.92
1086.00
1080.04
1086.95
1103.88
1095.77
1091.96
1108.17
17210.96
1155.85
1149.89
1163.01
1167.06
1173.97
1184.94
1094.10
1077.18
1071.93
1084.09
1081.23
1075.03
1089.10
17180.92
1171.11
1161.10
1169.92
1175.88
1180.89
1187.09
1123.19
1076.94
1086.95
1083.14
1077.89
1077.89
1080.99
17142.06
1206.16
1184.94
1181.84
1168.97
1161.10
1154.18
1142.02
1131.06
1129.15
1143.93
1109.84
1091.96
1090.05
17141.82
1120.09
1092.91
1090.05
1107.93
1086.95
1084.09
1099.11
1126.05
1098.16
1106.02
1109.12
1107.93
1096.01
1109.12
17239.09
1158.95
1139.88
1154.90
1147.03
1145.84
1142.98
1079.08
1083.14
1066.92
1079.80
1072.88
1067.88
1072.88
17195.22
1122.95
1111.03
1116.99
1106.02
1111.03
1109.12
9175.06
1096.96
1084.09
1075.98
1082.90
1073.12
1077.18
17107.96
1116.99
1079.08
1075.03
1080.04
1071.93
1070.98
1065.97
1078.13
1070.98
1070.02
1076.94
1072.88
1066.92
1072.17
17143.01
1103.16
1074.08
1071.93
1086.00
1074.08
1070.98
1078.84
1070.98
1070.02
1070.98
1078.13
1072.88
1066.92
1069.78
17169.95
1103.88
1079.80
1082.90
1079.80
1075.98
1073.12
1086.00
1080.99
1075.03
1075.98
1079.80
1071.93
1070.98
1070.98
17163.99
1089.81
1082.90
1081.94
1082.18
1076.94
1079.08
1086.00
1085.04
1076.94
1067.88
1088.86
1076.94
1074.08
17102.00
1113.89
1085.04
1084.09
1092.91
1091.96
1072.17
1075.98
1085.04
1073.84
1070.98
1083.14
1074.08
1079.08
1075.03
17167.09
1101.97
1078.13
1080.04
1088.14
1077.89
1070.02
1081.94
1075.98
1076.94
1072.88
1085.04
1070.98
1079.08
1073.12
17183.07
1094.82
1090.05
1095.06
1081.94
1083.85
1083.85
1086.00
1080.04
1086.00
1078.84
1096.01
1075.98
1083.85
17118.93
1122.00
1091.00
1085.04
1089.81
1086.00
1083.14
1082.90
1095.06
1086.95
1075.98
1091.96
16346.93
1106.02
1086.24
1080.99
1118.18
1100.06
1113.89
1114.85
1103.88
1101.02
1103.88
1113.89
1098.87
1111.03
17143.01
1122.95
1078.84
1071.93
1063.82
1106.02
1094.10
1082.90
1097.92
1092.20
1089.10
1095.06
1091.00
1086.00
1086.95
17169.00
1110.08
1085.04
1078.13
1069.07
1074.08
1075.98
1075.98
1072.88
1071.93
1065.97
1079.08
1070.98
1070.02
1065.97
17208.10
1131.06
1124.14
1122.95
1055.96
1062.15
1060.96
1072.88
1052.14
1052.14
1055.00
1062.15
1054.05
1052.14
1049.04
17179.97
1116.04
1102.92
1089.81
1069.07
1049.04
1061.92
1064.06
1061.92
1056.91
1053.09
1060.96
1056.91
1053.81
17094.85
1130.10
1080.99
1078.13
1064.06
1053.09
1055.00
1055.96
1057.15
1053.09
1049.04
1057.15
1058.10
1054.05
1045.94
17089.84
1195.91
1169.92
1160.14
1127.96
1101.02
1090.05
1097.92
1087.90
1087.90
1092.20
1095.06
1091.96
1092.91
1094.82
17177.82
1120.09
1101.02
1108.17
1122.00
1120.09
1115.08
1127.00
1115.80
1137.02
1116.99
1108.88
1103.16
1107.93
1112.94
1098.16
1103.88
1107.93
1163.01
1142.02
1147.99
17194.99
1111.98
1075.03
1071.93
1080.99
1068.83
1065.02
1074.08
1064.06
1060.01
1056.91
1065.02
1122.00
1125.10
1120.09
17165.90
1076.94
1056.91
1062.15
1061.92
1060.96
1060.96
1065.02
1060.96
1060.96
1060.96
1069.07
1116.99
1108.17
1107.93
17148.02
1085.04
1075.03
1073.12
1082.18
1074.08
1070.02
1083.14
1076.94
1065.02
1077.89
1132.97
1147.03
1142.98
17193.08
1137.97
1107.93
1106.02
1112.94
1101.02
1106.98
1109.12
1111.98
1109.12
1105.07
1090.05
1088.86
1101.97
17122.98
1156.81
1116.99
1123.19
1117.94
1109.84
1108.88
1107.22
1116.04
1107.93
1108.88
1099.82
1080.04
1087.90
1093.86
17197.85
1117.94
1104.83
1116.99
1109.12
1102.92
1102.92
1117.23
1108.88
1111.03
1111.03
1105.07
1113.18
1107.93
17143.01
1147.03
1105.79
1104.83
1116.99
1106.02
1101.02
1106.98
1113.18
1106.02
1101.97
1091.96
1120.09
1107.22
14091.01
1144.89
1103.16
1091.00
1082.18
1076.94
1081.94
1079.08
1083.14
1083.14
1075.98
1086.00
1081.94
1075.98
17117.02
1131.06
1101.02
1083.85
1092.91
1080.99
1070.98
1078.13
1080.04
1073.12
1069.07
1069.07
1071.93
1066.92
1072.88
17148.02
1099.82
1069.07
1069.07
1075.98
1061.92
1065.97
1073.84
1060.01
1066.92
1060.01
1073.12
1067.88
1060.01
1070.02
17159.22
1084.09
1070.02
1058.10
1075.03
1060.96
1063.11
1057.15
1056.91
1052.14
1053.09
1060.01
1055.00
1054.05
1056.91
17162.80
1075.03
1053.09
1055.96
1050.95
1044.03
1044.99
1059.06
1045.94
1047.13
1042.13
1046.90
1055.96
1049.04
1048.09
17136.10
1068.12
1055.96
1050.00
1059.06
1044.03
1045.23
1054.05
1051.90
1049.04
1043.08
1042.13
1056.91
1040.94
1042.13
17105.10
1080.04
1048.09
1047.13
1050.00
1044.99
1049.04
1041.17
1059.06
1046.90
1050.00
1049.04
1048.09
1054.05
1043.08
17082.21
1085.04
1050.00
1056.91
1055.00
1044.99
1050.95
1050.95
1057.15
1054.05
1049.04
1045.94
1058.10
1050.95
1046.90
25079.01
1122.95
1076.94
1080.04
1092.91
1070.98
1069.07
1071.93
1083.85
1071.93
1084.09
1089.10
1089.10
1088.14
1095.06
17168.05
1111.03
1103.88
1108.17
1112.94
1115.80
1110.79
1112.94
1131.06
1118.18
1124.86
1127.00
1117.94
1122.00
17157.08
1158.00
1132.01
1127.96
1142.98
1142.98
1146.79
1147.99
1157.05
1175.17
1169.92
1181.84
1171.83
1165.87
17228.84
1203.06
1174.93
1183.03
1171.83
1171.11
1171.11
1178.98
1176.83
1169.92
1177.79
1172.07
1169.92
1170.87
17268.90
1184.94
1171.11
1178.98
1168.01
1175.88
1180.89
1179.93
1164.20
1173.02
1178.98
1169.92
1173.02
17212.87
1216.89
1174.93
1181.13
1170.16
1172.07
1174.93
1182.08
1175.88
1167.06
1178.03
1175.17
1172.07
1163.96
17272.00
1185.18
1178.03
1178.98
1173.97
1170.16
1178.03
1175.17
1168.97
1171.11
1180.17
1168.97
1174.21
17220.97
1213.79
1182.08
1178.03
1168.01
1163.01
1147.99
1172.07
1161.10
1160.14
1168.97
16105.89
1100.06
1056.91
1052.86
1058.82
1116.99
1119.14
1112.94
1119.14
1101.02
1109.12
1116.04
1101.02
1100.06
1102.92
17196.89
1107.93
1103.16
1101.97
1094.10
1101.02
1095.77
1098.87
1092.91
1091.96
1085.04
1096.01
1088.86
1080.99
17122.03
1119.85
1081.94
1081.94
1085.04
1079.08
1079.08
1073.12
1081.94
1081.94
1075.03
1082.90
1071.93
1065.02
1070.98
17152.07
1096.96
1073.84
1081.94
1084.09
1083.14
1083.14
1091.00
1094.10
1096.96
1103.88
1111.98
1106.02
1111.03
1108.88
17196.18
1114.13
1122.00
1120.09
1128.20
1129.87
1123.91
1126.05
1125.81
1127.00
1132.97
1137.97
1148.94
1149.89
17246.96
1183.03
1172.78
1178.03
1166.11
1172.07
1173.97
1168.97
1174.93
1165.87
1173.97
1172.07
1172.07
17210.96
1213.07
1174.93
1170.87
1179.93
1170.16
1171.11
1176.12
1172.07
1169.92
1191.85
1168.01
1168.97
1173.02
17267.94
1179.93
1177.07
1172.07
1173.97
1167.06
1178.03
1173.02
1173.02
1189.95
1168.01
1171.83
1170.87
1147.99
1065.97
1060.01
1048.09
1064.06
1055.00
1056.19
1060.01
17174.96
1106.98
1097.20
1101.02
1096.96
1088.86
1090.05
1075.03
1060.01
1057.86
1060.96
1063.11
1058.10
1060.96
1058.82
17194.03
1122.95
1129.87
1136.06
1120.81
1132.01
1115.08
1067.16
1068.83
1073.84
1075.98
1074.08
1072.17
1069.07
17178.06
1181.13
1156.09
1168.97
1165.87
1165.15
1160.14
1111.03
1091.96
1100.06
1103.88
1093.86
1091.00
1096.96
17138.00
1148.94
1111.98
1120.09
1126.05
1104.12
1106.98
1096.01
1100.06
1094.10
1094.10
1105.07
1084.09
1075.98
1080.99
17153.98
1086.00
1078.84
1080.04
1076.94
1075.03
1070.02
1074.08
1100.06
1111.98
1112.94
1106.02
1098.87
1106.98
17151.12
1115.08
1090.05
1096.01
1097.92
1084.80
1097.92
1097.20
1107.93
1116.04
1110.08
1116.04
1106.02
1109.84
1109.84
17169.00
1098.16
1101.02
1109.12
1091.96
1092.91
1099.11
1126.05
1104.12
1105.07
1116.04
1106.98
1101.97
1102.92
13203.14
7967.00
1136.78
1139.88
1137.02
1081.94
1094.82
1091.96
5141.97
1069.07
1059.06
1054.05
1071.93
1061.92
1052.14
1058.10
9207.01
1134.16
1143.93
1149.89
1152.99
1153.95
9181.98
1126.05
1096.01
1086.95
1084.80
1070.02
1075.98
1067.16
1116.99
1087.90
1087.19
1089.10
1080.99
1086.00
1081.94
17112.97
1101.97
1065.97
1055.00
1058.10
1055.00
1050.00
1046.90
1106.02
1104.12
1115.08
1115.08
1116.04
1118.90
1122.95
17160.18
1060.96
1055.96
1058.10
1046.18
1048.09
1050.00
1057.15
1121.04
1116.99
1116.99
1130.10
1107.93
1112.94
17146.11
1156.09
1116.04
1125.81
1132.97
1125.10
1117.94
1122.95
1098.16
1106.02
1091.96
1096.96
1093.15
1091.96
1086.00
17181.87
1122.00
1094.10
1105.07
1103.16
1100.06
1090.05
1122.95
1101.97
1110.08
1106.02
1095.06
1094.82
1091.96
17140.15
1159.19
1116.99
1104.12
1122.95
1092.91
1098.87
1093.86
1091.96
1087.90
1086.95
1093.15
1081.94
1083.85
1077.89
17201.90
1118.90
1118.18
1108.88
1088.86
1078.84
13823.99
1147.99
1115.08
1107.93
1111.98
1106.98
1101.02
1110.08
1104.12
1108.88
1103.88
1109.84
1106.02
1105.07
17121.08
1170.16
1116.04
1114.13
1114.13
1112.94
1106.98
1105.07
1115.08
1101.97
1103.88
1110.79
1103.88
1101.02
1106.98
17196.18
1122.00
1115.80
1111.03
1106.98
1105.07
1103.88
1111.03
1106.98
1103.16
1102.92
1112.94
1109.12
1102.92
17138.00
1147.03
1110.08
1106.98
1115.08
1106.02
1114.85
1117.94
1101.02
1107.93
1103.16
1110.08
1106.02
1106.02
1105.07
17182.11
1116.99
1113.89
1122.95
1109.12
1106.02
1102.92
1114.13
1106.02
1110.08
1109.12
1104.12
1106.02
1104.83
17197.85
1122.00
1111.03
1113.89
1106.02
1101.02
1107.93
1111.03
1101.97
1101.97
1111.03
1114.13
1104.12
1104.12
17136.10
1152.99
1128.20
1119.85
1119.85
1113.89
1117.23
1111.03
1114.85
1119.85
1112.94
1118.18
1113.89
1108.88
17148.97
1168.97
1122.00
1117.94
1126.05
1115.80
1116.04
1116.99
1115.80
1109.84
1114.85
1123.19
15799.05
1146.08
1110.79
1107.93
1087.19
1095.06
1103.16
1107.93
1097.92
1103.16
1095.06
1100.06
1108.17
1116.99
1113.18
17183.07
1088.14
1072.88
1076.94
1099.82
1106.98
1107.93
1101.02
1097.92
1092.91
1089.10
1103.88
1092.20
1094.10
17139.91
1160.14
1116.99
1105.07
1131.06
1108.17
1106.02
1113.18
1106.02
1096.01
1101.02
1114.13
1106.02
1106.98
1101.02
17193.08
1132.01
1134.16
1127.96
1109.84
1114.85
1110.08
1116.04
1102.92
1104.83
1113.89
1107.22
1100.06
1102.92
17169.95
1098.87
1084.09
1078.13
1127.96
1122.00
1115.08
1123.19
1112.94
1109.84
1117.94
1126.05
1116.04
1118.90
17158.03
1129.87
1093.86
1096.96
1091.00
1096.96
1099.11
1094.10
1086.00
1101.02
1082.90
1094.82
1091.00
1093.86
1088.86
17184.02
1116.99
1101.97
1098.87
1061.92
1068.12
1064.06
1066.92
1056.91
1051.90
1056.19
1065.02
1059.06
1058.10
17085.08
1185.89
1139.88
1133.20
1139.88
1076.94
1068.83
1076.94
1074.08
1067.16
1078.13
13767.96
1116.04
1106.98
1111.98
1106.02
1100.06
1089.10
1092.91
1087.90
1092.91
1087.19
1110.08
1116.04
1114.13
17152.07
1131.06
1091.00
1085.04
1093.86
1082.90
1081.23
1081.94
1075.98
1071.93
1075.98
1072.88
1101.02
1106.02
1090.05
17201.19
1099.11
1095.06
1094.10
1084.09
1076.94
1077.89
1086.95
1078.13
1070.02
1078.13
1058.10
1055.96
1043.08
1052.14
17198.09
1121.04
1119.14
1129.15
1121.04
1122.00
1118.90
1133.20
1116.99
1121.04
1093.86
1055.96
1065.97
1065.02
17182.83
1147.03
1141.07
1144.17
1127.96
1137.97
1141.07
1164.91
1176.83
1172.07
1153.95
1101.97
1092.91
1086.00
17219.07
1169.20
1159.91
1166.11
1172.07
1169.92
1173.02
1177.07
1165.15
1173.02
1141.79
1077.89
1089.81
1077.89
17235.99
1147.99
1138.93
1142.02
1135.83
1142.98
1133.92
1146.08
1137.97
1134.16
1132.97
1085.04
1100.06
1090.05
17218.11
1137.02
1111.03
1120.09
1116.99
1117.94
1112.94
1106.02
1109.12
1110.08
1112.94
1099.82
15687.94
1105.07
1093.86
1094.10
1093.15
1096.01
1086.95
1105.07
1092.91
1090.05
1088.86
1098.87
1104.83
1112.94
17157.08
1121.04
1086.95
1086.00
1080.99
1079.08
1076.94
1077.18
1081.94
1066.92
1071.21
1062.87
1065.02
1072.88
1070.98
17148.97
1113.89
1101.97
1103.16
1110.08
1095.06
1111.98
1113.89
1109.12
1113.89
1103.88
1132.01
1080.99
1083.14
17111.06
1163.01
1129.87
1127.00
1142.98
1119.85
1127.00
1139.88
1134.87
1147.03
1146.08
1114.85
1071.93
1074.08
1079.08
17225.03
1180.89
1175.88
1180.89
1164.91
1170.16
1176.12
1173.97
1172.07
1168.97
1097.92
1090.05
1091.96
17110.11
1210.21
1173.02
1158.00
1164.91
1164.20
1158.95
1165.87
1158.95
1158.95
1158.00
1092.91
1098.87
1088.86
17098.90
1137.02
1116.99
1116.04
1119.85
1118.90
1122.95
1132.01
1127.00
1122.95
1128.20
1152.99
1138.21
1151.08
1152.99
1216.89
1172.78
1170.87
1181.84
1178.03
1172.07
1175.17
1169.92
1170.87
5622.86
1076.94
1048.09
1050.00
1057.86
1050.00
1050.00
1053.81
1055.96
1050.00
1049.04
1040.94
1063.11
1054.05
1051.90
17081.02
1095.06
1055.00
1053.09
1057.15
1059.06
1058.10
1053.09
1066.92
1052.86
1055.00
1052.14
1061.92
1055.96
1057.15
17091.04
1105.07
1064.78
1059.06
1070.02
1061.92
1061.92
1057.86
1065.97
1054.05
1060.01
1056.91
1068.12
1058.10
1054.05
17087.22
1103.88
1063.11
1064.06
1064.06
1062.15
1060.96
1062.15
1065.02
1057.86
1053.09
1061.20
1064.06
1058.10
1064.06
17084.12
1105.07
1073.12
1059.06
1061.20
1064.06
1058.10
1063.11
1063.11
1061.92
1050.95
1062.15
1070.98
1055.00
1059.06
17091.04
1102.21
1060.96
1055.96
1060.96
1052.86
1050.95
1053.09
1055.96
1057.86
1055.96
1054.05
1062.87
1058.10
1060.01
17083.88
1105.07
1069.07
1064.06
1065.97
1055.96
1058.10
1058.10
13154.98
1097.92
1079.08
1082.18
1080.04
1078.13
1068.12
1079.08
1112.94
1117.94
1118.18
1121.04
1114.13
1113.89
9135.96
1138.21
1126.05
1127.96
1123.91
1120.09
1130.10
1134.16
1142.98
15564.92
1070.98
1056.91
1053.81
1065.97
1060.96
1050.00
1051.90
1096.96
1101.02
1107.93
1122.00
1111.98
1116.99
17157.08
1152.04
1113.89
1105.07
1107.93
1104.83
1103.88
1103.16
1105.07
1132.97
1127.00
1152.04
1152.04
1149.18
1161.10
17180.92
1087.90
1080.04
1070.98
1068.12
1070.02
1064.06
1080.99
1084.09
1081.94
1086.00
1089.10
1079.08
1080.04
17120.12
1141.07
1087.90
1083.85
1091.00
1082.90
1072.88
1080.99
1066.92
1081.23
1085.04
1098.87
1098.87
1107.93
1101.02
17188.79
1104.12
1090.05
1086.00
1088.86
1080.99
1082.90
1077.89
1092.91
1097.20
1111.03
1129.15
1125.10
1130.10
17158.03
1116.99
1060.96
1040.94
1063.11
1055.96
1046.90
1041.17
1115.08
1158.95
1165.87
1183.03
1158.95
1160.86
1164.91
17224.07
1114.85
1102.92
1104.12
1089.10
1094.10
1095.06
1113.18
1136.06
1128.91
1128.91
1131.06
1115.80
1122.00
17195.94
1127.00
1107.93
1107.93
1110.08
1109.12
1106.02
1120.81
1137.97
1132.97
13473.99
1125.10
1085.04
1087.19
1118.90
1101.97
1080.99
1087.90
1097.92
1089.10
1080.04
1091.00
1092.91
1080.04
1092.91
17179.01
1105.07
1108.17
1097.92
1096.96
1091.00
1104.83
1091.96
1106.98
1114.85
1106.02
1116.04
1106.02
1104.12
17129.18
1156.09
1118.90
1109.84
1108.88
1108.88
1104.12
1119.14
1101.97
1103.88
1107.93
1109.12
1101.97
1104.83
1108.88
17197.85
1116.99
1106.02
1111.03
1109.84
1107.93
1100.06
1109.12
1108.17
1105.07
1104.12
1110.08
1105.07
1106.02
17185.21
1124.86
1104.83
1119.85
1106.02
1110.08
1107.93
1104.83
1107.93
1100.06
1107.93
1111.03
1113.18
1101.02
17128.94
1159.91
1114.85
1117.94
1127.96
1111.03
1116.99
1119.14
1116.99
1116.04
1114.13
1121.04
1117.23
1115.08
1116.04
17198.09
1124.14
1113.89
1126.05
1118.90
1117.94
1116.04
1118.90
1119.14
1115.08
1121.04
1113.18
1113.89
1111.03
17206.91
1132.97
1120.09
1122.00
1113.89
1116.04
1112.94
1120.09
1113.18
1106.98
1122.00
1111.98
15429.97
1129.15
1101.97
1110.79
1049.04
1041.89
1050.95
1053.09
1047.13
1048.09
1049.04
1049.04
1043.80
1046.90
1043.80
17159.94
1169.20
1152.99
1144.17
1059.06
1060.01
1061.20
1060.01
1057.15
1058.10
1051.90
1064.06
1062.87
1056.91
1053.09
17169.00
1096.96
1091.00
1072.88
1052.86
1042.84
1049.04
1051.90
1041.89
1044.03
1050.00
1055.96
1046.90
1049.04
1040.94
17198.09
1112.94
1096.96
1088.14
1066.92
1064.06
1072.88
1067.88
1058.82
1067.88
1065.02
1070.98
1067.88
1067.16
17095.09
1152.04
1101.97
1093.15
1095.06
1068.12
1072.88
1070.02
1075.03
1069.07
1067.88
1074.08
1062.15
1069.07
1070.98
17110.82
1175.88
1132.01
1134.16
1107.93
1089.81
1092.91
1098.87
1096.01
1086.00
1096.01
1093.86
1104.12
1088.86
1088.86
17208.81
1155.85
1137.02
1122.00
1095.06
1086.00
1088.86
1101.97
1093.15
1081.94
1092.91
1082.18
1090.05
1081.94
17175.91
1122.95
1115.08
1110.08
1121.04
1113.89
1119.14
4986.05
1141.07
1105.07
1098.16
1101.02
1102.21
1098.87
1100.06
1101.02
1096.01
1094.82
17163.99
1131.06
1106.02
1092.91
1100.06
1094.82
1088.86
1102.21
1091.96
1094.10
1091.00
1098.87
1089.81
1091.96
1094.10
17184.02
1102.21
1100.06
1101.02
1091.00
1095.06
1091.00
1099.11
1111.03
1096.01
1096.96
1093.15
1091.96
1096.01
21177.05
1116.04
1101.97
1096.01
1111.03
1105.07
1097.20
1100.06
1095.06
1096.01
1089.10
1144.17
1158.00
1166.11
17201.19
1146.08
1110.08
1110.08
1115.08
1106.98
1104.83
1114.85
1103.88
1108.88
1108.17
1107.93
1111.03
1142.98
1133.92
17157.08
1091.96
1096.01
1091.00
1076.94
1085.04
1077.18
1079.08
1070.02
1075.03
1071.93
1114.13
1131.06
1134.16
17175.91
1093.86
1064.06
1060.96
1065.02
1060.96
1056.19
1051.90
1062.87
1051.90
1050.00
1065.02
1064.06
1078.13
1084.09
17166.14
1089.10
1060.96
1056.19
1065.97
1065.02
1061.92
1063.11
1060.01
1056.91
1057.86
1063.11
1110.08
1123.19
1110.08
11104.11
1122.95
1112.94
1109.84
1092.91
1096.96
1096.01
1086.95
1096.01
1099.82
1096.96
1095.06
17115.12
1152.99
1104.12
1107.93
1101.02
1096.01
1091.00
1081.94
1101.02
1090.05
1091.96
1099.11
1096.01
1091.00
1099.82
17211.91
1181.84
1164.91
1149.18
1041.89
1060.01
1055.96
1057.86
1056.91
1056.91
1057.15
1060.01
1056.19
1050.95
1050.00
17206.91
1116.99
1108.88
1099.11
1080.99
1093.86
1074.79
1081.94
1074.08
1076.94
1070.98
1081.94
1073.12
1071.93
17118.93
1142.98
1109.12
1110.08
1117.94
1096.96
1101.97
1096.96
1096.01
1091.96
1089.10
1094.10
1087.90
1100.06
1095.06
17219.07
1176.12
1176.12
1153.95
1098.87
1101.02
1096.96
1104.83
1092.91
1096.01
1098.87
1088.86
1093.86
1089.81
17210.01
1189.95
1178.03
1163.01
1051.19
1048.09
1054.05
1050.95
1055.96
1050.00
1046.90
1053.09
1043.08
1051.19
1044.03
17148.02
1096.96
1073.12
1070.02
1070.98
1069.07
1073.12
1094.10
1151.08
1169.92
1166.82
1165.87
1163.96
1167.06
13220.07
1093.86
1080.99
1082.90
1118.90
1125.10
1115.08
1118.18
1121.04
1115.08
1111.98
17184.97
1086.24
1076.94
1076.94
1075.03
1071.21
1070.98
1073.12
1132.97
1126.05
1147.03
1170.16
1147.03
1152.99
17222.88
1096.01
1080.99
1075.98
1080.04
1070.98
1075.98
1075.98
1128.91
1118.90
1111.98
1131.06
1109.12
1121.04
17151.12
1162.05
1114.85
1114.85
1117.94
1116.04
1115.80
1116.99
1119.14
1112.94
1114.85
1114.85
1112.94
1108.17
1106.98
17210.96
1111.03
1108.17
1105.07
1102.92
1112.94
1098.16
1136.06
1131.06
1122.95
1137.97
1116.04
1123.91
1110.08
17200.95
1127.00
1111.98
1092.20
1090.05
1089.10
1090.05
1085.04
1073.84
1070.02
1075.98
1085.04
1072.17
1065.97
1073.84
17180.92
1120.09
1100.06
1111.98
1101.97
1108.17
1105.07
1069.07
1094.10
1101.97
1114.85
1102.92
1111.98
1111.03
17215.01
1116.99
1104.12
1110.08
1104.12
1105.07
1103.16
1107.93
1098.87
1114.85
1114.85
1132.97
1111.98
1122.95
15222.07
1097.92
1079.08
1059.06
1053.09
1058.10
1070.02
1060.01
1061.92
1056.91
1109.12
1105.07
1120.09
17209.05
1106.02
1078.84
1082.90
1087.90
1084.09
1080.99
1086.00
1079.08
1080.04
1080.99
1099.11
1154.90
1149.89
17165.90
1177.79
1119.85
1111.98
1116.99
1110.08
1110.08
1115.08
1118.18
1114.85
1111.98
1116.99
1132.97
1126.05
1127.96
17192.84
1105.07
1110.08
1110.08
1085.04
1091.96
1096.96
1095.06
1083.14
1080.99
1076.94
1141.07
1164.20
1169.92
17228.84
1083.85
1075.03
1065.97
1071.93
1062.15
1070.02
1067.16
1077.89
1074.08
1067.88
1071.93
1070.98
1070.02
1071.93
17205.00
1106.02
1104.12
1106.02
1091.00
1091.00
1083.14
1098.16
1087.90
1091.96
1088.14
1091.00
1129.87
1133.20
17185.93
1156.81
1112.94
1109.84
1115.80
1109.84
1106.98
9149.07
1126.05
1087.90
1089.10
1094.10
1089.10
1079.08
1082.18
9123.09
1066.92
1060.96
1060.01
1055.00
1056.91
1055.96
9124.04
1137.97
1130.10
1130.10
1149.89
1146.08
1158.95
5309.10
1124.14
1116.99
9151.94
1120.09
1096.96
1096.01
1086.00
1078.84
1073.84
1066.92
9217.02
1137.97
1122.00
1137.02
1118.90
1120.09
1124.14
17212.15
1130.10
1127.96
1128.91
1113.18
1112.94
1108.88
1117.94
1106.02
1106.02
1114.85
1107.93
1106.02
1098.87
17181.87
1117.94
1096.96
1101.97
1104.12
1098.16
1096.01
1101.97
1096.01
1095.06
1082.90
1101.97
1089.10
1087.19
17108.92
1125.81
1091.00
1089.10
1091.00
1086.00
1077.89
1075.98
1096.01
1080.04
1077.89
1090.05
1080.99
1075.98
1078.84
17113.92
1113.89
1078.84
1080.04
1091.00
1070.98
1075.98
1079.08
1076.94
1070.98
1081.94
1086.00
1084.09
1091.00
1091.00
17187.12
1102.92
1097.92
1108.17
1102.92
1101.97
1100.06
1116.99
1101.02
1102.92
1111.03
1121.04
1111.98
1106.98
17156.12
1157.05
1115.08
1120.81
1134.87
1128.91
1122.00
1134.87
1137.97
1142.98
1159.91
1179.22
1167.06
1173.97
17213.11
1219.99
1178.03
1182.08
1178.98
1190.90
1153.95
1173.02
1168.97
1164.91
1175.88
1167.06
1171.11
1168.01
1061.20
1060.96
1060.01
17103.91
1163.96
1118.18
1114.13
1122.95
1114.85
1114.85
1108.88
1101.02
1101.97
1091.96
1086.00
1096.01
1093.86
1086.95
17202.14
1116.99
1098.16
1111.98
1101.97
1100.06
1106.02
1111.03
1104.83
1101.02
1102.92
1086.95
1101.97
1103.88
17134.90
1122.95
1086.00
1084.80
1085.04
1078.13
1077.89
1080.04
1081.94
1079.80
1071.93
1078.84
1058.82
1068.83
1075.03
17176.15
1106.98
1099.82
1111.98
1102.92
1095.06
1100.06
1106.98
1113.89
1106.02
1108.88
1108.88
1074.08
1067.88
17113.92
1173.02
1112.94
1122.95
1124.14
1119.14
1122.95
1119.85
1124.86
1114.85
1129.15
1117.94
1117.94
1118.18
1101.02
17224.07
1159.19
1161.10
1169.92
1159.91
1172.78
1180.89
1169.92
1171.11
1172.07
1132.01
1097.92
1110.79
17138.00
1187.09
1147.99
1142.98
1161.10
1147.03
1152.99
1149.18
1150.13
1147.99
1149.18
1107.93
1050.00
1053.09
1045.94
13415.81
1111.98
1099.82
1117.94
1111.03
1111.98
1105.07
1121.04
1113.18
1106.98
1124.14
1111.98
1122.00
1130.10
17207.86
1139.88
1123.91
1141.07
1145.84
1135.83
1153.95
1157.05
1156.09
1171.11
1182.08
1172.07
1175.17
17219.07
1220.94
1180.89
1175.88
1179.93
1173.97
1165.87
1176.83
1174.93
1171.11
1176.12
1178.98
1169.92
1168.97
17266.04
1189.95
1178.03
1182.08
1174.21
1168.97
1175.17
1176.12
1172.07
1176.12
1183.99
1173.02
1176.12
17200.95
1224.99
1184.94
1171.11
1181.13
1174.93
1174.93
1176.83
1176.83
1168.01
1177.07
1169.92
1168.97
1167.06
17267.94
1185.18
1175.88
1184.94
1174.93
1172.07
1171.11
1183.03
1172.07
1175.17
1179.93
1173.97
1175.17
17203.09
1217.13
1174.93
1180.89
1175.88
1173.02
1164.91
1153.95
1163.01
1161.81
1160.86
1165.87
1163.01
1164.91
17236.95
1182.08
1173.02
1175.17
1168.01
1155.85
1163.96
1169.92
1155.85
1159.91
1173.02
1157.05
1167.06
1158.95
11481.05
1080.99
1063.11
1060.01
1050.00
1075.98
1080.99
1080.99
1076.22
1083.85
1072.88
1082.90
17110.11
1140.12
1096.96
1076.94
1083.14
1075.03
1067.88
1069.07
1063.82
1096.01
1100.06
1111.03
1110.08
1113.18
1110.08
17196.89
1077.89
1061.92
1070.02
1062.87
1063.11
1070.02
1054.05
1128.91
1142.02
1134.87
1156.81
1159.91
1178.03
17193.08
1132.01
1108.17
1092.91
1106.98
1086.00
1079.08
1096.96
1107.93
1109.12
1105.07
1120.09
1108.17
1108.88
1097.92
17201.90
1114.85
1128.91
1126.05
1118.18
1115.08
1113.89
1122.00
1119.14
1111.03
1105.07
1090.05
1102.92
1110.08
17196.18
1124.14
1108.88
1108.88
1106.02
1107.93
1108.88
1115.08
1106.98
1101.97
1104.12
1096.01
1111.03
1113.89
17162.08
1146.79
1096.96
1086.00
1087.90
1075.03
1085.04
1096.01
1160.86
1141.79
1163.01
1155.14
1154.90
1152.99
17188.07
1138.93
1100.06
1085.04
1093.86
1092.91
1094.10
1091.00
1138.93
1160.14
1173.02
1182.08
1174.21
1172.07
25202.04
1141.79
1107.93
1098.16
1116.04
1113.18
1115.08
1114.13
1128.91
1113.89
1119.14
1135.11
1133.92
1149.89
1158.95
17246.96
1188.04
1174.93
1177.79
1170.87
1168.97
1176.12
1171.11
1169.92
1172.07
1177.07
1172.07
1166.11
17213.11
1215.93
1177.07
1182.08
1174.93
1173.97
1173.02
1181.13
1174.93
1165.87
1178.03
1168.97
1174.21
1167.06
17272.95
1187.80
1177.07
1181.84
1173.02
1173.97
1183.03
1174.93
1170.16
1169.92
1178.98
1172.07
1175.17
17210.96
1221.90
1172.78
1173.97
1183.03
1168.01
1173.02
1182.08
1170.16
1173.97
1180.17
1168.97
1170.87
1170.87
17276.05
1184.94
1176.12
1178.98
1170.87
1173.02
1180.89
1169.20
1174.93
1171.83
1178.03
1172.07
1166.11
17210.96
1216.89
1177.79
1173.97
1183.03
1173.97
1173.02
1178.03
1172.07
1168.97
1180.17
1169.92
1170.87
1172.78
17268.90
1190.90
1175.88
1180.17
1174.93
1173.02
1173.97
1177.07
1176.12
1172.07
1176.12
1174.93
14786.01
1081.94
1059.06
1061.92
1117.94
1091.00
1096.01
1100.06
1080.99
1087.19
1080.04
9133.10
1088.14
1070.98
1067.88
1076.94
1070.98
1061.92
9109.97
1127.96
1116.99
1115.08
1117.94
1116.04
1130.82
1131.06
1137.02
1132.97
1134.87
1155.85
1150.85
1154.90
17202.14
1215.93
1180.17
1168.97
1181.13
1170.16
1172.07
1178.03
1173.97
1170.87
1177.07
1170.87
1172.07
1171.83
17259.84
1188.99
1176.12
1179.93
1178.03
1173.97
1171.11
1178.03
1172.78
1169.92
1182.79
1170.87
1168.97
17194.99
1220.94
1180.17
1169.92
1184.94
1177.07
1173.02
1181.84
1171.83
1170.87
1175.88
1174.93
1171.11
1172.07
17266.99
1188.99
1174.93
1177.07
1173.02
1170.16
1171.11
1182.08
1168.97
1168.01
1183.03
1167.06
1173.97
17201.19
1222.13
1182.08
1173.97
1178.03
1178.03
1174.21
1182.08
1170.16
1171.11
1172.07
1174.93
1170.87
1171.83
17255.07
1189.95
1180.89
1183.03
1174.93
1169.20
1169.92
16695.98
1132.97
1106.98
1092.91
1106.98
1096.96
1092.91
1095.06
1072.88
1086.95
1096.01
1108.17
1097.92
1103.88
1114.85
17207.86
1117.94
1116.99
1121.04
1115.80
1117.94
1114.13
1075.98
1080.99
1088.14
1091.00
1093.15
1091.00
1096.96
17192.13
1122.00
1113.89
1120.09
1116.99
1116.99
1109.12
1130.10
1107.93
1104.83
1106.02
1126.05
1111.98
1126.05
17156.84
1140.83
1096.96
1096.96
1106.98
1096.01
1096.96
1104.83
1102.92
1110.08
1130.10
1137.02
1141.07
1143.93
17187.12
1133.92
1077.89
1065.02
1065.97
1067.88
1055.96
1070.02
1116.99
1106.02
1106.02
1111.03
1106.98
1095.06
1095.06
17163.99
1081.94
1065.02
1061.92
1074.79
1055.96
1059.06
1065.97
1104.12
1103.88
1109.84
1123.91
1119.85
1129.87
1140.12
17209.05
1128.91
1126.77
1123.91
1112.94
1119.14
1110.08
1086.00
1114.13
1121.04
1120.09
1116.04
1114.13
1107.93
17205.95
1116.99
1095.06
1093.15
1081.94
1074.79
1085.04
1084.09
1160.14
1178.03
1150.13
1169.92
1173.97
1172.07
1177.07
1177.07
1170.16
1173.97
1175.88
1169.92
1169.92
17267.94
1188.04
1176.83
1183.99
1177.07
1173.02
1175.88
1172.07
1174.93
1173.97
1177.07
1172.07
1173.97
17213.82
1219.99
1177.07
1176.12
1182.08
1178.98
1173.02
1182.08
1173.97
1169.92
1175.88
1178.03
1171.83
1172.07
17267.94
1185.89
1176.12
1182.08
1169.92
1176.12
1178.03
1174.21
1168.01
1176.12
1183.99
1175.17
1173.02
17215.01
1220.94
1180.17
1172.07
1182.08
1178.03
1175.17
1178.98
1177.07
1171.11
1178.98
1177.79
1166.82
1169.92
17273.90
1190.90
1178.98
1183.03
1176.12
1172.07
1186.13
1172.07
1172.07
1168.01
1180.17
1176.12
1168.97
17214.78
1213.07
1177.07
1172.07
1181.13
1170.16
1175.88
1179.93
1169.20
1173.97
1177.79
1173.97
1176.12
1172.07
17266.04
1180.89
1181.13
1183.99
1178.98
1178.98
1180.89
1173.97
1174.93
1172.07
1178.03
1173.97
1172.07
13839.96
1102.21
1060.96
17100.81
1101.02
1065.97
1060.01
1070.02
1064.06
1059.77
1059.06
1075.03
1065.02
1064.06
1064.78
1067.88
1065.02
1061.92
17099.86
1101.02
1071.93
1062.87
1082.90
1069.78
1069.07
1079.08
1080.99
1074.08
1068.12
1079.08
1070.02
1073.84
1069.07
17112.97
1096.96
1070.02
1062.15
1079.08
1060.96
1067.88
1077.89
1077.89
1070.98
1070.98
1079.08
1073.12
1070.98
1072.17
17169.00
1101.02
1082.90
1077.18
1084.09
1075.03
1069.07
1086.00
1075.03
1078.13
1071.93
1082.90
1071.21
1076.94
1068.83
17185.93
1094.10
1075.98
1088.86
1080.99
1080.99
1075.03
1091.96
1084.09
1075.03
1077.89
1086.95
1080.04
1078.13
17107.01
1135.83
1090.05
1080.04
1085.04
1080.99
1077.89
1084.80
1102.92
1078.13
1076.94
1087.90
1080.99
1085.04
1080.99
9170.06
1100.06
1084.09
1091.00
1116.99
1102.92
1111.98
1107.93
1122.00
1107.93
1089.81
1116.99
1098.16
1101.97
17143.01
1163.01
1112.94
1114.85
1100.06
1081.94
1093.86
1086.00
1089.10
1080.99
1085.04
1083.14
1091.00
1090.05
14520.88
1151.08
1121.04
1128.91
1128.20
1112.94
1118.90
1089.10
1102.21
1107.93
1128.91
1115.08
1119.14
1106.02
17209.05
1116.99
1109.12
1113.89
1111.03
1098.87
1105.07
1088.86
1099.11
1096.01
1090.05
1101.97
1093.15
1094.10
17136.10
1129.15
1090.05
1079.08
1079.80
1083.85
1081.94
1080.04
1122.00
1112.94
1112.94
1117.94
1112.94
1115.08
1116.99
17179.97
1101.02
1081.94
1096.96
1091.00
1086.95
1076.94
1084.09
1108.17
1103.88
1099.82
1107.93
1099.82
1101.97
17138.96
1134.87
1081.94
1089.10
1098.16
1089.10
1080.04
1099.11
1115.08
1098.16
1119.85
1119.85
1098.87
1107.93
1099.11
17181.16
1101.02
1089.10
1088.14
1089.10
1086.95
1092.91
1082.18
1096.01
1104.12
1097.92
1114.85
1108.17
1103.88
17148.97
1143.93
1113.18
1118.90
1127.96
1121.04
1111.98
1109.84
1040.94
1042.13
1047.13
1053.09
1048.09
1048.09
1050.95
17179.01
1171.11
1158.95
1167.06
1158.95
1156.09
1168.97
1122.95
1103.16
1101.02
1106.98
16425.85
1103.88
1083.85
1076.94
1096.01
1085.04
1091.00
1099.11
1101.02
1100.78
1096.01
1090.05
1062.15
1059.06
1052.14
17210.01
1158.95
1142.98
1163.96
1152.04
1143.22
1152.99
1181.13
1173.02
1173.02
1123.19
1060.01
1061.20
1060.96
17205.95
1138.93
1116.04
1131.06
1116.04
1111.98
1116.04
1116.04
1117.94
1113.89
1113.18
1109.12
1116.04
1107.93
17229.08
1147.03
1136.06
1132.97
1136.06
1131.06
1133.92
1138.93
1130.10
1116.04
1122.00
1072.88
1065.02
1061.92
17122.98
1155.14
1119.14
1113.89
1121.04
1116.99
1116.04
1117.94
1119.14
1121.04
1115.08
1043.08
1079.08
1086.95
17093.90
1138.93
1087.19
1079.08
1094.10
1085.04
1079.08
1083.14
1086.95
1075.03
1077.89
1080.04
1050.00
1055.00
1060.01
17097.95
1123.91
1096.96
1096.01
1113.89
1091.00
1105.07
1107.93
1104.83
1106.98
1106.98
1096.01
1085.04
1096.01
1093.15
17198.09
1142.02
1137.97
1145.12
1136.06
1144.17
1141.07
1163.96
1150.85
14351.13
1100.06
1058.82
1060.01
1063.11
1090.05
1091.96
1111.98
1112.94
1104.83
1101.02
1121.04
1114.13
1112.94
1107.93
17172.10
1075.03
1065.97
1065.02
1131.77
1142.02
1141.07
1152.99
1162.05
1169.92
1178.98
1174.93
1173.02
1170.16
17199.99
1097.92
1096.96
1080.04
1142.98
1158.00
1152.99
1181.13
1172.07
1177.07
1176.12
1168.01
1175.88
17192.84
1157.05
1127.96
1106.02
1125.10
1152.99
1167.06
1169.92
1163.96
1159.91
1166.82
1168.01
1158.95
1159.91
17184.97
1124.14
1092.91
1083.85
1086.00
1115.08
1111.03
1111.03
1116.04
1106.02
1109.12
1106.98
1103.88
1097.20
1102.92
17202.85
1118.90
1118.18
1111.03
1115.08
1127.96
1128.20
1122.00
1118.18
1113.89
1121.04
1106.98
1111.98
1107.93
17194.03
1120.09
1092.91
1085.04
1111.03
1107.93
1097.92
1110.79
1101.02
1100.06
1096.96
1101.02
1096.01
1084.09
17125.13
1170.87
1120.09
1120.09
1132.01
1116.04
1115.08
1127.00
1083.14
1087.90
1082.90
1086.00
16259.91
1089.81
1077.89
1071.93
1075.98
1065.97
1060.01
1070.98
1065.97
1061.92
1066.21
1067.88
1080.04
1096.96
1092.20
17174.01
1070.98
1061.92
1062.87
1061.92
1055.00
1055.00
1067.88
1058.82
1067.88
1060.96
1054.05
1130.10
1137.02
17169.95
1139.16
1111.98
1096.01
1102.92
1094.10
1090.05
1089.81
1109.84
1086.00
1080.04
1086.00
1111.98
1103.16
1101.97
17194.99
1152.99
1112.94
1119.85
1114.85
1112.94
1111.03
1115.08
1120.09
1107.22
1116.99
1121.04
1123.19
1120.09
17149.93
1142.98
1120.09
1113.18
1105.07
1091.96
1095.06
1095.06
1089.81
1090.05
1091.96
1126.77
1149.89
1159.91
17195.22
1138.93
1086.00
1085.04
1077.18
1079.08
1074.08
1070.02
1072.88
1064.06
1075.98
1077.89
1065.97
1063.11
1079.08
17112.97
1116.99
1070.02
1065.97
1074.08
1055.00
1051.90
1055.96
1066.92
1057.86
1051.90
1059.06
1109.84
1116.99
1120.09
17184.97
1083.85
1075.98
1074.08
1075.98
1072.88
1070.02
1077.89
1072.88
1066.21
1092.91
1080.99
1106.98
1110.79
1107.93
1107.93
