1029.01
988.01
951.05
959.87
952.01
33066.03
977.99
980.85
952.96
960.11
946.04
944.14
937.94
32990.93
993.97
957.97
968.93
959.16
951.05
956.06
967.03
33005.00
1060.96
1003.03
989.91
992.77
1007.08
995.87
906.94
25009.16
1058.10
1007.08
998.97
1001.12
1002.07
1002.07
994.92
25038.00
1030.92
989.91
1003.98
974.89
1000.88
998.02
1010.89
29030.80
1039.98
1000.88
999.21
1002.07
999.93
1004.93
992.06
1002.07
1002.07
1026.15
1012.09
25088.07
972.99
954.87
958.20
964.88
988.01
1001.12
992.06
996.11
993.97
996.83
1001.12
25022.98
1013.04
990.15
978.95
994.92
977.04
983.00
988.96
971.08
973.94
968.93
969.89
25014.88
1086.95
1050.95
1044.03
1019.95
969.17
977.99
974.89
25008.20
1060.96
1011.85
1022.82
992.06
995.87
993.97
995.16
25115.01
1063.82
1523.02
977.99
975.85
977.04
973.94
33010.01
1055.96
1034.02
1066.92
997.78
990.87
998.02
993.01
33039.09
1031.88
988.01
993.97
17047.17
1032.11
996.11
988.96
993.97
983.95
980.85
969.89
33004.05
1049.04
1008.99
1018.05
1012.80
1001.83
1004.93
1003.03
25068.04
1039.98
1011.13
1005.17
1021.86
1009.94
1000.88
1015.19
29124.02
1037.12
1025.92
1024.96
1019.00
1008.99
987.05
983.00
998.97
981.09
981.09
977.04
25145.05
1051.90
1026.15
1028.06
1022.10
1023.05
1008.99
1014.95
1005.17
1007.08
998.97
25029.90
1027.82
983.00
1003.98
983.95
1039.03
1019.00
1020.91
1026.87
1019.95
1016.14
1018.05
25039.91
1033.07
1018.05
1000.17
1013.99
1015.19
996.83
993.97
17078.16
1000.17
992.06
983.95
994.21
1007.08
1001.12
1009.94
25089.98
1027.11
998.97
1003.03
1004.93
1001.12
998.97
1005.89
33090.83
1014.95
997.07
993.97
1014.95
983.95
984.19
986.10
33082.01
996.11
990.15
986.10
994.92
988.01
984.91
974.89
33097.03
1018.05
1003.03
1003.03
1003.98
996.83
993.97
996.11
25085.93
1008.99
1013.99
1025.92
1017.09
986.10
993.01
25024.89
1054.05
1023.05
992.06
1008.99
990.15
983.95
993.97
29021.02
1047.85
999.93
1002.07
988.01
957.01
960.83
977.99
966.07
972.03
972.03
971.08
25021.79
1040.94
1006.84
1001.12
1001.12
993.97
1003.98
989.91
993.01
1000.88
1006.13
1008.03
25043.01
1012.09
951.05
939.13
934.12
1019.95
1027.11
1033.07
1050.00
1041.89
1043.08
1042.13
25063.99
1011.85
967.03
962.02
970.13
950.10
947.95
938.89
16976.83
1092.91
1070.98
1055.96
1062.87
1067.88
1107.93
1043.08
25135.04
1052.86
1040.94
1052.14
1064.06
1064.06
1055.00
33090.11
1069.78
1019.95
1011.13
1003.03
993.01
1000.88
1000.88
33017.16
1048.09
998.02
1011.85
1001.83
1012.09
1010.89
1018.05
33078.91
1025.92
1011.85
1011.85
1019.95
1003.03
1008.03
1009.94
33088.92
968.93
953.91
947.00
958.92
957.01
949.86
949.86
24985.79
994.92
957.97
953.91
959.87
952.01
966.07
952.96
20992.99
1050.00
991.82
990.87
980.85
1013.99
1012.09
1003.03
1007.08
998.02
1005.89
1001.12
17050.03
1086.95
1046.18
1050.95
9119.03
1014.95
1013.99
1001.12
9095.91
999.93
990.15
988.01
9114.03
1009.94
1001.12
988.01
9083.99
1009.94
1005.89
998.02
1003.98
989.91
993.01
1008.03
992.06
1003.03
1012.80
1011.85
29086.83
1019.00
1012.09
1006.13
1014.95
1004.93
1008.03
25038.00
1068.12
1013.99
1026.15
9056.09
1005.17
967.03
961.07
25002.96
1050.00
1010.89
1001.83
1001.83
995.87
998.97
999.93
33061.98
1005.17
976.09
967.03
969.17
952.01
958.20
952.96
32980.20
1024.01
961.07
944.85
946.04
947.95
945.09
947.95
947.00
33092.98
1005.17
992.06
988.96
1000.88
991.82
989.91
993.97
25101.90
1044.99
1028.06
1026.15
983.95
994.92
971.79
25002.00
1098.16
1043.08
1054.05
1013.99
1001.83
981.81
987.05
25003.91
1003.98
977.99
992.06
986.10
978.95
2249.00
21071.91
1061.92
1054.05
1045.94
1002.07
980.14
977.04
970.13
25120.02
1079.08
1046.18
1044.99
1010.18
1017.09
1014.95
25048.02
1128.91
1069.07
1065.02
1025.92
979.19
978.95
983.00
17037.87
1023.05
975.13
957.97
964.88
1012.09
1012.09
1005.17
25043.01
1039.98
989.91
985.86
977.99
990.87
976.09
966.07
25001.05
1078.13
1033.07
1042.13
1044.99
994.21
977.99
975.13
25062.08
1064.06
1034.98
1024.96
1021.15
982.05
974.18
969.89
33048.87
967.98
956.06
952.96
942.95
966.07
969.89
981.09
25043.01
1008.03
986.10
988.96
975.85
995.87
988.96
996.11
25074.01
1007.08
977.99
985.86
973.94
1005.17
993.01
998.02
25098.80
995.16
982.05
977.04
971.08
1003.03
1007.08
994.21
17107.96
1019.00
990.87
988.96
956.06
969.17
988.96
998.97
25125.03
1000.17
982.05
977.04
955.10
972.99
978.95
981.09
25094.03
992.06
974.89
981.09
970.13
977.04
988.01
989.91
25108.10
1014.95
998.97
1003.98
992.06
980.14
986.10
989.91
33106.09
1021.86
1009.23
1024.01
967.03
950.10
967.03
965.12
25127.89
1063.11
1043.08
1050.00
950.10
946.04
940.80
944.85
25125.98
1055.96
1050.00
1044.03
945.09
952.01
947.95
944.14
25071.14
967.98
963.93
961.07
947.95
973.94
974.18
968.93
17116.07
1030.92
1024.01
1014.95
952.01
967.98
972.03
986.81
25141.95
1019.00
1002.07
998.97
951.05
970.84
974.89
984.19
25123.12
1004.93
993.97
997.07
955.10
961.07
962.97
967.03
29084.92
966.07
961.07
960.11
977.99
971.08
970.13
971.08
25085.93
988.96
975.13
981.09
991.11
983.00
980.85
979.90
25081.16
998.02
988.01
989.91
997.78
995.87
992.06
990.87
25089.03
1012.09
996.11
997.07
1002.07
993.01
993.97
1001.12
25094.03
1005.17
1003.03
1005.17
1019.00
1007.08
1006.13
998.97
25090.93
1033.78
1011.85
1034.98
1023.05
1017.09
1024.01
25077.82
1060.01
1032.11
1024.96
1029.01
1013.04
1026.15
1015.90
25110.96
1038.07
1028.06
1026.15
1036.17
1033.07
1029.01
1028.06
25127.17
1041.89
1034.98
1039.03
1025.92
1028.06
1035.21
25058.03
1085.04
1044.99
1050.95
1052.86
1044.99
1043.08
1053.09
25145.05
1068.12
1052.14
1052.14
1056.91
1046.90
1047.85
25085.93
1095.06
1060.96
1057.15
1064.06
1060.01
1067.16
1061.92
25167.94
1079.08
1068.83
1079.80
1065.97
1062.15
1068.12
25104.05
1118.18
1072.88
1068.83
1071.93
1070.02
1065.97
1066.92
25156.97
1079.08
1067.88
1074.08
1069.78
1066.92
1062.15
25160.07
1085.04
1070.02
1065.97
1070.98
1065.97
1069.07
25103.09
1126.05
1077.18
1070.02
1080.99
1070.02
1065.97
1067.16
25171.04
1080.04
1066.92
1071.93
1065.97
1065.02
1064.06
25118.83
1111.03
1074.08
1066.92
1075.98
1068.12
1066.92
25099.99
1125.10
1070.98
1071.93
1073.12
1066.92
1059.06
1065.02
25164.13
1086.95
1067.16
1079.08
1064.06
1066.92
1062.87
25105.00
1111.98
1070.98
1068.12
1079.08
1068.12
1065.97
1062.87
25162.94
1082.18
1072.88
1073.84
1067.88
1066.92
1065.02
25164.13
1086.00
1072.88
1069.07
1076.22
1066.92
1066.21
25101.90
1126.05
1076.94
1068.12
1078.13
1065.02
1070.02
1067.16
25170.09
1086.00
1070.98
1075.98
1070.02
1065.97
1069.07
25123.12
1101.02
1072.88
1075.03
1076.94
1068.12
1066.92
25101.90
1124.86
1073.84
1065.97
1073.12
1071.93
1064.78
1067.88
25169.85
1083.85
1066.92
1077.89
1067.16
1070.02
1069.07
25105.95
1114.85
1074.08
1070.02
1080.99
1069.07
1067.88
1070.02
25155.07
1072.88
1068.83
1072.88
1070.98
1065.02
1065.02
25161.98
1080.99
1068.83
1071.21
1072.88
1065.02
1065.97
25102.14
1123.19
1076.94
1067.16
1071.93
1066.92
1065.02
1068.12
25174.14
1082.90
1070.02
1071.93
1070.02
1068.12
1070.02
25124.07
1103.16
1068.12
1069.07
1078.13
1066.92
1064.78
25096.89
1127.00
1072.17
1073.84
1072.88
1067.16
1060.96
1067.88
25167.23
1084.09
1065.02
1080.04
1063.11
1063.11
1065.97
25106.91
1116.04
1073.12
1070.02
1074.08
1068.12
1066.92
1064.78
25162.94
1075.98
1072.88
1074.08
1062.87
1069.07
1061.92
25159.84
1089.81
1067.88
1067.88
1072.88
1066.21
1064.06
25104.05
1122.00
1070.02
1072.88
1082.90
1067.88
1063.82
1065.02
25172.00
1082.18
1069.07
1070.98
1069.07
1064.06
1066.92
25115.97
1112.94
1075.03
1068.12
1074.08
1065.97
1066.92
25102.14
1124.14
1071.93
1067.88
1073.12
1070.02
1070.02
1061.92
25172.00
1086.95
1066.92
1077.18
1064.06
1068.12
1064.06
25105.95
1112.94
1070.02
1068.83
1072.88
1065.02
1066.92
1063.11
25167.94
1076.94
1075.98
1075.98
1067.16
1064.06
1065.02
25161.98
1088.14
1074.08
1066.92
1075.98
1066.92
1065.02
25105.95
1118.90
1070.98
1074.08
1075.98
1065.02
1060.96
1065.97
25168.90
1078.13
1067.16
1071.93
1068.12
1061.92
1065.02
25105.00
1116.04
1071.93
1067.88
1068.83
1070.02
1065.97
25084.97
1132.97
1082.18
1065.97
1075.03
1066.92
1063.11
1062.15
25167.94
1082.90
1071.21
1062.87
1074.08
1068.83
1062.87
25101.90
1024.01
974.89
966.79
957.01
999.93
995.87
993.01
25022.03
995.87
970.13
954.15
965.83
970.84
962.97
965.12
24986.98
1055.00
991.11
990.15
981.09
957.01
969.17
993.01
992.06
25064.95
986.10
983.00
978.95
1027.11
1025.92
1032.83
25069.00
1044.03
1000.88
1000.88
985.86
1051.90
1050.00
1071.93
25079.97
1031.16
1003.03
997.07
993.97
1039.98
1040.94
1052.86
25114.06
977.04
972.03
963.21
981.09
997.07
994.92
988.96
25084.97
984.91
977.99
978.95
980.14
962.02
965.83
973.94
25074.01
978.95
961.07
954.15
966.07
956.06
962.97
957.97
24997.00
997.07
960.11
956.06
962.02
957.01
952.01
953.91
24980.78
1008.03
960.11
950.10
958.92
956.06
951.05
955.10
957.97
25059.94
975.13
962.02
963.21
974.89
964.88
953.91
957.01
25074.01
978.95
967.03
962.02
972.03
964.16
957.97
959.87
25043.96
983.00
958.92
952.01
963.93
965.12
958.92
958.92
24997.95
998.97
959.87
958.92
965.83
954.87
961.78
956.06
24985.07
1007.08
972.99
968.93
956.06
979.90
967.03
967.03
961.78
25068.04
983.00
977.04
967.03
978.95
967.98
970.13
966.07
25084.97
983.00
971.08
975.13
977.04
976.09
973.22
969.89
25076.15
993.01
980.14
976.09
980.14
968.93
972.03
971.79
25075.91
993.01
974.89
975.85
979.90
972.03
973.94
972.03
25067.81
997.07
979.90
970.84
978.95
967.98
968.93
967.03
25026.08
998.02
972.03
968.93
972.99
969.17
967.98
969.17
24998.90
1012.09
967.03
965.12
975.13
967.03
961.07
964.16
24997.00
1013.04
971.08
967.98
974.89
976.09
975.13
970.13
967.98
25050.16
977.04
974.18
971.08
975.13
969.89
970.84
966.07
25085.93
993.01
974.89
975.13
977.99
977.04
972.03
969.89
25097.85
993.97
987.05
980.85
985.86
981.09
979.19
976.09
25089.98
994.92
983.00
977.04
998.97
976.09
982.05
982.05
25090.93
1001.83
986.81
980.85
994.92
985.15
983.95
979.90
25112.15
998.02
988.96
983.95
993.01
996.11
988.01
986.10
25103.09
1006.13
997.07
988.01
995.87
991.11
986.10
988.01
25078.77
998.02
1000.17
1003.03
990.15
989.91
990.87
25004.86
1054.05
1000.88
988.01
990.15
990.87
988.01
988.01
25022.98
1039.98
994.92
991.11
993.97
993.01
993.01
992.06
25017.98
1044.03
1000.17
987.05
1000.88
992.06
989.91
988.96
25022.98
1043.08
997.07
993.97
1005.89
999.21
993.01
992.06
25025.13
1046.18
1013.99
998.02
994.92
1003.98
995.87
988.96
25033.95
1038.07
1003.03
993.97
993.97
993.01
992.06
990.87
25031.09
1044.03
998.97
998.02
993.97
991.11
995.16
992.06
25028.94
1038.07
998.02
999.93
1013.04
996.11
997.07
991.11
25048.97
1039.03
996.83
995.87
999.93
989.20
996.11
994.92
25085.21
1014.95
1003.98
995.16
998.02
995.16
992.06
989.91
25105.95
1009.94
995.16
991.11
1003.03
998.97
989.91
993.01
25094.99
1006.13
998.02
993.01
1008.99
993.01
991.82
988.96
25100.95
1019.00
1002.07
995.16
1003.98
1002.07
999.93
997.07
25100.95
1015.90
1000.88
1006.13
1002.07
998.02
999.93
25033.00
1059.06
1008.03
1002.07
1006.13
1003.03
999.21
998.02
25035.14
1053.09
1013.04
1002.07
1011.13
1002.07
998.02
1003.03
25040.15
1048.09
1008.03
1006.13
1007.08
1004.93
994.92
999.93
25065.90
1033.07
1005.89
999.93
1005.17
1000.88
995.87
1001.83
29091.84
1010.89
994.92
997.07
1008.03
1014.95
999.93
998.97
25061.13
981.09
961.07
953.20
955.10
968.93
981.81
982.05
17071.96
972.99
959.87
953.91
960.83
987.05
979.90
974.89
25027.99
1034.02
981.09
985.15
978.95
988.96
987.05
980.14
25012.02
1039.98
998.97
1004.93
995.16
957.01
964.16
956.06
24999.14
1049.04
1000.17
1004.93
1000.88
950.81
947.00
946.04
32993.08
1008.03
954.87
952.96
941.04
1000.17
1017.09
1009.94
25059.94
1024.01
983.00
980.14
964.16
1060.96
1060.96
1069.07
25080.92
1024.01
1004.93
984.19
1008.99
1043.08
1043.08
1032.11
25098.09
969.17
948.91
945.81
956.06
995.87
982.05
975.85
17063.86
994.92
982.05
967.98
964.16
952.01
958.92
957.97
25002.96
993.97
948.91
947.00
934.12
980.14
984.91
983.00
25023.94
1007.08
947.00
952.96
947.95
980.14
992.06
987.05
25010.11
1037.12
982.05
975.13
981.09
977.04
988.01
979.90
978.23
33071.04
980.14
968.93
967.98
1052.14
1033.07
1029.97
25056.84
1007.08
947.95
945.81
952.01
1002.07
992.06
997.07
984.19
25051.12
987.05
972.99
971.79
983.00
972.99
968.93
962.02
25096.89
990.15
981.09
976.09
965.12
962.97
972.03
974.89
17074.82
955.82
948.91
948.91
953.20
943.90
949.86
948.91
25041.10
1004.22
988.96
975.85
978.95
956.06
962.02
972.99
25013.92
1044.03
1001.12
993.97
1002.79
942.95
949.14
946.04
24993.18
1039.03
1012.09
1013.99
992.06
967.98
963.93
962.97
29011.96
1030.92
990.87
983.95
995.16
983.95
984.19
985.86
25020.84
1029.97
988.01
985.86
983.00
986.10
987.05
980.14
25021.08
1029.01
989.91
981.09
990.15
983.95
987.05
983.95
25031.09
1034.98
988.01
988.96
994.92
987.05
983.00
983.00
25020.12
1030.21
984.91
993.97
992.06
982.05
984.91
986.10
25022.03
1031.88
993.97
983.95
991.82
985.86
989.91
987.05
25046.11
1038.79
993.01
982.05
984.91
977.04
980.85
977.04
25015.83
989.91
952.01
948.91
962.97
962.02
972.99
971.08
25005.10
1024.01
974.89
966.07
959.16
1007.08
1006.13
998.97
25039.91
1026.15
971.08
972.03
973.94
955.10
953.91
947.95
945.09
25109.05
1038.07
1011.85
1023.05
941.04
962.97
965.83
975.85
25135.99
1047.13
1035.93
1042.13
964.16
977.99
975.13
25022.03
1095.06
1049.04
1044.99
1032.11
976.09
993.01
979.90
25041.10
1072.88
1039.03
1037.84
1024.96
976.09
981.09
983.95
25048.02
1091.96
1048.80
1049.04
989.91
977.99
976.09
981.09
25120.97
1042.84
1025.92
1025.92
972.03
998.02
988.01
993.01
25141.00
1025.92
1006.84
1011.85
989.91
994.92
991.11
997.07
25074.96
1003.03
992.06
989.91
1013.99
1012.09
1014.95
25044.92
1032.83
985.86
980.85
969.89
1024.01
1003.03
1009.94
25043.01
1018.05
977.99
968.93
975.85
997.07
998.97
986.10
25011.06
1039.03
983.95
982.05
975.13
973.94
969.89
963.93
24976.02
1086.95
1018.05
1013.99
1016.86
962.97
957.97
954.87
24962.90
1116.04
1051.90
1050.95
1036.17
983.00
980.85
977.99
25003.91
1097.92
1065.97
1048.09
1030.92
993.01
983.95
978.95
25033.00
1065.02
1029.01
1026.15
996.11
965.12
959.87
952.96
25015.12
1041.17
992.06
993.97
964.88
952.01
959.87
958.92
25027.99
1012.09
964.16
958.92
943.90
994.21
984.91
990.87
25050.88
1011.85
969.89
957.01
958.92
1006.84
1012.09
1016.14
25051.12
1027.11
980.14
982.05
964.16
993.01
988.96
985.86
25017.98
1016.86
972.03
964.88
964.16
952.96
955.82
947.95
24975.06
994.92
959.16
952.01
967.98
965.12
955.10
967.98
962.97
25063.99
977.04
976.09
970.84
982.05
982.05
975.13
967.98
25072.10
987.77
978.95
985.15
991.11
996.11
992.06
987.05
25083.07
998.97
998.02
992.06
993.01
989.91
991.11
995.16
25092.12
998.02
996.11
992.06
1004.22
989.91
999.93
995.16
25098.09
1017.09
1003.98
995.87
1008.03
1003.03
990.87
998.02
25090.93
1019.95
1003.03
1015.90
1013.99
1004.93
1006.13
25038.96
1070.02
1014.95
1019.00
1018.05
1018.05
1009.94
1012.09
25046.11
1060.01
1013.04
1019.00
1024.96
1013.99
1009.94
1013.04
29106.86
1015.90
1005.17
1008.03
996.11
986.10
982.05
981.09
25094.03
1008.99
994.92
987.05
975.85
988.96
999.93
996.83
25099.04
997.07
987.05
976.09
973.94
978.95
993.01
982.05
25089.03
990.15
971.08
967.98
966.07
968.22
972.03
962.02
25071.86
978.23
959.87
958.92
947.00
939.85
945.81
952.96
24987.94
1004.93
964.88
958.92
947.95
976.09
973.94
975.85
24999.86
1047.85
994.92
998.02
989.91
962.02
969.89
960.83
24995.80
1060.96
1011.13
1001.12
1008.99
952.96
952.96
948.91
24986.03
1038.07
982.05
971.08
964.16
948.91
954.87
948.19
946.04
25055.17
962.02
952.01
946.04
965.12
951.05
952.96
952.96
25071.14
1009.94
1000.88
991.82
985.86
954.87
952.96
955.10
25059.94
1019.95
1015.19
1005.89
979.90
959.87
958.92
957.01
25070.19
1003.98
983.95
973.94
975.13
983.00
1004.93
983.00
25083.78
977.04
960.11
949.14
947.95
984.91
992.06
986.10
25025.13
1013.99
973.94
972.99
968.93
951.05
955.82
952.96
24981.98
1049.04
1008.03
1001.12
1002.07
943.18
948.91
943.90
24993.18
1036.88
984.19
972.99
964.16
944.14
951.05
946.04
947.00
25056.12
958.20
952.96
946.04
962.97
947.00
947.95
952.96
25063.99
981.09
963.93
962.02
970.13
938.89
948.91
949.14
25002.00
1036.17
988.96
988.01
979.90
948.91
954.15
956.06
25007.01
1034.02
993.97
1006.84
990.87
967.98
975.13
972.03
25019.17
1039.98
997.78
998.97
998.02
988.96
983.95
984.91
25030.14
1040.94
993.97
1008.99
998.02
988.01
985.86
983.00
29021.02
1030.92
983.00
980.85
973.94
975.13
977.99
972.03
25008.92
1010.18
969.89
969.89
974.89
969.89
967.03
960.83
24991.04
1013.99
974.89
963.21
962.02
961.07
964.16
965.12
957.01
25050.16
973.94
957.01
952.01
960.11
953.91
947.95
945.09
25047.06
961.78
946.04
947.00
954.15
950.10
942.95
942.95
24984.12
994.92
955.10
950.10
954.15
952.96
952.96
943.90
24968.15
1011.13
957.97
947.00
952.01
957.97
953.91
953.91
950.10
25053.98
968.93
964.88
959.16
957.01
949.14
950.10
955.10
25002.96
977.99
949.14
949.14
956.06
948.91
955.82
947.95
24986.03
1000.88
952.01
947.95
956.06
949.14
950.10
944.14
947.95
25055.89
957.97
961.07
952.01
961.07
954.15
957.01
949.86
25051.12
964.88
956.06
954.15
957.01
951.05
949.14
949.14
24995.09
993.01
950.81
947.00
956.06
951.05
949.14
942.95
24981.98
1005.89
959.16
955.10
957.01
957.01
951.05
952.01
952.01
25058.03
970.84
954.87
953.91
959.87
954.15
952.96
949.86
25030.85
973.94
950.10
950.10
952.96
956.06
947.95
947.00
24979.11
998.97
957.01
952.96
953.91
951.05
952.01
949.86
949.86
25048.97
966.07
957.97
952.96
965.12
954.15
954.87
957.97
25054.93
970.13
957.97
952.01
967.03
948.91
952.01
950.10
25002.96
995.87
957.01
953.91
959.87
949.86
950.81
950.81
24986.03
998.97
957.97
956.06
953.20
953.91
951.05
948.91
954.87
25056.84
964.88
955.82
951.05
962.02
955.10
955.10
952.96
25058.98
970.84
957.01
955.10
965.12
1030.92
1020.91
1011.85
25117.87
1008.03
988.01
983.95
998.02
990.15
985.86
983.00
25089.98
992.06
976.09
970.84
974.89
962.02
959.16
952.01
25066.14
976.09
964.16
967.98
982.05
976.09
975.13
977.99
25058.03
996.11
990.87
993.97
997.07
1003.98
1008.03
998.97
25086.88
1007.80
1002.07
1004.93
1007.08
1005.17
999.93
1003.03
25099.04
1018.05
998.97
1010.89
1020.19
1003.98
1003.03
1004.93
25100.95
1020.91
1006.13
1007.08
1008.03
1005.89
1009.94
25038.96
1057.86
1020.91
1013.99
1031.88
1017.09
1017.09
1017.09
25058.03
1060.01
1037.12
1017.09
1024.01
1019.00
1015.90
1018.05
25113.11
1029.01
1023.05
1014.95
1024.96
1013.04
1015.90
1016.86
25120.02
1020.91
1018.05
1013.99
1026.15
1022.10
1011.13
25048.02
1067.16
1035.93
1029.97
1029.97
1024.01
1020.91
1017.09
25056.12
1069.07
1027.82
1027.82
1041.89
1031.88
1026.87
1024.96
25133.13
1039.03
1029.01
1027.11
1043.08
1028.06
1024.01
25056.84
1081.94
1049.04
1036.88
1039.98
1051.90
1042.84
1036.88
25082.83
1080.04
1047.13
1045.94
1042.84
1044.03
1040.94
1038.07
25145.05
1053.81
1042.84
1046.90
1046.90
1044.99
1041.89
25074.01
1093.86
1046.90
1053.09
1052.14
1051.90
1048.09
1044.99
21150.11
1044.03
1026.15
1025.92
1004.93
1024.01
1029.97
25073.05
1076.94
1032.11
1031.88
1015.90
1024.01
1023.05
1029.01
25072.10
1054.05
1024.96
1013.04
996.11
1022.10
1022.10
1023.05
25139.09
1008.99
993.01
985.15
993.97
1037.84
1044.03
1036.88
25105.95
995.16
980.14
976.09
1024.96
1043.80
1032.83
25084.97
1032.11
985.15
972.03
962.02
1029.01
1036.88
1044.99
25088.07
1020.19
979.90
974.89
958.92
1022.10
1024.96
1031.88
25070.91
