1104.12
1050.00
1040.94
1044.99
1044.03
1050.00
1050.00
1047.85
1047.85
1052.86
1049.04
33205.03
1137.02
1119.14
1132.97
1116.04
1116.04
1115.08
1123.19
1116.04
1112.94
25146.96
1181.84
1132.01
1122.00
1132.01
1120.81
1119.85
1124.86
1131.06
1111.03
1116.99
25202.99
1140.12
1121.04
1129.15
1122.00
1116.04
1106.98
1126.05
1113.18
1117.94
1117.94
25225.88
1133.92
1122.00
1127.96
1111.98
1116.99
1124.14
1121.04
1121.04
1128.20
25172.00
1168.01
1122.95
1118.18
1127.00
1120.09
1121.04
9167.91
1126.77
1103.88
1070.98
1079.08
1114.13
1106.02
1096.01
1057.86
1076.94
1065.02
25103.81
1144.89
1119.85
1098.87
1121.04
1097.92
1106.02
1107.93
1112.94
1101.02
1101.02
25223.97
1121.04
1119.14
1111.03
1104.12
1111.98
1105.07
1114.85
1122.95
1106.02
1098.16
25202.99
1115.80
1101.02
1112.94
1096.01
1101.97
1101.97
1113.18
1101.02
1111.03
25142.91
1178.03
1106.02
1116.99
1108.88
1113.89
1094.10
1106.02
1106.98
1098.87
1111.98
25154.11
1159.91
1121.04
1123.91
1131.06
1116.99
1118.90
1119.85
1114.85
1122.00
1121.04
25225.16
1137.97
1123.91
1126.05
1114.85
1115.08
1113.18
1122.00
1112.94
1114.13
25170.09
1163.01
1119.85
1119.85
1114.13
1118.90
1101.02
1115.08
1106.98
1105.79
1111.98
25213.00
1137.02
1120.09
1122.95
1144.89
1193.05
1110.08
1104.12
1116.04
1109.12
1106.98
25183.92
1106.02
1096.96
1107.93
1075.03
1080.99
1074.08
1086.00
1093.86
1078.84
25124.07
1152.04
1101.97
1095.06
1092.91
1090.05
1091.96
1074.08
1061.92
1041.89
1041.89
45063.97
1121.04
1067.16
1060.01
1056.19
1077.89
1080.04
1065.02
1072.17
1069.07
1061.92
1052.86
25171.04
1092.91
1070.98
1057.15
1048.09
1053.09
1067.88
37105.80
1177.07
1140.12
1123.91
1142.02
1130.10
1119.14
21161.08
1120.09
1084.09
1078.13
1111.03
1086.00
1108.17
1090.05
1072.88
1065.97
1072.17
25136.95
1076.94
1050.95
1050.00
1065.02
1069.78
1043.08
1044.03
21142.01
1068.83
1055.96
1059.06
1065.02
1050.00
1058.10
1057.86
1050.00
1055.00
1067.88
25194.88
1109.84
1088.86
1096.96
1111.03
1107.22
1105.07
1117.94
1096.01
1105.07
1099.11
25144.10
1069.07
1045.94
1042.84
1101.02
1096.01
1095.06
1097.92
1086.00
1088.86
1101.02
25152.92
1078.84
1056.91
1052.86
1086.00
1087.90
1088.86
1095.77
1088.86
1093.86
1082.90
25184.87
1102.92
1096.01
1091.00
1135.11
1243.11
1138.93
1163.96
1130.10
1132.97
25219.92
1087.90
1063.11
1049.04
1138.93
1132.97
1142.02
1119.14
1087.90
1091.00
1077.89
25213.00
1147.03
1122.95
1124.86
1122.95
1130.10
1114.13
1109.12
1070.98
1065.97
1078.13
25259.02
1147.03
1131.06
1137.97
1132.97
1124.86
1124.86
1081.94
1091.96
1092.91
25141.00
1706.12
1127.00
1125.81
1092.91
1087.19
1086.00
1119.14
1075.98
1069.07
25105.95
1147.99
1067.88
1075.98
1075.03
1070.98
1060.01
1067.16
1072.88
1116.99
1111.98
25140.05
1111.03
1060.96
1042.84
1049.04
1044.03
1040.94
1044.99
1054.05
1015.90
1084.09
1077.89
25202.04
1094.10
1080.04
1079.08
1077.89
1077.89
1075.98
1086.00
1083.85
1086.95
1086.95
25194.88
1101.02
1094.82
1093.86
1111.98
1106.02
1088.14
1106.02
1092.20
1095.06
1089.10
25182.01
1120.81
1096.01
1131.06
1098.16
1106.98
1113.18
21215.92
1133.92
1140.83
1113.89
1097.92
1085.04
1082.18
1096.96
1079.08
1082.18
25111.91
1188.99
1136.06
1106.98
1117.94
1042.13
1041.89
1038.79
1052.86
1039.03
1042.13
1044.03
25239.94
1221.90
1122.00
1095.06
1048.09
1049.04
1055.00
1062.87
1055.96
1055.00
25080.92
1134.87
1077.89
1091.00
1056.91
1051.19
1044.03
1039.98
1052.14
1050.95
1041.89
1048.80
25213.96
1137.97
1116.04
1105.07
1092.20
1096.96
1091.00
1095.06
1086.95
1083.85
25112.87
1183.99
1131.06
1130.82
1107.93
1088.86
1089.81
1080.04
1086.95
1091.00
1081.94
25146.01
1174.93
1114.13
1106.02
1092.91
1100.06
1078.13
1082.90
1095.06
1076.94
1075.98
37127.97
1149.89
1091.00
1082.90
1085.04
1090.05
1086.95
21120.07
1106.98
1040.94
1041.89
1040.94
1055.00
1062.87
1057.15
1065.97
1060.01
1059.06
1061.20
25166.03
1077.18
1051.90
1057.86
1051.90
1053.09
1047.13
21084.07
1127.00
1075.03
1066.92
13154.98
1060.01
1050.00
1059.06
1053.09
1052.14
1049.04
1048.09
1036.17
1039.03
1043.08
29098.99
1137.97
1100.06
1089.81
1101.02
1096.01
1094.10
1090.05
1093.15
1107.93
1091.96
25185.11
1088.14
1065.02
1058.10
1106.98
1095.06
1092.91
1116.04
1112.94
1093.15
1096.01
37191.15
1093.15
1076.94
1083.85
1093.86
1098.87
1095.06
1094.82
1091.96
1088.14
1083.14
25192.98
1097.20
1082.90
1077.89
1080.04
1091.00
1086.00
17167.09
1106.02
1086.00
1083.85
1096.96
1103.16
1099.11
25139.09
1125.10
1084.09
1086.95
1082.90
1064.78
1062.87
1072.88
25152.92
1080.99
1075.98
1075.98
1046.90
1053.81
1048.80
37163.02
1080.04
1070.02
1065.97
1061.92
1068.83
1086.00
25117.16
1127.00
1079.08
1071.93
1086.95
1079.80
1093.86
1077.89
25191.07
1108.88
1084.09
1092.20
1085.04
1082.90
1086.95
1096.01
1081.94
1095.06
25105.95
1168.01
1116.04
1094.10
1117.94
1096.96
1095.06
1092.20
25209.90
1123.91
1091.00
1101.97
1101.02
1090.05
1091.96
1060.01
1077.89
1082.90
1076.22
25142.91
1070.02
1060.01
1042.84
1050.95
1049.04
1050.00
1065.02
1047.85
1041.89
1035.93
25156.97
1101.02
1086.00
1089.81
1107.93
1106.02
1099.82
17149.93
1147.99
1100.06
1099.11
1071.93
1088.86
1087.90
25120.02
1122.00
1087.19
1084.09
1094.10
1084.09
1077.89
1091.96
17213.11
1106.02
1101.02
1101.02
1094.10
1091.96
1094.82
33191.92
1081.94
1067.16
1069.07
1068.12
1069.07
1063.11
1060.96
1096.01
1099.11
1086.95
25214.91
1110.79
1092.91
1107.93
1089.10
1091.00
1092.91
21203.99
1141.07
1105.07
1107.93
1099.82
1101.97
1101.02
25160.07
1135.83
1106.02
1101.97
1112.22
1100.06
1097.92
25149.82
1140.12
1096.96
1101.02
1109.84
1098.87
1098.87
25133.85
1137.97
1078.13
1075.98
1086.00
1066.92
1060.96
1070.98
25169.85
1080.04
1065.97
1060.96
1050.95
1047.85
1041.17
1038.07
1064.06
1061.20
1055.96
25160.07
1110.08
1152.04
1081.94
1070.02
1067.88
1071.21
1077.89
1075.98
1086.00
1080.04
21168.95
1101.97
1087.90
1087.90
1087.19
1087.90
1075.03
25130.03
1140.12
1091.00
1105.07
1095.06
1101.97
1094.10
1110.08
1091.96
1086.00
1089.10
21193.03
1151.08
1143.22
1149.89
1082.90
1088.14
1098.16
25148.87
1185.89
1146.08
1116.04
1130.10
1127.96
1127.96
17154.22
1091.96
1059.06
1062.87
1086.95
1066.92
1074.08
25110.01
1141.79
1109.84
1086.00
1086.95
1085.04
1080.99
1075.98
21189.93
1112.94
1089.10
1080.04
1071.93
1059.06
1070.02
25146.01
1104.12
1091.96
1088.86
1096.96
1094.10
1080.99
21129.85
1132.97
1094.10
1088.14
1081.94
1092.91
1078.13
1093.15
1044.03
1050.95
1052.86
41089.77
1142.98
1091.96
1095.06
1090.05
1079.08
1077.18
1088.14
1091.96
1088.14
1074.08
29123.07
1133.92
1096.01
1086.00
1078.13
1049.04
1049.04
1055.00
29166.94
1060.01
1054.05
1055.96
1050.95
1054.05
1050.95
17103.91
1146.79
1127.96
1104.12
1137.97
1133.92
1125.10
13172.15
1123.19
1090.05
1076.94
1087.90
1075.98
1168.97
25213.96
1255.04
1210.93
1222.13
1219.03
1203.06
1202.11
1229.05
1197.10
1199.01
25251.87
1248.84
1214.03
1205.92
1195.91
1174.93
1176.12
1211.88
1186.85
1205.92
29279.95
1202.11
1181.13
1178.03
1236.92
1226.90
1230.00
25278.09
1172.07
1164.91
1170.87
1173.02
1158.00
1168.97
1166.82
1162.05
1168.01
37260.06
1217.84
1207.11
1233.10
1224.99
1256.94
21294.12
1284.12
1235.01
1225.95
1203.06
1196.15
1193.05
25309.09
1228.09
1141.07
1235.01
1261.00
1250.03
21272.90
1212.84
1173.97
1183.03
1177.07
1172.78
1148.94
1165.15
1157.05
1173.02
29222.97
1221.18
1163.01
1166.11
1196.15
1189.95
1204.97
21292.92
1235.96
1196.86
1199.01
1168.01
1166.11
1158.00
29284.00
1183.99
1162.05
1182.08
1168.01
1076.94
1080.04
21237.13
1176.12
1163.96
1178.98
1170.16
1182.08
1193.05
1225.95
1224.99
33266.07
1271.01
1198.05
1198.05
1203.06
1215.93
1228.09
25331.02
1220.94
1209.02
1224.99
1184.94
1194.00
1192.09
17275.09
1184.94
1169.92
1188.99
1210.93
1198.05
21247.15
1231.19
1111.98
1094.10
1186.13
1163.01
1169.92
25265.93
1208.07
1195.19
1214.98
1223.09
1211.17
1194.00
21284.10
1216.17
1209.97
1240.97
1215.93
1237.87
1252.89
1244.78
1231.91
33267.97
1235.01
1214.03
1218.08
1187.09
1178.98
1168.01
25280.95
1201.87
1188.04
1191.14
1183.99
1198.05
1104.83
17305.85
1209.02
1185.89
1194.95
1194.00
1204.97
21254.06
1264.10
1230.00
1219.99
1193.05
1209.02
1199.96
1199.96
1187.09
1191.14
33288.00
1191.85
1159.91
1159.91
1178.98
1179.93
1196.86
25290.97
1201.15
1179.93
1183.03
1182.08
1167.06
17193.08
1267.19
1221.90
1139.88
1142.02
1210.93
1216.89
21309.14
1212.12
1184.94
1174.93
1199.01
1207.83
1241.92
1266.00
1242.88
1227.86
33288.00
1185.18
1168.01
1159.19
1164.91
1153.95
1166.11
25305.99
1213.07
1203.78
1195.91
1184.94
1173.97
17219.07
1231.91
1212.12
1226.90
1237.87
1161.81
1178.03
21286.96
1185.18
1165.87
1187.09
1182.08
1183.03
1175.17
1167.06
1161.10
1158.00
33276.08
1206.87
1192.81
1198.05
1179.93
1194.00
25233.03
1214.03
1171.83
1255.04
1205.92
1201.87
1205.92
1216.17
1199.01
1182.08
29209.85
1276.02
1217.13
1190.90
1194.95
1086.95
1175.88
1165.87
1197.81
1209.02
29242.99
1211.88
1169.92
1180.17
1195.91
1179.93
1196.86
29276.13
1203.78
1192.81
1196.86
1205.92
1194.00
1200.91
25334.84
1223.09
1206.87
1196.86
1210.93
1196.15
1183.03
1187.09
1184.94
1204.97
17281.06
1174.93
1165.15
1152.04
1088.14
1187.09
17224.07
1241.21
1183.99
1166.11
25318.15
1209.97
1122.00
1116.04
1088.86
1074.08
1074.79
1106.98
1083.14
1075.03
37118.20
1133.92
1086.95
1092.20
1081.94
1104.83
1096.01
1092.91
29191.97
1114.13
1106.02
1102.92
1087.90
1081.94
1078.13
17177.10
1065.97
1047.85
1043.80
1062.87
1065.02
1068.12
1061.92
1063.82
1056.91
1052.14
21165.13
1070.98
1051.90
1038.07
1052.86
1042.84
1040.94
21066.90
1158.00
1094.10
1100.06
1100.06
1101.02
1091.00
1080.99
1076.94
1099.11
1092.91
25136.95
1144.89
1097.20
1094.10
1101.02
1088.14
1095.06
1091.96
21190.88
1106.98
1106.02
1101.97
1084.09
1082.90
1068.83
1118.90
1108.17
1096.96
25128.84
1116.04
1063.11
1060.96
1070.02
1058.82
1060.96
1084.09
21165.13
1094.10
1070.02
1089.81
1093.86
1088.86
1073.84
1077.89
1069.78
1067.88
1075.03
25152.92
1075.98
1048.09
1052.14
1107.93
1092.20
1096.96
21147.01
1142.98
1097.92
1082.90
1114.13
1091.96
1086.00
1095.06
1107.93
1093.86
1085.04
25186.06
1112.94
1088.86
1080.04
1071.93
1056.91
1053.09
33090.11
1186.85
1143.93
1137.02
1142.98
1132.01
1135.11
1120.09
1054.05
1058.10
1048.09
29109.95
1107.93
1071.93
1062.15
1070.02
1058.10
1064.06
1066.92
1106.02
1106.98
1101.02
25166.03
1173.97
1129.87
1133.92
1105.79
1091.00
1096.01
1120.09
1092.20
1090.05
1091.96
29196.02
1096.01
1091.96
1088.86
1083.85
1092.91
1083.14
25161.03
1122.00
1100.06
1083.14
1082.90
1078.84
1077.89
1088.14
1106.02
1086.00
1097.92
33204.08
1118.90
1106.02
1111.03
1105.07
1099.11
1101.02
21159.17
1108.17
1081.94
1081.94
1104.12
1102.92
1096.01
1101.97
1092.91
1095.06
1093.86
33192.87
1085.04
1065.02
1060.96
1068.83
1072.88
1074.08
25121.93
1146.08
1100.06
1096.01
1097.92
1091.00
1096.01
17112.02
1148.94
1093.15
1112.94
1106.98
1096.01
1097.20
1092.91
33171.89
1070.98
1055.96
1060.01
1049.04
1067.16
1060.01
1070.02
1061.20
1065.97
1063.11
25187.97
1094.10
1077.89
1080.04
1084.09
1081.94
1081.94
1092.20
1059.06
1060.96
1065.02
17175.91
1075.98
1052.14
1051.90
21170.85
1080.99
1082.18
1075.98
1080.99
1082.90
1091.00
1090.05
1088.14
1094.82
25117.87
1152.99
1093.15
1105.07
1105.07
1097.92
1096.96
1095.06
1111.98
1096.96
1102.92
25131.94
1148.94
1105.79
1100.06
1108.88
1099.82
1101.02
1105.07
1100.06
1091.96
1096.01
25140.05
1152.99
1110.08
1103.88
1104.83
1099.82
1098.87
1102.92
1099.11
1097.20
1094.82
22290.95
1111.03
1100.06
1051.90
1057.86
1062.87
1080.99
1071.93
1070.98
1080.04
25201.08
1079.08
1058.10
1058.10
1073.12
1073.12
1065.97
1073.84
1071.93
1077.18
1067.88
25184.87
1102.92
1103.16
1103.16
1095.06
1106.98
1084.09
1079.08
1094.10
1091.00
1093.15
25194.88
1129.87
1092.91
1095.06
1088.14
1088.14
1086.00
1084.09
1095.06
1086.00
1095.06
25161.98
1084.09
1062.15
1058.10
1053.09
1051.90
1043.08
1036.88
1041.89
1032.83
1038.07
33118.96
1069.78
1044.03
1030.92
1050.00
1034.02
1031.16
1040.94
25168.90
1068.83
1055.96
1044.03
1043.80
1045.94
1055.00
24286.03
1095.06
1055.96
1049.04
1048.09
1064.06
1055.96
1062.87
25086.88
1115.80
1070.02
1070.98
1072.88
1062.87
1060.01
1062.87
1027.82
1061.92
1063.82
1072.88
25141.00
1050.95
1052.86
1049.04
1080.99
1083.14
1080.99
1104.83
1093.86
1086.95
1101.97
21183.01
1119.14
1086.95
1087.19
1086.95
1079.80
1085.04
25195.12
1096.96
1080.04
1091.96
1083.14
1084.09
1081.94
25167.94
1155.14
1127.96
1118.90
1092.20
1086.95
1075.98
25125.98
1168.01
1121.04
1100.06
1118.18
1101.97
1086.00
21133.90
1165.87
1127.00
1104.12
1151.08
1110.08
1101.02
17136.10
1217.84
1106.98
1103.16
1087.90
1124.86
1125.81
25152.92
1159.91
1111.03
1099.11
1097.92
1089.81
1088.86
1086.00
1100.06
1073.12
1074.08
25104.05
1148.22
1107.93
1091.00
1106.02
1070.02
1073.84
1072.17
25202.04
1107.93
1090.05
1114.13
1111.98
1097.92
1097.92
25199.89
1121.04
1104.83
1106.98
1104.12
1099.11
1104.12
21185.87
1085.04
1088.14
1075.03
1077.18
1072.88
1070.98
1065.97
1075.03
1080.99
1064.78
25172.00
1120.09
1104.12
1094.10
1066.92
1076.94
1063.82
1080.04
1076.94
1081.94
1070.02
25187.97
1086.00
1060.96
1057.86
1058.82
1056.91
1052.86
21088.84
1148.94
1083.85
1091.00
1080.04
1088.14
1072.88
1060.96
29202.94
1109.84
1096.96
1106.02
1103.88
1097.92
1101.02
25212.05
1118.90
1111.98
1099.11
1090.05
1096.01
1110.79
25187.02
1091.96
1078.84
1070.02
1080.04
1075.03
1069.78
1069.07
1041.89
1042.84
1049.04
25110.01
1103.88
1075.98
1078.13
1063.11
1104.12
1094.10
1097.92
1109.84
1092.91
1091.96
21172.05
1070.98
1052.86
1050.00
1065.02
1055.00
1059.77
25084.02
1105.07
1070.02
1062.87
1075.03
1074.79
1075.03
1075.03
25173.19
1094.10
1095.06
1088.14
1078.13
1091.00
1069.07
25113.11
1137.02
1082.18
1085.04
1084.09
1073.12
1074.08
25089.03
1117.94
1067.88
1067.16
1081.94
1061.92
1055.96
1056.91
1070.02
1053.09
1052.14
1056.91
25169.85
1077.89
1056.91
1043.08
1058.10
1052.14
1050.95
1061.92
1062.15
1062.15
1060.96
29161.93
1078.13
1059.06
1063.11
1060.01
1060.01
1060.01
21104.10
1118.90
1100.06
1091.00
1092.91
1093.15
1078.13
1081.94
1111.03
1097.92
1098.16
25144.10
1119.14
1091.00
1074.79
1108.88
1090.05
1082.90
1078.13
1080.04
1078.84
1077.89
25121.21
1101.97
1055.96
1057.15
1044.03
1077.18
1079.08
1065.97
1085.04
1072.17
1066.92
25117.87
1132.97
1104.12
1094.10
1101.02
1092.91
1089.10
1094.10
1101.02
1114.85
1112.94
25143.15
1135.11
1104.12
1089.10
1085.04
1100.06
1096.96
1099.82
1080.04
1087.90
1087.90
25185.11
1098.16
1055.96
1069.07
1106.98
1086.95
1102.21
1102.92
1081.94
1099.11
1085.04
25187.02
1076.94
1062.15
1061.92
1100.06
1092.91
1096.01
25140.05
1111.03
1080.99
1089.10
1086.95
1068.83
1076.94
1077.18
1094.10
1101.97
1097.20
21135.09
1132.01
1096.96
1087.90
1091.00
1081.94
1086.00
21120.07
1130.10
1079.08
1075.98
1078.13
1065.02
1070.02
1059.06
1051.90
1065.97
1065.97
1066.92
17157.79
1075.98
1055.96
1060.01
1116.99
1098.87
1094.82
17196.89
1108.88
1108.17
1084.09
1085.04
1094.10
1091.00
21186.83
1091.96
1070.98
1070.98
1083.85
1078.84
1065.97
17113.92
1127.00
1079.08
1078.13
1100.06
1087.19
1080.99
1072.17
17179.01
1082.90
1061.20
1075.03
1071.93
1063.82
1062.87
1061.92
1073.12
1089.10
1078.13
25171.04
1069.07
1057.15
1063.11
1054.05
1055.00
1055.00
1071.93
1084.09
1086.00
1075.03
29210.09
1107.93
1106.02
1087.90
1127.96
1132.01
1120.81
21228.08
1145.12
1146.08
1123.91
1061.92
1063.11
1065.97
1080.04
1063.11
1072.88
1066.92
25160.07
1070.02
1055.96
1058.10
1050.00
1051.90
1054.05
21097.90
1183.99
1141.07
1133.92
1098.87
1058.82
1056.91
1060.01
1082.90
1091.96
1091.96
25151.01
1137.02
1091.00
1080.99
17247.20
1163.96
1149.18
1152.99
1151.08
1147.99
1147.99
1096.96
1091.00
1090.05
17147.06
1179.93
1131.06
1132.97
1104.12
1080.99
1086.95
1093.15
1079.08
1083.14
1084.09
33178.09
1116.99
1088.86
1091.00
1117.94
1103.88
1106.98
25151.01
1116.99
1086.95
1075.98
1111.03
1122.00
1114.85
1122.95
1118.18
1116.04
1111.03
29216.05
1113.89
1096.96
1090.05
1067.16
1075.98
1070.02
29116.87
1114.85
1078.84
1077.89
1094.82
1081.94
1078.13
25115.01
1107.93
1063.11
1054.05
1056.19
1075.03
1081.94
1086.00
1088.14
1076.94
1075.03
1065.02
21156.07
1091.00
1080.04
1080.04
1080.04
1084.09
1076.94
25157.93
1113.18
1086.00
1089.10
1096.96
1087.90
1091.00
1100.06
1105.07
1084.09
1082.18
25159.84
1055.96
1044.99
1034.98
1034.02
1050.00
1039.98
21093.13
1130.10
1092.20
1087.90
1086.95
1074.08
1076.22
1074.08
1089.10
1085.04
1075.03
29129.03
1175.88
1131.06
1128.91
1086.00
1093.15
1069.07
1080.04
1088.14
1068.12
1079.08
25124.07
1124.14
1091.00
1083.14
1090.05
1079.08
1069.07
1075.98
1081.94
1086.00
1088.86
21143.91
1152.99
1122.00
1114.13
1129.15
1101.02
1116.99
33150.91
1130.82
1081.94
1078.13
1065.02
1097.92
1099.11
1098.16
1096.96
1093.86
1093.86
29143.81
1102.92
1065.97
1056.91
1065.97
1055.00
1048.80
1039.98
29183.15
1113.89
1090.05
1101.02
1087.19
1094.10
1086.00
25177.96
1094.82
1101.02
1085.04
1081.94
1082.90
1089.81
1089.81
1091.00
1090.05
1096.96
29210.81
1158.95
1134.16
1142.98
1161.10
1157.05
1152.99
1154.90
1152.04
1150.13
25183.92
1109.84
1061.92
1064.06
1072.17
1049.04
1048.09
1047.13
1072.88
1076.94
1069.07
29111.15
1120.09
1089.10
1073.12
1084.09
1075.98
1070.98
1068.12
17159.94
1085.04
1076.94
1083.85
1077.18
1075.03
1077.18
25161.03
1076.22
1054.05
1050.95
1060.96
1058.10
1050.00
17097.95
1190.90
1140.83
1144.89
1154.90
1142.02
1146.08
21179.91
1121.04
1077.18
1075.98
1092.20
1084.09
1081.94
1084.80
1075.03
1075.03
1080.99
33129.93
1158.95
1139.16
1123.91
1128.91
1124.86
1139.16
1151.08
1131.06
1126.05
1130.82
25223.02
1142.98
1136.06
1137.02
1130.82
1128.91
1126.05
1134.87
1126.05
1123.91
21288.16
1145.12
1104.12
1080.99
1075.98
1081.94
1074.79
1086.95
1075.98
1065.97
1072.88
25120.97
1180.89
1142.98
1137.97
1137.02
1127.96
1117.94
1122.00
1115.08
1116.99
1126.05
25182.96
1099.82
1077.89
1063.82
1128.91
1137.02
1145.84
1154.90
1147.03
1142.98
25177.00
1193.05
1153.95
1160.86
1102.92
1081.23
1101.02
1099.11
1087.90
1086.00
1086.00
25172.95
1130.10
1120.09
1127.00
1117.23
1118.90
1103.88
1122.95
1101.97
1108.88
1099.82
25230.88
1158.00
1131.06
1122.95
1103.88
1106.02
1096.01
1109.12
1101.02
1094.10
25142.91
1156.09
1111.03
1105.07
1115.08
1102.21
1101.97
1100.06
1206.87
19012.93
1140.83
1088.86
1106.02
1106.02
1091.00
1092.91
1105.79
25166.03
1114.13
1100.06
1106.02
1101.97
1097.92
1097.20
33206.94
1117.94
1106.98
1099.82
1098.87
1093.86
1091.00
17189.03
1126.05
1110.79
1111.03
1104.12
1102.92
1103.88
25204.90
1126.05
1108.88
1110.08
1108.17
1106.98
1102.92
21139.14
1141.07
1091.00
1091.96
1097.20
1088.86
1082.90
1086.95
1086.00
1103.88
1102.92
25182.96
1107.93
1114.85
1106.98
1096.96
1113.89
1091.00
17134.90
1106.02
1058.10
1053.09
1065.02
1065.02
1068.83
1065.02
21156.07
1074.08
1069.07
1070.98
1101.02
1106.02
1083.14
25202.99
1103.88
1095.06
1088.86
1086.95
1086.95
1099.82
25156.97
1123.19
1091.96
1087.90
1096.96
1087.90
1091.00
29115.92
1089.10
1050.95
1042.84
1047.85
1046.90
1042.13
1043.08
25170.09
1116.99
1111.03
1094.10
1034.98
1054.05
1044.99
25085.93
1177.07
1116.04
1115.08
1114.13
1097.92
1091.00
25129.08
1134.16
1095.06
1077.89
1078.84
1068.83
1070.98
1070.98
1060.96
1034.02
1035.93
25053.02
1154.90
1101.97
1081.94
1072.88
1069.07
10760.78
1133.92
1120.09
1098.16
1097.92
1055.00
1056.91
1055.00
1064.06
1053.09
1059.06
25105.95
1108.88
1068.83
1071.93
1074.08
1064.78
1059.06
1064.06
17138.00
1063.82
1056.91
1062.87
1063.82
1060.96
1068.12
25115.01
1171.83
1122.95
1134.87
1047.13
1054.05
1055.96
25083.07
1179.93
1137.97
1127.96
1154.18
1137.02
1142.98
21152.97
1158.00
1124.14
1126.05
1131.06
1108.88
1104.12
1103.16
1105.07
1097.92
1095.06
25137.90
1123.91
1077.89
1077.89
1098.87
1105.07
1095.06
1103.88
1098.87
1097.20
1101.97
25178.91
1075.98
1061.92
1064.06
1093.86
1070.02
1071.93
29103.04
1100.78
1055.96
1053.09
1057.15
1056.91
1054.05
1055.96
25194.17
1110.08
1104.12
1115.08
1091.00
1103.16
1089.10
25189.88
1148.94
1147.03
1157.05
1132.97
1152.99
1131.06
25233.03
1127.96
1122.00
1107.93
1108.17
1101.97
1110.08
1114.13
1091.96
1101.02
1096.01
25204.18
1114.13
1091.00
1104.12
1099.11
1095.06
1098.16
1082.90
1101.02
1083.85
21116.02
1182.08
1121.04
1120.09
1120.09
1114.13
1102.21
1100.06
33152.10
1082.90
1062.87
1068.83
1055.96
1057.15
1052.14
19732.95
1133.92
1126.05
1133.20
1126.05
1107.93
1064.06
1070.98
29088.97
1144.89
1111.98
1098.16
1105.07
1095.06
1096.01
1096.96
1090.05
1073.12
1074.08
25109.05
1137.97
1086.00
1086.00
1085.04
1095.06
1089.10
1094.10
1099.11
1100.06
1088.14
25128.13
1135.11
1102.92
1096.01
1110.08
1099.11
1096.01
1089.10
1067.16
1075.98
1079.80
25143.86
1132.97
1105.07
1100.06
1104.83
1100.06
1094.82
25128.84
1143.93
1107.93
1096.01
1099.82
1091.96
1094.10
1094.10
25177.96
1111.98
1084.09
1088.14
1117.94
1130.82
1123.91
21198.03
1106.02
1101.97
1104.12
1098.16
1091.00
1096.01
1079.80
1050.00
1050.95
1049.04
25181.06
1094.10
1084.09
1075.03
1050.00
1056.91
1050.00
1061.92
1057.15
1059.06
1053.09
25163.17
1079.08
1066.92
1090.05
1065.97
1061.92
1069.07
25117.16
1137.97
1106.98
1096.01
1060.01
1050.95
1055.00
1050.95
25172.00
1094.10
1080.04
1091.96
1068.83
1071.93
1072.17
25177.00
1093.86
1076.94
1086.00
1085.04
1086.00
1083.14
21129.13
1142.02
1113.89
1101.02
1101.02
1090.05
1091.96
1080.04
1053.09
1058.10
1053.09
25111.91
1116.04
1081.94
1075.03
1089.10
1086.95
1093.86
1079.80
1090.05
1084.09
1094.10
29146.91
1108.88
1087.90
1082.90
1095.06
1094.82
1092.91
1104.12
1094.10
1093.15
1096.01
25210.14
1117.94
1106.02
1109.12
1110.08
1099.11
1106.02
1101.02
1118.18
1116.99
1111.98
25176.05
1097.92
1081.94
1094.10
1079.08
1082.90
1088.14
1095.06
1083.14
1086.95
1086.95
25184.15
1108.88
1105.07
1106.02
1109.84
1107.93
1098.87
1111.03
1096.96
1093.15
25139.09
1153.95
1121.04
1109.12
1122.95
1114.13
1118.18
1110.08
1113.89
1110.08
1112.94
25206.80
1137.02
1121.04
1125.10
1116.04
1120.09
1116.99
1119.85
1113.89
1114.85
1112.22
25232.08
