1422.17
13509.99
1487.02
1410.96
1432.18
1393.08
1377.11
29619.22
1437.19
1393.08
1408.10
1374.01
25416.85
1538.04
1395.94
13497.83
1483.92
1395.94
1399.04
1363.04
1361.85
29620.89
1445.06
9446.14
1507.04
1405.95
1401.90
1389.03
1388.07
25518.89
1474.14
1386.17
13600.11
1409.05
1410.96
1392.13
1372.10
25496.01
1513.96
1389.03
17529.01
1463.89
1386.88
17585.04
1408.10
1389.03
17577.89
1393.08
17506.12
1492.02
1384.02
17498.02
1471.04
1416.92
21631.96
1456.98
9501.93
1497.03
1710.18
13605.12
1415.97
1382.11
1396.18
1374.01
25463.10
1500.84
1394.03
13495.92
1449.11
1398.09
17577.17
1430.03
1370.91
17594.81
1412.87
17514.94
1491.07
1414.06
17521.14
1461.98
1396.89
17609.83
1441.00
1410.96
1382.11
1384.02
25480.99
1497.98
1388.07
1387.12
1374.01
1387.83
29617.07
1455.07
1387.83
1390.93
1370.91
25423.05
1558.07
1396.18
17548.08
1470.09
1400.95
17601.97
1422.88
1377.11
17606.02
1428.84
17509.94
1483.92
1388.07
17543.79
1469.14
1381.16
1391.89
1369.95
1361.13
25587.08
1452.92
13523.82
1451.97
1377.11
1369.95
1350.16
1355.89
25506.02
1454.11
1383.78
17590.05
1435.04
17498.02
1484.16
1389.98
17509.94
1457.93
1386.88
17584.80
1430.03
1420.02
17597.91
1395.94
21499.87
1501.08
1386.17
1393.08
1374.96
1363.99
25574.21
1428.13
1379.97
9554.86
1414.06
13491.15
1466.04
1381.87
13485.91
1462.94
1387.12
17591.00
1410.96
1384.97
17570.97
1407.15
17511.13
1474.14
1386.17
17516.14
1454.11
1379.97
21622.90
1413.82
13418.91
1522.06
1394.03
17504.93
1476.05
1391.17
17557.14
1446.96
1384.97
5527.02
1380.92
1380.21
1378.06
1364.95
13452.05
1466.99
1399.99
1401.19
1373.05
1365.18
1394.03
1389.03
1354.93
13524.06
1399.04
1397.85
1385.93
1365.90
1346.11
1381.16
1363.99
13421.06
1500.13
1372.81
1389.98
1374.01
1349.93
1363.99
1348.97
1352.07
13466.12
1450.06
1393.80
1389.98
1359.94
1389.03
1389.98
1374.96
1357.08
13540.03
1405.00
1400.95
1370.91
1388.79
13459.92
1422.88
1413.11
9453.06
1445.06
1371.86
9512.90
1410.01
1394.99
9529.11
1403.09
9427.07
1452.92
1419.07
9513.85
1535.89
1394.99
9518.86
1397.85
1392.13
9532.93
1380.92
9421.83
1431.94
1379.01
9436.13
1449.11
1396.18
9454.97
1438.86
1364.95
9514.09
1402.85
1361.85
9519.82
1390.93
9425.88
1437.90
1394.03
9456.16
1419.07
1378.06
9449.96
1443.15
1372.10
13557.91
1411.20
1374.96
1389.03
1378.06
25421.14
1544.95
1410.01
13515.00
1458.88
1379.01
1367.09
1377.82
1358.03
25599.96
1425.98
1376.87
13598.92
1400.95
1390.93
1371.15
1374.01
26386.02
1404.05
13500.93
1467.94
1384.97
1374.01
1371.86
1425.03
25592.09
1440.05
1363.99
13607.98
1404.05
17483.95
1475.10
1398.09
17505.17
1454.11
1398.80
5573.03
1422.17
1383.07
1393.08
1381.16
1379.97
1376.87
1378.06
13477.09
1460.08
1385.93
1392.13
1388.79
1355.89
1359.94
1366.14
1349.21
13530.02
1416.92
1365.18
1379.01
1351.12
1377.11
1380.21
1348.02
1351.12
13545.04
1400.95
1389.98
1372.10
1379.01
1369.00
1357.08
1350.16
13461.11
1436.00
1379.97
1384.02
1369.00
1369.95
1399.04
1387.83
1371.86
13566.02
1402.85
1421.93
1381.87
1367.09
17488.96
1473.90
1466.04
1403.09
1384.97
1369.00
17576.93
1431.23
1376.87
1394.99
1358.99
1353.03
17560.96
1391.89
1380.92
1355.89
1357.08
17488.00
1461.98
1371.86
1370.91
1369.95
1374.96
17587.18
1407.15
1379.01
1399.99
1363.99
17438.89
1523.97
1410.96
1401.90
1374.96
1364.95
17489.91
1446.01
1376.15
1379.97
1366.85
1373.05
17572.88
1413.11
1393.08
1389.98
1363.99
29474.97
1487.97
1399.99
1402.85
1374.01
1361.13
25523.90
1457.21
1389.03
13591.05
1390.93
1378.06
1370.91
1351.83
25453.09
1510.14
1391.17
13551.00
1508.00
1376.15
1386.17
1363.99
1374.01
25614.98
1420.02
13485.19
1474.86
1388.79
1384.97
1379.01
1370.91
25516.03
1505.14
1414.06
17596.01
1389.98
17430.07
1534.94
1392.84
9505.03
1449.11
1378.06
1388.79
1362.09
1364.95
17583.85
1416.92
1365.90
1376.87
1360.89
17377.85
1540.90
1409.05
1384.02
1365.18
1354.93
17493.96
1466.04
1385.93
1395.94
1373.05
1363.99
17589.09
1405.95
1372.10
1394.99
1369.00
17457.01
1482.01
1391.89
1401.90
1374.96
1399.04
29534.82
1461.03
1382.83
1374.01
1384.02
1416.92
25633.81
1417.88
13513.09
1468.18
1384.02
1384.97
1384.97
1363.99
25567.05
1425.03
1367.09
13599.16
1389.03
1382.83
1385.93
1351.83
25485.99
1475.10
1405.00
13527.87
1456.98
1382.83
1385.93
1373.05
1380.21
25604.96
1401.90
17516.85
1512.05
1404.05
17516.85
1480.10
1386.17
9601.12
1402.14
1396.89
1386.88
1367.09
17465.11
1464.13
1371.15
1400.95
1369.00
1361.13
17516.85
1454.11
1378.06
1379.97
1374.96
1365.90
17575.03
1402.14
1399.04
1366.14
1356.12
17492.06
1476.05
1388.07
1385.93
1384.97
1418.11
17698.05
1417.88
1373.05
21613.12
1425.03
1411.20
1379.97
1407.86
25516.99
1468.90
1379.01
9559.15
1400.95
1364.95
13584.85
1401.90
1387.12
1362.09
1357.08
25475.98
1481.06
1374.01
13513.09
1444.10
1375.20
1402.14
1364.95
1353.98
25594.95
1400.95
13468.98
1471.04
1379.01
1374.01
1372.81
1371.86
25517.94
1482.01
1392.13
17608.17
1418.11
17456.05
1523.02
1399.04
17508.98
1459.12
1378.06
13572.22
1423.12
1373.05
1374.01
1372.81
1358.03
25604.96
1400.95
13501.17
1475.10
1392.13
1376.15
1357.08
1425.98
29628.99
1420.97
1369.00
1402.14
1375.91
21406.89
1532.08
1389.03
17514.94
1468.90
1381.16
17519.00
1445.06
1387.12
17605.07
1401.90
1388.07
1383.07
1363.99
25502.92
1479.86
1408.10
13549.09
1453.88
1371.86
1382.83
1369.95
1359.94
25615.93
1405.00
13489.01
1466.99
1379.97
1379.01
2188.21
25462.15
1507.04
1405.00
13510.94
1476.05
1374.96
1379.97
1358.99
1362.09
25597.10
1420.02
17421.01
1530.89
1389.03
13511.90
1470.09
1397.13
21533.97
1454.11
1390.93
13605.83
1424.07
17486.10
1488.92
1391.17
21790.98
1523.97
1389.03
17580.99
1408.82
17502.07
1485.11
1384.02
17484.90
1464.84
1374.01
17591.00
1410.96
1386.17
17573.12
1399.99
17506.12
1462.94
1384.97
17492.06
1475.10
1385.93
17615.08
1397.85
17452.96
1510.86
1400.95
17507.79
1472.95
1389.03
17616.99
1429.08
1382.11
17601.01
1441.96
17512.08
1477.96
1389.98
21550.89
1434.09
1375.20
13134.00
1394.99
1366.14
21610.02
1413.82
1377.11
1362.09
21821.02
1436.00
1378.06
26304.01
6730.08
1409.05
1373.05
21781.92
1491.07
1389.03
1373.05
21637.92
1390.93
12907.03
1470.09
1382.83
21432.88
1554.01
1389.03
1381.16
21693.94
1527.07
1401.90
1363.99
31515.84
1470.09
1409.05
1360.89
21857.02
1429.08
1369.00
21625.04
1487.97
1382.11
7789.13
15025.14
1450.78
1396.89
1378.06
21856.07
1401.19
1374.96
17637.01
1471.04
1372.81
13585.09
1405.00
1370.91
21573.07
1405.95
17488.00
1467.94
1384.97
17510.18
1445.06
1389.03
17596.96
1405.95
21425.01
1523.02
1384.02
17518.04
1461.98
1385.93
17529.01
1438.14
1379.01
17594.81
1397.13
21476.98
1498.94
1387.83
9490.01
1445.06
1397.85
13577.94
1412.87
1369.00
1387.12
1363.99
1363.04
25582.08
1400.95
13515.00
1467.94
1385.21
17493.96
1451.02
1374.01
9560.11
1404.05
1376.87
13556.96
1393.80
1388.07
1369.00
1366.85
25506.97
1471.04
1382.11
13574.12
1423.84
1384.02
1403.09
1365.18
1372.10
25581.12
1392.13
13504.98
1460.08
1378.06
1388.07
1369.95
1375.20
25568.96
1423.12
1384.02
13604.16
1405.00
1384.97
1379.97
1371.86
29527.90
1471.04
1377.11
1379.97
1358.03
1368.05
25598.05
1410.96
1379.97
9564.16
1399.99
13500.93
1455.07
1386.17
1398.09
1373.05
1356.84
29522.90
1460.08
1379.97
1389.98
1372.81
1365.90
25600.91
1416.92
13490.92
1464.84
1377.11
1398.09
1366.14
1368.05
25508.88
1456.98
1374.01
13597.01
1410.01
1381.16
1369.95
1360.89
25497.91
1499.89
1385.93
13499.98
1447.92
1395.94
1399.99
1371.86
1361.85
25595.90
1417.88
17467.98
1484.87
1384.97
17528.06
1466.99
1387.83
17587.90
1415.97
1384.97
17579.08
1409.05
17513.99
1466.99
1399.04
17502.07
1469.85
1379.97
17572.88
1421.93
17430.78
1533.03
1390.93
17535.92
1452.92
1383.78
17529.96
1433.85
1387.83
17616.99
1411.91
17490.86
1462.94
1381.87
17494.92
1465.08
1387.12
17581.94
1420.02
1379.01
17590.05
1399.99
17510.89
1461.98
1385.93
17505.17
1451.02
1389.03
17606.97
1407.15
1369.00
17575.03
1405.00
17503.98
1475.81
1378.06
13481.14
1441.00
1375.91
17593.86
1410.01
17429.11
1514.91
1386.88
17493.01
1455.07
1383.78
17481.09
1443.15
1391.17
17573.12
1403.09
17406.94
1523.97
1383.07
17503.98
1465.08
1399.04
21508.93
1453.88
1377.82
1390.93
1364.95
1358.03
25605.20
1402.14
9464.98
1457.93
1383.07
13488.05
1441.00
1384.02
1389.98
1368.05
1358.99
25599.00
1430.03
13441.09
1958.85
1405.00
1393.08
1366.85
1369.00
17593.15
1419.07
1377.11
1382.11
1363.99
29489.99
1493.93
1390.93
1399.04
1379.97
1374.01
25511.03
1481.06
1389.03
9583.95
1408.10
13441.09
1509.90
1403.81
1390.93
1379.01
1369.95
25500.06
1495.12
1389.03
13577.94
1410.96
1374.01
1392.84
1372.10
25454.04
1494.88
1393.80
13511.90
1462.94
1384.02
1393.08
1373.05
1365.90
21609.07
1410.96
1378.06
1391.89
1380.92
33470.15
1501.80
1396.89
17525.91
1466.04
1404.05
17606.97
1441.00
1376.87
17565.01
1395.94
17498.97
1470.80
1390.93
17508.98
1464.13
1382.11
17589.81
1417.88
17425.06
1519.92
1389.03
17513.99
1466.04
1389.03
17567.16
1425.98
1394.99
17766.00
1400.95
17503.98
1461.03
1390.93
17500.88
1441.00
1385.93
17591.00
1410.96
17441.99
1523.97
1386.17
17493.01
1446.01
1389.98
17531.87
1444.10
1379.97
17618.89
1399.99
21495.10
1477.00
1389.98
21516.08
1459.84
1387.12
9560.11
1420.97
1374.01
13570.07
1402.14
1389.98
1377.82
1375.91
25514.84
1472.00
1393.80
13541.94
1432.90
1379.01
1407.15
1364.95
1363.04
25602.10
1415.01
13509.99
1470.09
1396.89
1395.94
1380.21
1366.14
25599.96
1449.82
1404.05
25609.02
1408.10
1389.03
1376.87
1371.86
25519.85
1475.10
1394.03
13595.82
1419.07
1385.93
1395.94
1391.17
25427.10
1535.89
1401.90
13521.91
1452.92
1395.94
1394.03
1375.91
1358.03
25611.88
1405.00
13444.90
1545.91
1387.83
1389.98
1372.10
1364.23
21502.02
1458.88
1394.99
17587.18
1416.92
1381.87
1385.93
1362.80
25419.95
1540.90
1392.13
13518.10
1456.98
1387.83
1395.94
1359.94
1369.00
25599.96
1422.88
1363.99
13601.06
1398.80
1394.03
1377.11
1357.08
25497.91
1457.93
1379.97
13556.00
1436.95
1374.01
1384.97
1367.81
1354.93
25609.02
1401.19
21516.08
1474.86
1392.84
9481.91
1446.01
1383.07
13582.94
1413.82
1389.98
1374.96
1371.15
25464.06
1489.88
1376.87
13503.07
1443.86
1390.93
1388.79
1366.85
1363.04
25614.02
1416.92
13423.20
1525.88
1386.88
1379.01
1367.09
1369.95
25518.18
1462.94
1372.10
13593.91
1422.88
1371.86
1394.99
1362.09
1370.19
29614.93
1411.91
1391.89
1369.95
1374.96
25527.00
1467.94
1389.03
13599.16
1410.96
1382.83
1397.85
1371.86
25470.97
1496.08
1379.97
13519.05
1466.04
1380.92
1406.19
1379.01
1361.13
25609.02
1412.87
13453.96
1531.84
1389.03
17520.19
1463.17
1381.87
13540.98
1442.91
1384.02
1379.97
1360.89
1370.19
25615.93
1421.93
13514.04
1470.80
1380.92
1381.87
1376.87
1364.23
25588.99
1430.99
1377.11
13595.10
1396.18
1389.03
1383.07
1394.03
25520.09
1477.96
1391.17
13582.94
1424.07
1382.11
1386.17
1364.95
1359.94
25594.00
1403.09
17513.04
1462.94
1384.02
17518.04
1461.98
1388.07
17605.07
1416.92
17468.93
1496.79
1401.90
17520.90
1466.04
1385.93
21599.05
1435.04
1368.05
1386.88
1361.85
25372.03
1575.95
1409.05
9485.96
1457.93
1380.92
13501.88
1448.87
1388.07
13566.97
1391.89
17446.99
1519.92
1394.03
17498.02
1456.98
1398.09
17552.14
1431.94
1393.08
17616.99
1399.04
29517.89
1502.99
1388.79
9474.99
1452.92
1381.87
13568.88
1420.97
1377.11
1399.99
1379.97
25419.00
1528.98
1399.04
13509.99
1461.98
1389.98
1394.99
1381.16
1374.01
25606.87
1421.93
13423.92
1537.08
1394.99
1389.03
1383.07
1374.96
25500.06
1475.10
1389.98
13576.98
1407.86
1374.96
1397.85
1369.00
29420.14
1544.00
1406.19
17508.98
1475.81
1390.93
21195.17
1448.87
1388.07
12370.82
1425.03
1384.02
16677.86
1495.84
1401.90
1384.97
16902.92
1413.82
1386.88
17074.11
1455.07
1378.77
12789.96
1513.96
1391.89
16693.83
1467.94
1387.83
1374.96
16841.89
1410.96
1389.03
17115.12
1421.21
1374.01
11611.94
1458.88
1389.98
1374.01
25857.93
1429.80
1382.11
1393.08
15378.95
1482.01
1379.97
1389.03
16597.99
1531.12
1409.05
1379.97
16702.18
1454.11
1389.03
1375.91
16764.16
1415.01
1383.07
16687.87
1479.86
1384.97
1379.01
21858.93
1393.08
1394.99
16713.86
1460.08
1383.07
16434.91
1550.91
1395.94
12876.99
1477.00
1385.93
17108.92
1477.00
1387.12
1382.11
16766.07
1420.02
1368.05
16529.08
1472.95
1394.99
7752.90
1441.96
1393.08
1370.91
21862.98
1402.14
1381.16
16720.06
1466.04
1399.99
1381.87
16713.86
1407.86
1384.02
11618.14
1456.98
1385.93
22043.94
1524.93
1395.94
1392.84
16721.96
1441.00
1388.07
16607.05
1518.01
1402.85
1380.92
15320.06
6682.87
1480.10
1388.07
16688.11
1482.96
1391.17
1374.96
16770.12
1409.77
1384.02
16689.06
1482.96
1388.07
1381.87
17041.21
1399.04
1379.97
17327.07
1407.15
1378.06
16712.19
1461.03
1394.03
1388.79
20437.96
6608.96
1414.06
1388.07
16677.86
1465.08
1386.17
1383.07
16774.18
1403.09
1387.12
16686.92
1475.10
1397.13
16837.12
1499.18
1394.03
1372.81
7055.04
1403.09
1370.91
16682.86
1454.83
1402.85
1371.86
16785.86
1430.99
1387.12
21768.09
1476.05
1374.96
17084.84
1508.00
1395.94
12270.93
1477.00
1389.98
1384.02
16788.01
1420.97
1387.12
16781.09
1468.90
1390.93
22009.85
1555.92
1394.99
1389.03
16697.17
1463.17
1394.99
16590.83
1531.84
1415.01
1387.12
15314.10
1477.00
1378.06
1397.85
16602.99
1524.93
1404.05
1389.03
16699.08
1466.04
1381.87
1379.97
22642.14
1403.09
13494.01
1457.93
1389.03
17517.09
1451.02
1382.11
17624.14
1408.10
17475.13
1481.06
1389.98
17513.99
1473.90
1395.94
17588.14
1417.16
1374.96
1400.95
1376.15
25445.94
1541.14
1419.07
13528.82
1466.99
1382.83
1384.02
1363.99
1364.95
25601.15
1420.97
17395.97
1554.97
1403.09
17517.09
1458.88
1385.93
17494.92
1455.07
1382.11
17584.09
1404.05
17444.85
1499.18
1393.08
21514.18
1459.12
1380.92
1389.98
1364.95
1372.10
25598.05
1420.02
1371.15
9566.07
1399.99
13510.94
1466.99
1394.03
13473.99
1447.92
1391.89
17592.91
1408.82
17436.98
1513.96
1386.17
17487.05
1472.00
1399.99
17498.02
1447.92
1373.77
29600.86
1430.03
9456.16
1477.96
1396.18
13505.94
1452.92
1389.98
1398.09
1370.19
1367.09
25596.14
1421.21
1389.98
13570.79
1405.95
1386.88
1365.90
1363.04
25509.12
1471.04
1389.98
13570.07
1425.03
1379.01
1387.83
1363.04
1358.03
25580.88
1405.00
13506.17
1463.17
1375.91
1391.89
1374.96
1361.13
29587.98
1443.15
1377.11
17616.03
