1274.11
1259.09
1207.11
1255.04
1279.12
17333.03
1294.85
1271.96
1253.13
1297.95
1302.00
21360.87
1302.00
1270.06
1276.02
1273.87
1262.90
1268.86
1296.04
1261.95
1263.14
25383.95
1281.02
1269.10
5342.96
1250.03
1235.01
1240.02
1231.91
1241.92
1226.90
1246.93
1275.78
33316.85
1326.08
1269.10
1270.06
1284.12
1266.00
1257.90
1261.23
1266.96
1264.10
25367.98
1249.07
1255.99
1235.96
1217.84
1214.98
1232.15
1207.83
1210.93
33258.91
1249.07
1217.13
1204.01
9327.17
1236.92
1225.95
1212.84
1197.81
1232.86
21316.05
1312.97
1286.98
1271.01
1315.12
1291.99
1304.15
1282.93
1297.95
25350.09
1317.02
1304.86
1303.20
1297.95
1299.86
1300.81
1239.06
1254.08
25285.96
1369.95
1316.07
1324.18
1199.01
1199.01
1201.87
1771.93
1250.98
1252.89
33375.98
1271.96
1286.03
1266.00
1265.05
1306.77
9388.92
1293.90
1299.14
1285.08
1276.97
1252.89
25367.02
1292.94
1283.88
1288.18
1265.05
1252.17
21337.03
1287.94
1214.98
1219.99
1219.99
1226.90
1228.81
1226.90
1217.13
1220.94
29357.19
1280.07
1284.12
1255.04
1253.13
1235.01
13290.17
1295.09
1266.96
1271.96
1284.12
1257.90
1268.86
1189.95
1196.15
1209.02
25393.01
1291.99
1294.14
1205.92
1205.92
1201.15
1245.98
1251.94
1244.07
33305.17
1327.99
1315.12
1297.95
1293.18
1290.08
24585.01
1272.92
1240.02
1236.92
1245.02
1235.01
1281.02
25305.03
1296.04
1266.96
1270.06
1277.92
1278.88
1277.21
1225.95
1231.91
1237.15
25349.86
1259.09
1259.09
1270.06
1249.07
1237.87
1251.94
1242.16
1239.06
25296.93
1271.01
1266.00
1284.84
1291.99
1268.15
13319.97
1317.02
1288.89
1262.19
1225.95
1204.97
1204.97
1270.06
1262.19
1269.10
41347.03
1235.01
1207.83
1204.97
1286.03
1276.02
17344.95
1274.11
1238.11
1230.96
1227.86
1251.94
1233.82
1314.88
1278.88
1275.06
29344.80
1248.84
1244.07
1394.03
1245.02
1253.13
1261.00
1290.08
1317.98
25385.86
1268.86
1250.03
1267.91
1299.86
1299.14
13344.05
1300.10
1302.00
1316.07
1250.98
1253.84
1261.00
1253.13
1256.94
21317.01
1317.98
1280.07
1257.90
1230.96
1262.90
1250.98
25377.99
1256.94
1247.17
1249.07
1270.06
1275.06
37379.03
1252.89
1228.09
1230.00
1247.88
1251.94
20908.12
1310.11
1274.11
1257.90
1267.91
1258.85
1256.94
25364.16
1271.01
1264.10
1261.00
1250.98
1251.94
25297.88
1302.00
1263.14
1261.95
1253.13
1247.88
25321.96
1327.99
1266.00
1246.93
1327.04
1291.99
25346.99
1558.07
1234.05
1229.05
1276.97
1286.98
1264.10
17347.10
1245.98
1237.87
1251.94
1266.00
1271.96
1275.06
1269.10
1263.14
25331.02
1256.94
1237.87
13304.95
1309.16
1284.12
1260.04
1228.09
1236.92
1256.94
1255.99
1240.02
1245.02
25381.09
1257.18
1255.99
1263.14
1248.12
1247.88
1262.90
1252.89
1258.13
21315.10
1306.06
1266.00
1287.22
1255.99
1275.06
25350.09
1284.84
1266.96
1264.10
1254.08
1260.04
1247.17
25355.10
1257.90
1248.84
1260.04
1256.94
1245.98
25399.92
1276.97
1309.87
1257.90
1219.99
1325.85
1265.05
1240.97
1236.92
25310.04
1271.96
1244.07
1245.98
1256.94
1280.07
1282.22
1272.92
1274.11
1262.19
21393.06
1271.96
1262.90
1281.02
1273.87
1266.00
1276.02
1269.82
1262.90
17360.93
1259.09
1243.11
1250.98
1241.92
1255.04
25305.99
1224.04
1243.11
1244.07
1263.86
1252.89
1249.07
25386.10
1266.00
1271.96
1278.16
1272.92
1251.94
21368.98
1275.06
1276.02
1271.01
1247.88
1240.02
25316.95
1307.01
1271.01
1257.90
1266.96
1265.05
1275.06
1268.15
1264.10
25293.11
1322.03
1274.11
1271.01
1287.94
1366.14
1190.90
1202.82
1247.88
1247.17
25371.07
1236.92
1230.96
1245.02
1250.03
1246.93
17314.91
1324.18
1287.94
1276.97
1209.97
1219.99
1219.99
21324.16
1254.08
1257.90
1254.08
1236.92
1251.22
21343.95
1284.84
1256.94
1266.96
1265.05
1252.89
1237.87
1230.00
1245.02
25294.07
1276.02
1757.86
1228.81
1204.01
1214.98
1217.13
1209.02
1205.21
1214.03
25346.99
1228.09
1219.03
1226.19
1240.97
1239.06
1266.00
1247.88
1241.92
33318.04
1252.89
1219.99
1224.04
1217.13
1219.03
1221.18
9372.95
1258.85
1249.79
1246.93
1234.05
1250.03
25296.93
1314.88
1291.99
1302.00
1295.09
1302.96
21345.14
1281.98
1262.90
1271.01
1263.86
1261.00
21320.10
1281.02
1255.04
1248.12
1285.08
1281.02
1285.79
1273.87
1273.87
1276.02
25395.15
1291.99
1282.93
1281.02
1312.02
1357.08
1355.89
1339.20
1339.91
25447.85
1354.93
1340.15
1348.02
1341.10
1338.01
1251.94
1248.12
1255.04
33375.02
1235.01
1234.05
1244.07
1228.09
1230.96
37298.92
1270.06
1241.92
1240.02
1250.98
1240.02
1236.92
25355.10
1266.96
1271.01
1317.98
1325.13
1281.98
25373.94
1284.12
1265.05
1279.83
1281.98
1286.98
17405.99
1275.06
1260.04
1252.17
1261.00
1259.09
25311.95
1255.99
1234.05
1231.91
1224.99
1215.93
1216.17
1232.86
1243.83
1242.88
25328.87
1223.80
1204.01
1222.13
1230.96
1246.93
1259.09
1244.07
1232.15
14818.91
1296.04
25314.09
1279.12
1265.05
1273.16
1258.85
1256.94
1264.10
25376.08
1266.00
1262.90
1283.17
1236.92
1257.18
25389.91
1252.89
1247.88
1239.06
1250.98
1245.98
25319.10
1314.88
1301.05
1283.88
1203.06
1204.97
25267.84
1331.81
1313.92
1301.05
1217.84
1221.90
1227.14
1238.11
1233.10
1226.90
25337.93
1255.04
1250.98
1261.95
1242.88
1241.92
21311.04
1302.00
1279.12
1291.99
1281.02
1276.02
25341.99
1326.08
1291.99
1307.96
1294.14
1286.98
25313.14
1368.05
1343.01
1353.98
1348.97
1348.97
17400.98
1383.07
1349.93
1358.99
1351.12
1346.83
21386.86
1264.10
1239.06
1240.97
1232.15
1243.11
1232.15
1275.06
1281.98
1266.00
25373.94
1282.93
1271.96
1293.90
1298.19
1293.90
1296.04
1284.12
1283.88
37390.95
1268.15
1236.92
1236.92
1281.02
1276.02
25339.13
1332.04
1290.08
1291.04
1285.08
1283.17
25340.08
1348.97
1320.12
1309.16
1244.07
1257.90
13298.03
1274.11
1212.12
1208.07
1214.98
1204.01
1199.96
17278.19
1305.10
1289.13
1281.98
1270.06
1272.20
25341.99
1240.97
1213.07
1204.97
1239.06
1255.04
1236.92
1252.89
1243.83
1241.92
29374.12
1331.09
11044.98
1318.93
1315.83
1227.86
1219.99
1221.90
25377.99
1340.15
1335.14
1334.91
1324.89
1323.22
25431.87
1333.95
1325.13
1331.09
1319.17
1324.89
19962.79
1302.96
1283.17
1269.10
1269.10
1290.08
1296.04
25388.00
1251.94
1240.97
1223.09
1254.08
1252.89
1260.04
1255.99
1245.98
25318.86
1248.84
1207.83
1201.87
1214.98
1202.11
1206.16
24033.07
1269.10
1226.90
1231.91
1213.79
1242.88
1240.97
33322.10
1261.95
1245.98
1248.12
1240.02
1240.97
1233.10
25327.92
1229.05
1214.03
1224.99
1215.93
1217.13
25283.10
1258.13
1224.04
1219.03
1277.92
1280.07
25318.15
1400.95
1350.88
1339.91
1205.21
1211.88
1236.92
17402.89
1303.20
1290.08
1289.13
1282.93
1297.95
1238.11
1198.05
1204.97
25277.85
1281.02
1235.96
1271.01
1255.99
1266.96
1260.04
1268.86
1267.91
25295.97
1322.03
1265.05
1245.02
1257.90
1245.02
1237.87
1220.94
1274.11
1279.12
21347.05
1230.00
1213.07
1221.90
1214.98
1221.18
1235.01
1281.98
1277.92
1269.10
37360.91
1265.05
1240.97
1249.79
1240.02
1239.06
25339.13
1240.97
1241.92
1250.03
1240.97
1235.01
25313.14
1304.15
1270.06
1263.14
1245.02
1261.00
1259.09
1246.93
1265.05
1247.88
25358.20
1256.94
1241.92
1265.05
1265.05
1258.13
1265.05
1255.99
1258.85
25321.01
1316.07
1271.01
1275.06
1262.19
1262.90
1262.90
1227.14
1248.12
1251.94
1266.00
1258.85
1259.09
29347.90
1255.99
1240.97
1245.02
1240.02
1240.97
21324.16
1309.16
1281.98
1275.78
1266.00
1269.10
17342.09
1233.10
1213.07
1216.17
1209.97
1206.16
1204.97
1199.01
1253.13
1266.96
25352.00
1219.99
1212.12
1200.91
1263.86
1269.82
1272.92
1264.10
1266.00
25290.97
1307.96
1244.07
1246.93
1245.98
1237.87
1235.01
1256.94
1317.02
1318.93
33425.09
1255.99
1244.07
1229.05
1218.08
1227.14
1230.00
1231.19
1225.95
37251.95
1322.98
1278.88
1250.98
1269.10
1256.94
1248.84
33352.85
1240.02
1228.09
1245.98
1229.05
1232.86
17284.87
1300.81
1283.88
1281.98
1236.92
1250.98
21240.95
1280.07
1255.99
1250.98
1276.97
1266.00
1265.05
33384.08
1282.93
1271.96
1261.00
1219.99
1232.15
29284.00
1280.07
1258.13
1255.04
1245.98
1240.97
21305.80
1288.89
1266.96
1261.00
1255.99
1255.99
1254.08
17368.08
1266.00
1256.94
1265.05
1258.13
1251.94
1240.02
1239.06
1237.15
25308.13
1250.98
1237.87
13315.92
1341.10
1329.18
1329.90
1322.03
1325.13
13376.95
1293.90
1269.10
1261.95
1297.95
1305.10
1306.06
1302.00
1310.83
21356.82
1312.97
1284.12
1297.95
1285.08
1276.02
1283.17
1292.94
1281.98
1281.02
45367.96
1272.20
1260.04
1269.10
1255.04
1266.96
33391.00
1294.14
1285.08
1258.13
1267.91
1282.93
25562.05
1550.91
1294.14
1302.00
1283.17
1274.11
25392.06
1348.97
1363.99
1354.93
1317.02
1324.89
25455.95
1371.15
1348.97
1363.99
1349.93
1364.95
29441.12
1338.01
1338.96
1317.02
1327.99
21385.91
1394.03
1343.01
1345.16
1347.06
1338.01
17412.90
1372.10
1337.05
1348.02
1330.85
1327.04
1336.10
1358.99
1357.08
25423.05
1335.86
1302.00
1292.94
1299.86
1292.94
1300.10
1312.02
1310.83
25380.85
1361.85
1343.01
1356.12
1360.89
1366.85
1374.96
1300.10
1302.96
21411.18
1386.17
1349.93
29402.97
1324.18
1300.10
1307.01
1321.08
1327.99
17371.89
1319.89
1289.84
1300.81
1303.91
1303.91
17386.91
1344.92
1327.04
1343.97
1324.18
1323.94
25384.90
1351.12
1319.17
1336.10
1338.96
1349.93
1348.02
1285.79
1280.07
29361.01
1350.16
1338.96
1349.93
1340.15
1346.11
1346.11
1359.94
1384.02
25475.98
1355.17
1347.06
1348.97
1333.95
1345.16
1348.97
1338.01
1334.91
21468.88
1401.19
1383.07
1305.10
1307.01
1320.12
25488.14
1378.06
17436.03
1432.90
1391.89
13432.98
1333.00
1308.20
1312.02
1295.09
1291.04
1291.04
1348.97
1359.94
25444.03
1373.05
1346.11
1338.01
1313.21
1343.01
1342.06
1325.13
1325.13
25368.93
1337.05
1302.96
1298.90
1305.10
1312.02
1320.12
1305.10
1323.94
25399.92
1407.15
1400.95
1369.00
1284.84
1286.03
1311.06
1304.15
1313.92
29392.00
1373.05
1348.97
1353.03
1361.85
1348.97
25392.06
1369.00
1323.94
1341.10
1315.12
1302.96
1300.81
1281.98
1296.04
25373.94
1399.04
1373.05
1353.98
1354.93
1338.01
25447.85
1334.91
1318.93
1326.80
1312.02
1324.89
1302.96
1290.08
1295.09
25392.06
1360.89
1365.18
1357.08
1326.08
1338.01
1340.15
1327.99
1341.82
21420.96
1312.02
1293.90
1308.20
1290.08
1291.99
29431.10
1330.14
1321.08
1322.03
1312.97
1300.10
17451.05
1351.12
1348.97
1358.99
1360.18
1369.95
1353.03
1355.89
1335.86
25442.84
1359.94
1378.06
1366.14
1373.05
1378.06
1352.79
1364.95
25414.23
1358.03
1318.93
1307.96
1350.88
1353.03
1384.97
1358.99
1344.92
21436.93
1422.88
1393.08
1369.00
1333.00
1323.94
1323.94
1319.17
1320.12
29388.90
1375.91
1376.15
1380.92
1394.03
1405.95
29483.80
1351.83
1335.86
1335.86
1325.85
1335.86
25448.80
1379.01
1394.99
1397.85
1395.94
1377.11
1320.12
1317.02
21433.12
1358.99
1317.98
1308.20
1403.09
1394.03
1394.03
1383.07
1363.04
25410.89
1372.81
1339.91
1336.81
1327.04
1322.98
1306.06
1340.87
1352.79
25481.94
1405.00
1425.98
1338.01
1289.13
1352.07
17527.10
1408.10
1401.19
1379.97
1372.81
29422.04
1389.03
1374.01
1374.01
1348.02
1342.06
25405.17
1352.07
1320.12
1300.10
1306.06
1309.87
1322.03
1291.99
1303.20
25376.08
1387.12
1362.09
1348.02
1322.98
1341.10
1333.00
1310.83
1306.06
25377.99
1386.17
1359.94
1318.93
1312.97
1307.01
25418.04
1335.86
1301.05
1314.16
1312.97
1323.94
9414.20
1370.91
1353.98
1327.99
1345.87
1353.98
25469.06
1312.97
1321.08
21438.12
1340.15
1342.06
1357.08
1370.19
1380.92
1356.84
1341.82
1349.93
21469.83
1341.82
1342.06
1348.97
1340.15
1311.06
1322.98
1309.87
1306.06
25426.86
1333.95
1343.01
1317.98
1336.10
1348.02
1351.12
1374.01
25403.02
1345.87
1298.90
1308.92
1362.09
1353.03
1364.95
1352.07
1337.05
33395.05
1345.87
1316.79
1311.06
1302.96
1295.80
37346.84
1376.87
1348.97
1354.93
1405.95
1403.09
25455.95
1327.04
1292.94
1302.00
1303.91
1294.85
25362.01
1320.12
1309.87
1309.87
1312.97
1340.15
25428.06
1407.15
1360.89
1345.87
1261.95
1228.09
25290.01
1278.88
1260.04
1245.02
1240.02
1256.94
9271.14
1354.93
1312.02
1275.06
1296.04
1281.02
1286.98
25377.04
1277.92
1258.13
13350.01
1252.89
1255.04
13378.86
1271.01
1259.09
1262.90
1248.84
1253.84
1255.04
1225.95
1231.19
29289.96
1318.93
1291.04
1302.00
1297.95
1290.08
1301.05
1248.12
1258.13
1260.04
25367.02
1272.92
1268.15
1266.96
1247.17
1255.04
1255.99
1246.93
1245.98
21311.04
1296.04
1261.00
1273.87
1261.00
1266.00
17318.01
1260.04
1235.01
1236.20
1229.05
1220.94
1214.98
37369.97
1255.99
1245.02
1229.05
1253.84
1252.89
25321.01
1287.94
1264.81
1261.95
1255.04
1252.89
24931.91
1263.14
1238.11
1229.05
1241.92
1225.95
1240.97
25306.94
1247.88
1232.86
1242.16
1229.05
1235.01
25287.87
1261.00
1219.99
1215.93
1204.01
1203.06
1202.82
9332.90
1302.00
1287.94
1288.89
1286.98
1279.12
25340.08
1261.95
1235.01
1247.88
1279.83
1273.87
25330.07
1277.92
1239.06
1230.96
1281.98
1282.22
1285.08
1299.86
1288.89
1283.17
21387.10
1269.10
1251.94
1302.00
1267.91
1260.04
1278.88
1261.00
1266.00
1264.81
1283.88
1282.93
25361.06
1288.18
1253.13
1254.08
1250.03
1244.07
1250.03
1277.21
1286.98
1277.21
33386.95
1300.10
1291.04
1302.96
1294.14
1283.88
25380.85
1284.12
1267.91
1251.94
1262.19
1255.99
21362.07
1275.06
1266.96
1271.96
1256.94
1261.00
1253.13
1250.03
1271.01
29323.82
1280.07
1240.02
1245.98
1235.96
1239.06
1234.05
1266.00
1252.89
1256.94
29359.10
1281.98
1266.96
1261.95
1237.87
1236.92
1238.11
1227.86
1229.05
1225.95
1217.13
1222.13
1238.11
29353.86
1239.06
1230.96
1244.07
1235.96
1238.11
25312.90
1239.06
1194.00
1209.97
1202.82
1196.86
1199.96
25356.05
1298.90
1281.02
1271.01
1271.01
1274.11
25372.03
1277.92
1262.19
1261.95
1245.98
1245.98
25333.17
1276.97
1257.90
1256.94
1276.02
1260.04
21816.97
1240.02
1211.88
1227.14
1215.93
1211.88
25281.91
1378.77
1355.89
1323.94
1237.15
1230.00
1239.78
1236.92
1227.86
1227.86
25354.86
1258.85
1250.98
1256.94
1252.89
1245.98
1247.88
1224.99
1226.90
25302.89
1291.99
1266.00
1269.10
1257.90
1254.80
25284.05
1321.08
1263.14
1255.04
1268.15
1255.04
1254.08
25336.03
1239.06
1225.23
1236.92
1227.14
1224.04
25293.11
16659.02
1263.14
1250.98
1258.85
1247.88
1246.93
25336.98
1281.98
1282.22
1277.92
1272.92
1272.20
1271.01
1229.05
1239.06
25291.92
1302.96
1272.92
1275.06
1213.07
1224.04
1225.95
17336.85
1235.01
1226.90
1220.94
1265.05
1257.90
25316.95
1272.92
1252.89
1256.23
1246.93
1240.97
25292.87
1242.88
1220.94
1211.17
1224.99
1210.21
1214.03
22405.15
1271.01
1262.19
1265.05
1254.08
21317.96
1307.96
1273.87
1270.06
1230.00
1224.04
1228.81
1236.92
1226.90
1233.10
25330.07
1250.98
1231.19
1236.92
1225.95
1230.00
1224.04
1235.96
1258.85
26520.01
1322.98
1269.82
1251.94
1259.09
1267.19
25393.01
1290.08
1278.16
1286.03
1272.92
1271.01
25380.13
1293.90
1280.07
1274.82
1229.05
1229.05
25298.12
1331.09
1281.02
1284.84
11965.99
1311.06
1294.14
1300.10
1302.96
1297.95
25361.06
1313.92
1290.08
1294.14
1293.18
1282.93
1286.98
1284.12
1287.94
1279.83
21356.82
1255.04
1240.02
1318.93
1304.86
1307.96
25351.05
1232.86
1215.93
1223.09
1269.10
1275.06
25356.05
1283.17
1252.89
1244.07
1285.08
1286.98
25368.21
1297.00
1273.87
1275.06
1264.10
1272.20
33282.04
1331.09
1266.00
1267.91
1291.04
1276.97
1281.02
17386.91
1276.97
1265.05
1289.13
1285.08
1294.14
37378.07
1258.13
1249.07
1258.13
1251.94
1248.84
21317.01
1315.12
1266.96
1267.19
1262.90
1276.02
25332.93
1303.91
1286.03
1276.02
1228.09
1232.15
1232.15
25409.94
1323.94
1327.04
1334.91
1326.08
1326.08
21340.85
3362.89
1307.01
1284.84
1279.83
1222.85
1242.88
17311.10
1330.85
1279.83
9330.99
1249.07
1240.02
1227.86
1249.07
1235.01
1232.86
21384.00
1307.01
1290.08
1296.04
1285.79
1286.03
25393.96
3233.91
1255.99
1240.97
1235.96
1242.88
1238.82
1232.86
25396.82
1340.87
1338.01
1302.00
1261.00
1254.80
25383.95
1337.05
1327.99
1342.06
1326.08
1326.08
21395.92
1258.85
1253.84
1257.90
1241.21
11137.01
1296.04
1276.97
1304.86
1281.98
1280.07
17374.99
1230.00
1220.94
1227.86
1218.80
1216.89
25274.04
1255.99
1228.81
1232.86
1225.95
1219.99
1212.84
25382.04
10946.04
1316.07
1257.90
1248.12
1255.04
1246.21
1247.88
25359.87
1259.80
1251.94
1264.10
1247.17
1250.98
25314.09
1262.90
1237.15
1223.09
1256.94
1254.80
1276.02
1261.95
1263.86
1260.04
25339.84
1245.98
1245.98
9366.99
1251.94
1240.97
1252.89
1241.92
1243.11
29318.09
1363.04
1349.93
1319.17
1231.91
1228.81
25302.89
1358.99
1321.08
1332.04
1330.14
1328.95
29384.85
1328.95
1291.99
1298.90
1276.97
1286.03
17333.03
1247.17
1223.09
1225.95
1221.18
1222.13
1203.06
21381.14
1284.12
1276.97
1286.03
1272.92
1273.16
1266.00
1202.82
1204.97
33266.07
1307.01
1289.84
1267.91
1204.01
1220.23
1240.97
1232.15
1220.94
1218.08
25377.04
1269.82
1257.90
1247.88
1217.84
1217.84
25282.86
1250.98
1228.09
1245.98
1230.96
1234.05
29266.83
1334.91
1286.98
1281.02
1305.10
1284.84
1286.03
25367.98
1248.12
1247.17
1256.94
1291.99
1282.93
1301.05
1285.08
1284.12
25360.11
1224.99
1214.98
1201.87
1261.95
1269.10
2173.19
1228.09
1214.03
1223.09
1231.91
1242.88
25296.93
1289.13
1256.94
1271.01
1256.94
1261.00
25312.90
1299.86
1278.88
1269.82
1271.01
1279.12
1269.10
25372.98
1276.02
18052.82
1272.92
1255.04
1255.04
1250.03
1243.11
25316.95
1281.02
1244.07
1242.16
1307.01
1312.02
1318.93
1322.98
1319.89
1310.83
25430.92
1323.22
1323.94
1317.98
1313.92
1317.02
1230.00
1231.19
1238.11
21356.11
1224.04
1214.03
1205.92
1228.09
1234.05
33303.02
1271.01
1246.93
1238.82
1250.98
1251.94
1257.90
25324.82
1246.93
1245.02
1261.95
1249.07
1257.18
29366.02
1285.08
1276.97
1283.88
1271.96
1271.01
21336.79
1275.06
1250.03
1250.98
1245.98
1249.07
1247.17
1233.10
1241.92
1245.02
25346.99
1256.94
1250.03
1243.11
1256.94
1255.04
1271.96
1252.17
1271.96
25683.16
1302.96
1296.04
1240.97
1263.14
1254.08
25364.88
1302.96
1297.00
1302.96
1303.20
1290.08
25361.06
1329.18
1297.95
1303.91
1295.09
1291.04
29363.87
1290.08
1246.93
1274.11
1287.94
1300.10
17358.06
1251.94
1218.08
1206.16
1302.96
1307.01
1291.99
1307.96
1304.15
1296.04
25417.09
1315.83
1314.88
1324.18
1303.91
1312.97
1255.99
1230.00
1230.96
29322.86
1235.96
1220.94
1231.91
1217.84
1211.88
25261.16
1302.00
1283.88
1286.98
1290.08
1279.12
1288.89
25352.95
1290.08
1284.12
1286.98
1281.02
1281.02
29426.10
1340.15
1327.99
1338.01
1324.89
1321.08
1229.05
1236.92
1236.92
25361.06
1239.78
1230.96
1237.15
1230.00
1223.09
1230.00
1253.84
1253.84
29309.99
1357.08
1248.12
1260.04
1255.99
1251.22
1250.98
25413.99
1302.96
1281.02
1261.00
1261.95
1271.96
25391.10
1303.91
1283.88
1289.84
1276.02
1277.92
25388.00
1256.94
1245.98
8828.16
1255.99
1221.18
1224.04
1240.97
1255.99
1260.04
25357.01
1228.09
1219.03
1207.11
1266.00
1254.08
13314.01
1270.06
1238.11
1249.07
1245.02
1238.82
1237.87
1274.82
1261.95
1263.14
29408.93
1267.91
1263.86
9373.90
1279.83
1248.84
1266.00
1245.98
1253.84
21349.91
1254.08
1224.99
25305.99
1320.12
1288.89
1282.93
1275.78
1281.98
25340.08
1383.07
1312.02
1308.92
1310.11
1307.01
25348.90
