995.87
984.91
976.09
1000.17
981.09
982.05
995.16
1008.99
991.82
998.02
999.93
25103.09
1036.17
1011.13
1008.99
1007.08
992.06
996.11
990.15
1002.07
999.93
1008.03
1003.98
13116.84
1039.98
1019.00
1031.88
973.94
976.09
983.00
980.85
25086.16
1002.07
998.97
1000.88
1006.84
1003.98
1007.08
25037.05
1083.85
1013.99
1029.01
1031.16
1012.09
1025.92
1003.03
993.97
1002.07
1000.17
990.15
25034.90
1070.98
1034.02
1013.99
1008.99
970.13
977.04
980.14
986.10
980.14
981.09
999.93
29027.94
1032.11
1007.08
998.02
990.15
1008.99
1017.09
1006.13
1003.98
1010.89
998.02
998.02
990.15
978.95
972.99
981.09
17021.89
1050.00
1013.99
1014.95
1003.03
972.99
976.09
973.94
976.09
973.94
971.79
972.99
972.99
988.96
994.21
988.01
25039.91
1037.12
993.01
990.15
997.07
988.01
984.91
987.05
988.01
1001.83
1019.95
997.07
25053.98
1039.98
992.77
985.86
1000.88
980.85
986.81
994.92
25045.16
1034.02
998.02
999.93
1007.08
1006.13
1002.07
1010.18
25111.91
1029.01
1013.99
1015.90
1029.01
1024.01
1012.09
1034.98
25151.01
1053.81
1040.94
1011.13
1003.98
1000.88
1002.79
990.87
994.92
982.05
992.06
25010.82
1082.90
1013.99
997.07
986.10
982.05
992.06
992.06
981.09
981.09
975.13
969.89
975.85
1013.04
1027.11
1019.00
17042.16
1077.18
1014.95
1014.95
995.16
1024.01
1024.01
1040.94
1024.01
1013.99
1010.89
1014.95
989.20
988.96
993.01
995.87
17050.03
1060.96
1020.91
1029.01
1033.07
1015.90
1014.95
1031.16
1017.09
1019.00
1007.08
1008.03
25115.01
1029.97
1024.96
1025.92
1034.02
1019.95
1022.10
1029.97
977.04
987.05
982.05
988.01
21101.95
1029.01
1031.88
1019.00
999.93
998.02
994.92
25019.17
1069.07
1026.15
1033.07
1008.03
1019.95
1008.99
1031.16
25053.02
1051.19
1024.96
1011.85
1029.97
1013.99
1013.04
1019.00
1029.97
1008.99
1016.86
1005.89
25122.88
1042.84
1019.95
1022.10
1019.95
1010.89
1010.89
1003.03
1014.95
1008.99
999.93
29005.05
1091.00
1013.99
1009.94
990.15
1019.00
1012.80
1008.03
1013.04
1015.90
1030.92
1013.99
1018.05
1024.96
1019.00
1029.01
17056.94
1074.08
1015.90
1024.01
1003.98
993.01
1008.99
995.16
999.93
991.82
980.85
978.95
986.10
1019.95
1030.92
1025.92
25101.90
1011.85
993.01
983.95
989.20
1008.03
1007.08
998.97
1003.03
994.92
984.19
984.91
25110.96
1034.98
1013.99
1012.09
1017.09
1020.19
1039.03
1114.13
1043.08
1045.94
1043.08
33081.77
1075.03
1011.13
1006.13
1001.12
989.91
985.86
986.81
25037.05
1038.07
995.16
993.01
991.11
1014.95
1016.86
998.02
998.97
988.96
979.90
974.89
25031.81
1045.94
1013.99
1011.13
1002.07
975.13
983.00
972.03
977.04
973.94
2315.04
29134.99
933.89
948.91
978.95
988.01
1015.19
1015.90
1008.03
1027.11
1013.04
1011.13
1013.04
1023.05
1043.08
1026.15
1024.96
17098.90
1014.95
1006.13
998.97
1024.96
1032.11
1014.95
1020.91
1027.11
1036.17
1156.09
973.94
1005.89
999.21
993.97
25042.06
1033.07
977.99
975.85
983.00
978.95
977.99
978.95
980.14
983.00
983.00
982.05
25024.89
1029.97
980.85
979.19
991.11
979.90
988.01
983.95
17030.95
1070.02
1027.11
1033.07
1010.18
971.08
972.99
977.04
25020.12
1069.07
1038.79
1026.87
1020.91
1017.81
1006.84
1010.89
21120.07
1040.94
1028.06
1019.00
1031.88
908.85
944.85
985.86
979.90
1019.00
1022.10
1026.87
25101.90
996.83
986.81
987.05
1002.07
988.96
994.92
992.77
964.88
1003.03
1003.03
990.15
25134.09
1048.09
1029.01
1008.03
1009.23
1003.98
1003.03
25002.00
1074.08
1002.07
988.01
975.85
1015.90
1020.19
1005.89
25052.07
1095.06
1024.96
1016.86
1016.86
999.93
992.06
986.81
968.93
1025.20
1000.88
1013.99
21049.02
1031.88
998.02
996.11
1007.08
1008.03
1011.13
1010.89
1025.92
1011.85
1021.86
1012.80
999.93
1006.84
1014.95
1021.15
17113.92
1018.05
988.96
984.91
1006.84
1039.03
1027.11
1034.98
1046.90
1044.99
1034.02
1029.01
1014.95
1024.01
1026.15
17053.84
1075.03
1011.13
1005.89
1003.03
1019.00
1028.06
1024.96
1030.92
1025.92
1012.09
1004.93
992.06
1028.06
1008.99
1014.95
25088.07
1046.18
1004.93
991.82
995.87
983.00
985.86
988.01
977.99
1014.95
1013.99
1017.81
25141.95
1013.99
1003.98
1010.89
1022.82
1023.05
1022.10
1028.06
17100.10
1033.07
1014.95
1010.89
1028.06
1024.96
1030.92
25049.92
1061.92
1009.23
1005.89
995.87
1026.87
1034.02
1034.98
25063.04
1047.85
1013.99
1007.08
1002.07
991.11
993.97
998.02
1009.94
1050.95
1044.99
1028.06
25115.01
995.16
984.91
974.89
998.02
1003.98
1007.08
1013.04
1014.95
1014.95
1019.00
1024.01
992.06
1029.01
1010.89
1010.18
17131.09
1034.02
1001.12
997.07
1050.95
1054.05
1039.03
1040.94
1039.98
1033.07
1036.17
1018.05
1003.98
992.06
993.97
17044.07
1055.96
1026.15
1018.05
1038.07
1029.01
1026.15
1037.12
1048.09
1018.05
1022.10
1012.09
25101.90
1008.03
997.07
1003.03
991.11
987.05
989.20
984.91
992.06
990.87
1004.93
1002.79
25113.82
1020.91
1014.95
1017.09
1020.91
1002.07
1007.08
25027.99
1075.03
1029.01
1026.15
1024.96
1006.84
985.86
985.86
29003.86
1075.98
1021.15
1017.09
1013.04
1008.03
1002.07
1001.12
994.92
991.82
981.81
979.90
25012.02
1028.06
980.14
972.99
977.99
973.94
968.93
969.89
980.85
977.04
977.99
979.19
17011.88
1064.06
1022.10
1009.94
1014.95
1004.93
998.97
989.20
25033.95
1025.92
990.15
978.95
980.85
980.85
970.84
969.89
33007.14
1057.15
1023.05
1008.03
1003.98
1002.07
990.15
990.15
983.00
1023.05
1027.11
1027.11
25050.16
1022.10
982.05
976.09
986.10
988.01
988.01
996.83
989.91
992.06
982.05
985.15
17029.05
1034.02
985.86
976.80
978.95
986.10
988.96
994.92
25038.00
1050.00
1021.86
1031.16
1016.14
1019.00
1016.14
1019.00
17102.00
993.97
976.09
980.85
977.99
967.98
974.18
962.02
963.93
983.00
990.15
987.05
25033.00
1016.86
978.95
971.08
975.13
970.13
966.07
968.93
978.23
1002.07
1007.08
1017.09
33063.89
1059.06
1019.95
1008.99
1001.83
992.06
987.05
977.04
25030.14
1030.92
993.97
1002.07
1011.13
1008.99
1001.83
1003.03
25110.01
1050.95
1012.80
1013.04
999.93
982.05
988.01
983.95
995.87
986.81
989.91
999.93
25079.01
993.97
977.99
978.95
991.11
993.01
997.07
994.92
1012.09
993.97
994.92
996.83
983.95
1009.94
1004.93
1006.84
17108.92
1024.96
998.02
1003.03
1023.05
1011.13
1008.99
1019.00
1023.05
1022.10
1013.99
1029.01
1008.03
1004.93
1006.84
1024.96
1019.00
1006.84
1008.99
17045.97
1069.07
1034.98
1013.04
1013.99
1018.05
1013.99
1015.19
1017.09
1005.89
998.97
997.07
25040.15
1049.04
1013.99
1010.89
1004.22
977.04
977.04
978.95
979.90
981.81
984.91
991.82
45047.04
1064.06
1021.15
1015.90
1019.00
1024.96
1029.97
1016.14
25114.06
1044.99
1022.82
1016.86
1023.05
1010.89
1008.03
1011.13
1015.90
1013.99
1022.10
25047.06
1068.12
1017.09
998.02
1005.17
1002.07
983.95
988.01
973.94
990.87
988.96
986.10
29019.12
1090.05
1039.03
1043.80
1041.89
1034.02
1036.88
1049.04
1013.04
1008.99
1009.94
1013.04
1016.14
1022.10
1013.04
1011.13
17135.14
1025.92
1010.89
1013.99
1022.10
1020.91
1016.86
1020.91
1009.23
1021.86
1020.91
1026.87
1025.92
1018.05
1019.00
25037.05
1063.11
1015.90
998.02
1004.93
989.20
983.00
980.14
977.99
984.19
977.04
976.09
971.08
25061.13
988.01
988.96
998.02
988.01
994.92
996.11
1007.08
1001.12
1006.13
1008.99
25034.19
1057.15
1008.99
1009.94
1019.00
1018.05
1007.08
1018.05
25063.99
1060.96
1022.10
1024.96
1021.15
1015.90
1014.95
1019.00
25121.93
1006.84
983.95
981.09
972.99
1018.05
1028.06
1021.86
1019.95
1008.03
1003.03
995.16
25129.08
1022.10
1017.09
1008.03
972.03
974.18
972.03
973.94
990.87
973.94
976.09
982.05
970.13
993.97
988.01
983.95
17120.84
1054.05
1043.08
1055.00
1006.13
1003.03
999.21
1008.03
1013.99
1005.89
1013.04
1022.10
977.99
984.91
977.99
992.06
17130.14
1036.88
1029.97
1025.20
1034.02
1019.00
1011.85
991.11
1013.99
1034.02
1024.96
25072.81
1050.95
996.83
990.87
996.11
993.01
1003.98
1007.80
998.02
987.05
994.92
985.15
21021.13
1075.98
1019.00
1010.89
1020.91
1004.93
1004.93
1008.99
25094.03
1018.05
988.01
977.04
1007.80
1010.89
1013.99
1012.09
25115.97
1020.91
1015.90
1015.19
1034.02
1039.98
1027.82
1034.98
1029.97
1042.84
1049.04
25060.89
1035.93
980.85
979.90
984.19
1043.08
1033.07
1025.92
1035.93
1023.05
1027.11
1028.06
29129.03
1056.91
1032.83
1014.95
1008.99
1030.92
1013.04
1019.95
1029.97
1011.85
1018.05
1008.99
1019.00
1022.82
1021.86
1015.90
17100.10
1002.07
990.15
989.91
993.97
1003.98
998.02
997.07
998.97
992.06
977.99
987.05
1022.10
1013.04
1023.05
25053.02
1063.82
1024.01
1017.09
1025.92
1010.89
1026.15
1009.94
1015.90
1015.90
1008.03
1020.91
25073.05
1086.00
1042.13
1035.93
1050.95
1034.02
1040.94
1029.97
17091.99
998.02
974.18
977.99
1022.10
1034.98
1032.11
1029.01
25099.99
1028.06
1023.05
1025.20
1049.04
1038.07
1029.97
21061.90
1046.90
1011.13
1009.94
1000.88
979.90
977.99
982.05
988.96
989.91
992.06
996.11
25034.19
1075.03
1026.15
1014.95
1004.93
1021.15
1009.94
1013.99
1024.96
1023.05
1025.92
1008.03
29107.09
1028.06
1008.03
1003.03
1004.93
998.02
989.91
981.81
25094.99
1009.94
993.01
987.05
987.05
981.09
975.13
975.13
987.05
974.18
977.99
977.04
25093.08
1009.94
1000.17
993.97
1009.94
989.20
998.02
1006.13
1002.07
1009.94
1009.94
1006.84
21107.91
1013.99
1008.03
1015.90
1019.00
1012.09
1018.05
17052.17
1073.12
1038.07
1032.11
1020.91
1030.92
1009.23
1014.95
25052.07
1047.13
1006.13
1004.93
1019.00
1002.07
1006.13
1010.89
21119.83
1036.88
1013.04
1016.86
1009.94
1024.01
1023.77
1019.00
1028.06
1017.09
1017.09
1019.95
25079.97
995.16
988.01
993.01
1018.05
1007.08
1007.08
1012.09
1008.03
1006.13
1000.88
41039.94
1077.18
1028.06
1018.05
1037.12
1021.15
1019.95
1013.04
21052.84
1076.94
1024.01
1024.96
1020.19
1013.04
1019.00
1008.03
1010.89
998.97
992.06
976.09
25079.01
996.83
986.81
985.86
993.97
996.11
998.97
995.87
1013.04
1006.84
1004.93
1015.19
21114.11
1028.06
1009.94
1001.83
1005.17
988.01
980.14
972.99
25120.02
1019.00
1012.09
1012.09
1028.06
1023.05
1020.91
33051.97
1068.12
1003.98
994.92
983.00
982.05
981.09
980.85
980.85
1020.91
1011.85
1008.03
25058.98
1055.00
1015.90
1017.09
1022.10
1008.99
1018.05
1017.09
1020.91
993.01
998.97
987.05
25026.80
1075.03
1024.96
1024.96
1003.98
981.09
980.14
982.05
25027.99
1061.20
1036.88
1022.82
1011.85
1016.86
1027.82
1016.86
1033.07
1023.05
1014.95
1006.84
25105.95
1007.08
988.01
988.01
972.03
983.95
979.90
974.89
985.15
977.04
977.99
979.90
25094.99
1032.11
1024.96
1027.82
1030.92
1019.00
1019.95
25035.14
1087.19
1029.97
1029.01
1036.88
1042.84
1040.94
1029.01
25062.80
1072.88
1016.86
1005.89
1008.99
1029.01
1030.21
1035.93
1043.08
1039.03
1042.84
1048.80
25100.95
998.97
993.01
994.21
1033.07
1054.05
1039.03
1039.03
1037.12
1034.98
1034.98
25063.99
1066.92
1014.95
1008.99
1011.13
1017.09
1003.03
1001.83
17030.00
1070.02
1020.91
1012.09
1020.19
1022.10
1014.95
1003.03
33106.80
1023.05
1003.03
1003.03
1002.79
1000.88
1001.83
1003.98
991.11
983.00
985.86
989.91
25094.03
1008.03
995.87
990.87
1002.07
988.96
987.05
988.01
1005.89
1003.03
1002.07
998.02
25104.05
1033.78
1018.05
1012.09
1018.05
1022.10
1017.09
25033.00
1055.96
1026.15
1019.00
1019.00
1019.00
1015.90
1019.00
25052.07
1069.07
1028.06
1014.95
1018.05
983.00
993.01
999.93
25034.90
1052.86
1032.83
1012.80
1017.81
1029.01
1006.13
1012.09
25114.06
1014.95
993.97
998.02
1003.03
993.97
993.01
988.01
25108.10
1005.89
994.92
996.83
1005.89
1006.13
1002.07
1005.17
21117.93
1022.10
1005.89
1013.99
1018.05
1018.05
1023.05
1028.06
1037.12
1034.98
1021.86
25071.86
1085.04
1043.08
1033.07
1047.13
1044.99
1033.07
1031.88
1012.09
1038.07
1033.78
1039.98
25151.01
1055.00
1029.97
1022.10
998.02
993.01
1003.98
1013.04
1004.22
1004.93
993.97
25033.95
1073.12
1046.18
1048.09
1025.92
973.94
984.19
982.05
983.95
979.90
978.95
982.05
25026.08
1056.91
993.01
990.87
981.81
977.04
983.00
981.09
988.96
977.04
983.00
977.04
25013.21
1088.14
1044.03
1035.93
1010.89
1011.85
1013.04
1008.03
1012.09
1008.03
1008.99
1009.94
25079.01
1054.05
1013.04
1000.17
1009.94
1022.10
1020.19
1019.00
1028.06
1017.09
1026.15
1029.01
25112.15
1030.92
1019.00
1023.05
1050.00
1030.92
1034.98
1040.94
1038.07
1032.83
1021.86
21063.80
1043.08
999.93
996.83
1004.93
998.02
999.93
1001.12
1009.94
1004.93
1010.18
1012.09
25044.92
1051.90
1020.91
1019.00
1028.06
1013.99
1021.15
1013.04
1031.16
1026.87
1010.89
1014.95
25112.15
1027.11
1019.95
1022.82
1020.91
1015.19
1016.14
1030.92
1031.88
1023.05
1016.14
25043.01
1058.82
1024.96
1018.05
1016.86
1001.83
994.92
988.01
988.01
987.05
979.90
977.99
25007.01
1029.97
987.05
982.05
988.01
985.86
984.91
992.06
1005.17
991.11
993.97
995.16
25033.95
1060.96
1010.89
1011.13
1018.05
1015.19
1015.90
1019.00
1029.97
1027.82
1025.92
1014.95
25059.94
1048.09
1022.10
1016.86
1016.86
1010.89
1013.04
1007.08
1022.10
1012.09
1008.99
1009.94
25112.15
1030.92
1011.85
1010.89
1017.81
1013.04
1009.94
1008.99
1019.00
1008.99
1009.94
25029.18
1099.11
1023.05
1029.01
1029.01
1013.99
1024.96
1019.00
1019.00
1016.14
998.97
1005.89
25035.86
1039.03
994.92
989.91
987.05
977.04
976.09
975.13
983.00
975.85
977.99
982.05
25011.06
1037.12
1002.07
998.97
1000.88
1010.18
1003.03
1003.98
1018.05
1012.80
1005.89
1014.95
25038.96
1053.09
1018.05
1017.09
1019.95
1016.86
1010.89
1015.19
1029.97
1029.01
1029.01
1012.09
25115.01
1028.06
1015.90
1013.04
1023.05
1030.21
1010.89
1009.94
1019.00
1008.99
1008.99
25026.80
1076.94
1015.90
1009.94
1023.05
1015.19
1018.05
1024.96
1018.05
1019.95
1024.96
1016.86
25049.92
1055.00
1018.05
1003.03
1005.17
993.97
993.01
988.96
987.05
978.23
982.05
975.13
25017.98
1026.87
993.01
985.86
998.97
995.16
988.96
1004.22
998.02
1001.12
999.93
1011.13
25059.94
1055.96
1019.00
1008.99
1029.01
1021.86
1026.15
1024.96
1037.12
1015.19
1012.09
1009.94
25120.02
1029.97
1018.05
1005.89
1025.92
1012.09
1012.09
1016.14
1010.89
1013.99
1014.95
25043.96
1072.17
1023.05
1021.15
1018.05
1016.14
1013.04
1013.04
1015.90
1015.19
1008.03
1008.03
25051.12
1066.92
1023.05
1015.19
1019.00
1016.14
1014.95
1009.94
1022.10
1015.90
1011.85
1010.89
25114.06
1034.02
1014.95
1012.09
1038.07
1008.99
1011.85
1011.85
1036.88
1017.09
1020.19
25039.91
1072.88
1019.00
1026.15
1019.95
1022.82
1008.99
1010.89
1003.03
1004.93
998.97
992.06
25022.03
1036.88
996.83
982.05
979.90
978.95
972.03
979.90
975.13
976.09
977.04
984.91
25016.07
1044.99
1007.08
1002.07
1007.08
1002.07
997.07
1008.99
1015.90
1008.03
1010.89
1010.89
25051.12
1053.09
1030.21
1015.90
1027.82
1018.05
1027.82
1024.01
1030.92
1013.04
1013.99
1016.14
25115.01
1032.83
1033.07
1009.94
1019.95
1009.94
1013.04
1009.94
1019.00
1010.89
1012.80
1005.89
25110.01
1023.05
1013.99
1019.00
1015.90
1013.99
1029.01
1034.98
1034.02
1019.00
1009.94
25058.98
1049.04
1014.95
1000.88
1004.93
992.06
989.20
984.91
984.91
979.19
971.08
969.89
25013.92
1016.86
983.95
978.95
988.01
988.01
984.19
992.06
996.11
988.96
985.86
993.01
25022.03
1060.01
1013.99
1008.99
1014.95
1009.94
1013.04
1009.94
1013.99
1008.99
1019.00
1015.90
25090.93
1044.99
1033.07
1029.97
1026.15
1017.09
1017.09
1013.99
1020.91
1008.03
1014.95
1013.04
25118.11
1028.06
1019.00
1019.95
1013.99
1018.05
1010.89
1015.90
1018.05
1009.94
1016.14
25046.11
1070.02
1020.19
1015.90
1021.86
1011.85
1019.00
1013.99
1013.99
1015.90
1013.99
1011.85
25054.93
1065.02
1026.87
1013.99
1024.96
1011.85
1014.95
1014.95
1015.90
1016.86
1010.89
1015.19
25115.97
1029.97
1021.15
1019.00
1022.10
1019.00
1012.80
1016.86
1011.85
1013.99
1014.95
25044.92
1074.79
1023.05
1024.01
1029.01
1024.96
1013.99
1012.80
1033.07
1025.92
1022.10
1019.00
25055.17
1065.02
1008.99
993.97
1015.90
1000.17
997.07
992.06
998.02
986.81
983.95
980.14
25060.89
994.92
969.89
974.89
982.05
980.14
975.13
982.05
986.10
993.97
985.86
994.92
25024.18
1033.07
998.97
1003.03
1003.98
1005.89
1003.03
1005.89
1010.18
1003.03
1008.99
1010.89
25105.00
1038.07
1013.04
1022.10
1019.95
1021.86
1013.04
1021.86
1029.01
1014.95
1009.94
1012.09
25134.09
1029.97
1016.86
1025.92
1017.09
1012.09
1016.14
1019.95
1013.99
1017.09
1012.09
25053.02
1064.06
1024.96
1013.99
1019.00
1013.99
1020.19
1008.99
1024.01
1011.85
1015.90
1010.18
25106.91
1031.88
1024.01
1018.05
1022.10
1019.00
1017.09
1013.99
1019.00
1009.94
1015.90
1013.99
25112.87
1029.97
1016.14
1024.01
1013.04
1019.00
1013.99
1024.01
1021.15
1018.05
1017.09
25050.16
1073.12
1018.05
1018.05
1019.95
1019.00
1019.95
1013.99
1022.10
1014.95
1007.80
1010.89
25108.10
1036.88
1018.05
1017.81
13120.89
1062.87
1038.07
1033.07
1023.05
1018.05
1017.09
1021.15
982.05
993.97
999.93
25022.98
1112.94
1055.96
1063.11
1048.09
1051.19
1038.07
1034.98
1041.17
1029.01
1032.11
1030.92
25138.85
1029.97
1023.05
1027.11
1023.05
1017.81
1011.85
1012.80
1019.95
1013.99
1018.05
1017.09
1087.90
1038.79
1024.96
1032.11
1017.09
1010.89
1012.09
1013.99
1019.00
1008.03
1013.99
25060.18
1059.06
1026.15
1018.05
1017.09
1001.12
1007.08
1010.89
1008.99
1006.13
1004.93
999.93
25110.96
1030.92
1003.98
991.11
1014.95
997.07
1002.07
997.07
998.02
1039.98
1020.91
1030.92
25101.18
1000.88
988.96
988.01
1000.88
1042.13
1032.11
1034.02
1024.96
1018.05
1004.93
25035.86
1059.06
1008.99
1000.88
1002.07
989.20
988.01
992.06
983.95
1007.08
1001.12
993.97
25037.05
1054.05
1008.99
1003.98
1002.07
976.09
976.09
981.09
983.95
984.19
983.95
989.20
21135.09
1060.96
1017.81
1009.94
1007.08
1024.96
1015.90
1021.86
1029.97
1026.15
1008.99
1008.99
25129.80
1035.93
1033.78
1008.99
1019.00
1010.89
1008.99
1003.98
1026.15
1010.89
1008.03
1003.98
25092.84
993.97
982.05
978.95
988.96
980.14
977.04
987.05
25094.03
1007.80
1006.84
1011.85
1008.99
1008.99
1021.86
25043.96
1088.14
1044.03
1048.09
1032.11
1023.05
1016.14
1014.95
1019.95
1008.99
1012.80
999.93
25058.03
1055.96
1016.14
1022.10
998.02
972.99
977.04
974.89
980.85
980.85
984.91
983.95
25048.02
1034.98
998.97
983.00
977.04
992.06
999.93
997.07
1017.09
1003.98
1007.80
1002.07
25115.97
1021.15
995.16
992.06
988.01
1027.11
1014.95
1008.03
1007.08
1003.98
1001.12
998.02
25114.06
995.87
977.99
976.09
965.12
975.85
975.85
976.80
978.95
975.13
977.04
984.19
25079.01
1018.05
993.01
994.92
998.97
998.97
1003.03
1012.09
1013.99
1006.84
1015.90
1015.19
25126.93
1019.00
1017.09
1019.00
1000.17
1015.90
1014.95
1004.22
999.93
986.10
994.21
25001.05
1103.16
1032.11
1034.02
1018.05
994.92
999.93
1003.98
1007.08
1009.94
1010.89
1012.09
25072.10
1092.91
1052.14
1034.98
1028.06
1001.83
1008.03
995.87
1002.07
993.97
987.05
983.95
25087.83
1015.90
1008.03
1008.99
985.15
981.09
982.05
990.15
999.93
996.11
998.97
996.11
25107.15
1002.07
993.97
998.97
990.15
1018.05
1006.13
1023.05
1017.09
1011.85
1024.01
1017.09
25135.04
1032.83
1036.88
1018.05
985.86
985.86
987.77
980.85
977.04
972.99
975.13
972.99
25091.89
995.87
981.81
990.87
986.81
994.92
1003.03
999.93
1009.94
1013.04
1011.13
25043.01
1044.03
988.01
980.85
978.95
1003.03
1018.05
1009.94
1015.19
1005.89
1015.19
1024.96
25049.21
1056.91
1025.92
1019.00
1020.91
1024.96
1013.04
1018.05
1029.01
1025.20
1028.06
1017.09
29114.01
1011.85
988.96
978.95
972.99
971.08
978.95
974.89
989.20
983.95
983.95
988.96
25063.04
1012.09
997.07
994.92
999.93
993.01
1008.03
998.02
1013.99
989.20
991.11
989.91
25092.12
1024.01
1014.95
1011.13
1027.11
1002.07
1002.07
1001.12
1008.03
1000.17
1001.12
1000.88
25122.88
1025.92
1019.00
1010.89
1019.00
1013.04
1013.04
1012.80
1011.85
1008.99
1008.99
29054.16
1065.02
1016.14
1017.09
1027.11
1013.99
1012.80
1008.03
25054.93
1065.02
1022.10
1018.05
1024.01
1015.90
1013.99
1010.89
25094.03
1013.99
993.97
993.97
1019.00
1038.79
1033.07
1029.01
25115.97
1011.85
1003.98
1008.99
1016.86
1014.95
1016.14
1007.08
1049.04
1060.01
1047.85
41078.81
1065.02
1012.09
1008.99
1003.03
1006.84
1009.94
1008.03
25063.99
1039.98
998.02
994.92
1007.08
995.87
998.02
1000.88
989.91
975.13
977.99
972.99
25032.04
1044.03
1008.99
1012.09
1019.00
1019.00
1015.90
1013.04
1003.98
976.09
980.14
983.00
29064.89
1001.83
993.97
985.15
1003.98
995.16
994.92
994.92
998.02
1001.83
995.87
999.93
1003.98
990.87
993.97
975.13
17076.97
1015.90
1004.22
997.07
1001.12
999.93
997.78
998.97
994.21
972.99
969.17
973.94
985.15
972.03
980.85
984.91
13041.97
1055.96
1026.15
1013.04
1034.02
1012.09
1002.07
1007.80
1019.00
996.11
994.92
995.87
25091.89
1008.99
991.11
977.04
984.91
975.85
974.89
981.09
968.22
1002.07
1004.93
995.87
29114.96
1044.03
1025.92
1024.96
1027.82
1019.95
1019.00
25025.84
1073.12
994.92
985.86
984.19
987.05
979.90
975.85
978.95
25086.16
1043.08
1032.11
1009.94
975.85
978.95
980.14
981.09
988.01
979.19
985.86
25012.97
1071.93
1024.96
1013.04
998.02
985.15
978.95
987.05
990.87
987.05
986.10
988.96
992.77
1005.89
1018.05
1009.94
17042.88
1077.89
1015.19
998.97
988.01
1007.08
1008.03
1006.13
1016.14
1012.09
1015.90
1011.85
1014.95
1013.04
1014.95
1013.04
17078.16
1017.09
980.14
983.95
983.00
1019.95
1019.00
1026.87
1026.87
1013.04
1013.99
1031.16
21145.11
1043.08
1029.97
1035.21
993.01
1027.11
1013.99
1021.15
1023.05
1007.08
1003.03
25012.97
1108.88
1050.00
1048.09
1035.93
975.85
982.05
977.04
989.91
978.95
977.04
979.90
33023.12
1039.98
997.07
999.93
998.97
1002.07
1002.07
1008.99
29026.99
1039.98
989.91
981.09
981.09
972.03
969.89
972.03
984.91
980.14
988.01
985.86
25024.89
1051.90
1011.13
1008.03
1014.95
1015.90
1013.04
1015.90
1026.87
1019.95
1020.91
1025.92
17065.05
1059.06
1028.06
1012.09
1012.09
1007.08
998.97
998.97
25102.85
1014.95
997.07
1001.12
1017.09
1004.93
1010.89
1011.85
29119.01
1024.96
1026.15
1019.00
993.97
988.96
988.96
994.92
1008.99
1000.17
1009.94
1005.89
1011.85
1008.99
1015.90
25051.83
1080.99
1024.01
1010.89
1018.05
1010.89
1010.18
1008.03
1008.99
1008.03
1009.94
1007.08
17069.10
1119.14
1060.96
1059.77
1060.01
1054.05
1039.98
1054.05
993.01
972.99
972.03
972.03
982.05
976.09
972.03
975.13
17104.15
1039.98
1017.81
1019.00
1028.06
1018.05
1017.09
1017.09
1007.08
1016.14
1013.04
1015.19
1030.92
1022.10
1022.10
25045.87
1136.06
1076.94
1065.02
1038.07
987.05
980.14
970.13
978.95
976.80
973.94
973.94
25027.99
1070.98
1022.10
1014.95
1014.95
1021.15
1021.15
1018.05
25094.99
994.92
987.05
977.99
995.87
983.00
989.91
980.85
25075.91
1044.03
1008.99
1010.89
998.97
1002.07
1004.93
988.01
994.92
983.00
977.04
977.04
25069.95
993.97
982.05
974.89
987.05
979.90
986.10
990.15
983.00
993.01
994.92
977.99
25087.83
1008.03
989.91
997.07
992.06
973.94
968.93
976.09
986.10
982.05
988.01
998.02
25084.97
1023.05
1007.08
1014.95
1021.15
1012.09
1013.04
1021.15
988.96
968.93
981.09
986.10
21116.97
1043.08
1019.95
1012.80
985.86
1009.94
1003.03
1006.84
1020.91
1011.13
1018.05
1017.09
25113.11
1033.07
1035.93
1029.97
1034.02
1026.87
1026.87
1024.01
1055.96
1050.95
1045.94
25110.96
1043.08
1032.11
1022.10
1009.94
1025.92
1039.98
1030.92
1036.88
1040.94
1036.17
1027.11
25115.97
1036.17
1028.06
1034.98
1039.03
1032.11
1026.87
25060.89
1066.92
1025.92
1023.05
1029.97
1019.95
1024.01
1023.05
29129.03
1007.08
991.11
990.15
993.01
994.92
982.05
993.01
993.97
989.91
979.90
989.20
25091.89
1000.88
989.91
983.00
988.96
982.05
976.09
977.04
983.00
976.09
973.94
969.89
25081.16
992.06
982.05
970.84
982.05
968.93
969.89
976.09
981.09
981.09
973.94
976.80
25020.84
1018.05
978.95
974.89
987.05
974.89
974.18
978.95
979.90
979.19
977.04
977.04
25006.06
1024.96
980.14
977.04
981.09
975.13
974.89
970.84
983.95
976.09
970.13
972.03
25003.19
1040.94
987.05
983.00
985.15
981.09
978.95
982.05
974.89
982.05
978.95
981.09
979.19
25089.98
1003.03
991.11
998.97
1001.12
997.07
997.07
1000.17
994.92
996.83
993.97
993.01
1082.90
1015.90
1009.94
1016.14
1014.95
1013.99
1013.04
1018.05
1023.05
1021.15
1022.10
25050.88
1061.92
1028.06
1027.82
1030.92
1034.02
1024.01
1017.81
1024.01
1017.09
1021.15
1013.99
25125.98
1053.81
1049.04
1033.07
1044.03
1025.20
1031.88
1035.93
1046.18
1034.98
1035.93
25072.10
1103.16
1054.05
1043.08
1062.15
1045.94
1045.94
1047.13
1046.90
1050.95
1054.05
1043.08
25135.04
1054.05
1048.09
1053.09
1044.99
1042.84
1044.03
1048.80
1047.85
1041.89
1044.99
25139.09
1063.11
1048.09
1044.99
1048.80
1046.90
1046.18
1045.94
1046.90
1041.17
1043.08
29084.92
1096.01
1049.04
1050.00
1048.80
1042.84
1035.93
1038.07
1012.09
1006.84
1012.80
1014.95
25093.08
1036.17
1030.92
1010.89
1024.01
1013.99
1013.99
1020.19
1034.98
1026.87
1025.20
25058.03
1083.14
1034.02
1029.97
1037.12
1029.97
1025.20
1025.92
1031.88
1022.82
1024.96
1018.05
25093.08
1091.96
1029.97
1028.06
1029.97
1022.10
1019.95
1010.89
1017.09
1005.17
1002.07
991.11
25095.94
998.02
988.01
977.04
979.90
968.22
967.98
972.99
984.91
982.05
993.01
993.01
25082.11
1024.01
1014.95
1013.99
1032.11
1008.99
1019.00
1019.00
1018.05
1015.90
1016.14
25041.10
1068.12
1039.98
1022.82
1026.87
1029.01
1018.05
1024.01
1024.01
1024.01
1021.15
1013.99
25055.89
1047.85
1007.80
1003.03
1001.12
985.86
979.90
976.80
977.99
972.03
965.12
974.18
25012.97
1024.01
998.02
997.07
1002.07
1003.98
1008.03
1008.99
1016.86
1016.86
1016.86
1024.96
25100.95
1039.03
1019.95
1021.86
1030.92
1026.15
1020.91
1024.01
1038.07
1024.01
1022.82
1024.01
25106.91
1035.93
1021.86
1027.11
1024.01
1024.01
1029.01
1025.20
1027.11
1019.00
1022.10
25062.08
1084.09
1028.78
1024.96
1026.15
1007.08
1009.94
1005.89
1004.93
993.97
986.81
983.00
25064.95
983.95
969.17
967.98
985.15
977.99
983.95
993.97
1001.83
998.97
1015.19
1010.89
25094.99
1035.93
1011.85
1011.85
1021.86
1017.81
1023.05
1019.95
1030.21
1028.06
1025.92
1019.00
25124.07
1040.94
1032.83
1029.97
1027.11
1023.05
1026.15
1029.97
1026.87
1024.96
1024.96
25066.85
1070.98
1035.93
1029.01
1035.93
1029.01
1024.96
1024.01
1029.97
1027.82
1022.82
1020.91
25120.97
1040.94
1026.87
1034.98
1023.05
1019.00
1024.01
1027.11
1014.95
1013.99
1008.99
25038.00
1055.00
1008.99
995.87
988.01
984.91
974.89
966.07
975.13
967.98
969.89
981.09
25016.07
1045.94
1016.14
1007.08
1011.13
1008.03
1010.18
1009.94
1020.91
1027.11
1018.05
1013.04
25060.89
