1413.82
1394.03
1527.07
1403.09
13478.04
1467.94
1407.15
1389.98
1394.99
1377.11
1405.95
1369.95
1365.90
13587.00
1431.94
1567.13
1379.01
1363.99
1376.87
1370.91
1358.99
13451.10
1464.13
1388.07
1381.16
1365.18
1362.09
1376.15
1356.12
1368.05
13558.86
1411.91
1426.94
1467.94
1376.15
1377.11
1372.81
1363.04
13458.01
1454.83
1384.02
1396.18
1379.01
1376.87
1379.01
1353.03
1360.89
13554.81
1401.90
1378.06
1376.15
1358.99
1380.92
1379.01
1358.03
13444.90
1460.08
1379.01
1376.87
1379.01
1353.03
1381.87
1374.01
1369.00
13463.97
1440.05
1387.12
1369.00
1369.00
1358.03
17587.18
1413.11
1416.21
1394.99
1374.96
17485.14
1481.06
1420.02
1406.19
1393.08
1376.15
17608.88
1423.12
1411.91
1389.03
1372.10
17459.15
1499.18
1396.89
1377.11
1372.10
1372.10
17545.94
1465.08
1394.99
1389.03
1374.01
1367.81
17611.03
1426.94
1410.01
1395.94
1368.05
13420.10
1475.81
1389.03
1405.00
12578.96
1411.91
1394.99
1385.93
1376.87
17482.04
1497.98
1396.89
1405.00
1400.95
1379.01
1374.96
1375.91
1369.00
13559.10
1406.19
1382.11
1389.98
1359.94
1371.86
1374.96
1363.99
13448.00
1461.98
1402.14
1399.99
1385.93
1371.86
1389.98
1372.10
1370.91
13525.96
1418.83
1384.02
1385.93
1373.05
1371.15
1378.06
1366.14
13386.96
1510.86
1409.05
1389.98
1372.10
1357.08
1373.05
1372.10
1418.83
13573.88
1440.05
1394.99
1381.87
1376.87
1373.05
1378.06
1363.99
1358.99
13581.99
1404.05
1390.93
1385.21
1374.96
1386.88
1380.21
1369.95
21480.80
1472.95
1390.93
9552.00
1410.96
1366.85
13549.09
1389.98
1394.99
1387.12
1366.85
1365.90
1361.85
1379.01
13462.07
1441.96
1376.87
1386.88
1361.85
1372.81
1384.97
1369.95
1368.05
13549.09
1426.94
1399.99
1385.93
1379.01
1379.01
1381.87
1376.87
13456.82
1459.12
1389.98
1401.90
1380.21
1370.91
1389.03
1396.89
1378.06
13627.05
1417.16
1425.03
1382.83
1365.90
1367.81
1372.10
1369.95
13451.81
1446.01
1379.97
1377.11
1368.05
1356.84
1374.01
1362.09
1373.05
13549.80
1426.94
1394.03
1395.94
1373.05
1397.13
1384.97
1374.96
13482.09
1496.79
1391.89
1384.02
1361.13
1373.05
17498.02
1477.96
1379.97
1399.04
1399.99
1371.15
17612.93
1427.17
1389.03
1396.18
1391.89
17510.89
1451.97
1379.97
1389.98
1374.01
1367.81
17581.94
1417.88
1405.95
1394.03
1379.97
17472.03
1497.03
1404.05
1379.97
1376.87
1370.91
17503.02
1461.98
1391.17
1397.13
1410.01
1385.93
13607.03
1401.90
21503.93
1488.92
1384.02
9470.94
1451.02
1376.87
13556.00
1400.95
1380.92
1376.87
1366.85
1363.99
1373.05
1364.95
13428.93
1457.21
1399.99
1379.01
1378.06
1371.15
1367.09
1359.94
1363.99
13470.89
1442.91
1395.94
1405.00
1389.03
1376.15
1388.07
1379.97
1382.11
14282.94
1415.97
1406.91
1376.87
1372.81
1390.93
1396.89
1374.01
13541.94
1411.91
1384.02
1380.92
1366.85
1386.88
1371.86
1379.01
13462.07
1457.93
1383.07
1390.93
1369.00
1359.94
1379.01
1379.97
1379.97
13557.20
1703.02
1410.96
1381.16
1375.91
1394.03
1379.97
1361.85
13543.84
1453.88
1404.05
1398.09
1385.21
1379.01
17583.13
1420.97
1409.05
1388.07
1374.01
1388.07
1375.20
1393.08
13494.97
1435.04
1390.93
1396.89
1394.03
1375.91
1379.97
1367.09
1369.00
13535.98
1396.89
1391.89
1386.17
1364.95
1363.99
1365.90
1367.81
13464.93
1413.11
1369.00
1382.11
1363.99
1366.85
1363.99
1350.16
1348.02
13522.15
1394.03
1355.89
1379.97
1360.18
1353.98
1360.89
1353.98
13394.12
1470.80
1383.07
1363.99
1355.89
1352.79
1363.04
1351.12
1360.18
13456.11
1424.07
1374.01
1369.95
1358.99
1359.94
1372.10
1352.79
1360.89
13541.94
1400.95
1373.77
1379.01
1365.18
1369.95
1363.99
1355.17
9405.14
1451.97
1385.93
13461.11
1446.01
1383.07
1380.21
1363.04
1369.00
17506.84
1426.94
1370.91
1374.96
1362.09
1361.13
17576.93
1399.04
1388.07
1361.85
1350.88
17472.98
1463.89
1384.02
1386.88
1360.89
1355.89
17483.00
1437.19
1377.11
1379.01
1358.03
1353.03
17599.82
1394.03
1374.01
1368.05
1357.08
1365.90
1359.94
1353.98
13448.95
1456.98
1382.83
1374.96
1360.18
1352.07
1366.14
1352.07
1349.21
13504.98
1403.81
1379.97
1399.04
1365.90
1363.04
17578.12
1390.93
1384.02
1358.99
1366.85
17497.06
1467.94
1374.01
1381.87
1366.85
1363.99
17512.08
1434.09
1379.01
1369.95
1358.03
1353.03
17597.20
1399.99
1386.88
1375.91
1358.03
17474.89
1461.03
1383.07
1374.01
1374.01
1355.17
17510.89
1441.00
1384.97
1376.15
1360.89
1358.99
1377.11
1360.18
1354.93
1388.79
1353.03
1356.84
1354.93
1355.89
1356.84
1360.89
1360.89
1379.01
1358.03
1362.09
1364.95
1348.97
1346.83
1356.84
1360.89
1348.02
1391.17
1372.10
1353.03
1367.81
1352.07
1352.07
1363.04
1351.83
1355.89
1375.91
1358.99
1353.03
1374.96
1353.03
1358.03
1370.91
1354.22
1357.08
13556.96
1415.01
1387.12
1379.97
1355.17
1359.94
1360.89
1346.83
13435.84
1436.00
1379.97
1372.81
1362.09
1359.94
1365.90
1358.99
1355.17
13461.11
1425.98
1372.10
1374.01
1353.98
1356.12
1363.04
1356.12
1353.98
13561.96
1399.99
1375.91
1358.03
1358.99
1372.81
1367.09
1356.12
13441.09
1436.23
1375.91
1368.05
1376.15
1353.98
1372.81
1353.98
1352.07
13466.84
1430.03
1379.01
1379.01
1359.94
1358.99
1368.05
1360.18
1363.04
13612.99
1386.88
1390.93
1367.09
1347.06
1370.91
1362.80
1353.03
13457.06
1424.07
1374.96
1378.06
1364.95
1353.98
13518.10
1396.18
1362.09
9526.01
1394.03
13412.00
1489.88
1387.83
1383.07
1366.14
1368.05
13453.01
1441.96
1379.01
9452.10
1429.08
1374.01
13535.98
1401.90
1378.06
1379.97
1374.96
13394.12
1472.00
1379.97
9444.95
1444.82
1374.96
9454.97
1436.95
1376.15
13527.15
1413.11
1374.01
1381.87
1374.01
1363.99
1369.00
1369.00
13407.95
1476.05
1375.91
1371.86
1365.90
1361.85
1370.91
1359.94
1352.07
9443.04
1421.93
1373.05
13490.92
1412.87
1374.01
1375.91
1369.00
1358.99
13548.85
1389.98
9432.79
1451.02
1380.21
14678.00
1443.86
1385.93
1361.85
1360.89
13448.95
1436.95
1374.01
9515.05
1392.84
1375.91
9541.03
1381.87
9414.91
1441.00
1379.97
9431.84
1436.00
1372.10
13619.90
1437.90
1386.88
1399.99
6572.01
1408.82
1368.05
16681.91
1455.07
1389.03
1362.09
11686.09
1402.14
1386.17
11594.06
1417.88
1376.87
1361.13
11591.20
1399.99
1374.96
11590.96
1451.97
1377.82
1367.09
6592.04
1402.14
1388.07
11536.12
1472.00
1378.06
1388.07
11605.02
1431.94
1371.15
1376.15
11723.04
1402.14
1363.99
11669.87
1448.87
1388.79
1374.01
15398.98
1491.07
1391.17
1374.01
6505.01
1424.07
1384.02
1367.09
6591.08
1398.09
1379.01
6505.97
1425.03
1382.11
1369.95
6570.82
1388.07
1379.97
6496.91
1422.88
1387.12
1374.96
6577.01
1392.13
1358.03
5138.16
1480.10
1389.98
1379.01
1361.85
6505.97
1424.07
1374.96
1371.15
6568.91
1399.99
1373.05
6525.04
1426.22
1372.10
1382.11
6571.05
1403.09
1394.99
6519.08
1430.99
1370.91
1384.97
6586.79
1405.95
1376.87
6479.98
1428.84
1379.01
7795.10
1425.98
1384.97
1368.05
6577.01
1387.12
1380.92
6500.01
1435.04
1366.85
1357.79
6580.11
1389.98
1392.13
6505.97
1444.10
1389.03
1372.81
6525.99
1399.99
1393.08
1366.14
6572.01
1389.03
1374.01
5270.96
1445.06
1384.97
1384.02
1370.91
6580.83
1389.03
1370.19
6529.09
1419.07
1392.13
1379.97
6602.05
1388.07
1369.00
6510.97
1420.02
1391.89
1369.00
6590.13
1398.09
1371.15
6508.11
1423.12
1402.14
1377.11
6505.97
1406.91
1379.97
1392.13
6556.99
1414.06
1377.11
6490.95
1414.06
1377.11
2963.07
1386.88
1372.81
11180.88
1460.08
1379.01
1388.07
6502.87
1433.85
1369.95
1370.91
6570.82
1378.06
1403.09
6513.12
1443.86
1379.97
1363.99
6666.90
1391.89
1390.93
6498.10
1439.81
1375.91
1375.91
6582.02
1395.94
1379.97
11559.01
1442.91
1376.87
1383.78
11604.07
1427.17
1384.02
1391.17
11655.09
1402.14
1377.11
11647.94
1441.00
1376.15
1365.18
15382.05
1466.99
1402.14
1379.01
11587.86
1430.03
1389.03
1363.99
11661.05
1382.11
1394.99
11592.86
1436.00
1370.19
1390.93
11673.93
1399.04
1370.91
11595.01
1445.06
1379.01
1357.08
11672.97
1398.09
1374.01
10811.81
1456.02
1384.02
9443.04
1434.09
1371.86
1401.90
1374.01
1369.00
1375.20
1369.95
1361.13
1372.10
1374.01
1358.99
13550.04
1400.95
1378.06
1363.04
1363.04
1370.19
1362.09
1358.03
13459.92
1444.10
1379.01
1388.07
1371.15
1365.18
1369.95
1362.09
1367.09
13525.01
1405.00
1379.01
1389.03
1363.04
1363.99
1372.10
1363.99
13394.83
1497.03
1390.22
1383.07
1364.95
1353.98
1359.94
1355.89
1349.21
13459.92
1435.04
1387.12
1381.16
1365.18
1359.94
1374.01
1366.14
1359.94
13539.08
1402.14
1378.06
1390.93
1370.91
1369.95
1367.09
1360.18
13453.01
1443.86
1375.91
1389.03
1379.97
1360.89
17470.84
1461.03
1376.15
1384.97
1363.99
1358.03
17572.88
1405.95
1380.92
1365.90
1365.90
1367.81
1363.04
1358.03
13451.81
1446.01
1383.07
1381.16
1368.05
1367.81
1365.90
1362.80
1358.03
13472.08
1431.94
1367.09
1386.17
1361.13
1357.08
1382.11
1355.89
1347.06
13548.14
1389.03
1379.01
1378.06
1357.08
1371.86
1358.99
1358.99
13463.97
1441.96
1382.11
1387.12
1362.09
1355.17
1377.11
1366.14
1357.08
13551.95
1399.99
1370.91
1389.98
1362.09
1352.07
1358.03
1358.03
13429.88
1467.94
1383.07
9470.94
1428.13
1379.01
1376.87
1369.00
1360.89
1391.17
1359.94
1351.83
21548.99
1410.96
1384.02
13561.96
1402.85
1383.07
1374.96
1363.99
1368.05
1358.03
1358.03
13468.98
1433.13
1374.96
1374.96
1363.04
1358.99
1382.11
1359.94
1361.85
13566.02
1398.09
1377.82
1379.01
1358.99
1366.85
1358.03
1363.04
9586.10
1443.86
1380.92
1391.17
1374.96
1367.09
1370.91
1365.90
1363.99
1373.05
1367.09
1341.82
13532.88
1405.95
1377.82
1374.01
1357.08
1359.94
1373.05
1372.10
13406.04
1490.83
1383.07
1374.96
1364.95
1360.18
1382.11
1358.03
1362.09
13462.07
1440.05
1374.96
9522.91
1400.95
1376.87
1371.86
1360.89
1365.90
17576.93
1405.95
1381.16
1377.11
1364.95
1380.92
1374.96
1356.84
13479.95
1447.92
1387.83
1389.98
1369.00
1357.79
1370.91
1364.95
1358.99
13552.90
1406.91
1381.87
1375.91
1369.00
1365.90
1369.00
1368.05
13458.01
1451.02
1384.02
1391.89
1364.95
1371.15
1376.15
1365.18
1351.12
13516.90
1410.01
1380.92
1389.98
1363.04
1367.09
1377.11
1363.99
1358.99
13540.03
1388.79
1394.03
1377.11
1369.00
1379.97
1363.04
1358.99
13470.89
1443.86
1374.01
1387.12
1368.05
1363.99
1369.95
1364.95
1360.18
17584.09
1407.15
1392.13
1369.95
1362.09
25483.13
1482.96
1396.89
1389.03
1376.15
1374.96
13474.94
1453.16
1379.01
9547.00
1394.03
9397.98
1483.92
1392.84
9448.05
1446.01
1382.83
13478.04
1438.14
1378.06
1394.03
1372.81
1379.01
13551.00
1405.95
1375.91
9508.85
1394.03
13476.13
1442.91
1390.22
1379.97
1364.95
1367.81
16294.96
1469.85
1380.92
1366.85
11657.95
1399.99
1376.87
10396.00
1468.18
1382.11
1389.98
11533.98
1472.00
1389.03
1387.12
11613.13
1444.82
1383.07
1382.11
11650.09
1389.98
1375.91
11594.06
1443.15
1388.07
1376.15
11663.91
1391.89
1399.99
11598.83
1441.96
1376.87
13077.97
1405.00
1375.91
11591.91
1442.91
1384.97
1367.09
11669.16
1410.01
1385.93
11538.03
1445.06
1397.13
1376.15
6581.07
1397.13
1373.05
6475.21
1450.06
1382.11
1372.10
6504.77
1428.13
1382.11
1374.01
6579.16
1398.09
1382.11
6519.79
1423.12
1373.05
1383.07
4742.86
1411.91
1367.09
1374.96
1359.94
6607.06
1389.98
1390.93
6512.88
1438.86
1383.07
1377.11
6577.97
1390.93
7782.94
1432.90
1383.07
1371.86
6501.91
1409.05
1379.97
1372.81
6575.11
1389.98
1372.81
6504.06
1424.07
1389.03
1362.09
6592.04
1398.09
1365.18
6498.10
1424.07
1393.08
1378.06
6575.82
1398.09
1372.10
6495.95
1441.96
1386.88
1375.91
6502.87
1415.01
1380.92
1385.93
6588.94
1397.13
1378.06
6516.93
1427.89
1387.83
1376.87
4828.93
6577.97
1409.05
1375.91
6488.80
1446.01
1381.16
1392.13
6499.05
1441.96
1379.01
1382.83
5384.92
1391.89
1376.87
1377.11
6508.11
1421.93
1369.00
1376.87
6566.05
1392.13
1364.95
6512.88
1420.02
1367.81
1372.10
6571.05
1396.18
1369.95
6501.91
1436.00
1373.05
1383.07
6510.97
1406.91
1364.95
1355.89
6480.93
1370.19
1370.91
6489.99
1412.87
1378.06
1353.98
6563.19
1387.12
1377.11
6489.04
1441.00
1378.06
1358.99
6489.99
1410.01
1371.15
1358.03
6587.98
1383.07
1359.94
6497.86
1412.87
3326.89
1418.11
1403.09
1363.99
11532.78
1432.90
1393.08
1363.99
6583.93
1385.21
1363.04
6505.97
1416.92
1376.87
1358.99
6575.82
1395.94
1363.99
6504.06
1424.07
1392.84
1375.91
6561.99
1394.03
1371.15
6473.06
1458.17
1386.17
1356.12
6500.96
1435.04
1368.05
1376.15
6589.17
1389.03
1359.94
6506.20
1434.09
1374.96
1369.95
6560.09
1402.85
1364.95
6476.16
1433.13
1372.10
1382.11
6495.00
1419.07
1369.00
1358.99
6569.15
1384.02
1382.83
6502.87
1425.03
1387.12
1364.23
6587.98
1392.84
1377.82
6499.05
1435.04
1377.82
1368.05
6546.97
1400.95
1382.83
1364.95
11644.12
1389.98
1382.11
6505.97
1441.96
1387.83
1365.90
6589.89
1376.87
1394.99
6505.01
1441.00
1371.86
1374.96
6561.99
1383.07
1377.11
6506.92
1432.90
1379.97
1364.95
6515.03
1414.06
1378.06
1361.85
6570.82
1389.98
1366.14
6515.03
1410.01
1386.17
1358.99
6582.98
1384.02
1369.95
6512.17
1419.07
1384.02
1369.95
6575.82
1387.12
1369.00
6484.03
1445.06
1384.02
1372.10
6412.98
1423.12
1373.05
1374.01
6592.04
1405.00
1360.89
6487.13
1415.01
1377.11
7978.92
1402.85
1380.92
6485.94
1430.99
1374.01
1384.02
6506.92
1430.03
1364.95
1360.18
11660.10
1388.07
1381.87
6459.00
1424.07
1373.05
1381.87
6582.02
1395.94
1373.05
6498.81
1415.01
1367.09
1379.01
6515.98
1413.11
1366.14
1360.89
6561.04
1392.13
1379.01
6500.96
1425.03
1374.96
1365.18
6576.06
1379.97
1379.97
6501.91
1427.89
1370.19
1354.93
6566.05
1399.04
1372.10
6456.85
1473.90
1379.97
1376.15
6508.11
1415.01
1390.93
1363.99
6591.08
1396.18
1366.14
6529.09
1418.11
1392.13
1362.09
6592.99
1394.03
1371.15
6515.03
1421.21
1389.98
1366.85
6567.00
1399.99
1361.13
6480.93
1446.96
1399.04
1375.91
6504.06
1418.11
1374.01
1378.06
20293.95
1405.95
1400.95
1385.93
1367.81
1374.01
1361.13
1361.13
17493.01
1466.04
1390.93
1392.13
1379.97
1366.85
17575.98
1405.95
1384.02
1376.87
1361.85
17418.86
1527.07
1389.03
1389.98
1375.20
1365.90
17498.02
1458.88
1384.97
1390.22
1364.95
1364.95
17571.93
1416.92
1382.83
1374.96
1367.09
17480.13
1474.86
1389.03
1388.07
1363.99
1359.94
17488.00
1449.11
1382.11
1378.06
1361.85
1360.89
1389.03
1362.09
1363.99
13579.13
1407.15
1382.11
1370.19
1367.09
1368.05
1372.10
1363.99
9450.91
1425.03
1372.10
9459.02
1426.94
1383.07
9521.01
1391.89
1363.99
9521.01
1399.99
9438.04
1433.13
1383.07
9447.10
1423.84
1368.05
9446.86
1430.03
1376.15
9513.14
1394.03
1366.85
9538.89
1391.89
5433.08
1430.99
1376.87
1374.01
1369.00
1364.95
21473.17
1456.02
1390.93
13554.81
1409.05
1381.87
1372.81
1363.99
1358.03
1367.81
1353.98
13394.83
1490.12
1389.03
1381.87
1380.21
1358.03
1369.00
1365.90
1362.09
9449.96
1435.04
1377.11
9502.89
1408.10
1363.99
9537.94
1390.22
9411.10
1474.14
1378.06
9453.06
1433.85
1370.91
9449.01
1428.13
1381.16
9509.09
1402.85
1380.92
9542.94
1394.03
9418.01
1455.07
1383.78
9437.08
1446.01
1384.02
9448.05
1433.13
1388.07
9504.08
1404.05
1368.05
13566.02
1410.96
1389.98
1366.85
1370.91
5451.20
1431.94
1380.92
1379.97
1365.18
1367.09
1379.01
1364.95
1353.98
13495.92
1420.97
1374.01
1384.97
1364.95
1378.06
1378.06
1368.05
1358.03
13527.15
1388.07
1384.02
1374.01
1377.11
1373.05
1365.90
1359.94
13472.08
1444.82
1389.03
1394.03
1371.86
1361.85
1379.01
1360.18
1354.93
13535.98
1398.09
1383.07
1375.91
1360.89
1370.91
1372.10
1358.99
13442.99
1445.06
1383.07
1388.07
1373.05
1359.94
1388.07
1367.09
1356.84
13473.99
1431.23
1373.05
1384.97
1373.05
1362.09
1377.11
1369.00
1360.89
13533.83
1401.90
17471.08
1458.17
1389.98
1405.95
1378.06
1358.99
1373.05
1348.97
1358.03
1379.97
1359.94
1359.94
13549.09
1414.06
1381.16
1375.91
1377.82
18818.86
1410.01
1384.02
1376.87
1375.91
1374.01
1367.09
1370.19
13469.93
1444.10
1379.97
1381.16
1364.95
1360.89
1376.87
1364.95
1360.89
13549.80
1387.12
1372.10
1379.01
1369.95
1367.09
1370.19
1362.09
13455.15
1450.06
1382.11
1380.92
1374.96
1352.07
1372.10
1363.04
1365.18
13468.03
1427.17
1374.01
1381.87
1362.80
1367.09
1371.15
1359.94
1355.89
13561.01
1394.03
1394.03
1378.06
1372.10
5449.06
1439.81
1374.96
1375.20
1363.99
1373.05
17472.98
1439.81
1380.92
1380.92
1366.14
1361.13
1375.20
1366.14
1364.95
13535.98
1389.03
1386.88
1379.01
1371.15
1382.11
1368.05
1354.93
13463.97
1445.06
1377.11
1381.16
1364.95
1363.04
1379.01
1360.89
1349.93
13543.13
1405.95
1374.96
1389.98
1372.10
1363.04
1361.85
1358.99
13437.99
1456.02
1381.87
1389.98
1369.00
1366.85
1379.01
1371.15
1369.00
13473.03
1436.95
1369.95
1387.83
1376.87
1361.85
1369.95
1367.09
1358.99
13550.04
1397.13
1388.07
1366.85
1363.99
1372.10
1368.05
1362.80
9454.01
1429.08
1375.91
9448.05
1425.98
1379.97
9528.88
1396.89
1379.01
9522.91
1396.89
9442.09
1429.08
1384.02
9451.87
1429.08
1373.05
9432.79
1425.98
1384.97
9530.07
1398.09
1371.86
9523.87
1394.99
9443.04
1437.90
1389.98
9444.00
1430.99
1376.87
9437.80
1414.06
1382.11
9509.80
1393.08
1369.95
9510.99
1392.84
9435.89
1437.90
1396.89
9449.01
1433.13
1381.16
13453.01
1430.03
1384.02
1380.92
1366.14
1356.12
1379.97
1358.99
1358.03
13545.99
1405.95
1391.17
1364.95
1360.89
1374.01
1371.86
1361.85
13465.88
1438.86
1384.97
1377.11
1368.05
1364.95
1379.97
1364.95
1359.94
13541.94
1414.06
1376.87
1388.07
1370.91
1379.01
1369.95
1353.03
13433.93
1458.88
1388.07
1378.06
1367.81
1365.90
1374.01
1363.99
1359.94
13460.87
1431.94
1383.78
1396.89
1374.01
1357.08
1376.15
1362.09
1357.08
13541.22
1389.98
1383.07
1368.05
1369.00
1379.97
1364.95
1356.84
13448.00
1455.07
1380.92
1380.92
1360.89
1358.99
1374.01
1359.22
1364.95
13530.97
1410.01
1374.01
1380.92
1363.04
1364.95
1374.01
1360.89
13397.93
1482.01
1371.86
1387.12
1369.95
1374.01
1382.11
1369.00
1368.05
13475.18
1435.04
1382.83
1379.01
1361.13
1369.95
1382.11
1366.14
1367.09
13546.94
1401.19
1383.07
1371.15
1370.91
1374.01
1383.07
1354.93
13442.04
1455.07
1383.07
1391.17
1373.05
1369.95
1367.81
1359.94
1362.09
9506.94
1410.01
1376.15
1404.05
1369.95
1358.99
1368.05
1354.93
1369.00
1361.85
1358.03
13418.20
1457.93
1389.98
1376.87
1361.85
1362.09
1373.05
1359.94
1350.88
13458.01
1443.15
1374.01
1391.17
1376.15
1358.99
1384.02
1358.03
1363.99
33607.96
10854.96
1473.90
1386.88
1410.96
1371.86
1366.85
1384.02
1366.14
1365.18
1368.05
1353.98
1357.08
13538.84
1424.07
1383.07
1379.01
1361.85
1369.95
1381.16
1359.94
13392.93
1486.06
1393.08
1379.97
1372.10
1364.95
1374.01
1369.00
1353.03
13461.11
1437.19
1382.11
1381.16
1374.01
1363.99
1379.01
1372.81
1356.84
13561.96
1399.04
1379.01
1379.01
1368.05
1372.10
1362.09
1357.79
13453.96
1447.92
1401.90
1379.97
1374.01
1364.95
1378.06
1355.89
1372.10
13523.10
1413.82
1369.95
1375.20
1361.13
1368.05
1383.07
1369.00
1347.06
13520.00
1394.99
17468.21
1456.02
1391.89
1406.91
1376.87
1370.91
1361.85
1368.05
1362.09
1393.08
1362.09
1355.89
13540.98
1402.14
1371.15
1380.92
1367.09
1369.00
1363.04
1358.99
13443.95
1452.92
1389.98
1374.96
1366.14
1356.12
1370.19
1364.95
1357.08
13473.03
1434.80
1384.02
1384.97
1365.90
1361.85
1371.86
1363.99
1364.95
13551.00
1399.04
1381.87
1367.81
1358.99
1374.01
1375.91
1358.99
13460.16
1450.06
1377.11
1385.21
1367.09
1365.18
1373.05
1361.13
1359.94
13540.98
1396.89
1388.07
1379.97
1373.05
1355.89
1373.05
1364.95
21435.98
1484.87
1389.98
5488.16
1435.04
1378.06
1382.83
1363.04
1368.05
13518.10
1403.81
1369.00
1384.02
1364.95
1361.85
1374.96
1362.80
13384.10
1497.98
1390.93
1377.82
1379.97
1364.95
1371.15
1360.18
1363.99
13454.91
1438.14
1373.05
1382.83
1374.96
1366.14
1372.10
1352.07
1362.09
13551.95
1392.13
1374.01
1372.10
1369.00
1368.05
1365.90
1353.98
13452.05
1431.94
1371.15
1388.07
1379.01
1361.85
1368.05
1361.13
1368.05
13455.15
1428.13
1387.12
1379.01
1373.05
1356.84
1366.85
1358.03
1358.99
13547.90
1399.99
1392.13
1374.96
1364.95
1379.01
1370.91
1359.94
21478.18
1456.98
1384.97
5473.14
1434.09
1388.07
1387.12
1358.03
1353.03
13569.12
1395.94
1391.89
1369.95
1369.00
1366.14
1357.08
1354.93
13447.05
1444.10
1379.97
1559.97
1374.01
1369.95
1371.86
1365.90
1357.08
13540.98
1394.99
1381.87
1376.87
1359.94
1369.00
1355.89
1356.12
13433.93
1446.01
1394.99
1389.98
1370.91
1386.17
1378.06
1333.00
1353.03
13447.05
1425.03
1373.05
1369.00
1358.99
1356.12
1369.00
1358.99
1350.16
13569.12
1386.17
1371.15
1362.09
1348.97
1364.95
1361.13
1361.85
13444.90
1447.92
1378.06
1373.05
1367.81
1359.94
13465.17
1433.13
1371.15
13565.06
1399.04
1373.05
1406.91
1365.18
1369.00
1369.00
1363.04
13437.03
1445.06
1379.97
1377.11
1363.99
1356.84
1363.99
1363.99
1353.98
13456.82
1430.99
1388.79
1383.07
1367.09
1363.99
1367.09
1351.83
1346.83
13561.01
1394.03
1378.77
1363.04
1360.18
1373.05
1369.95
1364.95
13445.14
1444.10
1389.03
1371.86
1372.81
1365.90
1374.01
1358.99
1357.08
13502.84
1415.01
1381.87
1382.83
1363.99
1355.17
1377.11
1355.89
1358.03
13509.04
1389.03
1374.96
1375.91
1363.99
1379.97
1369.95
1360.18
13457.06
1437.90
1382.11
1386.17
1364.95
1359.94
17557.14
1409.05
1370.91
1374.01
1361.13
1367.09
17565.97
1405.00
1389.98
1373.05
1363.99
17494.92
1451.02
1392.13
1387.12
1376.15
1362.09
17580.99
1400.95
1381.16
1387.12
1363.04
17410.04
1510.86
1394.03
1387.12
1373.05
1372.10
17492.06
1468.90
1381.87
1380.92
1368.05
1367.81
20051.96
1415.97
1375.91
11603.12
1438.14
1397.13
1379.01
11667.01
1399.04
1390.22
11559.01
1436.00
1377.11
1382.11
11657.00
1406.91
1374.96
11547.09
1459.12
1393.80
1365.90
11595.01
1429.08
1406.91
1377.11
11651.99
1400.95
1381.16
11604.07
1438.14
1387.12
1388.07
11682.03
1399.04
1368.05
11590.00
1437.90
1391.89
1371.86
11665.82
1405.00
1380.92
10869.98
1450.06
1387.12
1390.22
1375.91
1363.04
21487.00
1436.00
1387.83
9543.90
1404.05
13426.07
1494.88
1389.98
1388.07
1383.07
1353.98
1369.00
1353.98
1358.99
13455.87
1441.00
1369.95
1377.11
1358.99
1366.14
1384.97
1351.83
1353.98
5531.79
1390.93
1365.90
1376.15
1355.17
13420.10
1461.98
1384.97
1375.91
1369.00
1368.05
1369.00
1362.09
1358.03
13458.97
1436.95
1375.20
1384.97
1363.04
1358.03
1381.16
1360.18
1354.93
13545.04
1394.99
1375.91
1373.05
1363.99
1369.95
1365.18
1359.94
13452.05
1446.96
1385.93
1379.97
1371.15
1366.14
1372.10
1369.00
1359.94
13485.19
1425.98
1376.87
1374.96
1371.15
1364.95
13558.86
1396.89
13451.10
1466.99
1389.98
1389.03
1373.05
1356.12
1373.05
1369.00
1365.90
13463.02
1441.96
1386.17
1394.99
1374.96
1365.18
1372.10
1371.86
1357.08
13553.14
1394.03
1411.91
1377.82
1371.86
1374.96
1363.99
1353.03
9484.05
1430.99
1371.15
1392.13
1372.10
1354.93
1377.82
1363.04
1356.12
1362.09
1353.03
1355.89
13548.85
1384.97
1384.02
1373.05
1364.23
1374.96
1364.95
1353.98
13451.10
1439.09
1378.06
1384.97
1370.91
1355.17
1385.93
1353.98
1362.09
13470.17
1423.12
1379.01
1381.87
1367.09
1367.09
17570.97
1395.94
1377.11
1375.91
1365.90
17475.84
1470.09
1389.98
1389.03
1368.05
1360.89
17493.01
1446.96
1382.11
1380.92
1373.05
1362.09
17590.05
1406.19
1369.95
1378.06
1364.95
17482.04
1465.08
1383.07
1383.78
1369.00
1371.86
17534.02
1423.12
1376.15
1389.03
1364.95
1370.19
17585.04
1408.10
1381.16
1369.00
1358.03
21494.87
1459.12
1379.97
1379.01
6610.16
1406.19
1373.05
6508.11
1436.00
1369.95
2894.88
1398.09
1384.97
6470.92
1472.00
1379.01
1363.99
6508.11
1425.98
1395.94
1371.15
6600.14
1391.17
1377.11
6518.13
1415.01
1392.84
1374.01
6538.15
1401.90
1373.05
6519.08
1420.02
1393.08
1360.89
6556.99
1398.09
1380.21
6478.79
1466.99
1386.17
1370.19
6501.91
1420.97
8050.92
1461.03
1386.88
1370.91
6494.05
1414.06
1380.92
1374.01
6587.03
1392.13
1374.01
6507.87
1417.88
1383.07
1378.06
6590.13
1399.04
1369.00
5229.95
1453.88
1379.97
1389.03
1359.94
11641.03
1399.99
1374.01
6495.95
1434.09
1378.06
1360.18
6507.16
1424.07
1387.12
1369.00
6582.98
1397.13
1369.00
6507.87
1420.97
1388.07
1385.93
6571.05
1389.03
1374.96
6498.81
1435.04
1392.13
1363.04
6562.95
1396.18
1373.05
6469.96
1462.94
1394.99
1376.15
6525.04
1428.84
1375.91
1383.07
6576.06
1404.05
1389.03
6506.92
1420.97
1369.95
1379.97
6578.92
1392.84
1383.07
6500.96
1431.94
1374.01
7710.93
1436.95
1379.97
1369.00
6592.99
1387.12
1384.97
6503.82
1421.93
1374.96
1361.85
6577.01
1381.16
1377.11
6501.91
1425.98
1374.96
1367.09
21691.80
1415.97
1382.83
1405.95
1367.09
1369.00
1389.03
1373.05
13414.86
1491.07
1383.07
13469.93
1458.88
1386.88
1376.15
1367.09
1358.99
17512.08
1433.13
1380.92
1383.07
1366.14
1358.99
17571.93
1396.89
1392.84
1379.97
1373.77
13461.11
1455.07
1377.11
9466.17
1441.96
1370.91
13566.02
1410.96
1374.96
1384.02
1369.95
13400.08
1495.12
1377.11
13458.97
1446.01
1391.17
1379.01
1363.99
1369.95
1376.87
1363.99
1356.12
13540.03
1404.05
1383.07
1379.01
1363.04
1361.13
1368.05
1358.99
13386.96
1479.15
1389.03
1379.01
1369.00
1358.99
1367.09
1369.00
1353.98
13456.11
1440.05
1381.87
1379.01
1355.89
1359.94
1379.97
1353.03
1352.07
13527.15
1398.09
1370.91
1383.07
1359.94
1369.95
1372.10
1356.12
9435.18
1433.13
1377.11
1398.09
1371.15
1365.18
1375.91
1360.89
1369.95
1375.20
1353.98
1361.85
13478.99
1418.83
1369.95
1376.15
1358.99
1359.94
1374.96
1357.08
1360.89
13545.04
1386.17
1388.07
1374.01
1362.09
18163.92
1470.09
1388.07
1396.18
6587.03
1413.82
1379.97
6508.11
1425.98
1395.94
1370.19
6579.16
1405.00
1378.06
5283.83
1460.08
1379.01
1375.91
1369.00
6567.96
1390.22
1363.99
6474.97
1452.92
1384.02
1367.09
6517.17
1424.07
1364.95
1379.01
6587.03
1400.95
1380.92
6512.88
1410.96
1366.14
1373.05
6594.90
1405.95
1373.05
6409.17
1425.98
1379.97
1382.83
6511.93
1420.97
1376.15
1364.95
6579.88
1394.99
1381.87
6508.11
1429.80
1384.97
1372.81
6586.07
1378.06
1393.08
6500.96
1433.13
1377.11
1363.04
6574.87
1399.99
3368.14
1415.01
1379.97
1361.13
11660.10
1396.89
1377.82
6500.01
1438.86
1377.82
1369.00
6580.83
1379.01
1384.02
6496.91
1446.96
1385.93
1379.01
6569.15
1391.17
1391.89
6479.98
1454.83
1378.06
1383.07
6503.11
1430.99
1374.96
1370.91
6590.13
1379.01
1379.01
6505.97
1429.08
1385.93
1365.90
6571.05
1379.01
1385.21
6500.96
1429.08
1374.01
1366.14
6508.11
1399.99
1392.84
1378.06
6564.14
1392.13
1379.01
6504.06
1420.02
8334.16
1434.09
1374.96
1369.95
6510.02
1413.11
1386.88
1373.05
6585.84
1389.98
1370.91
5227.80
1441.00
1380.92
1380.92
1363.04
6592.99
1384.02
1369.00
11591.20
1433.13
1372.10
1369.00
6572.01
1393.80
1378.06
6503.11
1438.14
1376.15
1363.04
6543.87
