971.08
963.93
953.91
961.78
952.01
947.00
949.86
964.88
974.89
970.84
976.09
25042.06
1034.98
1014.95
1001.83
986.81
982.05
979.90
988.01
995.87
974.89
974.18
977.99
998.97
1041.89
963.93
963.93
17019.03
1013.99
967.98
952.96
962.02
960.11
948.19
942.95
941.99
996.11
1006.13
1005.89
1006.84
1004.93
1007.08
1003.03
17028.09
999.21
952.96
944.85
956.06
957.97
955.10
962.02
955.82
959.87
967.98
957.97
962.97
980.14
947.00
951.05
953.91
17106.06
1025.92
1012.09
1003.98
949.86
988.01
983.00
990.87
964.16
916.96
948.91
947.95
953.91
964.88
945.09
952.96
16996.86
1057.86
1026.87
1021.86
1029.97
1019.95
1019.00
1018.05
1014.95
1003.03
1014.95
1018.05
992.06
976.09
963.93
957.01
17047.88
1082.90
1066.21
1050.95
1073.84
1060.96
1052.14
1050.00
1053.09
1050.00
1051.90
25086.88
1048.09
997.07
984.91
984.91
988.01
979.90
979.90
967.03
967.98
977.04
974.89
965.83
962.97
960.11
960.11
960.11
18337.01
1001.12
972.99
985.86
980.85
971.08
975.13
964.16
959.87
959.87
963.21
956.06
957.97
962.97
958.92
17089.84
998.97
985.15
983.95
958.92
957.97
952.01
947.95
973.94
955.10
972.99
1021.86
964.88
960.11
953.91
951.05
964.16
1061.92
1060.96
1075.03
1075.98
1066.92
1068.12
1072.88
1076.94
1074.08
1083.14
1038.07
972.99
977.04
976.09
988.96
997.07
995.16
988.01
992.06
992.77
1001.83
1004.93
998.02
977.04
993.97
987.05
990.87
1002.79
979.90
1001.12
993.01
993.97
983.00
994.21
993.01
983.95
985.86
981.81
983.95
981.09
974.18
973.94
967.03
977.99
969.17
967.98
964.88
952.01
937.94
943.18
942.95
957.97
961.07
958.20
968.93
988.96
978.95
985.86
978.95
967.03
959.87
964.88
966.07
981.09
971.08
968.22
979.90
976.80
977.04
981.09
976.09
973.94
985.86
985.86
978.95
978.95
981.81
970.84
968.93
967.03
990.87
968.93
970.13
969.17
17076.02
990.15
970.13
965.83
977.04
1008.99
1005.89
1002.07
1025.20
1004.93
1010.18
1008.03
1016.14
1011.13
1011.85
1010.89
17051.22
962.97
953.91
953.20
1025.92
1040.22
1029.01
1027.11
1024.96
1024.96
1013.04
1030.92
1018.05
1008.99
1002.07
25034.90
1054.05
1011.13
1000.88
1008.03
1012.09
1000.88
1005.89
1006.84
995.87
997.07
988.01
978.95
991.11
997.07
1005.17
17031.91
1039.98
998.97
999.93
1005.17
988.01
987.05
983.00
985.86
983.00
986.10
985.15
972.03
961.07
976.09
993.01
17021.89
1035.93
981.09
976.09
978.95
968.93
967.98
970.84
974.18
972.99
968.93
967.98
968.93
975.13
978.95
988.96
992.06
999.93
990.15
989.91
1003.03
998.97
996.11
994.21
1004.93
998.02
998.02
1006.13
999.93
1001.83
994.92
988.01
998.97
1002.07
992.06
998.97
996.11
967.03
1005.17
1005.89
998.97
1006.13
1001.12
998.97
993.01
1001.83
1002.07
999.93
998.97
1008.03
992.06
987.05
983.95
980.85
970.84
962.02
957.01
955.82
943.90
944.14
942.95
939.85
941.99
951.05
945.09
954.15
952.01
951.05
954.15
956.06
952.96
951.05
948.91
955.10
1002.07
1014.95
1016.14
1019.00
1021.15
1014.95
1017.81
1016.86
1019.00
1025.92
1021.86
1003.98
1003.03
1007.08
1010.89
1014.95
1007.08
1008.99
1009.94
1009.94
1009.94
879.05
915.05
941.04
952.01
970.84
967.98
972.99
989.91
964.16
973.94
969.89
980.85
980.14
962.02
962.97
972.99
962.97
966.07
962.97
17012.12
999.93
975.85
967.03
972.03
969.17
967.03
967.03
977.99
966.07
967.03
965.12
13004.06
1030.92
988.01
975.85
983.95
976.09
976.09
977.99
25009.87
1040.94
1001.83
998.97
993.01
990.15
984.91
979.90
973.94
936.03
947.00
946.04
948.91
25108.81
1021.86
1005.89
1004.93
950.10
952.01
955.10
947.00
958.92
950.10
952.96
947.95
25063.99
964.88
960.83
952.96
961.07
956.06
950.81
947.00
954.15
953.91
944.85
941.04
24989.13
1042.13
996.11
992.06
994.92
978.95
983.00
979.90
964.88
949.86
957.01
958.92
25000.10
1097.92
1051.19
1044.99
1024.01
950.10
955.10
955.10
16994.00
1114.85
1070.98
1059.06
1056.91
1059.06
1069.07
1066.92
1067.88
1067.88
1062.87
1062.87
1068.12
1065.97
1065.02
17091.04
1060.01
1008.03
998.97
994.92
993.97
994.92
989.91
1000.17
1066.92
1075.03
1067.88
1067.16
1065.97
1065.02
1065.97
17121.08
1039.03
1034.02
1038.07
1029.97
1024.96
1029.97
1034.02
1019.95
1030.92
1022.10
1029.01
995.16
999.93
1000.88
13030.05
1041.89
995.16
993.01
1006.84
990.87
991.82
998.97
1000.88
1029.97
1028.06
1030.21
1051.90
1039.03
1049.04
1044.03
17090.80
974.89
962.97
958.92
962.97
954.15
957.01
964.16
972.03
960.11
958.92
949.86
950.81
984.91
973.94
972.99
17004.97
1065.02
1017.81
1005.89
1000.88
965.83
969.89
967.98
983.95
981.09
971.08
971.79
969.89
978.95
969.17
968.93
970.84
17075.06
1008.03
994.92
1002.79
1001.83
995.87
998.02
998.97
973.94
973.94
977.99
979.90
13087.99
1018.05
1020.91
1022.10
1019.00
1017.81
1016.86
1021.86
1019.95
1019.00
1005.89
25058.98
1074.08
1039.98
1025.92
1036.88
1028.06
1022.82
1024.01
1035.93
1010.89
1015.19
1019.95
21109.82
1005.89
983.95
983.00
993.97
977.04
981.09
975.13
993.01
986.10
982.05
979.19
17077.92
988.01
980.14
980.85
988.96
982.05
981.09
980.14
986.10
980.14
979.90
977.99
983.00
985.86
983.95
977.99
17062.90
991.11
987.05
982.05
986.81
978.95
983.95
983.00
987.05
983.00
983.95
979.90
983.00
987.05
988.96
983.95
17014.03
1028.78
993.97
987.05
986.81
986.81
981.81
983.00
993.01
986.81
983.95
983.95
993.01
977.04
977.04
983.00
17020.94
1024.96
988.01
990.87
986.81
989.91
998.97
984.91
998.97
988.96
983.00
982.05
986.10
990.15
990.87
993.97
17012.12
1039.98
995.87
995.16
997.07
996.11
988.96
990.87
998.97
998.02
988.96
991.82
998.02
990.87
991.82
988.01
17013.07
1045.23
1003.98
1006.13
998.02
1005.17
994.92
1001.83
1003.03
1003.03
996.11
996.11
998.97
999.93
998.97
998.97
17033.10
1036.17
1003.98
998.97
998.97
1000.17
1001.12
999.93
997.78
1000.88
990.87
988.01
993.97
995.87
986.81
991.82
17024.04
1026.15
992.06
998.97
998.02
1002.79
999.93
987.05
1001.12
994.21
992.06
996.11
25038.00
1061.92
1003.98
1001.83
1007.80
997.07
993.01
986.10
995.16
990.87
989.91
994.92
25058.98
1112.22
1096.01
1080.04
1088.14
1086.95
1081.94
1062.15
988.96
981.09
988.01
25021.79
1080.04
1019.00
1010.18
1008.03
988.96
983.00
972.99
980.85
973.94
965.12
962.02
24994.13
1059.06
1003.98
999.93
1003.98
1001.83
1000.88
996.83
999.93
998.97
995.87
1000.88
25031.81
1056.91
1014.95
996.11
997.07
1002.07
993.97
993.01
1003.98
993.01
993.97
994.92
21047.12
1038.07
1003.03
988.01
995.16
989.91
989.91
988.96
977.04
957.97
945.81
952.96
959.16
951.05
962.02
954.87
961.78
17061.00
987.05
988.01
977.04
988.96
982.05
977.99
967.98
977.99
957.01
954.15
967.03
967.98
1016.86
1026.87
1028.06
17159.94
1075.03
1055.00
1043.08
1005.89
1007.80
999.93
1006.84
998.97
998.97
996.11
1003.03
998.02
999.93
996.11
17040.01
1111.03
1079.08
1067.88
1076.94
1068.12
1073.12
1068.12
978.95
945.81
947.00
947.00
955.82
954.87
952.01
946.04
17001.15
1017.09
982.05
979.19
981.09
973.94
972.99
973.94
974.89
978.95
971.08
976.09
966.07
985.15
983.95
979.90
17033.10
1087.19
1021.86
1029.97
1008.99
980.85
976.80
968.93
979.90
975.13
970.13
978.95
978.95
972.99
974.89
979.90
17007.11
1012.09
961.07
957.01
948.91
956.77
957.01
960.11
956.06
1018.05
1048.09
1055.00
1051.90
1049.04
1044.99
1045.94
29078.01
1060.01
1022.10
1016.14
1013.99
1013.99
1013.99
1012.09
994.92
949.86
943.90
946.04
24993.18
1057.15
996.11
993.01
980.14
971.08
983.95
975.85
977.99
993.97
981.81
975.85
24999.86
1010.89
969.89
959.87
964.16
962.02
961.07
961.07
957.97
968.22
959.87
957.01
962.02
25060.89
962.02
950.81
947.00
957.97
950.81
951.05
943.90
943.90
948.19
943.90
944.85
24978.88
998.97
962.02
951.05
953.91
951.05
952.01
947.95
948.91
1008.99
1006.84
999.93
995.16
25094.99
1001.83
1001.83
1003.98
1070.02
1081.94
1082.90
1086.95
1082.90
1082.90
1085.04
29108.05
990.87
977.99
975.13
975.13
969.89
970.84
972.99
960.11
997.07
998.97
1014.95
1019.00
1011.85
1009.94
1008.03
17103.91
991.11
981.09
977.04
978.95
972.99
967.98
965.12
977.99
972.03
972.03
965.83
981.09
1029.97
1027.11
1022.10
17085.08
962.02
946.04
949.86
953.91
988.01
997.07
994.92
1003.98
993.97
993.97
993.01
995.16
990.15
993.01
990.15
17033.10
990.15
955.10
948.91
947.95
943.90
947.95
945.09
949.14
1061.92
1050.00
1060.01
1058.10
1054.05
1053.81
1050.95
17109.16
1007.08
1003.98
1001.83
999.93
998.02
998.02
993.01
1003.98
996.83
993.97
996.11
1010.18
999.93
993.97
992.06
17058.13
979.19
967.98
965.12
966.07
977.99
964.88
969.17
973.94
970.84
964.88
953.91
959.87
958.20
956.06
956.06
16992.09
1086.95
1046.90
1045.23
1055.00
1049.04
1051.19
1049.04
1012.09
998.97
998.97
991.11
1003.98
995.16
992.06
991.11
13114.93
1050.95
1037.12
1034.02
1038.07
1031.16
1035.93
1030.92
970.13
988.01
979.90
978.95
25146.01
1069.78
1051.90
1041.89
969.89
975.13
971.08
975.13
976.09
978.95
973.94
24991.99
998.97
952.01
944.85
950.81
953.91
944.85
948.19
955.10
953.91
953.91
949.14
945.09
25050.88
967.98
957.97
952.01
959.87
953.91
952.01
948.91
958.20
950.10
947.00
943.90
24973.87
997.07
952.01
947.00
941.99
953.91
945.81
943.90
946.04
983.95
991.11
988.96
986.81
993.97
981.09
977.04
973.94
983.00
974.89
969.89
970.13
957.01
962.97
957.01
957.97
956.06
953.91
952.01
952.01
952.96
948.91
952.01
951.05
957.97
958.92
951.05
949.14
947.95
957.01
947.00
946.04
942.95
957.97
936.99
947.00
943.90
944.14
1018.05
1013.99
1026.87
1020.91
1016.14
1015.19
1018.05
1013.99
1011.85
1011.85
1008.99
998.02
1010.18
1002.07
1003.03
998.97
1003.98
1003.03
998.97
993.97
996.11
983.00
983.00
969.89
939.85
943.90
946.04
952.01
943.90
941.04
948.91
946.04
945.81
953.91
944.85
948.91
977.99
967.03
979.90
976.80
988.96
986.10
981.09
986.10
991.11
982.05
987.05
984.19
987.05
987.05
976.09
980.14
981.09
972.99
970.13
964.16
964.88
960.83
957.01
957.97
957.97
976.80
977.04
962.02
970.13
970.13
962.97
959.87
958.92
955.10
955.10
948.91
947.95
17163.99
1086.95
1088.14
1047.13
1004.93
993.01
1003.98
1010.18
996.11
993.97
1006.84
1003.98
999.93
1000.17
989.91
17044.07
1060.01
1017.09
1017.09
1010.18
992.06
981.09
987.05
996.11
987.05
977.04
982.05
977.99
985.86
980.85
979.90
17032.86
1072.17
1038.07
1022.10
1003.03
956.06
962.97
960.11
962.97
963.93
957.97
960.83
964.88
963.93
957.01
966.07
16982.79
1051.90
1000.88
997.07
996.83
947.95
949.14
950.10
953.91
958.92
950.10
950.10
948.19
953.91
951.05
955.10
952.01
17071.01
1056.19
1029.97
1027.11
1001.12
949.14
947.00
943.18
956.06
952.01
944.14
940.08
945.09
941.04
947.00
951.05
16980.89
1101.02
1069.07
1063.11
1013.04
971.08
965.12
967.98
967.03
967.98
961.07
957.01
962.02
961.07
951.05
954.15
951.05
17067.91
988.96
977.04
974.18
966.07
960.11
955.10
952.96
952.01
947.95
948.91
948.19
948.91
944.85
944.85
941.99
17001.87
1055.00
1001.12
1001.12
984.91
946.04
947.00
950.10
948.19
943.90
946.04
948.91
951.05
1017.09
1018.05
976.09
17023.09
1086.95
1059.06
1041.89
1050.00
1055.00
1067.88
1056.91
1060.96
1055.96
1054.05
1055.00
1003.98
962.02
968.93
964.16
13077.97
1019.95
1001.12
1003.98
1009.94
993.97
993.01
988.96
1000.88
992.06
993.01
983.95
991.82
983.00
983.95
979.90
17076.02
989.91
987.77
977.99
990.15
983.95
981.81
977.99
977.99
968.93
977.04
973.94
978.95
974.89
971.79
971.08
17049.07
1002.07
983.95
977.04
977.99
972.99
970.84
968.93
982.05
977.99
977.04
975.13
977.04
976.09
972.03
985.15
17013.07
1022.10
993.97
983.95
993.01
983.95
982.05
986.10
985.15
985.86
977.99
986.10
25017.98
1041.89
986.10
979.19
977.04
981.09
976.09
972.03
979.19
967.03
974.89
977.99
24997.95
1060.01
1024.01
1005.89
1014.95
1002.07
1002.07
1002.07
997.07
964.16
967.98
962.97
24991.04
1125.10
1086.95
1086.00
1034.02
1008.99
1013.04
1009.94
1011.13
1011.13
1008.03
1003.03
25078.06
1036.17
1006.84
1008.03
1017.09
1008.03
1009.94
1006.84
1008.99
1002.07
1005.17
998.97
25087.12
1024.01
1002.07
999.93
1008.99
996.83
1001.83
998.97
1004.93
998.02
997.07
1003.03
29106.14
1037.12
1013.99
1015.19
1019.95
1008.99
1015.90
1009.94
1020.19
1007.08
1009.94
25046.83
1085.04
1053.09
1043.08
1016.14
1019.95
1016.14
1018.05
1029.01
1017.81
1019.95
1018.05
25106.91
1018.05
1007.08
1000.17
1007.08
998.97
1001.83
993.97
1002.07
994.21
979.90
980.85
25090.93
1016.14
993.97
998.97
1001.12
992.06
998.02
990.15
995.87
984.91
976.80
974.89
25089.98
1038.07
1022.10
1012.09
1022.10
1009.94
1011.85
1016.86
999.93
1031.16
1024.96
1031.16
25084.02
1002.07
997.07
993.97
1007.08
1007.08
1008.03
1006.13
1007.08
1003.03
993.01
25020.84
1061.92
1013.99
1008.03
1015.90
1011.85
1007.08
1008.03
1013.04
1011.13
1003.03
998.02
25047.06
1049.04
1010.89
1007.80
1009.94
1005.17
1002.07
999.93
1010.89
997.78
997.07
992.06
13075.11
1101.97
1065.97
1068.12
1074.08
1068.12
1066.92
1060.01
956.06
955.10
962.02
953.91
25094.99
1006.84
1001.83
1004.93
950.10
951.05
949.14
947.95
950.81
943.90
949.86
942.95
25056.12
1001.12
991.11
978.95
994.92
987.05
983.95
977.04
981.09
965.12
967.98
966.07
25041.82
1021.86
1003.03
998.97
1007.08
1000.17
1003.03
993.01
1010.89
994.92
1002.07
998.02
25090.93
998.97
991.82
985.86
997.07
982.05
987.05
988.01
996.83
1025.92
1033.78
1026.87
25091.89
974.18
967.03
970.13
968.93
983.00
988.96
989.20
991.11
988.96
986.10
984.19
25079.97
991.82
986.81
980.85
990.87
982.05
978.95
978.95
985.15
982.05
983.95
984.91
25086.16
1049.04
1033.07
1015.90
1030.21
1024.96
1019.00
1019.00
1014.95
1013.99
1010.89
1013.04
41088.10
998.02
996.11
1001.12
988.01
993.97
994.92
999.93
1006.13
993.01
1002.07
994.92
25074.96
1003.03
996.11
988.96
989.91
998.02
996.83
987.05
968.93
973.94
973.94
968.93
11320.11
1038.07
971.08
977.04
978.95
981.09
989.91
975.85
992.06
25012.97
1007.08
968.22
957.01
952.01
948.91
952.01
953.91
959.16
961.07
954.15
962.02
961.07
25093.08
992.06
975.13
976.09
977.04
970.13
972.03
968.22
952.96
944.14
957.97
958.92
967.03
971.79
973.94
976.09
17014.03
1010.89
977.99
972.99
977.04
970.84
973.94
974.18
983.00
974.18
976.09
978.95
962.97
989.91
1003.03
1003.03
17039.06
1089.10
1060.01
1042.84
1020.19
984.91
978.95
976.09
984.91
977.99
977.99
973.94
973.94
968.93
967.03
977.99
16994.95
1049.04
1009.94
995.87
992.77
972.03
981.09
982.05
983.00
982.05
980.85
977.99
986.10
981.09
983.00
976.09
17014.03
1029.01
982.05
974.89
977.04
967.03
962.97
958.92
952.01
999.93
1032.83
1032.83
1021.86
1025.92
1020.19
1024.01
17053.13
1037.12
997.78
994.92
981.81
978.95
974.18
968.93
967.03
964.88
963.21
957.01
952.96
1042.84
1045.94
1039.98
17055.03
1034.02
996.83
986.81
993.01
977.99
968.93
962.97
957.01
966.07
952.01
952.96
948.91
958.92
947.00
947.95
955.82
17074.82
1029.01
1013.99
1016.14
1020.91
1019.00
1014.95
1014.95
977.99
954.87
955.82
952.01
25062.08
990.15
973.94
967.98
982.05
961.07
962.02
959.87
962.02
956.06
947.95
946.04
24985.79
999.93
959.16
955.10
962.97
949.14
951.05
940.08
954.15
955.10
967.03
960.11
970.13
25080.92
998.97
986.10
993.01
995.87
994.92
984.19
991.11
1000.88
988.01
987.05
991.11
25062.08
965.12
960.11
966.07
971.08
963.93
966.79
959.87
1019.95
1008.99
1002.79
1003.98
25063.99
969.89
954.87
952.01
987.05
1002.07
996.11
1003.98
1002.07
995.16
998.97
998.02
25085.93
1029.01
1008.99
1011.13
1015.19
1007.08
1003.03
1007.08
1012.09
998.02
1002.79
995.87
17052.89
986.81
984.91
978.95
983.95
978.95
980.14
981.09
981.09
983.00
977.99
983.00
981.09
966.07
962.02
955.82
17077.92
1015.90
1018.05
1008.03
980.85
994.92
992.06
997.07
1001.12
983.00
993.01
997.07
998.97
997.78
989.91
990.87
17105.10
1013.99
999.93
1005.89
1008.99
1010.89
1001.83
1008.03
967.03
975.13
987.05
985.15
993.97
989.91
986.10
985.15
17127.99
1025.20
1029.01
1024.01
1020.19
1012.09
1019.00
1019.00
1018.05
1009.94
1017.81
1006.84
990.87
993.01
991.11
17019.03
1047.13
993.97
983.00
996.11
1013.99
1011.13
1013.04
1013.99
1010.89
1004.22
1018.05
1008.99
1013.99
1003.98
1002.07
13044.12
1024.01
979.90
975.13
966.07
1001.12
993.01
977.99
988.01
984.91
973.94
977.99
25019.88
1083.85
1045.94
1034.98
1039.98
1034.02
1034.02
1029.97
1041.17
1031.88
1034.98
1029.97
25112.87
1029.01
1019.00
1011.85
1020.91
1020.19
1013.04
1023.05
1019.00
1013.04
1019.00
25038.96
1054.05
1007.08
992.06
1002.07
1000.17
997.07
989.91
998.02
1008.03
1019.00
1003.03
25041.82
1029.97
981.81
982.05
967.03
971.08
974.18
979.90
988.96
989.91
987.05
988.01
25011.06
1077.89
1031.88
1020.19
1020.91
1024.96
1020.19
1019.95
1035.21
1024.01
1018.05
1019.00
25063.04
1022.10
986.10
985.15
986.10
984.91
980.85
980.85
985.86
984.91
980.14
983.95
29035.81
1113.89
1076.94
1064.06
1033.07
1041.17
1035.93
1034.98
1041.17
1035.93
1034.98
1033.07
1035.93
1031.88
1029.01
17058.85
1049.04
997.07
988.01
989.91
980.14
977.99
973.22
982.05
978.95
976.80
978.95
21006.11
1078.13
1029.97
1024.01
1024.96
1024.96
1018.05
1020.91
1007.08
981.09
985.15
986.10
990.87
994.92
988.01
988.01
17025.95
1044.99
1001.12
1003.03
1013.04
1003.98
1008.99
1004.22
1018.05
1015.90
1009.94
1009.94
1022.10
1016.14
1010.89
1016.86
29104.95
1021.15
1003.98
1002.79
1010.89
1000.88
993.01
998.97
998.02
985.86
983.00
978.95
25075.91
1007.08
989.91
987.05
994.92
988.01
987.05
982.05
991.11
976.09
983.00
982.05
25080.20
1008.03
990.15
988.01
989.91
985.15
982.05
977.99
984.19
982.05
977.99
972.99
979.90
973.94
972.99
971.79
17005.92
1014.95
980.14
973.94
983.95
977.04
974.18
976.09
986.10
986.10
978.95
978.95
984.19
979.90
983.95
982.05
17013.07
1035.93
998.02
993.97
995.87
993.01
988.01
988.01
985.86
980.85
978.95
983.95
977.99
989.91
984.91
978.95
986.10
983.95
989.91
977.04
980.85
969.89
965.83
969.89
971.79
1013.04
1043.08
1041.89
1039.98
1035.93
1035.93
1031.88
1038.07
1037.84
1037.84
1034.02
1011.85
953.91
958.92
951.05
972.03
957.97
959.16
961.07
16973.02
1129.15
1090.05
1085.04
1095.06
1086.00
1086.95
1086.00
996.11
992.06
994.21
1004.93
996.83
1001.83
1000.88
1003.03
17180.92
1090.05
1089.10
1093.15
1086.00
1087.19
1085.04
1050.00
1021.86
1019.95
1019.95
1026.87
1019.00
1019.00
1016.14
13116.12
1034.02
1012.80
1018.05
1017.09
1013.99
1017.09
1013.04
1019.00
1023.05
1017.09
1015.90
25053.02
966.07
961.07
958.92
958.92
964.88
962.02
963.93
964.16
966.07
968.93
973.94
25098.09
1019.95
1005.89
1003.98
1013.04
998.97
998.02
998.97
983.00
1030.92
1032.83
1027.82
1036.88
1030.92
1028.06
17063.14
1051.19
1003.98
993.01
993.97
990.15
984.91
983.00
985.15
1019.00
1019.95
1023.05
1025.92
1021.86
1026.87
1027.11
17058.13
1007.08
964.16
960.11
958.92
953.20
952.96
954.15
954.15
1043.08
1056.91
1055.00
1054.05
1053.09
1050.00
1044.03
1054.05
1050.95
1058.82
1046.90
1013.99
945.09
947.00
941.99
955.10
944.14
942.95
940.80
954.87
944.85
952.96
950.10
950.10
962.02
979.90
981.09
987.05
996.11
983.00
983.00
978.95
1001.83
982.05
994.92
983.95
17117.02
1034.02
1012.09
1018.05
968.93
977.99
980.14
988.01
999.21
984.91
986.81
991.82
1002.07
988.01
987.05
993.01
17150.88
1066.92
1058.10
1039.03
951.05
955.82
957.01
960.11
967.03
963.93
958.92
967.98
982.05
966.07
968.93
972.99
25125.03
1034.02
1018.05
1019.95
1021.15
1019.00
1013.04
1022.10
1017.09
1016.14
1014.95
25052.79
1015.90
962.97
957.97
959.87
959.87
958.92
954.15
960.11
971.08
958.92
962.02
965.12
29104.95
1030.92
1012.09
1013.99
1017.81
1014.95
1020.19
1008.03
1003.98
1004.93
1003.98
1008.99
1005.17
1002.07
1003.98
17036.20
1038.07
980.14
977.04
977.99
978.95
970.84
974.89
991.11
1012.09
1007.08
1008.03
1017.81
1000.88
998.02
1004.93
17018.80
1022.10
978.95
972.99
983.95
983.95
983.00
979.90
986.10
988.01
977.04
982.05
983.00
990.87
982.05
980.85
971.79
17104.86
1015.90
1013.99
1010.89
974.89
991.11
1002.07
1003.98
1005.89
1007.08
1002.07
1012.09
1013.99
1013.99
1008.99
17044.07
1064.78
1036.88
1020.91
1036.17
1023.05
1010.18
1019.00
993.01
970.13
981.09
986.10
991.11
992.06
996.11
998.02
17033.10
1023.05
983.95
987.05
988.96
979.19
980.14
982.05
982.05
982.05
977.99
979.90
966.79
1018.05
1034.02
1039.98
1039.98
1054.05
1050.95
1040.94
17126.08
1041.89
1021.86
1021.86
1029.01
1008.99
1014.95
1007.08
1014.95
1006.13
1004.93
994.92
954.87
988.96
999.93
1003.98
13119.94
1013.04
1000.88
1006.84
1014.95
1005.17
1008.99
998.97
1009.94
998.97
998.02
998.97
25104.05
1033.07
1019.00
1029.01
1019.95
1017.09
1013.04
1016.86
1004.93
1008.03
1003.03
25035.86
1045.94
1004.93
1004.93
1007.80
1002.79
1002.07
993.97
1002.07
990.15
989.91
986.81
25037.05
1055.96
1019.00
1006.13
1003.03
998.97
992.06
993.97
992.06
989.91
982.05
978.95
25027.99
1026.87
993.97
996.11
973.94
1005.89
993.97
998.02
987.05
982.05
986.10
977.04
25009.87
995.87
957.01
952.01
955.10
950.10
959.87
952.01
965.12
965.12
962.97
961.07
971.08
29063.22
982.05
971.08
971.08
992.06
987.05
979.90
970.13
971.08
970.13
962.97
959.87
973.94
964.16
962.02
966.07
17070.06
990.15
982.05
982.05
986.81
982.05
972.99
982.05
977.04
996.83
998.02
1004.93
1027.82
1014.95
1015.19
1010.89
17090.08
982.05
967.98
971.79
985.86
977.99
977.99
986.10
986.10
982.05
988.01
985.86
990.87
1051.90
1059.06
1053.81
17129.90
1029.97
1022.10
1013.99
977.04
952.96
952.01
952.96
964.88
957.97
957.97
958.92
975.13
966.07
962.97
961.78
17041.92
1045.94
1012.09
1011.13
1017.09
1003.03
1001.12
995.16
961.07
958.92
959.87
969.89
973.94
976.09
975.13
972.99
17023.80
1023.05
988.96
985.15
984.91
983.95
979.19
988.01
982.05
986.81
980.85
988.96
967.03
1005.17
1008.99
1011.13
17065.05
1020.19
974.89
969.89
963.93
985.15
1023.05
1008.03
1010.18
1005.89
1003.98
1003.98
1008.03
1003.98
1000.17
1003.03
17038.11
1022.10
970.13
972.99
975.13
975.13
970.13
974.89
973.94
1046.18
1043.08
1054.05
1050.95
1050.00
1050.00
1051.19
17138.00
1010.18
1003.98
991.11
993.97
987.05
979.90
968.22
977.04
967.98
966.07
961.78
1007.08
1091.00
1087.90
1081.94
25084.02
1012.09
999.93
1000.88
1004.93
992.06
991.11
993.97
1004.93
995.87
991.11
987.05
25075.20
998.02
983.95
992.06
984.91
985.86
982.05
979.90
985.86
974.89
979.90
974.18
25080.92
988.96
975.13
978.95
984.19
980.85
977.04
973.94
988.01
1009.94
1011.85
1024.01
25145.05
1058.10
1050.95
1041.89
994.92
986.10
983.95
990.87
978.95
977.04
975.13
24993.90
1092.91
1039.98
1033.07
1039.98
1031.16
1032.11
1030.92
1034.98
1032.11
1035.93
1029.97
1013.04
999.21
999.93
994.21
17072.92
1008.03
990.87
983.95
1012.09
1019.00
1023.05
1024.01
1022.10
1025.20
1019.95
1013.99
1025.92
1018.05
1020.91
1020.19
17062.90
965.83
957.01
954.15
966.07
954.87
952.96
953.20
952.96
960.11
957.01
951.05
951.05
952.96
950.10
955.10
16986.13
1038.07
988.01
993.97
993.97
988.01
988.96
982.05
993.01
984.91
983.00
986.10
981.09
981.09
993.01
997.07
17046.93
1044.03
996.83
999.93
983.00
1000.88
990.87
993.01
989.91
990.87
991.11
982.05
996.11
997.07
991.11
985.15
17030.00
1032.11
990.15
987.05
996.11
983.95
979.90
977.99
963.93
998.97
1003.98
998.97
1006.13
1005.89
1000.88
1000.88
17032.86
1025.92
986.10
975.13
977.04
975.13
977.04
976.09
975.13
982.05
971.08
975.13
973.94
962.97
969.17
958.92
955.82
17070.06
982.05
971.08
969.89
1013.99
1018.05
1018.05
1008.03
1013.99
1007.08
1013.04
25022.98
1042.13
982.05
981.09
983.00
971.08
972.03
973.94
974.89
983.00
977.99
978.95
976.09
25108.10
1008.03
997.07
997.07
1003.03
991.82
988.96
991.11
998.02
989.20
993.97
983.00
25084.97
985.15
975.13
973.94
979.90
977.04
972.03
974.89
1006.84
1003.03
999.93
995.87
25128.84
1049.04
1031.88
1015.90
973.94
982.05
984.91
997.07
997.07
997.78
987.05
25027.04
1007.08
967.03
958.92
952.96
958.92
955.10
945.09
957.97
964.88
964.88
965.12
962.02
11287.21
1008.03
1007.08
1000.17
997.07
998.02
1003.03
986.81
989.91
988.01
29054.88
968.93
964.16
971.08
977.04
972.03
969.89
977.99
25091.89
978.95
977.04
971.08
971.08
971.08
965.12
967.03
972.03
962.97
962.02
967.03
25076.87
995.87
982.05
985.86
990.87
984.91
983.00
994.92
999.21
997.07
984.91
998.02
25099.99
1025.20
1009.94
1003.03
1016.86
1008.99
1013.04
1008.03
1018.05
991.11
975.13
980.14
25125.03
1070.98
1058.82
1056.91
1000.88
1007.80
1001.83
1008.03
1008.03
1006.13
1008.03
25034.90
1055.96
1013.99
1004.93
1013.04
1004.93
1004.93
1005.17
1009.94
1009.94
1008.99
1003.98
25047.06
1039.03
1007.08
1005.17
1009.94
1007.80
1008.03
1008.99
999.93
977.04
972.03
967.98
974.89
963.21
962.02
961.07
17001.15
1055.00
1012.80
1009.94
1003.98
993.01
998.02
995.16
998.02
988.01
983.95
987.05
979.19
960.11
966.07
971.08
16999.01
1002.07
959.87
954.15
952.96
1013.04
1010.89
1024.01
1013.99
1017.09
1015.19
1012.09
1019.00
1010.18
1013.04
1013.99
17055.03
1003.98
964.88
961.07
965.12
957.97
956.06
953.91
954.87
1067.16
1054.05
1058.10
1060.96
1055.00
1056.91
1056.19
17087.94
1016.86
1001.83
990.87
1010.89
1001.83
994.92
1007.08
1003.03
1003.03
995.87
1000.88
9092.81
1008.03
988.96
993.97
5114.08
1044.99
1047.85
1044.03
9039.88
981.81
972.99
971.08
9043.93
957.01
956.06
952.96
17054.80
963.93
951.05
952.01
961.07
954.87
950.10
947.00
954.87
947.95
951.05
944.85
24994.13
1030.21
983.95
980.85
983.00
974.89
974.89
966.79
969.89
967.98
962.97
962.97
24996.04
1044.99
1013.04
998.97
1005.17
1002.07
997.07
994.92
977.99
1036.88
1039.03
1044.03
25073.05
999.93
960.11
957.97
950.81
976.09
972.03
967.03
969.17
962.97
969.89
968.22
24996.04
1022.10
983.00
980.85
990.87
983.95
986.10
983.95
983.00
983.00
983.00
982.05
982.05
25104.05
1022.82
1013.04
1017.09
1019.95
1013.04
1022.82
1012.09
947.00
952.96
948.91
954.15
955.10
959.87
951.05
956.06
17115.12
1023.05
1013.99
1010.89
1002.07
993.01
988.01
983.95
986.10
975.13
970.13
972.99
950.81
943.90
942.95
945.09
17107.01
1071.21
1061.92
1059.06
965.12
966.07
961.07
967.03
973.22
968.93
967.98
975.13
978.95
976.09
980.14
977.04
17104.15
1005.89
994.92
988.96
994.92
983.95
981.09
983.00
952.96
991.11
988.01
998.97
1018.05
1016.14
1004.93
1016.86
17112.97
1001.12
997.07
988.96
995.87
984.91
980.14
975.13
984.91
978.95
978.95
970.84
993.01
1057.15
1054.05
1050.95
17086.03
973.94
964.88
961.78
993.97
980.14
976.09
974.89
981.81
973.94
977.04
967.98
983.00
972.03
974.89
974.18
17076.02
1002.07
980.85
988.96
988.96
981.81
984.91
983.95
991.11
980.14
984.91
985.86
993.01
987.05
985.15
984.91
17055.99
1017.09
999.93
995.87
998.97
994.92
988.96
992.06
1003.03
993.01
993.01
992.06
25089.03
990.87
977.99
974.89
977.04
963.93
963.21
966.07
972.99
962.02
965.83
962.97
25022.98
1000.88
957.97
959.16
957.01
949.14
945.09
950.10
947.95
967.03
971.08
972.99
967.98
25076.87
980.85
968.22
964.88
1014.95
993.01
990.87
990.15
993.97
982.05
972.99
976.09
25122.17
1023.05
983.00
975.85
977.99
972.99
971.08
960.11
967.03
965.12
962.97
967.98
25089.98
1012.09
998.02
1005.89
1012.09
1009.94
1005.89
1003.03
1010.89
1003.98
1007.08
1008.99
25123.83
1044.03
1025.92
1036.88
1007.80
1006.84
1008.99
993.97
939.85
943.18
945.09
947.00
17058.13
995.16
988.01
984.19
1060.96
1070.98
1072.88
1072.88
1070.98
1069.07
1070.98
1075.03
1065.02
1072.17
1066.92
17107.96
1004.93
998.02
993.97
1008.03
999.93
998.97
1003.03
1050.00
1066.92
1067.16
1071.93
1071.93
1072.17
1068.12
17082.93
1043.80
1004.93
996.11
998.02
991.82
986.81
983.00
981.09
971.08
961.07
962.97
969.89
1029.01
1017.09
1015.90
17053.84
1039.03
1006.13
992.06
1013.04
971.08
963.93
962.02
964.88
962.97
970.13
972.03
972.99
979.90
977.99
974.89
17022.85
1044.99
1008.99
998.97
997.07
996.11
988.96
993.97
988.96
983.00
996.11
1002.07
1017.09
1002.07
1011.13
1005.89
17039.06
1035.93
1003.98
995.87
1004.93
991.11
993.01
992.77
998.97
987.05
993.97
988.01
986.10
1014.95
1030.92
1032.83
17118.93
1029.97
1008.03
1007.08
981.09
997.07
1003.03
996.11
1006.13
998.97
998.02
993.01
1006.13
1003.98
993.01
1000.88
17112.97
1024.96
1019.95
1012.09
1012.09
1012.09
998.02
1005.17
977.99
988.96
1006.13
998.02
1008.99
1008.03
997.78
1003.98
17107.01
1014.95
999.93
999.93
998.02
988.96
988.96
988.96
991.11
982.05
983.00
979.90
998.97
998.97
1000.88
996.11
13118.98
1045.94
1055.00
1047.85
1055.96
1055.00
1050.95
1053.09
1048.09
1048.09
1053.09
25134.09
1029.97
1016.14
1003.98
1001.12
998.02
991.82
984.91
987.05
975.85
974.89
967.03
25072.81
985.86
969.89
969.17
983.95
968.93
970.13
966.07
959.16
988.01
985.15
1001.12
25058.98
1011.85
988.01
979.90
969.89
983.00
985.86
975.85
984.91
976.80
979.90
978.95
25017.98
1024.01
983.00
981.81
983.95
978.95
978.95
974.18
981.09
979.90
972.99
978.95
25017.98
1016.14
967.03
959.87
954.15
959.16
947.95
952.96
951.05
957.01
950.81
954.87
952.01
37138.94
1040.94
1038.07
1029.97
1017.81
1016.86
1022.82
1039.98
1041.17
1035.93
1034.98
1044.99
1039.98
1039.03
1048.09
17102.00
1033.07
1013.04
1003.98
1004.93
1000.17
998.97
993.01
967.03
1037.12
1030.92
1047.85
1058.82
1058.82
1055.00
1063.11
17173.05
1096.01
1086.95
1093.86
1082.90
1089.10
1088.14
1088.14
1089.10
1086.00
1089.10
1019.00
1039.03
1047.13
17084.12
1043.08
998.97
978.95
981.09
1037.12
1039.03
1041.17
1045.94
1037.84
1033.07
1039.03
1044.03
1034.02
1039.03
1031.88
17104.86
998.97
991.11
981.09
988.01
981.09
973.94
974.89
1034.98
1091.00
1093.15
1103.16
1082.90
1086.95
1086.00
25093.79
1059.06
1020.91
1013.04
1019.00
1017.09
1010.89
1013.04
1009.94
1003.98
1001.12
1003.03
25108.10
994.92
977.04
977.04
983.95
976.80
972.99
977.99
984.91
974.18
972.03
977.99
25027.04
1034.98
992.06
991.11
1001.12
990.15
988.01
988.01
993.01
1060.01
1064.06
1060.01
25143.86
1051.90
1046.18
1028.06
968.93
968.93
962.97
963.93
980.85
969.89
972.03
980.85
25108.81
994.92
980.85
975.85
983.95
972.03
964.16
967.03
972.03
960.83
962.97
967.98
25086.88
1010.89
990.15
988.01
990.15
973.94
974.89
968.22
977.99
967.98
967.98
962.02
17009.02
1029.01
993.01
987.05
985.86
963.93
981.09
979.90
990.87
988.01
982.05
991.11
985.15
1029.97
1061.92
1074.08
13125.18
978.95
965.83
964.16
973.94
960.83
962.02
972.03
957.01
1003.03
989.91
1009.23
1008.99
1006.13
1007.08
1006.13
17053.13
1003.03
971.08
977.99
977.99
977.99
985.15
981.09
983.95
981.09
981.09
982.05
977.99
1003.03
993.01
1000.17
17050.98
1108.88
1078.84
1070.02
1024.96
973.94
970.13
966.07
973.94
961.78
961.07
961.07
970.13
969.89
974.89
974.18
17018.08
1028.06
988.96
984.91
983.00
978.95
977.04
972.99
965.12
1004.93
1003.03
1015.90
1022.82
1024.96
1018.05
1020.91
13063.19
1038.07
1004.93
989.91
991.11
984.19
993.01
985.15
989.91
1011.85
1019.00
1019.00
37113.19
1039.03
1017.09
1017.09
1024.01
1016.14
1013.04
1015.19
1018.05
983.95
967.98
967.98
25060.89
978.95
971.08
961.78
949.86
998.02
999.93
993.97
1002.07
1004.93
988.01
998.97
25084.97
976.09
952.96
952.96
962.97
955.82
949.14
952.96
961.07
957.01
957.01
954.15
24997.00
1013.99
953.91
957.97
956.06
947.00
946.04
945.09
947.95
952.01
944.85
951.05
946.04
25053.98
970.13
953.91
949.86
957.97
947.95
947.00
947.95
957.97
961.07
960.11
967.98
29021.02
1065.02
1014.95
1019.95
986.81
985.86
993.01
992.06
1003.03
1003.03
996.83
1001.83
25027.99
1024.01
991.82
992.06
1013.04
997.07
993.97
999.93
1013.99
995.87
993.97
993.01
25090.93
1014.95
995.87
989.91
1008.03
993.97
991.11
996.11
1009.94
993.01
1004.93
1000.17
25101.90
1011.85
994.92
996.83
998.97
1000.17
999.93
997.07
1023.05
998.97
994.92
990.87
25067.81
974.89
959.87
947.95
1013.99
1053.81
1059.06
1053.09
1067.88
1052.86
1057.86
25074.01
1054.05
1026.15
1013.04
1010.18
1009.94
997.78
997.07
992.06
992.06
985.15
982.05
33019.07
1055.96
1005.89
1000.88
988.01
977.99
967.98
967.03
967.98
969.17
966.07
960.11
24997.00
1044.99
1000.88
998.97
1006.13
993.97
995.16
995.87
998.02
999.93
998.02
993.97
25033.00
1046.90
993.01
991.11
992.06
990.15
987.05
978.95
982.05
981.09
977.99
976.09
25010.11
1043.80
987.05
972.03
981.09
968.93
967.03
969.89
969.17
1052.14
1033.07
1013.04
25038.00
1026.87
969.89
963.93
960.11
1000.17
993.97
986.10
986.10
987.05
976.09
968.93
967.98
25063.04
976.09
972.03
964.88
971.79
962.02
961.07
957.97
970.84
967.98
971.08
973.94
25107.86
998.02
990.15
978.95
980.14
972.03
966.79
969.89
948.19
988.96
1000.17
987.05
997.07
986.10
989.20
982.05
17105.82
1054.05
1035.93
1030.92
1041.17
1034.98
1029.01
1026.87
1038.07
1025.92
1030.92
1033.07
961.78
977.99
972.99
962.97
17097.95
1034.98
1010.18
1005.89
1018.05
1013.04
1008.03
1022.10
1008.99
1008.99
1011.13
1014.95
1011.85
1013.04
1010.89
17035.01
1081.94
1039.98
1024.01
1034.02
1016.86
1002.79
1000.88
989.20
1019.95
1029.01
1032.83
1042.84
1029.97
1029.01
1029.01
17133.00
1063.11
1050.95
1055.00
1046.90
1049.04
1044.99
1049.04
1052.14
1042.13
1044.99
1011.85
971.79
964.88
957.01
17005.92
997.07
947.95
955.82
947.00
970.13
967.98
969.17
963.93
965.83
967.03
960.11
962.02
972.99
972.99
979.90
973.94
17111.06
1005.89
998.02
1019.95
1013.99
1004.22
1003.03
1000.17
951.05
968.93
972.03
978.95
983.00
975.85
982.05
979.90
17106.06
1002.07
989.91
983.95
988.01
989.91
978.95
977.99
975.85
973.94
968.93
972.03
17059.09
977.99
968.93
964.16
971.08
957.01
957.97
957.01
951.05
951.05
956.77
956.06
958.92
958.92
957.01
960.83
16981.84
1051.90
1005.89
1007.80
1013.99
1011.13
1002.07
998.97
1003.98
1001.83
988.96
1001.12
13035.06
1031.88
990.87
989.91
993.01
995.87
988.96
991.11
988.96
1001.12
1008.03
1020.19
25047.06
1054.05
1005.17
1008.03
1013.99
953.91
955.10
960.11
962.02
967.03
963.93
975.13
