968.93
959.16
957.97
1068.12
1054.05
1067.16
25068.04
1017.09
972.99
969.89
974.18
1034.02
1047.13
1055.96
1062.87
1055.96
1040.94
1038.07
29108.05
1013.99
1001.83
1010.89
1006.84
1006.84
1000.88
1001.83
29568.91
968.22
961.07
957.97
959.87
964.88
971.08
25009.16
1014.95
995.87
988.96
983.00
985.86
983.95
975.13
25017.98
1009.94
981.09
967.03
951.05
972.99
957.97
961.07
24982.93
1015.90
969.89
973.22
963.93
965.12
961.07
969.17
960.83
25054.93
975.85
965.83
974.89
971.08
951.77
951.05
920.06
25081.16
1013.04
1011.13
993.01
1005.17
997.07
981.09
990.87
990.87
985.86
983.00
974.89
25079.97
993.01
969.89
966.79
970.84
958.92
962.02
964.88
963.93
964.16
972.03
971.79
25004.86
1008.99
982.05
977.04
965.83
965.83
985.86
978.95
967.98
982.05
963.93
970.84
24993.90
1018.05
969.89
963.93
971.08
962.97
967.03
951.05
960.11
978.95
988.96
991.11
993.01
25067.09
976.80
974.89
962.02
997.07
997.07
998.02
1015.90
1024.01
1014.95
1016.14
29057.03
1013.99
976.09
971.08
972.99
998.97
1008.99
1008.99
17034.05
1018.05
978.95
966.07
967.98
951.05
952.96
946.04
950.81
25073.05
1005.89
989.91
988.96
987.05
976.09
966.07
973.94
25049.92
976.09
974.18
965.83
973.94
981.81
964.88
964.88
25063.04
967.03
953.91
949.86
948.91
969.89
968.93
973.94
25043.01
983.00
962.02
957.01
968.93
962.02
961.07
976.09
17023.09
1050.00
996.83
980.85
1001.83
1042.84
1029.01
1038.07
1044.99
1034.98
1028.06
1033.07
25118.11
1045.94
1033.07
1037.12
1038.07
1029.97
1031.16
1032.11
999.93
999.21
998.02
25029.18
1039.98
995.87
993.01
993.97
991.11
992.06
992.06
995.16
988.01
988.01
997.07
25019.88
1040.94
995.87
996.83
993.01
998.97
988.96
1004.93
1057.86
980.14
980.14
977.04
25007.01
1030.92
995.16
975.13
978.95
993.01
974.89
972.99
991.11
979.90
962.02
972.03
970.13
25073.05
988.01
985.86
973.22
972.03
972.99
972.99
967.98
987.05
972.99
971.08
903.84
25095.94
984.91
965.12
962.02
969.17
976.09
980.14
988.01
987.05
984.19
974.89
972.99
25066.14
996.11
974.89
979.90
988.96
972.99
972.03
973.94
25052.07
1031.16
1008.99
998.02
992.06
965.12
962.02
972.99
25045.87
1016.86
1005.89
1003.03
1003.98
996.11
993.97
989.91
25096.89
1013.99
998.97
995.87
1005.89
994.21
990.87
994.92
25093.79
1010.89
996.83
1006.84
996.83
1019.00
1008.99
1008.03
25097.85
1019.00
1008.03
996.11
1003.03
989.91
990.15
993.01
25074.01
989.91
994.92
991.82
986.81
983.95
980.14
975.13
29042.96
968.22
957.97
957.01
965.83
965.83
952.96
952.01
25094.03
993.01
975.13
971.08
982.05
970.13
968.93
968.93
946.04
959.87
969.17
961.07
25054.93
983.95
961.07
979.19
957.01
989.91
997.07
993.01
998.02
984.91
990.87
984.19
25023.94
1040.94
1001.83
1007.80
1009.94
991.11
989.20
994.92
1016.14
1015.90
1003.98
981.09
25054.93
1028.06
1009.94
1013.99
1037.12
1028.06
1025.92
1009.94
1017.09
1008.03
1010.18
1009.94
25115.97
1044.99
2290.96
1016.14
1015.90
1016.14
993.97
1008.99
1000.88
1013.04
25054.93
1030.92
1002.07
978.95
964.88
1013.99
998.97
991.82
1004.93
1005.17
1008.99
1004.93
33051.01
1043.08
1007.08
987.05
996.11
994.92
1003.98
985.15
25044.92
1003.98
982.05
972.03
971.08
967.98
962.02
963.93
25002.00
1004.93
960.83
954.87
944.14
959.16
962.02
963.93
24989.84
1028.06
979.19
966.07
972.03
967.98
965.83
967.98
972.03
25048.02
977.99
976.09
966.07
965.12
960.11
962.97
963.93
25109.05
1008.03
983.95
993.01
957.97
942.95
946.04
947.00
25084.02
1019.00
994.92
992.06
993.01
973.94
976.80
974.89
25059.94
985.86
972.03
964.88
974.89
965.12
962.02
958.92
965.12
1006.13
998.97
993.01
25091.89
1016.14
1009.94
1006.84
1037.84
1001.83
1000.88
1008.99
1010.89
1003.03
990.87
1000.88
25116.92
1015.19
1003.98
1007.08
1013.99
1005.89
1004.93
1005.17
932.93
952.01
956.06
955.10
25089.98
1003.03
983.95
986.10
937.22
964.88
963.93
961.07
971.79
964.88
961.78
968.93
25048.02
980.14
972.99
960.83
969.89
962.02
959.87
955.82
959.87
960.83
954.87
958.92
24989.13
1044.03
998.02
989.91
977.99
974.89
967.98
964.88
968.93
969.17
967.98
962.97
967.03
41055.20
983.00
976.09
967.98
969.89
963.93
961.78
954.87
25048.97
972.99
953.91
954.15
962.97
949.86
948.19
950.10
25044.92
1005.89
1003.98
1000.88
989.91
957.01
952.01
950.10
25006.06
1013.99
979.90
985.86
988.96
980.14
984.91
979.90
25018.93
1014.95
983.95
976.09
985.15
981.09
972.99
972.99
17012.12
1003.98
972.99
968.93
970.84
967.98
955.10
962.97
955.10
1039.03
1055.96
1053.09
25094.99
1052.86
1011.85
1010.89
988.96
975.13
977.99
972.99
979.90
974.89
974.18
974.89
25012.97
1013.99
972.99
971.08
987.05
975.13
977.04
972.03
976.09
970.13
972.03
969.89
25023.94
1018.05
1160.14
993.01
980.14
1004.93
1008.99
997.07
1011.13
999.93
996.83
998.97
25045.16
1045.94
1005.89
1003.03
1003.98
1002.07
1001.83
1000.17
1012.09
1008.99
1009.94
1007.08
25071.86
1038.07
1008.03
1011.13
1019.00
1008.03
1013.99
1004.93
983.95
991.11
993.01
986.81
25095.94
1034.98
1023.05
1003.98
975.13
952.01
959.87
954.15
972.99
962.97
957.97
964.16
25051.12
982.05
961.07
957.01
962.97
988.96
993.97
988.96
25032.04
1009.94
962.97
957.01
965.12
956.06
955.10
957.97
24982.93
1008.03
965.12
963.93
965.83
970.84
960.83
962.02
24968.15
1041.89
970.84
964.88
959.87
958.92
960.11
966.07
962.97
25077.10
978.95
977.04
967.03
977.99
965.12
963.93
963.93
25069.00
975.85
959.87
960.83
963.93
962.97
960.11
960.11
25059.94
1037.84
1012.80
1009.94
13121.13
1054.05
1050.00
1042.84
970.84
967.98
970.13
967.98
976.80
967.98
967.98
968.93
25080.92
1029.97
1010.89
1014.95
1009.94
1000.88
1001.83
1011.85
988.01
969.89
968.22
962.97
25085.21
1018.05
1012.09
998.97
999.93
978.95
978.95
980.85
979.90
970.84
967.03
962.02
25073.05
989.20
969.89
970.84
967.98
966.07
962.02
957.97
986.10
1063.11
1065.02
1058.10
25107.15
1003.03
994.92
993.01
1034.02
1058.10
1057.15
1054.05
1049.04
1044.03
1045.94
25084.02
1055.00
1008.99
1008.99
1002.07
1003.03
1005.17
1008.03
17016.17
1037.12
1006.13
993.01
1005.17
1009.94
993.01
995.16
25092.12
1017.09
1008.99
1007.08
993.01
995.87
991.82
993.01
25105.00
1021.15
1013.99
1008.99
1012.09
1007.08
1024.96
1006.84
25107.86
1019.00
1008.03
1011.85
1012.80
1005.89
1008.03
33040.05
1044.03
989.91
976.09
974.18
978.95
965.83
969.89
962.97
25054.93
979.90
966.79
967.98
972.99
964.88
968.93
966.07
977.04
952.01
953.91
950.81
25073.05
990.15
977.99
982.05
967.98
963.93
958.92
953.91
957.97
956.06
960.83
957.97
24997.00
1005.89
965.83
959.87
953.91
959.16
960.11
951.05
950.10
1067.16
1062.87
1055.00
25092.12
1020.91
983.00
976.09
993.01
1060.01
1048.09
1036.88
1048.09
1034.98
1034.98
1039.98
25135.04
1047.85
1039.98
1034.98
1042.13
1039.98
1031.88
1027.82
947.95
957.97
953.91
953.91
25114.06
1041.17
1029.01
1012.09
947.00
947.95
952.01
955.82
967.98
951.05
955.10
952.96
41109.80
1003.98
994.92
993.01
998.02
991.11
993.01
988.96
25105.00
1004.93
990.15
983.95
992.06
984.91
977.99
983.95
25108.81
1026.87
1019.00
1012.09
987.05
988.01
993.97
17014.98
1070.02
1009.94
1006.84
1010.89
1003.98
1006.84
1006.84
25033.95
1044.99
1019.00
1013.04
1015.19
1012.09
1009.94
1005.89
25058.98
1054.05
1012.09
1013.04
1019.00
1008.03
1009.94
1007.08
997.78
993.01
988.01
988.96
25080.92
1020.19
1002.07
997.07
1002.07
1001.12
996.11
993.97
1004.93
996.11
997.07
997.07
25098.09
1019.00
1002.07
998.02
1003.98
1003.98
998.02
1005.17
1039.98
1046.90
1039.03
1028.06
25099.99
1027.11
1012.09
1000.88
1056.91
1086.95
1070.98
1072.88
1072.17
1070.98
1066.92
25163.17
1087.90
1068.83
1070.98
1064.06
1085.04
1068.12
1049.04
958.92
967.03
960.11
25004.15
1094.10
1049.04
1048.09
1058.10
1042.13
1044.99
1034.98
999.93
984.91
981.09
977.04
41064.02
992.06
974.18
976.09
977.04
964.16
962.02
965.12
21012.07
1050.00
1007.08
1007.08
1001.12
961.07
962.02
954.87
25008.92
1060.01
1015.90
1000.88
1010.89
1012.09
1017.09
1005.17
25099.04
1024.01
1008.99
1006.13
1013.04
1004.93
1003.98
1004.93
25101.90
998.97
977.99
979.90
977.99
1003.98
993.97
1003.03
21115.06
996.11
971.08
972.03
979.90
966.07
961.07
965.12
960.11
1008.99
1008.99
1018.05
25104.05
1005.17
993.97
989.91
966.07
1007.08
1007.80
1010.89
1022.10
1015.19
1008.99
1020.19
25111.91
1028.06
1018.05
1027.11
1019.95
1018.05
1021.86
1024.01
967.98
977.99
975.13
25002.00
1112.94
1074.08
1062.87
1042.13
990.15
1003.98
1001.83
1009.94
1003.03
996.83
1003.03
25031.09
1050.00
1013.99
1014.95
1020.19
1020.91
1005.89
1003.98
996.11
987.05
993.01
993.01
25106.19
1023.05
1013.99
1002.79
983.00
996.11
999.93
993.97
994.21
992.06
986.10
987.05
49093.96
1022.82
1000.88
1006.84
1021.86
1004.93
1007.08
998.97
25086.88
990.87
968.93
975.13
1011.13
984.91
988.01
982.05
25048.97
968.93
959.16
956.06
957.97
954.87
957.97
957.01
25058.03
973.94
960.11
957.97
966.07
961.07
955.10
953.91
25001.05
1008.99
967.03
958.92
952.01
961.78
953.91
960.83
21003.96
1123.19
1065.02
1053.09
1024.01
950.81
959.87
959.87
960.83
964.88
960.83
967.98
24995.09
1010.89
980.14
971.08
977.99
972.99
967.98
961.78
956.06
972.99
973.22
967.98
974.18
25090.93
1015.90
999.21
994.92
982.05
983.95
982.05
975.85
985.86
978.23
978.95
981.09
25070.19
987.05
977.99
976.80
1020.91
983.00
11012.08
972.99
962.02
954.87
962.02
952.01
957.97
952.01
967.03
956.77
952.96
951.05
25029.90
988.01
964.88
962.97
972.99
962.97
966.07
966.07
966.07
1001.12
993.97
1002.79
29027.94
1029.97
997.07
993.97
994.92
997.07
991.11
991.11
25035.14
1029.01
995.87
985.86
978.95
982.05
976.09
970.13
25016.07
1008.99
967.98
958.20
971.08
965.12
962.97
961.07
24990.80
1002.07
967.03
957.01
957.97
955.10
952.96
952.96
954.15
25067.09
983.95
975.85
973.94
962.97
962.02
955.10
952.01
25041.10
969.17
957.01
950.10
961.07
955.10
952.01
952.01
24991.04
990.15
959.16
952.01
962.02
954.87
954.87
954.15
949.14
989.91
1008.99
1008.99
25032.04
1024.01
967.98
964.88
954.87
994.92
1009.94
988.96
1011.13
1008.03
1003.98
1009.94
25040.15
1063.11
1018.05
1010.18
1017.09
1010.89
1008.99
1011.13
1001.12
992.06
995.87
998.97
25027.99
1033.07
999.93
1006.84
990.87
962.02
966.07
972.03
976.09
968.93
972.03
962.97
25002.96
1020.19
979.90
966.79
975.85
964.88
965.83
961.07
957.01
1060.96
1070.98
1069.07
25081.16
1016.14
972.99
972.99
977.04
1020.91
1013.04
1015.90
1025.92
1025.92
1012.09
1016.14
25055.89
1049.04
1012.09
1013.99
1016.14
1011.13
1008.03
1004.93
972.99
985.86
988.96
985.15
25073.05
979.19
957.01
955.10
964.16
952.01
954.15
952.96
24987.94
1006.13
965.12
960.11
967.03
966.07
964.16
962.02
25001.05
1022.82
973.94
959.87
966.07
988.01
998.97
992.06
25012.97
1033.07
979.19
968.93
976.80
968.93
971.08
967.98
962.97
25062.08
977.99
971.08
965.12
973.94
965.83
967.03
963.93
25084.97
1003.98
1008.03
985.86
985.86
964.88
969.89
960.83
21060.94
993.01
974.89
973.94
997.07
1013.04
1008.03
999.93
1008.03
1001.12
998.97
1003.03
25104.05
1018.05
1006.13
1004.93
1008.99
1003.98
1001.83
1000.88
999.93
996.11
997.07
986.10
25084.97
1013.04
1007.08
1004.93
988.01
989.91
977.99
985.15
974.89
977.99
965.12
975.13
25058.98
977.99
967.98
960.11
970.13
961.07
952.96
953.91
966.79
988.01
996.11
998.97
25101.90
978.95
962.02
963.21
953.91
991.82
995.87
999.93
1012.09
1006.84
1010.89
1006.13
25120.02
991.82
974.89
971.79
979.90
974.89
971.08
966.07
17064.09
976.09
956.06
955.10
959.16
947.95
949.86
947.00
24995.09
988.96
954.87
945.81
942.95
957.97
959.87
961.07
24996.04
1034.02
965.83
962.02
962.02
960.11
962.02
962.97
960.11
33052.92
988.01
977.99
970.13
947.00
950.81
955.10
946.04
25053.02
968.93
958.92
952.96
957.97
949.86
957.97
962.97
25041.10
971.79
959.87
952.96
949.14
957.97
952.01
953.91
957.01
952.01
956.06
949.86
24986.98
1040.94
994.92
993.01
997.07
993.01
992.06
984.91
991.11
1002.07
998.97
998.97
25033.00
1036.88
985.86
978.95
977.99
998.97
986.10
981.09
988.01
989.20
979.90
985.86
24997.95
1024.96
987.05
974.18
972.99
970.13
962.97
962.02
954.87
1034.98
1075.03
1071.93
25095.94
1078.13
1008.99
1003.03
1008.03
1090.05
1084.09
1080.99
1074.08
1055.00
1059.06
1050.00
25144.10
1063.11
1059.06
1054.05
1037.84
1050.00
1046.90
1020.91
938.89
964.88
962.02
41007.04
1034.02
989.20
983.00
977.04
983.00
979.90
995.87
25018.93
1024.01
978.95
975.85
972.99
971.08
975.13
968.93
24976.97
1028.06
970.84
968.93
965.12
969.89
962.02
958.92
959.87
25096.18
1008.03
997.78
989.91
967.98
957.97
958.92
954.15
25079.97
995.87
982.05
990.87
990.15
980.14
972.03
974.18
29069.90
977.04
965.83
962.97
963.93
969.89
967.98
964.16
947.00
947.95
952.96
947.00
25013.92
1035.21
999.93
1007.08
985.15
952.96
954.87
962.02
963.93
963.93
957.97
951.05
24982.93
1005.89
968.93
962.02
958.92
954.15
957.01
952.01
957.01
975.13
967.03
956.06
957.97
25061.13
983.00
966.07
960.11
968.93
950.81
954.87
952.01
966.07
953.91
955.82
952.96
25000.10
1005.89
969.17
965.12
971.08
962.02
961.07
968.22
955.10
956.06
953.91
952.01
24979.11
1055.00
998.02
982.05
983.00
977.99
978.95
977.99
977.99
17086.98
1015.90
998.02
1003.98
1002.07
993.01
994.21
25012.97
1039.98
1000.17
988.96
998.02
982.05
987.05
980.14
25012.02
1066.21
1012.09
1008.03
997.07
962.02
962.97
973.94
25001.05
1065.97
1008.99
1006.13
1008.99
1010.18
1004.93
1005.89
25051.83
1055.00
1016.14
1007.08
1018.05
1008.99
1011.85
1008.99
25058.03
1023.05
989.91
974.18
968.93
1004.93
1008.03
1008.99
25074.96
1009.94
987.05
981.09
981.09
976.09
972.99
972.03
25013.92
1013.04
988.01
979.19
977.04
979.90
971.08
974.89
21029.00
1062.15
1011.13
1012.09
998.02
1026.15
1030.92
1032.83
25107.86
1024.96
1003.98
996.11
999.93
993.01
992.06
988.01
25090.22
983.00
977.04
977.04
969.89
1034.02
1029.01
1028.06
25138.85
1024.01
1012.09
1020.91
1014.95
1014.95
1010.89
25040.86
1070.02
1023.05
1013.99
1022.10
1010.18
1008.99
1016.14
25051.12
1024.96
976.09
968.93
969.17
1039.98
1015.90
1029.01
25056.84
1050.95
1011.13
1008.99
1017.81
1003.03
1006.13
1008.99
25089.98
1024.01
995.16
992.06
998.02
991.11
990.15
991.11
25099.04
967.03
955.10
960.11
952.01
995.87
994.21
988.01
25079.01
976.80
959.87
952.96
959.16
955.10
953.91
951.05
24993.90
1003.03
970.13
962.02
970.13
967.03
960.83
959.87
24996.04
1060.01
1014.95
1019.95
1013.04
1009.94
1003.98
1011.85
17056.94
1015.90
985.15
976.09
977.99
969.89
969.17
972.99
25002.96
1007.08
965.12
961.07
967.03
962.02
962.97
957.97
24988.17
1053.09
1013.04
998.97
991.82
965.83
962.02
962.02
960.11
25078.06
1000.88
993.97
994.92
979.90
976.80
975.85
976.80
25053.98
983.00
973.94
968.93
975.85
968.93
962.97
964.88
25125.98
1023.05
1015.90
1008.99
969.89
973.94
966.07
960.11
25083.07
991.11
975.13
978.95
990.15
976.09
976.09
976.09
25084.97
989.91
976.09
977.04
988.01
973.94
969.89
966.07
25099.99
1017.09
1008.03
992.06
984.19
972.99
967.03
972.03
25094.99
1008.99
990.87
987.05
996.83
995.16
992.06
980.14
25090.93
997.07
988.01
988.01
985.86
985.86
983.95
983.00
25071.86
988.01
971.08
972.03
950.10
979.19
973.94
983.95
25118.11
1017.09
1007.08
1009.94
1007.80
998.02
999.93
998.02
25080.92
1019.00
999.93
1000.88
1004.93
996.11
998.97
25030.85
1030.92
972.99
967.03
957.01
1000.88
1002.07
1012.09
25041.82
1014.95
975.85
965.83
965.83
962.97
967.98
964.88
963.93
25043.96
970.84
968.93
962.97
969.89
963.93
962.02
958.92
25059.94
995.87
980.85
980.85
983.00
958.92
959.87
959.87
17066.96
982.05
958.92
960.11
953.20
959.87
956.06
958.92
25008.92
1009.94
967.03
958.92
959.16
957.01
960.11
952.01
24985.79
1003.03
966.07
957.01
962.02
956.06
952.01
954.87
952.01
25079.01
988.01
979.90
974.18
960.11
952.01
959.16
953.91
29096.84
1015.90
1004.93
996.11
986.10
977.04
979.19
967.98
25108.81
1006.84
998.97
996.11
1007.08
996.11
998.02
994.92
25087.12
1022.10
1007.08
1003.98
998.02
992.06
997.07
25034.90
1015.90
971.08
957.01
961.07
985.15
975.13
977.04
971.08
29157.16
1075.03
1054.05
1063.11
1064.06
1054.05
1060.01
25122.88
1010.89
995.87
980.14
1003.98
1072.88
1066.92
1070.98
25105.95
1003.03
986.10
987.05
989.91
984.19
979.90
982.05
25099.99
1000.17
994.92
981.81
999.93
990.15
983.95
986.81
25169.85
1013.99
998.02
998.97
999.21
1001.83
989.91
25033.00
1035.93
983.00
977.04
979.19
977.04
977.04
972.03
21005.87
1047.85
998.02
991.11
999.93
998.02
1002.07
999.93
13020.99
1045.94
993.97
995.87
989.91
992.06
993.01
996.11
25031.09
1020.19
961.07
952.96
953.91
979.19
983.00
977.99
25003.91
1021.86
967.03
963.93
957.97
970.13
966.07
962.97
964.88
25060.89
968.22
967.98
967.03
970.84
962.02
962.02
959.87
25091.17
1029.01
1017.81
1007.08
961.07
952.96
962.02
967.03
25093.08
1008.03
1008.03
1001.83
1010.89
995.87
993.01
992.06
25099.04
1012.09
1003.03
998.97
1004.93
995.87
995.87
999.93
25091.17
1004.93
996.83
998.02
1014.95
1017.81
1005.89
1008.03
1008.99
1005.89
999.93
25037.05
1050.00
1009.94
999.93
1006.13
1002.07
997.07
988.96
978.95
991.11
1002.07
997.07
25045.16
1037.12
984.91
980.85
970.84
999.93
996.83
995.16
998.02
1004.22
999.93
998.97
25031.09
1047.13
1008.99
999.93
1001.12
999.93
994.92
994.92
990.15
975.13
971.08
961.07
24991.04
1047.85
1008.99
1003.03
993.01
981.09
970.13
967.03
970.84
962.02
960.11
957.97
24971.96
1014.95
967.98
955.10
954.15
962.02
950.10
954.15
947.00
964.16
956.06
957.01
962.02
33059.84
984.91
969.89
966.79
983.95
972.03
965.83
967.03
25016.07
997.07
972.03
972.03
974.89
966.79
964.88
962.02
24997.00
1011.13
977.04
972.03
957.97
974.18
968.93
961.78
24990.08
1050.00
1006.13
1003.03
1006.13
998.02
991.82
984.91
25023.94
1038.07
1001.12
997.07
999.21
993.01
993.97
989.91
25031.81
1050.95
1002.07
992.06
994.92
981.09
993.97
985.86
989.20
983.00
986.10
985.15
21046.88
1030.92
11008.98
1004.22
969.89
968.93
967.03
962.02
960.11
962.97
957.97
985.86
989.91
990.87
25027.04
1075.98
1023.77
1019.95
1024.96
1016.14
1017.09
1013.99
1000.17
977.04
967.03
971.79
24997.00
1049.04
1004.93
997.07
982.05
970.84
960.83
962.02
963.93
958.92
953.91
954.15
953.91
25033.95
972.99
957.01
961.07
967.03
957.97
965.83
958.92
943.18
953.91
963.93
962.02
25079.01
983.95
967.03
961.07
965.12
948.91
947.00
957.01
967.03
954.87
954.87
953.91
32995.94
1002.07
966.07
962.02
964.16
959.87
956.06
957.01
24979.11
997.07
972.99
958.92
957.97
964.16
960.11
957.01
952.96
25096.89
1004.93
994.21
998.02
956.06
951.05
944.14
946.04
25080.20
1002.07
989.91
985.86
988.96
985.15
992.06
988.96
25074.96
996.11
991.11
987.05
997.07
988.01
985.15
976.09
25071.14
991.11
976.09
970.13
982.05
993.01
992.06
993.97
25077.10
993.97
980.85
979.90
979.90
983.00
978.95
972.03
29064.18
993.01
975.85
973.94
973.94
970.84
970.84
963.93
963.93
1003.98
999.93
997.07
25072.81
1016.86
993.01
998.97
988.96
1007.08
1006.13
1001.12
1004.93
995.87
986.81
991.82
25074.01
1003.98
988.01
979.90
988.96
983.00
978.95
971.08
967.98
953.91
953.20
957.01
25007.96
1045.94
999.93
989.20
969.89
957.97
952.01
952.96
959.16
953.91
952.01
954.87
24989.84
998.97
963.21
952.96
959.16
953.91
952.01
953.91
947.95
950.10
958.92
959.87
964.88
25055.89
991.11
977.04
979.90
995.16
947.00
949.86
956.06
17072.20
1003.98
987.05
977.99
960.11
1002.07
998.97
996.83
25125.03
1005.89
988.96
982.05
990.87
979.90
977.04
984.91
961.07
982.05
993.97
988.96
25090.93
992.06
973.94
970.13
978.95
967.03
968.93
966.79
956.06
952.01
960.11
953.91
25003.91
1030.92
984.91
977.99
983.95
976.09
974.18
972.99
961.07
960.11
950.10
947.95
24978.88
1059.06
1006.13
988.01
993.01
991.82
983.95
982.05
990.15
957.01
957.01
959.87
952.01
25103.09
1000.17
988.96
997.78
993.01
981.09
975.13
977.99
994.21
982.05
977.99
976.80
25074.01
978.95
962.97
958.92
968.93
964.16
965.12
963.93
972.03
957.01
959.16
962.02
25058.03
991.11
962.97
962.02
969.89
961.07
959.87
969.89
952.96
959.16
968.93
965.83
25012.02
1034.02
985.86
969.89
980.85
975.85
967.98
968.93
960.83
953.91
965.12
967.03
24993.90
1045.94
983.00
977.99
983.00
973.94
971.08
971.08
967.03
974.18
958.92
960.83
957.97
25074.01
998.02
987.05
972.99
979.90
972.03
967.98
963.93
981.09
962.02
968.93
970.13
25066.14
1011.13
983.95
986.10
992.06
972.99
974.89
972.99
968.93
965.12
969.17
970.13
25017.98
1038.79
1000.88
1001.83
1005.89
993.97
1003.03
1003.03
999.93
1002.07
995.16
992.06
25104.05
1024.01
1017.09
993.97
1006.13
991.11
1002.07
996.11
1005.17
995.87
995.87
998.97
25099.99
1010.18
1003.03
998.02
1008.03
995.87
996.11
996.11
1006.13
994.92
1000.88
995.87
25099.99
1007.08
1006.13
999.93
1002.07
993.01
1003.03
995.87
1009.23
1000.88
995.87
989.91
25088.07
1012.09
1002.07
1005.17
998.97
1003.03
998.97
1008.03
997.07
995.87
998.02
25029.90
1047.85
1016.86
1004.93
1009.23
1000.88
1001.83
1001.83
1003.98
1006.13
1000.88
999.21
25038.96
1034.98
1021.15
1003.98
999.93
983.95
1009.94
1005.89
1012.09
1001.12
1008.99
1004.93
25058.03
1027.11
977.04
972.99
975.13
1010.89
999.93
998.97
1003.98
999.93
1003.03
1001.83
25064.95
1004.93
972.03
969.89
960.11
990.15
987.05
984.91
989.91
988.01
993.01
985.15
25047.06
1019.00
975.13
964.16
952.96
977.99
979.90
978.95
986.10
983.00
972.03
976.09
25014.88
1025.92
973.94
965.12
966.07
987.05
987.05
991.11
993.97
993.01
989.91
991.82
25022.03
1039.98
995.87
986.81
980.85
994.92
996.11
1001.12
1004.93
992.06
986.10
989.91
25032.04
1029.97
985.86
977.99
974.89
993.97
990.15
988.01
992.77
995.87
993.97
984.91
25020.84
1051.90
996.83
989.91
980.14
987.05
980.14
986.10
983.95
989.91
982.05
976.09
24997.00
1095.06
1038.07
1029.97
1010.89
954.87
964.16
962.97
972.03
959.87
961.07
962.02
962.02
25111.91
1037.12
1023.05
1008.99
957.97
952.96
958.92
957.01
962.97
957.97
950.81
948.91
25115.97
1030.92
1023.05
1016.86
967.03
962.02
961.07
954.15
960.11
956.06
955.10
952.96
25082.83
1055.00
1025.92
1016.86
1002.07
977.04
983.95
979.90
992.77
978.95
980.14
980.14
25095.94
1043.80
1024.01
1019.00
1000.88
1006.13
1003.98
1013.99
1015.90
1001.83
1003.98
1001.12
25115.01
1022.10
1021.15
1008.03
988.96
994.92
990.15
998.97
993.01
988.96
992.77
25038.00
1043.08
981.09
973.22
963.93
984.19
988.01
991.11
998.97
996.83
993.01
977.99
25013.21
1039.98
980.85
976.80
963.93
963.93
967.03
966.79
971.08
977.99
971.08
971.08
973.94
25122.88
1034.98
1019.95
1013.99
948.91
952.01
952.96
953.91
959.87
953.91
954.15
949.14
25091.89
1031.88
1022.82
1009.94
969.17
955.10
958.92
949.14
967.03
957.97
947.00
949.14
25023.94
