1808.88
1271.96
1231.91
1241.92
1249.79
1251.94
1233.82
1230.00
25346.04
1404.05
1268.86
1266.96
1245.02
1248.12
1240.02
1255.04
1244.78
25294.07
1327.04
1282.93
1271.96
1265.05
1266.00
1261.95
1272.20
1258.85
1255.99
25369.88
1285.08
1264.10
1267.91
1268.86
1271.96
1282.93
1263.86
1266.96
25331.02
1294.14
1271.96
1263.14
1266.96
1250.03
1200.91
1245.02
1244.07
1235.01
21368.98
1295.09
1278.16
1283.88
1283.88
1276.97
1291.99
1246.93
1249.07
25306.22
1291.99
1276.02
1281.98
1275.06
1271.01
1271.96
1250.98
1257.18
25326.01
1310.83
1277.92
1277.21
1297.95
1265.76
1266.96
1296.04
1281.98
1275.06
25381.09
1282.22
1266.00
1285.08
1271.01
1267.91
1255.99
1275.06
1267.91
25338.89
1353.98
1291.99
21349.19
1281.98
1268.86
1286.03
1266.96
1280.07
9328.84
1317.98
1286.98
1278.16
1272.92
1267.91
25324.82
1318.93
1277.92
1279.12
1281.02
1285.79
1276.02
1244.07
1271.01
1263.86
14908.08
1282.22
1291.04
1281.98
1297.00
1250.98
1250.03
1252.89
25357.01
1276.97
1250.03
1259.80
1263.86
1265.05
1261.95
1261.00
1276.02
25334.12
1280.07
1249.07
1240.02
1222.85
1271.96
1234.05
1229.05
1222.85
1226.90
25355.10
1268.15
1258.85
1268.86
1215.93
1219.99
1226.90
1217.84
1209.02
25254.96
1307.01
1252.89
1240.02
1209.02
1226.90
1230.96
1230.96
1236.20
1226.90
21309.85
1277.92
1230.96
1236.92
1236.92
1227.14
1225.95
1288.89
1277.21
1263.86
25355.82
1248.84
1224.99
1237.15
1251.94
1257.90
1257.18
1243.11
1276.97
25309.09
1297.95
1274.11
21833.90
1262.90
1255.04
1255.99
1240.97
1239.06
1252.89
1254.08
1262.19
25321.96
1280.07
1232.86
1233.82
1237.15
1266.96
1222.85
1262.90
1263.14
1271.01
25384.90
1234.05
1218.80
1219.03
1219.99
1229.05
1224.99
1264.10
1277.92
25332.93
1286.98
1251.94
1241.92
1256.23
1251.94
1245.98
1251.94
1270.77
1271.96
25377.04
1291.99
1272.92
1283.88
1273.87
1266.96
1266.00
1266.00
1271.96
25340.08
1292.94
1261.95
1270.06
1254.08
1255.99
1250.98
1268.15
1277.92
1262.90
25386.81
1280.07
1297.00
1313.21
1272.92
1277.21
1280.07
1287.94
1283.88
25396.82
1274.82
1282.93
1290.80
1276.02
1277.92
1281.98
1276.02
1266.00
25372.03
1317.98
1271.96
1269.10
1266.00
1269.10
1267.19
1257.90
1255.99
25295.97
1339.91
1268.86
1264.10
1278.16
1276.02
1276.02
1279.83
1264.81
1266.96
25372.98
1260.04
1245.98
1255.04
1230.00
1236.92
1240.97
1266.96
1268.15
25330.07
1273.16
1245.98
1250.98
1230.96
1231.19
1236.92
1270.06
1272.92
1276.02
25372.98
1250.98
1226.90
1245.98
1223.09
1230.00
1230.00
1268.86
1271.01
25335.07
1286.03
1257.18
1267.91
1266.96
1254.08
1252.17
1210.93
1219.99
1225.95
21690.85
1279.83
1267.91
1285.79
1270.06
1311.06
1306.06
1275.06
1291.04
25378.94
1286.03
1296.04
1286.98
1302.00
1271.96
1281.98
1278.16
1273.87
25338.89
1309.16
1282.93
1292.94
1283.88
1280.07
1281.02
1278.88
1278.16
25332.93
1319.89
1286.03
1285.08
1280.07
1279.12
1276.97
1281.02
1269.82
1286.98
21404.98
1276.97
1765.97
1246.93
1246.93
1265.05
1234.05
1240.97
1255.04
25385.14
1276.02
1254.08
1250.03
1214.03
1218.80
1231.91
1221.90
1220.23
25315.05
1312.97
1266.00
1261.00
1211.88
1213.07
1210.93
1252.89
1218.80
1219.99
29361.01
1289.84
1279.83
1288.89
1266.96
1266.00
1271.01
1197.81
1230.00
25288.11
1255.04
1228.81
1243.83
1222.85
1226.90
1221.18
1228.09
1215.93
1230.00
25265.93
1246.21
1219.99
1224.04
1217.13
1230.00
1231.19
1219.03
1225.95
1220.94
25330.07
1233.82
1225.95
1238.11
1219.03
1214.03
1233.82
1224.99
1219.99
25275.95
1309.16
1264.10
1255.04
1261.00
1265.05
1246.21
1231.91
1214.98
1214.03
25287.15
1298.19
1265.05
1291.99
1297.00
1265.05
1271.96
1209.97
1217.13
25266.89
1337.05
1271.96
1291.99
1297.00
1313.21
1270.06
1224.99
1220.94
1235.96
21555.90
1291.04
1293.18
1280.07
1267.91
1294.85
1286.98
1275.06
1274.11
25402.07
1296.04
1281.02
1285.08
1275.06
1274.11
1281.02
1272.92
1280.07
25339.13
1309.16
1286.03
1285.08
1281.02
1271.96
1281.98
1274.11
1297.95
25303.13
1347.06
1286.98
1276.97
1284.84
1275.06
1286.98
1287.94
1278.16
1280.07
25389.91
1286.03
1276.97
1262.90
1283.17
1276.02
1279.12
1275.06
1273.16
25336.03
1313.21
1278.88
1284.84
1273.87
1274.11
1284.12
1271.01
1269.82
25333.88
1318.93
1281.98
1282.93
1275.06
1271.01
1274.82
1280.78
1273.87
1271.01
25388.00
1286.98
1277.92
1286.03
1274.11
1275.06
1279.12
1271.96
1261.00
25335.07
1295.09
1274.11
1282.93
1271.01
1271.96
1280.07
1271.01
1267.91
25334.84
1276.02
1238.11
1231.91
1256.94
1250.98
1245.98
1255.04
1267.91
1255.04
25400.88
1255.99
1245.98
1243.83
1261.95
1260.04
1276.97
1265.05
1275.06
25353.19
1254.08
1233.10
1233.10
1276.97
1262.19
1266.96
1279.83
1279.83
1286.98
25346.99
1235.01
1230.00
1231.19
1271.01
1263.14
1268.15
1266.00
1271.01
25332.21
1248.12
1220.94
1219.03
1245.02
1248.12
1250.03
1250.03
1241.21
1242.88
21405.94
1264.81
1246.93
1248.84
1240.02
1249.07
1235.96
1221.90
1219.03
25285.96
1311.06
1264.81
1268.86
1268.15
1265.05
1261.95
1272.92
1279.83
1269.82
25379.90
1276.02
1266.00
1270.06
1266.96
1263.86
1241.92
1251.94
1245.02
25311.95
1294.14
1281.02
1269.10
1266.00
1268.86
1274.82
1204.01
1222.85
1219.99
25377.99
1271.96
1263.14
1271.96
1261.00
1260.04
25371.07
1276.02
1263.86
1273.16
1261.95
1267.91
1262.19
1244.07
1242.88
17310.86
1316.07
1271.96
1272.92
1232.15
1245.98
19348.14
1310.11
1270.06
1228.09
1224.99
1235.01
1225.95
1226.90
25292.16
1312.02
1282.93
1263.14
1205.92
1216.89
1221.90
1234.77
1229.05
1231.91
21329.88
1247.88
1235.01
1252.89
1235.96
1238.11
25294.07
1282.93
1254.08
1257.18
1255.04
1257.90
1246.93
1256.23
1246.93
1247.17
25355.10
1262.90
1242.88
1255.99
1247.17
1246.93
1269.82
1253.84
1247.88
25319.81
1302.96
1262.90
1280.07
1265.05
1273.87
1272.92
1286.98
1263.14
1280.07
25382.04
1281.98
1270.06
1284.84
1266.96
1264.10
1274.11
1267.91
1263.86
25353.91
1293.90
1279.12
1283.17
1261.00
1265.05
13238.19
1248.12
1220.94
1213.79
1253.84
1267.91
1255.04
9356.02
1261.00
1249.07
1257.18
1245.02
1249.07
21368.03
1245.98
1224.99
1230.00
1219.99
1227.14
1209.97
1212.84
1212.84
1214.03
25369.88
1255.99
1248.12
1250.03
1240.97
1238.11
1235.01
1240.02
1242.88
25311.95
1249.07
1211.17
1224.04
1216.17
1216.89
1221.90
1241.21
1224.04
1224.04
25347.95
1245.02
1224.99
1229.05
1219.99
1224.04
1238.11
1224.04
1232.15
25262.12
1293.18
1242.88
1230.00
1244.07
1230.00
1240.97
1245.98
1230.00
1237.87
25300.98
1259.80
1242.88
1241.92
1238.11
1229.05
1238.82
1231.91
1231.19
1236.92
25341.99
1253.13
1230.96
1253.13
1230.96
1229.05
1224.99
1207.11
1216.17
25279.05
1261.95
1221.90
1215.93
1217.13
1209.02
1219.03
1231.19
1220.94
1212.84
25276.90
1303.91
1289.84
1259.80
1211.88
1212.84
1217.84
1214.98
1214.98
1214.03
21339.89
1239.06
1236.92
1244.78
1236.92
1233.10
21309.14
1255.04
1231.91
1224.04
1221.18
1235.01
1237.15
1246.93
1235.96
1237.15
25361.06
1256.94
1247.88
1241.92
1240.02
1249.07
1264.10
1241.21
1242.88
25305.03
1284.12
1251.94
1237.87
1256.94
1261.00
1271.01
1270.06
1269.10
1261.00
25400.88
1284.84
1261.95
1267.19
1261.95
1266.00
1258.85
1265.05
1266.96
29327.87
1291.99
1266.00
1253.13
1271.96
1271.96
1261.00
1258.13
1262.19
25295.97
1326.80
1272.92
1256.94
1256.94
1266.96
1258.13
25387.05
1291.04
1283.17
1266.00
1254.08
1255.99
1250.03
1259.09
1258.13
25331.97
1278.88
1258.13
1269.10
1248.12
1241.92
1247.88
1259.80
1276.02
1276.02
1281.98
1274.11
1273.16
1281.98
1271.96
1271.01
25369.88
1249.79
1242.88
1250.03
1241.92
1242.88
1240.97
1237.15
1234.05
25295.02
1290.08
1238.11
1244.07
1235.01
1233.82
1240.02
1253.13
1216.89
1219.03
25300.03
1298.19
1278.88
1263.86
1281.02
1265.05
1258.13
1222.13
1220.94
25255.92
1325.13
1274.11
1270.06
1281.98
1268.86
1261.95
1259.09
1234.05
1224.04
25348.90
1281.02
1272.92
1278.88
1273.87
1263.86
1255.99
1241.92
1234.77
21296.02
1269.10
1240.02
1245.98
1237.87
1240.02
1238.11
17376.90
1270.06
1255.99
1260.04
1250.98
1247.88
1255.99
1285.08
1224.04
25289.06
1255.99
1241.92
1248.84
1236.92
1231.19
1226.90
1235.96
1231.91
1235.96
25346.99
1238.11
1230.96
1238.11
1225.95
1225.95
1234.05
1216.17
1210.93
29245.85
1284.84
1224.99
1228.09
1234.05
1236.20
1230.00
1219.99
1268.86
1274.82
25343.89
1283.88
1252.17
1266.96
1251.94
1260.04
1254.08
1266.96
1267.91
25297.88
1353.98
1277.21
1292.94
1267.91
1264.10
1266.00
1266.96
1267.19
1262.90
25372.03
1286.98
1283.88
1277.21
1267.91
1266.96
1255.99
1247.88
1245.02
25322.91
1306.06
1280.78
1268.86
1271.01
1270.06
1270.06
1266.96
1260.04
1259.09
25376.08
1279.12
1275.06
1281.98
1272.92
1272.20
1271.96
1265.05
1268.86
25365.83
1253.84
1237.87
1236.92
1239.06
1235.96
1245.02
1232.15
1234.05
37263.15
1321.08
1260.04
1249.07
1260.04
1250.98
1246.93
1260.04
1248.84
1251.94
25341.03
1271.01
1255.04
1255.99
1250.03
1253.13
1257.90
1243.83
1251.94
25300.98
1297.95
1269.82
1267.91
1270.77
1262.90
1263.14
1290.08
1262.19
1256.94
25366.78
1276.02
1261.95
1267.91
1261.00
1261.00
1265.05
1266.96
1260.04
25325.06
1292.94
1271.96
1267.19
1261.00
1257.18
1276.02
1266.00
1259.80
1257.90
21359.21
1252.89
1251.94
1244.07
1237.15
1238.11
17348.05
1262.90
1250.98
1240.02
1242.88
1237.15
17814.16
1322.98
1272.92
1285.08
1279.12
1264.10
1268.15
1261.95
1250.03
25340.08
1261.00
1281.98
1230.96
1219.03
1209.97
1209.97
1226.90
1214.03
1211.88
25331.97
1253.13
1230.96
1238.82
1229.05
1234.05
1224.99
1202.11
1221.90
1230.00
25373.94
1276.02
1246.93
1258.13
1250.03
1238.82
1243.83
1213.07
1215.93
25280.00
1285.79
1261.00
1271.01
1263.86
1263.86
1266.96
1202.11
1217.13
1226.90
25382.04
1283.88
1262.90
1294.85
1272.92
1263.14
1253.13
1216.89
1216.89
25293.83
1275.06
1250.03
1240.97
1232.86
1227.86
1232.86
1240.97
1238.11
1236.92
23926.97
1267.19
1240.02
1240.02
1235.96
1225.95
1229.05
25305.03
1311.06
1266.96
1268.86
1263.86
1263.86
1261.95
1261.00
1261.00
1260.04
25372.03
1267.91
1261.95
1266.96
1260.04
1262.19
1265.05
1264.10
1261.95
25322.91
1286.98
1267.91
1267.19
1259.09
1259.09
1266.96
1261.95
1256.94
17893.08
1299.14
1255.04
1251.94
1240.97
1239.06
1235.01
1246.93
1266.00
21305.08
1331.09
1272.92
1268.86
1275.06
1266.96
1268.15
21378.99
1267.91
1262.19
1279.12
1266.96
1273.16
1257.90
1272.92
1272.92
25344.13
1312.02
1286.03
1278.88
1270.06
1276.97
1250.03
1278.88
1278.16
33329.96
1261.00
1239.06
1245.98
1236.20
1244.07
1235.01
1247.17
1235.96
1237.15
25331.02
1252.17
1233.10
1235.01
1242.16
1235.96
1247.88
1229.05
1230.96
1225.95
25331.02
1251.94
1237.87
1245.02
1239.06
1244.07
1240.97
1235.96
1245.98
25297.88
1260.04
1248.84
1256.94
1245.98
1237.15
1251.94
1235.96
1235.96
1237.87
25336.03
1254.08
1235.01
1245.98
1241.21
1234.05
1235.96
1241.92
1227.14
25295.02
1268.15
1238.11
1244.07
1238.11
1245.98
1238.82
1240.97
1242.16
1236.92
25354.86
1240.02
1228.09
1219.99
1261.95
1247.88
1245.02
1224.99
10578.16
1271.96
1235.01
1228.09
1267.91
1262.90
1261.00
1271.96
1256.94
1251.94
25362.97
1261.00
1243.83
1234.05
1240.02
1230.00
1232.15
1264.10
1285.08
25352.95
1302.00
1255.99
1261.00
1236.92
1240.02
1245.02
1266.00
1223.09
1228.09
25351.05
1286.98
1263.14
1278.88
1259.80
1265.05
1255.04
1293.18
1303.91
25348.90
1313.21
1269.10
1276.97
1270.06
1268.86
1272.92
1223.09
1221.18
1230.00
25398.97
1281.98
1261.00
1272.92
1259.09
1254.08
1256.94
1284.84
1278.16
25326.97
1297.00
1254.08
1258.13
1250.03
1249.07
1244.07
1273.16
1292.94
25325.06
1300.10
1253.13
1259.09
1255.99
1245.02
1244.07
1245.98
1215.93
1230.00
25310.04
1255.99
1226.90
1227.14
1219.03
1219.03
1221.90
1271.96
1261.95
1256.94
25345.09
1234.05
1239.06
1235.96
1230.00
1230.96
1235.96
1289.84
1299.86
25341.03
1283.88
1245.02
1250.98
1245.98
1240.97
1238.11
1229.05
1270.06
1279.12
29376.98
1273.87
1261.00
1268.15
1294.85
1282.93
1294.14
1271.96
1258.85
25372.03
1250.03
1239.78
1232.86
1235.96
1234.05
1246.93
1235.96
1241.92
25272.13
1356.84
1288.89
1276.02
1261.00
1267.91
1263.86
1282.93
1261.00
1259.80
29384.85
1292.94
1280.07
1292.94
1284.12
1281.98
1284.84
1276.97
1280.07
25338.89
1317.02
1280.07
1285.08
1281.98
1276.97
1285.08
1276.02
1276.02
25334.84
1317.02
1283.17
1286.03
1282.93
1281.98
1291.04
1284.84
1278.16
1280.07
25393.96
1288.89
1276.97
1294.14
1276.97
1279.12
1291.04
1278.88
1277.92
25402.07
1277.92
1266.96
1268.86
1255.99
1254.08
1261.00
1210.21
1209.97
25273.08
1320.84
1278.88
1284.84
1279.83
1277.92
1273.87
1222.13
1189.95
1204.97
25334.12
1279.12
1261.00
1266.00
1257.90
1254.80
1254.08
1211.88
1211.88
25274.99
1271.01
1243.11
1235.01
1246.93
1237.15
1241.92
1232.86
1206.87
1202.82
25276.90
1268.86
1238.82
1243.83
1230.96
1231.19
1240.97
1201.87
1209.02
1212.84
25358.92
1257.18
1250.98
1260.04
1255.99
1252.89
1253.84
1204.01
1209.97
25280.24
1284.12
1249.07
1255.04
1261.00
1245.02
1259.80
1194.95
1221.18
1222.85
25361.06
1250.03
1240.97
1262.90
1248.84
1253.84
5417.11
1238.82
1224.04
21276.95
1302.00
1273.87
1287.94
1269.82
1264.81
1276.02
1214.03
1224.99
1240.02
25392.06
1283.17
1278.88
1294.85
1273.87
1272.92
1264.10
1223.09
10323.05
1329.90
1289.13
1311.06
1291.99
1283.88
1281.02
1263.86
1249.79
1245.02
25347.95
1240.02
1229.05
1243.11
1239.06
1250.98
1281.98
1276.97
1284.84
25336.98
1326.80
1302.96
1297.00
1277.92
1264.10
1266.00
1250.98
1244.07
25280.00
1264.81
1235.96
1237.15
1275.06
1264.10
1282.93
1298.90
1281.02
1286.98
25393.96
1306.06
1284.12
1285.08
1264.10
1258.85
1261.00
1235.96
1222.85
25286.91
1262.90
1258.85
1278.88
1283.17
1292.94
1297.00
1288.89
1301.05
25309.09
1362.09
1282.93
1274.11
1266.00
1255.99
1250.98
1250.03
1224.99
1228.09
25319.10
1235.01
1217.13
1227.14
1222.85
1214.98
1219.99
1233.10
1235.96
1235.01
25382.04
1293.90
1281.02
1286.03
1296.04
1286.03
1297.00
1286.98
1269.10
25387.05
1280.07
1276.02
1268.86
1229.05
1225.95
1227.86
1245.98
1261.95
25339.84
1286.98
1254.80
1257.90
1288.89
1288.18
1274.11
1280.07
1259.09
1247.88
25359.87
1280.78
1283.88
1271.01
1225.95
1221.90
1232.86
1224.04
1230.00
25285.01
1268.15
1239.06
1246.93
1233.10
1233.10
1234.05
17350.91
1225.95
1231.19
1231.91
1230.00
1230.96
1248.84
1241.21
1239.06
24425.03
1314.16
1287.94
1273.87
1291.04
1277.92
1278.16
25346.99
1270.06
1240.02
1234.05
1286.03
1280.07
1289.13
1278.16
1277.92
25311.95
1366.14
1288.18
1286.03
1274.11
1285.08
1276.02
1286.03
1275.78
1270.06
25374.89
1246.93
1232.86
1250.98
1284.12
1276.02
1285.08
1275.06
1276.02
25341.03
1317.02
1282.93
1281.02
1254.80
1268.86
1267.91
1252.89
1252.17
25284.05
1303.20
1231.91
1235.01
1264.10
1250.98
1253.84
1251.94
1242.16
1245.02
25325.06
1298.19
1265.05
1255.99
1253.84
1245.02
1252.89
1251.94
1247.17
25273.08
1367.09
1284.12
1290.08
1262.19
1266.00
1255.04
1259.80
1243.83
1247.88
25409.94
1265.05
1237.87
1219.99
1245.02
1247.17
1246.93
1243.83
1236.92
25303.13
1327.04
1311.78
1285.08
1224.04
1235.96
1231.91
1242.16
1231.91
1229.05
25342.94
1289.84
1287.94
1291.04
1216.89
1214.98
1240.02
1220.94
1225.95
25285.01
1277.92
1237.15
1230.96
1235.01
1210.93
1213.07
1226.90
1214.03
1213.07
25291.92
1297.00
1256.94
1238.82
1225.95
1219.03
1240.02
1230.96
1238.82
1233.82
25399.92
1291.99
1282.93
1267.91
1246.21
1243.83
1254.80
1254.08
1244.07
24559.97
1303.20
1259.09
1251.94
1209.97
1247.17
1244.07
25331.02
1295.80
1282.93
1291.04
1292.94
1290.08
1283.17
1209.02
1212.12
25248.05
1299.86
1230.00
1228.09
1242.88
1247.88
1264.10
1255.99
1228.81
1231.91
25316.00
1331.09
1283.88
1288.89
1266.00
1257.90
25322.91
1273.87
1236.20
1240.02
1232.15
1235.96
1257.18
1277.92
1271.96
1293.18
25414.94
1310.83
1293.90
1313.92
1276.02
1278.88
1282.93
1265.05
1250.98
25336.98
1247.17
1233.10
1240.97
1238.11
1263.14
1276.97
1278.88
1291.99
25353.91
1309.87
1289.84
1309.87
1302.00
1280.07
1273.16
1259.09
1255.99
1239.06
1202.11
1255.99
1247.88
25376.80
1304.86
1297.00
1298.90
1298.90
1293.90
1270.06
1237.87
1238.11
25312.19
1280.07
1235.96
1217.13
1227.14
1233.10
1243.11
1242.88
1226.90
1234.05
25380.85
1291.04
1264.10
1250.03
1213.07
1210.21
1224.99
1219.03
1211.17
25264.98
1322.98
1286.03
1286.98
1217.13
1219.03
1217.13
1234.05
1221.18
1220.94
21286.96
1322.98
1304.86
1289.84
1289.84
1272.92
1266.00
1224.99
1232.15
25295.97
1281.98
1243.11
1259.09
1281.98
1273.87
1289.84
1283.88
1276.02
1264.10
25392.06
1283.88
9966.85
1311.06
1282.93
1287.94
1266.96
1265.05
1269.10
1276.97
1266.00
1266.96
25384.19
1274.11
1261.00
1278.16
1264.10
1259.09
1266.00
1247.17
1245.98
25319.10
1311.06
1256.94
1249.07
1240.97
1236.92
1253.13
1250.98
1251.94
1238.11
25326.01
1253.84
1237.87
1243.83
1233.82
1229.05
1245.98
1223.09
1232.15
25318.15
1261.00
1229.05
1220.94
1281.98
1266.00
1266.96
1261.95
1244.07
1229.05
25341.03
1236.92
1217.13
1221.18
1276.97
1285.08
1312.02
1284.84
1303.91
25366.07
1243.83
1215.93
1214.98
1225.95
1228.81
1258.85
1261.00
1271.96
1279.83
25353.19
1235.96
1215.93
1243.11
1249.07
1248.12
1246.93
1221.18
1226.90
25304.08
1255.04
1216.17
1219.99
1288.18
1280.07
1300.10
1269.10
1265.05
1255.99
25351.05
1242.88
1237.87
1269.82
1271.96
1271.01
1278.88
1240.97
1230.00
25318.15
1288.18
1255.99
1258.85
1287.94
1282.93
1288.89
1284.84
1281.98
21322.97
1321.08
1275.06
1290.08
1250.98
1262.90
1265.05
17402.89
1297.00
1280.07
13210.06
1275.06
1275.06
1276.97
1253.84
1261.00
1258.85
1254.80
1255.99
25324.11
1300.10
1263.14
1270.06
1250.03
1255.04
1266.00
1254.08
1261.95
1252.17
33366.92
1255.04
1244.07
1236.92
1289.84
1302.96
1293.18
1293.90
1289.84
25367.98
1243.11
1213.07
1214.03
1224.04
1225.95
1247.17
1252.89
1271.01
1269.10
25318.86
1219.03
1213.07
1255.04
1250.03
1242.16
1235.01
1232.15
1233.10
25310.99
1245.02
1219.99
1207.11
1279.12
1286.03
1286.03
1277.92
1249.07
1242.16
25384.90
1267.91
1277.92
1279.12
1261.95
1272.92
1252.17
1259.09
1254.08
25358.92
1277.92
1242.16
1238.11
1261.95
1255.04
1281.02
1264.10
1274.11
25322.91
1283.88
1224.99
1214.03
1265.05
1265.05
1268.15
1276.97
1272.92
1264.10
25390.15
1270.06
1253.13
1254.08
1266.96
1269.82
1271.96
1266.96
1268.86
25329.83
1300.10
1277.92
1279.12
1276.97
1265.05
1274.11
1265.05
1263.14
1261.95
25384.90
1266.00
1248.84
1281.98
1261.95
1267.91
1279.83
1264.81
1261.95
25321.01
1262.90
1235.01
1214.03
1236.92
1234.05
1238.11
1236.92
1232.86
1235.96
25351.05
1258.13
1243.11
1257.90
1214.98
1219.99
1216.17
1219.03
1218.08
25266.17
1324.18
1266.96
1269.82
1235.01
1235.01
1239.06
1240.02
1240.02
1235.96
25371.79
1298.90
1290.80
1264.10
1236.92
1231.91
1243.83
1235.01
1234.05
9685.04
1264.10
1260.04
1273.87
1281.02
1281.98
1281.98
1211.88
1215.22
25249.00
1327.04
1262.19
1245.98
1245.02
1222.85
1226.90
1245.98
1235.96
1240.02
25316.95
1327.99
1298.90
1288.18
1276.97
1259.09
17331.12
1279.12
1260.04
1255.04
1248.84
1256.94
17267.94
1299.14
1234.05
1224.99
1238.11
1228.09
1235.01
17349.00
1283.88
1254.80
1255.99
1228.09
1230.00
17296.08
1256.23
1226.90
1226.90
1211.17
1218.08
1210.93
17333.98
1237.15
1219.03
1225.95
1216.89
1217.84
17297.03
1333.95
1292.94
1294.14
1285.08
1291.04
17340.18
1254.08
7616.04
1242.16
1240.02
1269.10
1266.00
1281.98
17390.97
1250.03
1241.92
1259.80
1221.90
1231.91
17298.94
1271.96
1237.87
1249.07
1240.97
1244.07
1243.11
21374.94
1301.05
1285.08
1292.94
1278.88
1278.88
1240.02
1229.05
1226.90
25334.84
1261.00
1255.04
1265.05
1273.87
1288.89
1285.08
1211.17
1217.13
25259.02
1299.86
1264.81
1244.78
1239.06
1228.09
1230.96
1271.96
1218.08
1219.03
25305.03
1330.14
1291.99
1290.80
1271.96
1279.12
1276.97
1257.90
1273.87
25326.97
1246.93
1222.85
1225.95
1224.99
1217.84
1217.84
1262.90
1275.06
1256.94
21361.11
1260.04
1239.06
1234.05
1233.10
1238.11
1272.20
1280.07
1270.06
25329.11
1300.10
1261.95
1255.99
1244.07
1240.02
1239.78
1286.98
1271.96
1262.90
25360.11
1251.94
1244.07
1260.04
1252.89
1245.02
1236.92
1261.00
1279.83
25326.97
1285.08
1249.07
1258.13
1248.12
1250.98
1238.11
1279.12
1271.96
1261.00
25352.00
1254.08
1233.10
1241.21
1232.86
1226.90
1232.86
1243.83
1245.98
25316.00
1255.99
1220.94
1221.90
1224.99
1216.89
1216.89
1228.81
1225.95
1226.19
25316.95
1255.04
1226.90
1227.86
1218.08
1215.93
1216.89
1206.16
1211.88
1215.93
25327.92
1247.17
1216.89
1235.96
1223.09
1214.03
1214.03
1227.14
1245.02
25294.07
1291.99
1268.86
1263.86
1255.99
1245.98
1258.13
1268.15
1240.02
1245.02
25347.95
1263.14
1240.97
1253.84
1241.92
1240.97
1244.07
1247.88
1249.07
25284.05
1281.98
1252.89
1246.93
1258.13
1253.13
1244.07
1240.97
1240.02
1241.92
21353.96
1268.15
1273.87
1261.95
1258.13
1270.06
21322.01
1335.86
1299.86
1307.96
1289.13
1286.03
1285.08
1266.96
1262.90
25288.82
1292.94
1238.82
1235.01
1274.11
1275.06
1287.94
1247.88
1230.00
1232.15
25238.04
1299.14
1261.00
1264.10
1245.02
1222.85
25264.02
1259.09
1250.03
1274.82
1274.82
1288.89
1287.94
1266.96
1259.09
1280.07
25398.97
1268.86
1259.09
1241.21
1262.90
1267.91
1271.96
1261.00
1261.00
25316.00
1312.02
1284.12
1281.98
1273.16
1271.01
1269.10
1269.10
1264.10
25289.06
1339.20
1285.08
1273.87
1284.84
1272.92
1274.82
1287.94
1278.16
1275.06
25382.04
1275.06
1246.21
1278.88
1247.88
1241.92
1232.15
1230.00
1216.89
25285.96
1308.92
1273.87
1266.00
1256.94
1265.05
1256.94
1269.82
1261.95
1258.13
25391.10
1318.93
1266.00
1279.12
1255.99
1256.23
1276.97
1264.10
1268.15
25325.06
1293.18
1281.02
1271.96
1282.93
1269.10
1281.02
1286.03
1267.91
17345.91
1264.81
1235.96
1229.05
1244.07
1226.90
1235.01
17397.88
1293.90
1290.80
1240.02
1249.07
1261.95
1250.03
1240.97
1248.12
25321.96
1307.96
1278.16
1295.09
1277.92
1268.86
1271.96
1290.08
1272.20
25302.89
1297.00
1236.92
1236.20
1261.95
1268.86
1268.86
1296.04
1248.84
1255.04
33361.91
1308.92
1281.98
1291.04
1283.17
1275.06
1282.93
1279.12
1279.12
25342.94
1311.06
1283.88
1287.94
1276.02
1281.98
1282.93
1278.88
1278.88
25307.89
1339.91
1288.18
1293.90
1278.88
1278.88
1276.97
1282.93
1275.06
1276.02
25398.97
1291.04
1277.92
1291.99
1275.06
1273.87
1280.07
1276.97
1273.87
25343.89
