960.11
947.95
941.99
963.93
969.89
945.09
943.18
25048.02
1002.79
999.93
991.82
989.20
949.86
959.87
960.83
25067.81
1024.01
990.87
995.87
989.20
976.09
973.94
1006.84
25107.86
995.87
974.89
981.09
991.11
999.21
984.91
977.99
25068.04
993.97
973.94
983.00
968.93
949.86
947.00
942.95
24981.02
1050.00
998.02
999.93
982.05
936.03
947.95
955.10
25007.01
1046.90
1006.84
1004.93
981.81
974.89
977.04
974.89
25034.19
1030.92
977.04
973.94
984.91
1005.89
1003.98
998.02
25048.97
1034.02
987.05
981.09
966.07
990.15
990.15
967.03
25009.16
1017.09
976.09
960.11
947.00
944.14
942.95
953.91
24984.12
1013.99
952.01
955.10
952.96
992.06
998.97
1000.17
997.07
25075.91
972.99
958.20
957.01
986.10
1005.17
1003.03
992.06
25066.14
965.12
956.06
955.10
944.14
937.94
938.18
945.09
25072.10
996.11
993.01
972.99
978.95
998.02
1003.98
991.11
25104.05
1538.99
985.86
974.89
967.98
961.07
957.97
25005.82
977.99
1101.02
1011.85
983.00
950.10
938.89
941.99
24960.04
1063.82
1008.03
1008.99
995.16
961.07
969.17
984.91
25015.83
1044.03
993.97
979.19
978.95
935.79
931.98
947.00
947.00
25083.07
977.99
964.88
958.20
936.03
993.97
990.87
988.01
25091.89
988.01
972.99
974.18
972.99
1016.86
1016.86
1018.05
25105.95
1003.98
983.95
986.10
993.97
993.97
997.07
989.91
25093.08
993.97
980.14
982.05
957.97
947.00
949.14
935.08
25047.06
971.08
952.01
957.01
960.83
995.87
984.91
995.16
25094.03
983.00
962.97
962.97
953.91
999.21
1007.08
1013.04
25094.99
1005.89
981.81
987.05
993.97
1026.15
1006.13
1015.90
25100.95
1009.23
989.91
977.99
1005.89
1004.93
996.11
988.01
25110.01
1006.13
1003.98
991.82
964.88
948.91
948.19
937.94
21104.81
1013.04
11039.97
966.07
948.91
954.15
967.98
991.11
998.02
988.96
25089.98
994.92
983.95
993.01
972.99
982.05
980.14
973.94
25109.05
1013.99
1007.80
993.97
973.94
973.94
955.10
964.16
25121.93
1019.95
1010.89
1003.98
977.99
957.97
950.81
949.86
25082.83
993.01
971.08
961.07
964.88
954.15
954.15
957.01
25045.16
987.05
976.09
977.99
988.01
942.95
947.00
945.09
24997.00
1052.86
1005.17
1004.93
999.93
960.83
960.83
954.87
25000.81
1020.91
967.98
977.04
957.01
964.88
954.87
962.02
24988.89
1061.92
993.01
981.09
993.01
971.08
975.85
962.97
24992.94
1091.96
1019.00
1020.91
1011.85
1008.99
1014.95
1010.89
25063.99
1050.00
1001.83
1019.00
1002.07
1006.13
997.07
1013.04
25099.99
1039.98
998.02
1012.80
989.91
972.99
986.10
981.09
25084.97
988.96
972.03
970.13
957.01
957.97
972.99
958.92
25020.12
1010.18
971.08
971.08
977.99
972.99
972.03
978.95
25022.98
1068.12
1019.95
1013.04
1004.93
980.85
974.89
975.85
25008.92
1049.04
988.96
988.96
981.09
1003.03
989.91
996.11
25040.15
988.01
947.95
940.08
944.14
998.97
1004.22
1003.03
25045.16
1010.18
962.97
964.16
973.94
1019.00
1006.84
1002.07
25062.08
1039.98
975.13
979.19
972.99
1003.98
1010.89
1016.86
25072.81
1032.11
983.00
988.96
992.06
999.93
998.97
988.96
25077.10
1019.00
1004.93
1009.94
983.95
976.09
977.04
973.94
25076.15
991.11
972.99
960.11
972.03
994.21
997.07
984.91
25063.99
977.99
961.07
960.83
975.85
1009.94
1007.08
996.11
25064.95
1015.90
992.06
997.07
993.97
1008.99
997.07
992.06
25089.98
1025.92
1007.08
1005.17
995.87
1008.03
994.92
1003.98
25109.05
1005.17
983.95
971.79
973.94
1014.95
1002.07
1022.10
25085.93
967.98
946.04
942.95
973.94
1011.85
1005.89
1002.07
25077.10
981.09
972.99
969.89
1008.03
989.91
991.82
983.95
25093.08
1007.80
1003.03
1003.03
1020.19
993.01
996.11
983.00
25107.15
1027.11
1002.07
1027.11
983.95
983.00
975.13
975.13
25098.09
1015.90
2238.04
979.90
968.93
968.93
21034.00
1050.95
19034.86
1029.97
986.10
976.09
957.01
967.03
981.81
970.84
25013.92
1029.01
971.08
981.09
952.01
993.97
982.05
978.95
25017.02
1034.02
1008.03
1039.98
962.02
991.11
982.05
989.20
25022.98
1034.98
963.93
957.97
949.14
984.91
975.85
980.85
25000.81
1019.00
961.07
962.02
958.92
975.13
968.93
960.83
953.91
25069.00
989.91
974.89
975.85
993.01
978.95
969.89
965.12
25074.01
988.96
973.94
959.87
998.02
979.90
973.94
978.95
25048.02
972.03
948.91
953.20
972.03
963.93
959.87
952.01
25032.04
982.05
959.16
956.06
945.09
947.00
950.81
947.00
24986.98
1019.00
963.93
954.87
953.91
947.00
959.87
958.92
956.06
25058.98
976.09
960.11
957.97
949.86
964.88
956.06
958.92
25092.12
993.01
983.00
968.93
963.93
980.14
971.08
971.79
25089.98
993.01
976.80
974.89
972.99
992.06
983.95
983.95
25093.08
993.01
979.90
970.13
972.99
994.21
1008.03
1000.17
25086.88
989.91
962.97
971.08
988.01
1013.04
1003.03
1004.93
25074.01
978.95
957.01
960.11
968.93
988.01
967.98
971.08
25064.23
982.05
960.11
956.06
968.93
942.95
946.04
947.00
24990.08
1034.02
998.97
986.10
983.95
954.87
959.87
963.93
25010.11
1052.14
998.02
999.21
993.01
948.91
952.96
953.91
24999.86
1060.96
1010.89
1006.13
993.01
955.10
947.95
949.86
24988.89
1039.98
992.06
982.05
968.22
957.97
957.01
953.91
953.20
25045.87
962.97
963.21
956.06
947.95
943.90
950.10
950.10
25065.18
972.03
958.92
952.96
947.00
988.01
978.95
985.86
25104.05
984.91
969.89
967.98
952.01
995.16
993.97
998.02
25103.09
1003.03
988.96
988.01
977.99
1021.15
1012.09
1007.08
25098.09
1032.11
1006.13
1004.93
1003.03
1013.99
1011.13
1008.99
25097.13
1007.08
988.96
979.90
1017.81
994.92
997.78
1001.83
25059.94
970.13
961.07
953.20
991.11
975.13
963.93
962.02
25068.04
965.12
957.97
949.86
947.00
947.95
950.81
952.01
25063.99
977.04
959.87
955.10
958.20
974.89
977.99
986.10
25028.94
1007.08
963.93
959.87
962.02
1004.93
995.87
1005.89
15251.16
1054.05
1028.06
1018.05
1017.81
1018.05
998.02
997.07
988.01
1003.98
25110.01
1018.05
998.02
1012.09
1002.07
994.92
989.91
997.07
25097.85
1024.01
1007.08
1008.99
1005.17
997.07
1003.98
25019.88
1060.96
1016.14
1013.99
999.93
995.16
994.92
1002.07
25041.82
1065.97
1018.05
1006.13
997.07
998.97
1005.89
994.92
25041.10
1072.17
1007.08
1008.99
1005.17
1012.09
997.07
996.11
25100.95
1026.87
1003.03
998.97
1003.03
1008.03
1003.03
1007.08
25086.16
981.09
962.97
959.87
962.97
995.87
998.97
993.97
25094.99
973.22
968.93
957.01
957.01
991.11
981.09
975.85
25079.01
985.15
959.87
964.88
952.96
980.85
966.79
973.94
25033.00
1036.88
989.91
982.05
969.89
972.99
968.93
960.83
25004.86
1003.98
964.16
962.02
25006.06
1060.01
1025.92
1021.86
1003.98
979.19
972.03
972.99
25026.80
1055.00
1025.20
1014.95
1001.83
1003.03
1002.07
1000.88
25093.08
1024.01
1008.03
1000.88
983.95
1000.17
999.93
998.97
25108.10
1024.01
1009.94
997.07
1000.17
1001.12
988.96
989.20
25113.11
1009.94
999.21
994.92
988.01
987.05
1002.07
982.05
25115.01
1013.04
994.92
992.06
950.10
968.22
967.98
962.02
25113.82
1018.05
1007.08
1002.07
944.14
955.10
957.97
953.91
25122.88
1026.87
1018.05
1030.92
966.79
973.94
967.98
970.84
25100.95
1011.85
1003.03
999.93
972.03
979.90
976.09
972.99
25079.97
990.87
988.01
985.86
958.92
958.92
962.02
954.87
25067.09
979.90
964.88
960.11
979.19
971.08
967.98
970.13
25063.04
985.86
959.87
960.11
977.04
960.83
965.83
962.02
25063.99
980.85
959.87
952.01
947.00
945.09
950.10
947.00
24991.99
1064.06
1006.13
1017.09
982.05
952.01
950.81
947.00
24989.13
1059.06
1006.13
1003.98
986.10
959.16
959.87
954.87
24991.04
1034.98
974.89
973.94
988.96
972.03
971.08
975.13
24995.09
1029.01
982.05
973.94
970.13
970.13
983.00
977.99
973.94
25058.03
977.99
968.93
961.07
955.10
959.87
957.01
957.97
25074.01
991.11
976.09
967.98
977.99
956.06
957.97
952.01
25055.89
993.01
978.95
967.03
983.95
962.97
968.93
959.87
29055.83
988.96
970.84
975.85
972.99
972.03
970.13
968.93
25024.89
1013.04
966.07
959.16
950.10
948.91
949.86
950.81
24987.94
1022.82
967.03
953.91
948.91
969.17
980.85
969.89
970.13
25055.17
967.03
961.07
952.01
987.05
995.87
993.01
979.90
25074.01
972.99
965.83
957.97
972.99
1003.03
1000.88
993.01
25087.12
982.05
972.99
971.08
998.97
993.01
998.02
995.87
25091.89
1002.07
983.95
983.00
983.95
980.14
978.95
977.99
25095.94
1001.83
997.07
993.01
996.11
991.11
981.09
984.91
25091.89
990.87
983.95
982.05
982.05
965.83
976.80
967.98
25074.96
982.05
974.18
963.93
974.89
966.07
964.88
960.11
25069.00
979.90
967.98
968.93
969.89
960.83
962.02
952.01
25067.09
976.80
962.97
962.02
961.78
957.97
952.01
951.05
24987.94
988.96
955.10
949.14
954.87
952.01
944.14
938.89
24973.87
1005.89
958.92
957.97
951.05
957.97
952.01
957.01
950.10
25061.13
966.07
951.05
948.19
957.01
953.91
948.91
948.91
25049.21
967.98
955.10
950.10
950.10
955.10
949.86
951.05
24986.03
1012.09
963.93
962.97
961.07
965.12
962.97
959.16
24976.97
1029.01
976.09
971.08
959.16
972.03
962.02
962.02
955.82
25060.89
967.98
960.11
961.07
960.11
956.06
955.10
952.01
25070.91
970.13
953.91
950.10
956.06
945.09
953.91
952.01
24988.89
997.07
956.06
955.10
948.91
969.89
974.89
977.99
25027.99
1032.11
991.11
983.95
1000.88
990.87
981.09
984.19
25006.06
1031.16
989.91
983.95
983.00
983.95
976.09
974.89
25007.96
1023.05
973.94
976.80
977.99
972.99
969.89
970.13
24986.98
1034.02
977.99
970.84
973.94
979.90
970.13
971.08
971.08
25069.00
977.04
968.93
962.02
973.94
963.93
970.13
962.02
25064.95
967.98
963.21
956.06
963.93
949.86
953.91
961.78
25059.94
970.84
959.87
952.96
955.10
945.09
945.09
942.95
24991.04
1003.98
966.07
965.12
959.16
961.07
952.96
954.87
24971.96
1013.04
972.03
957.97
959.16
973.94
957.01
962.02
952.01
25059.94
966.07
947.95
955.10
962.97
949.86
955.10
951.05
17069.10
977.99
969.89
964.88
968.93
955.10
955.10
955.10
24998.90
998.02
962.02
952.01
944.85
1001.83
1005.89
1005.17
25049.92
1005.89
967.03
957.97
962.02
991.82
983.00
981.09
25022.03
1020.91
961.07
955.10
955.10
966.07
962.02
963.93
961.07
25084.97
991.11
974.89
977.99
986.10
976.09
972.03
970.13
33092.98
1006.84
996.83
997.07
993.01
1001.12
1000.17
25026.08
1066.92
1005.89
998.97
1000.17
998.02
1003.03
990.87
25039.91
1055.96
1017.09
999.93
994.92
1016.14
1012.09
1008.03
25053.02
1048.80
998.02
994.92
993.97
1021.15
1007.08
1008.99
17057.90
998.97
963.93
957.97
953.91
998.02
999.93
991.82
25053.02
1008.03
969.17
962.97
952.01
978.95
982.05
982.05
25017.98
1012.09
961.07
954.15
942.95
954.87
953.91
955.10
24976.97
1049.04
977.99
972.03
976.09
948.91
943.90
948.19
951.05
33097.98
996.83
984.91
980.85
976.80
1003.03
1007.08
993.97
25105.95
1005.17
1002.07
988.96
983.95
995.16
999.93
986.81
25093.79
1013.04
993.97
993.97
983.00
995.87
996.83
25039.91
1070.02
997.07
1003.03
978.95
1002.07
993.01
1004.93
17035.01
1060.01
1011.85
1004.93
1002.07
986.10
988.96
979.90
25017.02
1070.98
1011.85
1006.84
985.86
952.96
960.11
961.07
24996.04
1068.83
1009.94
1005.17
977.99
959.16
957.97
952.01
24976.02
1065.02
1015.90
1008.99
991.11
953.20
949.86
947.95
32985.21
1021.15
966.07
966.07
962.02
941.04
962.97
954.15
962.02
25072.10
965.12
957.97
952.96
947.95
988.96
996.11
993.01
25089.98
975.85
962.02
957.01
944.85
1007.80
999.93
998.02
25106.91
981.81
972.03
972.03
952.01
997.07
1003.03
1007.80
17111.06
1007.08
998.97
991.82
996.83
963.93
964.16
953.91
25082.83
1024.96
1000.17
994.92
1002.07
967.03
959.16
956.06
25082.11
1005.89
1000.88
996.83
998.02
957.97
956.06
956.06
25061.13
1002.07
993.01
976.80
995.87
957.97
957.01
954.87
33056.97
1017.09
991.11
999.93
973.94
997.07
989.20
1008.03
25098.09
1001.12
988.01
989.91
1002.07
995.16
993.01
998.02
15290.98
970.13
966.07
957.01
957.97
951.05
947.00
990.87
983.95
988.01
33090.11
998.02
993.97
980.14
993.97
994.92
995.16
993.01
25092.12
989.20
967.03
969.89
988.01
993.01
998.97
988.01
25076.15
971.08
966.07
961.07
988.01
1002.07
992.06
1006.84
25077.10
980.85
962.97
961.07
988.01
1004.93
1000.17
994.92
25092.84
978.95
965.12
956.06
960.11
984.19
973.94
973.94
25077.10
976.09
962.02
960.11
956.06
960.83
957.01
956.06
24995.09
997.07
957.01
951.05
941.99
944.14
947.00
948.19
24976.97
1056.91
994.21
983.00
970.13
952.01
950.10
947.00
941.99
25093.08
1007.08
998.97
995.87
960.83
970.84
957.97
955.10
25099.99
1006.84
1000.88
994.92
972.03
958.92
965.12
951.05
25088.79
993.01
976.09
977.99
953.20
941.99
943.18
943.90
25056.84
969.89
957.01
950.10
945.09
971.08
975.13
972.03
25057.08
982.05
954.15
952.96
942.95
978.95
975.85
977.99
25020.12
997.07
960.11
955.10
947.95
993.01
997.07
1001.12
25039.91
1021.86
981.81
970.84
966.07
996.83
1000.88
993.01
25033.95
1045.94
990.15
988.96
972.99
980.14
992.06
984.91
25034.90
1047.85
998.97
992.06
985.15
962.97
969.89
973.94
25013.92
1065.97
1012.09
994.92
993.01
945.09
961.07
961.07
24991.99
1055.96
1003.98
994.92
982.05
955.82
951.05
943.90
24978.88
1040.94
985.86
978.95
977.04
953.91
952.96
954.87
943.90
25086.88
991.11
975.13
964.16
955.10
943.90
952.96
953.91
25077.82
969.89
958.92
956.06
943.90
989.20
990.87
988.96
25105.00
984.91
974.89
964.88
955.10
1005.17
997.07
1001.12
25106.91
987.05
972.99
973.22
964.88
987.05
983.95
983.00
25091.89
999.93
975.85
977.99
981.09
966.07
957.97
955.82
25015.83
1003.03
971.08
966.07
959.16
957.01
965.12
966.07
25012.97
1003.03
962.02
957.01
951.05
999.93
989.91
993.01
25043.96
1015.19
956.06
952.96
960.83
993.97
988.01
983.00
25022.98
1022.10
957.97
952.01
952.01
957.97
958.92
948.91
954.87
25063.99
971.08
953.91
957.97
938.18
955.10
962.02
960.11
21111.01
973.94
11033.06
972.03
957.97
957.01
944.14
954.15
969.89
969.89
17064.81
993.97
969.17
972.99
964.16
993.97
994.21
993.01
25057.08
1007.08
970.13
966.07
956.06
1016.14
1002.07
1007.08
25071.14
993.97
955.82
954.87
958.92
999.93
989.91
983.95
25024.18
1021.15
974.89
969.89
961.07
986.10
974.18
962.97
25012.97
1008.03
970.13
964.16
956.06
959.16
953.91
952.96
24977.92
1029.01
962.02
962.97
957.01
957.01
946.04
951.05
955.10
25061.13
968.93
953.91
946.04
958.92
950.10
950.10
950.10
25052.07
990.15
966.07
971.08
971.08
957.01
961.07
966.07
25020.84
1026.87
988.01
983.95
967.98
997.07
986.10
992.06
25037.05
1034.02
984.91
979.90
972.03
993.97
995.16
1000.88
25034.90
1014.95
986.10
975.13
25022.98
1045.94
998.97
1007.08
991.11
947.95
952.01
947.95
25003.19
1006.13
964.88
961.07
955.10
956.06
958.92
962.97
25002.96
1034.98
980.14
973.94
973.94
979.19
984.91
980.85
25010.82
1050.00
993.01
980.85
973.94
981.09
988.01
985.86
25002.00
1062.15
990.15
987.05
977.99
988.01
993.97
988.01
25004.15
1044.03
970.84
959.87
958.92
998.97
995.87
996.83
993.01
25063.99
977.04
967.03
954.87
1021.86
1011.85
1000.88
1008.03
25084.97
997.07
973.94
970.13
1003.98
1001.83
999.93
25041.82
1054.05
989.91
983.95
972.03
1004.93
1002.07
993.97
25043.01
1055.96
990.87
988.01
963.93
990.87
1004.93
996.11
25035.14
1044.99
989.91
976.80
972.99
1006.13
988.96
1006.84
25033.95
1038.07
970.84
967.98
962.02
990.15
989.91
985.86
25031.81
1022.10
972.99
954.15
946.04
989.20
1002.07
994.92
25033.00
1018.05
960.11
960.11
958.92
1000.88
1008.99
1008.99
25033.00
1029.01
963.93
961.07
952.01
1015.90
994.92
995.16
993.01
25051.12
962.02
962.02
952.96
994.21
1002.07
998.02
990.15
25054.93
966.07
957.97
960.83
983.95
996.11
1003.03
998.97
25073.05
976.09
956.06
955.82
983.00
1005.89
1009.94
1005.17
25095.94
988.01
976.09
975.13
982.05
1003.03
998.02
995.87
25094.99
984.91
978.95
974.18
963.93
994.92
993.97
989.91
29051.07
973.22
959.87
961.07
962.02
957.97
954.87
957.01
25070.91
973.94
962.97
950.10
947.95
964.88
973.22
974.89
25039.91
1003.98
972.99
967.03
954.87
967.03
973.94
970.84
13507.84
1044.03
1011.13
1020.91
1011.85
1011.85
1015.90
25033.00
1086.95
1029.97
1013.04
1017.81
1019.95
1016.14
1013.99
25058.03
1064.06
1024.96
1012.09
1024.01
1015.90
1013.99
1016.86
25105.00
1037.12
1018.05
1016.14
1023.05
1016.86
1005.89
1010.89
25127.17
1026.15
1019.95
1015.90
1014.95
1013.99
1011.85
25025.84
1094.10
1023.05
1012.09
1017.09
996.11
998.97
985.86
25020.84
1055.96
1000.88
997.07
991.82
1006.84
998.02
988.96
25024.89
1050.00
988.01
992.06
988.96
991.11
975.13
967.98
25007.01
1036.88
988.01
975.85
967.98
962.02
948.19
943.90
24957.90
1027.11
959.87
956.06
941.04
952.01
979.90
977.04
986.10
25080.20
961.07
951.05
941.04
968.22
1008.03
1009.94
1006.13
25083.07
960.83
955.82
947.00
961.07
970.13
962.97
954.87
25055.89
1015.90
986.10
990.15
984.91
949.86
952.01
967.98
25056.12
1026.87
1007.08
995.16
989.91
993.97
998.97
999.93
25120.02
1022.82
990.87
990.87
993.01
1007.08
988.01
993.97
25102.85
1009.94
990.15
985.15
1002.07
989.91
988.01
988.96
25074.01
994.92
983.00
975.13
993.01
970.13
969.89
959.87
25069.00
996.11
982.05
972.99
977.99
945.09
937.94
941.04
25065.90
1011.13
988.96
983.95
981.09
981.09
992.06
985.86
25091.89
1007.80
993.97
995.16
985.86
1005.89
996.83
994.92
25094.03
1009.94
992.06
981.09
1007.08
1018.05
1005.89
995.16
25083.07
988.96
977.04
970.13
993.97
989.20
971.08
966.07
25078.06
1009.94
982.05
974.18
987.05
949.14
943.90
931.98
25069.95
1013.99
1008.03
1004.22
973.94
948.19
952.01
962.02
25065.18
1013.04
1001.12
992.06
976.09
976.09
991.11
986.10
25099.04
1025.92
1000.17
998.02
977.04
991.82
991.82
989.91
25122.88
1013.99
999.93
996.83
990.87
998.97
998.97
1003.98
25121.93
1013.99
1000.17
1002.07
997.07
991.11
988.01
984.91
29083.97
986.10
979.90
966.07
972.99
956.06
950.10
944.14
17079.11
993.97
975.85
974.89
976.09
965.12
959.16
963.93
25070.91
1013.99
1002.07
1001.12
1009.94
965.12
957.97
957.97
25067.09
1004.22
983.95
983.95
970.13
943.90
944.85
934.84
25001.05
1003.98
967.98
972.99
972.99
966.07
978.95
969.89
25028.94
1042.13
1003.03
1006.84
1001.83
967.98
974.18
977.04
25020.12
1039.03
1006.13
996.11
983.00
971.79
968.93
973.22
25012.02
993.01
952.01
947.00
940.08
1002.07
1001.12
988.01
25033.00
1044.99
995.87
995.16
988.96
987.05
990.87
993.01
25041.10
1057.15
1014.95
1007.80
1003.98
1011.13
998.02
1000.17
25049.92
1055.96
1007.80
1007.80
995.87
981.09
967.03
967.98
25010.82
998.02
950.10
943.18
942.95
988.01
985.86
989.91
25029.90
1053.81
1009.94
1010.18
1012.09
1004.93
1007.80
1011.85
25047.06
1019.95
974.89
967.98
968.93
1008.03
1010.89
1004.93
25061.13
977.99
946.04
941.99
956.06
987.05
984.19
979.90
25028.94
1035.93
985.15
998.02
986.10
983.00
970.84
966.07
25017.02
1061.20
1009.94
1010.89
1008.03
975.85
970.84
960.83
25004.86
1022.10
969.89
960.83
954.87
968.93
964.16
972.03
25014.16
1036.17
978.95
979.19
975.85
1003.98
995.16
1000.88
25035.86
1070.02
1013.99
1005.89
998.97
988.96
988.01
994.92
25038.00
1032.11
992.06
978.95
965.12
1001.12
1001.12
1007.08
25043.96
1003.98
959.16
957.97
968.93
988.01
981.81
977.99
25012.97
1077.89
1018.05
1013.04
1008.03
982.05
972.99
972.03
25005.10
1015.90
969.89
954.87
943.90
949.14
952.01
954.87
947.95
25105.95
1013.04
1007.08
1004.93
943.90
955.82
952.96
947.00
25082.83
984.91
975.13
967.03
940.80
966.07
964.88
977.99
25074.01
972.99
962.02
961.07
973.22
995.87
989.91
993.01
25108.10
1002.07
998.02
1003.98
973.94
993.97
985.86
990.15
25119.07
1020.91
1013.99
1008.99
986.10
982.05
993.01
987.05
25106.91
1001.83
1008.03
993.97
957.01
974.89
968.93
967.03
25061.85
961.07
957.97
971.08
953.91
975.13
975.13
979.90
25120.97
1023.05
1012.09
1006.13
29098.03
1017.81
1003.98
1004.93
988.96
989.20
992.06
25028.94
1049.04
997.07
993.97
974.18
1001.12
995.87
1000.88
25040.15
1044.99
970.84
968.93
952.96
1000.88
997.78
1003.03
25021.08
1009.94
953.91
