1436.95
13509.04
1490.83
1410.01
1391.17
1378.06
1366.85
25560.86
1456.02
1393.80
13601.06
1424.79
1422.88
1430.03
1479.15
21527.05
1477.00
1390.22
1419.07
1391.17
1394.03
25630.00
1412.15
1386.17
1384.97
1379.01
29527.90
1489.16
1394.99
1398.09
1368.05
1363.99
25611.88
1455.07
13453.01
1529.93
1399.99
1413.11
1372.10
1369.95
25518.89
1473.90
1369.95
13590.10
1405.95
1385.93
1393.08
1381.87
25457.86
1513.00
1405.00
13530.97
1470.80
1394.03
1406.19
1374.96
1382.11
25640.96
1432.90
13532.88
1488.92
1410.96
1405.00
1379.97
1382.11
25542.97
1465.08
1408.10
13607.03
1415.97
1409.05
1376.87
1360.18
25509.12
1560.21
1424.07
13591.05
1412.87
1380.92
1390.93
1368.05
25427.82
1565.93
1405.95
13530.97
1484.87
1402.85
1424.07
1374.01
1375.91
25619.03
1436.00
13496.88
1499.89
1406.91
1406.91
1405.95
1377.82
25522.95
1478.91
1390.22
13606.07
1433.13
1392.13
1372.10
1358.99
25506.97
1502.04
1393.80
13513.09
1467.23
1383.07
1404.05
1374.96
1381.16
25628.09
1424.07
13520.00
1481.06
1410.01
1400.95
1382.83
1373.05
29602.05
1435.04
10401.96
1433.13
1403.81
1412.87
1375.91
25436.88
1570.94
1415.97
13553.14
1537.80
1405.00
1393.80
1389.03
1399.99
25638.10
1420.02
13518.10
1499.89
1397.85
1405.95
1379.01
1366.85
25528.91
1449.11
1384.97
13607.03
1411.91
1426.22
1379.97
1373.05
21544.93
1490.12
1406.91
1413.82
1371.86
1376.87
25624.99
1428.84
1398.09
1387.12
1372.10
29500.96
1494.17
1390.93
1405.00
1373.05
1369.00
25512.93
1472.95
1385.93
13623.95
1426.22
1399.04
1382.11
1364.95
25507.93
1484.87
1411.91
13530.02
1461.98
1398.80
1415.97
1370.19
1363.99
25610.92
1410.96
13504.03
1478.91
1392.84
1391.89
1397.85
1430.03
25769.95
1564.03
13548.14
1489.88
1410.01
1430.03
1379.01
1374.96
25594.00
1420.02
1386.88
13587.00
1425.98
1410.96
1373.05
1369.95
25489.09
1464.13
1379.01
13578.89
1428.13
1379.97
1378.77
1358.99
1366.85
1573.09
1413.11
13504.98
1462.94
1390.93
17517.81
1444.10
1396.18
9577.04
1408.10
13465.88
1473.90
1395.94
1405.95
1388.07
1379.97
25516.99
1493.93
1413.11
13619.18
1447.92
1405.95
1384.02
1369.00
26372.91
1422.88
13484.95
1495.84
1395.94
1384.02
1374.01
1375.91
25500.06
1465.80
1436.00
13613.94
1420.97
1393.08
1384.02
1371.86
29510.97
1492.02
1422.17
1411.91
1375.91
1366.85
25596.86
1442.91
1390.93
9588.00
1410.01
13501.88
1468.90
1396.89
1388.07
1384.02
1384.97
25583.03
1437.90
1399.04
13611.08
1421.21
1414.06
1386.17
1384.02
25516.03
1492.98
1394.03
13612.03
1436.95
1384.02
1405.95
1358.99
21482.94
1481.06
14378.07
1524.93
1405.00
13500.93
1452.92
1390.93
1387.83
1380.92
1369.00
25581.12
1424.07
1388.79
13572.93
1406.91
1391.89
1381.87
1379.97
25504.83
1482.01
1410.01
13595.10
1456.98
1381.16
1396.18
1374.01
25422.10
1528.98
1400.95
13517.14
1487.02
1397.13
1393.08
1383.07
1381.87
21615.03
1429.08
1403.09
1392.84
1379.01
25535.11
1507.04
1406.91
1406.91
1389.03
1383.07
29617.07
1438.86
1394.99
1407.86
1421.93
25503.87
1496.08
1399.99
13508.08
1470.09
1388.07
1388.07
1373.05
1377.11
25628.09
1410.96
13502.12
1483.92
1402.85
1410.96
1377.82
1379.97
25516.99
1467.94
1392.13
13621.09
1430.03
1396.89
1410.01
1386.88
25523.90
1492.98
1399.99
13594.15
1451.02
1402.85
1390.93
1442.91
25494.10
1489.88
1406.91
13536.93
1463.89
1395.94
1397.13
1387.12
1390.93
25631.90
1419.07
13662.10
1494.88
1401.19
1393.08
1381.16
1371.15
25600.91
1451.97
1395.94
9551.05
1401.90
13487.82
1474.86
1396.89
1402.85
1381.16
1369.00
25578.98
1431.94
1395.23
13628.01
1426.22
1405.00
1387.83
1369.95
25521.99
1482.01
1386.88
13597.01
1436.00
1404.05
1411.20
1387.12
25486.95
1501.08
1386.17
13528.11
1479.15
1394.99
1389.98
1366.85
1361.85
25619.98
1423.84
13484.00
1487.97
1389.98
17510.89
1482.96
1430.03
9582.04
1417.88
1381.87
13573.88
1414.06
1405.00
1385.21
1374.96
25509.12
1476.05
1409.05
13602.02
1426.94
1386.88
1403.09
1384.02
25458.10
1528.98
1410.01
13518.81
1472.00
1396.89
1411.91
1389.98
1375.91
25611.88
1433.13
13468.03
1494.88
1402.85
1399.04
1383.07
1369.00
29541.02
1482.96
1382.83
1398.09
1374.01
1369.95
25628.09
1410.01
13510.94
1477.00
1398.80
1397.85
1400.95
1382.83
25589.94
1435.04
1396.89
13600.11
1430.03
1412.87
1399.04
1379.97
25513.89
1481.06
1403.09
13617.99
1442.91
1436.00
1488.92
1388.07
25511.98
1508.00
1414.06
13520.00
1461.98
1405.00
1399.04
1384.97
1374.01
25625.94
1420.02
13515.95
1482.01
1396.89
1405.00
1374.96
1374.01
25604.96
1428.84
1384.02
13579.13
1404.05
1397.13
1374.01
1376.87
25509.83
1472.00
1392.84
13577.94
1447.92
1388.07
1399.99
1381.16
25458.10
1506.09
1403.81
13535.02
1469.14
1398.09
17605.07
1431.94
1395.94
9556.06
1419.07
13502.12
1474.86
1444.82
1404.05
1382.11
1379.97
25603.06
1429.08
1384.97
13581.99
1413.11
1394.03
1376.87
1375.91
25586.84
1505.14
1395.94
13591.05
1417.16
1383.07
1369.95
1362.09
25461.91
1482.96
1390.93
13512.85
1470.09
1396.18
1393.08
1375.20
1379.01
29621.12
1426.94
1400.95
1380.92
1384.02
17517.09
1486.06
1405.95
1400.95
1388.07
1363.99
25594.95
1436.00
1383.07
14338.97
1396.89
1383.07
1353.98
1367.09
25619.03
1423.12
13515.95
1485.82
1386.88
1384.97
1377.11
1369.00
25497.91
1462.94
1389.03
13602.02
1415.97
1383.07
1374.96
1361.13
29482.13
1490.12
1407.15
1384.97
1375.91
1375.91
25540.11
1476.05
1394.03
9635.93
1505.85
13515.00
1477.00
1396.18
1394.03
1376.15
1367.09
29611.11
1434.80
1394.99
1396.18
1386.17
25424.96
1539.95
1405.95
13535.02
1474.14
1827.00
1425.98
1382.83
1384.97
1386.17
1376.15
29504.06
1479.86
1397.85
1402.85
1377.11
1359.94
25578.98
1439.81
1400.95
1401.90
1384.02
1342.06
1575.95
1399.99
1394.99
1370.91
1364.95
25499.82
1476.05
1386.88
13590.81
1411.91
1379.97
1397.13
1363.04
25410.89
1548.05
1406.19
13505.94
1446.96
1374.01
1384.02
1364.95
1370.91
25609.02
1429.08
1390.22
13563.87
1395.94
1391.89
1374.01
1371.15
25511.03
1479.86
1389.03
13596.06
1428.84
1380.92
1401.90
1369.00
25422.10
1547.81
1415.97
13515.00
1461.98
1389.98
1395.94
1382.83
1363.04
25622.13
1438.14
13440.13
1533.99
1404.05
1391.17
1378.06
1365.18
25513.17
1481.06
1382.83
13591.05
1420.02
1386.88
17570.97
1403.81
9486.91
1466.99
1393.08
13504.98
1451.97
1379.01
1383.07
1369.95
1361.13
25609.02
1414.06
13479.95
1465.08
1389.03
17488.00
1459.12
1379.01
9562.97
1418.11
1377.11
13563.16
1399.04
1390.93
1384.02
1376.87
25505.07
1475.10
1397.13
13504.03
1446.01
1378.06
1394.99
1369.00
1375.91
29628.99
1411.91
1394.99
1367.09
1374.01
25512.93
1477.96
1390.93
9523.87
1428.84
1390.93
13583.90
1401.90
1397.85
1374.96
1370.91
25493.14
1481.06
1391.89
13515.95
1444.82
1389.03
1390.93
1372.10
1368.05
25623.08
1430.99
13502.12
1478.20
1391.17
1394.99
1369.95
1375.91
25503.87
1475.10
1405.00
13611.79
1411.91
1396.89
1383.07
1371.15
25501.01
1491.07
1399.04
13512.85
1458.88
1390.93
1388.07
1363.99
1358.99
25609.97
1411.91
13502.84
1477.96
1390.93
1399.99
1380.92
1370.91
25164.84
1454.11
1387.12
21570.21
1433.13
1387.12
13603.93
1407.15
1400.95
1381.87
1374.96
25497.20
1486.06
1399.99
13546.94
1446.01
1394.03
1387.83
1369.00
1363.99
25612.83
1411.91
13525.01
1483.92
1407.15
1393.08
1373.77
1363.04
25588.99
1420.97
1378.06
13599.87
1415.01
1398.09
1377.11
1381.16
25511.03
1479.86
1380.92
13591.05
1424.07
1385.21
1393.08
1364.95
25379.90
1555.92
1391.89
13512.85
1470.09
1383.07
1386.17
1363.99
1371.86
25574.92
1435.04
1389.03
13597.97
1402.85
1389.98
1381.16
1369.95
25509.12
1475.10
1393.80
13570.07
1430.99
1378.06
1389.03
1367.81
1363.99
25583.03
1419.07
13512.13
1471.04
1389.98
1392.13
1377.11
1363.04
25587.08
1413.82
1389.03
13599.16
1414.78
1390.93
1370.91
1360.18
25499.11
1479.86
1394.03
13549.09
1441.00
1378.06
1393.08
1365.18
1368.05
25588.04
1406.91
13501.88
1457.93
1391.89
1397.85
1381.87
1363.99
25588.04
1436.95
1376.15
13612.03
1418.11
1392.84
1377.82
1370.91
25501.97
1477.96
1393.08
13561.01
1436.95
1391.89
1399.99
1364.95
1367.09
25594.00
1415.97
13516.90
1466.04
1393.08
1387.12
1387.12
1373.05
25599.00
1433.13
1379.01
13572.93
1400.95
1392.13
1383.07
1373.05
25524.85
1522.06
1404.05
13590.81
1417.88
1374.96
1391.89
1374.96
25429.96
1539.95
1401.90
13512.85
1461.98
1381.87
1384.02
1367.09
1369.00
25600.91
1424.07
1378.06
13581.04
1404.05
1385.21
1364.95
1369.00
25505.07
1467.94
1379.01
13567.92
1424.07
1382.11
1392.13
1368.05
1377.82
25582.08
1415.97
13046.03
1465.08
1385.93
1380.21
1373.05
1384.02
25503.87
1482.01
1396.18
13567.92
1436.95
1373.05
1402.14
1374.01
1370.19
25582.08
1421.93
13521.19
1466.99
1399.04
1389.03
1377.82
1375.91
25617.84
1437.90
1388.07
13576.98
1396.89
1387.83
1378.06
1384.02
25514.84
1467.94
1393.08
13611.08
1423.84
1384.02
1391.17
1374.01
25465.01
1508.00
1390.93
13509.99
1469.14
1389.98
1394.99
1384.02
1389.98
25597.10
1425.03
13453.96
1514.91
1389.98
1390.93
1376.87
1371.86
25496.01
1478.91
1389.98
13597.97
1420.97
1389.03
1399.04
1375.91
25473.12
1504.90
1406.91
13511.18
1459.12
1384.02
1403.81
1368.05
1381.16
25607.11
1426.94
13489.96
1487.02
1394.99
1395.94
1379.97
1368.05
25503.87
1473.90
1385.93
13594.87
1411.91
1402.85
1387.12
1374.01
25480.03
1494.17
1399.04
13518.81
1466.04
1389.03
1391.89
1380.92
1378.77
21776.91
1420.02
1400.95
1387.12
1373.05
25516.03
1478.91
1388.07
1389.98
1385.93
1363.99
29623.03
1430.99
1406.19
1379.97
1379.01
25508.17
1482.01
1406.91
13531.21
1466.99
1396.89
1405.00
1374.96
1369.00
25616.17
1422.17
13524.06
1484.87
1388.07
1404.05
1378.06
1370.91
25590.90
1443.86
1395.94
13593.91
1398.80
1399.99
1380.92
1369.00
25510.07
1484.87
1391.89
13572.93
1431.94
1388.79
1391.89
1379.97
1370.91
1576.90
1408.10
13516.90
1462.94
1394.99
1389.03
1373.05
1369.95
25602.10
1434.09
1394.03
13594.87
1405.00
1398.09
1370.91
1369.00
25519.13
1476.05
1394.03
13590.10
1420.97
1399.04
1397.13
1367.09
25449.99
1532.08
1410.01
9495.97
1457.93
1391.17
21582.13
1436.00
1391.89
9562.02
1405.00
13484.95
1477.00
1399.99
1385.93
1369.95
1375.20
25506.97
1466.99
1384.02
13609.89
1415.97
1391.89
1384.02
1372.10
25488.14
1489.16
1400.95
13516.90
1445.06
1381.87
1395.94
1381.87
1369.00
25618.08
1431.94
13505.94
1469.85
1399.99
1395.94
1385.21
1375.91
25549.89
1446.01
1397.13
13606.07
1412.87
1399.99
1384.97
1388.07
25511.98
1478.91
1397.85
13540.98
1439.81
1374.96
1407.86
1381.87
1375.20
25592.09
1420.97
13522.15
1465.08
1399.99
1406.91
1379.97
1374.01
25624.04
1425.98
1389.03
13575.08
1405.95
1387.83
1380.92
1368.05
25523.90
1477.96
1394.99
13605.12
1419.07
1395.94
1400.95
1377.11
25473.12
1504.90
1406.91
13503.79
1462.94
1401.90
1399.04
1368.05
1378.06
29616.12
1434.09
1401.19
1388.07
1369.00
25508.17
1500.13
1407.15
9509.09
1457.93
1389.03
13596.06
1417.16
1397.13
1378.06
1374.01
25485.99
1482.01
1410.01
13510.94
1465.08
1395.94
1395.94
1374.96
1365.18
25608.06
1418.11
13491.15
1484.16
1396.18
1403.09
1383.07
1374.01
21523.95
1460.08
1380.92
1394.03
1375.91
1368.05
25628.81
1424.07
1401.90
1397.85
1368.05
29515.98
1482.01
1392.84
1401.90
1377.82
1369.00
25623.08
1430.99
13486.15
1490.12
1401.19
1392.13
1384.97
1374.96
25532.01
1466.99
1393.80
13592.00
1417.16
1401.19
1384.02
1379.01
25501.01
1481.77
1394.99
13504.03
1472.00
1389.98
1392.84
1378.06
1364.95
25618.08
1430.03
13509.99
1480.82
1394.03
1399.04
1389.03
1375.20
25479.08
1461.03
1387.12
13613.94
1422.88
1394.03
1384.97
1377.11
25494.10
1492.98
1405.00
13520.96
1462.94
1402.14
1398.09
1382.11
1375.20
25613.07
1416.21
13525.96
1469.85
1400.95
17513.04
1470.09
1384.02
9582.04
1410.01
13452.05
1497.98
1400.95
1394.03
1374.96
1368.05
25515.79
1479.15
1397.13
13585.09
1435.04
1395.94
1386.17
1372.10
25480.03
1500.84
1401.90
13516.90
1461.98
1394.03
1399.04
1369.00
1369.00
25615.93
1420.02
13496.16
1488.92
1384.97
1385.93
1381.87
1366.85
29523.85
1477.96
1394.99
1409.05
1389.03
1370.91
25635.96
1417.16
9495.02
1475.10
1392.13
13510.94
1447.92
1388.07
1403.09
1370.19
1368.05
25614.98
1417.16
13492.11
1483.92
1399.04
1395.23
1378.06
1366.14
25521.04
1478.91
1389.03
13607.03
1417.16
1405.95
1385.93
1357.08
21506.07
1478.20
1394.03
1394.99
1384.02
1379.01
25609.02
1436.00
1389.98
1402.14
1373.05
29472.11
1502.99
1409.05
1413.11
1380.21
1373.05
25521.99
1482.96
1396.89
13612.03
1424.07
1408.10
1385.21
1374.01
25505.78
1496.08
1403.81
13525.96
1462.94
1391.17
1393.08
1376.87
1366.85
25617.84
1430.03
13510.94
1483.92
1395.94
1386.17
1395.94
1370.91
25605.92
1442.91
1405.95
13587.00
1425.98
1395.94
1384.02
1373.05
25512.93
1483.92
1396.89
13590.81
1419.07
1389.03
1398.80
1374.96
25452.14
1518.96
1398.09
13518.81
1466.04
1384.02
1391.89
1380.92
1370.19
25612.12
1425.98
13447.05
1528.98
1400.95
17515.18
1472.95
1394.03
9552.00
1431.94
1384.02
13599.16
1410.01
1393.08
1382.11
1370.91
25501.97
1484.87
1400.95
13530.97
1456.02
1394.03
1407.15
1372.10
1375.91
25599.96
1426.94
13508.08
1469.85
1405.95
1389.03
1377.11
1381.16
25603.06
1444.10
1398.80
13586.04
1414.06
1397.13
1381.16
1372.10
29516.94
1478.91
1400.95
1404.05
1379.97
1370.91
25620.94
1430.03
9478.09
1467.94
1389.98
13512.13
1457.21
1387.12
1395.94
1375.91
1376.15
25607.11
1437.90
13448.00
1515.15
1402.14
1406.91
1377.11
1384.02
25504.83
1475.10
1387.12
13602.02
1423.12
1399.99
1390.93
1374.96
21492.96
1491.07
1389.03
1407.86
1375.91
1365.90
25513.89
1468.90
1399.99
1399.99
1378.77
1377.11
29608.96
1430.99
1401.90
1393.80
1374.01
25521.99
1483.92
1404.05
13628.96
1425.98
1403.09
1395.94
1373.77
25485.04
1490.12
1401.19
13515.00
1464.84
1389.03
1397.13
1373.05
1371.15
21636.96
1420.97
1400.95
1383.07
1379.97
25510.07
1498.94
1395.94
1401.19
1384.97
1379.01
29618.98
1437.19
1389.98
1387.12
1377.11
25491.95
1508.95
1393.08
13505.94
1475.10
1384.97
1399.04
1393.08
1361.13
25603.77
1428.13
13487.10
1489.16
1393.08
1398.80
1381.87
1371.86
25503.87
1484.16
1396.89
13592.00
1415.97
17440.08
1521.83
1406.91
9490.97
1446.96
1394.03
13514.04
1436.00
1394.99
1396.18
1378.06
1358.03
25598.05
1420.97
13499.02
1462.94
1388.79
1388.07
1394.99
1387.83
25604.96
1388.79
1372.10
13598.92
1395.94
1391.89
1369.95
1361.13
25492.19
1477.00
1394.03
13509.99
1449.11
1383.07
1402.14
1368.05
1367.09
25624.04
1407.15
13499.02
1477.96
1384.97
1394.03
1374.96
1367.09
29520.03
1456.02
1390.93
1391.89
1368.05
1364.95
25605.92
1427.89
9498.12
1465.08
1389.98
13503.07
1445.06
1392.84
1395.94
1374.01
1368.05
25624.04
1402.85
13490.92
1464.84
1374.01
1384.02
1373.05
1378.06
25513.17
1465.08
1388.79
13602.02
1421.93
1389.03
1383.07
1369.00
25483.85
1487.02
1394.03
13506.89
1466.04
1391.17
1389.03
1376.15
1370.19
25619.98
1425.03
