1080.99
1022.82
1008.03
1019.95
1019.95
1004.93
1006.84
17059.09
1039.98
989.91
1005.17
1019.95
992.77
983.95
1001.12
25080.92
1002.07
1035.93
974.89
957.97
983.00
987.05
983.95
33081.05
1000.88
992.06
973.94
980.14
967.03
962.02
961.78
25033.00
1034.98
993.01
1000.88
1002.07
974.89
983.00
971.08
25041.10
1029.97
993.97
993.01
998.97
990.87
1000.88
991.82
33092.98
1024.01
1005.89
998.97
981.09
1024.01
1031.16
1015.90
17078.88
972.03
951.05
952.01
979.90
1001.12
1006.13
999.93
25130.03
1013.04
1013.04
1013.04
946.04
953.91
957.01
961.07
25090.93
983.95
972.99
965.12
963.93
972.99
957.97
946.04
25048.02
977.04
967.03
959.16
972.03
949.14
952.96
947.00
25004.86
1035.93
988.96
983.95
980.14
984.91
988.96
980.14
25021.08
1034.98
994.92
997.78
993.01
983.95
993.01
983.00
25026.08
1021.86
982.05
974.89
958.92
993.01
986.81
987.05
37010.91
1044.03
1029.01
1014.95
1018.05
1007.08
1012.09
1007.08
9076.12
1033.07
1012.09
1000.17
1012.09
1007.08
1016.14
1003.98
25101.90
1009.94
1000.17
995.87
1021.86
1014.95
999.21
1012.09
25080.92
977.99
992.06
1037.12
968.93
993.01
982.05
990.15
25079.97
972.99
967.03
950.10
962.97
964.88
957.97
955.10
25048.97
964.88
957.97
962.02
970.13
960.11
956.06
960.11
25042.06
1074.79
1031.88
1035.93
1006.13
954.15
957.01
947.00
17048.84
985.86
972.03
967.98
1012.09
1055.00
1048.09
1046.90
25132.18
1000.17
986.10
983.95
991.82
980.85
990.87
982.05
25082.83
993.01
984.91
980.85
980.85
968.93
975.85
971.08
25078.06
984.91
972.03
970.13
964.88
1009.94
1020.19
1003.03
25118.11
1019.95
995.87
985.86
1001.12
980.14
983.95
980.85
25092.84
1000.88
1000.88
979.90
1001.12
982.05
982.05
986.81
1015.90
1024.96
1022.10
1014.95
25148.87
1076.22
1050.95
1041.89
989.20
995.87
1000.88
981.81
980.85
976.09
974.18
25007.01
1034.98
997.07
983.00
989.91
979.19
978.95
976.09
964.16
966.07
967.98
969.89
969.17
25048.97
980.85
988.01
970.13
975.85
954.87
957.97
955.10
990.15
989.91
986.10
970.13
25069.00
1007.80
988.01
977.04
1019.95
1039.03
993.97
978.95
994.92
989.91
978.95
979.90
41112.90
1034.98
1017.09
1016.14
1030.92
1013.99
1010.89
25027.99
1065.97
1003.98
1008.03
1013.04
1005.89
998.97
1002.07
25042.06
1022.82
975.85
971.08
969.17
1010.89
1015.90
1025.92
25073.05
1041.17
997.07
991.11
2305.98
994.21
1002.07
25098.09
998.97
988.96
980.14
983.95
976.09
978.95
972.03
25081.16
998.97
967.98
962.02
968.93
955.82
975.85
953.91
25060.89
1058.82
1049.04
1025.92
1019.95
971.08
976.09
966.07
25099.99
1065.02
1059.06
1046.90
1058.82
1052.86
1055.00
21101.00
1024.01
970.13
964.88
964.88
1022.10
1017.09
1012.09
1017.09
1012.09
1010.18
1005.89
25027.99
1035.21
998.02
1002.07
993.97
978.95
983.95
982.05
972.03
979.19
982.05
975.13
25011.06
1046.18
1002.07
997.07
985.15
953.91
955.82
957.97
976.09
967.98
967.03
971.08
24985.07
1037.84
988.96
984.91
983.00
998.97
988.01
1003.03
1007.08
1003.98
1012.09
1008.99
25038.00
1063.82
1016.86
1014.95
1013.04
1016.14
1005.17
1008.03
998.97
995.87
994.21
1000.88
25050.88
1050.00
1003.98
1001.12
993.01
993.97
1001.12
1015.90
1022.82
1016.86
1001.83
1000.88
25033.00
1063.11
1013.99
1008.99
1019.00
998.02
1001.12
1002.07
992.06
954.87
957.97
962.97
25024.18
1066.92
1016.86
1008.99
1005.89
951.05
952.01
953.20
967.98
959.16
958.92
959.87
25007.96
1069.07
1016.14
1018.05
1003.98
952.96
954.15
964.88
25009.16
1073.12
1037.12
1029.97
1037.12
1029.01
1031.88
1026.87
25128.84
1045.94
1034.02
1030.92
1038.07
1032.11
1028.06
1029.01
25092.84
1032.83
1012.09
1008.03
1008.99
1008.99
1008.99
25036.10
1079.80
1020.91
1011.85
1008.03
980.85
988.96
998.97
25038.96
1075.03
1029.97
1024.96
1014.95
1016.14
1013.04
1012.09
25102.14
1023.05
1018.05
1013.99
1008.03
1008.99
1002.79
1009.94
25092.12
977.99
964.88
963.93
962.02
1004.93
1020.19
1013.99
1020.19
1015.90
1004.93
1008.99
25088.79
972.03
967.98
962.02
974.89
954.87
951.77
957.01
947.95
974.89
974.18
975.13
25076.87
979.90
960.11
956.06
952.96
988.01
981.09
981.09
983.95
980.85
980.85
983.00
25022.98
1025.92
992.06
980.14
988.01
986.10
986.10
980.14
972.03
971.08
965.12
962.02
25007.01
1055.00
1014.95
1011.13
988.96
983.00
972.99
974.89
968.93
968.22
967.03
961.07
24991.99
1017.81
969.89
967.98
967.03
964.16
956.06
962.97
961.07
998.02
1000.88
1008.99
1006.13
29078.96
983.95
965.12
966.07
967.98
968.93
959.16
957.97
25069.00
976.09
969.89
961.78
969.89
959.87
957.97
962.97
25066.14
976.09
965.12
957.97
976.09
960.11
967.03
965.12
25012.02
1010.18
962.97
962.97
967.03
960.83
957.01
962.97
953.91
956.06
957.01
957.01
24991.04
1064.06
1006.13
997.07
993.97
998.97
988.96
999.93
989.91
982.05
983.95
986.81
29008.87
1070.02
1014.95
1010.89
1013.99
1008.99
1010.89
1007.08
25046.11
1052.86
1010.89
1008.03
1008.99
1007.08
1003.03
1003.98
25047.06
1029.97
996.83
990.87
1006.84
989.91
987.05
984.91
21065.00
1010.89
1003.98
988.96
998.97
999.93
988.96
993.97
997.07
988.96
987.77
993.97
25079.97
1007.08
999.93
1004.22
1000.88
987.05
988.96
986.10
29083.97
980.85
962.97
960.11
965.12
957.97
962.97
956.06
29011.01
1016.86
981.09
972.99
968.93
994.21
992.06
1000.88
998.97
997.07
999.93
993.97
13049.13
1033.07
991.82
988.96
975.13
969.89
979.90
991.11
991.11
978.95
974.89
983.00
25022.98
1024.01
972.03
976.09
957.97
989.91
993.01
1004.93
996.11
993.97
996.83
993.01
25038.96
1010.89
963.93
955.10
947.00
1003.98
1012.09
1011.13
1004.93
1009.94
1007.08
1007.08
25045.87
1007.08
960.11
960.11
952.01
1008.99
1003.03
1008.03
1008.03
1013.99
1003.03
1006.13
25048.97
1015.90
983.95
975.13
963.93
1004.93
997.07
996.11
1006.13
991.11
993.01
996.83
25045.87
1048.80
995.87
995.87
988.96
996.11
996.11
992.06
1005.89
990.87
988.96
982.05
25036.10
1051.90
998.02
1003.98
997.07
993.01
988.96
995.16
999.93
988.01
988.01
988.01
29021.02
1050.00
1013.04
1008.99
1009.94
1003.98
1003.03
1006.13
1012.09
1002.07
999.93
1005.89
25089.03
1015.90
1003.03
1004.93
1005.17
998.97
991.82
994.92
1006.13
992.06
992.06
980.85
25091.89
1009.94
998.02
989.20
999.93
989.91
991.11
989.91
986.81
985.86
984.91
976.80
25085.93
1001.12
988.96
988.01
985.86
978.95
979.19
977.04
978.95
969.89
966.07
958.92
25042.06
980.14
953.91
957.97
958.92
952.01
947.00
953.91
962.02
952.01
952.96
948.19
24981.98
1013.99
968.93
967.98
972.99
968.22
966.07
969.89
967.03
967.98
959.16
964.88
964.88
25069.95
964.16
960.11
962.02
970.13
957.01
959.16
961.07
968.93
957.01
957.97
964.88
25015.83
998.02
963.93
967.98
962.97
963.93
962.02
962.02
968.93
964.88
966.79
963.93
24987.22
1013.04
978.95
969.89
972.99
968.93
969.89
968.22
972.03
972.99
975.85
967.03
967.03
25120.97
1015.90
1002.07
994.21
1002.07
998.02
993.97
998.97
1003.03
996.83
996.83
983.95
25094.03
1019.95
1017.09
1018.05
1017.09
1006.13
1012.09
1015.19
1012.09
1005.89
1008.99
25043.01
1072.88
1025.92
1015.19
1011.85
1016.86
1017.81
1013.04
1028.06
1017.09
1019.95
1016.14
25111.91
1037.84
1024.01
1019.00
1021.15
1019.00
1015.19
1014.95
962.97
984.91
984.91
988.01
25105.00
1019.00
1003.98
1005.89
985.15
950.10
955.10
951.05
25092.12
1020.91
1024.96
1016.14
1019.00
1021.15
1017.09
1018.05
25111.91
1028.06
1020.91
1023.77
1013.04
1015.90
1015.90
25048.02
1029.01
986.10
967.98
963.21
1002.07
994.92
994.92
25026.08
1059.06
992.06
977.04
983.00
976.80
983.95
976.09
25005.10
1033.78
994.92
978.95
991.11
988.01
983.00
978.95
25015.12
1065.02
999.93
992.06
995.16
971.08
982.05
988.01
25018.93
1052.14
990.15
997.07
992.06
991.11
980.14
977.99
25007.96
1034.98
987.05
989.20
9006.98
1055.00
1019.95
1022.10
1022.10
1017.09
1019.00
1023.05
25066.85
1024.01
998.97
995.87
1006.84
998.97
1000.88
1013.04
983.95
998.97
996.11
1012.09
25110.96
1029.97
1009.94
1019.00
983.95
980.85
983.95
983.95
981.81
973.94
974.18
976.09
25073.05
988.01
971.79
978.95
977.99
969.89
972.99
971.08
967.98
959.16
977.04
977.99
25023.94
1034.02
1011.85
995.16
988.96
963.93
958.20
972.99
970.13
967.03
964.88
967.03
24996.04
1027.11
983.00
976.09
979.90
970.13
972.99
973.94
983.95
978.95
976.09
977.04
25002.96
1065.97
1013.04
998.97
996.83
1010.18
998.97
1000.17
1003.03
1003.03
993.97
993.01
17286.06
1015.90
969.89
961.07
973.94
962.02
957.01
966.07
965.12
994.92
983.95
977.04
25025.13
1033.07
971.79
967.03
957.97
969.89
987.05
988.96
1002.07
1003.98
1004.93
1003.03
25042.06
1055.00
1022.10
1009.94
1024.96
1019.95
1018.05
1018.05
25052.07
1024.01
993.01
983.00
983.95
1020.91
1023.05
1013.04
25102.85
1029.01
1008.99
1001.83
1010.89
1001.83
1003.98
1003.03
25098.09
1019.00
1007.80
1003.03
1007.08
1003.03
999.21
1005.89
25099.04
1000.88
987.77
988.01
998.97
998.02
988.01
997.07
25098.80
1001.83
992.06
998.02
998.97
992.77
990.87
1000.88
25082.83
1003.03
999.93
1025.92
998.02
1008.03
1005.89
21045.92
1050.95
1006.13
999.93
998.02
993.01
987.05
986.10
25022.98
1041.89
989.91
992.06
997.07
985.86
983.00
979.90
25014.88
1021.86
967.03
961.07
957.01
982.05
974.89
974.89
25001.05
1029.01
967.98
960.83
958.92
969.17
955.10
958.92
959.87
25067.81
972.03
957.97
953.20
966.07
958.92
963.93
967.03
25092.84
1010.89
1003.03
1007.08
960.11
964.88
968.93
974.18
25104.05
1001.83
994.92
993.97
1006.84
990.87
983.95
985.15
25095.94
1010.89
994.21
993.01
992.06
997.07
986.81
980.85
988.01
982.05
987.05
977.99
25055.17
970.13
953.91
956.06
963.93
952.01
964.88
967.03
972.99
973.94
964.88
975.85
25015.83
1015.90
978.23
979.90
985.86
977.04
985.86
986.81
975.85
989.20
999.93
978.95
25031.09
1027.82
979.90
975.85
963.93
979.90
969.89
967.98
970.13
962.02
957.97
956.06
24981.02
1007.80
967.03
958.92
957.01
962.97
956.06
953.91
960.11
969.89
957.97
953.91
953.91
33056.97
1013.04
998.02
995.16
997.07
988.96
993.01
995.87
25069.95
995.16
989.91
982.05
997.07
976.09
977.04
974.18
25070.91
1008.03
1003.03
1008.99
1007.08
999.21
998.02
996.11
25110.01
1029.01
1008.03
1003.03
978.95
994.92
990.15
994.92
991.82
989.91
993.01
990.87
25095.94
1001.12
983.00
983.95
988.96
998.97
1002.07
986.10
998.02
993.01
982.05
988.96
1006.84
1004.93
1000.17
1003.03
17075.06
985.15
968.93
977.99
1013.99
999.93
1005.17
998.97
1009.94
996.11
1003.03
1003.98
954.15
965.12
960.11
966.07
17091.99
992.06
988.01
978.95
995.87
978.95
978.95
972.99
990.15
972.99
968.93
976.09
937.94
959.87
967.03
965.83
17085.08
1034.98
1014.95
1019.00
1024.96
1016.86
1021.86
1019.00
979.90
962.97
951.05
952.96
25065.18
1009.94
998.97
1001.12
1006.84
997.07
995.87
993.97
985.15
1009.94
1000.88
1008.03
21070.00
959.87
957.01
952.01
963.93
954.87
953.91
950.10
25051.12
985.15
962.97
962.97
962.97
955.10
956.06
952.01
955.82
956.77
953.91
947.00
24981.98
1003.98
957.01
949.14
957.97
951.05
952.01
951.05
946.04
958.92
949.86
947.95
951.05
25049.92
961.07
953.20
952.01
957.01
951.77
947.95
948.19
956.06
951.05
950.10
949.14
24982.93
999.93
964.88
949.14
965.12
952.96
948.19
955.10
951.05
956.06
947.95
947.95
948.19
25048.97
967.98
950.10
947.95
957.97
949.14
957.97
953.91
956.06
947.00
947.00
949.14
36998.03
1019.00
989.91
988.01
993.97
990.87
988.96
993.97
993.97
996.11
982.05
988.96
25019.88
1040.94
1003.98
988.01
1009.94
1000.88
999.93
991.11
992.06
996.11
993.01
994.92
25038.00
1039.98
1005.17
1004.93
989.91
968.93
962.02
961.07
961.07
954.87
957.01
955.82
24991.99
1049.04
989.20
981.09
972.99
957.01
949.86
952.96
952.96
957.01
948.91
952.01
949.14
29054.88
974.89
961.07
957.97
962.97
955.82
962.97
963.93
970.84
959.87
966.79
961.07
24998.90
1008.99
969.17
965.12
969.89
964.88
960.83
967.98
972.03
973.94
967.03
965.12
24991.04
1025.92
976.09
976.09
983.95
974.89
975.13
970.13
972.03
980.14
968.93
968.93
976.09
13054.13
972.99
963.21
956.06
967.03
959.16
967.03
959.16
968.93
955.82
970.84
975.85
25100.95
1021.86
1002.79
1007.08
1004.93
1004.93
998.97
1000.88
973.94
998.02
1002.07
993.97
25109.05
1012.09
998.97
1001.83
1003.03
996.11
999.93
995.87
941.99
972.03
973.94
973.94
37084.10
974.18
961.07
960.11
962.02
954.15
959.16
954.87
950.81
963.93
970.84
968.93
25020.12
1008.99
967.03
956.06
965.12
952.01
964.16
965.12
952.01
986.10
996.11
988.96
25031.09
1050.00
995.16
987.05
984.19
973.94
981.81
980.85
984.91
963.93
982.05
983.95
25013.92
1067.88
1026.87
1003.98
1020.91
998.97
1009.94
1005.89
25043.01
1055.00
1015.90
1013.04
1014.95
1012.09
1007.08
1007.08
25055.17
1032.11
1003.98
1001.83
995.87
1013.04
1000.88
1015.90
17122.98
1039.98
1023.05
1019.00
972.99
989.91
985.86
994.92
25113.11
1039.03
1020.19
1020.91
1027.82
1023.05
1018.05
25048.02
1070.98
1042.13
1029.97
1039.03
1032.83
1034.02
1030.92
21059.99
1004.93
970.84
969.89
980.85
972.99
977.99
977.99
989.91
1021.86
1010.89
1025.20
25047.06
1003.98
967.98
967.98
967.98
1023.05
1023.05
1019.00
1024.01
1017.09
1019.00
1019.00
37077.90
985.15
956.06
949.14
949.14
968.93
962.02
962.97
962.02
955.82
957.97
955.10
24983.88
998.02
960.11
957.01
953.20
989.91
1034.98
1024.96
1034.02
1024.01
1021.15
1015.90
25049.92
1068.83
1019.95
1019.95
1024.01
1016.14
1015.90
1016.86
1002.79
967.03
972.99
967.98
25012.02
1003.03
961.07
967.03
964.88
963.93
962.97
965.83
970.13
970.13
977.04
971.08
972.03
17069.10
998.02
994.92
988.01
985.86
986.81
984.91
983.00
25080.92
1008.03
1008.03
1007.08
1004.93
1006.84
995.87
25038.96
1067.16
1019.95
1013.99
1024.01
1013.04
1009.94
1012.80
29055.83
1027.11
979.90
973.94
968.22
1010.89
1004.93
1008.03
1018.05
1009.94
1008.03
1011.13
25052.07
993.01
960.83
951.77
951.05
1013.04
1014.95
1020.91
1025.92
1020.19
1013.99
1027.11
17102.00
1011.85
984.91
987.77
979.90
952.01
949.86
949.86
957.01
947.95
948.91
952.96
941.04
1008.03
999.93
1012.09
17032.15
1016.14
965.12
956.06
955.10
969.89
974.89
983.00
977.99
1014.95
1003.03
1015.19
1013.99
1015.19
1008.99
1008.99
17033.82
1006.13
966.07
961.07
966.07
960.11
957.97
960.11
957.97
967.98
960.11
957.01
954.15
957.01
952.96
949.14
947.95
21070.00
1034.02
1027.11
1024.96
988.96
957.01
955.82
948.91
960.11
952.96
951.05
951.05
25012.97
1051.90
1009.94
1006.13
1004.93
947.95
951.05
950.10
33008.10
997.07
953.91
957.01
957.01
957.01
954.15
961.07
950.81
974.89
975.85
976.80
24993.90
1049.04
988.96
988.01
989.91
979.90
977.99
974.89
974.89
969.17
963.93
959.87
953.91
25105.00
1016.86
998.02
997.07
1012.09
1013.99
1002.79
1019.00
1014.95
1009.94
1012.09
25045.16
1058.10
1026.15
1008.03
995.16
1020.91
1011.85
1012.80
1019.95
1015.19
1015.90
1009.94
25061.85
1006.84
957.97
960.11
946.04
1019.00
1019.00
1013.99
1021.15
1013.99
1013.04
1011.85
25065.90
1044.99
1018.05
1008.99
991.11
993.97
1003.03
999.93
1013.99
1001.12
1000.88
1004.93
25113.11
1022.10
995.87
998.97
991.11
1008.99
1006.84
1012.80
1015.90
1016.86
1013.04
1012.09
17082.21
996.11
993.01
985.15
997.07
987.05
983.95
983.00
1002.07
1013.99
1011.85
1004.93
25106.19
1017.09
993.01
992.06
990.15
988.96
988.01
987.05
991.11
987.05
1003.98
997.07
25114.06
1014.95
1005.89
1004.93
1006.84
1001.83
1001.83
997.78
954.87
967.98
962.97
963.93
25100.95
1016.86
1007.08
1008.03
1011.13
1001.12
1002.07
1004.93
998.97
996.11
993.01
25030.14
1056.19
998.97
996.11
1000.17
991.11
988.96
993.01
972.99
998.97
1004.93
1005.89
25053.98
1044.99
998.97
995.87
996.83
991.82
993.01
997.07
978.95
983.95
995.16
995.87
25038.00
1039.98
1004.93
996.83
1000.17
998.97
988.96
988.01
985.86
981.81
995.87
995.87
25048.97
1041.17
999.93
994.92
997.07
996.11
992.06
993.01
979.90
991.11
998.02
993.97
25033.95
1027.11
992.06
977.99
984.19
977.99
970.84
969.89
961.07
1020.19
1019.95
1019.95
37061.93
1050.00
1016.14
998.02
1015.90
1000.88
1006.84
1006.84
1008.03
1017.09
1015.90
1020.91
25099.99
1008.03
994.92
988.96
987.05
982.05
983.95
983.00
990.15
998.02
998.02
1010.89
25098.09
1008.99
987.05
976.09
978.95
968.93
973.94
971.08
977.99
1017.09
1008.03
1020.19
25094.03
983.00
963.93
954.15
963.93
955.82
952.01
948.91
949.86
985.86
981.81
973.94
25020.12
1013.99
957.01
952.96
961.78
954.87
948.91
953.20
950.10
987.05
999.93
1001.83
25028.94
1014.23
972.03
958.92
957.01
963.93
958.92
964.16
952.96
1010.89
1026.15
1037.12
1030.92
25045.16
968.93
958.92
955.10
971.08
961.07
952.01
962.02
981.81
1018.05
1025.92
1019.95
25084.02
972.03
962.02
961.07
967.03
957.97
956.06
951.05
960.11
999.93
999.93
997.07
25076.15
983.00
958.92
958.20
965.83
954.87
956.77
952.96
951.05
983.00
978.95
978.95
25017.02
1020.91
982.05
972.03
973.94
962.97
962.02
956.06
12990.00
1026.87
987.05
977.99
989.20
974.89
982.05
976.09
987.05
975.85
978.95
979.19
974.89
25059.94
993.01
988.96
993.01
994.92
982.05
984.19
983.95
982.05
981.09
984.19
977.04
25089.98
998.02
984.91
981.81
991.82
988.96
979.19
977.99
992.06
974.89
983.00
979.90
25084.97
993.97
985.15
981.09
993.97
974.89
985.15
977.04
988.01
982.05
979.90
983.00
25109.05
1008.03
1001.83
998.02
1006.13
994.92
999.93
995.16
958.92
952.96
950.10
950.10
25078.06
998.02
979.90
977.99
983.95
974.89
974.18
973.94
948.91
956.06
962.02
960.83
25058.03
982.05
964.16
962.02
967.98
963.93
953.20
950.10
945.09
1015.90
1009.94
1017.09
25063.04
1006.13
969.17
958.92
958.92
956.06
953.91
957.01
963.93
964.16
966.07
969.89
24988.89
1059.06
989.91
989.91
985.86
981.81
978.95
975.13
977.99
950.81
950.81
962.02
955.10
25103.09
1023.05
1012.09
1011.13
1017.09
1013.99
1015.19
1008.03
998.02
993.97
992.06
25010.11
1075.98
1023.05
1017.09
1024.01
1020.19
1017.09
1019.00
1003.03
970.84
979.90
986.10
25027.99
1055.00
1011.13
1002.07
1009.94
1000.88
998.02
999.93
980.85
964.88
957.01
953.91
24993.90
1024.01
962.02
961.07
962.97
957.01
963.93
962.02
952.01
957.01
948.19
951.05
944.14
25084.97
1002.07
993.01
993.97
1002.07
992.77
992.06
1004.93
972.99
952.01
952.01
955.82
25088.79
1029.01
1012.09
1006.13
1019.95
1010.18
1011.13
1009.94
990.87
977.04
972.03
972.03
25084.02
988.96
974.18
977.99
980.85
974.18
968.93
960.83
969.89
962.02
961.07
962.97
25052.79
983.95
957.01
951.05
965.12
952.96
950.81
950.81
946.04
953.91
953.20
947.00
24986.03
1042.84
1009.94
994.21
991.82
988.96
989.20
989.91
972.03
951.05
949.14
951.05
947.00
25051.12
964.16
952.96
948.91
959.16
962.97
958.92
970.13
980.14
977.99
975.13
971.08
25083.07
980.14
961.07
956.06
969.17
998.97
998.97
1003.03
1013.04
1007.08
1001.12
1003.03
25089.98
974.89
956.06
960.11
959.16
1020.91
1029.97
1029.01
1040.22
1034.02
1034.98
1032.83
25069.00
967.98
957.01
957.97
990.15
996.11
984.91
979.90
995.16
977.99
981.81
972.03
25083.07
1030.92
1014.95
1005.17
1012.09
983.00
977.99
974.89
984.19
971.08
968.93
963.93
25056.12
975.13
962.97
962.02
980.85
959.87
960.11
960.11
961.07
959.16
961.07
955.10
25006.06
1057.15
1031.88
1014.95
1007.08
955.10
964.16
966.07
972.03
962.97
972.99
972.99
25018.22
1013.99
970.84
966.07
956.77
998.02
1008.99
1022.82
1013.04
1005.89
1008.99
1007.08
25053.98
1013.99
969.17
965.12
969.89
1030.92
1017.81
1014.95
1021.15
1021.86
1016.86
1016.86
25065.18
1043.08
1001.12
998.97
985.86
1014.95
1013.99
1024.01
1024.96
1019.00
1022.10
1024.96
29115.92
1032.83
1016.86
1013.99
1020.91
1013.99
1013.04
1012.09
1022.10
1013.99
1013.99
1013.04
25100.95
1014.95
1012.09
1016.14
1008.03
1006.13
998.97
1006.84
994.92
992.06
994.21
25022.03
1033.07
998.02
978.95
988.96
977.04
969.89
968.93
968.93
964.88
965.83
960.83
957.97
25059.94
972.03
961.07
956.06
983.95
957.01
957.97
955.10
962.02
964.16
963.93
958.92
25067.81
976.09
958.92
952.96
960.11
952.96
952.96
949.14
24990.08
994.92
952.01
958.92
952.96
957.01
952.96
956.06
24986.03
1068.83
1003.98
997.07
998.02
960.83
967.03
972.03
25002.00
1057.86
1024.01
1008.03
1012.09
1012.09
1003.98
1008.03
25046.11
1046.90
1020.91
1006.84
1013.04
1009.94
1000.88
1011.13
25058.98
1036.88
993.01
984.91
980.85
1005.89
1002.79
1016.86
1017.81
1014.95
1015.19
1013.99
1011.13
1003.03
1004.93
995.16
25105.00
1037.12
1018.05
1010.18
1033.07
1040.94
1035.93
1038.79
1045.94
1037.12
1034.98
25069.00
1095.06
1042.13
1035.93
1047.85
1044.99
1040.94
1039.03
1002.07
993.97
983.95
982.05
25070.19
1065.97
1028.78
1030.92
983.95
979.90
972.99
976.09
992.06
977.04
979.19
982.05
25062.08
996.11
981.09
972.99
982.05
977.04
973.22
971.08
987.05
1024.01
1019.95
1017.09
25093.08
976.09
957.97
954.87
957.97
998.02
993.01
992.06
993.01
979.90
984.91
972.99
25009.87
1008.99
978.95
969.89
984.19
973.94
968.93
967.03
25007.01
1047.13
1008.99
1011.13
1009.94
985.86
974.89
971.79
25018.93
1060.01
1012.09
1017.09
1027.11
1010.89
1010.89
1016.86
25094.03
1034.02
1013.04
1012.09
1022.10
1021.15
1009.94
1011.85
21082.88
968.93
957.97
960.83
977.04
1002.07
1012.09
997.07
1011.13
1002.07
998.97
997.78
25081.87
978.95
966.07
959.16
973.94
1002.07
990.87
995.87
994.92
984.91
988.96
979.90
25092.12
1004.93
995.16
988.96
978.95
1000.88
994.92
986.10
997.07
989.20
988.01
984.91
25099.04
1022.10
1024.96
1024.01
1007.08
998.02
993.01
990.87
1006.84
994.92
981.09
982.05
25082.11
1008.99
984.91
983.00
983.95
965.12
965.12
962.97
965.83
957.97
960.11
957.97
25061.85
1022.10
1004.93
998.97
1003.03
954.15
952.01
956.06
962.02
948.91
952.01
952.01
24999.14
1056.91
1026.87
1022.82
1018.05
955.10
955.10
967.98
969.17
966.07
963.93
963.93
25008.92
1052.14
1013.04
1011.13
1000.17
966.07
972.03
966.07
974.18
972.99
976.80
975.85
25002.00
1060.01
1020.91
1007.08
1005.89
972.99
994.92
988.01
987.05
986.10
983.00
984.91
25014.88
1054.05
1022.10
1007.08
13046.03
1044.99
1023.05
1030.92
1035.93
1019.00
1024.96
1026.15
1026.87
1019.00
1024.96
1025.92
25120.02
1041.89
1024.01
1020.91
1033.07
1023.77
1026.87
1023.05
1019.95
1022.10
1019.00
25051.83
1081.94
1039.03
1024.01
1029.01
1024.01
1026.15
1024.96
1028.06
1020.91
1026.15
1019.95
25110.01
1041.89
1034.02
1018.05
1035.93
1020.91
1027.82
1015.90
1034.98
1024.96
1024.96
1021.15
25058.98
970.13
974.18
964.88
975.85
971.08
964.88
963.93
984.19
993.97
988.01
985.86
25053.02
978.95
967.03
958.92
979.19
971.08
966.07
967.03
969.17
961.07
958.92
956.06
25012.97
1049.04
1024.96
1002.07
1009.94
1000.88
1001.12
993.01
996.11
957.01
953.91
959.16
25017.98
1061.92
1034.02
1033.78
1040.94
1034.98
1029.01
1033.07
1009.94
987.05
987.05
983.95
25094.99
1033.07
1019.00
1013.99
1021.86
1019.00
1014.95
1016.86
998.97
983.00
981.81
988.01
25089.98
1001.83
1003.03
1002.07
997.07
992.06
991.11
992.06
941.99
957.01
962.02
968.22
25071.86
979.90
971.79
967.98
970.13
966.07
971.08
965.12
958.92
1010.89
1006.13
996.11
25089.98
980.85
964.88
962.97
976.09
962.97
960.11
964.16
983.95
996.83
1001.83
994.92
25081.16
987.05
968.22
961.07
966.07
963.93
959.87
961.07
947.95
989.20
989.91
988.96
25041.10
1032.11
995.16
983.00
988.96
988.01
981.09
976.09
980.85
993.97
995.16
994.92
25033.00
1050.00
1015.90
996.83
1004.93
1000.17
991.11
994.92
970.84
990.87
993.01
997.07
25052.07
1026.87
994.21
981.09
986.10
979.90
977.99
983.95
963.93
963.93
961.78
962.97
25000.10
1062.15
1003.98
996.83
996.83
993.97
993.97
990.87
981.81
988.01
989.91
998.97
25043.01
1056.91
1005.17
1003.03
1003.03
999.21
998.02
998.97
978.95
983.00
974.89
974.18
25022.03
1052.14
1008.03
998.97
985.86
1003.98
1002.07
1002.07
1008.99
1001.83
1011.85
995.87
25073.05
1056.91
1034.02
1029.97
985.86
973.94
977.04
982.05
991.11
980.14
972.03
967.98
25053.02
1021.86
1000.88
995.87
978.23
981.09
984.91
987.05
994.92
987.05
981.81
978.95
25053.02
1006.13
973.94
967.03
953.91
989.91
983.00
994.92
988.01
995.87
989.91
994.21
25038.96
1012.80
970.84
963.93
945.81
993.01
991.11
993.97
998.02
988.96
995.16
993.01
25041.10
1026.15
988.01
982.05
970.84
990.87
998.97
993.01
1002.07
997.07
997.07
992.06
25043.96
1058.10
1004.93
999.93
990.15
996.11
992.06
988.01
1000.17
984.91
988.96
990.15
25037.05
1075.98
1027.11
1016.14
1002.07
970.13
972.99
975.13
972.03
972.03
967.03
962.97
25017.98
1034.98
990.87
988.96
981.09
981.09
982.05
987.05
986.81
983.00
986.10
979.90
25021.08
1023.05
979.19
967.03
953.91
1003.03
1003.98
1015.90
1007.08
1008.99
1004.93
1001.12
29050.11
