1562.83
1433.13
21573.07
1538.04
1422.17
21661.04
1453.88
17555.00
1524.93
1433.13
17545.94
1493.93
1420.02
17633.91
1446.96
17526.87
1511.10
1414.06
21548.03
1477.96
1425.03
21681.79
1435.04
21553.99
1524.21
1439.09
21663.19
1464.13
1405.00
21615.98
1420.97
17539.98
1497.03
1400.95
17643.93
1451.02
17472.03
1600.03
1441.00
17575.98
1549.01
1526.83
17637.97
1436.95
17544.98
1508.00
1419.07
17566.92
1558.07
1414.06
17658.00
1436.00
17551.90
1487.02
1401.19
17591.95
1433.85
1410.01
17619.13
1433.85
17520.90
1515.87
1408.10
17562.15
1461.03
1400.95
17640.83
1441.00
17547.85
1497.98
1426.94
17612.93
1468.90
1420.02
17609.12
1460.08
17560.96
1505.85
1422.88
17635.82
1460.08
1398.09
17608.17
1441.96
17538.07
1477.96
1409.05
17627.00
1430.03
1454.11
17610.07
1440.05
13535.02
1523.02
1419.07
21640.06
1461.98
17488.00
1572.85
1433.85
17548.80
1538.04
1499.89
17647.03
1425.98
21489.86
1528.98
1413.11
17752.89
1498.94
1402.85
23174.05
1442.19
1405.95
21810.05
1508.00
1431.94
21628.86
1506.09
1430.03
17992.97
1490.12
1429.80
16705.04
1531.84
1443.86
1425.03
21917.10
1464.13
1422.88
31571.15
1530.89
1437.19
1435.04
21904.95
1447.20
1398.09
21675.11
1580.95
1432.18
17643.93
1454.11
1400.95
21734.00
1547.81
1437.90
1411.91
21895.89
1438.86
1400.95
21877.05
1499.89
1405.00
13190.03
1437.19
1400.95
22526.03
1465.80
22813.08
1509.19
1431.94
1391.89
21905.90
1454.11
1419.07
17448.19
1430.03
17483.00
1564.03
1410.96
21528.01
1519.20
1424.07
1415.01
1389.03
21877.05
1432.90
1410.96
21810.05
1477.00
1409.05
23008.82
1454.11
1431.94
21818.88
1507.04
1415.01
25815.96
1550.91
1422.88
1405.95
1401.90
21890.88
1469.85
1406.91
21888.97
1461.03
1399.99
21645.78
1439.09
1403.09
1402.85
21894.93
1472.95
1405.00
21821.98
1558.07
1425.03
22547.96
1508.00
1430.03
1388.07
21878.96
1441.96
1408.10
26202.20
1483.20
1428.13
1421.93
21922.83
1484.16
1429.08
26526.93
1610.04
1443.86
1422.88
21934.03
1478.20
1409.05
21817.21
1511.81
1420.97
26998.04
1521.11
1446.01
1399.04
21926.88
1457.93
1417.88
21724.94
1498.94
1415.01
12937.07
1426.94
1400.95
22195.10
1466.04
1453.88
21797.90
1512.05
1474.86
1432.90
21929.98
1463.89
1410.01
26791.10
1494.88
1415.97
1394.03
21905.90
1458.88
1400.95
21928.07
1458.88
13043.88
1518.01
1414.06
17321.83
1490.12
1405.95
21537.07
1523.97
1417.16
1408.10
21759.99
1524.93
1420.02
1402.14
31361.10
1499.18
1426.94
1399.04
21914.01
1475.10
1536.13
26762.96
1501.08
1430.99
21758.79
1536.13
1409.05
1389.98
21685.12
1457.93
7770.06
1518.01
1438.14
1408.10
21859.17
1465.80
1425.98
21649.12
1452.21
1415.97
1397.85
26960.85
1456.98
1399.99
24919.03
1533.03
6664.99
1449.82
1405.95
25622.13
1525.88
1410.96
1414.78
21817.92
1521.11
1410.96
1400.95
21948.10
1446.01
21543.03
1526.83
1431.94
1417.88
1406.19
21929.03
1437.90
1401.19
25870.08
1518.96
1412.15
1399.99
27570.01
2316.95
17555.00
1510.86
1411.91
17625.09
1472.00
17481.09
1607.89
1510.86
17549.99
1489.16
1410.96
17633.91
1431.94
17527.82
1509.19
1420.02
17553.09
1488.92
1425.98
17627.00
1430.99
17493.01
1506.09
1403.09
17530.20
1505.14
1418.11
17636.06
1472.95
17537.12
1498.22
1407.15
17556.91
1482.01
1409.05
17640.83
1467.94
17526.87
1509.90
1418.83
17539.02
1505.85
1410.01
17626.05
1466.04
17545.94
1487.97
1405.00
21559.00
1492.02
1412.15
17635.11
1447.20
17507.08
1509.19
1410.96
17529.96
1489.88
1389.98
17633.20
1448.15
17507.08
1496.08
1405.95
17529.01
1482.01
1405.00
17642.97
1540.18
17533.06
1502.99
1415.97
17530.92
1494.88
1405.95
17669.20
1439.09
17555.00
1506.09
1408.82
17529.01
1495.84
1427.89
17631.05
1437.19
17512.08
1494.88
1409.05
17524.96
1475.10
1413.11
17623.19
1439.09
17499.92
1497.03
1398.09
17537.12
1485.11
1411.20
17616.99
1451.97
17472.03
1526.83
1415.01
17512.08
1496.08
1420.02
17652.99
1441.00
17487.05
1561.88
1433.85
17526.87
1508.00
1420.02
17621.04
1456.98
17479.90
1510.86
1408.10
17544.98
1484.87
1402.85
17598.87
1436.95
1408.10
29627.80
1482.01
17539.98
1485.11
1413.82
17616.99
1459.12
17481.09
1544.95
1443.86
17540.93
1480.10
1398.09
17631.05
1446.96
17443.18
1585.01
1431.94
17544.03
1489.88
1412.87
17617.94
1458.88
17465.83
1575.95
1450.06
21536.11
1493.93
1411.91
17637.01
1459.12
17507.08
1505.14
1409.77
17519.00
1480.82
1406.91
17630.82
1430.03
1388.07
17570.97
1419.78
17528.06
1500.13
1404.05
17606.97
1460.08
1401.19
17620.09
1428.13
21522.05
1497.98
1416.21
17570.02
1438.86
1398.09
17627.95
1436.00
17523.05
1495.84
1417.88
17519.00
1487.02
1447.92
17766.95
1459.84
17531.87
1497.03
1418.83
17603.87
1442.91
1396.89
17588.85
1425.03
21529.91
1496.08
1426.94
21631.96
1451.97
1403.81
17621.99
1433.85
17529.01
1482.01
1404.05
17617.94
1441.00
1405.95
17624.86
1433.13
17527.10
1482.01
1406.91
17550.95
1456.98
1400.23
17658.00
1430.03
17528.06
1497.03
1410.01
17545.22
1481.06
1422.88
25655.03
1445.06
21552.80
1550.20
1434.09
21615.03
1446.01
1405.95
21649.12
1433.13
21543.03
1491.07
1399.99
17621.04
1461.03
1394.99
17641.07
1421.93
17532.11
1521.11
1440.76
17628.91
1425.03
1400.95
21612.17
1430.99
21541.12
1500.13
1418.11
21624.09
1453.16
1414.06
21625.04
1436.00
21574.97
1515.87
1420.97
17649.17
1449.11
17519.00
1523.97
1428.84
17560.96
1498.94
1420.02
17642.02
1438.14
21503.93
1508.00
1424.07
21553.99
1504.90
1412.87
21656.04
1441.96
21519.90
1512.05
1414.06
21554.95
1489.88
1399.99
17626.05
1453.88
13527.87
1502.04
1424.07
17535.92
1490.83
1410.01
17628.19
1449.11
17526.15
1492.98
1413.11
17513.04
1483.92
1419.78
17636.06
1449.11
17514.94
1534.94
1461.03
17621.99
1486.06
1413.82
21597.86
1440.05
21540.88
1550.91
1425.03
1410.96
1390.93
21931.89
1431.94
1394.99
25930.88
1532.08
1411.20
1402.14
21806.00
1524.93
1409.05
1397.85
26320.93
1425.98
1413.82
21784.07
1502.99
1428.84
1395.94
31720.88
1476.05
1426.22
21797.18
1541.85
1427.89
22517.92
1514.91
1412.87
12943.98
1472.00
1417.88
22187.95
1485.11
1448.15
21817.92
1537.08
1444.82
1394.99
18625.02
1466.99
14350.89
16741.99
1520.87
1441.96
1396.89
21904.95
1446.01
1395.94
21560.91
1538.04
1421.21
23097.99
1519.92
1410.01
21782.88
1514.91
1415.01
1428.13
21663.90
1450.06
17534.97
1529.22
1416.92
1400.95
21798.13
1502.99
1419.07
1399.04
21918.06
1452.92
1410.01
22169.11
1449.82
1424.07
21820.07
1513.96
1409.05
1405.00
21898.03
1441.00
1399.04
22115.95
1476.05
1413.82
21800.99
1487.02
1415.97
1393.08
21917.10
1460.08
1366.85
22042.99
1423.12
1393.08
21778.11
1499.89
1412.87
1386.88
21910.91
1443.86
1381.87
27025.94
1481.06
1410.01
1384.97
21879.20
1426.94
1382.11
21672.96
1477.96
1389.98
17661.09
1422.17
13103.96
1488.21
1403.09
21506.07
1531.12
1399.99
1399.99
26817.08
1518.96
1403.09
1387.12
22269.01
1421.93
1410.96
16745.09
1492.02
1409.05
21716.83
1566.17
1431.94
1396.89
26947.98
1458.17
1403.09
16717.20
1489.16
1423.12
1402.14
21893.98
1436.95
1396.18
26860.95
1495.12
13272.05
1517.06
1405.00
22609.00
1500.84
1417.88
1397.13
21900.18
1444.10
1388.79
21795.03
1482.96
1396.89
12435.91
1489.88
1400.95
25438.07
1616.00
1415.97
1404.05
1394.03
26978.97
1439.09
1390.93
17582.89
1425.98
25506.02
1515.15
1404.05
17536.88
1486.06
1399.04
17617.94
1437.90
17469.88
1565.93
1400.95
17520.90
1466.04
1389.98
17602.92
1430.99
1391.89
17596.96
1410.01
17507.08
1488.92
1400.95
17529.01
1474.14
1399.04
17616.99
1429.08
21507.02
1478.91
1394.03
21516.08
1471.04
1405.00
17585.04
1414.06
1402.14
17566.92
1401.90
17494.92
1457.93
1395.94
17499.92
1458.88
1398.80
17592.91
1425.98
17479.90
1470.09
1394.99
17511.84
1472.95
1407.15
17570.02
1420.97
1391.17
21590.95
1414.06
17507.79
1472.00
1399.99
17501.12
1469.14
1443.15
17585.04
1422.88
17442.94
1485.11
1400.95
17513.99
1446.96
1389.03
17552.85
1440.05
1392.84
17573.83
1419.07
17486.10
1480.82
1399.99
21515.13
1467.94
1392.84
17607.93
1427.89
1394.99
17574.07
1411.91
17515.90
1474.86
1393.80
17544.03
1450.06
1399.99
17596.01
1415.01
17498.02
1482.96
1402.85
17519.95
1462.94
1403.09
17607.93
1437.19
17447.95
1528.98
1409.05
21533.01
1478.91
1394.99
17591.00
1432.90
1399.99
17594.10
1415.01
17507.08
1474.86
1397.85
17513.99
1460.79
1393.08
17606.02
1423.84
17477.04
1504.90
1415.97
17508.03
1473.90
1399.99
17596.01
1425.03
1405.95
21615.03
1424.07
17508.98
1485.11
1404.05
17565.01
1446.01
1389.03
17620.09
1414.06
17516.85
1480.10
1410.96
17534.02
1465.08
1401.90
17591.95
1427.17
17481.09
1513.96
1404.05
17530.92
1469.85
1405.95
21617.89
1432.90
1379.97
21611.21
1428.13
17544.98
1492.02
1396.89
17611.03
1439.09
1394.99
17616.03
1429.08
17519.95
1478.91
1413.82
17559.05
1472.00
1420.97
17624.86
1426.94
17518.04
1492.98
1409.05
17502.07
1478.91
1397.85
17626.05
1420.02
25512.93
1513.00
1401.19
21538.02
1486.06
1405.00
21630.05
1436.00
21502.97
1509.90
1415.97
21538.97
1510.86
1405.00
17623.90
1431.94
17503.02
1523.02
1405.00
17529.01
1482.01
1404.05
17616.03
1440.76
21430.02
1569.03
1411.20
21538.97
1495.84
1403.09
21631.96
1441.96
1399.99
21608.11
1440.05
21537.78
1500.13
1405.00
17616.99
1446.01
1399.04
17596.01
1426.94
17519.95
1499.89
1399.99
17584.09
1446.01
1394.03
21633.86
1431.94
21536.83
1506.09
1405.00
21550.89
1468.18
1424.07
21641.02
1434.09
21568.06
1493.93
1399.99
17530.92
1470.09
1407.15
17627.00
1433.85
17528.06
1498.22
1425.98
17527.10
1476.05
1404.05
17615.08
1443.15
17516.14
1500.13
1423.12
17525.91
1472.00
1402.14
17603.16
1435.04
17505.17
1515.15
1394.03
17524.96
1477.96
1398.80
17601.01
1447.20
1389.03
17607.93
1420.02
17530.92
1486.06
1415.01
17592.91
1456.02
1398.09
17616.03
1421.93
17524.00
1494.17
1414.06
17548.08
1450.06
1394.03
17619.85
1427.89
17525.91
1497.98
1403.81
21553.99
1482.01
1408.10
21654.13
1448.15
17519.00
1497.98
1410.96
17539.98
1473.90
1407.15
17642.02
1436.95
17513.04
1497.98
1408.82
17530.92
1479.86
1411.91
17636.06
1435.04
17499.21
1498.94
1406.91
17531.87
1480.10
1402.14
17613.17
1436.00
17433.88
1548.05
1416.92
17545.22
1485.11
1405.00
17601.01
1441.00
1405.95
17608.88
1435.04
17537.12
1473.19
1410.96
17581.94
1447.92
1400.95
17621.04
1424.07
21522.05
1489.88
1402.85
17551.90
1477.96
1397.85
17621.99
1428.84
17516.85
1485.11
1413.11
17549.04
1482.01
1413.11
17610.79
1425.03
17487.76
1502.99
1410.96
17534.02
1484.16
1414.06
17632.01
1432.18
17450.09
1536.85
1414.06
17536.16
1472.00
1420.97
17606.97
1441.96
1405.95
17581.94
1422.88
17545.94
1477.00
1401.90
17591.95
1454.83
1409.05
17622.95
1430.03
17519.00
1495.12
1411.20
17554.04
1463.89
1405.95
17629.15
1422.17
21523.00
1502.04
1408.10
17539.02
1474.86
1399.99
17627.95
1432.90
17519.95
1505.85
1422.88
17540.93
1486.06
1423.12
17612.93
1436.95
17516.14
1490.12
1419.78
17529.01
1473.90
1412.87
17623.90
1430.03
17524.00
1509.19
1415.97
17536.88
1476.05
1401.90
17632.01
1430.03
17452.96
1539.95
1425.98
13517.86
1468.90
1417.88
17601.97
1432.90
1425.03
17593.86
1430.99
17533.06
1479.86
1423.84
17593.86
1433.85
1404.05
17620.09
1416.92
17531.87
1482.01
1399.04
17520.90
1465.08
1399.04
21627.90
1436.00
17522.10
1487.02
1419.07
17539.02
1480.10
1399.99
17621.99
1451.02
17514.94
1498.94
1409.77
17537.12
