1379.01
13528.11
1441.96
1380.92
13602.02
1400.95
17467.98
1485.11
1394.99
17483.95
1446.96
1379.01
13542.89
1432.90
1384.97
1397.13
1386.17
1376.15
25568.96
1405.00
13517.86
1476.05
1413.11
1407.86
1371.86
1377.82
21591.90
1436.00
1393.08
1382.83
1367.81
33502.10
1521.83
1386.88
9490.97
1441.00
1357.08
17546.18
1461.98
1380.92
17641.07
1502.99
17511.13
1474.86
1380.92
17508.03
1460.08
1399.99
17614.84
1415.01
17472.03
1501.08
1393.08
17492.06
1439.81
1360.89
17539.02
1420.02
1390.93
17596.01
1391.89
21487.00
1457.21
1384.02
9490.97
1446.96
1368.05
13545.99
1400.95
1363.04
1377.11
1360.18
1353.98
25566.10
1422.17
13513.09
1493.93
1420.02
1407.86
1380.92
1375.91
25924.21
1423.12
9499.07
1469.85
1385.93
13480.90
1437.90
1373.05
1387.12
1371.15
1352.07
25589.94
1438.14
1372.10
13554.10
1381.87
1398.80
1358.99
1348.97
25507.93
1786.95
1490.12
13595.10
1420.02
1399.99
1379.01
1371.15
25519.13
1464.13
1396.18
13555.05
1427.89
1374.01
1386.88
1360.18
1358.03
25578.98
1407.86
13479.95
1452.92
1398.09
1374.96
1351.12
1358.03
25510.07
1452.92
1379.97
17591.00
1410.96
17452.00
1508.00
1379.01
17484.90
1460.08
1394.03
17518.04
1437.19
1403.09
17615.08
1405.00
17530.92
1468.90
1429.08
17503.98
1453.88
1385.93
17597.91
1399.99
1378.06
17565.97
1410.01
17488.96
1462.94
1374.01
1394.99
1384.97
1374.01
25561.09
1405.95
1361.13
1418.11
1380.92
1368.05
29579.88
1390.93
1386.88
1382.83
1383.07
25501.97
1450.06
1394.99
13571.02
1420.02
1400.95
1403.09
1380.92
1358.03
21570.92
1394.99
1391.17
1372.10
1361.85
25491.95
1443.86
1376.87
1380.92
1356.84
1366.85
29602.05
1447.92
1371.86
1371.86
1359.94
25439.02
1497.98
1388.07
13508.08
1451.02
1396.89
1384.97
1363.04
1367.09
25577.78
1430.03
1380.92
13601.06
1405.95
1398.09
1374.96
1405.95
25511.98
1466.04
1384.02
13568.88
1415.97
1363.99
1386.17
1369.00
1366.14
25624.99
1405.00
17560.96
1477.96
1390.22
21591.90
1435.04
1378.77
17583.85
1420.02
13504.03
1462.22
1410.96
1395.94
1371.86
1363.99
25557.04
1426.94
1365.90
13616.09
1397.13
1384.97
1368.05
1361.13
25462.15
1465.08
1372.81
13513.09
1447.20
1377.11
1395.94
1370.91
1346.83
25583.98
1432.90
13478.99
1472.00
1416.92
1401.90
1404.05
1362.09
25513.17
1489.16
1397.13
13602.97
1412.87
1415.97
1377.82
1387.83
25501.97
1471.04
1385.93
13509.99
1449.11
2204.18
1373.05
1358.99
25493.86
1466.04
1391.89
13587.00
1398.09
1423.12
1395.94
1386.17
25434.02
1502.99
1379.01
13521.91
1445.06
1405.00
1389.98
1379.01
1378.06
25582.08
1412.15
1380.92
17573.12
1402.14
17505.88
1472.00
1385.93
17540.93
1456.98
1374.01
17612.93
1405.00
17483.00
1466.99
1385.93
17499.92
1451.02
1390.93
21589.04
1416.92
1367.09
9568.93
1405.95
13468.98
1424.07
1376.87
1382.11
1352.79
1349.93
25480.99
1438.86
1390.93
17549.99
1435.04
1366.14
17582.18
1400.95
17475.84
1474.14
1389.98
17500.88
1441.96
1389.03
17578.12
1406.19
1371.15
17549.04
1398.80
13525.01
1454.83
1380.92
1385.93
1366.14
1372.10
25488.14
1444.10
1372.10
13551.95
1397.13
1368.05
17513.99
1407.15
17500.16
1456.02
1378.06
17496.11
1437.90
1372.81
17565.97
1401.19
1376.15
17543.08
1401.19
17503.98
1482.96
1386.88
13499.02
1456.98
1393.08
17594.10
1408.82
17456.05
1518.96
1389.03
1391.17
1372.10
1353.98
25496.01
1466.99
1394.99
13568.88
1405.95
1385.93
1384.97
1381.16
25429.01
1544.00
1386.88
13495.92
1459.84
1389.98
1384.02
1356.84
1361.85
25618.08
1438.14
1386.17
13585.09
1392.13
21566.15
1508.00
1404.05
13528.11
1444.10
1385.93
17615.80
1405.95
17483.00
1477.96
1377.11
17513.04
1474.86
1392.13
17594.10
1413.11
1384.02
17585.04
1410.01
17498.97
1472.95
1396.89
17502.07
1448.87
1379.01
21589.99
1399.04
1376.15
1387.12
1363.99
25448.08
1472.95
1381.87
9495.02
1434.09
1378.06
13504.98
1426.22
1369.00
1371.86
1365.90
1365.90
25614.02
1412.15
13482.09
1457.93
1379.97
1376.87
1379.97
1370.19
25501.01
1471.04
1374.01
13607.03
1410.96
1387.12
1384.02
1370.91
25506.97
1477.00
1392.84
13555.05
1456.98
1389.98
1391.89
1370.19
1364.95
25619.98
1405.95
13492.82
1456.98
1390.93
1379.01
1368.05
1392.13
25677.92
1456.98
1372.10
9546.04
1386.88
13484.00
1460.08
1386.17
1376.15
1372.10
1358.03
25498.87
1460.08
1391.89
13607.98
1420.02
1384.97
1567.84
1410.96
17503.98
1468.18
1389.03
17524.96
1456.98
1377.11
17601.97
1422.17
17488.96
1472.00
1384.97
17511.84
1456.02
1384.97
17590.05
1419.07
1377.11
17596.01
1415.97
17488.96
1478.91
1386.88
17499.92
1461.98
1389.03
1398.09
1377.11
1353.03
25653.84
1441.96
1396.89
1373.05
1395.94
29515.03
1466.04
1389.98
1400.95
1380.92
1354.22
25578.98
1417.88
1378.06
13576.03
1390.93
1386.17
1368.05
1367.09
25511.03
1471.04
1364.95
13555.05
1430.99
1373.05
1380.92
1366.14
1343.01
25588.99
1399.99
13497.11
1457.93
1394.03
1373.05
1369.00
1361.85
25938.99
1478.91
13473.03
1476.05
1391.89
1399.04
1367.09
1363.04
25498.87
1456.98
1380.92
13594.15
1416.21
1374.01
1387.83
1358.99
25459.05
1481.06
1403.09
13517.86
1466.99
1379.97
1391.89
1366.85
1370.91
33645.87
1503.94
17538.07
1487.02
1394.99
21526.10
1468.90
1394.03
9572.98
1415.01
1393.08
13551.00
1396.89
1401.90
1390.93
1369.95
25509.83
1482.96
1384.02
13581.99
1428.13
1381.87
1379.97
1373.05
25393.01
1540.90
1411.91
13537.88
1450.06
1384.97
1375.91
1368.05
1356.12
21608.11
2224.92
17507.08
1461.98
1393.08
21625.04
1415.97
1381.87
1390.93
1366.85
25497.91
1517.06
1383.07
9485.01
1433.85
1363.99
13601.06
1410.01
1385.21
1367.09
1368.05
25455.00
1493.93
1395.94
13506.89
1447.92
1365.90
1382.83
1395.94
1384.97
25595.19
1428.13
17409.09
1537.08
1381.16
17502.07
1473.90
1396.89
1391.89
1355.89
1365.18
25606.16
1430.03
1385.93
13602.02
1408.10
1389.98
1382.11
1353.03
25509.12
1484.87
1394.99
13592.00
1416.92
1394.03
1388.07
1374.96
25419.95
1544.00
1393.80
13529.06
1456.98
1389.03
13514.04
1429.08
1392.13
17555.95
1384.02
21423.82
1526.83
1373.05
1371.15
1351.12
1343.01
25503.16
1451.97
1368.05
9520.05
1399.99
1367.09
13581.04
1389.98
1369.00
1358.03
1348.02
25449.04
1480.10
1374.01
13499.98
1431.94
1366.85
1358.03
1348.02
1343.97
25547.03
1415.01
1372.10
17574.07
1377.11
17467.98
1457.21
1362.09
1372.10
1355.89
1336.10
25488.14
1457.93
1368.05
13569.83
1399.99
1360.89
1371.86
1344.92
1346.11
25586.84
1399.04
13494.01
1449.82
1380.92
1363.99
1350.16
1347.06
25481.94
1446.01
1369.00
13593.20
1398.09
1374.01
13545.04
1375.20
17477.04
1457.93
1377.11
17485.86
1436.95
1370.91
17579.08
1406.91
1362.80
17573.83
1385.93
17474.89
1450.06
1382.11
17485.86
1441.96
1363.99
17554.04
1410.96
1369.95
17576.93
1386.88
13466.12
1470.09
1374.01
1383.07
1363.04
1362.09
29515.03
1472.95
1372.81
1373.05
1364.95
1354.93
25624.04
1410.01
13437.99
1518.96
1390.93
1388.07
1363.04
1358.03
25527.95
1466.99
1389.98
13592.00
1406.19
1363.04
1374.96
1365.90
25413.99
1533.99
1403.81
13520.00
1458.88
1382.83
1389.03
1365.90
1353.98
25597.10
1412.87
1364.95
13581.99
1394.99
1379.97
1358.99
1353.98
25501.01
1472.00
1380.92
13498.07
1454.11
1374.96
1382.11
1354.93
1363.04
25598.05
1402.85
13489.01
1470.09
1367.81
1376.87
1358.03
1358.99
25496.96
1471.04
1383.07
13576.03
1401.90
1370.91
1398.80
1360.89
25457.86
1495.12
1388.07
17519.95
1449.11
1382.11
1379.97
1360.89
1355.89
25586.13
1411.91
1374.01
1371.15
1370.91
29433.01
1538.99
1395.94
1387.12
1368.05
1363.99
25496.96
1462.94
1373.05
13592.96
1411.91
1371.86
1382.11
1366.85
25385.86
1528.98
1401.19
13515.00
1461.98
1389.98
17499.92
1453.88
1370.91
21595.00
1406.91
9409.90
1509.90
1384.02
13471.13
1438.86
1388.79
1390.93
1369.95
1350.88
25552.99
1404.05
1371.86
13592.00
1399.04
1370.91
1362.09
1349.93
25473.12
1462.94
1384.97
13496.16
1441.00
1389.03
1388.07
1358.03
1354.93
29605.15
1412.15
25453.09
1518.01
1380.21
17518.04
1446.96
1382.11
1369.00
1354.93
1344.92
25568.96
1421.93
1377.11
13593.91
1398.09
1389.98
1371.15
1348.02
25479.08
1461.03
1383.07
13501.88
1441.00
1373.05
1385.93
1362.80
1358.99
25597.10
1410.96
13463.02
1483.92
1379.01
1380.92
1369.95
1350.88
25496.01
1459.12
1372.81
21596.91
1415.97
1367.81
9552.00
1403.09
13478.04
1447.92
1380.92
1382.83
1368.05
1367.09
25502.92
1451.97
1374.96
13601.78
1403.09
1384.97
1370.91
1367.81
25468.11
1471.04
1384.02
13514.04
1449.82
1368.05
17564.06
1417.88
1379.01
9573.94
1404.05
21486.04
1460.08
1379.97
13511.18
1440.05
1379.01
1378.06
1356.84
1348.02
25588.99
1400.95
1358.99
13572.93
1394.03
1393.08
1360.89
1351.83
25491.00
1467.94
1384.02
13508.08
1442.19
1367.09
1371.15
1363.99
1363.99
25609.02
1399.04
13487.82
1450.06
1370.91
1390.93
1363.04
1369.00
21501.06
1454.83
1372.10
17594.10
1405.00
1369.95
17569.07
1392.84
17507.08
1469.14
1379.01
17498.97
1464.84
1379.97
17582.18
1415.97
17421.96
1518.96
1394.99
17497.06
1458.88
1385.93
1392.84
1361.85
1355.89
25572.06
1419.07
1367.09
13590.81
1388.07
13489.01
1449.11
1394.03
17495.87
1447.92
1370.91
17557.86
1410.96
1369.00
17575.03
1395.94
17484.90
1457.93
1374.01
17484.90
1446.96
1363.99
13552.19
1420.02
1382.11
1379.01
1362.09
1363.04
29608.96
1400.23
1384.97
1355.89
1374.01
21488.19
1446.01
1377.11
17539.98
1431.94
1370.91
17605.78
1405.00
17489.91
1482.96
1398.80
17513.99
1448.87
1383.07
17585.99
1404.05
1378.06
17593.15
1401.19
17503.98
1466.04
1374.96
1384.02
1362.09
1352.07
25504.11
1457.93
1375.20
13581.04
1405.00
13410.09
1504.90
1412.87
17524.00
1449.11
1388.07
17514.94
1445.06
1381.87
17580.99
1416.21
17457.01
1483.92
1390.93
17504.93
1456.98
1374.96
13562.92
1415.97
1376.15
1379.01
1355.89
1358.99
29608.96
1401.90
1388.07
1378.06
1365.18
21492.00
1456.02
1386.88
17546.89
1418.83
1363.99
17612.93
1398.09
17472.03
1480.82
1385.93
17507.08
1449.11
1383.07
17571.21
1417.16
1374.96
17596.96
1390.93
17493.96
1466.04
1379.01
1373.05
1374.01
1357.08
25512.93
1461.03
1388.07
13592.00
1409.05
13422.97
1516.10
1384.02
17498.02
1448.15
1384.02
17494.92
1453.88
1378.06
17573.12
1414.06
17434.84
1525.88
1395.94
17491.82
1453.16
1388.07
13494.01
1437.90
1379.97
1384.97
1356.84
1359.94
29619.93
1415.97
1389.03
1361.85
1360.89
21482.94
1460.79
1384.97
17513.04
1447.20
1384.97
17601.97
1406.19
17413.14
1513.96
1394.03
17501.83
1451.97
1381.87
17499.92
1452.92
1374.01
17591.00
1405.00
17421.01
1521.11
1383.07
1382.83
1358.03
1363.99
25497.91
1461.98
1371.15
13588.19
1418.11
1376.15
13576.03
1388.79
17479.90
1455.07
1384.02
17509.22
1445.06
1377.11
17567.87
1400.95
1364.95
17584.80
1391.89
17478.94
1460.08
1384.02
13494.01
1437.19
1371.86
1378.06
1358.99
1358.03
29654.98
1429.08
1374.96
1375.91
1358.99
25455.95
1482.01
1386.88
17503.02
1451.97
1381.16
17580.03
1403.09
1378.06
17585.99
1394.99
17479.18
1462.94
1374.96
17494.92
1447.92
1377.82
17568.83
1418.11
1372.10
21591.19
1393.08
9459.02
1457.93
1391.89
13489.01
1436.95
1372.10
1367.09
1363.99
1355.89
25568.01
1410.96
1366.14
17575.98
1405.95
17497.78
1448.15
1379.97
17483.95
1463.89
1374.01
17564.06
1402.85
1374.01
17582.18
1402.14
17491.10
1451.02
1385.93
13483.05
1447.92
1373.77
1385.93
1363.99
1348.97
25590.90
1410.96
13407.95
1508.95
1382.11
17473.94
1456.98
1384.02
17489.91
1450.78
1378.06
17580.99
1399.04
1371.15
17552.14
1400.95
17494.92
1457.93
1367.81
21505.12
1443.15
1365.18
9551.05
1405.00
1372.81
17552.85
1394.99
21487.95
1463.89
1384.02
17504.93
1446.96
1386.88
17566.92
1393.08
1364.95
17555.95
1399.04
17483.95
1454.11
1383.07
16251.09
1450.06
1373.05
1358.99
17569.07
1411.91
21387.10
1549.01
1384.97
9467.12
1441.00
1382.11
13502.12
1425.03
1367.09
1379.01
1360.18
1363.04
25588.99
1407.15
13435.13
1493.93
1385.93
1380.92
1366.14
1363.99
25500.06
1448.15
1373.05
13564.83
1399.04
1363.99
1369.00
1356.84
1370.91
25570.87
1394.99
13509.04
1445.06
1375.91
1390.93
1363.04
1353.03
25501.01
1446.01
1383.78
13571.98
1406.91
1374.01
1363.99
1364.95
25454.04
1466.04
1379.01
13497.11
1443.15
1382.11
1384.97
1358.03
1358.99
25587.08
1404.05
1361.85
13576.98
1390.93
1378.06
1358.99
1360.89
25483.85
1470.09
1371.15
13491.15
1461.98
1366.85
1376.87
1349.93
1358.03
29607.06
1412.87
17474.89
1462.94
1374.01
13499.98
1457.93
1369.00
1374.96
1353.98
1350.88
25573.97
1413.11
1378.06
13589.14
1382.83
1363.04
1366.14
1356.12
25481.94
1477.96
1383.07
13476.13
1439.09
1359.94
1384.02
1358.03
1347.06
25604.96
1410.01
17422.91
1516.10
1380.92
17503.02
1449.11
1370.91
13485.91
1430.03
1367.09
17575.03
1395.94
1354.93
17559.05
1388.07
17493.01
1461.98
1388.07
17498.02
1436.23
1370.91
17574.07
1403.09
1365.18
17555.95
1395.94
17472.98
1470.09
1389.98
13481.14
1439.09
1392.84
17577.89
1410.96
1374.01
1375.91
1357.08
25409.94
1521.11
1397.13
1374.01
1364.95
1356.12
29515.98
1455.07
1372.10
1371.86
1351.83
1347.06
25621.89
1425.03
1377.82
13568.88
1397.13
1384.02
1366.85
1361.85
25503.87
1559.97
1379.97
13581.99
1414.06
1371.15
17575.03
1415.97
21490.81
1466.99
1372.81
9490.01
1436.00
1369.95
13573.88
1394.03
1357.08
1374.01
1354.93
1356.84
25569.92
1383.07
13503.07
1456.98
1379.01
1381.87
1359.22
1352.07
25520.09
1436.95
1371.15
13582.94
1404.05
1362.80
1363.99
1349.21
25475.03
1478.20
1380.92
17495.87
1451.02
1363.04
1384.02
1362.09
1347.78
25608.06
1399.99
1359.94
1369.00
1348.02
29416.08
1548.05
1389.03
1382.11
1376.15
1350.88
25508.88
1459.12
1377.11
13586.04
1415.01
1375.91
1376.87
1355.89
1353.98
25577.07
1399.99
13500.21
1461.98
1373.05
17498.97
1454.11
1383.07
21590.95
1405.00
9423.02
1501.08
1380.92
13481.14
1458.17
1376.15
1384.97
1366.85
1349.93
25508.88
1444.10
1374.01
13585.09
1402.85
1380.92
1374.01
1352.07
25487.18
1477.00
1384.02
13504.98
1441.00
1364.95
1371.15
1362.09
1342.06
29585.84
