1085.04
1057.15
1049.04
1075.03
1041.17
1044.99
1046.90
25177.00
1121.04
1115.08
1126.05
1127.00
1108.88
1127.00
25322.91
1139.88
1128.20
1129.15
1039.98
1042.13
1041.17
25156.02
1117.94
1085.04
1077.89
1084.80
1068.83
1054.05
25091.89
1099.11
1060.01
1044.03
1034.98
1086.00
1087.19
1089.10
25151.97
1065.02
1049.04
1048.09
1041.17
1048.09
1034.98
25084.02
1103.88
1050.95
1042.13
1073.12
1070.98
1140.83
1057.86
1034.98
1035.93
1037.84
1044.99
1034.02
1034.02
1034.98
29083.01
1122.95
1071.93
1083.14
1066.92
1070.98
1060.96
9572.98
1091.00
1082.90
1075.98
1082.90
1070.98
1083.14
1086.00
25170.80
1092.91
1066.92
1075.98
1086.00
1099.11
1091.96
1089.81
24216.89
1097.92
1098.16
1099.11
1086.95
1076.94
1099.11
17199.04
1062.87
1046.90
18103.12
1058.10
1055.00
1053.81
1055.96
1044.99
1042.84
25086.88
1134.87
1137.97
1157.05
1142.02
1140.12
1146.08
25169.13
1091.96
1051.90
1040.94
1068.12
1194.95
1142.02
25150.06
1159.19
1098.87
1099.82
1091.00
1124.14
1126.05
1122.95
25172.00
1075.98
1061.92
1044.99
1044.99
1085.04
1103.16
21218.06
1062.15
1048.09
1043.08
1039.98
1024.96
1022.82
1046.90
1028.78
1020.91
1029.01
25075.91
1107.93
1063.82
1055.00
9108.07
1149.18
1107.93
1102.92
1106.98
1094.82
1086.95
17126.80
1096.96
1067.88
1052.86
1050.95
1029.01
1064.06
1048.09
25184.15
1127.00
1118.90
1115.08
1120.09
1105.07
1104.12
1126.05
1106.98
1106.02
25136.95
1123.91
1106.98
1086.00
1065.02
1072.88
1056.91
1058.82
1072.88
1050.95
1044.99
1039.03
25167.94
1086.95
1083.14
1076.94
1077.89
1078.84
1067.88
1081.94
1070.02
1080.99
1072.88
25197.98
1096.96
1091.96
1075.98
1109.12
1114.13
1132.01
1063.11
1053.09
1059.06
1046.18
29180.05
1101.02
1102.92
1097.92
1078.13
1083.14
1071.93
1119.85
1077.18
1065.02
1065.97
1067.88
1065.97
1074.08
25108.10
1085.04
1044.03
1044.99
1062.15
1036.88
1030.92
1034.02
1068.83
1103.88
1092.91
25128.13
1160.86
1112.94
1115.08
1105.07
1181.84
1091.00
1111.03
1111.03
1106.02
1091.96
25132.89
1129.87
1080.99
1077.89
1091.96
1080.04
1075.98
1092.91
1052.14
1046.18
1036.88
25079.01
1116.99
1097.92
1070.02
1084.80
1091.96
1084.09
1072.17
1081.94
1088.14
1070.02
25123.83
1083.85
1037.84
1032.83
1044.03
1051.90
1067.88
1063.11
1075.98
1073.12
1069.07
25106.19
1143.93
1109.12
1093.86
1086.00
1075.03
1120.81
1114.85
1126.05
1118.90
1123.91
25164.13
1130.10
1079.08
1080.04
1094.10
1141.07
1143.22
25167.94
1112.94
1097.92
1079.08
1086.95
1091.00
1086.95
1081.94
31162.02
1080.04
1070.98
1055.96
1043.08
1033.07
1068.83
1078.84
1070.02
17194.99
1131.06
1094.82
1096.96
1038.07
1060.96
1042.13
1048.09
1043.08
1033.07
1029.97
21061.90
12600.18
1051.90
1050.95
1043.08
1037.84
1040.94
1039.03
1035.93
1134.16
1137.02
1134.16
19265.89
1584.05
1039.03
1024.01
1029.01
1040.94
1020.91
1024.01
1024.01
17175.91
1091.00
1094.10
1084.09
1086.95
1080.04
1087.19
1075.03
1066.92
1073.84
1055.00
21955.97
1101.97
1102.92
29193.88
1106.02
1091.00
1084.09
1072.88
1077.18
1065.02
1092.20
1069.07
22958.99
1102.92
1096.01
1080.04
1021.15
1031.16
1028.06
1034.02
1029.01
1025.92
1031.16
29076.10
1107.93
1065.97
1058.10
1060.96
1067.88
1068.83
1060.01
17194.99
1093.86
1077.89
1084.80
1081.94
1080.04
1093.15
25166.99
1067.88
1056.91
1059.06
1063.82
1047.85
1034.02
1034.02
1024.01
1028.06
1033.07
21476.03
1074.08
1040.94
1027.11
1039.03
1028.06
1028.06
1030.92
24085.04
1097.92
1055.00
1044.99
1040.94
1038.07
1065.02
1043.08
1044.03
1039.03
1039.03
1035.93
17155.17
1055.96
1039.03
1031.88
1054.05
1034.98
1038.07
1044.03
1076.94
1063.11
1060.96
33108.95
1141.79
1091.00
1099.11
1087.90
1056.91
1063.11
25093.08
1127.96
1072.17
1086.95
1084.80
1075.03
1086.00
1094.10
25144.10
1059.77
1046.90
1044.99
1072.88
1067.88
1065.97
17113.92
1116.99
1058.10
1049.04
1065.02
1044.99
1038.07
1035.21
21152.02
1055.00
1055.00
17086.98
1122.95
1091.96
1080.99
1077.89
1072.88
1065.02
1070.02
17196.18
1111.98
1091.96
1089.10
1126.05
1132.97
1142.02
1148.94
1142.02
1142.98
29170.04
1143.93
1096.01
1100.06
1100.06
1065.97
1029.01
1025.92
25179.86
1106.98
1090.05
1111.98
1073.84
1079.80
1077.89
29183.86
1093.86
1091.00
1086.95
1075.98
1078.13
1071.93
25120.02
1110.08
1071.93
1061.92
1082.90
1101.02
1086.95
1088.14
1101.02
1091.96
1089.81
25115.97
1081.23
1045.94
1039.98
1050.00
1067.16
1061.92
1070.98
25166.99
1075.98
1065.97
1084.09
1062.15
1074.08
1065.02
1081.94
1073.12
1071.93
1082.90
33149.96
1050.00
1039.98
1044.99
1028.06
1029.97
1025.92
21075.01
1132.01
1100.78
1086.95
1091.00
1080.99
1080.04
1060.96
25187.97
1076.94
1058.10
1058.10
1044.03
1039.03
1039.98
18246.89
1102.92
1065.02
1063.11
1056.91
1053.09
21100.04
1137.02
1088.14
1065.02
1085.04
1071.21
1058.10
1063.82
16404.87
1127.00
1120.09
1119.14
1125.10
1123.91
1118.90
1114.13
29144.05
1078.13
1060.96
1067.88
1075.03
1071.93
1070.02
25162.94
1144.89
1127.00
1127.96
1070.02
1065.02
1060.01
25094.03
1129.87
1086.95
1080.99
1089.10
1085.04
1078.84
25100.95
1134.87
1081.94
1077.89
1084.80
1080.04
1066.92
1059.06
25146.96
1050.00
1031.88
1021.86
1128.91
1122.00
1128.91
25152.92
1113.18
1073.12
1051.90
1065.97
1043.08
1048.09
1044.03
21183.01
1094.10
1084.09
1084.09
1086.95
1077.89
1078.84
25187.97
1122.00
1076.22
1069.07
1063.11
1061.92
1057.86
21095.04
1116.04
1084.09
1080.04
1065.02
1039.98
1044.99
1051.90
25170.09
1078.84
1071.93
1070.98
1065.97
1062.15
1066.92
25141.95
1055.00
1040.94
1040.22
1054.05
1048.09
1049.04
1043.08
17135.14
1058.10
1038.07
1044.99
1038.07
1030.92
1036.17
20845.89
1153.95
1105.79
1093.86
1102.92
1076.94
1071.93
1066.92
25142.91
1051.19
1039.98
1046.18
1039.03
1033.07
1031.16
1029.97
1145.12
1149.89
1147.03
33200.03
1080.04
1065.02
1054.05
1073.84
1088.86
1094.82
25184.87
1096.01
1066.92
1066.92
1065.97
1055.96
1054.05
21081.92
1150.85
1120.81
1138.93
1171.11
1152.04
1132.97
17143.01
1096.96
1045.94
1038.07
1039.98
1039.03
1028.06
1022.10
21101.00
1116.99
1097.92
1091.00
1066.92
1042.84
1043.08
29067.04
1137.97
1100.06
1100.06
1111.98
1086.95
1084.09
1075.03
1037.12
1074.08
1080.04
1080.04
1084.80
1080.04
1075.98
29111.15
1131.06
1090.05
1075.03
1046.90
1079.80
1106.98
25169.13
1131.06
1086.95
1086.95
1083.14
1107.93
1096.01
1080.99
21162.99
1075.03
1072.17
1072.88
1062.87
1057.86
1058.82
17110.11
1113.18
1070.02
1062.15
1076.94
1065.97
1064.06
29045.10
1146.79
1078.84
1062.87
1084.80
1070.98
1057.15
1056.91
1040.94
1118.18
1108.88
1128.20
28902.05
1053.09
1044.03
1054.05
1051.19
1055.00
1044.99
1056.91
1088.14
1087.90
1086.95
13203.14
1161.10
1138.93
1137.02
1115.08
1092.91
1051.90
25172.00
1163.01
1155.14
1157.05
1137.02
1104.83
1090.05
33138.99
1074.08
1053.09
1051.19
1059.06
1050.95
1049.04
1051.90
1067.88
1093.86
1093.15
15578.99
1139.88
1102.92
1092.91
1095.06
1100.06
1116.99
1091.00
17726.18
1111.03
1064.06
1050.00
1055.96
1105.07
1108.17
1102.92
1112.94
1102.21
1106.02
1101.97
1063.82
1097.92
1119.14
25228.02
1137.97
1115.08
1110.08
1136.06
1148.94
1145.84
1148.94
1139.16
1137.97
1132.01
1071.93
1077.89
1071.93
13167.14
1089.10
1076.94
1070.02
1088.14
1080.99
1075.98
33119.92
1139.88
1088.86
1088.86
1080.99
1048.09
1053.09
1054.05
25182.96
1082.90
1078.84
1078.84
1075.98
1070.98
1066.92
25156.97
1158.00
1144.17
1147.99
1150.85
1145.84
1147.03
17230.99
1114.85
1101.02
1110.08
1101.02
1101.02
1107.93
1128.20
1105.07
1106.02
1104.12
29221.06
1128.20
1101.97
9181.98
1188.04
1147.99
1143.93
1152.04
1138.93
1136.06
13233.18
1097.92
1073.84
1070.98
1091.00
1073.84
1080.04
17106.06
1137.02
1098.87
1086.00
1095.06
1075.03
1075.98
1070.98
1078.13
1065.97
1060.01
25094.99
1153.95
1110.08
1098.16
1115.08
1098.87
1101.02
1098.16
1093.86
1101.02
1122.95
25156.02
1146.08
1106.02
1096.01
1102.92
1092.20
1097.92
1096.01
1101.02
1111.98
1122.95
25192.02
1109.84
1087.90
1092.20
1084.09
1071.93
1071.93
1085.04
1149.89
1155.14
1143.93
25247.10
1180.17
1171.11
1128.91
1125.81
1137.97
1130.10
1127.00
1121.04
1123.19
25197.98
1173.97
1140.12
1066.92
1055.96
1052.14
1046.90
25095.94
1124.86
1082.90
1079.08
1061.92
1048.09
1043.08
1048.09
1050.00
1045.94
1050.00
1045.94
25161.98
1074.08
1059.06
1065.02
1058.10
1064.06
1058.10
1049.04
1071.93
1069.07
1071.93
25178.91
1086.00
1070.02
1079.08
1069.07
1070.02
1063.82
1064.06
1098.87
1103.88
1096.96
21239.04
1114.85
1119.85
1114.85
1111.98
1096.01
1104.83
1108.88
1098.16
1099.11
25130.03
1138.21
1093.15
1082.90
1081.94
1069.07
1068.12
1062.15
1074.08
1060.96
1059.06
1056.91
25177.00
1097.92
1082.90
1093.86
1142.98
1141.07
1138.93
1148.94
1138.21
1152.04
29176.95
1132.01
1096.01
1094.82
1103.88
1065.02
1066.92
1080.04
1075.03
1064.06
1068.12
29131.17
1147.03
1106.02
1098.87
1116.04
1098.87
1095.06
1091.96
1102.92
1119.85
1127.96
41229.01
1098.87
1091.00
1087.90
1082.90
1078.84
1073.84
17144.92
1111.98
1077.89
1078.84
1087.90
1073.84
1073.84
21120.07
1142.98
1107.93
1105.07
1108.88
1114.13
1106.98
1101.97
21159.17
1069.07
1076.94
1086.95
1098.16
1112.94
1116.04
25200.84
1099.82
1070.98
1073.12
1064.06
1064.06
1056.91
1045.94
1054.05
1065.02
1080.04
29226.06
1142.02
1133.92
1132.01
1080.04
1086.00
1089.10
1089.10
1077.18
1079.08
21389.01
1182.08
1143.93
1132.01
1142.98
1135.83
1134.87
1130.82
1135.83
1139.88
1127.00
19010.07
1116.04
1116.04
1111.03
1097.92
1086.00
1114.13
1122.00
1121.04
29220.10
1111.98
1101.02
1096.01
1099.11
1098.16
1101.02
1087.19
1062.87
1065.97
1069.07
33375.02
1123.91
1101.02
1096.96
1074.08
1065.02
1055.00
25183.92
1114.85
1086.00
1065.02
1065.97
1051.90
1065.02
21136.05
1140.12
1096.01
1091.00
1112.94
1092.20
1103.88
25125.98
1112.94
1063.11
1059.06
1065.02
1070.98
1065.97
1074.08
29176.95
1091.96
1088.14
1089.10
1089.10
1084.09
1079.08
25125.03
1143.93
1099.82
1108.88
1071.93
1048.09
1055.00
21082.88
1159.91
1113.18
1107.93
1113.18
1113.89
1101.97
1100.06
17197.13
1111.03
1100.78
1102.92
1101.97
1091.96
1088.86
21240.00
1121.04
1125.10
1106.98
1096.96
1093.15
1101.02
17188.07
1075.03
1061.92
1064.06
1081.94
1099.82
1128.91
25187.02
1136.06
1099.11
1101.02
1142.98
1132.01
1127.00
25171.04
1083.85
1047.85
1044.99
1066.92
1064.06
1064.06
1069.78
25178.91
1077.89
1065.97
1068.12
1090.05
1090.05
1086.00
1103.88
1066.92
1065.97
1067.88
33148.05
1050.00
1039.03
1029.01
1133.20
1122.95
1124.86
21197.08
1058.82
1044.03
1037.12
1044.99
1032.11
1039.98
25060.18
1086.95
1045.94
1039.03
1041.89
1017.09
1044.99
1051.90
25107.86
1097.92
1060.96
1056.19
1059.06
1054.05
1070.98
1100.06
1119.14
1133.92
1132.01
17227.89
1142.98
1116.04
13099.91
1142.98
1089.10
1086.00
17130.85
1089.10
1058.10
1050.95
1068.83
1067.88
1071.93
1077.18
20509.96
1098.16
1051.90
1044.99
1096.01
1125.81
1131.06
1127.96
1136.06
1122.95
1130.10
19894.12
1076.94
1062.87
1061.92
1049.04
1043.80
1037.84
1039.98
1038.07
25147.20
1048.09
1039.98
1024.96
1037.84
1043.08
1033.07
1039.98
1030.21
1032.11
1033.07
45100.93
1139.88
1092.91
1083.14
1075.98
1109.84
1116.04
25188.92
1183.99
1145.84
1123.91
1116.04
1091.96
1066.92
1044.99
1029.01
1035.93
1038.07
25092.12
1112.22
1072.88
1091.00
1109.12
1085.04
1084.09
1080.99
25211.10
1152.04
1132.01
1117.94
1066.92
1068.83
1071.93
1089.10
1070.02
1058.82
33102.99
1151.08
1131.06
1141.79
1147.03
1135.11
1112.94
21133.90
1126.77
1077.89
1070.98
1071.93
1066.92
1056.19
1058.10
25134.09
1062.15
1044.99
1036.17
1041.89
1041.89
1044.99
33118.96
1099.82
1061.92
1073.12
1096.96
1106.02
1113.89
1135.83
1055.00
1041.17
1034.02
25072.10
1111.98
1055.00
1074.08
1087.90
1025.92
1036.88
1032.11
1043.08
1037.12
1039.98
1045.94
20395.04
1127.00
1127.96
1142.98
1101.02
1088.86
1082.90
1080.04
21128.18
1050.00
1044.99
1054.05
1037.12
1055.00
1051.90
1046.18
1092.91
1080.04
1092.91
29196.98
1073.12
1055.96
1068.12
1051.19
1053.09
1049.04
1052.14
1132.01
1116.99
1113.89
20528.79
1050.00
1044.03
1036.88
1060.01
1046.90
1043.80
1041.89
21164.89
1070.02
1068.83
1086.00
1117.23
1127.00
1135.11
14563.08
1119.14
1096.01
1092.20
1080.04
1090.05
1091.00
1086.95
1089.10
18444.06
1143.93
1129.15
1111.98
1024.96
1035.93
1033.07
1031.88
1054.05
1044.99
1053.09
25221.11
1159.19
1142.02
1115.08
1039.98
1029.97
1034.98
1040.94
1033.07
1029.01
1034.02
53123.95
1058.82
1039.03
1038.07
1044.03
1034.98
1034.98
25078.06
1121.04
1077.89
1067.88
1060.01
1142.02
1126.05
1121.04
1105.79
1075.98
1055.96
21090.03
1174.93
1118.90
1089.81
1044.03
1056.91
1060.96
1064.06
1080.04
19457.82
1125.10
1085.04
1077.89
1072.88
1039.98
1034.98
1036.88
1042.13
1027.11
1032.11
1024.96
21153.93
1084.09
1067.16
1064.06
1027.11
1038.07
1043.08
1044.03
1034.02
1033.07
1025.92
45187.00
1142.98
1112.94
1027.82
1069.07
1076.94
1075.98
25140.05
1188.99
1134.87
1116.04
1024.96
1060.96
1075.98
1080.99
1079.80
1082.90
1088.14
25146.01
1096.96
1061.92
1062.15
1100.06
1048.09
1050.00
25100.95
1163.01
1113.89
1119.14
1091.96
1073.84
1086.00
1080.04
25195.12
1139.88
1116.99
1114.85
1094.82
1080.99
1086.00
25160.07
1079.80
1075.03
1080.04
1085.04
1096.96
1083.85
25129.08
1122.95
1090.05
1089.81
1096.01
1080.99
1093.15
29116.15
1091.00
1048.80
1035.93
1031.16
1073.12
1071.93
1075.03
1075.98
1072.17
1072.88
1072.88
25163.89
1074.79
1080.04
1081.94
1074.08
1078.84
1070.98
1091.00
1054.05
1060.96
1055.96
41146.04
1086.95
1070.98
1068.12
1060.96
1056.91
1049.04
25093.08
1090.05
1050.00
1044.03
1050.00
1035.93
1031.16
1032.11
1041.89
1029.97
1027.11
1027.11
25166.99
1091.96
1073.12
1070.02
1052.14
1038.07
1075.03
25192.98
1091.00
1078.84
1075.98
1034.02
1031.16
1033.07
25062.08
1124.86
1062.87
1063.11
1062.15
1080.04
1059.06
1044.99
25162.94
1091.00
1072.88
1062.87
1042.13
1070.02
1096.96
25153.16
1173.97
1152.04
1141.07
1152.99
1127.00
1117.94
25140.05
1175.88
1150.85
1135.83
1100.06
1121.04
1114.13
25177.96
1116.99
1060.01
1050.00
1071.93
1038.07
1044.99
1044.03
25136.95
1050.95
1040.22
1039.98
1099.11
1085.04
1065.97
25084.02
1084.09
1044.03
1037.12
1050.95
1039.03
1029.97
1027.11
25186.06
1097.20
1092.91
1087.90
1029.01
1029.01
1029.01
25077.10
1092.20
1056.91
1052.86
1022.82
1086.00
1075.03
1077.89
25147.20
1053.09
1050.00
1026.87
1032.11
1028.06
1029.97
1049.04
1034.98
1030.92
1039.03
33138.99
1111.03
1089.10
1076.94
1091.00
1084.09
1081.94
17137.05
1168.97
1140.83
1123.91
1127.96
1106.02
1075.98
25096.89
1101.02
1059.06
1048.09
1058.10
1079.08
1070.98
1057.86
25164.13
1111.03
1100.06
1098.87
1135.83
1136.06
1128.91
1121.04
1091.00
1067.88
1050.00
1080.04
1065.97
1065.97
17114.16
1157.05
1044.99
1039.98
1055.00
1137.02
1132.97
1118.18
1096.01
1070.98
1055.00
1038.07
1058.10
1073.12
1076.94
17108.92
1115.80
1078.84
1075.03
1096.96
1063.11
1055.96
1067.88
16110.90
1173.97
1142.02
1148.94
1116.99
1089.81
1091.00
17123.94
1107.93
1065.97
1059.06
1054.05
1035.93
1039.98
1047.85
1061.92
1052.14
1059.06
1088.14
1064.06
1055.00
1055.00
1061.92
1060.01
1051.90
1065.02
17102.00
1117.94
1075.03
1066.92
1075.98
1143.93
1152.04
1153.95
1149.89
1142.98
1146.08
1106.98
1060.96
1054.05
1052.14
10286.09
1080.99
1073.12
1055.00
1055.00
1058.10
1057.86
1052.86
1052.14
1058.10
1106.98
1150.85
1148.94
33189.06
1192.09
1139.16
1117.94
1094.82
1137.02
1138.93
25163.89
1168.01
1109.84
1091.00
1078.13
1050.00
1052.86
1070.98
1104.12
1097.92
1126.05
33172.13
1161.10
1138.21
1132.97
1152.99
1137.02
1120.09
21145.11
1141.07
1099.11
1091.00
1099.82
1091.00
1091.00
17124.18
1109.12
1052.14
1054.05
1056.91
1050.00
1061.92
1090.05
25206.09
1064.06
1055.00
1076.94
1065.02
1060.01
1053.09
1075.98
1050.95
1054.05
1048.09
41141.03
1075.98
1068.12
1050.00
1077.89
1100.06
1093.86
21112.20
1127.96
1083.85
1071.93
1116.99
1152.99
1144.89
17179.97
1177.07
1125.10
1127.00
1127.00
1122.00
1110.79
21152.02
1096.96
1042.84
1039.03
1029.97
1088.86
1106.02
1111.03
9218.93
1088.86
1059.06
1052.86
1050.00
3813.03
1063.11
1068.12
1060.96
1081.94
1078.13
1078.13
9145.98
1145.12
1139.16
1130.10
1089.10
1091.96
1091.00
9135.01
1161.10
1121.04
1120.09
1122.00
7510.90
1095.06
1053.09
1055.96
17192.13
1074.08
1052.14
1058.10
1085.04
1098.16
1123.91
25176.05
1075.98
1098.16
1125.10
1073.12
1075.03
1080.04
1095.06
1085.04
1095.06
1087.19
25120.02
1133.20
1095.06
1080.04
1098.16
1081.94
1071.21
1110.08
1128.91
1145.84
1133.92
25202.04
1101.97
1090.05
1095.77
1086.00
1065.02
1047.85
1065.97
1066.92
1086.95
1114.13
29201.98
1051.90
1039.03
1034.98
1039.98
1032.11
1033.07
13066.05
1104.83
1060.96
1054.05
1060.01
1056.91
1052.14
1048.09
17161.13
1087.90
1057.86
1054.05
1065.02
1076.94
1102.21
17163.99
1093.86
1061.92
1059.06
1073.12
1056.91
1061.92
1059.06
17235.99
1144.89
1137.02
1135.11
1112.94
1088.86
1071.93
21178.01
1096.96
1084.80
1093.86
1080.99
1075.98
1076.94
21181.11
1104.12
1085.04
1068.12
1080.99
1090.05
1094.82
1106.02
1104.12
1097.92
1099.82
25179.86
1088.86
1067.88
1067.88
1055.96
1043.08
1043.08
1043.08
1034.02
1036.88
1038.07
25085.93
1077.18
1040.94
1026.87
1051.19
1029.01
1029.01
1034.98
1043.08
1029.97
1030.92
1033.07
25137.19
1046.90
1034.98
1042.13
1025.92
1029.01
1034.98
1032.11
1084.09
1080.99
1077.89
25187.97
1160.86
1152.04
1147.03
1140.12
1127.00
1105.07
1050.00
1079.08
1088.14
1083.14
25207.04
1093.15
1055.96
1054.05
1046.90
1046.18
1045.94
17093.18
1163.01
1138.93
1144.17
1146.08
1117.94
1086.00
1072.88
1049.04
1044.03
1057.15
17177.10
1113.89
1128.91
1145.84
1130.82
1136.06
1120.09
25193.93
1102.92
1072.17
1043.08
1054.05
1070.98
1084.80
25156.02
1095.06
1050.00
1060.96
1098.16
1101.97
1116.04
25462.15
1240.02
1096.96
1088.86
1097.92
1040.94
1037.12
1032.11
1042.13
1029.97
1031.16
1023.05
1043.08
19836.19
1109.12
1127.96
1139.16
1153.95
1147.99
1135.11
1075.98
1093.86
1092.91
1100.06
1093.15
1095.06
1088.86
37184.95
1089.10
1070.98
1065.02
1013.99
1043.08
1044.99
25082.83
1195.91
1135.83
1118.90
1066.92
1065.02
1068.12
1063.11
1085.04
1075.03
1070.02
41112.90
1130.82
1075.03
1075.03
1070.02
1034.02
1028.06
1025.92
21137.95
1064.06
1046.18
1044.99
1062.15
1069.07
1070.02
17111.06
1138.93
1090.05
1091.00
1102.92
1055.00
1046.90
1037.84
21198.03
1091.00
1082.90
1091.00
1085.04
1084.09
10391.00
1061.92
1051.19
1051.90
1044.99
1043.08
1040.94
1047.85
1128.91
1122.95
1127.00
25208.00
1089.10
1065.02
1065.02
16325.00
1134.16
1075.03
1093.15
17195.94
1152.99
1137.02
1124.86
1037.12
1045.94
1050.95
25103.09
1101.02
1065.02
1060.96
1070.98
1094.10
1116.99
1138.21
1126.05
1137.02
1109.12
41172.03
1080.99
1065.02
1070.02
1050.00
1051.90
1077.89
25147.91
1094.10
1053.09
1048.09
1050.95
1044.03
1034.98
1038.07
17185.21
1142.98
1123.19
1130.10
1128.91
1123.91
1127.96
25160.07
1058.10
11103.15
1084.09
1068.12
1068.12
1049.04
1052.14
1044.03
1047.13
1036.88
1034.02
1034.02
20283.94
1086.00
1053.09
1057.15
1056.91
1089.81
1088.86
1091.00
33131.12
1130.10
1075.98
1070.02
1087.90
1052.86
1055.96
1055.00
1053.81
1076.94
1055.00
1049.04
1075.98
1075.03
1062.15
1065.97
1060.01
22898.91
1075.98
1042.13
1038.07
9176.02
1091.96
1058.10
1049.04
1059.06
1077.18
17851.11
1126.05
1074.08
1065.97
1067.88
1060.96
1052.14
1055.00
1056.19
1106.02
1130.10
1142.02
33154.96
1073.12
1061.92
1067.88
1050.95
1044.03
1038.79
25139.81
1055.96
1049.04
1052.86
1065.97
1068.12
1058.10
29093.03
1120.81
1072.88
1077.89
1091.00
1060.01
1057.15
1050.95
25163.89
1113.89
1094.10
1097.20
1091.00
1094.10
1095.06
21175.15
1101.97
1087.90
1088.14
1106.02
1113.18
1107.93
17155.89
1102.92
1058.82
1049.04
1060.01
1042.13
1035.93
1044.99
21197.08
1070.98
1069.07
1075.03
1065.97
1061.92
1050.95
25105.00
1107.22
1066.92
1060.96
1070.98
1065.97
1068.12
20760.06
1191.14
1127.00
1098.87
13115.88
1080.99
1045.94
1036.88
1041.17
1035.93
1040.94
1034.02
1019.00
1091.96
1078.13
1089.10
22899.15
1064.06
1068.12
1059.06
1051.19
1050.00
1080.99
1081.94
22346.97
1066.92
1041.17
1037.12
1086.95
1100.06
1087.90
1093.15
1089.10
1087.90
1091.00
21135.09
1089.10
1057.15
1044.03
1024.01
1080.04
1076.94
1075.03
1078.84
1075.98
1068.12
26978.97
1098.87
1060.01
1036.88
1039.98
1043.08
1059.06
1047.13
1054.05
22207.98
1098.87
1099.82
1117.94
1039.03
1041.89
1035.21
21092.89
1095.06
1064.06
1060.01
1127.00
1149.89
1145.84
1152.99
1149.18
1147.99
1142.98
31172.99
1074.08
1116.99
1091.96
1088.14
13133.05
1126.05
1074.08
1076.94
1047.13
1091.96
1082.90
1096.96
1100.06
1085.04
1095.06
21149.16
1135.11
1096.01
1079.80
13172.86
1058.10
1045.94
1056.91
1060.01
1057.86
1063.82
25112.87
1082.90
1059.06
1041.89
1042.84
1038.07
1034.98
1036.17
25150.06
1052.14
1039.03
1042.13
1045.94
1037.12
1034.02
13077.02
1097.92
1054.05
1045.94
1046.90
1039.98
1050.00
1044.99
1058.10
1021.86
1027.82
1030.92
25177.96
1106.98
1098.87
1088.86
1027.11
1039.03
1044.99
16549.11
1094.10
1054.05
1044.03
1051.19
1039.03
1037.12
1032.11
17079.11
1129.15
1087.90
1083.85
1096.96
1079.08
1082.90
1081.94
1076.22
1076.94
1081.94
41131.02
1101.02
1061.92
1061.92
1052.14
1119.14
1152.99
25164.84
1118.90
1078.84
1079.80
1083.85
1080.99
1091.00
1080.04
1060.01
1065.02
1063.82
1060.01
33114.91
1052.86
1042.84
1044.99
1043.08
1034.98
1036.88
25085.93
1132.01
1096.01
1075.03
1063.11
1065.97
18684.86
1115.80
1081.94
1085.04
1051.90
1070.02
1063.82
1080.04
1061.92
1076.94
1067.88
21638.15
1125.10
1076.94
1072.88
1074.08
1065.97
1075.03
29163.12
1071.93
1044.99
1053.09
1065.02
1059.06
1058.82
1065.02
1066.92
1072.88
1074.08
1082.90
1043.08
1060.96
22580.86
1066.92
1059.06
1060.01
1057.86
1063.82
1071.93
25169.85
1073.84
1071.93
1068.12
1081.94
1073.84
1075.03
21121.98
1151.80
1080.04
1075.98
1091.96
1039.03
1036.17
1044.99
17211.20
1105.07
1089.10
9142.88
1086.00
1049.04
1039.98
17141.10
1080.99
1071.93
1055.00
1067.88
1041.89
1039.98
9082.08
1119.14
1074.08
1070.02
1071.93
1132.01
1117.94
1093.86
1082.18
1054.05
1042.13
25085.93
1099.11
1053.09
1058.82
1056.91
1066.21
1061.92
1057.86
1066.21
1064.06
1061.92
34391.88
1138.93
1128.91
1137.02
1133.92
1132.01
1127.00
25182.96
1100.06
1097.20
1091.96
1034.02
1039.03
1040.94
1048.80
1039.98
1044.99
1044.03
33163.07
1112.94
1096.96
1091.00
1100.06
1101.97
1093.15
25225.16
1092.91
1075.98
1078.13
1033.07
1048.09
1047.13
1065.02
20097.02
1127.00
1092.91
1079.08
1100.06
1076.94
1065.02
1075.98
1067.16
1061.92
1065.02
1061.92
1055.96
1055.00
1047.85
37081.96
1119.14
1099.11
1079.08
1101.02
1093.15
1090.05
25132.18
1095.06
1049.04
1041.17
1044.03
1041.17
1034.98
1035.21
21127.94
1091.00
1081.94
1087.90
1090.05
1089.10
1093.15
25139.09
1082.18
1040.94
1037.84
1037.84
1034.98
1037.12
1030.92
21167.99
