1085.04
1075.03
1080.99
1085.04
1082.90
1085.04
21133.90
1132.01
1096.01
1075.03
1087.90
1109.84
1104.83
1095.06
1097.92
1099.82
1091.96
25182.96
1071.93
1049.04
1049.04
1076.94
1111.03
1091.00
1085.04
1101.97
1096.96
1093.15
25199.89
1112.94
1108.88
1095.06
1100.78
1118.90
1104.83
1116.04
1108.88
1100.06
1091.00
25203.94
1108.88
1096.01
1107.93
1116.99
1099.11
1098.87
1103.88
1092.91
1089.10
23134.95
1146.08
1110.08
1090.05
1086.00
1070.02
1095.06
1071.93
1067.88
1074.79
25157.93
1091.00
1084.09
1093.15
1084.09
1080.99
1081.94
1091.00
1083.85
1082.90
1094.10
25165.08
1097.20
1101.97
1110.08
1096.01
1093.86
1088.86
1095.06
1096.96
1101.02
25130.99
1146.08
1099.11
1094.10
1089.10
1093.15
1091.00
1091.96
1101.97
1100.06
22079.23
1142.98
1086.00
1090.05
1095.06
1116.04
1101.97
1100.06
1111.03
1106.02
1101.97
25142.91
1137.97
1096.01
1086.24
1128.91
1117.94
1121.04
1118.18
1127.96
1137.97
1119.14
25228.98
1210.21
1096.96
1098.16
1137.02
1136.78
1122.00
9218.93
1101.02
1101.02
1094.82
1089.81
1089.81
1088.86
17170.91
1118.90
1106.98
1091.96
1134.87
1115.80
1118.90
17159.94
1141.79
1083.85
1087.90
1119.85
1083.85
1088.86
21128.89
1120.81
1074.08
1079.08
1102.92
1076.94
1093.86
1087.19
1090.05
1097.20
1084.09
25141.00
1137.02
1101.97
1099.11
1110.08
1098.16
1111.98
1110.79
1092.91
1083.14
1079.08
25140.05
1106.98
1065.02
1067.16
1073.12
1061.92
1065.97
1076.94
1072.88
1071.93
1099.11
25117.87
1120.09
1083.14
1070.02
1081.94
1081.94
1085.04
13221.03
1162.05
1117.94
1112.94
1110.08
1080.99
1075.03
1078.13
1100.06
1078.13
1076.94
25117.87
1126.05
1094.10
1081.94
1056.91
1085.04
1086.00
1080.99
1084.09
1068.12
1055.96
25110.96
1151.80
1090.05
1105.07
1100.06
1096.01
1088.86
1088.86
1127.00
1141.07
1132.01
25226.12
1138.21
1096.01
1085.04
1103.16
1096.96
1084.80
1080.99
1111.98
1112.94
1106.02
25201.08
1072.17
1055.00
1067.88
1120.09
1120.09
1112.22
1132.01
1117.94
1152.99
25247.10
1209.02
1145.84
1150.85
1164.91
1145.12
1147.03
1158.00
1151.80
1158.00
1152.04
25248.05
1160.14
1147.99
1145.12
1162.05
1146.08
1147.99
1152.04
1142.98
1142.02
25181.06
1130.10
1096.96
1080.99
1086.95
1074.08
1081.94
1075.98
1105.07
1091.00
1104.12
25177.00
1139.88
1117.94
1113.18
1618.15
1109.12
1091.00
1130.10
1125.10
1132.01
25173.90
1115.80
1087.90
1058.82
1080.99
1071.93
1050.95
1050.95
1060.01
1050.00
1051.90
25081.16
1116.04
1066.92
1060.96
1065.97
1063.11
1063.11
1093.15
1081.94
1065.02
1070.02
1079.08
25151.97
1056.91
1060.01
1058.82
1118.90
1120.09
1113.18
1134.87
1111.03
1099.11
25139.09
1118.90
1064.06
1050.95
1040.94
1096.01
1086.00
1086.00
1101.97
1101.97
1099.82
25141.00
1120.09
1075.03
1070.98
1069.07
1111.03
1109.12
1103.16
1127.96
1114.85
1132.97
25166.03
1132.01
1085.04
1086.00
1070.98
1104.12
1086.95
1091.96
1096.96
1094.82
1072.88
25125.03
1137.97
1102.92
1098.16
1106.02
1100.06
1103.88
1120.09
1108.17
1107.93
1101.97
29219.15
1162.05
1155.14
1132.01
1123.91
1121.04
1133.92
1103.16
1096.96
1089.81
25125.98
1181.13
1127.96
1134.87
1122.95
1133.92
1116.04
1127.00
1101.97
1113.89
1091.00
21128.89
1111.03
1086.95
1071.93
1080.99
1077.89
1076.94
1080.04
1075.98
1085.04
1078.13
25120.02
1124.86
1081.94
1078.13
25192.98
1115.80
1112.94
1088.14
1101.02
1095.06
1085.04
1095.06
1079.08
1083.14
1073.12
25187.02
1106.02
1087.90
1088.86
1088.86
1096.96
1089.10
1095.06
1096.01
1106.98
1109.12
1096.01
1092.20
1084.09
17123.94
1091.96
1058.10
1053.09
1072.17
1063.11
1065.97
1072.17
21202.09
1126.05
1126.05
1128.91
1136.06
1121.04
1119.85
1034.02
1053.09
1043.08
25079.97
1118.90
1077.89
1062.15
1070.98
1072.88
1075.98
1074.08
1085.04
1093.15
1106.02
25119.07
1201.15
1151.08
1147.99
1152.99
1146.08
1145.12
1148.94
1144.17
1145.12
1143.93
25247.10
1160.14
1149.89
1148.94
1147.99
1147.99
1143.93
1149.89
1142.98
1141.07
25182.96
1195.91
1150.85
1142.98
1152.04
1141.79
1140.83
1153.95
1144.17
1143.93
1138.93
25236.13
1162.05
1144.89
1160.14
1144.89
1144.89
1148.94
1147.03
1144.17
1142.02
25254.96
1163.96
1151.08
1156.09
1157.05
1151.08
1143.22
1151.08
1142.98
1138.21
25189.88
1193.05
1156.09
1152.04
1154.90
1145.84
1142.02
1142.98
1148.22
1144.89
1141.79
25186.06
1107.93
1091.00
1096.96
1086.95
1084.09
1085.04
1103.16
1158.95
1163.01
25202.99
1160.14
1133.92
1122.95
1132.01
1122.00
1122.00
13149.98
1132.01
1089.10
1093.15
1106.02
1093.15
1094.10
1086.95
1106.98
1090.05
1096.01
25137.19
1157.05
1095.06
1096.96
1100.06
1089.10
1089.10
1097.92
1108.88
1095.06
1098.87
25178.91
1120.81
1097.92
1091.96
1107.93
1096.96
1093.15
1101.97
1101.02
1092.91
1095.06
29181.96
1072.17
1057.86
1051.90
1098.87
1103.16
1094.10
21140.10
1152.04
1110.08
1103.88
1109.12
1101.97
1098.87
1100.78
1095.06
1092.91
1098.87
25198.22
1116.99
1104.12
1103.16
1096.96
1098.87
1095.06
1096.96
1064.06
1078.13
1068.12
25196.08
1111.98
1100.78
1101.02
1045.94
1043.80
1044.03
25099.99
1118.90
1086.00
1086.00
1101.02
1077.89
1092.91
1079.08
1086.00
1075.98
1079.08
25125.03
1086.95
1062.15
1051.90
1060.01
1047.13
1049.04
1050.95
1055.96
1048.09
1050.00
25080.92
1106.98
1055.96
1056.91
1063.11
1060.01
1060.01
1060.96
1078.13
1065.02
1070.02
1071.93
25168.18
1091.00
1085.04
1091.00
1078.13
1075.03
1069.07
1084.09
1080.99
1090.05
1075.03
25194.88
1096.01
1095.06
1106.98
1087.90
1086.00
1080.04
1091.00
1089.81
1085.04
17129.90
1136.06
1168.01
1085.04
1096.01
1084.09
1086.00
1084.09
25182.01
1078.84
1065.97
1055.96
1118.90
1096.01
1111.98
1113.18
1101.02
1103.16
25123.12
1142.02
1083.14
1075.98
1086.95
1079.08
1079.08
1075.03
1079.80
1076.94
1073.84
1077.89
1092.20
1086.95
1092.91
25123.12
1146.08
1114.85
1104.83
1113.89
1107.93
1101.02
1103.16
1075.98
1071.21
1070.98
25115.01
1137.02
1099.11
1113.89
1113.89
1112.94
1113.18
1101.02
1091.00
1092.91
1093.15
25228.02
1112.94
1104.12
1114.13
1089.10
1086.95
1113.89
17224.79
1108.88
1089.81
1096.01
1095.06
1084.09
1084.09
17137.05
1135.83
1097.92
1080.99
1091.96
1073.84
1053.81
1066.92
1101.97
1107.93
1102.92
25150.06
1101.97
1064.06
1056.91
1093.86
1107.93
1108.17
1106.02
1101.02
1097.92
1095.06
25172.00
1111.98
1092.20
1090.05
1110.08
1089.10
1096.96
1081.94
1070.98
1065.97
1068.12
25179.15
1111.03
1095.06
1090.05
1086.00
1067.88
1072.88
1070.98
1043.08
1049.04
1050.00
25147.91
1101.02
1077.89
1073.84
1079.80
1075.98
1069.07
1062.15
1048.09
1045.94
1047.85
29090.88
1133.92
1091.00
1095.06
1095.06
1091.00
1083.85
1101.02
1091.00
1091.00
1080.04
25126.93
1101.97
1059.06
1063.11
1053.09
1091.96
1078.84
1093.86
1089.81
1073.84
1080.99
25135.99
1144.89
1106.98
1118.18
1047.85
1065.97
1060.96
1065.02
1060.01
1055.00
1051.90
25084.97
1161.10
1096.96
1106.98
1097.92
1057.86
1050.00
1054.05
1062.15
1055.00
1051.90
25082.11
1147.03
1102.92
1099.11
1115.08
1096.96
1099.82
1107.93
1102.92
1100.06
1106.02
17161.13
1141.07
1095.06
1086.00
1086.00
1075.98
1065.97
17099.14
1116.04
1070.02
1063.82
1071.93
1056.19
1055.96
1057.86
1055.00
1060.96
1058.10
1058.10
25183.92
1106.98
1090.05
1104.83
1096.01
1086.95
1083.85
1080.99
1065.97
1070.98
1070.98
25177.96
1101.02
1092.20
1092.91
1083.85
1097.92
1080.99
1101.02
1084.09
1084.09
21111.01
1140.12
1096.01
1103.88
1101.02
1097.92
1081.94
1088.14
21203.04
1097.92
1081.94
1090.05
1067.88
1062.87
1055.00
25155.07
1080.99
1071.93
1064.78
1080.04
1063.11
1065.02
1075.98
1072.88
1082.90
1080.04
25154.83
1149.89
1126.05
1111.98
1095.06
1094.10
1079.08
1085.04
1083.14
1079.08
1080.04
25189.16
1116.04
1103.16
1100.06
1069.07
1073.12
1075.03
1080.04
1065.97
1073.12
1071.93
25157.21
1105.07
1085.04
1090.05
1077.89
1078.84
1081.94
1083.14
1075.03
1082.18
1084.09
21209.00
1108.17
1101.02
1105.07
1063.11
1067.16
1061.92
17113.92
1116.04
1080.99
1075.98
1045.94
1057.15
1053.09
1057.15
1056.91
1051.90
1047.85
25084.97
1163.96
1109.84
1096.96
1096.01
1045.94
1049.04
1051.90
1057.15
1052.14
1055.00
19088.03
1127.00
1070.02
1056.91
1056.19
1057.86
1054.05
1101.97
1100.06
1097.92
25172.00
1087.90
1078.13
1080.04
1071.93
1072.17
1069.07
1079.08
1070.02
1072.17
1066.92
25197.98
1114.13
1111.98
1099.82
1086.00
1098.16
1090.05
1106.98
1087.90
1092.20
21099.09
1164.91
1107.22
1095.06
1104.12
1092.91
1097.92
1091.96
17204.05
1112.94
1088.86
1094.82
1090.05
1082.90
1076.94
17209.05
1111.03
1101.97
1113.18
1105.07
1106.02
1099.82
1100.06
1102.92
1116.04
1106.98
25216.10
1112.94
1101.97
1103.16
1097.92
1096.96
1096.96
1105.07
1103.88
1112.94
25146.01
1154.90
1118.90
1103.88
1110.79
1101.97
1103.16
1101.97
1081.94
1074.08
1067.16
25115.97
1138.93
1111.98
1096.96
1099.11
1089.10
1091.00
1086.00
1065.02
1075.98
1084.09
25127.17
1137.97
1082.18
1078.13
1083.85
1075.98
1078.13
1080.04
1101.02
1118.18
1112.94
25168.18
1121.04
1080.99
1075.03
1059.06
1058.10
1065.02
1067.16
1058.10
1058.10
1061.92
25110.01
1146.08
1116.04
1093.15
1090.05
1056.19
1065.97
17080.78
1213.07
1161.10
1152.99
1123.91
1110.08
1106.98
21121.03
1168.01
1106.98
1106.98
1105.07
1098.16
1102.92
1092.91
1101.02
1090.05
1082.90
25116.92
1143.93
1085.04
1088.86
1097.20
1085.04
1075.98
1072.17
1084.09
1079.08
1075.03
25110.01
1135.11
1085.04
1079.08
1086.00
1076.94
1075.98
1076.94
1086.00
1075.98
1074.08
29107.09
1163.01
1116.99
1098.16
1102.92
1098.16
1094.10
1096.01
1085.04
1079.08
1086.00
25116.92
1151.08
1111.03
1099.11
1110.08
1099.11
1101.97
9140.97
1123.19
1086.00
1074.08
1083.14
1064.06
1058.10
1058.10
17235.99
1132.97
1124.14
1124.14
1118.90
1109.84
1117.94
21194.22
1112.94
1089.81
1081.94
1119.14
1125.10
1119.14
1127.96
1124.14
1127.96
25151.01
1140.12
1086.00
1091.00
1090.05
1092.91
1091.96
1092.20
1107.93
1084.80
1086.95
25108.10
1190.19
1141.07
1136.06
1149.18
1137.97
1134.16
1128.91
1076.94
1075.03
1070.02
25192.02
1172.07
1171.11
1146.08
1093.15
1094.10
1095.06
1114.13
1091.00
1096.01
1106.98
25244.95
1168.97
1166.82
1132.01
1102.92
1091.00
1092.91
25247.81
1163.96
1145.12
1152.99
1148.94
1132.01
1137.02
1079.08
1084.09
1076.94
25133.85
1193.05
1173.97
1166.11
1054.05
1050.00
1061.92
1062.87
1057.86
1055.96
1060.01
25125.98
1183.03
1149.89
1155.14
1071.93
1073.84
1078.84
1096.01
1086.00
1094.82
1093.86
25223.02
1152.04
1140.12
1113.89
1117.94
1098.16
1095.06
1100.06
1088.14
1093.86
1088.86
21221.88
1122.00
1122.95
1121.04
1116.04
1096.01
1102.21
17232.89
1147.03
1143.93
1148.94
1146.08
1141.07
1137.97
19204.85
1106.02
1099.11
1088.14
1092.91
1111.98
1075.98
1070.02
1069.07
13217.93
1147.03
1136.06
1147.03
1150.13
1127.00
1132.97
1081.94
1070.02
1077.89
25130.99
1192.09
1163.01
1149.18
1092.91
1095.06
1085.04
1104.12
1091.96
1077.18
1075.03
21186.11
1111.03
1097.20
1100.06
1101.02
1089.10
1090.05
17140.15
1132.01
1086.00
1079.08
1085.04
1070.98
1080.04
18170.12
1152.99
1146.08
1142.02
1132.97
1134.16
17178.06
1172.07
1136.06
1139.16
1132.01
1122.00
1123.91
21138.91
1209.02
1162.05
1140.12
1118.90
1075.98
1071.93
1080.99
1091.00
1080.99
1074.79
25105.95
1172.07
1115.80
1113.89
1122.95
1122.95
1129.87
1112.94
1116.04
1106.02
1112.94
25214.91
1163.01
1145.84
1160.86
1154.90
1158.00
1146.08
1162.05
1149.89
1150.85
25192.02
1137.02
1102.92
1097.92
1065.97
1133.92
1132.01
1137.97
1127.96
1122.00
1125.81
25219.92
1109.12
1078.13
1085.04
1080.99
1091.00
1095.06
1086.95
1080.04
1081.94
1078.84
25203.94
1118.18
1105.07
1100.06
1096.96
1110.08
1106.02
1106.02
1089.10
1091.96
1093.86
17878.06
1172.07
1172.07
1182.08
1165.15
1160.14
1167.06
1159.91
1165.87
25289.06
1187.80
1147.03
1136.06
1148.94
1139.88
1140.83
1140.83
1142.98
1141.07
1133.92
25224.92
1149.89
1138.93
17220.97
1079.08
1058.10
1050.95
1102.21
1106.02
1106.02
17142.06
1132.97
1082.18
1075.03
1064.06
1082.18
1075.98
1079.08
17219.07
1132.97
1096.01
1094.10
1107.93
1113.89
1128.91
21211.15
1113.18
1106.98
1102.21
1096.01
1094.10
1100.06
1063.11
1126.05
1129.15
25182.96
1166.11
1092.91
1114.85
1124.86
1107.93
1116.04
1101.02
9143.83
1066.92
1055.96
1048.09
1079.08
1073.12
1075.03
17174.01
1115.08
1117.94
1106.02
1090.05
1089.10
1090.05
25119.07
1131.06
1079.80
1053.81
1069.07
1064.06
1079.08
1086.00
1082.90
1084.09
1091.00
25110.01
1161.10
1106.98
1137.02
1099.11
1096.96
1083.85
1069.78
1052.86
1060.01
1063.11
25094.99
1150.85
1112.94
1113.18
1124.86
1107.93
1101.02
1096.96
1070.98
1056.91
1051.19
21172.05
1113.18
1092.91
1091.96
1097.20
1080.99
1080.99
1077.89
1104.83
1104.83
1116.04
25218.96
1111.03
1091.00
1095.06
1093.15
1080.04
1085.04
1075.03
1064.06
1074.08
1085.04
25197.98
1090.05
1080.99
1080.99
1080.99
1090.05
1080.99
1082.90
1057.86
1053.81
1054.05
25163.89
1065.97
1054.05
1051.90
1054.05
1052.86
1052.86
1062.87
1057.15
1052.14
1059.06
25148.15
1111.98
1080.99
1073.12
1111.98
1084.09
1088.14
1091.96
1080.04
1085.04
1083.14
25192.02
1158.00
1136.06
1133.92
1068.83
1075.98
1095.06
1104.12
1102.92
1106.98
1113.18
25228.02
1119.14
1106.98
1101.02
1101.97
11225.94
1098.16
1088.14
1091.96
1088.86
1086.00
1091.00
1092.91
12732.03
1117.94
1103.16
1092.91
1110.08
1093.86
1094.82
1082.90
1063.82
1052.86
1064.78
25208.95
1150.85
1142.02
1112.94
1075.98
1100.06
1114.13
1116.99
1103.16
1112.94
25143.86
1150.85
1106.02
1120.09
1115.08
1122.95
1108.88
1101.97
1096.96
1080.04
1069.07
33157.11
1102.92
1096.96
1104.12
1056.91
1064.06
1061.92
1059.06
1060.96
1053.09
1055.00
17088.89
1109.84
1071.93
1070.02
1082.90
1092.91
1086.95
1112.94
1117.94
1106.02
1113.18
25196.08
1120.09
1099.11
1081.94
1076.94
1062.87
1060.01
1066.92
1079.80
1080.04
1094.10
25201.08
1130.10
1108.88
1126.05
1107.93
1108.88
1092.91
1094.10
1083.14
1064.06
1055.96
25167.94
1083.14
1087.90
1086.00
1084.09
1106.02
1115.80
1106.98
1121.04
1115.08
1106.98
25197.03
1096.96
1086.95
1073.12
1055.96
1055.96
1068.12
1086.95
1080.99
1102.92
1111.98
25211.10
1132.97
1124.86
1126.05
1108.88
1101.02
1089.10
1049.04
1053.09
1052.14
25093.08
1167.06
1103.88
1113.89
1118.90
1119.85
1113.89
1099.11
1111.03
1104.12
1109.12
25155.07
1118.18
1078.13
1084.09
1085.04
1094.10
1102.92
1096.01
1091.96
1098.87
1100.06
25163.89
1124.86
1086.00
1075.98
1064.06
1061.20
1058.10
1075.98
1085.04
1086.95
1085.04
25124.07
1145.84
1115.08
1116.99
1111.98
1092.91
1083.85
1071.93
1062.15
1060.96
1058.82
25147.91
1129.15
1101.02
1116.99
1113.89
1113.89
1103.88
1093.86
1111.98
1110.08
1106.98
25181.77
1075.98
1070.02
1086.00
1078.13
1096.01
1109.12
1116.99
1099.82
1102.92
1092.20
25228.98
1115.80
1096.01
1091.96
1111.98
1111.98
1111.98
1115.08
1107.93
1107.93
25144.10
1159.19
1116.99
1108.17
1116.04
1106.98
1106.02
1108.88
1106.98
1103.88
1103.16
25161.03
1152.99
1111.03
1112.94
1139.88
1116.99
1113.89
1122.95
1116.99
1116.99
1112.94
25228.02
1133.92
1119.14
1127.96
1116.99
1116.99
1114.13
1126.05
1116.04
1111.98
21162.99
1132.01
1073.12
1064.06
1066.92
1091.96
1082.18
1082.90
17194.03
1089.10
1066.92
1061.92
1056.91
1074.08
1077.18
17216.92
1112.94
1111.03
1096.96
1091.00
1094.82
1092.91
21166.80
1147.03
1134.16
1120.09
1127.00
1116.99
1115.80
1101.97
1050.95
1048.80
1055.00
25149.11
1116.04
1085.04
1088.86
1094.82
1097.92
1084.80
13131.86
1136.06
1108.88
1111.03
1105.07
1093.15
1091.96
21134.85
1117.94
1064.06
1062.87
1072.17
1080.04
1091.00
1080.04
1091.96
1079.80
1070.02
25100.95
1119.85
1072.88
1070.98
1074.08
1065.02
1069.07
1063.11
1061.92
1055.00
1054.05
1051.19
25172.00
1090.05
1079.80
1084.80
1061.92
1050.00
1055.00
13173.10
1128.20
15259.98
1115.80
1103.88
1094.82
1044.99
1054.05
1052.14
1063.11
1059.06
1058.10
1060.96
25187.02
1100.06
1105.79
1100.06
1079.08
1080.04
1078.13
1099.11
1087.90
1095.06
1091.96
21170.14
1071.93
1059.06
1060.96
1061.20
1059.06
1065.97
1068.83
1103.88
1107.93
1109.12
25166.03
1078.84
1070.02
1075.03
12125.97
1154.90
1101.02
1098.87
1100.06
1099.11
1092.91
1073.84
1055.96
1055.00
1060.01
25099.04
1142.98
1091.96
1080.99
1076.94
1061.92
1061.92
1060.01
1077.89
1068.12
1075.03
25110.96
1104.12
1064.06
1052.14
1065.97
1062.87
1060.01
1070.02
1086.95
1098.16
1095.06
25148.15
1127.96
1091.96
1096.96
1093.86
1096.96
1095.06
1101.02
1081.94
1084.09
1083.14
25131.94
1129.87
1088.86
1079.80
1087.90
1069.07
1069.78
1076.94
1046.90
1054.05
1055.00
25106.91
1158.00
1099.11
1114.13
1086.95
1046.18
1055.00
1054.05
1072.88
1062.87
1063.11
25098.09
1168.01
1099.82
1091.00
1102.92
1075.98
1073.12
1081.94
1097.92
1088.14
1094.10
25149.11
1111.98
1060.96
1055.96
1069.07
1057.15
1065.97
1070.02
29183.86
1091.00
1071.93
1065.97
1055.96
1057.86
1056.91
1065.97
1065.02
1075.03
1072.88
25175.09
1090.05
1066.92
1063.11
1055.00
1055.96
1058.10
1064.06
1063.11
1068.12
1070.02
25187.02
1090.05
1076.94
1086.95
1087.19
1084.09
1092.91
1094.82
1070.98
1074.08
1078.13
21172.05
1128.20
1106.02
1098.16
1092.91
1086.95
1084.09
9167.19
1111.98
1084.09
1088.14
1095.06
1076.94
1072.88
17124.89
1114.85
1065.02
1059.06
1070.02
1058.82
1059.06
1060.01
17162.08
1078.13
1064.06
1073.12
1063.11
1069.07
1070.98
13129.95
1133.20
1091.96
1091.00
1111.03
1090.05
1102.92
17160.89
1152.99
1102.92
1083.85
1082.90
1058.82
1062.87
1065.97
1074.08
1073.12
1075.98
33123.97
1144.17
1101.02
1100.06
1107.93
1087.90
1097.92
17122.98
1192.09
1139.88
1143.93
1158.95
1164.91
1178.03
17210.01
1169.92
1101.97
1107.93
1109.12
1095.06
1093.15
17128.94
1148.94
1112.94
1086.00
1106.98
1111.03
1109.12
1110.08
25193.21
1116.04
1094.10
1105.07
1094.10
1078.13
1074.08
1085.04
1073.12
1060.96
1063.11
25140.05
1073.84
1056.91
1070.02
1061.92
1061.92
1069.07
1074.79
1083.85
1091.96
1084.09
25214.20
1134.87
1130.82
1144.89
1148.94
1165.15
1163.96
1174.21
1154.90
1138.93
25208.95
1112.94
1101.97
1107.93
1086.00
1064.06
1064.06
1080.04
1091.96
1115.08
1119.14
25233.98
1142.02
1137.02
1141.07
1118.90
1102.92
1076.94
1074.79
1062.87
1070.02
1075.03
25210.14
1132.01
1127.96
1134.16
1130.82
1132.01
1116.04
1113.18
1100.06
1074.08
25102.14
1115.08
1177.07
1084.09
1103.16
1116.99
1122.95
1132.01
1122.00
1131.06
1135.83
25202.99
1147.03
1147.03
1160.86
1163.96
1170.16
1168.01
1112.22
1106.98
1097.20
25130.03
1146.08
1106.98
1104.83
1120.81
1111.98
1110.08
1121.04
1119.85
1124.86
1125.81
25174.86
1126.05
1091.96
1093.15
1101.02
1083.85
1087.90
1075.03
1132.01
1131.06
1112.94
17200.95
1104.83
1103.88
1096.01
1085.04
1091.96
1096.96
1077.18
1127.00
1122.00
1111.03
25183.92
1125.10
1118.90
1132.01
1120.09
1132.97
1124.86
1063.82
1047.85
1051.90
25071.14
1199.01
1137.02
1125.10
1132.97
1124.86
1119.85
1129.87
1099.82
1102.92
1106.02
25143.86
1139.88
1104.83
1103.16
1070.02
1061.20
1076.94
1096.01
1115.08
1126.05
1123.19
25202.04
1099.11
1077.18
1069.07
1071.93
1065.97
1080.04
1096.96
1119.14
1113.89
1115.80
21218.06
1124.14
1124.86
1119.85
1116.99
1108.17
1116.04
17228.13
1144.17
1127.96
1135.11
1131.06
1136.06
1133.92
1132.97
1103.88
1103.88
25135.99
1178.03
1141.07
1128.91
1140.12
1129.15
1127.00
1127.00
1065.02
1071.93
1071.93
25112.15
1141.07
1095.06
1103.16
1101.02
1087.19
1087.90
1091.96
1089.10
1087.19
1091.00
25164.13
1119.14
1087.90
1090.05
1101.02
1089.10
1091.96
1096.96
1093.15
1086.95
1086.95
25190.11
1110.08
1091.96
1097.92
1095.06
1100.78
1105.07
1112.94
1096.01
1091.00
1090.05
25190.83
1094.82
1081.94
1066.21
1080.04
1084.09
1082.90
1083.85
1078.84
1080.99
1080.99
21189.93
1099.11
1088.14
1075.03
1137.97
1152.04
1142.98
17196.89
1096.96
1091.96
1112.94
1068.12
1068.12
1069.07
17148.02
1112.94
1079.08
1069.07
1111.98
1083.85
1062.87
17097.95
1141.07
1093.15
1095.06
1116.04
1118.90
1110.08
17145.16
1156.81
1101.97
1110.08
1122.00
1096.96
1101.97
1096.96
17198.09
1122.00
1111.03
17154.93
1118.90
1096.01
1089.10
1073.12
1096.96
1091.00
17138.00
1173.97
1107.93
1095.06
1098.87
1077.18
1074.08
1073.12
25201.08
1123.19
1110.08
1105.07
1098.87
1098.87
1101.02
1081.94
1091.00
1087.90
25130.99
1156.09
1113.18
1115.08
1107.93
1097.20
1101.02
1095.06
1158.00
1057.86
1051.90
1055.96
1114.85
1118.90
1122.00
1128.91
1119.85
1122.95
25150.06
1136.78
1095.06
1085.04
1079.08
1055.00
1053.81
1051.90
1059.06
1055.00
1056.91
1047.85
25142.91
1060.96
1050.00
1064.06
1058.10
1060.01
1058.82
1067.88
1131.06
1131.06
1125.10
25229.93
1096.96
1091.00
1086.00
1084.09
1086.00
1086.00
1069.07
1094.10
1091.00
25130.03
1124.86
1082.90
1079.80
1083.85
1072.88
1073.84
1076.94
1090.05
1082.90
1075.03
25094.99
1139.16
1094.10
1091.96
1096.96
1092.91
1095.06
1094.10
1117.94
1106.98
1113.89
25136.95
1163.01
1113.89
1101.02
1107.93
1097.92
1098.16
25131.94
1135.11
1070.98
1056.91
1048.09
1078.13
1070.98
1070.98
1093.15
1074.08
1085.04
1080.99
25157.93
1069.07
1069.07
1037.84
1061.92
1058.10
1059.06
1066.21
1065.97
1066.92
1070.98
25173.90
1081.94
1060.01
1060.96
1060.96
1055.96
1063.11
1080.99
1063.82
1075.03
1075.03
17172.10
1111.03
1096.01
1101.02
1092.91
1093.86
1093.86
1100.06
1091.96
1091.00
1088.86
25203.94
1135.11
1098.16
1101.97
1099.11
1092.20
1091.96
1114.13
1091.96
1101.97
25130.03
1178.98
1100.06
1106.02
1104.83
1101.02
1086.95
1098.16
21212.10
1108.17
1115.08
1096.01
1064.78
1065.02
1070.98
1082.90
1076.22
1075.98
1078.13
25191.07
1120.09
1097.92
1091.96
1104.12
1106.98
1096.96
1106.98
1091.96
1088.14
25134.09
1159.19
1105.07
1089.10
1088.14
1096.96
1080.99
1079.08
1085.04
1086.00
1077.18
25103.09
1171.11
1100.06
1102.92
1095.77
1060.96
1078.13
1060.96
1071.93
1061.20
1059.06
21106.00
1142.98
1080.04
1071.21
1070.02
1059.06
1051.90
1055.00
18025.16
1159.91
9175.78
1102.92
1061.92
1055.00
1065.02
1053.09
1060.01
1058.82
17170.91
1113.89
1101.02
5125.05
1116.99
1079.80
1080.04
1079.08
1069.07
1069.07
1065.02
1084.80
1074.08
1084.09
25103.09
1158.00
1091.00
1096.96
1088.14
1097.92
1096.96
1099.11
1101.97
1101.97
1104.12
25132.89
1146.08
1094.10
1075.98
17176.15
1065.97
1059.06
1060.01
1064.06
1060.96
1052.86
25099.04
1189.95
1164.20
1163.96
1122.00
1100.06
1095.06
1097.92
1097.92
1109.84
1114.13
25218.01
1152.99
1145.12
1136.06
1086.00
1088.86
1091.00
1096.01
1087.19
1091.96
1084.09
25194.17
1105.07
1094.10
1102.92
1096.01
1085.04
1090.05
1094.82
1071.93
1070.98
1067.88
25213.00
1101.02
1090.05
1081.94
1091.96
1094.10
1093.15
1101.97
1093.86
1093.86
25116.92
1099.82
1061.92
1056.91
1058.10
1054.05
1052.14
1062.15
1065.97
1058.82
1063.82
1060.96
17210.01
1125.10
1103.88
1106.98
1111.03
1101.02
1102.21
25194.88
1120.09
1099.11
1104.12
1100.06
1101.97
1096.96
1126.05
1093.15
1092.91
1091.00
1057.15
1051.90
1050.00
1059.06
1055.96
1050.95
1052.14
25102.14
1175.17
1121.04
1125.10
1099.11
1075.03
1067.16
1074.08
1065.97
1068.83
1077.89
25118.83
1149.89
1107.93
1097.20
1129.87
1096.96
1113.18
1110.08
1095.06
1101.02
1098.16
25218.96
1158.95
1144.17
1139.88
1111.03
1105.07
1091.00
1096.01
1071.93
1060.01
1055.00
25204.18
1122.00
1103.88
1119.14
1092.91
1085.04
1080.99
1091.00
1086.95
1094.10
25125.98
1188.99
1121.04
1116.04
1123.91
1117.94
1115.08
1121.04
1119.14
1113.89
1111.98
25192.98
1145.84
1122.95
1119.14
1121.04
23214.10
1142.98
1101.97
1115.08
1118.18
1120.09
1118.90
1105.07
1053.09
1056.91
1060.96
25114.06
1142.98
1094.10
1111.98
1069.07
1062.87
1060.96
1061.92
1069.07
1064.06
1060.96
21099.81
1096.96
1065.02
1055.96
1067.16
1055.96
1060.96
1064.06
25198.94
1113.89
1103.88
1113.89
1112.94
1108.17
1102.92
1106.02
1111.98
1104.12
1106.98
1108.88
1109.84
1120.81
25219.92
1107.93
1080.04
1070.98
1092.91
1101.02
1106.02
1106.02
1098.87
1099.11
1094.10
25249.00
1154.90
1152.04
1161.81
1145.84
1158.95
1149.18
1156.09
1155.85
1158.95
21222.11
1129.15
1096.01
1099.82
1080.99
1099.11
1102.92
17149.21
1137.02
1113.89
1113.18
1116.04
1126.05
1130.82
17161.85
1192.81
1144.89
1145.84
1114.85
1101.97
1092.91
21113.87
1152.04
1117.94
1106.02
1117.94
1104.12
1116.04
1108.17
1106.02
1101.02
1101.02
25131.94
1140.12
1089.10
1084.09
1096.96
1076.94
1078.13
1079.08
1070.98
1066.92
1067.16
25115.01
1197.81
1152.04
1168.97
1111.98
1099.11
1096.01
1101.02
1101.02
1103.88
1103.88
25203.94
1113.18
1108.88
1108.88
1092.91
1098.16
1092.91
1103.88
1097.20
1095.06
1086.00
25196.79
1116.99
1093.15
1091.96
1152.04
1162.05
1143.93
1158.00
1147.03
1153.95
25218.01
1105.07
1085.04
1085.04
1140.12
1132.97
1137.02
1138.93
1134.87
1144.89
1135.83
25214.91
1122.00
1115.08
1118.90
1132.97
1140.12
1136.06
1127.00
1133.20
1116.04
25161.03
1114.85
1066.92
1064.06
1088.14
1109.12
1101.02
1108.17
1104.12
1106.98
1103.16
25145.05
1142.98
1118.90
1101.02
1115.08
1111.03
1103.16
1097.92
1055.00
1055.96
1057.86
25189.88
1142.98
1140.12
1152.04
1135.11
1152.99
1147.99
1127.96
1096.01
1091.96
25131.94
1197.10
1143.93
1151.80
1160.86
1155.85
1143.93
1152.04
1060.01
1064.06
1065.02
25135.99
1160.14
1115.08
1122.00
1077.89
1093.15
1080.99
1078.84
1073.84
1067.88
1065.02
25161.03
1079.08
1063.11
1058.10
1068.12
1065.97
1066.92
1081.23
1075.03
1079.08
1086.95
25120.02
1134.16
1097.92
1091.00
1110.08
1099.11
1102.92
1111.03
1111.98
1116.04
1091.00
29196.02
1087.90
1073.12
1080.99
1082.18
1082.90
1086.00
1086.95
1079.80
1075.98
