1312.02
1213.79
13283.01
1324.89
1214.98
1210.21
1192.09
1209.02
1199.01
25407.08
1235.01
1212.12
13386.96
1255.04
1214.03
17350.91
1281.02
1228.09
17281.06
1297.95
1212.12
17252.92
1322.03
1215.93
17246.01
1343.97
1199.01
1193.05
17383.81
1209.02
1178.03
17379.05
1253.13
1226.19
21395.92
1266.00
1222.85
13351.92
1292.94
1257.90
1217.13
1199.01
1203.06
25249.96
1329.18
1209.97
1204.97
1215.93
1188.99
1181.84
29402.97
1252.89
1216.89
1206.87
1203.06
1189.95
25264.98
1334.91
1215.93
13279.91
1318.93
1225.95
1215.93
1211.17
1196.15
1188.99
25408.03
1262.90
1214.98
13379.81
1271.01
1219.99
13288.02
1306.06
1209.02
17279.86
1298.90
1231.91
1223.80
1192.09
1186.13
1188.99
25398.02
1235.01
1202.11
13375.04
1232.15
1202.11
1209.97
1183.99
1184.94
25236.85
1335.14
1209.97
1183.03
13370.99
1224.99
1179.93
1239.06
1187.80
1179.93
25276.90
1296.04
1215.93
13291.84
1297.95
1225.95
17267.94
1335.86
1230.96
9258.99
1333.00
1213.07
1206.16
21397.11
1229.05
1195.91
9366.99
1237.87
1184.94
13365.03
1238.82
1192.09
1191.14
1191.14
1186.13
25253.06
1329.18
1204.97
1200.91
13403.89
1224.99
1201.15
1215.93
1197.10
1188.99
25267.84
1307.01
1224.99
13286.11
1330.85
1216.89
1229.05
1203.06
1198.05
1184.94
21425.01
1241.21
1204.97
17421.01
1248.12
1199.01
21400.21
1250.03
1192.81
1201.87
1184.94
1183.99
25286.91
1338.01
1206.87
9253.98
1322.03
1224.04
1215.93
13379.10
1224.99
1193.05
1214.03
1183.99
1210.93
25269.99
1308.92
1220.94
13296.13
1321.79
1228.09
1223.09
1205.21
1199.01
1204.97
25422.10
1243.11
1207.11
13389.11
1247.17
1214.03
13360.02
1219.99
1186.85
1205.92
1193.05
1184.94
25241.85
1323.94
1214.03
1194.00
1194.00
1183.99
1185.89
29374.84
1250.03
1209.02
1196.15
1190.90
1181.84
25235.89
1342.06
1204.01
1197.10
13402.22
1219.99
1215.93
2035.86
1212.84
25261.88
1338.01
1235.01
13274.91
1353.98
1318.93
1206.87
1217.84
1230.00
1193.05
33402.92
1245.02
1199.96
1213.07
1186.85
1180.89
25261.88
1333.95
1215.93
1206.87
1183.99
1182.79
1175.88
29418.95
1249.07
1214.03
1219.99
1182.08
1183.03
25287.15
1328.23
1213.07
13288.97
1332.04
1220.23
1214.98
1202.11
1202.11
1200.20
25383.95
1261.95
1214.98
13391.97
1257.90
1219.99
1230.96
1206.16
1199.96
25255.92
1322.03
1226.90
13253.21
1309.16
1199.96
1188.04
17399.07
1214.03
1184.94
17365.93
1235.01
1183.03
17318.96
1266.96
1189.95
17273.90
1317.98
1443.15
17275.09
1300.81
1194.95
17250.78
1307.96
1209.97
1193.05
21399.02
1242.16
1202.11
13406.04
1245.02
1225.95
1230.96
1206.16
1196.15
25284.05
1307.96
1222.13
1222.13
1201.15
1194.00
29215.81
1367.09
1219.99
1199.01
1212.84
1197.10
1205.21
25373.94
1249.07
1208.07
13291.12
1304.15
1202.11
1207.83
1204.01
1176.12
1183.99
25400.88
1231.91
1184.94
13410.81
1230.00
1197.81
13364.08
1243.11
1188.04
17270.09
1289.13
1209.02
1207.83
1199.01
1194.00
1191.85
25392.06
1233.10
1195.19
13409.14
1265.05
1307.96
1212.12
1183.03
1181.84
25285.01
1310.83
1223.09
13270.14
1294.14
1214.98
1214.03
1194.95
1178.98
1189.95
25402.07
1240.02
1209.02
13365.98
1235.96
1191.14
1233.10
1194.00
1180.89
25269.03
1322.03
1217.13
21264.08
1336.10
1212.84
1204.01
9370.09
1235.96
1205.21
13392.93
1231.91
1202.11
1215.93
1202.82
1193.05
25275.23
1322.98
1240.97
13286.83
1322.03
1214.03
1214.03
1202.11
1194.95
1189.95
25390.86
1260.04
1209.02
13390.06
1242.88
1202.82
1211.88
1178.98
1185.89
25245.19
1371.86
1234.05
13237.95
1341.10
1222.13
1205.21
21429.06
1229.05
1204.01
1204.97
1178.98
1172.07
25273.08
1324.89
1210.93
9278.06
1312.97
1213.07
13285.88
1335.86
1233.10
1217.13
1213.07
1195.19
1189.95
25390.86
1249.07
1217.13
13362.17
1240.02
1206.16
1195.19
1191.14
1207.11
25249.96
1355.89
1218.08
1193.05
17376.18
1237.15
1192.09
17392.16
1219.03
1200.91
1215.93
1197.81
1173.97
25273.80
1327.04
1210.93
13257.98
1315.12
1214.98
1194.95
1196.86
1185.89
1183.99
25396.82
1252.89
1197.10
13303.04
1333.95
1315.83
1221.90
1217.84
1203.06
25248.05
1327.04
1227.14
13247.97
1353.98
1221.90
1199.01
1219.99
1183.99
1193.05
25356.05
1281.98
1211.17
21284.10
1312.02
1199.01
9263.99
1305.82
1204.01
13253.21
1284.12
1222.13
1192.09
1200.91
1185.18
1184.94
25361.06
1245.02
1206.87
13266.09
1290.08
1219.03
1202.82
1193.05
1184.94
1185.89
25403.02
1230.00
1189.95
13384.10
1245.02
1223.09
1218.08
1203.06
1198.05
25264.02
1324.89
1236.92
13274.91
1322.98
1208.07
1207.11
1358.99
1214.98
1191.14
1222.13
1214.98
1188.99
25344.13
1257.18
1199.01
9270.91
1287.94
1194.95
13268.95
1292.94
1199.01
1187.09
1199.01
1185.89
1183.03
25393.96
1250.98
1221.18
13338.09
1244.07
1211.17
1219.03
1214.98
1201.15
25242.09
1348.97
1208.07
1187.09
13391.97
1220.94
1204.97
13398.17
1239.06
1189.95
1201.15
1188.04
1187.09
26154.04
1235.96
1200.20
1188.99
1173.02
1183.99
29276.85
1293.18
1215.93
1199.96
1188.99
1169.92
1179.93
25404.93
1230.00
1199.96
13387.92
1227.86
1204.97
1208.07
1189.95
1181.13
25252.10
1363.99
1237.15
13262.03
1314.88
1219.03
1204.01
1219.99
1194.00
1187.80
29403.92
1250.98
1214.98
17384.05
1271.96
1212.84
9274.01
1305.10
1214.03
13280.87
1308.92
1215.93
1220.94
1214.03
1201.87
1188.04
25397.06
1235.01
1211.17
13384.10
1224.99
1199.01
1221.90
1192.09
1184.94
25254.01
1358.99
1231.91
13269.90
1308.92
1197.10
1188.99
1194.00
1178.98
1168.97
25345.09
1255.99
1203.06
13271.81
1299.14
1204.01
21245.00
1313.92
1205.92
1194.00
1202.11
1177.07
1173.02
25374.89
1237.15
1203.06
9254.93
1263.14
1194.95
13262.99
1289.84
1200.91
1195.91
1179.93
1186.13
1169.92
25367.98
1224.99
1197.10
13294.94
1266.00
1199.01
1194.00
1176.12
1174.21
1174.93
25383.00
1224.04
1194.95
13376.00
1219.03
1191.14
1224.99
1192.81
1193.05
29280.19
1309.16
1209.97
1197.81
1191.85
1178.03
1183.03
25380.85
1235.96
1204.01
13383.15
1237.15
1184.94
13278.01
1287.94
1197.10
1205.92
1183.03
1193.05
1184.94
25387.05
1222.13
1208.07
1202.82
1199.96
1187.09
25263.79
1305.10
1203.06
13279.91
1303.91
1206.87
1206.87
1199.01
1195.19
1178.98
25380.85
1233.10
1204.97
13367.89
1243.83
1207.11
17293.93
1296.04
1217.13
17277.00
1283.17
1197.10
17245.05
1315.12
1200.91
1184.94
17368.08
1203.06
1188.99
17365.93
1225.95
1205.92
17348.05
1249.79
1195.91
25270.94
1320.12
1204.97
17259.12
1307.01
1213.07
1204.01
1194.95
1181.13
1181.84
25383.95
1235.01
1209.97
13369.08
1240.02
1199.96
1200.91
1183.99
1182.08
25228.98
1332.04
1214.98
1193.05
13384.82
1226.90
1195.91
1205.92
1189.95
1191.85
25269.99
1308.92
1209.97
13262.99
1310.83
1200.91
1195.91
1194.00
1184.94
1179.93
25399.92
1244.07
1216.89
21384.00
1259.80
1205.92
9253.03
1292.94
1204.97
13262.03
1298.19
1205.92
1202.82
1192.09
1193.05
1170.87
25379.18
1235.01
1201.87
13387.92
1243.83
1197.10
1209.02
1199.01
1185.89
25248.05
1335.14
1206.16
1204.97
13376.95
1224.04
1209.02
1213.07
1190.19
1187.09
25253.06
1305.82
1206.87
13298.99
1303.91
1214.03
21270.04
1327.99
1219.99
1186.85
1209.97
1186.85
1180.89
25388.96
1243.83
1206.87
9263.99
1278.88
1190.90
13274.91
1293.90
1202.82
1199.96
1190.19
1179.93
1171.83
25393.96
1234.05
1209.97
13375.04
1253.84
1204.97
1201.15
1185.18
1213.07
25258.06
1324.89
1204.97
1208.07
17370.94
1221.18
1194.00
17394.78
1229.05
1191.14
1196.15
1193.05
1194.95
25259.02
1310.83
1203.06
13275.15
1309.87
1204.97
1194.00
1215.93
1198.05
1189.95
25371.07
1238.11
1199.01
13274.91
1273.87
1198.05
1207.11
1194.95
1173.02
1176.12
25392.06
1217.84
1200.91
13380.05
1240.02
1187.09
1201.87
1194.95
1182.08
25280.00
1307.96
1203.06
21246.19
1333.00
1214.98
1197.81
9361.03
1230.00
1205.92
13375.04
1230.00
1203.06
1203.06
1188.99
1188.04
25273.08
1316.79
1224.99
13262.99
1305.10
1222.13
1194.95
1204.01
1187.09
1173.97
25358.92
1251.94
1202.82
13285.88
1287.94
1202.11
1199.01
1186.13
1185.18
1163.96
25386.10
1224.99
1202.11
13392.21
1234.05
1202.82
21385.91
1245.02
1195.19
1209.97
1188.99
1177.07
25250.91
1343.01
1216.17
1194.00
9352.92
1207.83
1197.10
13368.13
1224.04
1201.87
1202.82
1199.96
1179.93
25264.02
1316.07
1204.01
13254.88
1312.02
1209.02
1202.11
1209.97
1178.03
1175.88
25363.92
1254.08
1210.93
13288.02
1279.83
1210.93
13247.01
1310.83
1214.98
1204.01
1204.01
1199.01
1193.05
25384.90
1240.97
1211.88
1204.97
1182.08
1195.91
29284.00
1313.92
1208.07
1210.93
1194.95
1190.19
1184.94
25402.07
1229.05
1199.96
13391.02
1241.92
1196.86
1202.82
1194.95
1194.95
25259.97
1344.20
1223.09
13266.09
1323.94
1218.80
1209.02
1224.99
1189.95
1195.91
41412.83
1250.98
1202.82
1208.07
1182.08
1188.99
25256.87
1349.93
1220.94
1195.91
1338.96
1202.11
1190.90
1208.07
1182.08
1183.03
25280.00
1304.15
1203.06
13280.87
1297.00
1204.97
1204.97
1202.11
1181.84
1170.87
25393.96
1240.02
1199.01
13395.07
1244.07
1196.86
1214.98
1197.81
1184.94
25259.02
1332.04
1211.88
13215.78
1335.86
1219.03
1188.04
1207.83
1196.86
1185.89
25285.01
1307.96
1199.96
13273.00
1297.00
1203.06
1199.01
1191.85
1178.98
1176.12
25390.15
1233.10
1196.86
13368.84
1245.98
1196.86
1194.95
1187.80
1178.03
25233.03
1344.92
1220.94
1206.87
13346.91
1217.84
1201.87
1210.93
1194.00
1183.99
25259.02
1304.86
1213.07
13293.03
1302.96
1204.01
1204.01
1199.01
1180.89
1180.89
25385.86
1227.86
1206.87
13365.98
1233.10
1197.81
1190.90
1182.79
1176.12
25262.12
1317.02
1201.87
1188.04
13370.04
1215.93
1194.95
17402.17
1234.05
1189.95
9338.14
1228.09
1207.11
13268.95
1277.92
1201.87
1197.10
1207.11
1193.05
1181.84
25362.01
1224.04
1187.80
21370.89
1233.10
1201.15
9310.96
1253.13
1207.11
13262.99
1286.98
1209.02
1204.01
1186.13
1187.09
1186.13
25378.94
1230.00
1188.99
13376.00
1220.94
1219.03
1209.02
1194.95
1191.14
25253.06
1306.06
1213.07
1203.06
13364.08
1208.78
1209.97
1205.92
1192.09
1186.85
25276.90
1306.06
1217.13
17274.14
1300.10
1195.19
1190.90
1198.05
1189.95
1178.98
25398.02
1226.90
1194.00
1212.12
1188.04
1172.07
25257.83
1314.16
1217.13
13252.97
1309.16
1204.01
1194.00
1209.02
1188.04
1168.01
25367.98
1241.21
1201.15
13272.05
1284.12
1209.97
1201.15
1193.05
1191.85
1171.83
25390.86
1222.85
1204.97
13381.00
1232.15
1212.12
1232.15
1193.05
1192.09
29268.03
1318.93
1214.98
1210.93
1180.17
1194.95
1179.93
25388.96
1241.92
1212.84
13367.89
1239.06
1201.15
1204.97
1182.08
1182.08
25226.12
1333.00
1215.93
1203.06
13373.14
1217.13
1194.95
1199.01
1168.97
1197.81
25271.89
1302.00
1203.06
13253.93
1310.11
1199.96
1209.02
1188.99
1188.99
1195.91
25392.06
1239.06
1205.21
13364.08
1237.15
1202.11
17266.04
1302.96
1194.00
17249.11
1298.90
1199.01
17224.07
1321.08
1198.05
1197.81
17375.95
1214.98
1194.00
17354.97
1227.86
1204.97
17261.03
1276.97
1212.12
25285.01
1315.12
1219.99
17256.98
1312.97
1217.84
1196.86
1212.84
1179.93
1184.94
25382.04
1247.88
1199.01
13285.16
1294.85
1206.87
1199.01
1196.15
1184.94
1175.88
25388.00
1223.09
1207.83
13396.02
1228.81
1202.11
1208.07
1182.08
1189.23
25260.93
1322.03
1207.11
13286.83
1316.07
1211.17
1207.11
1209.02
1200.20
1191.14
25388.00
1252.89
1206.87
21380.90
1236.92
1200.20
9259.94
1277.92
1204.01
13257.98
1297.95
1206.87
1209.02
1206.87
1201.87
1203.06
25381.09
1235.01
1188.99
13377.19
1245.98
1209.02
1197.10
1186.13
1189.95
25255.92
1332.04
1214.03
1193.05
13381.96
1219.03
1202.82
1216.89
1203.06
1188.99
25296.93
1287.94
1219.99
13278.96
1298.90
1207.83
21279.10
1321.08
1214.98
1209.02
1228.81
1197.10
1187.09
25376.08
1232.86
1199.01
9323.12
1256.94
1189.95
13254.88
1294.85
1197.10
1208.07
1198.05
1199.96
1188.99
25383.95
1233.10
1194.00
13370.04
1230.96
1209.02
1199.96
1181.84
1190.90
25244.00
1335.86
1226.90
13223.89
1347.06
1222.13
1202.11
13364.08
1215.93
1212.12
1226.90
1199.01
1188.99
25276.90
1305.10
1214.98
1204.97
1186.13
1181.13
1188.99
29410.12
1251.94
1206.16
1210.93
1193.05
1203.06
25276.90
1330.85
1206.87
13290.88
1298.19
1204.97
1207.83
1198.05
1181.13
1181.13
25396.11
1242.88
1212.84
13376.95
1229.05
1194.00
1211.17
1187.09
1191.14
33241.03
1330.85
1208.07
1185.18
1214.98
1201.87
1194.95
25410.18
1253.13
1213.07
1216.17
1204.01
1194.00
25259.02
1338.01
1216.17
13275.15
1341.10
1224.04
1203.78
1215.93
1194.95
1207.11
25389.19
1260.04
1211.88
13376.95
1262.19
1208.07
1199.96
1199.01
1187.80
25248.05
1333.00
1233.10
1209.02
13373.14
1235.01
1199.01
1224.04
1199.96
1193.05
21263.84
1291.99
1209.02
21263.12
1306.06
1196.86
17250.78
1318.93
1212.84
1195.91
17381.91
1221.90
1194.00
17378.09
1224.99
1198.05
17371.18
1235.96
1210.93
17289.88
1303.91
1206.87
17266.04
1298.19
1209.97
21245.96
1322.98
1214.98
1198.05
9338.86
1218.08
1213.07
13382.20
1234.05
1207.11
13352.87
1220.94
1201.87
17272.95
1290.08
1196.86
17266.04
1297.95
1214.98
17246.01
1324.18
1223.09
1200.20
17364.98
1221.90
1204.97
17357.83
1222.85
1198.05
17359.02
1235.01
1209.02
17253.88
1287.94
1214.98
1211.17
1209.97
1185.89
1180.89
25394.92
1230.00
1200.20
17367.12
1242.16
1201.15
17383.10
1242.16
1210.93
17256.98
1288.89
1194.00
17272.00
1297.95
1215.93
17259.12
1317.98
1223.09
1195.91
17355.20
1229.05
1204.01
17378.09
1234.05
1206.16
17390.01
1236.92
1208.07
1202.82
1199.01
1176.12
25249.00
1322.98
1209.97
1189.95
17365.93
1216.89
1199.01
17385.96
1235.96
1198.05
17371.89
1230.00
1210.93
17294.17
1267.91
1207.83
17273.90
1303.91
1205.92
17251.97
1304.86
1214.03
1200.91
17371.89
1225.95
1191.85
17385.96
1214.03
1204.01
1209.97
1196.86
1190.90
25265.93
1304.86
1198.05
17251.01
1313.92
1211.88
1205.92
17403.84
1223.09
1194.00
17375.95
1227.86
1199.01
17366.17
1224.99
1193.05
17284.15
1292.94
1206.87
17272.00
1288.89
1199.01
17258.17
1315.12
1200.20
1200.91
17374.04
1221.18
1192.09
1213.07
1184.94
1180.89
21255.02
1285.79
1185.89
17259.84
1315.12
1209.02
17243.86
1307.96
1228.09
1204.97
17378.09
1231.91
1209.97
17348.05
1215.22
1189.95
17309.90
1230.96
1188.99
17252.92
1297.00
1200.91
17251.01
1312.97
1207.83
1192.09
17372.13
1222.13
1188.04
13374.09
1234.05
1194.95
1214.03
1192.81
1195.91
29280.90
1314.88
1209.97
17256.98
1329.90
1204.97
1194.95
17368.08
1224.04
1207.83
17389.06
1223.09
1193.05
17382.14
1244.78
1195.91
17277.96
1288.89
1204.01
17281.06
1302.00
1217.13
17268.90
1321.08
1222.13
13252.02
1326.08
1228.09
1206.16
1213.07
1186.13
1185.18
29310.94
1284.12
1204.97
17274.86
1312.97
1206.87
17261.03
1320.84
1218.08
17272.95
1333.00
1218.08
1216.89
17391.92
1240.02
1217.13
17397.17
1228.09
1207.83
17379.05
1240.02
1210.93
17325.16
1257.18
1215.93
13280.87
1291.99
1201.87
1205.92
1206.16
1199.01
1189.95
29405.12
1223.09
1199.96
17384.05
1243.83
1199.96
17367.84
1226.90
1194.95
17284.15
1287.94
1207.11
17280.82
1284.12
1203.06
17243.15
1330.85
1205.92
1191.85
17390.01
1224.04
1201.87
17380.95
1231.91
1196.86
13350.01
1240.02
1194.95
1186.85
1180.89
1186.85
29242.04
1334.91
1211.88
1199.96
21403.07
1231.91
1204.97
17385.01
1237.15
1198.05
17372.13
1239.06
1201.87
17298.94
1296.04
1213.07
17266.04
1297.95
1213.79
17257.93
1306.06
1213.07
1196.86
17378.81
1208.07
1198.05
1200.91
1199.96
1198.05
21274.09
1287.94
1202.11
17268.18
1295.09
1195.19
17256.98
1320.12
1210.93
1196.86
17386.91
1226.90
1211.88
17394.07
1240.02
1194.95
17369.99
1231.91
1199.01
17274.14
1297.00
1224.99
17275.81
1300.10
1219.99
17258.88
1303.91
1226.90
1200.91
13359.79
1220.94
1200.91
1213.07
1178.03
1183.99
29294.97
1313.92
1209.02
17277.00
1304.86
1213.07
17256.98
1333.00
1222.13
1191.14
17364.98
1230.96
1211.17
17560.96
1224.04
1204.97
17401.93
1235.96
1198.05
17395.02
1232.15
1204.97
17365.93
1255.99
1199.96
13283.01
1286.98
1209.97
1214.03
1203.06
1193.05
1174.93
29417.99
1241.92
1206.87
17396.93
1224.99
1204.01
17390.97
1237.87
1207.83
17371.89
1246.93
1207.83
17291.07
1299.14
1201.15
17259.12
1307.96
1214.03
17266.04
1319.17
1219.03
1201.87
17376.90
