969.17
972.03
968.93
983.00
973.94
972.99
974.89
980.14
967.03
974.18
978.95
969.89
17061.00
974.89
974.89
970.13
982.05
1008.03
1000.17
998.02
998.97
994.92
997.07
2256.16
967.98
959.87
16989.95
1063.11
1029.01
1011.85
1015.90
988.96
981.09
972.03
967.98
963.93
959.87
956.06
958.92
964.16
956.06
968.93
954.87
17091.99
1017.09
1007.08
1011.13
978.95
972.03
972.03
979.90
1051.90
979.90
976.09
972.99
972.03
974.89
970.84
965.83
17082.93
1024.01
1004.93
993.97
1016.14
998.02
996.11
982.05
983.95
973.94
971.08
969.17
967.98
961.07
958.92
954.15
17050.98
983.00
960.11
962.02
961.07
953.20
953.91
961.78
972.99
966.07
962.02
961.07
967.98
965.83
959.87
959.87
17006.87
1068.83
1019.00
1004.93
998.97
962.97
964.88
952.96
958.92
953.91
950.81
952.96
955.10
25062.08
975.13
961.07
962.97
967.98
964.88
960.83
953.91
962.97
956.06
957.01
955.10
25057.08
992.06
977.99
974.89
974.89
971.08
969.17
967.98
967.98
962.97
962.97
957.97
25007.01
1013.99
967.98
964.88
957.97
957.97
962.97
953.91
954.87
998.97
997.07
994.21
25034.90
1062.87
1004.93
1000.88
983.00
996.83
1008.03
1003.98
1022.10
1005.17
1018.05
1003.03
21048.07
1057.86
1025.92
1008.99
1001.12
975.13
976.09
980.14
982.05
974.89
970.84
967.03
970.13
962.97
968.93
960.11
16988.99
1026.87
975.85
972.03
972.99
968.93
962.02
967.98
968.93
952.01
953.91
958.92
965.12
975.13
966.07
968.93
962.02
17067.91
995.87
983.95
983.00
994.92
976.09
972.03
966.79
979.90
969.89
971.79
967.03
962.97
1007.80
1000.88
1006.84
17118.93
1057.86
1043.80
1044.99
1013.99
983.95
987.05
983.00
991.82
979.90
981.81
988.01
990.15
977.99
982.05
975.85
17087.94
1033.07
1015.19
1013.99
996.11
985.15
988.01
970.13
980.14
971.08
962.97
967.03
967.03
956.06
961.07
957.97
17014.98
1034.02
1015.90
1001.12
1006.13
993.97
993.97
994.92
17097.95
1026.87
1008.99
1009.94
1001.83
996.83
995.87
992.06
981.09
995.87
989.91
992.06
991.82
988.01
996.11
988.96
17085.08
1010.89
988.01
989.91
987.77
988.96
976.09
979.19
973.94
972.03
967.98
960.11
971.08
1044.03
1034.98
1032.11
13099.91
1028.06
1002.07
1005.89
1019.95
1003.03
997.07
993.01
1004.93
998.97
1005.89
1001.83
25100.95
1005.17
993.01
988.01
996.83
973.94
980.14
985.15
988.96
980.85
970.84
974.89
25087.12
986.10
972.03
970.84
978.95
967.98
962.02
963.93
962.02
1023.05
1022.10
1016.14
25086.88
992.06
982.05
975.13
979.90
1011.85
1012.09
1005.89
1019.00
1006.13
1000.88
1001.83
25089.98
1008.99
998.02
999.93
996.83
987.05
989.91
989.91
997.07
988.01
1007.08
1007.08
25126.93
1035.93
1033.07
1026.15
1019.00
1011.85
1011.85
1010.89
1005.17
1009.94
1019.00
29072.05
1052.14
1016.14
1015.90
1012.09
1015.19
1009.94
1004.22
1012.09
1007.08
1010.89
1003.98
1008.99
1008.03
1007.80
1000.88
17093.90
1029.01
1009.94
1005.89
992.06
1006.84
1087.90
1023.05
1012.80
1008.99
1012.09
1004.93
1010.89
1007.80
1003.98
1008.99
963.21
977.04
968.93
974.89
17127.04
1045.94
1037.84
1041.89
1007.08
1008.03
1010.89
1007.08
1010.18
1009.94
1005.89
1007.08
1008.03
1000.88
1006.84
17047.17
1072.17
1037.12
1022.10
1029.01
1021.15
1018.05
1018.05
1008.99
988.96
983.95
988.01
990.87
988.01
981.09
984.91
17032.86
1040.94
1007.80
1000.88
998.02
988.96
993.97
988.96
972.99
960.11
961.07
958.92
962.97
968.93
955.82
961.07
12999.06
1060.96
1015.90
1003.98
1011.13
1005.89
1003.98
994.92
1003.98
1003.03
1002.07
1000.17
25041.10
1019.95
976.80
971.08
976.09
967.98
963.21
972.99
967.98
968.93
972.99
970.84
24981.98
1084.09
1037.12
1027.11
1023.05
1026.15
1023.05
1022.10
1025.92
1040.94
1022.10
1026.15
1019.95
1011.85
1015.90
1013.99
17094.85
1047.85
1015.90
1013.99
1022.10
1015.90
1004.93
1049.04
1052.86
1029.97
1029.01
1028.06
959.87
957.97
970.13
972.03
17111.06
1006.13
1002.07
993.01
1003.03
988.01
989.20
983.95
992.06
978.23
977.99
970.13
947.95
967.03
981.09
967.98
988.96
981.09
977.99
980.85
984.91
986.10
983.95
977.04
979.90
1010.89
1011.85
1011.85
1021.86
1019.00
1013.99
1013.04
1021.15
1018.05
1014.95
1015.90
988.96
962.02
983.00
978.95
987.05
981.81
978.95
982.05
992.06
987.05
988.96
984.91
993.01
988.01
993.97
1009.94
1025.20
1000.88
994.92
1003.98
17126.08
1065.02
1037.12
1034.02
1041.89
1034.02
1024.01
1030.92
974.89
968.22
966.07
961.07
966.07
963.93
957.97
962.02
17081.02
1032.83
1016.86
1015.90
1013.04
1011.13
1005.89
997.07
1001.83
999.93
988.01
983.00
999.93
977.99
982.05
975.13
25074.01
999.93
977.04
978.95
985.15
982.05
980.14
978.95
980.85
977.99
979.90
977.04
25111.91
1012.80
1003.98
1005.17
1008.99
1007.08
1012.09
1001.12
1022.10
1008.03
1002.07
1003.03
17091.04
1011.85
993.01
993.01
1002.07
988.96
993.01
988.01
988.01
987.05
982.05
988.96
952.96
971.08
975.13
971.08
17101.05
999.93
980.14
978.95
981.81
977.99
975.13
975.13
989.91
979.90
978.95
967.98
985.86
953.20
952.01
959.16
13082.98
1017.81
1008.03
1003.98
1014.95
1000.88
1003.03
993.97
998.97
984.91
990.87
983.95
25089.03
1027.82
1008.99
1011.13
1025.92
1015.90
1011.85
1003.98
998.97
983.00
983.00
986.10
993.01
978.95
977.04
972.03
17107.01
1049.04
1029.01
1024.96
1013.99
1016.86
1016.86
1004.93
960.11
961.07
962.02
957.01
963.93
965.12
958.92
958.92
25091.89
998.02
990.87
983.00
946.04
992.06
983.00
988.01
993.97
979.90
987.05
988.01
986.81
985.86
986.81
986.81
17087.94
988.96
968.93
976.80
980.85
965.83
965.83
960.11
974.18
967.03
970.13
974.89
972.03
1020.91
1019.95
1015.19
17096.04
1000.88
975.85
974.89
957.01
972.03
976.09
986.10
997.07
986.10
995.16
988.96
988.96
993.97
996.83
990.87
17048.84
1043.08
996.11
993.01
993.97
978.95
979.19
981.09
968.93
1009.94
1008.03
1015.19
1019.95
1008.03
1014.95
1011.13
17104.15
999.93
980.85
980.85
979.90
977.99
982.05
983.95
984.91
984.19
974.89
982.05
979.90
1000.88
990.87
990.15
17040.01
1037.84
1001.83
989.91
986.10
969.17
976.09
972.99
977.99
970.84
975.85
976.09
982.05
987.05
982.05
981.09
17019.99
1015.90
974.89
972.03
974.18
967.98
963.21
962.97
959.16
968.93
977.04
975.13
983.00
983.00
967.98
967.98
968.22
25100.95
1009.94
1013.04
1004.93
1008.99
1000.17
1005.89
1008.03
999.93
995.87
996.83
21027.09
1060.01
1013.04
1008.99
1012.09
1015.19
1009.94
1006.84
1017.09
1013.99
1011.85
1019.00
25062.08
1042.13
1012.09
1008.03
1002.79
1003.03
1003.03
998.02
1001.83
998.02
998.97
998.97
25058.03
1028.78
993.01
1001.12
994.92
995.87
987.05
985.86
992.06
992.06
988.96
983.00
25068.04
1062.15
1042.13
1025.92
1012.80
999.93
997.78
993.97
996.11
995.16
983.95
984.91
987.05
979.90
982.05
973.94
17081.02
1029.01
1021.86
1019.00
1024.96
1020.91
1013.04
1015.90
1008.99
1002.07
993.97
992.06
998.02
990.87
978.95
977.99
17112.97
1037.12
1013.99
1013.99
1022.10
1012.09
1014.95
1014.95
1013.04
1011.13
1012.09
1017.09
1027.11
1026.15
1027.11
17037.87
1073.12
1021.86
1008.03
1004.93
1029.97
1038.07
1038.07
1044.03
1039.98
1036.88
1035.93
1039.98
1034.98
1039.03
1032.11
17092.94
983.95
970.13
966.07
973.94
962.02
963.93
965.83
979.90
1002.07
995.16
996.11
1000.88
994.92
990.87
990.15
17077.92
981.09
967.98
963.21
972.03
962.97
964.16
962.97
969.17
957.97
959.16
960.11
955.10
1014.95
1014.95
1014.95
17037.87
1019.95
973.94
980.85
969.89
965.83
967.98
970.13
976.09
977.04
975.13
967.98
977.99
978.95
975.13
973.94
17012.12
1093.86
1049.04
1039.03
1049.04
1042.13
1040.94
1036.88
1026.15
992.06
983.95
991.82
992.06
988.96
987.05
968.93
17004.97
1055.00
1023.05
1020.19
1022.10
1008.99
1010.18
1008.99
1011.13
1001.12
1006.13
992.06
998.97
994.21
988.96
989.91
17083.17
1007.08
994.92
994.92
998.02
990.87
988.01
989.91
975.85
974.89
970.84
968.93
25079.01
1050.00
1034.98
1033.07
983.95
970.84
975.85
973.94
988.96
974.89
975.85
975.85
25080.92
1004.93
997.07
985.15
991.11
987.05
992.06
982.05
1006.13
992.06
993.01
998.97
25094.03
1007.08
990.15
988.01
989.20
994.92
993.97
994.92
1000.88
990.87
995.87
998.02
25096.89
992.06
984.91
984.91
995.16
986.10
990.15
992.06
1002.07
962.02
967.03
966.79
25069.95
1015.19
996.11
999.93
1013.04
1017.81
1024.01
1019.95
1029.97
1014.95
1013.04
1012.09
25072.10
977.99
974.89
973.94
977.99
974.18
976.09
972.99
976.80
967.98
972.99
970.84
17093.90
1012.80
1004.93
1001.12
1003.03
998.02
998.97
1001.12
1002.07
1002.07
997.07
996.11
25084.02
998.02
988.96
977.99
990.87
975.85
980.85
975.85
977.99
977.99
978.95
963.93
25069.00
1016.14
988.96
980.14
983.00
982.05
979.90
981.09
1003.03
1020.19
1005.89
1006.84
25106.91
1000.88
991.11
995.16
1019.00
992.06
985.15
977.99
984.91
976.09
972.99
963.93
21073.82
1026.87
1001.83
1000.88
980.85
957.01
957.97
954.15
967.03
964.88
960.11
959.16
25070.91
1000.88
990.87
989.91
1005.17
979.90
984.91
978.95
987.05
983.00
981.81
978.95
17079.11
1006.13
980.85
982.05
981.09
966.07
970.13
968.93
967.98
970.13
973.94
972.99
25017.02
1045.94
1014.95
1011.13
1009.94
1005.89
1005.89
1005.17
1009.94
1039.03
1034.02
1029.01
25105.00
994.92
977.04
972.99
976.09
982.05
980.14
972.99
983.00
972.99
971.08
967.98
25036.81
1002.07
981.09
974.89
997.07
989.91
984.91
986.81
989.20
988.01
987.05
988.96
25038.00
1026.87
989.91
987.05
989.91
986.10
988.01
977.99
994.92
988.01
983.00
997.07
25045.16
1023.05
983.95
980.14
985.86
983.95
981.09
977.04
970.84
990.87
1001.83
993.97
25038.00
1025.92
976.80
972.03
967.03
1000.17
998.97
989.91
988.96
992.06
992.06
983.95
29023.89
1047.85
1019.95
1021.15
1008.03
1007.08
1010.18
1016.14
1012.09
1008.99
1010.18
1010.89
25120.97
1011.13
999.93
997.07
997.07
958.92
961.07
962.02
974.89
971.08
969.89
970.84
25009.87
1026.87
986.81
983.95
978.95
978.95
974.18
973.94
987.05
981.09
976.09
972.99
25017.02
1021.86
983.95
972.03
973.94
977.04
969.17
972.99
969.17
972.99
968.93
967.98
13002.87
1039.03
1000.88
983.95
978.95
1024.01
1023.05
1025.92
1025.92
1021.86
1027.11
1024.96
25050.88
1029.97
985.15
983.00
988.96
986.10
988.96
984.91
989.91
981.09
988.01
979.19
25020.12
1070.98
1031.88
1028.78
1031.88
1025.92
1023.05
1026.15
1042.13
1038.07
1023.05
1032.11
25120.97
1045.94
1031.88
1035.21
1023.05
1017.09
1014.95
1019.00
974.89
967.98
971.08
967.03
25128.84
1046.90
1029.01
1024.01
996.11
993.97
989.20
990.87
988.01
985.15
981.09
25005.10
1043.08
998.97
984.91
993.01
978.95
979.90
971.08
978.23
977.99
974.18
968.93
971.79
25078.06
983.95
977.99
971.08
983.00
971.08
969.89
967.03
970.13
971.08
972.03
968.93
25093.08
1024.01
998.97
994.21
1005.89
990.87
1001.83
990.87
1025.92
990.87
1000.17
993.97
25100.95
1003.98
993.01
1003.98
13084.89
1023.05
1020.91
1013.04
1001.12
1003.98
1003.03
998.02
993.01
993.97
983.00
25017.98
1071.93
1024.01
1021.86
1024.96
1013.99
1019.00
1013.04
1021.15
1017.09
1018.05
1013.99
21131.99
1044.03
1010.18
1003.98
1020.91
1015.19
998.97
1003.03
1013.04
1002.07
993.97
991.11
25088.07
995.16
983.00
972.99
973.94
971.08
966.07
971.79
973.94
972.03
968.93
972.03
25039.91
1039.98
1008.99
1004.22
996.83
998.02
988.01
980.85
977.99
1019.00
997.07
1012.09
25099.99
981.81
967.03
966.07
960.11
999.93
994.92
995.87
995.16
959.16
964.88
959.87
25018.93
1025.92
972.03
966.07
958.92
998.02
1010.89
1011.13
1003.98
1003.03
994.92
993.97
25033.00
1031.88
998.02
994.92
999.93
991.11
977.99
983.00
986.10
981.09
985.15
968.93
25015.83
1037.84
998.97
993.97
995.87
991.82
988.01
992.06
993.01
991.11
994.21
985.86
25040.86
1075.03
1034.02
1034.02
1041.89
1034.98
1038.07
1034.98
1013.99
1042.84
1032.83
1033.07
25089.03
998.02
993.97
988.01
997.07
993.01
983.95
996.11
991.11
984.91
988.01
981.09
17102.00
1028.06
1033.78
1013.04
1013.04
1012.09
1010.18
1027.11
1003.98
1006.13
1012.09
1013.04
1008.03
1010.18
1013.04
17040.97
1056.91
1010.18
1017.09
999.93
1003.98
993.97
994.92
988.01
1032.11
1015.19
1027.11
1014.95
1020.91
1013.04
1010.89
17079.11
993.01
975.85
974.89
983.95
976.09
977.99
977.04
978.95
976.09
975.13
969.89
972.99
1024.96
1024.01
1016.14
17057.90
1021.86
982.05
976.09
978.95
967.03
972.99
971.08
971.08
962.97
967.03
971.08
961.07
1002.07
1008.99
1001.83
17038.82
1059.06
1023.05
1001.12
1008.03
964.16
967.03
963.21
990.87
977.04
977.99
980.85
980.85
983.95
973.94
975.85
17020.94
1068.83
1034.02
1018.05
1023.05
1023.05
1018.05
1019.00
1008.99
964.16
965.12
965.83
972.03
973.94
972.03
974.89
16999.01
1065.97
1017.81
1013.04
1019.95
1015.90
1021.15
1017.09
1019.00
1015.90
1008.03
1014.95
1001.12
964.88
967.03
971.08
17009.02
1060.96
1017.09
1008.03
999.21
1003.98
1007.08
1004.93
1008.99
998.02
999.93
998.02
1004.93
998.97
1003.98
1003.98
13053.89
1050.95
1008.03
1006.13
1010.18
1003.03
1000.17
999.93
1008.99
1006.13
1010.89
1006.84
1029.97
1019.95
1013.99
1011.13
13062.00
1012.80
998.02
993.01
1000.17
996.11
993.01
988.01
998.97
987.05
988.96
989.91
25115.01
1012.09
993.97
992.77
1004.93
991.82
993.97
998.02
995.16
1003.03
993.97
996.83
25107.86
1030.92
1011.85
1005.89
1001.12
1007.08
1000.17
1003.98
972.03
974.18
977.99
973.94
25100.95
1018.05
1013.99
1012.09
1012.09
1008.03
1015.19
1020.91
1019.95
1013.99
1004.93
25051.83
1013.04
981.09
968.93
979.19
977.04
974.18
978.95
985.15
982.05
979.19
983.95
25017.98
1044.99
986.81
977.04
978.95
967.98
971.08
972.99
980.85
973.94
975.13
977.99
972.99
25079.01
998.02
1000.88
997.07
988.01
1003.03
988.96
993.01
1000.88
993.01
987.05
988.96
994.92
991.11
991.11
988.01
17083.17
1006.13
996.11
1003.98
994.92
994.92
994.92
996.83
988.01
998.97
998.97
993.97
997.07
998.02
988.01
987.05
17076.02
999.21
991.11
998.02
993.01
993.97
992.06
991.11
993.97
994.92
989.20
989.91
987.05
1000.88
1004.93
17015.93
1071.93
1035.93
1027.11
1019.00
1010.89
1010.18
1008.03
1008.99
1011.85
1007.80
1010.89
1010.89
1002.07
1001.12
997.07
17042.16
1065.02
1039.03
1016.14
1026.15
1018.05
1012.09
1012.09
1028.06
1019.00
1013.99
1017.09
1024.01
1029.97
1024.96
1027.82
25125.98
1020.19
1009.94
998.02
1010.89
998.02
998.97
1003.03
1004.22
997.07
1008.03
997.07
21122.93
1046.90
1034.98
1042.13
1029.97
1034.98
1034.02
1020.19
993.01
986.10
993.01
988.01
975.85
980.85
985.86
17004.97
1029.01
992.06
977.04
983.95
974.89
970.84
964.88
958.92
1002.07
998.02
995.16
996.11
998.02
991.11
993.97
29031.99
1061.20
1003.03
998.02
1004.93
997.07
997.07
999.21
997.07
998.02
997.07
1000.17
25038.96
1044.99
1002.07
992.06
992.06
987.05
983.00
976.09
982.05
976.09
972.03
966.07
25004.15
1023.05
972.99
972.03
968.93
983.00
987.05
985.15
995.87
998.02
990.87
985.86
992.06
990.87
980.85
990.87
986.81
17072.20
999.93
988.96
988.01
964.88
980.85
973.94
963.93
977.99
967.03
969.89
972.99
972.03
967.03
966.07
962.97
17085.08
1023.05
1011.85
991.82
1011.85
999.93
998.97
999.93
1001.83
1000.17
998.02
1003.03
33127.07
1040.94
1027.11
1030.92
1025.92
1024.01
1024.96
1016.14
1033.07
1034.02
1049.04
1043.80
1042.84
1040.22
1040.94
17102.00
1003.03
988.96
987.05
993.97
989.20
991.11
987.05
983.00
968.93
967.03
970.13
967.98
965.83
962.97
970.13
17014.98
1042.13
995.16
993.97
987.05
975.13
974.18
961.07
968.93
965.83
970.84
974.89
25006.06
1088.86
1029.97
1031.16
1014.95
1010.89
1011.85
1021.86
1024.96
1015.90
1014.95
1013.04
25065.18
1010.18
988.96
984.19
993.97
981.81
983.95
982.05
993.01
984.91
989.20
986.10
981.09
965.12
972.03
961.07
37009.00
1066.92
1033.78
1021.86
1024.01
1012.09
1011.13
1019.00
1013.99
1003.03
1008.03
1003.03
25094.99
1025.92
1012.80
993.01
1008.03
999.21
994.92
995.87
1016.86
1036.88
1031.16
1023.05
25095.94
1013.99
1006.13
998.02
1003.98
1006.84
1016.86
1007.08
1017.81
1008.99
1013.99
25027.04
1052.86
1010.89
1003.03
1007.80
1003.98
998.02
1001.12
1003.98
999.93
1007.08
1008.03
25041.10
1083.14
1049.04
1033.07
1040.94
1036.17
1036.88
1035.21
1029.97
1023.05
1033.07
1027.82
25118.83
1031.88
1012.80
1013.99
1013.99
1003.03
1008.99
1006.13
967.98
963.93
965.12
969.17
25072.10
1005.89
995.87
983.00
1008.99
993.01
984.91
998.02
998.97
988.01
983.95
988.96
25096.18
1012.09
1008.99
1009.94
1014.95
1004.93
1008.99
1003.98
1009.94
1000.88
1000.17
999.93
1012.80
1030.92
1041.89
17065.05
1027.82
989.91
973.94
971.08
997.07
1001.12
1013.04
1019.00
1006.84
1009.94
1011.13
1014.95
1003.03
1012.09
1003.98
17048.12
1049.04
1004.93
1001.12
1013.99
995.16
995.87
998.97
979.19
1000.88
1008.03
1012.09
1016.14
1013.99
1003.98
1011.85
17032.86
1031.88
998.97
995.16
1003.98
988.01
991.82
989.91
987.05
980.85
978.95
976.09
993.97
1031.88
1036.88
1032.83
17118.93
1006.13
988.96
977.99
968.93
988.01
988.01
976.80
984.91
976.80
975.85
972.99
979.90
969.89
970.84
975.85
37029.98
1088.14
1049.04
1044.99
1044.99
1044.99
1044.99
1048.09
1047.85
1047.85
1042.84
1043.80
25075.91
1001.83
993.01
990.15
985.86
985.86
975.85
977.99
986.10
986.10
980.14
981.09
25069.95
977.04
977.04
967.98
1005.17
1006.13
1008.99
1007.08
1011.13
1002.07
1003.98
1001.83
25058.03
978.95
975.85
970.13
975.13
971.08
965.12
957.01
966.07
962.02
958.92
959.16
25076.15
978.95
970.84
963.93
966.07
964.16
964.88
960.83
965.83
962.97
959.16
960.11
24997.95
1019.95
967.98
960.83
959.87
957.97
957.01
966.79
964.88
1006.84
1002.79
998.02
25027.04
1064.78
1021.86
1014.95
1012.09
1028.06
1029.01
1024.01
1029.01
1024.96
1023.05
1018.05
25119.07
1021.15
1003.03
998.97
1009.94
987.05
981.81
983.95
981.09
982.05
977.99
974.89
25063.04
981.09
962.02
951.05
966.07
958.20
962.97
962.02
962.97
962.97
956.06
959.87
956.06
1000.88
1000.88
1010.89
17032.86
1049.04
1003.98
997.07
984.91
957.97
964.88
960.83
969.89
963.93
955.10
963.93
963.93
961.78
957.97
954.15
952.01
17134.90
1050.00
1044.03
1052.86
1039.03
1044.99
1042.13
1026.87
990.87
990.87
988.01
997.07
983.95
988.01
988.96
17006.87
1070.02
1030.92
1024.96
1030.21
1023.05
1020.91
1023.05
1019.95
1016.86
1014.95
1019.95
994.92
1008.99
994.92
1010.18
17127.99
1059.06
1046.18
1035.93
1026.87
1030.92
1042.13
1038.07
1044.03
1039.03
1041.17
1039.98
1050.00
1042.84
1037.84
17073.87
1045.94
1011.85
1002.79
1008.03
997.07
997.07
996.11
983.00
1038.07
1041.89
1044.03
1046.18
1044.99
1042.13
1039.03
17126.80
1025.92
1010.89
1009.94
1031.88
1013.99
1008.99
1009.94
1010.89
1012.09
1011.13
1008.03
1008.99
1017.81
1020.91
17057.90
1024.01
984.91
973.94
967.98
1003.98
1009.94
1000.88
1007.80
1004.93
993.97
995.87
1005.89
995.87
999.93
1000.17
17040.01
1018.05
972.03
967.03
977.04
970.13
969.17
967.98
975.13
961.07
958.20
957.97
962.97
13066.05
985.86
979.90
974.18
958.92
954.87
956.06
957.97
971.08
967.03
962.02
964.88
25075.91
1017.09
1006.13
1001.12
1003.03
998.02
996.83
991.82
996.83
983.00
970.13
1017.09
25133.13
1013.04
1000.17
994.92
977.99
962.02
958.92
959.87
972.03
962.97
970.84
969.89
17081.02
1024.01
1011.13
1014.95
1003.98
1002.07
996.11
999.93
982.05
1008.99
1013.99
1004.93
17127.04
1025.92
1018.05
1008.99
990.87
993.01
1005.89
997.78
997.07
992.06
998.97
995.87
1002.79
997.07
989.91
990.15
17091.04
1013.04
1005.89
1006.84
996.83
995.87
999.93
997.07
982.05
1000.88
994.21
977.99
1004.22
984.91
977.04
982.05
17065.05
998.02
991.11
983.95
990.87
985.86
980.85
985.15
992.06
983.00
989.91
990.15
986.10
994.92
996.83
998.97
17116.07
1045.94
1031.16
1025.92
998.97
1007.08
1000.17
1012.09
1008.03
1009.94
1003.03
1013.99
1002.07
997.07
999.93
17031.91
1076.94
1039.98
1031.88
1033.07
1029.97
1023.77
1025.92
1026.87
1044.99
1025.92
1020.91
1037.12
1023.05
1018.05
1021.15
17102.96
1038.07
1025.92
1026.87
1034.02
1019.95
1029.97
1028.06
1027.11
1020.91
1021.86
1027.82
960.83
964.88
971.08
24989.13
1087.90
1046.18
1031.88
1023.05
988.01
980.14
985.15
983.95
980.14
977.04
977.04
25007.96
1057.15
1008.99
1004.93
1004.93
1005.89
1003.03
1002.07
1013.99
1005.89
1000.17
1003.03
25043.96
1059.06
1013.04
1000.17
1013.99
1010.18
1005.89
1000.88
1004.93
1012.09
1002.07
1008.03
25087.12
1032.11
1013.99
1000.17
1002.07
1008.99
999.93
1001.12
985.15
1018.05
1019.95
1019.00
25094.99
983.95
965.12
967.03
960.83
1020.91
1024.01
1023.05
1036.88
1023.05
1024.01
1024.96
1030.92
1022.10
1022.10
1024.96
17102.96
1033.07
1015.90
1025.20
1023.05
1013.99
1017.09
1003.03
1009.94
1011.13
1016.14
1019.95
1015.90
1008.99
1011.85
17053.84
1077.89
1033.07
1039.98
1037.84
1030.92
1032.11
1034.02
1039.98
1029.97
1032.11
1028.06
967.98
967.98
979.19
964.88
17135.86
1072.88
1070.02
1065.02
1019.95
1036.88
1029.97
1031.88
1031.88
1029.01
1029.97
1034.02
1034.02
1029.97
1033.07
17075.06
1046.18
1004.93
995.87
1002.07
1002.07
989.20
991.11
986.10
1034.02
1043.08
1044.99
1050.00
1041.89
1044.03
1038.07
17125.13
1035.93
1022.82
1024.01
1008.99
1010.89
1018.05
1015.90
1014.95
1016.86
1014.95
1009.94
1000.88
1014.95
1008.03
13055.09
1024.96
990.15
986.10
982.05
982.05
972.99
972.99
974.89
990.87
994.92
993.97
994.92
995.16
992.06
994.92
17030.00
1093.15
1048.09
1044.99
1013.99
993.97
988.01
993.97
993.01
977.99
979.90
985.86
25023.94
1024.01
981.09
969.89
977.99
972.99
972.99
972.03
968.93
971.79
967.98
972.99
25001.05
1078.13
1040.94
1029.01
1034.02
1025.92
1025.92
1022.82
1004.93
979.19
983.00
985.15
29031.99
1006.84
969.17
958.92
962.97
962.02
960.83
957.01
966.07
958.92
960.83
963.93
960.11
963.93
958.92
958.92
957.97
17063.86
968.93
967.03
964.88
965.12
961.07
960.11
957.97
967.03
961.07
952.96
958.92
966.07
956.06
953.20
957.97
13002.16
1028.06
986.10
980.14
981.09
973.94
970.84
964.88
965.83
965.83
967.98
961.07
25002.96
1095.06
1035.21
1024.96
1026.15
1018.05
1023.05
1019.00
1027.11
1019.95
1024.96
1018.05
25100.95
1051.90
1041.89
1045.23
1044.99
1038.07
1039.03
1037.84
1009.94
994.21
997.07
988.01
1003.03
997.07
988.01
992.06
17113.92
1040.94
1020.19
1029.01
1031.16
1024.01
1021.15
1009.94
1002.07
1004.93
997.07
1013.99
999.93
994.92
998.02
17050.03
1078.84
1035.93
1014.95
1029.01
1025.20
1017.09
1015.90
1018.05
959.87
975.85
968.93
986.81
977.99
978.95
990.87
990.87
990.87
981.81
992.06
979.90
1005.89
998.97
1003.98
1013.04
1000.17
996.11
998.02
1006.13
1002.07
1001.12
993.97
999.21
998.97
1003.03
998.02
1005.89
1003.03
997.07
1006.13
1004.93
1001.83
998.97
998.02
989.91
993.01
1003.98
1006.13
1010.89
1001.83
998.02
1007.08
1008.99
1012.80
1003.03
1003.98
17058.85
1050.95
1009.94
1014.95
1020.19
1008.99
1022.10
1013.04
1003.98
999.93
995.87
996.83
1004.93
997.07
995.16
990.87
17111.06
1007.08
992.06
986.10
996.11
986.10
982.05
975.13
967.03
998.02
1014.95
1008.03
1005.17
1003.03
999.93
995.87
17086.03
1012.09
998.97
994.21
1003.03
986.10
996.11
993.01
986.10
992.06
998.97
987.05
995.16
993.97
987.05
988.01
17105.82
1027.11
1024.01
1017.09
1011.13
1007.08
1010.89
1008.03
989.91
980.85
988.01
991.11
998.97
974.18
979.90
975.85
17117.98
1028.06
1017.09
1019.95
1013.99
1015.19
1010.89
1004.93
952.01
959.16
961.07
959.87
969.89
958.20
956.06
958.92
17095.80
1039.03
1022.10
1013.04
1015.19
1008.99
1020.19
1013.04
957.01
970.13
967.03
965.12
977.04
962.02
966.07
969.89
17066.00
984.91
971.79
967.98
975.13
972.99
972.03
971.79
976.09
972.99
976.09
979.19
993.97
967.98
968.93
972.03
25060.89
983.95
961.07
956.06
969.89
961.07
956.06
955.82
959.87
958.92
967.03
958.92
24992.94
1029.97
972.03
969.89
967.98
962.02
957.01
962.02
961.07
970.13
958.92
962.97
959.16
25065.90
983.00
958.92
962.02
968.93
956.06
959.87
956.77
976.80
995.87
988.01
977.99
25083.07
1005.17
988.96
990.87
984.91
1006.13
987.05
986.10
992.06
987.05
975.85
975.85
25070.19
1034.98
1031.16
1019.00
1032.83
1030.92
1023.05
1019.00
1029.01
1028.06
1024.01
1020.91
1018.05
1015.90
1018.05
17045.97
1024.01
983.00
975.85
972.03
953.91
966.07
962.97
965.12
974.18
964.88
967.98
962.97
972.99
961.07
962.97
962.02
17089.84
1045.94
1030.21
1023.05
1030.92
1028.06
1019.00
1018.05
974.89
972.03
972.03
967.98
975.13
968.93
968.93
965.12
17078.16
998.02
981.09
974.18
983.00
971.08
969.89
953.91
967.98
954.87
963.93
961.78
969.89
988.96
988.01
995.16
17044.07
1048.09
1017.09
1002.07
1003.03
968.22
976.09
983.00
995.16
992.06
990.15
999.93
1003.98
995.87
996.83
997.78
17072.92
1036.88
1012.80
995.87
1019.95
995.16
1003.03
1005.17
991.11
981.09
997.07
986.10
1007.08
1003.98
1002.79
1007.08
17096.04
1010.18
993.97
996.11
1003.03
979.19
977.99
981.09
978.23
977.99
972.99
969.89
984.19
1044.03
1047.13
1041.89
17118.93
1020.19
1008.03
1003.98
1004.93
998.97
988.96
987.05
988.01
978.95
976.09
970.13
967.03
962.97
962.97
962.97
21065.95
997.07
980.85
972.99
988.96
977.04
976.80
977.04
987.05
983.95
989.91
993.97
25102.14
1050.00
1032.11
1029.01
1035.93
1027.11
1029.97
1029.97
998.02
1017.09
1001.12
1003.03
25100.23
1000.88
1003.98
993.97
989.91
1010.89
1002.07
997.07
1000.17
993.97
997.78
25027.04
1057.15
999.93
1004.93
994.21
1000.88
993.01
1003.03
998.02
990.15
998.97
989.91
17031.19
1060.96
1019.95
1005.17
1005.89
1008.03
1003.03
998.02
999.21
995.87
990.87
983.95
980.14
996.11
992.06
995.16
17035.01
1063.11
1018.05
1008.99
983.95
983.00
985.15
979.90
984.91
988.01
978.95
974.89
975.13
969.17
967.98
970.13
16999.96
1073.12
1036.88
1024.01
1029.97
1019.00
1017.09
1014.95
1003.03
984.91
973.94
972.99
985.86
975.85
975.13
973.94
17004.97
1034.98
993.01
984.91
991.82
980.85
980.85
969.89
980.85
970.84
968.93
972.03
964.88
971.08
980.14
976.09
977.04
17071.01
991.82
978.95
977.04
971.08
991.11
993.97
998.97
1002.07
1003.03
1003.03
1008.03
1007.08
997.07
1001.12
997.07
17054.08
973.94
962.97
967.98
983.95
964.88
963.93
967.03
1006.84
1042.84
1044.99
1041.17
1049.04
1040.94
1042.84
17067.91
1075.03
1029.01
1021.15
1001.12
1009.94
1008.99
1012.09
1018.05
1015.19
1018.05
1013.99
1017.09
1011.13
1011.85
1011.85
17088.89
992.06
972.99
968.22
983.95
1001.12
1001.12
1007.08
1000.88
989.91
1003.98
990.87
13076.07
993.01
978.95
977.04
983.00
977.04
966.07
970.13
975.13
967.03
972.99
968.93
25012.97
1039.03
987.05
986.10
986.10
973.94
974.89
979.19
992.06
983.00
972.03
968.93
29011.96
1059.06
1023.05
1010.18
1019.95
1017.09
1023.05
1029.01
1023.05
1014.95
1015.90
1015.90
1002.79
1015.90
1011.85
1009.94
17121.08
1043.08
1044.03
1034.02
1044.99
1046.90
1031.88
1031.88
1040.94
1037.12
1032.11
1025.92
974.89
977.04
974.89
9001.97
1013.04
975.85
967.03
965.83
977.99
967.03
965.83
965.83
975.85
972.99
972.03
971.08
25097.85
1016.86
1009.94
999.93
1008.99
1006.13
1000.88
1003.03
1004.93
995.87
999.93
998.97
1008.99
997.07
1001.12
988.96
17099.14
1024.01
1014.23
1012.09
1010.89
1007.80
1009.94
1000.17
962.97
975.85
969.17
973.94
964.88
970.84
969.89
972.99
17102.96
1025.92
1008.03
1013.99
1013.99
1003.03
1009.94
1007.08
959.16
962.97
957.01
965.83
966.07
957.01
960.11
959.16
968.93
960.11
960.11
959.16
957.01
1025.92
1010.89
1014.23
1021.86
1020.91
1009.94
1016.14
1019.00
1018.05
1013.99
1012.09
998.97
975.85
979.90
977.99
983.95
977.04
979.90
977.99
983.95
979.19
976.09
975.13
957.97
963.21
969.89
967.98
977.99
975.85
977.99
969.89
972.99
970.13
973.94
970.13
962.02
967.98
975.85
977.99
977.04
975.13
975.13
967.98
967.03
961.78
966.07
966.07
963.93
1007.80
1005.89
1003.98
1002.07
1009.94
1002.07
1003.98
1003.98
1010.89
998.97
1000.88
1001.83
1005.89
1001.12
1008.99
1016.86
1006.84
1003.03
1003.03
1019.95
998.97
1011.85
1004.93
17035.01
1061.92
1009.94
1014.95
1004.93
1000.88
996.11
1003.03
1009.94
1000.17
994.92
991.82
1004.93
1000.17
991.11
994.92
17040.01
1024.01
976.80
963.93
954.15
1017.09
1006.13
996.11
1012.09
1005.89
994.92
995.87
1008.03
996.83
998.02
1000.88
25042.06
1024.01
989.91
972.03
997.78
979.90
980.85
970.84
972.03
971.08
968.93
965.83
17004.97
1062.15
1021.15
1001.12
1009.94
1011.85
1000.88
1003.03
1004.93
1005.17
994.92
1003.03
1012.09
998.02
1003.03
997.07
17037.87
1029.97
998.97
985.86
988.96
1008.99
1015.19
1009.94
1000.88
974.89
980.14
982.05
976.09
992.06
991.82
988.96
17037.15
1029.97
993.01
982.05
985.15
1007.08
999.93
1005.89
1008.03
1009.94
998.97
1003.03
1003.03
1003.03
1001.83
999.93
17037.15
1062.15
1009.94
1005.89
1002.07
995.87
995.16
986.10
981.09
1001.12
995.87
999.93
1005.17
995.87
993.01
993.01
17034.05
1009.94
1001.12
991.11
988.96
982.05
992.06
989.91
998.02
977.04
983.00
980.14
970.13
977.99
973.94
965.12
17018.08
1029.97
994.92
991.11
975.13
1003.98
1008.03
998.02
1004.93
1005.89
997.78
1002.07
1005.89
996.83
999.93
997.78
17041.92
1024.96
984.19
967.98
972.99
968.93
966.07
963.21
972.99
1015.19
1028.06
1029.97
1023.05
1012.80
1013.99
1016.14
13068.91
1013.99
990.15
993.97
1006.84
988.96
990.15
989.91
993.01
994.92
990.87
988.96
25047.06
1047.13
1024.96
1006.84
1016.86
1013.99
1003.98
1008.03
994.92
986.10
988.01
986.10
25083.07
995.16
973.94
964.88
976.80
998.97
1003.03
999.93
1010.18
1004.93
1001.12
997.07
25101.18
1003.98
983.00
992.06
994.92
982.05
981.09
983.00
993.97
979.90
986.81
977.04
25082.11
992.06
972.03
969.89
974.18
967.03
967.03
971.79
977.04
967.98
969.89
972.03
960.83
965.83
973.94
976.09
17014.03
1057.86
998.97
997.07
994.21
963.93
968.93
967.03
967.98
967.98
969.17
968.93
970.13
975.13
967.03
975.13
16984.94
1060.96
1011.85
1005.89
1006.84
1002.79
1002.07
999.93
995.16
972.99
972.99
978.95
975.13
972.99
973.94
972.99
977.99
17062.90
989.91
977.99
972.99
980.14
967.98
970.84
965.83
979.90
972.99
967.98
972.99
957.97
1013.04
999.21
994.92
17120.84
1019.95
1009.23
1008.03
983.00
977.99
970.84
968.93
982.05
970.13
968.93
965.83
977.04
963.93
967.03
972.03
29069.90
999.93
983.95
983.00
997.07
981.81
982.05
988.01
989.20
979.90
978.95
979.19
21074.06
1032.11
1007.08
1005.17
1009.94
1006.84
998.02
989.91
980.14
995.16
997.07
997.07
1003.03
995.16
998.02
996.11
17122.98
1020.91
1000.17
1008.99
1015.90
1006.13
997.07
993.01
949.14
967.03
965.12
968.93
982.05
974.89
969.89
972.99
29078.96
996.11
980.14
968.93
982.05
964.88
969.89
967.03
967.03
966.07
965.12
967.03
25016.07
1018.05
969.89
964.88
968.22
967.03
963.93
962.97
970.13
966.07
961.07
962.97
24994.85
1048.09
1003.03
1000.17
998.97
992.06
997.07
996.83
1003.98
998.02
993.01
984.91
1000.88
989.20
991.11
989.91
17023.09
1016.86
967.98
963.93
966.07
995.87
1000.88
998.97
1010.89
1003.98
1000.17
994.92
1005.89
1003.03
995.87
1000.88
17023.09
1050.00
1017.09
1003.03
1006.13
1003.03
1002.07
999.21
1008.03
1002.07
1003.98
1002.79
25038.96
1032.83
981.81
977.04
976.09
983.95
977.04
978.95
967.98
1014.95
1002.07
1008.03
1013.99
1014.95
1010.89
1010.89
17052.17
1013.04
969.17
972.03
975.13
967.98
966.79
965.83
967.03
1033.07
1039.03
1037.12
1044.99
1040.94
1033.07
1036.17
17060.04
1059.06
1012.09
1003.98
1008.99
1007.08
1006.13
998.02
1000.88
1004.93
1003.98
1003.98
1011.13
1004.93
1004.22
1000.88
1006.84
1000.88
1003.03
996.11
987.05
1008.03
1008.03
999.93
1013.04
996.11
1003.98
997.07
997.07
988.01
981.09
987.05
971.08
1025.20
1010.89
1013.04
1024.96
1003.03
1003.98
1002.07
1011.13
1007.08
1015.90
998.97
1025.92
1001.83
998.97
988.01
1000.88
994.21
992.06
993.97
1006.84
991.82
998.02
998.97
987.05
987.05
980.85
983.95
993.01
979.19
983.00
986.10
997.07
979.90
982.05
980.85
983.00
1039.98
1029.01
1029.01
1033.07
1029.97
1026.87
1025.20
1034.02
1028.06
1026.15
1024.01
1006.84
1003.98
1012.09
1012.09
1009.94
999.93
1008.03
1002.07
1016.86
1003.98
998.97
17023.80
1087.90
1042.84
1026.87
1009.94
1005.17
1008.03
1013.99
1018.05
1014.95
1010.18
1014.95
1016.14
1014.95
1010.89
1013.99
17052.89
1017.81
979.90
979.90
977.04
1020.91
1013.99
1013.99
1020.91
1014.95
1013.99
1011.85
1021.86
1009.94
1010.18
1013.04
25109.05
1039.98
1022.82
1009.94
1016.14
1003.03
1013.04
1005.89
1008.99
1008.99
1002.07
1008.99
17111.06
1033.07
1047.13
1046.90
1036.88
1036.17
1034.98
1018.76
972.03
973.94
979.90
979.90
977.99
974.89
976.09
17008.07
1080.04
1043.08
1038.07
1039.98
1034.02
1039.03
1034.98
1020.19
1001.12
997.07
1003.98
991.82
996.83
990.87
996.83
988.01
979.90
970.84
980.85
977.99
978.95
973.22
972.99
966.07
968.22
974.89
967.98
972.99
977.04
972.03
966.07
962.97
964.88
960.11
961.07
957.01
957.97
998.02
992.06
990.87
995.87
994.21
981.09
981.09
996.11
981.09
977.04
982.05
988.01
1005.89
1015.19
1010.89
1021.86
1013.04
1010.89
1011.85
968.93
981.81
982.05
979.90
979.90
975.13
970.13
971.08
975.13
971.08
967.03
967.98
959.87
1014.95
1013.99
1027.82
1029.01
1021.15
1018.05
1021.86
1023.05
1022.10
1018.05
1018.05
1011.13
991.11
994.92
988.01
1003.03
983.00
985.15
988.96
988.01
988.01
981.09
972.99
985.86
962.97
962.02
960.83
965.83
959.87
959.87
967.98
967.98
962.97
967.03
962.02
970.13
980.14
977.04
972.99
17011.17
1027.11
974.18
971.08
973.94
967.98
963.93
962.02
967.03
968.93
962.02
969.89
971.79
947.00
993.01
988.96
977.99
17114.88
1003.98
993.97
985.86
1000.88
990.87
998.02
995.87
999.93
994.92
991.82
991.82
979.90
969.89
970.13
970.13
17092.94
1010.89
1000.17
991.11
1004.93
993.01
988.01
995.16
1003.03
996.11
998.97
997.07
967.98
967.03
959.87
969.89
17093.18
1012.09
997.07
1004.22
1005.89
994.92
992.06
990.87
1002.07
995.16
988.96
996.83
961.07
995.87
999.93
998.97
17110.11
1019.00
1010.89
1016.14
1013.04
1003.98
1003.98
1008.03
1022.10
1003.03
1005.89
1004.93
1024.01
1027.82
1024.96
17061.00
1065.02
1014.95
1008.99
1027.11
1004.93
1000.88
1011.13
1013.99
1015.90
1001.83
1004.93
998.97
1015.90
1019.95
1022.10
17059.09
1012.09
975.13
968.93
967.98
960.11
962.02
960.11
968.93
962.02
957.97
963.93
977.99
1008.99
1008.99
1008.99
17045.97
1023.05
983.00
986.10
983.95
978.95
979.19
981.09
988.01
981.09
986.10
984.91
990.87
1034.98
1022.10
1030.92
17050.03
1064.06
1013.04
1003.98
1007.08
1006.13
1004.93
1003.98
1007.08
1004.93
1005.89
1010.89
1001.12
990.15
987.05
987.05
17043.11
1055.96
1019.95
1006.13
1021.15
1005.89
1002.79
999.93
1009.94
1006.13
1002.07
998.02
1004.22
966.07
968.93
965.83
17024.04
1050.00
1021.86
1008.99
1013.04
1001.12
1008.03
1003.03
994.92
998.02
1013.99
1008.99
1017.09
1001.12
996.11
993.97
17117.98
1032.11
1023.05
1018.05
1026.15
1014.95
1016.86
1019.00
1024.01
1015.90
1013.04
1024.01
942.95
967.03
972.03
969.89
17122.98
1040.94
1029.97
1012.09
1025.20
1014.95
1019.00
1021.86
1019.95
1014.95
1018.05
1017.09
1018.05
1016.14
1013.99
17066.00
