1077.18
1072.88
1055.00
1070.02
1051.90
1059.06
17100.10
1081.23
1038.07
1033.07
1029.97
1029.97
1023.05
1029.97
25134.80
1082.90
1065.02
1067.88
1082.90
1059.77
1065.02
13103.01
1072.88
1040.22
1034.98
1044.03
1036.17
1028.06
1037.12
1060.01
1131.06
1034.98
1034.02
25146.01
1056.91
1032.11
1038.07
1048.09
1044.03
1060.01
1053.09
1059.06
1044.99
1050.00
25150.06
1070.02
1070.02
1057.86
1065.02
1055.00
1059.06
17099.14
1105.07
1078.13
1065.97
1058.82
1044.99
1043.08
1044.99
1044.03
1037.12
1031.88
1035.93
25130.03
1060.96
1048.09
1049.04
1041.17
1048.09
1039.03
1042.13
1039.98
1041.17
1044.03
25082.11
1146.08
1098.87
1084.09
1093.15
1075.03
1078.13
1079.08
1054.05
1067.16
1080.04
25110.96
1134.87
1102.92
1086.95
1110.08
1101.97
1086.00
1084.09
1022.10
1033.07
1037.12
25113.11
1129.15
1091.00
1077.89
1094.10
1074.08
1081.94
1075.03
1034.02
1024.96
1021.86
25063.99
1111.98
1071.93
1063.11
1084.09
1080.04
1067.88
1061.92
1036.17
1041.89
1046.90
1053.09
29138.09
1052.14
1032.11
1032.11
1090.05
1086.95
1087.90
1093.15
1090.05
1087.90
1079.08
25164.13
1052.14
1034.98
1032.83
1056.19
1056.91
1049.04
1044.99
1034.98
1023.05
1023.05
25068.04
1131.06
1100.06
1082.90
1055.00
1022.10
1029.01
1047.13
1060.01
1075.98
1146.08
25084.02
1138.93
1097.20
1091.96
1080.04
1029.01
1032.11
1045.94
1042.84
1040.94
1039.98
1043.80
21165.85
1099.82
1091.00
1086.00
1086.00
1087.90
1081.94
17155.17
1049.04
1044.99
1028.06
1035.93
1055.00
1039.03
13071.78
1178.98
1075.98
1079.08
1072.88
1066.92
1089.10
1072.17
17199.99
1115.08
1103.16
1098.87
1095.06
1090.05
1097.92
21142.01
1084.09
1059.06
1069.07
1062.15
1065.97
1055.96
1052.14
1089.10
1088.14
1093.86
25173.90
1081.94
1071.21
1064.06
1065.02
1054.05
1060.01
1085.04
1087.90
1075.03
1092.91
25153.88
1050.00
1034.02
1029.01
1052.86
1049.04
1043.08
1055.00
1044.99
1029.97
1049.04
25081.16
1136.06
1092.20
1082.90
1116.04
1091.96
1097.92
1095.06
1027.11
1047.13
1048.09
25085.93
1127.00
1074.08
1059.06
1060.96
1054.05
1044.99
1043.08
9136.92
1074.08
1065.02
1055.96
1580.00
1055.00
1055.96
1060.01
1057.86
1050.00
1054.05
25173.19
1106.98
1089.10
1079.08
1070.02
1057.86
1051.90
1057.15
1055.00
1052.86
1037.84
25166.03
1099.11
1091.00
1084.80
1036.88
1056.91
1143.22
1065.97
1049.04
1042.84
1041.89
25144.82
1095.06
1066.92
1065.97
1043.08
1029.97
1032.83
1055.00
1034.98
1037.12
1029.01
25087.83
1117.94
1094.82
1080.99
1089.10
1034.98
1039.03
1035.93
1040.22
1029.01
1029.97
1034.98
25164.84
1092.91
1081.94
1073.12
1057.15
1060.96
1043.08
1057.86
1044.03
1045.94
1046.90
25135.99
1066.92
1057.86
1065.97
1049.04
1048.09
1035.21
1044.99
1050.00
1042.84
1041.89
25098.09
1066.92
1039.03
1036.88
1039.98
1033.07
1033.07
1034.98
1033.78
1047.85
1029.97
1035.93
29170.99
1091.00
1082.18
1079.08
1067.88
1066.92
1060.01
1057.86
1053.81
1069.07
1070.02
25182.96
1087.90
1081.94
1085.04
1085.04
1096.96
1076.94
1075.03
1060.01
1082.18
1054.05
25171.04
1083.85
1070.98
1070.02
1064.06
1050.95
1055.96
1052.86
1042.84
1034.98
1024.96
25144.82
1043.08
1024.96
1026.87
1030.92
1034.98
1039.98
1032.11
1035.93
1041.89
1044.03
25079.01
1098.16
1060.96
1063.82
1077.89
1083.85
1071.93
1082.18
1090.05
1086.95
1082.90
25110.01
1130.10
1096.96
1095.06
1096.01
1094.10
1089.10
1088.86
1097.92
1088.86
1091.96
25133.13
1141.07
1096.96
1095.06
1095.06
1098.16
1096.01
17116.07
1137.97
1075.98
1066.92
1065.02
1051.90
1051.19
1054.05
1040.94
1060.96
1059.06
1050.95
25207.04
1092.91
1081.94
1083.14
1074.08
1060.01
1060.96
1062.15
1055.00
1048.09
1039.98
25155.07
1060.01
1043.08
1119.85
1076.94
1037.12
1033.07
1024.01
1026.87
1025.20
1019.00
25063.99
1084.09
1051.90
1039.03
1051.19
1054.05
1055.96
1067.88
1066.92
1070.98
1062.87
25107.86
1122.95
1082.18
1091.00
1082.18
1096.96
1079.80
1082.90
1101.97
1092.91
1085.04
25132.89
1149.89
1093.86
1093.86
1105.07
1085.04
1098.87
1089.81
1028.06
1035.93
1031.88
25069.00
1121.04
1080.04
1068.12
1065.02
1025.92
1032.11
1024.01
1037.84
1027.82
1029.97
1034.98
25179.86
1118.90
1093.86
1079.80
1067.88
1072.88
1076.94
1104.12
1084.09
1088.14
1094.82
25177.00
1080.99
1062.87
1044.99
1095.06
1084.09
1099.11
1092.91
1091.96
1085.04
1086.00
25165.80
1058.10
1039.03
1043.08
1063.11
1059.06
1052.14
1048.09
1048.09
1039.98
1029.01
25085.93
1101.97
1056.19
1049.04
1052.14
1029.97
1040.94
1034.98
1044.99
1048.80
1056.91
25092.84
1146.08
1104.12
1085.04
1074.08
1041.17
1053.09
1049.04
1067.16
1075.03
1067.16
1071.93
25171.04
1096.01
1092.20
1079.08
1072.88
1085.04
1076.94
1098.87
1075.98
1085.04
25116.92
1156.09
1096.96
1091.00
1091.00
1086.00
1086.24
1101.02
1106.98
1094.82
1098.87
25126.93
1147.03
1091.00
1081.94
1087.90
1090.05
1070.98
1091.00
1086.95
1091.96
1089.81
25136.95
1123.91
1096.01
1086.95
1075.03
1082.90
1083.14
1099.11
1091.96
1094.10
1091.96
25143.86
1143.93
1100.06
1088.14
1094.10
1081.94
1096.96
1096.96
1096.96
1091.96
1093.15
25160.07
1121.04
1086.95
1097.92
1098.87
1097.92
1096.96
1101.97
1098.16
1092.91
1092.91
25187.02
1096.01
1083.14
1088.14
1090.05
1093.15
1101.97
1106.98
1091.96
1086.00
1086.00
25173.90
1080.04
1069.07
1059.06
1095.06
1095.06
1097.92
1098.16
1089.10
1096.01
1099.11
25208.00
1127.96
1113.18
1117.94
1111.98
1109.84
1107.93
25203.94
1091.96
1073.84
1069.07
1091.00
1088.14
1096.96
1114.13
1106.02
1109.84
1106.98
25162.94
1059.06
1051.90
1045.94
1041.17
1037.12
1039.98
1034.98
1096.96
1089.10
1078.13
25164.13
1082.18
1065.97
1070.02
1042.84
1036.88
1040.94
1040.94
1029.97
1028.06
1029.01
25069.95
1129.15
1092.91
1075.98
1080.04
1070.98
1074.08
1070.98
1044.03
1067.88
1068.83
25107.86
1101.02
1058.10
1047.13
1054.05
1043.08
1038.07
1034.02
1023.05
1073.84
1070.98
1081.94
25157.21
1060.96
1042.84
1041.89
1043.08
1034.98
1024.96
1029.97
1057.86
1052.86
1039.98
25139.09
1065.02
1034.98
1034.98
1041.89
1031.16
1034.02
1033.07
1062.15
1069.07
1072.88
25129.08
1091.96
1050.95
1032.11
1034.02
1028.78
1041.89
1040.94
1061.20
1046.90
1057.86
1065.97
25177.00
1078.84
1065.02
1044.99
1058.10
1065.97
1066.92
1080.99
1087.90
1087.90
1077.18
25176.05
1074.08
1065.97
1039.03
1086.00
1093.15
1089.10
1104.12
1087.90
1088.86
1088.86
25174.86
1065.02
1054.05
1056.91
1090.05
1079.08
1080.04
1081.94
1079.08
1059.06
1060.96
25163.89
1087.19
1076.94
1065.02
1044.99
1036.17
1027.11
1034.98
1028.06
1025.92
1029.01
25085.93
1136.06
1093.86
1089.10
1044.99
1050.00
1063.11
1058.10
1070.98
1067.88
1068.12
25122.17
1152.99
1113.89
1106.98
1055.96
1074.08
1074.08
1086.00
1089.81
1093.86
1086.95
25124.07
1075.98
1033.07
1030.92
1055.96
1034.02
1039.98
1042.13
1063.11
1065.97
1064.78
1070.98
25169.13
1099.11
1086.00
1073.84
1080.04
1081.94
1074.79
1092.91
1091.96
1090.05
25102.14
1141.79
1101.97
1090.05
1106.98
1100.06
1090.05
1091.00
1104.12
1099.11
1091.00
25133.85
1142.02
1106.98
1095.06
1101.02
1102.92
1089.10
1097.92
1100.06
1093.86
1095.06
25139.09
1129.87
1109.84
1094.82
1116.99
1091.00
1092.91
1098.16
1095.06
1091.96
1092.91
25178.91
1113.89
1099.11
1096.96
1089.81
1091.96
1092.20
1092.91
1087.90
1089.10
1088.14
25188.92
1109.12
1085.04
1103.16
1092.91
1087.90
1083.14
1100.06
1082.18
1081.94
1089.81
25190.83
1102.92
1084.80
1093.86
1082.90
1091.96
1085.04
1092.20
1086.00
1087.19
1086.95
25191.07
1104.83
1092.91
1091.00
1091.96
1086.95
1084.09
1093.15
1089.10
1089.10
1082.90
25193.93
1104.12
1087.19
1076.94
1072.88
1065.02
1067.88
1079.80
1075.03
1068.12
1080.99
25184.15
1094.10
1089.10
1096.96
1080.04
1083.85
1075.98
1085.04
1082.18
1097.92
25120.97
1153.23
1096.01
1093.15
1109.12
1096.01
1097.92
1109.84
1130.82
1107.93
1107.22
25146.01
1168.97
1110.08
1098.87
1116.99
1106.02
1100.06
1103.16
1106.98
1111.03
1102.92
21195.89
1073.12
1051.19
1058.10
1063.11
1043.08
1044.99
1048.80
1050.95
1044.99
1046.90
25092.84
1117.94
1075.03
1070.02
1066.92
1060.01
1060.01
1052.14
1074.08
1091.00
1075.98
25128.13
1108.17
1054.05
1054.05
1054.05
1049.04
1046.90
1048.09
1043.80
1103.88
1109.84
1087.90
25146.96
1069.07
1055.96
1059.06
1059.06
1056.91
1056.91
1065.02
1103.88
1106.98
1106.98
25194.88
1096.96
1080.04
1095.06
1088.86
1080.99
1080.04
1085.04
1109.12
1109.12
25154.11
1142.98
1097.92
1100.78
1122.95
1103.88
1110.79
1116.04
1104.12
1103.88
1107.93
1112.22
1111.98
1108.17
1096.96
25180.82
1091.00
1073.12
1062.15
1087.90
1082.90
1084.80
1092.91
1091.96
1090.05
1086.95
25199.89
1077.89
1066.92
1065.97
1040.94
1061.20
1059.06
1062.15
1046.90
1106.98
1105.07
25193.93
1075.98
1067.16
1071.93
1073.84
1070.98
1074.08
1066.92
1082.90
1073.84
1075.98
25182.01
1105.07
1088.86
1101.02
1088.86
1091.00
1091.96
1083.85
1052.86
1052.86
1050.95
25159.12
1119.14
1105.07
1111.03
1108.17
1111.03
1106.02
1110.79
1107.93
1106.02
1106.02
25172.00
1074.08
1060.01
1048.80
1121.04
1118.90
1107.93
1116.99
1111.03
1108.88
1105.79
1194.00
1112.94
1107.93
1105.07
1096.96
1102.92
1102.92
1126.05
1102.21
1096.01
25136.95
1133.92
1080.99
1079.08
1074.08
1075.98
1086.00
1080.99
1092.20
1080.04
1064.06
25099.04
1087.90
1037.84
1034.98
1044.03
1067.16
1075.03
1050.00
1091.96
1070.98
1075.98
25121.93
1173.97
1065.02
1069.07
1059.06
1060.96
1055.96
1070.02
1070.02
1062.87
1070.98
1071.93
25190.83
1108.88
1091.00
1082.90
1044.03
1056.91
1061.92
1069.78
1057.86
1052.86
1057.86
25183.92
1080.99
1065.02
1054.05
1062.15
1072.17
1074.08
1080.99
1072.17
1068.12
1066.92
25162.94
1049.04
1032.83
1027.82
1085.04
1082.90
1083.85
1097.20
1091.00
1081.94
1087.90
25164.13
1089.10
1077.89
1093.86
1085.04
1089.10
1091.00
1087.19
1086.00
1098.16
1096.96
33159.02
1080.99
1062.15
1064.06
1060.01
1062.15
1050.00
25103.09
1109.84
1065.97
1064.06
1072.17
1061.92
1056.91
1059.06
1077.18
1055.96
1060.01
1050.95
1067.88
1055.96
1060.96
25101.90
1105.07
1062.87
1068.12
1062.15
1060.96
1060.96
1060.96
1086.00
1073.12
1075.98
25101.90
1137.97
1084.09
1077.89
1081.94
1071.93
1079.08
1078.13
1075.98
1075.98
1071.93
25115.01
1152.04
1113.18
1102.92
1101.97
1101.02
1098.87
1105.79
1096.01
1083.14
1088.86
25125.98
1122.95
1091.00
1091.96
1092.91
1092.20
1086.00
1086.95
1102.92
1081.94
1088.14
25140.05
1116.04
1067.88
1061.92
1075.03
1066.92
1060.96
21106.96
1123.91
1068.12
1059.06
1056.19
1056.91
1060.01
1059.06
1069.07
1055.00
1052.86
1051.90
25166.99
1075.98
1056.19
1059.06
1069.07
1060.01
1060.01
1070.02
1062.15
1068.12
1060.96
25145.05
1082.18
1063.11
1068.12
1061.92
1065.97
1070.98
1065.02
1064.06
1065.02
1063.11
25146.96
1087.90
1065.02
1055.96
1072.88
1053.81
1055.00
1083.14
1060.01
1053.09
1048.09
25094.99
1163.01
1116.04
1087.19
1045.94
1033.07
1033.78
1031.88
1040.94
1032.11
1033.07
25064.95
1135.11
1091.00
1080.99
1077.89
1027.11
1022.10
1036.17
1044.03
1029.01
1038.07
1030.92
25149.11
1052.14
1034.98
1037.12
1051.90
1058.10
1069.07
1066.21
1075.03
1078.13
1086.00
25182.96
1110.08
1092.20
1091.00
1098.16
1091.00
1084.09
1084.09
1099.11
1087.19
1084.09
25190.11
1089.10
1064.06
1069.07
1052.14
1045.94
1039.98
1037.12
1033.07
1026.15
1041.89
17102.00
1084.09
1033.07
1039.98
1046.90
1038.79
1039.03
1036.88
17158.03
1087.90
1075.98
1076.94
1075.98
1070.02
1075.03
1065.02
1071.93
1076.94
1088.14
25190.11
1094.10
1069.07
1078.13
1071.93
1071.93
1070.98
1062.87
1037.84
1049.04
1051.90
25172.00
1072.88
1052.86
1052.86
1065.97
1057.15
1052.14
1055.00
1075.03
1091.96
1081.94
25172.95
1082.90
1059.06
1057.86
1061.20
1050.00
1052.14
17078.16
1127.00
1093.86
1081.23
1096.96
1099.11
1101.02
1106.98
25200.13
1104.12
1096.01
1090.05
1084.80
1077.89
1070.02
1076.94
1067.16
1070.98
1058.82
25169.85
1082.90
1078.84
1082.90
1078.84
1078.84
1079.80
1083.85
1031.88
1037.84
1041.89
25176.76
1075.98
1062.87
1119.14
1108.17
1055.96
1042.13
1038.07
1033.07
1030.21
1036.88
25105.00
1072.88
1055.96
1058.10
1061.20
1058.10
1062.87
1057.86
1047.85
1055.96
1052.14
17107.96
1122.95
1087.90
1087.19
1090.05
1050.95
1051.90
1037.12
17188.07
1094.10
1087.90
1074.08
1038.07
1039.03
1036.88
17101.05
1113.89
1076.94
1073.12
1044.03
1031.16
1026.15
1026.87
25155.07
1054.05
1035.93
1039.03
1030.92
1033.07
1034.02
9094.95
1128.91
1097.92
1091.96
1085.04
1100.06
1098.16
1096.01
1096.01
1092.91
1095.06
25162.94
1111.98
1099.82
1088.86
1098.87
1081.94
1079.08
1080.99
1059.06
1059.06
1061.92
25116.92
1117.94
1078.13
1069.07
1059.06
1028.78
1031.88
1042.84
1052.86
1056.19
1054.05
21100.04
1116.99
1058.10
1053.09
1065.02
1050.95
1051.90
1042.13
21183.97
1085.04
1065.02
1067.16
1045.94
1047.85
1050.00
1053.09
1048.09
1045.94
1037.84
25125.98
1109.84
1099.82
1101.97
1058.10
1038.07
1039.03
1042.84
1044.03
1035.93
1033.07
25078.06
1087.90
1055.00
1056.91
1068.12
1053.09
1051.19
1049.04
1070.98
1047.85
1036.88
1039.98
25155.07
1075.98
1065.02
1063.82
1060.01
1065.02
1058.10
1074.08
1057.15
1064.06
1058.10
25179.15
1077.89
1070.98
1083.14
1068.12
1061.92
1064.06
17112.02
1136.06
1088.86
1082.90
5146.03
1075.03
1072.88
1062.87
1050.95
1057.15
1055.00
17096.04
1120.09
1072.88
1060.96
1032.11
1075.03
1070.98
1073.84
17156.84
1075.98
1070.02
1054.05
1072.88
1071.93
1080.99
17196.89
1081.94
1060.96
1056.91
1078.13
1065.97
1060.96
1057.15
1058.10
1049.04
1053.09
29109.95
1080.99
1055.00
1044.99
1050.00
1042.84
1041.89
1035.93
17171.14
1069.07
1062.15
1071.93
1062.87
1062.87
1063.11
17135.14
1092.20
1072.88
1069.07
1080.99
1057.15
1052.14
21075.01
1119.14
1071.21
1065.02
1073.12
1068.12
1070.02
1064.78
1096.01
1053.09
1054.05
1044.03
25188.21
1087.90
1081.94
1075.03
1061.92
1064.06
1060.01
1072.88
1034.98
1044.99
1045.94
25182.01
1088.14
1070.98
1069.78
1077.89
1076.94
1074.08
1086.00
1069.07
1061.92
1060.01
25151.97
1086.95
1080.04
1097.92
1070.02
1077.89
1084.80
1077.89
1097.92
1104.12
1095.06
25187.02
1108.17
1109.12
1121.04
1105.07
1106.98
1096.96
1070.98
1076.94
1091.00
1091.00
25168.90
1082.90
1060.01
1063.82
1055.96
1050.95
1035.93
1052.86
1093.86
1101.02
1093.86
25204.90
1097.92
1083.14
1075.98
1071.93
1065.97
1059.06
1056.91
1050.00
1039.98
1030.92
25171.04
1066.92
1053.09
1042.13
1051.90
1038.07
1035.93
9085.18
1155.14
1096.01
1081.94
1096.96
1085.04
1090.05
1083.85
25193.93
1103.16
1090.05
1093.15
1088.14
1087.90
1088.86
1042.84
1062.87
1072.88
1073.84
25166.99
1091.00
1085.04
1065.97
1089.10
1101.02
1105.07
1116.04
1107.93
1106.98
25133.85
1148.94
1096.96
1095.06
1084.09
1085.04
1066.92
1077.18
1079.08
1061.92
1065.97
25088.07
1147.99
1106.98
1091.00
1086.95
1041.17
1039.98
1030.92
1040.94
1031.88
1046.90
1056.19
25204.90
1106.02
1089.10
1081.94
1077.89
1063.82
1062.87
1061.92
1083.14
1060.96
1078.13
25174.14
1065.97
1058.82
1049.04
1064.06
1055.00
1067.16
1075.98
1068.83
1075.03
1062.87
21190.88
1096.96
1087.19
1097.92
1081.94
1083.14
1079.08
17142.06
1139.16
1095.06
1091.00
1116.04
1086.95
1092.20
21135.09
1090.05
1044.99
1044.03
1053.09
1094.10
1088.86
1091.00
1096.96
1091.00
1086.95
25119.78
1143.93
1101.02
1096.96
1104.12
1091.00
1092.91
1094.10
1095.06
1096.01
1086.95
25140.05
1157.05
1100.06
1094.82
1103.88
1095.06
1087.90
1096.01
1086.00
1080.99
1084.80
25121.93
1082.90
1049.04
1044.03
1068.83
1039.03
1037.84
1035.93
1066.92
1037.12
1033.07
25068.04
1105.07
1052.86
1040.94
1044.99
1036.88
1034.02
1035.93
1032.11
1082.18
1100.06
1097.92
25203.94
1098.87
1088.86
1083.85
1037.84
1039.03
1044.99
9083.99
1115.80
1075.98
1078.13
1081.94
1077.89
1072.17
25098.09
1127.00
1095.06
1079.08
1098.87
1086.00
1086.00
1102.21
25161.98
1056.91
1043.08
1039.03
1039.98
1035.93
1036.17
1028.06
1085.04
1060.96
1073.12
25151.97
1059.06
1044.99
1036.88
1060.01
1042.13
1035.93
1034.98
1062.87
1070.02
1071.93
21116.97
1120.81
1083.85
1079.80
1087.90
1075.03
1080.99
1080.04
1085.04
1073.84
1083.85
25106.91
1124.86
1080.99
1075.98
1096.01
1075.98
1075.98
1070.98
1081.94
1082.90
1076.94
25117.16
1126.05
1080.99
1085.04
1081.94
1080.99
1080.99
1077.89
1084.09
1084.09
1075.03
25113.82
1130.10
1086.95
1075.98
1087.90
1076.94
1075.03
1073.12
1080.04
1072.17
1070.98
25102.85
1126.05
1089.10
1081.94
1078.84
1075.98
1075.03
1075.98
1083.14
1074.08
1077.18
25106.91
1091.00
1036.17
1040.94
1050.00
1052.14
1054.05
1055.00
1066.21
1075.03
1080.04
1077.18
17183.07
1078.13
1065.97
1066.21
1073.84
1062.87
1064.06
21143.91
1111.98
1085.04
1088.14
1094.10
1084.09
1084.09
1089.10
1079.08
1088.14
1090.05
25182.96
1111.03
1091.00
1094.10
1087.19
1087.90
1088.86
1075.98
1044.03
1056.19
1065.97
25182.01
1101.02
1075.03
1069.78
1072.88
1063.11
1057.15
1068.12
1049.04
1037.12
1033.07
25075.91
1132.01
1101.02
1093.86
1091.00
1060.96
1060.01
1061.92
1058.10
1050.00
1055.96
25101.18
1135.11
1086.95
1075.03
1089.10
1038.07
1030.92
1036.88
1039.03
1030.92
1031.88
1033.07
25171.04
1098.87
1095.06
1097.92
1086.95
1091.96
1084.09
17188.07
1106.98
1101.02
1116.99
1099.11
1086.00
1098.87
21175.15
1075.03
1070.98
1063.11
1089.10
1081.94
1092.91
1100.06
1088.14
1099.11
1090.05
25197.98
1087.90
1061.92
1063.11
1067.16
1055.96
1053.81
1046.90
1028.78
1029.97
1027.11
25084.97
1131.06
1079.08
1090.05
1081.94
1074.08
1071.93
1078.84
1082.90
1080.99
1067.88
25113.82
1122.95
1091.96
1090.05
1100.06
1084.09
1074.08
1083.14
1084.09
1075.98
1084.80
25123.83
1096.01
1060.01
1043.80
1054.05
1049.04
1035.93
1041.89
1086.95
1039.03
1028.06
25050.88
1161.81
1106.98
1101.97
1091.00
1047.13
1039.98
1029.97
1039.98
1029.01
1026.87
1024.01
25154.11
1050.00
1044.03
1030.92
1039.98
1051.90
1060.01
1058.10
1065.02
1078.13
1064.06
25177.96
1060.96
1037.12
1029.97
1078.84
1097.92
1092.20
1101.97
1098.87
1088.86
1094.10
25175.09
1057.15
1037.12
1029.97
1053.81
1065.97
1055.96
1068.83
1055.00
1043.08
1031.16
25072.10
1089.10
1042.13
1034.02
1042.13
1044.99
1052.14
1047.85
1066.92
1068.12
1059.06
1065.97
25158.88
1055.00
1038.07
1036.17
1079.08
1096.96
1097.20
1086.95
1088.86
1091.00
1090.05
25192.02
1101.97
1090.05
1079.08
1094.10
1092.91
1096.96
1105.07
1096.96
1093.86
1091.96
25183.20
1093.15
1074.08
1065.02
1086.95
1085.04
1091.00
1104.12
1100.06
1088.86
25124.07
1131.06
1070.02
1056.19
1055.96
1082.18
1085.04
1094.10
1103.88
1085.04
1084.09
25108.10
1135.11
1070.98
1065.97
1052.14
1086.95
1086.95
1086.95
1102.92
1087.19
1081.94
25115.97
1127.00
1081.94
1063.82
1063.82
1086.95
1096.96
1080.04
1102.92
1083.85
1086.00
25107.15
1137.02
1079.08
1066.21
1065.02
1080.99
1060.01
1064.06
1065.97
1050.95
1047.13
1041.89
25187.02
1101.02
1086.00
1070.98
1035.93
1029.01
1021.86
1032.83
1030.92
1034.98
1039.03
25138.14
1086.95
1080.99
1070.02
1080.99
1069.07
1062.15
1065.97
1061.92
1065.02
1065.97
29109.95
1124.86
1078.84
1067.88
1081.94
1088.14
1092.91
1092.91
1086.24
1087.90
1080.04
25123.83
1112.94
1083.14
1074.08
1092.20
1075.03
1075.03
1099.11
1065.02
1065.97
1071.93
25108.81
1137.97
1100.78
1077.89
1091.96
1087.19
1081.94
1086.00
1087.90
1089.10
1098.16
25165.08
1101.02
1086.95
1086.95
1091.00
1085.04
1090.05
1081.94
1060.01
1075.98
1060.01
21116.97
1088.86
1060.01
1056.91
1071.93
1047.13
1058.10
1052.14
9166.96
1096.96
1093.15
1096.96
1091.00
1092.91
1093.15
25192.98
1106.02
1101.97
1101.02
1096.96
1091.00
1096.01
1099.11
1095.06
1091.00
1094.10
25182.01
1108.88
1098.87
1094.82
1095.06
1091.00
1091.00
1101.97
1096.01
1089.81
25125.98
1145.12
1091.00
1088.14
1096.96
1090.05
1088.14
1087.90
1096.96
1088.14
1087.90
17127.99
1083.14
1039.03
1037.12
1049.04
1033.78
1034.02
1028.06
25156.02
1050.00
1038.07
1033.07
1039.98
1022.82
1030.92
1023.77
1032.83
1032.83
1031.88
21066.90
1142.98
1090.05
1087.19
1089.10
1070.98
1057.86
1057.15
21161.08
1104.12
1082.90
1094.10
1089.10
1095.06
1091.96
1097.92
1084.80
1087.90
1091.00
25198.94
1105.07
1100.78
1115.08
1093.86
1091.96
1096.96
1102.92
1096.01
1093.86
25129.08
1145.84
1108.88
1100.78
1101.97
1095.06
1093.86
1095.06
1107.22
1098.87
1097.92
25138.14
1144.17
1097.92
1100.06
1102.92
1097.20
1095.06
1102.92
1019.95
1040.22
1036.88
25076.87
1110.08
1068.12
1065.02
1068.12
1065.02
1057.15
1059.06
1040.94
1025.92
1022.82
1026.87
25152.92
1062.15
1058.10
1063.11
1045.94
1051.19
1044.99
1040.94
1062.15
1079.08
1080.99
25180.10
1094.10
1070.02
1070.98
1054.05
1052.14
1046.90
1045.94
1038.79
1037.84
1019.95
17092.94
1143.93
1096.96
1104.12
1082.90
1086.95
1100.06
17134.90
1107.93
1065.02
1050.00
1050.95
1045.94
1116.04
1082.18
25154.11
1053.09
1043.08
1044.99
1040.94
1034.98
1034.98
9072.07
1138.93
1096.96
1097.20
1089.10
1041.89
1035.93
1031.16
25180.10
1090.05
1085.04
1083.85
1081.94
1075.03
1080.99
1073.84
1055.00
1055.00
1067.16
25196.08
1086.95
1068.83
1065.02
1065.97
1070.02
1072.88
1086.00
1080.99
1086.00
1092.91
1096.01
1085.04
1070.98
25112.87
1121.04
1070.02
1044.03
1041.89
1063.11
1060.01
1053.09
1066.21
1056.91
1050.00
1058.10
25139.09
1044.99
1029.97
1029.01
1034.02
1035.93
1032.11
1039.98
1037.84
1031.88
1032.11
25069.00
1136.06
1081.94
1092.91
1086.00
1039.03
1040.94
1039.03
1044.99
1035.93
1034.02
25069.00
1133.92
1079.08
1086.00
1066.92
1052.14
1059.06
1050.95
1051.90
1050.00
1050.95
1048.09
25192.02
1099.82
1083.85
1092.91
1088.14
1090.05
1089.10
1085.04
1029.01
1029.01
1030.92
25199.89
1111.98
1101.97
1104.83
1101.02
1097.92
1093.86
1106.98
1049.04
1046.18
1039.98
25141.95
1063.11
1046.90
1050.00
1041.17
1041.89
1039.03
1040.94
1036.88
1039.98
1037.12
25125.03
1059.06
1036.88
1030.21
1069.07
1035.93
1032.83
1034.98
1044.99
1033.78
1036.88
25055.89
1083.85
1047.85
1041.89
1045.94
1039.98
1028.06
1029.97
1041.17
1030.92
1033.07
1031.88
25146.01
1055.00
1041.89
1038.07
1056.19
1034.02
1029.97
1039.98
1041.89
1034.02
1035.93
25081.87
1091.96
1043.08
1037.12
1049.04
1033.07
1032.83
1030.92
1042.13
1036.17
1039.03
1027.11
25145.05
1055.96
1039.98
1050.00
1038.79
1035.93
1034.02
1043.08
1034.02
1034.98
1034.98
25081.87
1085.04
1038.07
1039.03
1050.00
1036.88
1036.17
1037.12
1047.13
1039.98
1036.17
1037.12
25144.10
1055.96
1044.99
1044.99
1039.03
1041.17
1035.93
1042.84
1036.88
1034.98
1043.08
25103.09
1065.97
1036.88
1038.07
1050.95
1034.02
1037.12
1038.07
1079.08
1039.03
1039.03
25078.06
1091.96
1039.98
1039.98
1054.05
1034.98
1032.11
1034.98
21109.82
1060.96
1031.16
1029.01
1055.00
1034.98
1038.07
1050.00
1067.88
1039.03
1037.84
25069.95
1138.93
1080.04
1091.00
1097.92
1078.84
1096.96
1081.94
1106.98
1083.14
1089.10
25145.05
1132.97
1106.98
1095.06
1102.21
1086.95
1087.90
1096.96
1101.97
1091.96
1085.04
25126.93
1137.97
1097.20
1086.95
1104.83
1095.06
1092.20
1098.87
1089.81
1086.00
1088.14
25151.97
1067.88
1032.83
1025.92
1045.94
1094.10
1091.00
1086.24
1092.91
1084.80
1086.00
25129.08
1075.98
1033.07
1032.11
1036.88
1092.91
1096.96
1089.10
1102.92
1091.96
1094.10
25126.93
1102.92
1049.04
1049.04
1055.00
1087.90
1091.00
1091.96
1101.02
1095.06
1091.96
25130.03
1092.20
1048.09
1038.07
1038.07
1099.11
1090.05
1086.95
1095.06
1082.90
1077.89
25115.01
1105.07
1054.05
1043.08
1048.80
1066.92
1062.15
1055.00
1075.98
1055.96
1062.87
1060.96
25143.86
1050.95
1032.83
1049.04
1029.01
1027.11
1027.11
1032.11
1034.02
1026.15
1024.96
25075.20
1073.12
1035.93
1033.07
1046.90
1036.88
1040.94
1044.03
1055.96
1045.94
1045.94
1043.08
17141.10
1062.15
1049.04
1052.14
1050.95
1046.90
1054.05
1065.97
1054.05
1051.90
1060.96
25187.97
1121.04
1100.06
1084.09
1036.17
1050.95
1047.85
1046.90
1041.89
1046.18
1044.03
25129.08
1069.07
1039.98
1031.88
1024.01
1064.06
1080.99
1079.80
1108.17
1043.08
1034.02
1039.03
1097.20
1082.90
1090.05
17194.03
1106.98
1086.95
1096.01
1065.97
1080.04
1072.17
1075.98
1071.93
1061.92
1066.92
25173.19
1073.12
1050.95
1047.13
1057.15
1056.91
1061.92
1060.01
1066.92
1067.88
1067.16
25121.93
1082.90
1039.03
1030.92
1042.84
1081.94
1088.14
1070.02
1089.10
1077.18
1075.03
25132.18
1081.94
1044.03
1040.94
1036.88
1084.80
1088.86
1083.85
1091.96
1084.09
1083.14
25120.97
1117.94
1061.20
1060.01
1055.00
1085.04
1087.90
1091.00
1101.02
1090.05
1095.06
25150.06
1101.97
1053.09
1050.00
1060.96
1052.86
1052.86
1049.04
1065.02
1053.09
1054.05
1050.00
25172.00
1083.14
1070.02
1070.98
1092.91
1084.09
1096.01
1098.87
1090.05
1089.10
1096.01
25188.92
1099.11
1095.06
1099.11
1096.01
1086.95
1093.86
1097.92
1092.20
1089.10
29124.98
1102.92
1063.11
1062.15
1060.96
1048.80
1050.95
1050.00
17150.88
1102.92
1085.04
1086.95
1091.96
1085.04
1087.90
17129.90
1132.01
1085.04
1091.96
1111.03
1089.10
1089.10
17123.94
1144.89
1105.07
1084.09
1096.01
1087.19
1084.09
1086.95
21185.87
1098.87
1094.82
1091.96
1093.15
1082.90
1090.05
1091.96
1087.90
1088.14
1086.95
25185.11
1099.11
1091.00
1100.06
1086.95
1090.05
1089.10
1091.96
1090.05
1090.05
21137.00
1099.82
1041.89
1045.94
1039.98
1058.82
1065.02
1074.08
21173.95
1071.93
1050.95
1049.04
1055.96
1039.03
1038.07
1044.99
1040.94
1040.94
1034.02
25078.06
1076.94
1039.98
1029.01
1043.08
1031.88
1029.01
1023.05
9133.10
1084.09
1065.97
1055.96
1075.03
1058.82
1061.92
25093.79
1115.08
1059.06
1070.02
1065.97
1056.91
1057.86
1061.92
1063.11
1060.96
1061.92
1054.05
25148.15
1071.21
1045.94
1061.92
1058.10
1064.06
1057.15
1063.11
1060.96
1055.00
1055.00
25132.89
1059.06
1030.92
1034.02
1055.96
1037.84
1034.02
1036.88
1073.12
1067.16
1059.06
25105.00
1093.86
1040.94
1039.03
1045.23
1034.02
1029.97
1029.97
1022.10
1034.98
1041.89
1038.07
25139.09
1050.95
1037.12
1039.03
1034.02
1027.82
1025.92
1029.01
1088.86
1077.89
1072.88
25153.88
1050.00
1039.03
1032.11
1041.17
1032.83
1035.93
1038.79
1031.88
1047.85
1044.03
25095.94
1085.04
1042.13
1029.01
1038.07
1031.16
1029.97
1033.78
1034.98
1068.12
1059.06
1062.15
25141.00
