1280.07
1176.12
17251.01
1302.00
1189.95
22699.12
1363.04
1196.15
1182.08
1161.10
16582.01
1227.14
1181.13
1187.09
16580.10
1205.92
1172.07
1208.07
16581.06
1224.04
1183.99
1183.03
11492.97
1218.80
1201.87
1183.03
16581.06
1216.89
1191.85
1179.93
16546.96
1259.09
1196.86
1167.06
16510.96
1210.93
1188.99
1188.99
16425.85
1290.08
1176.83
1173.97
16430.14
1289.84
1180.89
1157.05
16448.02
1311.06
1203.06
1177.07
16444.92
1318.93
1206.16
1197.10
16699.08
1304.86
1188.99
1178.98
17068.15
1257.18
1173.02
1170.87
12478.83
1259.09
1159.19
16427.04
1296.04
1194.00
1168.97
16657.11
1269.82
1178.03
1186.13
11898.99
1262.90
1183.03
1165.15
16431.09
1268.15
1188.99
1172.07
16443.97
1298.90
1208.07
1183.03
16633.99
1307.01
1184.94
1173.97
22077.08
1241.21
1182.08
1214.98
21633.86
1240.02
1183.99
1165.87
21512.03
1296.04
1181.84
1160.86
21391.87
1219.03
1168.01
1172.07
21482.94
1338.01
1195.91
1194.95
1188.99
30112.98
1245.98
1171.83
1176.83
1183.99
21570.21
1265.05
1200.20
1189.95
16449.93
1307.01
1189.95
1170.87
16520.02
1318.22
1183.03
1173.02
21919.01
1230.00
1180.89
1179.93
16441.82
1275.06
1199.01
1213.07
16443.97
1268.86
1169.92
1172.78
16434.91
1297.00
1206.87
1204.97
11363.03
1295.09
1187.09
1192.09
1185.18
16534.09
1206.87
18321.99
1275.06
1238.82
1267.91
15161.04
1302.00
1183.03
1183.99
1185.89
16441.82
1284.12
1181.13
1178.98
16427.04
1284.84
1196.86
1180.89
1156.09
16519.07
1198.05
1181.13
1172.07
16548.87
1215.93
1172.07
1168.97
16610.86
1258.85
1188.04
1181.13
11487.01
1214.98
1205.92
1169.92
16578.91
1218.08
1173.97
1213.07
21608.83
1224.99
1199.01
1168.97
16970.87
1198.05
1169.92
12029.89
1269.10
1198.05
1175.17
25377.99
11516.09
1307.01
1199.01
1178.98
16824.01
1250.98
1179.93
1177.07
17194.99
1207.83
1183.99
21332.98
6509.07
1332.04
1201.87
1175.88
21641.97
1211.88
1191.85
21245.96
1318.93
1199.96
1180.89
1178.03
21517.99
1307.96
1194.95
1187.09
16451.12
1302.96
1212.12
1169.92
16448.97
1290.08
1208.07
1176.12
11352.06
1298.90
1200.20
1168.97
1168.97
1313.92
1219.03
1178.03
1163.01
16564.85
1234.05
1194.95
1180.89
21673.92
1235.01
1181.13
1180.17
16584.87
1214.98
1188.99
1194.00
16397.95
1212.84
1181.84
12704.85
1214.03
1174.93
1152.99
17003.06
1209.97
1170.87
17245.05
1295.80
1178.98
1173.02
16312.12
1281.98
1196.86
12535.10
1307.01
1184.94
1170.87
16817.09
1310.11
1199.01
1189.95
16438.01
1302.96
1208.07
1196.15
1189.95
1367.81
1200.91
1172.07
1192.09
16235.11
1196.86
1166.82
1176.83
16455.89
1281.02
1185.18
1184.94
16453.03
1276.02
1185.89
8326.05
1188.99
1187.80
1158.00
16589.16
1210.21
1181.13
1182.08
21924.02
1206.87
1177.07
1182.08
16550.06
1197.81
1190.90
1175.88
16558.89
1221.90
1183.99
1175.17
11496.07
1221.90
1185.89
1183.03
21066.90
1295.09
1204.97
1188.04
16407.01
1315.12
1198.77
1189.95
1201.15
16555.07
1199.96
1197.10
1159.19
16546.01
1205.92
1173.97
1162.05
16545.06
1233.82
1183.99
1177.07
16541.00
1245.02
1174.21
1155.14
16490.94
1271.01
1166.82
1155.85
11610.98
1240.97
1186.85
1163.01
21515.13
1284.12
1194.00
1168.01
16471.15
1303.20
1188.99
1183.99
16298.06
1314.88
1199.01
1171.83
7619.86
1220.94
1178.03
1172.07
16562.22
1217.13
1173.97
1156.09
16546.96
1231.19
1191.14
1161.10
21547.08
1221.18
1176.12
1207.11
16165.02
1235.96
1164.20
1166.11
16453.03
1307.01
1175.88
1205.21
1190.90
16551.97
1193.05
1188.04
1173.97
16600.13
1213.07
1195.19
1197.10
16570.09
1206.87
1187.09
1173.97
16575.10
1230.00
1198.05
1189.95
16561.03
1226.19
1197.10
1160.14
16553.88
1249.07
1200.91
1177.07
16534.09
1248.12
1183.99
1163.96
16458.03
1289.13
1192.09
1188.99
16458.99
1307.96
1190.90
1188.04
16461.13
1295.09
1209.97
1188.99
16680.96
1312.97
1191.14
1173.97
17073.87
1211.88
1199.96
1183.03
16572.95
1216.89
1189.95
7323.03
1255.99
1216.17
1190.90
16439.91
1285.08
1190.90
1199.01
21525.86
1289.84
1185.89
1189.95
12193.20
1227.14
1174.93
1167.06
16566.99
1234.05
1177.07
1178.98
21387.82
1213.07
1194.00
1193.05
16460.90
1286.03
1192.09
1199.01
16432.05
1293.90
1204.01
1185.18
16418.93
1312.97
1194.95
1189.95
1170.87
16561.03
1200.20
1182.08
1172.07
16561.03
1204.97
1190.19
1163.01
16565.08
1226.90
1164.91
1173.02
14324.90
1195.91
1173.02
13241.05
1252.89
1178.03
17216.92
1286.03
1179.93
1160.86
17361.88
1194.00
1178.98
17336.85
1207.11
1188.99
17235.99
1281.02
1183.99
17276.05
1368.05
1206.16
17232.18
1312.97
1194.00
1177.07
17364.98
1214.03
1180.17
17357.11
1234.05
1184.94
21284.82
1256.94
1194.00
13268.95
1265.05
1178.03
1168.01
17338.04
1186.85
1168.01
17352.10
1202.82
1181.84
17338.99
1237.15
1177.07
17256.02
1276.02
1173.97
17225.98
1291.04
1184.94
1174.93
17364.03
1203.06
1168.97
17359.02
1217.84
1171.83
23247.00
1306.06
1203.06
1168.97
16454.22
1299.14
1217.84
1182.08
16462.09
1300.10
1191.14
1181.13
16431.09
1312.02
1206.16
1173.97
16417.98
1312.02
1230.00
1188.04
16499.04
1309.87
1192.81
1167.06
16750.10
1299.14
1183.03
1163.96
16417.98
1313.21
1205.92
1172.07
1182.08
16544.10
1202.11
1177.07
1191.85
20155.91
6423.95
1205.92
1173.02
1152.04
16550.06
1230.00
1184.94
1174.93
16529.80
1245.02
1180.17
1174.93
16478.06
1301.05
1196.86
1188.99
13040.07
1278.88
1200.91
12257.10
8942.84
1277.92
1191.85
1178.03
17295.12
1198.05
1175.17
1194.00
16376.02
1219.03
1183.99
9345.77
1208.07
1176.83
11453.87
1190.90
8980.04
1188.99
1168.01
17143.01
1265.05
1178.03
21276.00
1349.93
1196.86
1168.97
1169.92
1160.14
21631.00
1216.89
1168.01
1163.01
25829.08
1217.84
1193.05
1177.07
26523.11
1353.03
1198.05
1199.01
21904.95
1307.01
1195.91
1194.95
16455.17
1314.16
1199.96
1191.85
23282.05
1318.93
1184.94
1166.11
13385.06
1191.85
1165.87
17374.04
1219.03
1178.98
17267.94
1281.02
1195.91
17238.86
1263.86
1168.97
1157.05
17349.96
1195.91
1167.06
17365.93
1199.01
1172.07
17328.98
1224.99
1163.01
17237.19
1275.06
1188.04
17226.93
1291.99
1177.07
1176.12
17373.09
1190.19
1163.96
17375.95
1231.91
1173.02
17266.99
1297.00
1171.83
17238.86
1306.06
1182.79
1162.05
17358.06
1207.83
1171.83
17375.95
1224.99
1169.20
17339.94
1238.11
1178.98
17265.08
1293.90
1195.91
17244.82
1297.00
1177.07
1167.06
17359.02
1200.91
1173.02
17374.99
1205.92
1166.82
17276.05
1266.00
1180.89
17247.20
1281.98
1183.99
17208.81
1336.10
1174.93
1173.02
17380.00
1203.06
1173.02
17354.97
1209.97
1171.11
17259.12
1282.93
1171.11
17239.09
1311.06
1193.05
1161.10
17391.92
1194.00
1168.97
13388.87
1209.97
1171.11
1188.04
1165.87
1157.05
29231.07
1320.84
1198.05
1178.03
1186.13
1158.00
1161.81
25295.02
1261.23
1187.09
13257.03
1291.99
1181.84
1186.85
1173.97
1163.01
1157.05
25349.86
1221.90
1162.05
13247.97
1285.08
1175.17
1176.12
1168.01
1151.08
1158.00
25363.92
1221.90
1169.92
13330.94
1222.85
1172.07
1167.06
1159.91
1166.11
1155.14
25388.00
1196.86
1177.07
13371.94
1210.93
1172.07
1179.93
1162.05
1173.97
25215.86
1307.01
1191.85
1174.93
13363.84
1209.97
1178.98
1181.13
1168.01
1153.95
25228.98
1296.04
1178.98
1176.12
13359.07
1196.15
1160.14
1189.95
1169.92
1154.18
25231.12
1293.90
1180.17
13230.09
1280.07
1194.95
1179.93
1177.07
1156.81
1155.85
29282.09
1281.02
1176.12
17226.93
1293.90
1180.89
1176.83
17359.97
1202.82
1178.03
17392.16
1216.17
1173.97
17360.93
1230.96
1163.01
17235.99
1288.89
1176.83
17245.05
1304.86
1191.85
1167.06
17355.92
1196.86
1173.97
17343.04
1209.97
1170.16
17259.12
1259.09
1173.97
1188.99
1178.03
1160.14
1149.18
25372.98
1211.17
1172.07
13360.02
1214.03
1182.08
1178.98
1169.92
1158.00
1150.13
25360.11
1202.11
1173.97
13361.93
1204.97
1167.06
1186.13
1170.16
1158.00
25230.88
1311.06
1188.04
1173.97
13360.98
1196.86
1174.93
1188.04
1163.96
1165.87
25254.96
1291.04
1182.08
13241.05
1296.04
1187.09
1179.22
1184.94
1164.91
1161.10
25268.08
1276.97
1201.15
13267.04
1276.97
1188.99
1181.13
1173.02
1173.02
1158.95
25362.01
1210.93
1184.94
13258.22
1293.18
1184.94
1177.79
1174.93
1169.92
1156.09
25371.07
1206.87
1179.93
13345.96
1223.09
1173.97
1165.15
1166.11
1160.14
1155.14
25377.04
1213.07
1176.12
13348.10
1214.03
1176.83
17323.02
1217.13
1176.12
17255.07
1278.88
1191.85
17246.96
1302.96
1194.95
1167.06
17357.11
1199.01
1184.94
17352.82
1224.04
1172.07
17260.79
1271.01
1190.90
17226.93
1292.94
1192.09
1182.08
17341.85
1193.05
1176.12
13369.08
1213.07
1186.85
25346.04
1218.08
1188.99
9233.00
1269.82
1175.88
13224.84
1284.12
1171.11
1165.15
1188.04
1160.86
1168.97
25237.08
1293.90
1179.93
13241.05
1291.99
1184.94
1171.83
1178.98
1158.95
1161.10
25300.98
1230.96
1169.92
13260.13
1271.01
1171.11
1177.07
1171.83
1168.01
1171.11
25350.09
1224.04
1184.94
13259.17
1272.20
1180.89
1190.90
1173.97
1162.05
1151.80
25376.08
1209.97
1175.88
13347.86
1219.03
1173.02
1172.07
1188.04
1164.91
1174.93
25352.95
1206.87
1171.11
13359.07
1203.06
1178.03
1177.07
1162.05
1153.95
25225.88
1301.05
1190.19
1178.03
13367.18
1199.01
1167.06
1192.09
1166.11
1166.11
25281.91
1296.04
1195.19
17224.07
1305.82
1182.08
1178.98
13351.92
1194.00
1172.07
17326.83
1205.92
1159.91
17236.95
1278.88
1186.13
17235.99
1286.03
1190.90
1175.88
17345.91
1191.85
1165.87
17360.93
1205.92
1174.93
17254.11
1273.87
1187.09
17239.09
1296.04
1183.99
1180.17
17337.08
1198.05
1179.93
17349.00
1216.17
1161.10
17256.02
1251.94
1183.99
17235.04
1281.02
1186.13
1173.02
17317.06
1204.01
1180.17
17353.06
1208.78
1179.93
17322.78
1224.99
1178.03
17237.19
1266.96
1179.93
17212.87
1279.12
1197.10
1163.96
17370.94
1190.90
1163.96
17335.18
1219.99
1187.09
17241.00
1271.01
1186.85
17221.93
1286.03
1181.13
1176.12
13351.92
1203.06
1163.01
17340.90
1209.97
1172.07
17230.99
1264.81
1180.89
17223.12
1275.06
1180.89
1172.07
17350.91
1190.90
1181.84
17344.00
1210.21
1177.07
17249.11
1264.10
1186.13
17235.04
1280.78
1184.94
1167.06
13343.10
1189.95
1158.00
17354.97
1216.89
1167.06
17240.05
1266.00
1177.07
17225.03
1284.84
1193.05
1172.07
17364.03
1205.92
1165.87
17350.91
1204.01
1171.83
17258.88
1250.03
1168.01
17221.93
1288.89
1178.03
1169.92
17333.03
1206.16
1178.03
17359.97
1219.03
1170.87
17309.90
1223.09
1164.91
17241.95
1276.97
1175.17
1163.96
17335.89
1194.95
1169.20
17365.93
1212.12
1173.02
17339.94
1223.09
1171.11
17237.19
1273.16
1181.13
17222.17
1294.85
1197.81
1168.01
17352.82
1196.86
1179.93
17355.92
1214.03
1163.96
1173.97
1178.98
1165.87
1154.90
25351.05
1199.01
1166.11
1188.04
1159.19
1163.96
29265.88
1295.09
1191.14
1179.93
1175.88
1155.85
1157.05
25387.05
1225.95
1180.17
13334.04
1230.96
1179.93
1173.97
1173.97
1165.87
1158.00
25376.08
1204.01
1172.07
13359.07
1196.86
1170.87
1171.83
1173.97
1158.00
25212.05
1312.02
1187.09
1166.11
13374.09
1202.11
1185.18
17369.99
1213.07
1173.97
17242.91
1283.88
1178.03
17226.93
1300.10
1192.81
1185.89
17344.95
1199.01
1172.07
17368.08
1214.03
1177.07
17332.08
1219.03
1178.03
17235.99
1291.99
1178.98
17224.79
1304.15
1195.19
1172.07
17387.15
1214.03
1168.97
17369.03
1215.93
1177.07
17251.01
1271.96
1188.04
17235.04
1278.88
1191.85
1178.98
17360.93
1200.20
1177.07
17360.93
1203.06
1183.03
17334.94
1224.04
1183.03
17247.20
1277.21
1191.14
17231.94
1299.14
1199.01
1170.87
17365.93
1195.91
1165.87
17353.06
1204.01
1184.23
17241.95
1276.97
1172.78
17226.93
1295.09
1177.07
1185.18
17349.96
1197.10
1170.16
17336.13
1208.07
1170.87
17269.85
1256.94
1183.03
17251.01
1266.00
1188.99
17185.93
1332.04
1179.93
1172.07
17361.88
1206.87
1170.87
17328.98
1216.89
1186.85
21258.83
1286.98
1186.85
9222.98
1258.85
1183.03
1175.17
13331.17
1188.99
1174.93
1172.07
1167.06
1162.05
25217.06
1292.94
1178.98
1174.93
13349.06
1199.01
1179.93
1184.23
1160.86
1171.11
25242.09
1271.01
1183.99
13197.90
1311.06
1188.99
1175.17
1179.93
1159.91
1156.81
25245.90
1272.92
1184.94
13246.06
1280.07
1191.14
1168.97
1180.89
1166.82
1154.90
25248.05
1269.82
1184.94
13247.01
1267.19
1179.93
1168.97
1170.16
1156.09
1162.05
25324.11
1238.82
1169.92
13255.83
1281.02
1173.97
1174.93
1162.05
1164.20
1163.96
25364.88
1207.11
1179.93
13267.04
1278.16
1167.06
1163.96
1159.91
1153.95
1156.09
25361.06
1208.07
1184.94
13352.87
1209.02
1172.07
13242.96
1270.77
1179.93
17230.99
1297.95
1195.91
1167.77
17338.04
1202.11
1175.88
17330.17
1208.78
1169.92
17256.98
1260.04
1178.98
17222.88
1291.99
1191.85
1168.97
17341.85
1193.05
1168.01
17347.10
1209.97
1177.07
17240.05
1266.96
1180.89
21229.98
1290.08
1182.79
1168.01
13360.02
1209.02
1168.97
17345.91
1214.98
1174.93
17246.01
1255.04
1186.13
17244.10
1295.09
1192.81
1169.92
17335.89
1190.90
1168.01
17347.10
1207.11
1179.22
17318.01
1226.90
1173.02
17251.97
1279.12
1173.02
17213.11
1308.92
1188.99
1168.01
1180.89
1153.95
1157.05
33257.01
1293.18
1183.99
17241.00
1297.95
1195.19
1179.93
17348.05
1189.95
1178.98
17385.01
1219.03
1181.13
18310.07
1223.09
1192.81
1176.83
1162.05
1166.11
33378.12
1217.13
1186.13
17364.03
1214.98
1186.13
17272.23
1300.10
1180.17
17236.95
1311.06
1188.04
1170.87
17356.87
1195.91
1169.92
17364.98
1212.84
1170.87
17313.96
1222.85
1179.93
17243.86
1279.12
1179.93
17231.94
1289.13
1183.99
1168.01
17364.98
1204.01
1182.08
17346.14
1214.03
1171.83
17246.96
1268.15
1183.03
17234.09
1302.96
1183.99
1178.03
17354.97
1199.01
1173.97
17368.08
1195.91
1164.91
17261.03
1273.87
1178.98
17234.09
1287.94
1188.99
1168.97
17334.94
1197.10
1172.78
17355.92
1206.87
1168.01
17288.92
1240.97
1167.06
17246.96
1278.88
1178.98
17211.20
1302.96
1199.01
1174.93
21375.18
1204.01
1165.87
9302.85
1216.89
1164.91
13229.85
1255.99
1188.04
1174.21
1170.87
1163.01
1158.00
25348.90
1219.03
1167.06
13243.91
1271.96
1175.17
1178.03
1178.03
1154.90
1154.18
25357.96
1217.13
1173.02
13286.11
1239.78
1166.11
1176.12
1174.93
1152.04
1150.13
25377.99
1199.01
1173.02
13354.78
1209.02
1172.78
1177.79
1170.87
1161.10
1151.08
25358.20
1209.97
1174.93
13368.13
1200.91
1168.97
1170.87
1163.01
1158.95
25223.97
1311.06
1186.13
1168.01
13369.08
1194.00
1172.07
1185.18
1163.01
1157.05
25254.01
1286.03
1185.18
13206.01
1307.96
1189.95
1170.87
1175.88
1159.91
1160.14
25259.97
1281.98
1189.95
13235.81
1290.08
1186.13
1175.17
13364.08
1207.11
1178.98
17376.90
1204.01
1173.97
17265.80
1266.96
1183.99
17229.08
1274.82
1190.90
1170.87
17340.90
1198.05
1178.98
17371.18
1187.09
1157.05
17313.96
1215.93
1163.01
17231.94
1256.94
1186.85
1168.97
1308.92
1185.89
1175.88
17347.10
1204.01
1173.02
13297.08
1221.18
1175.88
17240.05
1261.95
1178.98
1156.09
17336.13
1197.10
1172.07
17342.81
1205.92
1164.91
17290.83
1236.92
1175.88
17246.96
1267.91
1178.98
1169.92
17344.00
1191.14
1176.12
17359.02
1209.02
1173.02
17351.15
1224.04
1189.95
17260.07
1273.87
1181.13
17229.08
1282.93
1194.95
1163.96
17355.92
1194.00
1172.07
17344.95
1204.01
1166.11
17247.20
1282.93
1178.03
17235.04
1289.84
1184.94
1169.92
17341.14
1205.92
1166.11
17359.97
1218.08
1183.03
17293.93
1250.98
1187.09
29261.11
1297.00
1185.89
13237.95
1300.10
1193.05
1171.11
1180.17
1165.15
1157.05
25236.13
1281.02
1183.99
13231.99
1279.12
1176.12
1179.93
1183.99
1164.20
1153.95
25299.07
1242.16
1174.93
13242.01
1274.82
1184.94
1180.17
1178.98
1158.00
1161.10
25345.09
1214.03
1186.85
13247.97
1262.90
1190.19
1167.06
1169.92
1166.11
1152.04
21366.83
1207.11
1173.97
17324.92
1240.97
1176.12
17245.05
1276.97
1183.03
17220.97
1294.85
1189.95
1166.82
17365.93
1205.92
1184.94
17355.92
1218.08
1178.98
17244.82
1276.97
1175.88
17246.96
