1436.00
13524.06
1497.98
1433.13
1414.06
1381.16
1379.01
25625.94
1480.82
13479.95
1559.97
1438.86
1420.97
1408.10
1417.16
25547.03
1528.02
1516.10
13592.00
1447.92
1432.90
1402.14
1402.14
25563.00
1483.92
1389.98
13617.04
1437.90
1433.85
1395.94
1377.82
25506.02
1527.07
1410.01
13552.90
1467.94
1404.05
1411.91
1421.93
25458.81
1570.22
1430.99
13552.90
1492.02
1421.93
1410.01
1411.91
1399.04
21638.15
1425.98
1424.79
1384.97
1381.87
25538.92
1487.97
1415.01
1425.98
1387.12
1399.04
29651.88
1442.91
1430.99
1403.81
1389.03
25534.15
1494.17
1381.16
13621.09
1444.10
1399.99
1405.00
1384.02
25513.89
1534.94
1442.91
13527.87
1475.10
1732.11
1518.96
1420.97
25550.13
1487.97
1428.13
13612.99
1443.86
1406.91
1420.97
1394.03
25511.98
1502.99
1400.95
13534.07
1486.06
1399.04
1415.01
1378.06
1394.99
25626.18
1444.10
13533.12
1475.10
1407.15
1399.04
1402.14
1387.12
25612.12
1443.86
13475.89
1559.02
1432.90
1423.12
1413.11
1399.99
25552.99
1487.97
1419.07
13616.80
1424.07
1435.04
1408.10
1381.16
25521.04
1477.96
1409.05
13609.89
1441.96
1384.97
1403.81
1369.00
25490.05
1528.98
1437.90
13513.09
1485.82
1404.05
1405.00
1385.93
1419.07
25666.00
1433.13
13525.01
1492.02
1418.83
1427.89
1392.84
1396.89
25628.81
1449.11
13462.07
1543.05
1438.86
1417.88
1430.99
1385.93
25542.02
1477.00
1416.92
13633.97
1437.19
1397.13
1384.02
1405.00
25532.01
1478.20
1425.03
13603.93
1430.99
1394.99
1418.83
1394.03
25513.17
1508.00
1426.94
13550.04
1484.87
1430.99
1421.93
1399.04
1394.03
25614.98
1435.04
13560.06
1514.91
1519.92
1415.97
1392.84
1399.04
25644.06
1423.84
13515.95
1479.86
1415.97
1410.01
1388.07
1388.07
25619.98
1440.05
1415.97
13615.13
1443.86
1412.87
1390.93
1394.03
25530.10
1489.16
1409.05
13625.86
1439.09
1417.88
1415.97
1406.91
25542.02
1510.14
1438.14
13614.89
1441.00
1420.02
1407.86
1394.03
25520.09
1508.95
1398.09
13546.94
1481.06
1410.96
1405.00
1384.97
1382.83
25635.96
1422.88
13520.00
1492.02
1405.95
1400.95
1389.03
1394.99
25616.88
1462.94
13448.00
1559.02
1419.07
1424.07
1404.05
1401.90
25544.17
1513.00
1405.00
13664.96
1439.81
1405.00
2228.98
1417.88
25646.92
1426.94
13536.93
1487.02
1405.00
1414.06
1413.11
1399.99
25605.92
1440.05
13560.06
1491.79
1415.97
1414.78
1396.89
1384.02
25585.89
1468.90
1408.10
13614.89
1429.08
1408.10
1383.07
1394.99
25520.09
1491.07
1409.05
13623.00
1448.87
1406.91
1399.99
1418.11
25542.02
1513.00
1420.02
13555.05
1473.90
1415.97
1407.15
1382.11
25413.04
1586.91
1407.86
13505.94
1501.08
1410.01
1408.82
1382.83
1397.13
25625.94
1428.84
13494.97
1499.89
1406.91
1403.81
1394.99
1379.97
25530.10
1481.06
1404.05
13626.81
1418.11
1396.89
1392.84
1393.08
25531.05
1513.00
1421.93
13644.93
1543.05
1417.16
1408.10
1429.08
25532.96
1514.91
1427.89
13571.98
1451.02
1424.07
1414.06
1396.18
25454.04
1567.84
1421.93
13525.96
1490.83
1461.98
1526.83
1381.87
1379.97
25604.01
1441.96
13509.99
1485.11
1410.01
1417.88
1411.91
1382.83
25649.07
1433.13
13520.00
1505.85
1408.82
1415.97
1411.91
1393.80
25554.90
1497.03
1413.82
13664.96
1431.94
1446.01
1393.80
1384.97
25520.09
1487.02
1408.10
13609.89
1428.84
1407.86
1393.80
1375.91
25490.05
1492.98
1405.00
13530.02
1481.06
1420.02
1477.00
1395.94
1394.99
25619.98
1413.11
13519.05
1490.12
1405.95
1398.09
1394.99
1393.08
25630.00
1445.06
13478.99
1545.91
1427.89
1422.88
1404.05
1399.99
25547.03
1485.11
1404.05
13648.03
1441.00
1430.03
1415.97
1421.21
25521.04
1503.94
1424.07
13620.14
1448.15
1443.15
1409.05
1398.09
25511.03
1492.98
1405.95
13545.99
1464.13
1397.13
1399.04
1387.83
1384.02
25617.12
1425.98
13517.86
1482.01
1410.01
1420.97
1393.08
1385.93
25616.88
1444.10
13483.05
1535.89
1531.84
1402.85
1405.95
1414.06
25632.86
1450.06
13502.12
1636.98
1425.98
1439.09
1401.19
1379.01
25579.21
1474.14
1418.11
13634.92
1430.99
1413.82
1394.03
1417.16
25526.05
1491.07
1425.03
13607.98
1429.08
1394.99
1378.77
1377.11
25514.13
1495.84
1410.96
13520.00
1490.12
1420.02
1417.16
1393.08
1405.00
25624.04
1434.80
13539.08
1521.11
1517.06
1469.85
1557.83
25643.11
1520.16
1421.93
13542.89
1501.08
1410.96
1419.07
1430.99
1392.84
25630.00
1430.99
13528.11
1483.20
1424.07
1418.11
1399.99
1383.07
25655.98
1456.02
13525.96
1482.96
1436.95
1579.05
1422.88
1402.85
25613.07
1446.01
13491.87
1502.99
1425.03
1424.07
1405.95
1387.83
25533.91
1472.95
1400.95
13610.84
1430.99
1421.21
1390.93
1383.07
25532.01
1505.85
1410.96
13614.89
1439.81
1421.93
1420.02
1408.10
25512.93
1531.12
1420.97
13545.99
1488.92
1399.99
1415.97
1432.90
25600.91
1533.99
1459.12
13525.01
1463.17
1415.97
1403.09
1389.98
1405.95
25681.02
1431.94
13529.06
1478.91
1397.85
1397.85
1375.91
1382.83
25618.08
1441.00
1404.05
13595.10
1429.08
1420.02
1385.93
1399.99
25546.07
1522.78
1470.09
13797.04
1436.00
1405.95
1402.85
1389.98
25556.09
1501.08
1402.14
13634.92
1442.91
1413.82
1408.10
1378.06
25510.07
1511.81
1415.01
13589.14
1471.04
1406.91
1414.06
1382.83
25455.00
1563.79
1432.90
13537.88
1524.93
1523.02
1417.16
1384.97
1434.80
25620.94
1415.01
14401.91
1420.97
1425.98
1398.09
1405.00
25526.05
1497.03
1407.15
13634.92
1439.09
1416.92
1404.05
1404.05
25528.91
1508.95
1429.80
13529.06
1486.06
1437.90
1413.82
1394.99
1394.03
25604.01
1441.96
13534.07
1464.13
1410.01
1445.06
1408.10
1374.96
25616.88
1441.00
13492.11
1499.18
1395.94
1406.91
1393.08
1404.05
25531.05
1468.90
1394.03
13606.07
1423.84
1420.97
1397.13
1379.01
25513.89
1487.97
1425.98
13601.06
1455.78
1435.04
1454.11
1384.02
25521.99
1502.04
1419.07
13534.07
1461.98
1413.11
1406.91
1389.98
1380.92
25625.23
1438.14
13468.03
1482.01
1396.18
1412.87
1394.99
1379.01
25594.95
1443.15
1385.93
13590.81
1420.97
1397.85
1394.99
1397.13
25511.03
1492.02
1406.19
13602.02
1430.99
1391.17
1401.90
1401.90
25501.01
1498.94
1408.10
13517.86
1476.05
1402.14
1451.97
1512.05
1383.07
25619.98
1443.15
13529.06
1477.96
1417.16
1442.19
1516.10
1381.16
25619.03
1413.82
13523.82
1481.06
1405.00
1412.87
1399.99
1379.01
25610.92
1457.93
1425.03
13587.00
1416.21
1404.05
1402.14
1379.01
25519.13
1488.92
1415.01
13608.93
1441.00
1421.93
1402.85
1392.13
25503.87
1499.89
1420.02
13525.01
1514.91
1523.97
1420.02
1394.03
25444.98
1544.95
1440.05
13520.00
1497.03
1402.85
1411.91
1401.19
1377.11
25635.00
1440.05
13520.96
1493.93
1400.95
1416.21
1396.89
1395.94
25618.08
1446.96
1392.13
13602.02
1430.03
1417.16
1399.04
1414.78
25526.05
1478.20
1408.10
13602.02
1420.97
1407.86
1405.95
1405.00
25521.04
1495.12
1398.09
13522.86
1487.97
1406.19
1420.97
1386.88
1384.97
25611.16
1436.00
13525.96
1474.14
1415.01
1424.07
1406.91
1440.05
25686.03
1450.06
13526.92
1482.01
1420.97
1422.17
1404.05
1391.17
25630.00
1445.06
13493.06
1550.91
1422.88
1409.77
1394.99
1391.89
25524.85
1472.95
1410.01
13602.97
1421.93
1404.05
1401.90
1381.87
25506.02
1501.08
1419.07
13522.15
1479.86
1398.80
1417.88
1400.95
1395.94
25619.03
1430.03
13512.13
1477.00
1420.02
1425.03
1391.89
1394.99
25609.02
1441.96
13500.93
1492.02
1404.05
1404.05
1403.81
1385.93
25521.99
1490.83
1456.02
13659.00
1433.13
1407.15
1389.98
1380.92
25515.08
1497.98
1410.01
13602.97
1433.85
1406.91
1407.86
1401.90
25505.07
1502.04
1419.78
13531.92
1471.04
1413.11
1419.07
1424.07
25557.99
1574.99
1428.13
13530.02
1467.94
1414.06
1410.96
1395.94
1388.07
25614.98
1434.09
13494.97
1484.87
1401.90
1407.86
1389.98
1388.79
25523.90
1497.03
1402.85
13612.99
1422.17
1405.95
1393.08
1405.95
25528.91
1499.89
1403.09
13607.98
1430.99
1402.14
1425.03
1405.95
25501.01
1494.88
1408.10
13516.90
1477.00
1415.01
1413.11
1394.99
1389.98
25645.97
1417.16
13517.14
1486.06
1416.92
1418.11
1393.08
1396.18
25604.96
1457.93
1389.98
13586.04
1425.98
1402.14
1398.09
1399.99
25533.91
1488.92
1399.04
13598.92
1427.89
1411.91
1398.09
1399.04
25499.11
1498.22
1425.03
13530.02
1468.18
1404.05
1445.77
1514.91
25439.98
1558.07
1409.05
13520.00
1467.94
1411.91
1416.21
1390.93
1389.98
25615.93
1424.07
13511.18
1490.12
1450.06
1400.95
1406.91
1406.19
25597.10
1459.12
1415.97
13602.97
1430.03
1413.11
1396.18
1380.92
25506.02
1471.04
1403.09
13599.16
1428.13
1402.14
1411.91
1399.04
25497.91
1494.17
1420.97
13513.80
1465.08
1412.15
1435.04
1389.03
1426.94
25632.86
1415.01
13511.18
1478.20
1408.10
1417.16
1399.99
1397.13
25614.02
1460.08
13473.03
1539.95
1405.00
1415.01
1397.13
1389.03
25543.93
1488.92
1416.92
13651.85
1429.08
1426.22
1399.99
1402.85
25520.80
1508.95
1413.82
13603.93
1450.06
1414.06
1413.11
1398.09
25511.98
1505.14
1400.95
13628.96
1489.88
1401.90
1407.86
1407.86
1395.94
25610.92
1436.95
13538.12
1474.14
1409.05
1402.14
1394.99
1404.05
25619.03
1432.90
13490.92
1512.05
1412.15
1425.03
1408.10
1385.93
25557.99
1462.94
1404.05
13628.96
1436.00
1414.06
1405.95
1386.88
25520.09
1497.03
1425.98
13602.97
1439.09
1412.87
1421.93
1399.04
25527.00
1508.95
1426.94
13535.98
1499.18
1436.00
1426.94
1393.08
25452.85
1572.13
1422.17
13547.90
1477.96
1414.06
1418.11
1405.00
1405.00
25635.00
1444.10
13520.00
1491.07
1422.88
1420.97
1399.04
1394.03
25609.02
1461.03
13434.89
1566.89
1430.99
1416.92
1400.95
1393.08
25547.03
1486.06
1403.09
13632.06
1425.98
1415.97
1397.85
1388.79
25511.03
1495.84
1407.86
13558.86
1461.98
1410.96
1403.81
1389.03
25465.97
1564.98
1420.97
13531.92
1480.82
1422.88
1410.01
1394.03
1399.04
25635.00
1432.90
13521.91
1499.89
1432.90
1410.01
1405.95
1393.08
25623.08
1482.96
13477.09
1538.99
1410.01
1405.95
1406.91
1394.99
25523.90
1473.90
1426.94
13630.87
1444.10
1419.07
1409.05
1407.15
25521.04
1483.92
1424.07
13606.07
1434.09
1398.09
1406.91
1410.01
25491.95
1522.06
1429.08
13523.10
1525.88
1526.83
1420.97
1388.07
1389.98
25617.12
1426.94
13537.88
1482.96
1411.91
1406.19
1400.95
1399.99
25624.99
1441.96
13515.00
1485.11
1416.92
1415.01
1403.81
1396.89
25596.86
1445.06
1406.91
13620.14
1432.18
1423.12
1399.99
1394.03
25536.06
1488.92
1399.99
13607.03
1454.11
1411.20
1395.94
1389.98
25520.09
1505.14
1435.04
13535.98
1487.02
1418.11
1408.10
1394.03
1389.98
25609.97
1437.90
13533.83
1479.86
1405.00
1419.07
1402.14
1385.93
25640.96
1436.00
13515.00
1475.10
1412.15
1410.01
1399.99
1393.08
25537.01
1474.86
1405.95
13638.97
1430.03
1426.22
1398.09
1384.02
25532.96
1492.98
1419.07
13599.16
1456.02
1420.97
1403.09
1401.19
25521.99
1512.05
1403.09
13530.97
1488.92
1425.98
1413.82
1393.08
1399.99
25599.96
1439.09
13536.93
1485.82
1405.00
1430.03
1388.07
1399.99
25626.90
1442.91
13493.06
1505.14
1423.12
1424.07
1400.95
1394.03
25555.13
1475.10
1407.86
13628.96
1426.22
1408.10
1396.18
1400.95
25527.00
1504.90
1458.17
13712.17
1439.09
1426.94
1403.09
1395.94
25520.09
1487.97
1420.02
13588.91
1441.00
1404.05
1396.18
1379.97
25444.98
1559.02
1441.96
13535.98
1486.06
1417.88
1422.88
1408.10
1430.99
25657.89
1441.00
13518.81
1498.94
1409.05
1405.95
1396.89
1386.88
25623.08
1446.96
13530.02
1492.98
1425.98
1408.10
1388.07
1405.00
25537.97
1483.92
1409.05
13633.01
1450.06
1427.17
1394.99
1396.89
25527.95
1505.85
1413.82
13612.99
1442.91
1415.01
1402.85
1405.00
25514.13
1492.02
1420.02
13651.85
1482.96
1408.82
1425.03
1386.88
25435.92
1574.04
1419.07
13531.92
1476.05
1416.21
1423.12
1380.92
1384.97
25624.99
1449.11
13525.96
1492.98
1417.88
1408.82
1399.99
1387.12
25599.00
1441.00
1415.01
13601.06
1428.13
1419.07
1426.22
1388.07
25541.07
1492.98
1418.83
13623.00
1440.05
1419.07
1400.95
1385.93
25526.05
1495.12
1425.03
13540.03
1462.94
1423.12
1411.20
1384.97
25425.91
1585.01
1430.03
13554.10
1515.15
1537.08
1424.07
1402.14
1434.09
25630.95
1430.99
13523.10
1482.01
1408.82
1425.03
1400.95
1404.05
25612.83
1461.03
13509.99
1500.13
1453.88
1532.08
1405.95
1391.89
25632.86
1446.01
13468.03
1550.91
1424.07
1418.83
1396.89
1411.91
25527.95
1479.86
1462.94
13643.03
1428.13
1420.97
1407.86
1396.89
25521.04
1484.16
1405.95
13631.82
1441.00
1417.88
1414.78
1404.05
25512.93
1508.95
1406.91
13537.17
1474.86
1420.02
1424.07
1408.82
1398.80
25618.08
1418.11
13547.18
1487.02
1412.87
1426.94
1405.95
1389.03
25625.94
1441.96
13517.14
1505.14
1415.01
1418.83
1399.99
1404.05
25621.89
1457.93
1416.21
13580.08
1434.09
1417.88
1401.19
1405.00
25528.19
1486.06
1436.00
13606.07
1441.00
1426.94
1396.89
1400.95
25516.03
1506.81
1420.97
13577.94
1446.96
1415.97
1431.94
1415.01
25485.99
1516.10
1419.07
13529.78
1484.16
1413.11
1425.03
1406.19
1389.03
25645.02
1430.03
13521.91
1477.96
1414.06
1402.14
1383.07
1390.93
25610.92
1443.15
1409.05
13583.90
1425.03
1430.99
1395.94
1397.13
25538.92
1502.04
1454.11
13676.17
1428.13
1433.13
1394.99
1395.94
25537.97
1501.08
1411.20
13617.04
1439.81
1411.91
1407.86
1393.08
25509.12
1493.93
1427.89
13535.02
1490.12
1407.15
1421.93
1399.99
1380.92
25642.16
1425.03
13538.12
1476.05
1450.06
1550.20
1400.95
1391.89
25633.81
1433.13
13524.06
1494.88
1411.91
1433.85
1414.06
1395.94
25635.96
1446.96
13466.12
1587.15
1418.11
1425.03
1395.23
1389.98
25540.11
1466.99
1417.16
13627.05
1433.85
1410.96
1403.09
1399.99
25539.88
1512.05
1424.07
13629.91
1439.81
1405.95
1415.97
1395.94
25515.08
1499.18
1414.06
13527.15
1481.06
1416.92
1415.01
1396.89
1391.89
25640.96
1447.92
13531.21
1484.16
1420.97
1416.92
1394.03
1397.13
25640.01
1447.92
13513.80
1497.03
1423.84
1420.02
1384.02
1393.08
25590.90
1446.01
1403.09
13621.09
1431.94
1415.01
1405.00
1399.99
25538.92
1488.92
1415.01
13612.03
1424.79
1416.92
1410.96
1390.22
25510.07
1503.94
1418.11
13532.16
1487.97
1410.96
1425.03
1393.08
1386.17
25615.93
1421.93
13520.96
1478.91
1396.89
1416.92
1398.80
1395.94
25609.02
1443.15
13502.12
1490.12
1404.05
1407.86
1394.03
1398.09
25525.09
1491.07
1399.99
13605.83
1421.93
1418.83
1399.99
1386.17
25539.16
1509.19
1409.05
13597.01
1425.03
1407.86
1415.97
1394.99
25491.00
1515.87
1420.97
13514.04
1476.05
1394.03
1419.78
1384.97
1394.03
25660.99
1444.82
13527.87
1495.12
1410.01
1410.96
1400.95
1400.95
25655.03
1446.01
13460.87
1533.03
1423.12
1426.94
1411.91
1394.03
25535.11
1473.19
1418.11
13606.07
1423.84
1402.85
1406.91
1415.01
25536.06
1502.99
1423.12
13573.17
1430.03
1387.83
1384.02
1376.15
25422.10
1559.02
1417.88
13516.90
1467.94
1399.99
1401.90
1388.07
1436.00
25712.97
1440.05
13518.81
1500.13
1421.93
1422.88
1405.95
1384.02
25616.88
1447.92
1389.98
13602.97
1419.07
1410.01
1398.09
1389.03
25532.96
1489.88
1458.88
13680.93
1432.90
1413.82
1405.00
1384.97
25527.95
1498.94
1415.01
13614.89
