1183.03
1183.99
1183.03
1184.94
1180.89
1186.13
1183.03
1182.08
1182.08
1180.17
1182.08
1185.89
1180.89
1182.08
1183.03
1188.04
1179.93
1178.03
1183.99
1178.03
1181.13
1178.03
1184.94
1179.93
1182.08
1189.95
1178.98
1183.99
1188.04
1180.89
1178.98
1183.03
1189.95
1183.03
1184.94
1188.04
1183.99
1182.08
1186.13
1183.03
1186.13
1182.08
1188.04
1183.03
1184.94
1188.04
1182.08
1183.03
1182.79
1186.85
1180.17
1183.03
1185.18
1180.89
1185.89
1193.05
1183.03
1183.99
1183.99
1188.99
1183.99
1186.13
1186.13
1182.08
1188.99
1187.09
1183.99
1183.03
1182.08
1188.04
1181.13
1178.03
1187.80
1181.84
1183.99
1185.18
1187.09
1180.89
1180.89
1188.99
1183.99
1181.13
1184.94
1186.13
1183.99
1185.18
1188.04
1181.13
1182.08
1183.03
1179.93
1186.13
1187.09
1187.09
1187.09
1184.94
1190.90
1183.99
1184.94
1190.19
1188.99
1188.99
1189.95
1191.14
1187.09
1187.09
1189.95
1187.80
1189.95
1192.09
1183.03
1188.99
1184.94
1189.95
1184.94
1187.09
1188.04
1185.89
1185.89
1184.94
1185.89
1185.89
1187.09
1190.19
1184.94
1185.89
1191.14
1187.09
1183.03
1191.14
1186.13
1185.89
1185.89
1193.05
1186.85
1185.89
1192.09
1188.99
1185.89
1192.09
1183.99
1188.04
1185.89
1191.14
1188.04
1185.18
1188.99
1188.99
1189.95
1185.18
1189.95
1186.13
1182.08
1189.95
1188.04
1183.99
1188.04
1184.94
1186.85
1187.09
1190.19
1184.94
1183.03
1187.09
1184.94
1187.80
1214.98
1176.12
1383.07
1163.01
1175.17
1157.05
1170.16
1168.97
1165.15
1172.07
1173.02
1180.89
1175.17
1161.10
1183.03
1168.01
1177.79
1183.99
1185.18
1183.99
1181.13
1189.95
1185.89
1184.23
1188.99
1183.99
1183.99
1188.99
1182.08
1183.03
1182.79
1184.94
1183.03
1181.84
1184.94
1183.99
1182.08
1184.94
1184.94
1183.99
1180.17
1189.95
1181.84
1182.79
1188.04
1188.04
1186.13
1183.03
1190.19
1182.08
1183.99
1186.13
1181.13
1185.89
1191.14
1187.09
1184.94
1183.99
1189.95
1183.99
1183.99
1188.99
1179.93
1181.84
1187.09
1186.13
1187.09
1186.13
1188.04
1187.09
1187.09
1188.04
1184.94
1184.23
1191.85
1185.18
1179.93
1184.94
1191.14
1188.04
1186.13
1190.90
1181.84
1189.95
1187.09
1189.95
1183.99
1184.94
1185.89
1186.85
1184.94
1188.04
1188.99
1186.85
1183.99
1189.95
1185.89
1183.99
1188.99
1183.99
1204.97
1177.07
1184.23
1184.94
1188.99
1189.95
1181.13
1183.99
1195.91
1188.04
1183.99
1188.04
1187.09
1186.13
1185.89
1188.99
1187.09
1184.94
1191.85
1185.89
1185.89
1185.18
1193.05
1188.04
1183.99
1188.99
1184.94
1186.13
1189.95
1183.03
1184.94
1188.99
1189.95
1187.09
1188.04
1193.05
1182.79
1185.89
1161.81
1169.92
1177.07
1163.96
1178.03
1168.97
1174.93
1176.12
1179.93
1159.91
1162.77
1159.91
1159.91
1155.14
1147.99
1142.98
1139.88
1137.97
1139.16
1131.06
1127.96
1133.92
1129.15
1123.91
1122.00
1122.95
1115.08
1112.94
1118.90
1111.98
1115.80
1111.03
1119.85
1108.88
1114.85
1125.10
1122.00
1122.95
1124.14
1132.01
1141.07
1127.96
1134.87
1147.99
1150.85
1163.01
1158.00
1168.01
1153.95
1163.01
1171.83
1175.88
1178.98
1161.10
1161.10
1177.07
1166.11
1163.01
1181.13
1183.03
1191.14
1188.04
1184.94
1187.09
1183.99
1185.18
1190.90
1187.80
1185.89
1187.09
1194.00
1184.94
1186.13
1189.95
1184.94
1183.99
1187.80
1185.89
1184.94
1185.18
1195.91
1182.79
1188.04
1184.94
1129.15
1130.10
1131.06
1131.06
1119.14
1116.04
1123.91
1115.08
1111.03
1115.80
1120.81
1111.03
1111.03
1116.04
1121.04
1127.00
1123.91
1132.97
1223.09
1115.08
1127.00
1128.91
1133.92
1137.97
1142.98
1147.99
1141.07
1147.99
1158.00
1152.04
1158.00
1178.03
1158.95
1169.92
1163.01
1163.96
1167.06
1176.12
1172.07
1178.98
1183.99
1189.95
1184.94
1189.95
1188.04
1183.99
1184.94
1186.85
1188.99
1183.03
1184.94
1190.90
1188.99
1188.04
1187.09
1189.95
1183.99
1183.99
1190.90
1183.03
1185.89
1188.04
1182.79
1184.94
1182.08
1188.99
1188.99
1182.08
1188.99
1185.18
1184.94
1185.89
1183.99
1183.99
1186.13
1189.95
1186.85
1183.99
1190.90
1185.89
1181.13
1183.03
1188.99
1185.89
1183.99
1191.14
1188.04
1184.94
1187.80
1184.94
1187.09
1184.94
1193.05
1186.85
1186.85
1185.89
1183.99
1183.03
1188.99
1188.04
1185.18
1184.94
1190.90
1185.89
1185.18
1185.89
1187.09
1183.03
1188.99
1188.04
1183.99
1183.99
1193.05
1186.13
1183.99
1189.95
1182.08
1183.03
1184.23
1192.09
1183.99
1183.99
1189.95
1185.18
1184.94
1193.05
1183.99
1187.09
1183.03
1192.09
1188.04
1183.99
1188.99
1184.94
1183.99
1189.95
1185.89
1185.18
1187.09
1189.95
1188.04
1185.18
1187.09
1184.94
1188.04
1191.14
1188.04
1188.99
1185.89
1192.81
1185.89
1184.94
1190.90
1186.85
1184.23
1188.99
1194.00
1185.89
1188.99
1188.04
1186.85
1188.04
1190.90
1188.99
1187.09
1187.09
1191.85
1188.99
1186.85
1190.90
1187.09
1185.18
1188.04
1188.04
1189.95
1188.04
1193.05
1184.94
1188.99
1191.85
1188.04
1185.89
1191.85
1189.95
1189.23
1184.94
1194.00
1186.85
1186.85
1188.99
1185.89
1186.85
1188.04
1188.99
1188.04
1186.13
1194.95
1184.94
1188.99
1189.95
1187.09
1186.13
1173.02
1184.94
1186.85
1183.99
1188.99
1181.13
1181.13
1190.90
1188.04
1183.99
1188.04
1191.14
1187.09
1183.03
1185.18
1186.85
1184.94
1187.09
1190.19
1184.94
1186.13
1187.09
1183.03
1186.13
1188.04
1183.99
1185.18
1181.13
1189.95
1185.18
1180.89
1189.95
1184.94
1179.93
1185.89
1185.89
1183.03
1184.94
1191.14
1182.08
1187.09
1186.85
1185.89
1183.03
1188.04
1185.18
1183.99
1184.94
1192.09
1183.03
1186.13
1189.95
1183.03
1184.94
1184.94
1188.99
1185.18
1184.94
1191.85
1184.94
1183.99
1188.04
1185.89
1182.08
1180.17
1189.95
1183.99
1185.89
1189.95
1185.18
1188.04
1188.04
1188.04
1189.95
1184.94
1190.19
1185.89
1181.84
1191.85
1183.99
1184.94
1188.99
1185.89
1182.08
1187.09
1191.14
1183.03
1187.09
1187.09
1183.03
1186.13
1185.89
1189.95
1187.09
1185.89
1192.09
1180.17
1183.99
1188.99
1184.94
1211.17
1173.97
1188.04
1178.98
1181.84
1186.85
1186.85
1182.08
1188.99
1185.89
1184.94
1183.99
1192.09
1182.08
1182.08
1188.99
1183.99
1183.03
1185.18
1193.05
1187.09
1182.08
1188.99
1182.79
1181.84
1185.89
1184.94
1182.08
1183.99
1185.89
1185.18
1184.94
1186.85
1183.99
1187.09
1190.90
1182.79
1187.09
1184.94
1188.04
1183.03
1180.89
1190.19
1183.03
1185.18
1190.90
1185.89
1186.13
1183.99
1187.09
1183.99
1182.08
1188.99
1184.94
1182.79
1179.93
1193.05
1185.89
1183.03
1190.90
1181.13
1184.94
1186.85
1183.03
1185.89
1179.93
1188.99
1183.99
1187.09
1184.94
1183.03
1185.89
1192.81
1184.94
1182.08
1186.13
1188.99
1186.13
1187.09
1185.89
1184.94
1185.18
1181.84
1193.05
1187.09
1184.94
1190.90
1183.03
1185.89
1189.95
1188.99
1190.19
1189.95
1188.99
1190.90
1186.13
1194.00
1183.99
1187.09
1189.95
1187.09
1183.99
1188.04
1192.09
1190.90
1187.80
1192.81
1189.95
1187.09
1194.00
1183.03
1185.89
1184.94
1194.95
1184.94
1186.13
1192.09
1184.94
1188.04
1189.95
1187.09
1188.04
1187.09
1192.09
1188.04
1184.23
1192.09
1186.85
1184.94
1182.08
1191.14
1186.13
1188.04
1190.19
1189.95
1183.03
1191.85
1185.89
1187.09
1184.94
1194.95
1181.13
1189.95
1186.85
1186.13
1189.95
1186.85
1185.89
1185.18
1188.04
1190.19
1184.94
1181.84
1189.95
1185.89
1187.09
1188.99
1188.99
1187.09
1188.04
1192.09
1188.04
1187.09
1192.09
1188.99
1185.18
1187.09
1191.85
1184.94
1188.99
1193.05
1190.19
1183.99
1194.00
1183.99
1187.09
1189.95
1197.81
1187.80
1190.90
1194.00
1186.85
1185.89
1190.19
1188.99
1185.18
1187.09
1189.95
1187.80
1185.89
1189.95
1189.95
1184.94
1192.09
1183.99
1185.89
1182.79
1188.99
1183.99
1186.85
1194.00
1183.03
1183.99
1186.85
1195.19
1186.85
1183.99
1191.14
1187.09
1188.04
1190.19
1188.99
1183.03
1186.13
1189.95
1187.80
1187.80
1191.85
1188.04
1185.89
1193.05
1188.04
1188.04
1183.99
1189.95
1183.99
1188.99
1191.14
1183.99
1188.99
1189.95
1188.04
1188.99
1187.09
1193.05
1190.90
1183.99
1188.04
1184.94
1183.03
1185.89
1188.99
1186.13
1184.94
1190.90
1188.99
1185.89
1188.99
1184.94
1183.03
1187.80
1189.95
1183.99
1186.85
1193.05
1192.09
1185.18
1192.09
1184.94
1183.99
1184.94
1188.99
1184.94
1183.99
1190.90
1185.89
1185.18
1190.90
1181.84
1183.03
1185.89
1189.95
1186.13
1183.03
1190.90
1185.89
1191.85
1185.18
1194.00
1185.18
1184.94
1186.85
1189.95
1185.89
1188.99
1183.99
1188.04
1184.94
1191.14
1188.04
1184.94
1188.99
1186.13
1187.09
1191.14
1187.09
1185.89
1186.85
1190.90
1183.03
1190.19
1191.14
1185.89
1185.89
1187.09
1187.09
1183.03
1186.13
1191.14
1186.13
1183.03
1187.09
1185.89
1184.94
1192.09
1190.19
1186.85
1184.94
1191.14
1184.94
1187.09
1207.11
1182.08
1369.00
1168.01
1174.93
1165.87
1170.87
1168.01
1174.93
1164.20
1163.01
1163.96
1178.98
1182.08
1188.04
1186.13
1186.13
1187.09
1184.94
1188.99
1194.00
1178.98
1187.80
1183.99
1190.19
1190.90
1183.99
1173.02
1168.97
1175.17
1174.93
1172.07
1165.87
1167.06
1171.11
1163.01
1165.15
1167.06
1152.99
1154.90
1152.04
1156.81
1142.02
1140.83
1139.88
1137.97
1136.06
1129.15
1138.93
1130.10
1125.10
1127.96
1118.90
1116.04
1110.79
1119.85
1116.99
1113.18
1111.98
1119.14
1112.94
1108.88
1122.00
1122.00
1132.01
1127.96
1140.12
1127.00
1137.02
1134.87
1138.93
1145.12
1144.17
1158.00
1161.10
1158.95
1160.86
1160.86
1148.94
1152.04
1157.05
1160.86
1173.02
1165.87
1158.00
1159.91
1186.85
1184.94
1179.22
1183.99
1188.04
1184.94
1183.99
1186.13
1183.99
1180.89
1183.99
1191.85
1183.03
1184.94
1188.99
1183.99
1204.97
1173.02
1179.93
1185.89
1182.08
1189.95
1184.94
1185.18
1185.18
1183.03
1186.13
1192.09
1183.99
1183.99
1189.95
1191.14
1184.94
1183.99
1188.04
1181.13
1188.04
1188.04
1192.81
1184.94
1183.99
1191.85
1187.09
1181.13
1188.99
1188.04
1182.08
1188.04
1189.95
1188.99
1184.94
1190.19
1183.99
1188.99
1189.95
1184.94
1186.85
1182.79
1191.85
1184.23
1183.99
1188.99
1183.99
1185.89
1188.04
1188.04
1185.89
1187.80
1190.90
1183.99
1188.99
1189.95
1184.94
1184.94
1187.09
1194.00
1182.08
1180.17
1188.99
1186.13
1186.13
1190.90
1183.99
1186.13
1187.09
1195.91
1180.89
1180.89
1191.14
1188.99
1186.13
1188.99
1186.13
1183.99
1182.79
1189.95
1185.18
1187.09
1189.95
1188.04
1182.79
1190.90
1187.80
1185.89
1186.85
1191.14
1185.18
1187.09
1188.04
1186.13
1184.94
1184.94
1191.14
1184.94
1188.04
1188.99
1187.09
1185.18
1185.89
1184.94
1185.18
1184.94
1192.81
1185.89
1183.99
1189.95
1183.99
1183.03
1189.95
1189.95
1183.99
1184.94
1191.14
1181.13
1185.89
1191.85
1186.85
1183.99
1183.99
1188.04
1184.94
1183.99
1190.90
1187.09
1186.13
1192.09
1183.99
1186.85
1185.89
1188.99
1185.89
1183.03
1191.85
1266.00
1164.20
1178.98
1167.77
1179.93
1181.13
1193.05
1183.99
1183.03
1187.09
1194.00
1185.18
1188.99
1188.99
1188.99
1185.89
1192.81
1191.85
1186.13
1191.14
1190.90
1192.09
1192.09
1191.14
1192.09
1186.85
1191.85
1187.80
1186.85
1190.90
1186.13
1184.94
1185.89
1190.90
1189.95
1183.99
1193.05
1186.13
1187.09
1193.05
1187.09
1183.99
1181.84
1195.91
1187.80
1186.85
1190.90
1186.85
1187.80
1194.95
1185.89
1186.85
1184.94
1193.05
1161.81
1183.99
1189.95
1185.89
1185.18
1188.99
1186.13
1183.03
1182.08
1186.13
1183.99
1183.03
1193.05
1184.94
1184.94
1183.99
1191.14
1183.99
1187.09
1187.09
1183.99
1185.89
1188.99
1181.84
1185.89
1186.85
1189.95
1188.04
1183.03
1187.09
1186.13
1183.99
1194.00
1186.13
1182.08
1188.99
1188.99
1187.09
1188.99
1188.99
1185.89
1188.99
1185.89
1190.90
1187.09
1185.18
1189.95
1184.94
1187.09
1190.90
1185.89
1188.99
1188.99
1198.05
1188.04
1185.89
1189.95
1181.13
1185.89
1189.95
1188.99
1183.99
1188.04
1193.05
1182.79
1185.89
1189.95
1183.03
1185.18
1190.90
1188.04
1184.94
1188.99
1188.99
1183.99
1183.99
1188.04
1183.99
1184.94
1188.99
1190.90
1183.99
1183.99
1196.15
1184.94
1186.85
1192.09
1186.13
1184.94
1184.94
1193.05
1183.03
1183.03
1187.09
1184.94
1183.99
1186.13
1184.94
1186.85
1187.09
1192.09
1183.99
1183.03
1189.95
1183.99
1187.09
1187.09
1183.99
1185.18
1184.94
1194.00
1184.94
1184.94
1190.19
1185.89
1184.94
1188.04
1189.95
1183.03
1187.09
1191.14
1188.04
1183.99
1192.81
1187.09
1188.04
1188.99
1188.99
1182.08
1182.79
1189.95
1183.99
1183.03
1190.90
1184.94
1187.09
1183.99
1189.95
1188.04
1188.99
1190.90
1188.04
1184.94
1189.95
1186.13
1185.89
1183.99
1193.05
1187.09
1187.09
1188.99
1183.99
1188.04
1189.95
1192.81
1188.04
1186.13
1189.95
1188.04
1185.89
1188.04
1186.85
1185.89
1184.23
1193.05
1184.94
1185.89
1188.04
1184.94
1189.95
1189.95
1184.23
1184.94
1184.94
1192.09
1187.09
1188.99
1190.19
1184.94
1183.99
1187.09
1187.09
1183.03
1181.13
1193.05
1183.99
1188.04
1189.95
1186.85
1184.94
1188.04
1192.09
1186.13
1183.03
1192.81
1186.85
1182.79
1188.99
1185.89
1185.89
1187.09
1194.00
1188.04
1181.84
1183.03
1185.89
1187.09
1189.95
1182.79
1188.99
1184.94
1188.99
1187.80
1185.89
1186.85
1189.95
1183.99
1187.80
1187.80
1184.94
1186.13
1192.09
1183.99
1187.80
1192.81
1185.89
1187.09
1185.18
1189.95
1186.85
1210.93
1183.03
1179.22
1186.85
1189.95
1184.94
1190.90
1188.04
1191.85
1184.94
1188.04
1188.99
1189.95
1184.94
1189.95
1188.99
1188.04
1188.04
1190.90
1184.94
1187.09
1191.14
1187.09
1185.89
1188.04
1186.13
1183.03
1183.99
1193.05
1187.80
1188.04
1188.04
1183.99
1184.94
1186.13
1223.09
1212.84
1213.07
1193.05
1186.13
1185.89
1190.90
1185.89
1183.99
1181.84
1194.00
1188.99
1188.04
1189.95
1183.99
1185.89
1193.05
1187.09
1183.99
1184.94
1188.99
1182.79
1171.83
1178.98
1182.08
1188.99
1188.99
1183.03
1186.13
1185.89
1190.90
1189.23
1188.04
1190.90
1185.89
1186.13
1188.04
1188.99
1183.99
1185.89
1188.04
1183.99
1185.89
1191.14
1187.09
1183.99
1182.79
1196.86
1186.13
1183.99
1188.99
1182.08
1183.03
1188.04
1187.09
1187.09
1181.13
1191.14
1187.09
1184.94
1187.80
1184.94
1185.18
1186.13
1188.99
1185.18
1185.89
1188.99
1187.09
1183.03
1193.05
1183.03
1187.80
1185.89
1185.18
1186.85
1184.94
1190.90
1185.18
1185.89
1186.85
1183.99
1183.03
1188.04
1191.85
1186.85
1183.99
1190.90
1188.04
1183.99
1188.04
1184.94
1183.99
1186.13
1190.90
1183.99
1186.13
1194.00
1182.08
1185.89
1190.90
1186.13
1189.95
1183.03
1188.04
1186.85
1187.09
1188.04
1183.99
1183.03
1184.94
1196.15
1183.03
1188.04
1188.99
1184.94
1184.94
1188.04
1186.13
1189.95
1183.03
1186.85
1185.18
1186.13
1187.09
1188.04
1184.94
1186.85
1183.03
1183.99
1188.99
1188.99
1190.90
1184.94
1191.14
1188.99
1185.18
1194.95
1180.89
1188.99
1183.03
1191.14
1187.09
1187.09
1188.99
1186.13
1183.03
1183.03
1187.09
1187.09
1182.79
1190.90
1187.09
1188.99
1191.85
1187.09
1186.13
1188.04
1192.09
1185.18
1189.95
1187.80
1186.85
1188.04
1188.99
1183.99
1183.99
1185.89
1193.05
1188.99
1186.13
1189.95
1186.85
1185.89
1187.80
1186.85
1187.80
1184.94
1193.05
1181.13
1183.03
1187.09
1185.89
1183.03
1183.99
1191.14
1183.03
1186.13
1191.14
1188.04
1185.89
1188.99
1204.01
1212.84
1210.93
1193.05
1188.99
1188.04
1190.90
1186.13
1187.09
1191.85
1186.85
1183.99
1187.09
1188.99
1183.99
1183.99
1188.04
1189.95
1188.04
1189.95
1186.13
1188.99
1184.94
1188.04
1190.19
1186.85
1186.85
1186.85
1180.89
1188.99
1191.14
1188.04
1184.94
1190.19
1184.94
1184.94
1188.99
1184.94
1183.99
1184.94
1189.95
1188.99
1182.08
1192.09
1184.94
1186.13
1191.14
1184.94
1181.84
1185.89
1188.99
1187.09
1184.94
1191.14
1188.99
1184.94
1187.80
1189.95
1189.23
1188.04
1189.95
1188.04
1188.04
1189.95
1185.89
1187.09
1187.09
1183.99
1189.23
1183.99
1191.14
1183.99
1181.84
1186.85
1183.99
1184.94
1185.89
1188.04
1186.85
1187.80
1190.90
1186.85
1188.99
1188.04
1186.13
1188.04
1186.13
1191.85
1183.03
1186.13
1189.95
1186.13
1188.04
1214.03
1179.93
1374.01
1170.87
1163.01
1169.92
1167.06
1178.03
1159.91
1176.12
1175.17
1171.83
1162.05
1168.01
1184.94
1181.84
1183.99
1191.14
1185.89
1189.95
1183.99
1194.00
1188.99
1183.99
1188.04
1185.18
1184.94
1188.99
1188.04
1184.94
1185.89
1190.19
1186.13
1188.04
1192.09
1183.99
1183.99
1187.09
1187.09
1182.08
1183.99
1196.86
1185.89
1188.99
1188.04
1183.03
1188.99
1186.13
1189.95
1188.04
1185.89
1189.95
1186.13
1185.89
1186.85
1188.99
1186.13
1185.89
1190.90
1188.99
1185.89
1190.90
1183.99
1184.94
1188.99
1188.04
1187.09
1183.99
1189.23
1184.94
1186.85
1186.85
1187.09
1183.99
1190.90
1189.23
1183.99
1188.04
1190.90
1188.04
1187.80
1189.95
1183.99
1184.94
1188.04
1193.05
1185.89
1181.13
1193.05
1188.04
1184.94
1193.05
1183.99
1181.13
1186.13
1189.95
1186.13
1188.99
1193.05
1187.09
1208.07
1183.03
1181.84
1179.93
1184.94
1192.81
1187.09
1185.89
1185.89
1187.09
1186.13
1189.95
1188.99
1183.99
1170.16
1178.98
1172.07
1177.07
1178.98
1174.93
1172.07
1178.03
1180.17
1171.11
1178.98
1178.98
1173.02
1171.11
1181.13
1173.97
1173.02
1174.93
1175.88
1182.79
1170.87
1179.93
1172.07
1175.17
1173.02
1177.07
1176.83
1168.97
1181.13
1175.17
1172.07
1178.03
1173.97
1172.07
1180.89
1175.88
1173.97
1173.02
1174.21
1178.98
1173.97
1173.97
1182.08
1173.97
1174.93
1176.12
1172.07
1174.93
1178.03
1178.03
1173.02
1175.88
1181.84
1174.93
1173.02
1181.84
1176.83
1173.97
1177.07
1179.93
1170.87
1172.07
1174.93
1174.93
1176.12
1179.93
1173.97
1169.92
1173.97
1176.12
1176.12
1173.97
1175.17
1168.01
1172.07
1175.17
1178.03
1171.11
1176.12
1174.93
1171.83
1173.02
1178.03
1172.07
1172.07
1174.21
1178.98
1171.11
1178.98
1178.98
1170.16
1174.93
1170.87
1179.93
1173.97
1170.87
1180.89
1170.87
1178.03
1171.83
1171.83
1173.02
1172.07
1178.03
1172.07
1170.87
1179.22
1168.97
1177.07
1169.92
1178.98
1174.93
1168.01
1177.79
1170.87
1173.02
1178.03
1170.16
1173.02
1170.16
1174.93
1173.02
1173.02
1173.02
1260.04
1191.14
1188.99
1188.99
1184.94
1185.89
1191.14
1188.99
1188.99
1191.14
1182.08
1188.04
1186.13
1188.99
1187.09
1189.95
1191.85
1184.94
1186.13
1193.05
1187.09
1186.13
1188.04
1191.14
1188.04
1188.04
1193.05
1187.80
1183.99
1192.09
1187.09
1184.94
1184.94
1194.00
1185.89
1186.85
1190.90
1186.13
1183.99
1188.04
1190.90
1187.09
1187.09
1194.00
1188.04
1188.04
1191.85
1188.99
1186.13
1184.94
1190.90
1187.09
1186.13
1188.04
1191.85
1186.85
1191.14
1182.08
1183.99
1188.99
1194.00
1188.99
1188.04
1187.09
1188.04
1188.99
1194.00
1183.03
1187.09
1184.94
1194.95
1185.18
1187.09
1191.14
1185.89
1184.94
1193.05
1185.89
1187.80
1187.09
1190.90
1187.09
1190.19
1188.04
1191.14
1193.05
1186.85
1189.95
1186.13
1187.09
1191.14
1188.04
1188.04
1190.19
1183.99
1187.09
1188.04
1190.90
1185.18
1183.99
1190.90
1183.99
1187.80
1189.95
1187.09
1186.13
1185.89
1187.09
1186.13
1191.14
1191.85
1183.99
1187.09
1190.90
1189.95
1183.99
1184.94
1194.00
1188.04
1184.94
1193.05
1184.94
1183.03
1185.89
1189.95
1187.09
1188.04
1195.19
1187.09
1188.04
1189.95
1185.18
1186.13
1183.99
1193.05
1187.09
1187.09
1188.99
1189.23
1188.04
1188.99
1185.18
1185.89
1186.85
1198.05
1184.94
1185.18
1189.95
1188.99
1183.03
1190.90
1188.99
1188.99
1185.18
1194.95
1181.13
1183.99
1190.90
1187.09
1187.09
1190.19
1188.99
1189.95
1183.99
1193.05
1187.09
1183.99
1193.05
1191.14
1188.99
1182.79
1193.05
1187.09
1188.04
1188.04
1188.99
1184.94
1188.99
1188.04
1189.95
1188.04
1191.85
1188.04
1184.94
1186.13
1187.09
1187.09
1194.00
1184.94
1186.85
1185.18
1194.00
1183.99
1188.04
1192.09
1183.99
1185.18
1191.14
1192.09
1185.89
1187.80
1193.05
1185.89
1183.99
1193.05
1184.94
1183.03
1184.94
1190.90
1185.18
1183.03
1194.00
1162.05
1164.20
1180.89
1168.01
1173.02
1169.92
1175.17
1175.88
1172.07
1178.03
1176.12
1173.02
1173.02
1179.93
1173.97
1171.11
1180.17
1172.07
1182.08
1188.99
1166.11
1166.11
1166.11
1175.88
1172.07
1170.87
1164.91
1165.15
1158.00
1151.80
1162.05
1142.98
1142.98
1143.93
1135.83
1140.12
1135.11
1137.02
1134.87
1132.01
1129.15
1126.05
1126.05
1119.14
1127.96
1112.94
1118.18
1114.85
1117.94
1116.04
1113.89
1114.13
1112.94
1120.09
1124.14
1125.10
1133.92
1124.86
1133.92
1132.97
1139.88
1148.94
1161.10
1155.14
1165.15
1162.05
1175.88
1158.00
1167.06
1159.19
1161.81
1165.87
1188.99
1183.99
1205.92
1191.14
1185.89
1185.89
1181.84
1187.80
1186.85
1187.09
1188.04
1186.13
1188.99
1191.85
1181.84
1188.04
1183.99
1192.09
1186.13
1188.04
1194.00
1188.04
1190.90
1189.95
1189.95
1184.94
1188.99
1190.90
1188.99
1190.90
1191.14
1186.13
1187.09
1192.09
1183.99
1186.13
1186.13
1194.95
1187.80
1184.94
1188.99
1187.09
1185.89
1188.99
1183.99
1183.99
1187.09
1192.09
1185.89
1188.99
1193.05
1185.18
1184.94
1184.94
1191.14
1188.04
1186.85
1189.95
1185.18
1187.09
1194.00
1187.09
1183.03
1184.94
1194.00
1185.18
1189.95
1187.80
1186.85
1185.89
1188.99
1184.94
1185.18
1188.99
1191.85
1185.89
1183.99
1186.85
1186.85
1183.99
1190.90
1188.99
1189.95
1186.85
1190.90
1188.04
1186.85
1192.09
1188.04
1188.99
1188.99
1188.04
1188.04
1183.99
1189.95
1184.94
1186.13
1189.95
1183.03
1188.99
1188.99
1195.19
1188.04
1186.85
1191.85
1185.89
1184.23
1192.09
1188.04
1188.04
1186.85
1194.95
1183.03
1187.80
1187.80
1184.94
1187.09
1188.04
1188.99
1185.89
1187.09
1189.95
1190.90
1187.80
1189.95
1188.04
1182.79
1191.85
1187.80
1186.85
1186.85
1188.99
1184.94
1186.85
1189.95
1184.94
1188.99
1184.94
1194.95
1187.09
1183.99
1190.90
1186.85
1188.99
1191.85
1183.99
1188.99
1184.94
1189.95
1186.85
1184.94
1192.09
1185.18
1188.04
1188.99
1187.80
1185.89
1187.09
1196.15
1183.99
1185.18
1188.99
1183.99
1180.89
1191.14
1188.04
1188.04
1188.99
1196.15
1187.09
1183.03
1194.00
1183.03
1182.79
1184.94
1191.14
1188.99
1182.79
1193.05
1186.13
1185.89
1191.14
1188.99
1188.04
1187.09
1193.05
1187.09
1184.23
1190.90
1185.89
1186.13
1188.04
1188.04
1185.89
1189.95
1193.05
1186.85
1184.94
1192.09
1185.18
1185.89
1191.85
1186.85
1190.90
1187.09
1189.95
1183.99
1187.09
1190.19
1187.09
1188.99
1186.13
1195.91
1181.84
1184.94
1193.05
1173.02
1178.03
1188.04
1185.89
1184.94
1188.99
1196.15
1188.04
1188.04
1191.14
1187.09
1184.94
1188.04
1183.99
1185.89
1186.85
1189.95
1188.04
1185.89
1189.95
1188.04
1186.13
1189.95
1184.94
1187.09
1185.18
1188.99
1186.13
1185.89
1186.85
1186.85
1183.99
1183.03
1190.19
1184.94
1186.13
1194.00
1184.94
1185.18
1191.85
1186.85
1186.85
1184.94
1189.95
1186.85
1183.03
1188.04
1204.97
1188.04
1190.90
1185.18
1168.01
1162.05
1152.99
1138.93
1137.02
1142.02
1132.97
1135.11
1136.06
1149.89
1128.20
1127.96
1125.10
1120.09
1122.00
1116.99
1121.04
1109.84
1112.94
1117.94
1116.04
1116.99
1114.13
1118.90
1111.98
1122.00
1131.06
1132.01
1127.00
1137.02
1137.02
1139.88
1135.11
1137.02
1154.18
1163.96
1151.08
1166.11
1155.14
1158.95
1163.96
1168.01
1165.87
1183.03
1186.13
1183.99
1188.99
1187.80
1184.94
1188.04
1185.18
1191.85
1188.04
1187.09
1188.99
1186.13
1183.03
1210.93
1179.93
1376.15
1160.14
1183.03
1173.97
1160.86
1178.98
1166.11
1167.06
1172.07
1176.12
1191.14
1188.99
1183.99
1180.89
1182.79
1183.03
1179.93
1183.03
1187.09
1190.90
1187.09
1189.95
1194.00
1188.04
1188.04
1188.99
1187.80
1183.03
1188.99
1191.14
1185.18
1184.94
1188.99
1183.03
1188.04
1194.00
1185.89
1187.09
1186.13
1196.15
1188.99
1187.09
1192.09
1186.13
1183.99
1187.80
1189.95
1182.08
1185.89
1192.09
1183.99
1184.94
1193.05
1187.80
1186.85
1183.99
1194.95
1182.79
1186.85
1194.00
1182.08
1185.89
1188.04
1187.09
1188.99
1188.99
1192.09
1187.09
1185.89
1191.85
1187.09
1187.09
1191.14
1188.04
1184.94
1183.03
1190.90
1188.04
1184.94
1188.04
1188.99
1184.94
1188.99
1188.99
1188.99
1186.85
1194.00
1182.08
1187.09
1192.09
1187.09
1183.99
1183.99
1191.85
1183.99
1187.09
1193.05
1187.09
1204.01
1178.03
1179.93
1183.03
1186.13
1193.05
1187.09
1184.94
1186.85
1184.94
1187.09
1189.95
1185.89
1185.89
1187.80
1192.81
1183.03
1183.03
1191.14
1184.94
1186.85
1189.95
1192.09
1183.99
1188.04
1191.85
1187.80
1185.89
1188.04
1183.03
1185.89
1186.85
1193.05
1185.89
1183.99
1192.09
1185.18
1190.90
1191.85
1188.04
1188.04
1184.94
1188.99
1184.23
1188.04
1189.95
1187.09
1185.18
1190.90
1183.99
1187.09
1183.99
1191.85
1186.85
1188.04
1190.90
1183.99
1185.89
1194.00
1186.85
1188.99
1188.99
1194.00
1187.80
1186.85
1188.99
1189.95
1186.85
1181.84
1192.09
1187.09
1187.09
1188.99
1187.09
1188.04
1187.09
1186.13
1183.99
1187.80
1192.81
1186.85
1184.94
1187.09
1185.18
1188.04
1187.09
1188.04
1182.08
1187.09
1194.00
1188.04
1184.23
1188.04
1184.94
1183.03
1190.90
1185.89
1188.04
1188.04
1193.05
1187.09
1185.89
1191.85
1186.85
1186.13
1188.99
1194.00
1184.94
1188.04
1191.85
1188.99
1183.99
1191.14
1184.94
1189.95
1186.13
1189.95
1188.04
1187.09
1187.09
1188.04
1184.94
1192.09
1189.95
1184.23
1188.04
1189.95
1189.95
1186.13
1189.95
1187.09
1184.94
1190.90
1182.08
1183.99
1185.89
1190.19
1260.04
1172.07
1173.97
1183.03
1180.89
1189.95
1188.99
1187.09
1187.09
1190.19
1187.09
1185.89
1190.90
1188.99
1191.85
1188.04
1193.05
1191.14
1185.89
1194.00
1188.04
1186.13
1188.99
1186.13
1187.09
1189.95
1195.91
1189.95
1191.14
1195.91
1187.09
1184.94
1184.94
1192.09
1187.09
1187.09
1194.00
1188.04
1186.85
1189.95
1188.04
1194.95
1191.14
1189.95
1188.99
1185.89
1194.00
1184.94
1187.09
1192.09
1186.13
1188.04
1192.09
1187.09
1188.04
1188.99
1194.00
1188.99
1187.09
1191.14
1188.99
1188.04
1183.99
1190.90
1183.99
1188.04
1192.09
1187.09
1184.94
1188.04
1188.04
1188.04
1188.99
1190.19
1187.09
1188.99
1188.99
1186.85
1185.89
1190.90
1185.18
1188.99
1187.09
1191.85
1185.89
1185.89
1193.05
1191.14
1188.04
1191.14
1187.09
1185.89
1188.99
1194.95
1189.95
1187.09
1192.09
1186.13
1184.94
1186.85
1192.81
1183.03
1185.89
1188.99
1184.94
1184.94
1192.09
1180.17
1187.09
1183.99
1192.09
1187.09
1187.09
1187.09
1183.99
1185.18
1189.95
1186.85
1186.85
1189.23
1190.90
1183.99
1183.03
1188.99
1185.18
1188.04
1188.99
1187.80
1189.95
1188.99
1194.95
1187.09
1180.89
1189.95
1187.09
1188.99
1188.99
1194.00
1188.99
1189.95
1194.95
1187.09
1188.99
1188.99
1188.04
1185.89
1186.85
1196.86
1185.89
1186.13
1191.14
1183.99
1188.04
1195.91
1183.99
1187.80
1186.85
1194.95
1188.04
1183.03
1191.85
1189.95
1187.09
1193.05
1188.04
1187.09
1188.04
1189.95
1184.94
1186.13
1193.05
1186.85
1184.94
1189.95
1194.00
1189.95
1183.99
1189.95
1189.95
1187.09
1194.95
1185.18
1188.04
1183.99
1194.00
1188.04
1190.90
1192.09
1186.13
1187.09
1191.14
1188.99
1191.85
1185.18
1190.90
1186.85
1185.89
1192.09
1188.04
1187.09
1189.23
1188.04
1188.99
1188.04
1189.95
1188.99
1185.89
1190.90
1187.09
1188.04
1188.04
1186.85
1184.94
1168.01
1179.93
1165.15
1172.07
1166.11
1156.09
1156.09
1158.00
1155.14
1150.13
1147.03
1151.08
1137.02
1136.06
1134.16
1142.98
1132.01
1135.83
1131.06
1126.05
1116.99
1122.00
1127.00
1116.04
1118.90
1113.89
1112.22
1114.85
1113.89
1128.20
1113.89
1114.85
1126.05
1127.96
1124.14
1127.96
1142.02
1135.11
1138.93
1145.84
1147.03
1144.89
1158.95
1163.01
1172.07
1162.05
1174.93
1159.91
1178.03
1171.83
1178.98
1163.01
1171.83
1169.92
1167.06
1162.05
1161.81
1173.02
1182.08
1188.99
1191.14
1189.95
1188.99
1192.09
1191.85
1188.99
1188.04
1192.09
1188.99
1183.99
1194.00
1189.95
1214.03
1180.89
1181.84
1184.94
1186.13
1190.90
1185.89
1186.85
1192.09
1187.09
1182.08
1183.03
1190.90
1186.85
1190.90
1194.00
1183.99
1187.09
1193.05
1188.99
1187.80
1185.89
1190.90
1188.99
1182.79
1184.94
1188.99
1187.80
1189.95
1188.04
1190.19
1185.89
1189.95
1182.08
1185.18
1190.90
1185.89
1185.89
1191.85
1185.89
1188.04
1183.99
1189.95
1188.99
1185.89
1168.97
1167.06
1173.97
1175.88
1170.87
1171.11
1167.06
1165.87
1155.85
1151.80
1155.85
1144.17
1143.93
1142.98
1136.06
1132.97
1133.92
1136.06
1136.06
1127.96
1126.05
1122.00
1115.08
1111.03
1116.99
1127.96
1110.08
1114.13
1120.09
1117.94
1115.80
1122.95
1131.06
1116.99
1122.00
1144.17
1137.97
1110.79
1132.97
1145.12
1142.02
1159.91
1152.99
1154.90
1150.85
1161.81
1164.91
1163.01
1167.06
1184.94
1186.85
1187.80
1186.85
1190.90
1182.79
1183.03
1188.04
1188.99
1184.94
1192.09
1185.18
1188.99
1188.99
1191.85
1188.99
1187.09
1186.85
1185.89
1180.89
1191.85
1186.85
1188.99
1187.09
1190.90
1182.79
1184.94
1188.99
1184.94
1183.99
1188.99
1188.04
1188.04
1183.99
1193.05
1187.09
1187.09
1188.04
1188.99
1184.94
1186.13
1193.05
1184.94
1183.99
1189.95
1188.04
1185.89
1189.95
1185.89
1186.85
1185.18
1189.95
1184.94
1186.13
1194.00
1185.18
1188.99
1186.13
1187.09
1186.13
1190.90
1189.95
1190.90
1189.95
1188.99
1185.18
1185.89
1192.81
1186.85
1183.03
1187.09
1189.95
1186.85
1186.13
1193.05
1187.09
1186.85
1189.95
1192.09
1188.04
1188.99
1198.05
1185.89
1181.84
1189.95
1187.09
1186.13
1189.95
1193.05
1186.85
1186.13
1197.10
1184.94
1182.79
1189.95
1187.09
1188.04
1188.99
1192.09
1188.04
1189.95
1193.05
1183.03
1184.94
1188.99
1185.89
1190.90
1185.18
1194.00
1186.13
1185.89
1190.90
1188.99
1184.94
1191.85
1189.95
1192.09
1187.09
1191.14
1187.09
1185.89
1190.90
1187.09
1188.99
1191.14
1194.00
1185.89
1184.23
1194.95
1186.13
1189.95
1191.85
1188.04
1186.13
1188.04
1194.00
1185.89
1184.94
1188.99
1188.04
1188.04
1192.09
1183.99
1183.99
1184.94
1193.05
1186.85
1188.04
1188.99
1186.13
1188.04
1188.99
1185.89
1185.18
1188.99
1192.81
1185.89
1183.99
1194.00
1186.85
1185.89
1187.80
1193.05
1183.99
1184.94
1187.09
1188.04
1187.09
1189.95
1186.85
1186.85
1191.85
1195.91
1188.99
1188.99
1194.00
1184.94
1186.85
1194.00
1188.04
1188.99
1182.79
1193.05
1186.13
1185.89
1193.05
1187.09
1185.89
1187.80
1186.85
1188.99
1188.04
1192.09
1186.13
1185.89
1189.95
1183.99
1186.13
1188.04
1188.04
1187.09
1185.89
1193.05
1185.89
1186.85
1189.95
1191.14
1185.89
1187.80
1190.90
1190.90
1190.19
1191.85
1185.89
1186.13
1187.09
1182.08
1186.13
1182.08
1188.99
1187.80
1186.85
1188.99
1188.04
1187.09
1184.94
1186.85
1187.80
1184.94
1208.07
1366.14
1174.93
1178.98
1153.95
1163.96
1183.99
1171.83
1158.00
1168.97
1170.16
1173.02
1172.07
1186.85
1186.85
1183.99
1188.04
1195.91
1187.80
1188.04
1189.95
1183.99
1188.04
1189.95
1187.09
1188.04
1186.13
1194.95
1186.13
1188.04
1190.19
1188.04
1185.89
1191.85
1182.08
1186.13
1185.18
1193.05
1188.04
1186.13
1184.94
1187.09
1190.19
1188.04
1188.04
1188.04
1186.85
1194.00
1188.99
1186.13
1178.03
1178.03
1181.13
1187.09
1189.95
1186.13
1183.99
1186.85
1185.89
1187.09
1190.19
1186.13
1183.03
1183.99
1187.09
1183.99
1185.89
1188.99
1183.99
1187.09
1188.99
1190.90
1184.94
1186.85
1191.85
1189.95
1187.09
1188.04
1183.99
1188.04
1182.08
1194.95
1190.19
1186.13
1193.05
1188.99
1186.13
1188.04
1188.99
1185.18
1188.04
1192.09
1182.08
1186.13
1188.99
1182.08
1187.09
1186.13
1187.09
1219.03
1176.12
1183.03
1183.03
1188.04
1191.85
1188.99
1185.89
1191.14
1187.09
1188.04
1184.94
1192.81
1188.99
1189.95
1188.04
1187.09
1186.13
1188.04
1188.04
1184.94
1184.94
1191.14
1184.94
1185.89
1188.99
1188.99
1185.18
1187.09
1191.85
1188.99
1185.89
1185.89
1186.85
1186.85
1190.90
1184.94
1188.04
1183.99
1199.01
1183.99
1184.94
1192.09
1185.18
1188.04
1193.05
1187.09
1183.99
1187.80
1188.99
1187.09
1190.19
1193.05
1185.89
1185.89
1192.09
1190.19
1188.99
1188.04
1188.04
1184.94
1188.04
1192.09
1188.04
1188.99
1181.84
1188.04
1188.99
1185.18
1193.05
1188.04
1185.89
1191.14
1183.99
1188.99
1186.85
1190.90
1188.04
1188.04
1188.99
1188.99
1187.80
1194.95
1186.13
1188.99
1184.94
1191.14
1190.90
1190.19
1192.09
1190.90
1191.14
1188.99
1184.23
1184.94
1188.04
1192.81
1188.99
1189.95
1189.95
1184.94
1187.09
1185.89
1191.85
1189.95
1188.04
1193.05
1186.13
1184.94
1189.95
1183.99
1180.89
1186.13
1189.95
1183.99
1187.09
1157.05
1111.98
1117.94
1111.03
1122.95
1120.09
1116.04
1128.20
1114.85
1127.96
1127.00
1142.98
1140.12
1132.97
1139.16
1147.03
1161.10
1152.99
1169.92
1154.18
1166.11
1161.10
1248.84
1164.91
1163.01
1173.97
1156.09
1174.21
1164.91
1161.10
1164.20
1158.95
1164.20
1183.03
1183.99
1190.19
1187.09
1184.94
1192.81
1186.85
1184.94
1188.99
1194.95
1187.09
1186.13
1190.90
1184.94
1187.09
1186.13
1182.08
1190.90
1188.99
1186.13
1187.09
1186.85
1194.95
1183.99
1184.94
1191.14
1190.90
1185.89
1184.94
1192.09
1187.09
1185.89
1194.00
1187.09
1185.89
1189.95
1187.09
1186.13
1188.04
1198.05
1186.13
1182.08
1192.09
1191.14
1184.94
1211.88
1204.97
1188.04
1189.95
1190.90
1189.95
1183.99
1190.90
1185.89
1188.99
1189.95
1187.09
1187.09
1183.03
1194.00
1183.99
1185.89
1188.99
1189.95
1188.04
1184.23
1188.99
1187.09
1188.04
1192.09
1188.04
1185.89
1193.05
1183.99
1187.09
1183.99
1195.19
1186.85
1188.99
1190.90
1187.80
1188.99
1194.00
1188.99
1190.90
1186.13
1189.95
1184.94
1188.99
1191.85
1183.03
1184.94
1189.95
1187.09
1186.13
1185.89
1194.00
1187.09
1185.89
1189.95
1186.13
1182.08
1185.89
1186.85
1187.80
1184.94
1193.05
1185.89
1186.13
1191.14
1191.14
1189.95
1186.85
1189.95
1187.09
1184.94
1193.05
1188.04
1184.94
1191.85
1188.99
1183.99
1186.85
1192.09
1188.04
1180.89
1188.99
1188.04
1188.99
1190.19
1188.04
1184.94
1188.99
1192.09
1190.90
1192.09
1190.19
1186.85
1187.09
1190.90
1188.99
1187.09
1187.09
1190.90
1185.89
1186.13
1192.09
1189.95
1190.90
1185.89
1194.00
1185.89
1187.80
1194.00
1186.13
1185.89
1190.90
1188.99
1188.99
1186.85
1193.05
1186.85
1185.89
1191.14
1188.99
1191.14
1193.05
1186.13
1188.04
1187.09
1192.09
1188.04
1183.03
1190.90
1186.85
1189.95
1188.04
1187.09
1187.09
1188.99
1190.90
1188.04
1188.99
1193.05
1188.99
1183.03
1188.99
1193.05
1186.13
1188.04
1191.14
1185.89
1183.99
1188.04
1184.94
1185.89
1185.18
1191.85
1185.89
1185.89
1188.04
1188.04
1184.94
1194.00
1187.09
1186.13
1186.13
1193.05
1186.13
1184.94
1189.95
1184.94
1187.09
1193.05
1186.13
1186.13
1188.99
1189.95
1185.89
1185.18
1188.04
1188.99
1186.85
1183.99
1195.91
1188.99
1189.95
1190.90
1185.89
1183.99
1190.90
1188.99
1186.85
1191.14
1193.05
1188.04
1185.18
1189.95
1184.94
1187.09
1189.95
1187.80
1188.04
1183.99
1188.99
1191.14
1186.13
1190.90
1188.99
1184.94
1186.85
1186.85
1184.94
1185.18
1192.09
1186.13
1185.89
1188.04
1188.99
1183.99
1188.04
1194.00
1188.04
1187.09
1194.00
1183.99
1186.13
1192.09
1187.09
1188.04
1188.04
1189.95
1188.99
1210.93
1185.89
1183.99
1187.09
1189.23
1183.03
1187.09
1184.94
1194.00
1187.09
1188.04
1211.17
1189.95
1199.96
1181.13
1172.07
1173.02
1174.21
1175.88
1175.88
1178.03
1176.83
1175.88
1177.79
1173.97
1178.03
1176.12
1178.98
1177.07
1176.12
1175.17
1179.93
1175.88
1168.01
1174.93
1184.23
1173.02
1175.17
1178.03
1173.97
1173.97
1179.93
1178.98
1173.02
1173.97
1179.93
1173.97
1173.97
1178.03
1167.77
1173.02
1173.97
1180.89
1182.08
1173.02
1178.03
1175.88
1168.97
1176.12
1175.88
1173.97
1173.02
1179.93
1176.12
1178.03
1176.12
1173.02
1169.92
1172.07
1181.13
1173.97
1174.21
1179.93
1173.02
1175.88
1177.79
1175.88
1178.98
1177.07
1180.17
1175.88
1173.02
1182.08
1173.97
1173.97
1173.97
1179.93
1173.97
1169.92
1177.07
1173.97
1172.07
1178.03
1174.93
1174.93
1177.07
1176.12
1173.02
1174.93
1188.99
1175.17
1177.07
1173.97
1178.98
1173.97
1174.21
1174.93
1178.03
1173.02
1178.03
1175.88
1175.17
1172.07
1178.98
1172.07
1173.02
1179.93
1172.07
1176.12
1173.97
1181.84
1175.88
1175.17
1179.93
1172.07
1170.87
1177.07
1169.92
1175.88
1172.78
1178.98
1173.02
1175.17
1179.93
1173.97
1176.12
1172.07
1186.13
1173.02
1177.07
1177.07
1171.11
1173.97
1175.88
1182.79
1173.02
1171.83
1174.93
1178.98
1175.88
1177.79
1173.97
1176.12
1177.07
1180.17
1173.02
1176.12
1173.97
1175.17
1172.07
1176.12
1177.07
1174.93
1173.97
1178.98
1177.07
1172.07
1178.98
1172.78
1178.03
1173.97
1176.12
1177.07
1178.98
1180.17
1173.97
1177.07
1178.98
1173.97
1176.12
1177.07
1178.03
1175.17
1174.93
1178.98
1173.97
1170.87
1175.88
1172.78
1177.07
1174.93
1176.83
1175.88
1170.87
1177.79
1172.07
1178.03
1171.11
1183.03
1176.12
1176.12
1178.03
1178.98
1173.02
1173.97
1182.79
1173.02
1174.93
1188.04
1173.02
1173.02
1171.83
1173.97
1173.97
1173.02
1179.93
1176.83
1171.83
1179.93
1173.97
1172.07
1178.03
1179.93
1175.88
1171.11
1178.98
1174.93
1172.07
1178.03
1168.97
1176.12
1176.12
1178.98
1173.02
1169.92
1177.07
1173.97
1174.93
1147.99
1168.01
1172.07
1167.06
1173.02
1168.97
1163.01
1163.01
1167.06
1156.09
1159.91
1158.00
1148.94
1143.93
1145.12
1137.02
1136.06
1131.06
1136.78
1128.91
1128.91
1126.05
1117.94
1116.99
1116.99
1115.08
1116.99
1113.18
1111.98
1118.90
1116.04
1108.88
1115.08
1117.94
1122.00
1125.81
1135.83
1128.91
1133.20
1142.98
1138.21
1143.93
1158.95
1147.99
1154.18
1167.06
1161.10
1156.09
1174.93
1160.86
1176.12
1168.01
1158.95
1167.06
1181.13
1182.08
1190.19
1187.09
1187.09
1184.94
1191.85
1183.99
1188.99
1188.99
1183.99
1185.89
1188.99
1188.04
1186.13
1189.95
1194.95
1188.99
1185.89
1187.09
1183.99
1183.99
1184.94
1190.90
1186.85
1186.85
1192.81
1186.85
1185.18
1192.09
1185.89
1188.04
1184.94
1209.02
1364.95
1163.96
1177.07
1168.97
1163.96
1166.11
1159.91
1163.01
1178.03
1191.14
1188.04
1184.94
1192.81
1186.85
1186.13
1190.90
1189.95
1186.13
1187.09
1190.90
1184.94
1187.09
1191.14
1188.04
1183.03
1177.79
1180.89
1174.93
1171.11
1181.13
1172.07
1172.07
1181.13
1175.17
1177.07
1173.97
1185.18
1172.07
1178.98
1172.07
1175.17
1172.07
1171.11
1175.88
1174.93
1167.06
1178.03
1166.82
1170.87
1172.07
1163.01
1166.82
1158.00
1157.05
1149.18
1145.12
1149.89
1138.21
1137.02
1141.07
1141.07
1130.10
1130.10
1137.97
1127.96
1127.00
1122.00
1127.96
1118.18
1116.04
1120.09
1119.14
1114.85
1110.08
1117.94
1110.79
1108.88
1114.85
1122.95
1122.00
1129.87
1135.11
1127.96
1133.92
1132.01
1150.13
1155.14
1157.05
1160.14
1162.05
1159.91
1170.87
1169.92
1167.06
1158.00
1169.92
1166.82
1166.82
1168.01
1161.10
1175.88
1194.95
1170.16
1163.96
1181.13
1194.00
1183.03
1184.94
1191.85
1187.09
1188.04
1186.85
1187.80
1186.85
1188.04
1188.99
1188.04
1187.09
1185.18
1192.09
1188.04
1187.09
1188.99
1186.85
1187.09
1189.95
1187.80
1188.04
1183.03
1190.19
1186.85
1188.99
1185.89
1184.94
1186.13
1192.09
1185.89
1187.80
1186.85
1186.85
1180.89
1181.84
1188.04
1188.04
1188.04
1188.04
1173.02
1173.97
1173.02
1177.07
1177.07
1162.05
1166.11
1163.96
1159.91
1162.05
1158.95
1148.94
1147.99
1147.03
1140.12
1135.11
1139.88
1137.02
1136.06
1132.01
1135.83
1122.95
1125.10
1125.10
1127.00
1122.00
1116.04
1120.09
1115.08
1120.09
1111.98
1121.04
1117.94
1111.98
1114.85
1124.86
1118.90
1122.95
1132.97
1126.05
1125.10
1138.21
1137.97
1144.17
1138.93
1157.05
1147.99
1146.08
1144.89
1165.15
1160.14
1168.01
1158.00
1178.03
1169.92
1170.16
1157.05
1163.96
1178.03
1166.11
1163.96
1175.88
1180.17
1183.99
1187.09
1186.13
1196.15
1183.03
1183.03
1191.85
1188.99
1182.08
1189.95
1182.79
1186.85
1180.89
1191.85
1183.99
1179.93
1191.85
1184.94
1182.08
1186.13
1184.94
1183.99
1186.85
1189.95
1187.09
1183.99
1185.89
1187.80
1183.99
1184.94
1250.98
1173.02
1174.93
1170.87
1178.03
1178.98
1188.99
1186.85
1186.85
1185.89
1188.04
1184.94
1183.99
1188.04
1183.03
1188.04
1188.04
1187.09
1187.09
1186.13
1192.09
1187.09
1185.89
1192.09
1187.09
1186.13
1188.04
1188.99
1187.09
1184.94
1188.04
1186.85
1182.79
1186.85
1184.94
1185.18
1187.09
1188.04
1188.99
1185.89
1192.09
1185.18
1189.95
1190.90
1188.04
1188.04
1185.18
1193.05
1188.04
1183.99
1185.89
1184.94
1186.13
1188.99
1183.03
1188.04
1190.19
1198.05
1185.89
1180.89
1194.00
1189.95
1182.08
1190.19
1187.09
1188.04
1188.99
1193.05
1184.94
1183.99
1186.85
1187.80
1183.99
1186.13
1193.05
1188.99
1184.94
1194.00
1186.85
1187.80
1191.85
1186.85
1187.80
1185.89
1187.80
1184.94
1183.99
1190.90
1187.09
1185.18
1191.14
1184.94
1187.09
1188.99
1188.99
1187.09
1183.03
1190.19
1186.13
1190.90
1186.85
1185.89
1187.09
1188.04
1194.00
1185.18
1183.99
1191.85
1188.04
1188.04
1186.85
1187.80
1184.94
1186.13
1190.19
1184.94
1183.99
1191.85
1185.89
1186.13
1188.99
1191.85
1187.80
1183.99
1188.99
1188.99
1185.89
1186.85
1183.03
1183.99
1183.99
1191.85
1184.94
1187.09
1189.95
1188.99
1188.99
1189.95
1187.09
1183.99
1183.99
1189.95
1188.99
1184.94
1187.09
1187.80
1185.89
1187.09
1193.05
1187.09
1184.94
1194.00
1188.99
1187.09
1188.99
1188.99
1182.08
1186.13
1191.14
1187.09
1184.94
1189.95
1185.18
1188.04
1188.99
1186.13
1186.13
1188.04
1188.04
1183.99
1186.13
1188.04
1183.03
1187.09
1183.99
1186.85
1186.85
1183.99
1188.99
1185.18
1186.13
1192.09
1183.03
1183.03
1184.23
1193.05
1185.89
1186.85
1193.05
1187.09
1188.99
1186.13
1187.09
1184.94
1188.04
1188.99
1187.09
1183.99
1186.85
1185.89
1185.18
1193.05
1188.99
1185.89
1187.09
1191.14
1186.13
1185.89
1191.85
1186.85
1185.89
1188.99
1188.04
1181.13
1187.09
1194.00
1187.09
1187.09
1192.09
1183.99
1187.09
1185.18
1188.99
1188.99
1187.80
1191.85
1181.84
1184.94
1190.19
1185.89
1184.94
1184.94
1198.77
1186.85
1186.85
1189.95
1185.89
1180.89
1190.90
1188.04
1187.09
1185.89
1188.04
1188.99
1184.94
1191.85
1187.80
1183.03
1189.95
1184.94
1182.08
1188.04
1191.14
1185.89
1185.89
1188.99
1185.89
1183.99
1187.09
1191.14
1185.89
1183.03
1188.04
1188.04
1187.09
1189.95
1188.04
1187.09
1186.13
1190.90
1186.85
1183.99
1192.09
1184.94
1187.80
1191.85
1183.99
1188.04
1184.94
1188.04
1184.94
1186.85
1188.99
1187.09
1213.07
1175.88
1182.08
1187.80
1187.80
1191.85
1183.99
1186.13
1193.05
1189.95
1186.85
1185.89
1199.01
1184.94
1190.19
1194.00
1187.09
1188.99
1187.09
1188.99
1188.99
1188.04
1188.04
1191.14
1187.09
1188.99
1182.08
1186.13
1194.00
1186.13
1187.09
1187.09
1194.95
1186.13
1183.99
1187.09
1188.04
1188.04
1191.85
1188.04
1183.99
1187.09
1189.95
1186.85
1186.85
1188.99
1184.94
1186.85
1184.94
1191.14
1188.99
1191.14
1189.95
1186.85
1183.03
1194.00
1184.94
1188.04
1188.99
1194.00
1189.95
1184.94
1194.00
1187.09
1184.94
1188.99
1183.99
1187.09
1185.18
1189.95
1185.89
1186.13
1188.04
1187.09
1187.09
1192.09
1189.95
1186.85
1184.94
1190.90
1185.89
1186.13
1188.04
1185.89
1184.94
1184.94
1190.19
1188.04
1187.09
1194.00
1183.03
1185.18
1192.09
1186.85
1183.03
1187.09
1198.05
1184.94
1185.89
1190.90
1185.18
1184.94
1188.99
1188.04
1184.94
1182.79
1189.95
1187.09
1188.04
1192.81
1185.89
1189.23
1192.09
1188.99
1186.13
1187.09
1189.95
1190.90
1188.04
1194.00
1186.85
1186.85
1185.89
1195.19
1190.90
1187.09
1191.14
1183.03
1184.94
1190.90
1187.09
1188.04
1194.00
1193.05
1183.99
1186.85
1194.00
1189.95
1188.99
1192.81
1183.99
1184.94
1185.89
1189.95
1188.04
1183.99
1188.04
1184.94
1184.94
1193.05
1183.99
1183.03
1187.80
1191.85
1188.04
1182.08
1192.09
1189.95
1188.04
1189.95
1186.13
1187.09
1186.13
1193.05
1187.09
1186.85
1189.95
1186.13
1188.04
1183.03
1190.90
1184.94
1187.09
1192.09
1188.04
1187.09
1188.99
1187.09
1186.13
1184.94
1195.19
1189.95
1186.13
1191.14
1186.85
1185.89
1189.95
1183.99
1184.23
1185.89
1191.85
1181.84
1188.99
1195.91
1183.99
1183.99
1191.14
1184.94
1188.99
1186.85
1189.95
1187.09
1185.18
1190.90
1188.04
1186.85
1183.03
1192.09
1187.09
1184.94
1192.81
1186.85
1184.94
1190.19
1186.13
1187.09
1183.99
1194.95
1183.03
1188.99
1185.18
1188.04
1187.09
1188.04
1187.09
1188.99
1184.94
1196.15
1189.95
1187.09
1188.04
1187.80
1186.85
1194.00
1187.09
1189.95
1188.99
1194.95
1192.09
1188.99
1191.85
1189.95
1188.04
1186.13
1188.04
1186.13
1187.09
1189.95
1185.89
1183.99
1187.09
1185.89
1187.09
1187.09
1192.09
1189.95
1188.99
1190.90
1184.94
1185.18
1188.04
1189.95
1183.03
1187.80
1191.85
1186.85
1185.18
1192.09
1184.94
1188.04
1189.95
1192.81
1188.04
1184.94
1194.00
1189.95
1185.18
1194.95
1187.09
1183.99
1183.99
1192.09
1186.85
1189.95
1191.14
1183.99
1188.99
1190.90
1185.18
1188.04
1188.99
1192.09
1188.99
1188.04
1188.99
1185.89
1186.85
1193.05
1184.94
1188.04
1182.79
1189.95
1183.99
1187.80
1185.89
1182.79
1188.99
1188.99
1187.80
1185.89
1185.89
1191.85
1185.18
1186.85
1188.04
1185.89
1183.99
1183.99
1194.00
1184.94
1185.89
1207.83
1178.98
1357.08
1172.07
1176.12
1172.07
1175.17
1167.06
1174.93
1166.82
1184.23
1160.86
1173.02
1183.99
1175.88
1190.19
1187.09
1194.95
1187.09
1187.09
1193.05
1187.80
1185.89
1189.95
1183.99
1186.13
1187.09
1191.85
1185.89
1184.94
1173.97
1168.97
1173.02
1176.83
1170.87
1174.93
1165.15
1174.93
1171.83
1165.87
1169.92
1170.16
1162.05
1162.05
1163.01
1160.86
1156.09
1147.03
1142.98
1142.02
1142.02
1143.22
1137.97
1130.10
1137.02
1130.82
1122.00
1122.00
1127.96
1120.09
1120.09
1122.00
1119.85
1116.04
1116.04
1116.99
1116.99
1109.84
1087.90
1116.04
1125.81
1126.05
1136.06
1141.07
1131.06
1137.02
1147.99
1161.10
1152.99
1161.81
1157.05
1165.87
1178.03
1162.05
1163.01
1171.83
1175.88
1179.22
1183.99
1193.05
1187.09
1185.18
1183.03
1194.00
1183.03
1184.94
1186.85
1184.94
1188.99
1191.14
1185.18
1187.09
1205.92
1183.03
1186.85
1188.99
1188.99
1182.79
1186.85
1193.05
1188.04
1182.08
1188.04
1191.14
1186.13
1185.89
1186.85
1185.89
1188.99
1186.85
1190.90
1182.08
1184.94
1194.95
1185.18
1185.89
1190.19
1185.89
1186.13
1184.94
1191.85
1185.18
1184.94
1189.95
1188.04
1183.03
1188.99
1181.84
1186.85
1190.90
1190.19
1183.03
1183.99
1187.80
1188.04
1193.05
1189.95
1188.04
1183.99
1188.04
1194.95
1183.03
1185.18
1191.14
1184.94
1184.94
1183.99
1192.09
1185.89
1183.03
1194.00
1188.04
1186.85
1189.95
1191.14
1186.13
1188.04
1195.91
1186.85
1187.80
1188.99
1183.99
1188.99
1184.94
1186.85
1184.94
1182.08
1190.19
1183.99
1184.94
1193.05
1183.99
1184.94
1193.05
1189.95
1183.03
1188.99
1189.95
1181.84
1188.99
1189.95
1185.89
1188.04
1187.09
1189.95
1185.89
1183.99
1188.99
1182.08
1187.09
1188.99
1188.99
1186.85
1188.04
1187.09
1185.18
1188.04
1188.99
1189.95
1187.09
1188.99
1187.09
1188.04
1190.19
1181.13
1177.07
1173.97
1178.98
1174.93
1173.02
1173.02
1178.03
1178.03
1171.83
1178.98
1176.12
1175.88
1179.93
1172.07
1173.02
1171.11
1183.99
1168.97
1178.98
1173.97
1180.17
1171.11
1169.92
1240.97
1177.07
1182.08
1193.05
1188.99
1188.04
1191.85
1188.04
1185.89
1188.04
1193.05
1183.03
1183.99
1190.90
1186.85
1181.84
1190.90
1187.09
1187.09
1188.04
1194.95
1188.04
1186.85
1196.15
1188.99
1186.85
1188.99
1188.04
1187.09
1187.09
1192.09
1183.03
1186.13
1188.99
1186.13
1187.09
1189.95
1191.85
1183.99
1187.09
1194.00
1183.99
1188.04
1190.90
1188.04
1187.80
1188.99
1193.05
1184.94
1184.94
1194.00
1188.04
1183.99
1193.05
1186.85
1183.03
1189.95
1197.10
1182.08
1187.09
1191.14
1182.08
1183.99
1191.85
1183.99
1188.99
1183.99
1186.85
1186.13
1183.99
1191.85
1185.89
1187.09
1188.99
1185.89
1186.13
1188.99
1191.14
1183.03
1183.99
1188.04
1186.13
1187.09
1185.89
1194.00
1188.04
1186.13
1189.95
1183.99
1186.85
1192.81
1188.99
1182.08
1187.09
1188.99
1183.99
1188.99
1196.15
1188.04
1187.09
1192.09
1190.90
1189.95
1182.08
1192.09
1184.94
1186.13
1189.95
1186.85
1184.94
1188.04
1192.81
1184.94
1188.04
1193.05
1186.13
1186.13
1187.09
1187.09
1186.13
1184.94
1190.90
1188.04
1187.09
1190.19
1188.04
1173.97
1180.89
1183.99
1184.94
1186.13
1188.99
1185.18
1188.04
1186.13
1183.99
1186.13
1188.99
1181.13
1183.03
1185.18
1190.90
1183.99
1188.99
1187.09
1187.09
1187.09
1190.19
1184.94
1186.13
1183.99
1187.09
1187.09
1189.23
1186.85
1181.84
1188.04
1185.89
1190.90
1183.03
1184.94
1188.99
1186.13
1184.94
1192.81
1186.85
1183.99
1184.94
1190.90
1186.13
1182.08
1188.99
1186.85
1185.89
1188.99
1183.99
1187.09
1183.03
1191.14
1187.09
1185.89
1190.19
1183.03
1187.09
1187.09
1190.90
1188.04
1183.99
1192.09
1183.03
1187.80
1184.94
1187.09
1187.09
1186.13
1194.00
1185.89
1191.14
1189.95
1186.85
1184.94
1191.14
1188.99
1183.03
1183.99
1188.04
1187.09
1183.99
1193.05
1188.04
1184.94
1188.99
1187.09
1188.04
1183.99
1195.91
1184.94
1183.99
1188.99
1188.99
1187.09
1184.94
1188.99
1183.99
1183.03
1192.09
1185.18
1188.99
1188.04
1187.80
1183.03
1184.94
1194.00
1187.09
1183.99
1191.14
1184.94
1185.18
1189.95
1187.80
1183.99
1183.03
1189.95
1183.03
1185.89
1188.99
1185.89
1185.89
1188.04
1188.99
1184.94
1187.09
1193.05
1185.18
1188.04
1192.09
1188.04
1184.94
1184.94
1188.99
1186.85
1184.94
1188.99
1183.99
1187.09
1191.14
1188.04
1184.94
1188.04
1191.85
1185.89
1188.99
1189.95
1186.13
1181.13
1189.95
1187.09
1183.99
1183.99
1191.14
1186.13
1182.08
1190.90
1184.94
1213.07
1187.09
1180.17
1187.09
1187.09
1188.99
1185.18
1184.94
1188.99
1184.94
1187.80
1186.85
1190.90
1184.23
1188.99
1192.09
1183.99
1185.89
1188.99
1188.04
1185.89
1184.94
1191.14
1184.94
1186.85
1185.89
1186.85
1188.99
1194.00
1184.94
1186.85
1183.99
1194.00
1184.94
1184.94
1191.85
1186.85
1185.89
1189.95
1185.18
1188.04
1188.99
1196.86
1184.94
1187.09
1191.14
1189.95
1183.03
1188.99
1186.85
1188.99
1185.89
1192.09
1188.99
1183.99
1194.00
1185.89
1186.13
1184.94
1194.00
1188.99
1187.09
1193.05
1186.85
1187.80
1189.95
1183.99
1189.95
1185.18
1194.00
1188.99
1183.03
1188.99
1183.99
1187.80
1189.95
1186.13
1187.09
1189.95
1193.05
1183.03
1183.99
1189.95
1186.13
1182.08
1188.04
1187.09
1185.89
1183.03
1189.95
1183.99
1186.85
1188.99
1184.94
1184.23
1183.03
1188.04
1183.99
1183.99
1188.04
1188.04
1185.18
1190.90
1183.03
1183.99
1186.13
1193.05
1186.13
1187.09
1191.14
1184.94
1183.99
1188.99
1183.03
1183.99
1186.13
1188.99
1188.99
1184.94
1186.13
1183.03
1183.03
1183.99
1189.95
1186.13
1186.13
1194.95
1184.94
1187.09
1194.00
1185.18
1179.93
1188.99
1193.05
1182.08
1186.13
1188.99
1185.18
1187.09
1193.05
1183.99
1185.89
1187.09
1194.00
1184.94
1187.09
1188.04
1186.13
1187.09
1189.95
1186.85
1183.99
1186.13
1188.99
1187.09
1185.18
1192.09
1184.94
1185.89
1187.09
1187.09
1183.99
1187.09
1193.05
1187.09
1185.89
1188.99
1190.90
1183.03
1183.99
1192.09
1186.13
1186.13
1188.04
1188.04
1187.09
1188.99
1184.94
1187.09
1187.09
1188.99
1185.89
1184.94
1188.99
1190.90
1187.09
1191.14
1187.09
1186.13
1188.04
1189.95
1185.89
1186.85
1187.80
1184.94
1183.03
1188.04
1192.81
1185.89
1187.09
1192.09
1188.04
1190.90
1188.04
1189.95
1186.13
1187.09
1193.05
1184.94
1183.99
1188.04
1187.09
1186.13
1188.99
1187.09
1184.94
1183.99
1194.00
1186.13
1188.04
1186.13
1188.99
1183.99
1188.04
1188.04
1187.09
1178.98
1194.00
1185.89
1183.99
1192.09
1184.94
1187.09
1183.99
1194.95
1188.04
1188.04
1194.00
1188.04
1183.99
1191.14
1186.13
1183.03
1183.99
1188.99
1187.09
1183.03
1192.09
1188.99
1182.79
1188.99
1186.13
1188.04
1188.04
1188.04
1185.89
1191.14
1189.95
1183.99
1183.03
1191.14
1188.04
1184.94
1185.89
1188.99
1184.94
1188.04
1190.90
1187.09
1186.13
1187.09
1194.00
1181.84
1188.99
1191.85
1186.85
1183.99
1188.04
1183.99
1183.99
1184.94
1189.95
1187.09
1183.03
1189.95
1188.04
1184.94
1191.85
1187.09
1185.18
1184.94
1196.86
1186.13
1188.04
1188.04
1188.04
1188.99
1194.00
1183.03
1183.99
1185.89
1188.99
1185.89
1188.99
1189.95
1183.03
1185.89
1183.99
1188.99
1188.04
1183.99
1193.05
1186.13
1187.09
1189.95
1185.89
1186.85
1185.89
1195.19
1188.04
1187.09
1209.97
1183.03
1353.03
1166.11
1168.01
1171.83
1159.91
1183.03
1167.77
1168.01
1182.08
1178.03
1187.80
1193.05
1183.03
1186.13
1188.99
1193.05
1183.03
1188.04
1190.90
1188.04
1185.89
1188.99
1184.94
1185.89
1185.18
1189.95
1187.09
1187.09
1191.14
1183.99
1187.09
1187.09
1196.15
1184.94
1186.85
1189.95
1187.09
1184.94
1190.90
1188.99
1186.85
1185.89
1191.85
1182.08
1183.99
1191.85
1185.89
1187.80
1193.05
1189.95
1188.04
1186.85
1188.99
1191.14
1188.99
1188.04
1186.13
1183.03
1192.09
1188.99
1185.89
1187.09
1193.05
1192.09
1188.99
1191.85
1191.14
1187.09
1187.09
1189.95
1185.89
1185.89
1192.09
1186.13
1189.95
1186.85
1188.99
1188.99
1185.18
1192.09
1190.90
1186.85
1188.99
1186.13
1189.95
1192.81
1184.94
1188.04
1188.04
1193.05
1186.13
1188.04
1196.15
1193.05
1188.99
1189.95
1194.95
1184.94
1207.11
1192.09
1180.89
1185.89
1190.19
1182.08
1185.89
1185.89
1189.95
1186.13
1184.94
1192.81
1184.94
1190.19
1189.95
1193.05
1183.99
1185.89
1190.90
1188.99
1182.79
1194.95
1186.13
1185.89
1191.85
1183.99
1188.04
1186.13
1192.09
1185.89
1187.09
1190.19
1188.04
1188.04
1193.05
1188.04
1188.99
1182.08
1188.04
1183.99
1185.18
1191.85
1186.85
1183.99
1191.14
1184.94
1186.85
1185.89
1188.99
1188.04
1186.13
1191.85
1184.94
1180.17
1184.94
1188.99
1188.99
1187.09
1189.95
1184.94
1220.94
1219.99
1212.12
1214.03
1217.13
1209.97
1185.89
1186.13
1193.05
1188.04
1180.17
1190.90
1188.04
1185.18
1182.08
1188.99
1185.18
1187.09
1188.04
1183.99
1183.03
1191.85
1186.13
1187.09
1187.09
1193.05
1187.09
1186.13
1188.04
1188.04
1183.99
1190.90
1189.95
1186.13
1185.89
1190.90
1188.04
1183.99
1193.05
1187.09
1186.13
1188.04
1193.05
1187.80
1185.89
1192.81
1184.94
1187.09
1188.04
1186.13
1187.09
1182.08
1192.09
1187.09
1184.94
1191.85
1189.95
1188.99
1191.14
1188.04
1184.94
1184.94
1190.90
1186.13
1190.90
1160.86
1163.96
1172.07
1179.93
1177.07
1169.92
1175.88
1177.79
1178.03
1173.02
1180.17
1233.10
1188.04
1183.03
1192.09
1188.04
1190.90
1194.00
1188.04
1189.95
1193.05
1185.89
1187.09
1188.04
1195.19
1188.04
1187.09
1188.99
1187.80
1185.89
1192.81
1188.04
1188.04
1188.04
1192.09
1184.23
1187.09
1195.91
1184.94
1188.04
1189.95
1188.99
1188.04
1186.85
1194.00
1188.04
1188.99
1191.85
1190.19
1186.13
1189.95
1196.86
1187.09
1189.95
1192.09
1188.99
1185.89
1193.05
1186.13
1188.04
1185.18
1194.00
1186.13
1187.09
1193.05
1189.95
1186.13
1192.09
1190.90
1190.19
1189.95
1192.81
1188.04
1183.03
1189.95
1190.90
1190.19
1188.99
1187.09
1186.13
1191.14
1197.10
1188.99
1189.95
1190.90
1188.99
1189.95
1191.14
1193.05
1188.04
1188.99
1192.81
1190.90
1188.04
1192.81
1189.95
1186.13
1188.99
1194.00
1188.04
1188.99
1194.00
1189.95
1189.95
1194.00
1186.85
1188.04
1185.89
1197.81
1185.89
1190.19
1188.04
1187.09
1185.89
1189.95
1188.99
1188.99
1186.85
1191.85
1188.99
1191.14
1191.14
1188.99
1188.99
1186.85
1188.04
1190.90
1189.95
1192.09
1187.09
1188.99
1192.09
1190.19
1188.99
1190.19
1187.09
1190.90
1184.94
1193.05
1188.99
1186.85
1193.05
1189.95
1189.95
1187.09
1191.85
1190.90
1190.90
1193.05
1188.04
1191.14
1194.00
1191.85
1185.89
1187.09
1192.09
1188.99
1188.99
1194.00
1191.14
1174.93
1178.98
1174.93
1176.83
1178.03
1182.08
1172.07
1178.98
1180.89
1177.79
1173.97
1177.07
1182.08
1177.07
1175.17
1183.99
1181.13
1173.02
1188.04
1175.17
1175.88
1179.93
1182.08
1176.12
1175.17
1178.03
1173.97
1178.03
1183.03
1176.12
1173.02
1177.07
1178.98
1178.03
1176.12
1181.13
1175.88
1173.97
1180.17
1181.84
1178.03
1173.97
1180.89
1177.07
1177.79
1179.93
1183.03
1175.88
1174.93
1181.13
1178.98
1168.97
1188.04
1173.02
1178.98
1178.03
1183.99
1173.02
1179.93
1178.98
1178.98
1175.88
1180.89
1177.07
1169.20
1177.07
1183.99
1182.79
1174.93
1177.07
1178.98
1175.88
1177.79
1176.83
1177.07
1175.88
1178.03
1171.11
1178.98
1185.18
1173.97
1176.12
1172.07
1183.03
1175.88
1173.02
1178.98
1176.12
1173.02
1173.97
1181.84
1185.89
1174.93
1178.98
1178.98
1176.12
1181.13
1171.11
1178.03
1175.88
1184.94
1175.17
1174.93
1178.98
1174.93
1173.97
1182.08
1179.93
1178.03
1177.07
1183.03
1174.93
1174.93
1180.89
1177.07
1177.07
1176.83
1178.98
1176.12
1178.98
1183.99
1174.93
1176.12
1178.98
1177.07
1175.88
1173.02
1187.09
1177.07
1172.07
1178.03
1175.17
1177.07
1178.98
1181.84
1178.98
1204.97
1186.85
1188.99
1188.04
1192.09
1188.99
1188.04
1188.99
1193.05
1185.89
1185.18
1193.05
1189.95
1188.99
1189.95
1187.80
1184.94
1188.04
1193.05
1188.99
1189.95
1193.05
1191.14
1188.04
1190.90
1188.99
1190.90
1188.04
1191.14
1187.09
1189.95
1189.95
1191.14
1187.09
1187.09
1189.95
1184.94
1188.04
1192.09
1188.04
1188.04
1192.81
1188.99
1183.99
1190.19
1191.85
1188.04
1187.09
1166.11
1168.01
1177.07
1183.03
1174.93
1176.12
1174.93
1174.21
1172.07
1178.03
1180.17
1168.01
1166.11
1168.01
1175.17
1168.97
1171.11
1175.17
1158.95
1155.85
1158.00
1154.90
1142.02
1132.97
1132.01
1122.95
1119.14
1116.04
1116.04
1118.90
1120.09
1122.00
1123.91
1130.10
1122.00
1137.02
1139.88
1135.83
1152.04
1146.08
1147.99
1142.98
1161.10
1163.96
1170.16
1171.11
1158.95
1171.83
1168.01
1177.07
1173.02
1163.01
1175.88
1169.20
1163.96
1188.99
1163.01
1174.93
1175.88
1180.89
1183.99
1182.08
1187.09
1188.04
1183.99
1192.81
1188.04
1188.99
1188.04
1194.00
1190.90
1188.04
1195.91
1188.04
1191.14
1194.00
1189.95
1183.99
1188.99
1194.95
1191.85
1188.99
1193.05
1189.95
1189.95
1188.04
1197.10
1192.09
1191.14
1195.91
1189.95
1188.04
1195.19
1194.00
1193.05
1186.13
1196.15
1192.09
1194.00
1193.05
1197.10
1191.14
1198.05
1189.95
1191.85
1191.85
1194.00
1185.89
1190.90
1193.05
1189.95
1188.99
1199.01
1188.04
1187.09
1189.95
1194.00
1191.14
1191.14
1194.95
1188.99
1186.85
1191.85
1193.05
1186.85
1187.09
1197.81
1189.95
1191.14
1192.09
1215.93
1217.84
1216.89
1188.99
1192.81
1191.85
1194.00
1191.14
1190.90
1193.05
1192.09
1188.99
1192.09
1189.95
1191.85
1188.99
1195.91
1188.04
1188.99
1192.09
1192.09
1184.94
1185.89
1196.15
1189.95
1189.95
1198.05
1189.95
1189.95
1190.90
1187.80
1189.95
1192.09
1195.19
1188.04
1188.99
1183.99
1186.13
1188.99
1194.00
1192.09
1192.09
1190.90
1198.05
1189.95
1188.04
1194.00
1188.04
1187.09
1194.95
1191.14
1188.99
1191.14
1190.90
1188.04
1189.95
1190.90
1191.14
1187.09
1194.95
1188.04
1189.95
1185.18
1195.91
1194.00
1189.95
1191.14
1188.04
1188.99
1194.00
1191.14
1194.00
1188.04
1191.14
1185.89
1191.85
1193.05
1188.99
1190.90
1187.80
1199.96
1186.13
1188.99
1195.19
1188.99
1190.19
1194.95
1192.09
1190.19
1191.85
1195.91
1190.19
1190.90
1193.05
1190.90
1188.99
1193.05
1192.09
1188.04
1188.99
1194.00
1191.14
1189.95
1190.90
1187.09
1188.99
1189.95
1191.14
1188.99
1188.99
1198.05
1191.85
1188.99
1189.95
1185.89
1186.85
1193.05
1189.95
1191.14
1184.94
1192.09
1188.04
1190.19
1191.85
1188.04
1189.95
1186.85
1193.05
1188.04
1185.89
1194.95
1195.19
1189.95
1194.00
1188.04
1188.04
1188.99
1192.09
1187.09
1189.95
1195.91
1193.05
1192.09
1212.12
1185.18
1376.87
1174.93
1164.20
1175.88
1176.83
1168.97
1182.08
1170.16
1180.89
1163.01
1181.13
1165.87
1169.92
1181.13
1175.17
1184.94
1184.94
1191.14
1193.05
1193.05
1188.04
1188.99
1195.19
1190.90
1188.99
1194.95
1188.04
1188.04
1190.90
1195.91
1187.09
1189.23
1193.05
1190.90
1187.80
1193.05
1191.85
1191.85
1188.99
1199.01
1190.90
1188.99
1194.00
1191.85
1188.99
1195.91
1190.90
1191.85
1192.81
1197.81
1188.99
1190.19
1194.95
1186.13
1188.99
1195.19
1188.99
1189.95
1188.04
1195.91
1186.85
1190.90
1194.00
1188.99
1190.90
1191.85
1184.94
1190.19
1189.95
1197.10
1188.04
1186.13
1197.10
1192.09
1189.95
1194.95
1193.05
1191.14
1188.99
1199.01
1188.99
1191.14
1190.90
1189.95
1187.09
1187.09
1196.15
1188.04
1189.95
1195.91
1191.14
1188.04
1191.14
1188.99
1187.80
1190.90
1199.01
1191.85
1211.88
1190.19
1184.94
1188.04
1196.86
1189.95
1188.99
1192.81
1194.95
1192.09
1189.95
1191.85
1188.99
1192.09
1194.00
1192.09
1190.19
1190.90
1196.86
1187.80
1185.89
1191.85
1192.09
1188.99
1191.85
1190.90
1187.80
1191.85
1191.85
1186.85
1186.85
1196.15
1192.09
1189.95
1191.85
1190.19
1192.09
1188.04
1194.95
1188.99
1188.04
1194.95
1188.99
1192.09
1186.13
1194.00
1193.05
1187.80
1194.95
1187.09
1191.14
1189.95
1190.19
1189.95
1187.80
1194.00
1188.99
1186.13
1194.95
1189.95
1189.95
1193.05
1192.09
1186.85
1187.80
1194.95
1188.04
1193.05
1194.00
1188.99
1188.04
1194.00
1193.05
1188.99
1188.99
1199.01
1188.99
1184.94
1192.09
1192.09
1187.09
1188.04
1190.90
1188.99
1187.09
1194.95
1188.04
1186.85
1192.09
1186.13
1189.95
1193.05
1189.95
1191.14
1193.05
1194.00
1190.90
1188.99
1194.95
1191.85
1190.90
1188.99
1194.95
1188.04
1185.18
1197.10
1188.99
1192.09
1194.00
1188.99
1189.95
1193.05
1212.12
1187.09
1173.02
1182.08
1176.12
1173.02
1180.89
1169.92
1175.88
1173.02
1180.89
1171.83
1183.03
1178.98
1174.21
1177.07
1173.02
1178.03
1175.17
1174.93
1180.89
1175.88
1173.02
1176.83
1240.97
1194.00
1190.19
1196.86
1194.95
1193.05
1194.00
1189.23
1188.99
1193.05
1189.95
1191.85
1191.85
1196.86
1188.99
1188.99
1189.95
1188.99
1193.05
1193.05
1185.89
1188.04
1189.95
1194.00
1185.89
1188.04
1194.95
1191.14
1188.04
1190.19
1188.99
1189.95
1185.89
1196.86
1189.95
1187.09
1191.14
1187.09
1188.99
1187.09
1196.15
1187.09
1188.99
1192.81
1193.05
1187.09
1195.91
1192.81
1190.90
1188.04
1192.09
1188.04
1191.14
1194.95
1186.13
1186.13
1194.00
1192.09
1189.95
1191.85
1196.86
1186.85
1188.99
1194.95
1192.09
1191.14
1190.90
1190.90
1190.90
1193.05
1194.00
1190.90
1187.80
1192.81
1186.85
1186.85
1194.00
1194.95
1187.80
1188.99
1194.95
1192.81
1189.95
1195.91
1191.85
1188.99
1193.05
1192.09
1188.99
1188.04
1194.95
1188.99
1188.99
1194.00
1188.99
1187.09
1187.09
1192.09
1188.04
1186.13
1214.98
1208.78
1186.85
1185.89
1173.97
1162.05
1163.01
1166.82
1159.91
1153.23
1141.07
1142.98
1144.17
1137.02
1150.13
1130.10
1132.97
1137.02
1133.92
1123.91
1121.04
1126.05
1123.91
1118.18
1121.04
1121.04
1113.89
1116.04
1122.95
1114.13
1127.96
1122.00
1125.81
1122.95
1122.00
1132.97
1130.10
1132.97
1137.02
1132.01
1146.08
1138.93
1161.81
1144.89
1158.00
1151.08
1166.11
1132.97
1170.87
1163.01
1178.03
1178.98
1177.07
1166.82
1179.93
1164.20
1168.01
1168.97
1184.94
1184.94
1186.85
1187.80
1190.90
1183.99
1187.09
1185.89
1192.81
1187.80
1188.04
1192.09
1187.09
1188.99
1185.89
1192.09
1188.99
1186.85
1195.91
1188.04
1187.80
1190.90
1186.85
1186.85
1188.99
1193.05
1187.09
1186.13
1194.00
1187.09
1187.09
1192.09
1187.09
1188.99
1187.09
1190.90
1187.80
1186.85
1191.85
1188.99
1187.09
1194.95
1186.13
1190.90
1191.14
1193.05
1187.09
1184.94
1193.05
1187.09
1187.09
1189.95
1192.09
1184.94
1187.80
1191.85
1185.89
1189.95
1188.99
1182.79
1175.88
1173.97
1179.93
1164.91
1158.95
1173.02
1168.01
1149.89
1158.00
1152.99
1146.08
1136.06
1139.16
1137.97
1136.06
1134.87
1130.10
1127.96
1126.05
1122.95
1119.85
1120.81
1116.99
1117.94
1107.93
1113.89
1123.19
1115.08
1117.94
1116.99
1126.05
1125.10
1130.10
1136.06
1137.02
1127.00
1141.07
1143.93
1140.83
1150.85
1151.80
1156.81
1153.95
1155.14
1168.97
1152.99
1175.17
1163.96
1172.78
1163.96
1161.10
1176.12
1178.98
1171.83
1173.97
1174.93
1182.79
1179.93
1183.03
1183.99
1190.90
1191.85
1188.99
1186.13
1194.95
1188.04
1187.80
1190.90
1190.90
1189.95
1209.97
1193.05
1183.03
1186.85
1194.00
1188.99
1188.04
1191.14
1188.99
1186.85
1188.99
1198.05
1193.05
1191.14
1194.00
1191.14
1190.90
1188.99
1194.95
1188.99
1185.89
1196.15
1188.99
1191.14
1193.05
1196.15
1190.90
1191.14
1194.00
1188.99
1188.99
1194.95
1188.04
1183.99
1193.05
1190.19
1194.95
1192.09
1195.19
1189.95
1185.89
1193.05
1187.09
1188.99
1191.85
1188.99
1189.95
1189.95
1193.05
1187.09
1188.99
1193.05
1192.09
1190.90
1195.91
1189.95
1190.90
1185.18
1194.00
1187.09
1188.04
1192.09
1192.09
1192.09
1192.09
1189.95
1188.99
1188.04
1194.95
1188.04
1188.99
1194.95
1189.95
1188.04
1187.09
1194.00
1188.99
1189.95
1198.05
1189.95
1188.99
1195.19
1188.99
1188.04
1187.80
1193.05
1189.95
1186.13
1190.90
1188.99
1188.04
1190.19
1187.09
1192.09
1190.90
1195.91
1188.04
1189.95
1194.00
1193.05
1188.04
1191.85
1191.14
1188.99
1188.99
1195.91
1188.99
1190.90
1192.09
1189.95
1193.05
1193.05
1188.99
1190.19
1188.04
1196.15
1187.09
1190.90
1193.05
1190.90
1189.95
1187.09
1192.81
1188.99
1187.09
1190.90
1184.94
1188.99
1195.91
1195.19
1187.09
1192.09
1194.95
1190.19
1189.95
1193.05
1190.90
1192.09
1196.15
1188.04
1188.04
1188.04
1199.01
1188.04
1187.09
1194.95
1189.95
1189.95
1194.00
1192.09
1187.09
1188.04
1191.14
1188.99
1188.99
1194.95
1186.85
1187.80
1179.93
1182.08
1185.18
1184.94
1197.10
1193.05
1188.04
1192.09
1187.09
1187.09
1192.09
1188.99
1187.09
1190.19
1193.05
1188.04
1189.95
1194.00
1186.85
1185.89
1188.99
1199.01
1188.99
1188.04
1190.90
1188.04
1189.95
1193.05
1188.99
1185.89
1185.89
1194.00
1192.09
1189.95
1190.19
1185.89
1191.85
1196.86
1187.80
1188.04
1187.09
1194.95
1188.99
1186.85
1190.90
1187.09
1188.99
1192.81
1187.80
1191.85
1188.99
1197.10
1187.09
1194.00
1193.05
1191.14
1186.85
1189.95
1191.14
1188.04
1188.04
1192.09
1190.90
1190.90
1192.09
1188.04
1190.90
1192.09
1193.05
1189.23
1188.99
1194.00
1186.13
1186.13
1190.90
1191.85
1187.09
1186.13
1194.00
1188.99
1184.94
1193.05
1190.90
1184.94
1194.00
1189.95
1185.89
1191.14
1194.00
1187.09
1189.95
1189.95
1188.99
1188.99
1194.00
1190.90
1188.99
1189.95
1192.81
1189.95
1189.95
1190.90
1188.04
1193.05
1191.14
1194.00
1186.85
1190.90
1197.10
1190.19
1189.95
1189.95
1190.90
1191.85
1189.95
1193.05
1186.13
1188.04
1191.14
1183.99
1186.85
1195.91
1188.99
1191.85
1191.85
1191.85
1188.04
1191.14
1189.95
1188.04
1194.00
1196.15
1190.90
1186.13
1189.95
1194.00
1188.99
1192.09
1192.09
1189.95
1191.85
1192.81
1189.95
1189.23
1189.95
1194.95
1188.99
1190.19
1194.00
1192.09
1192.09
1194.00
1191.85
1187.80
1190.90
1195.91
1188.99
1191.14
1194.00
1188.99
1190.90
1222.13
1183.99
1384.02
1166.82
1175.88
1174.93
1160.14
1194.95
1164.91
1179.93
1176.12
1178.98
1173.97
1168.97
1168.01
1174.93
1175.17
1180.89
1179.93
1183.03
1183.99
1185.89
1183.03
1188.99
1194.00
1189.95
1188.04
1192.09
1191.14
1192.09
1190.90
1192.09
1187.09
1189.95
1194.95
1186.13
1185.89
1194.95
1189.95
1189.95
1188.04
1199.96
1189.23
1189.95
1191.85
1188.04
1187.80
1185.89
1200.20
1188.04
1189.95
1190.90
1186.13
1190.90
1192.81
1188.99
1191.14
1183.99
1195.91
1188.99
1192.09
1198.05
1188.99
1188.04
1194.95
1192.09
1185.18
1187.09
1195.91
1186.85
1189.95
1192.09
1191.14
1186.13
1194.95
1189.95
1189.95
1188.04
1192.81
1188.04
1187.09
1194.95
1190.19
1191.85
1195.91
1192.81
1189.95
1183.03
1194.95
1188.04
1187.09
1193.05
1187.80
1189.95
1192.09
1189.95
1188.99
1188.99
1191.85
1188.04
1210.93
1183.99
1183.03
1189.95
1188.04
1193.05
1188.99
1191.14
1195.91
1188.04
1189.95
1191.14
1190.90
1191.85
1186.85
1196.86
1184.94
1189.95
1190.90
1188.04
1188.99
1194.00
1191.14
1187.09
1188.04
1197.10
1187.09
1190.90
1191.85
1191.85
1188.04
1192.09
1189.95
1188.99
1188.99
1192.09
1189.95
1189.95
1192.09
1189.95
1189.95
1192.09
1191.14
1189.95
1184.94
1194.95
1186.85
1189.95
1194.00
1193.05
1186.85
1184.94
1192.09
1188.99
1189.95
1194.95
1190.90
1191.14
1193.05
1191.14
1190.90
1185.89
1198.05
1186.85
1192.81
1194.95
1187.09
1191.14
1194.95
1187.80
1191.85
1185.89
1195.91
1188.99
1191.85
1194.95
1190.90
1186.85
1194.00
1190.90
1188.04
1187.09
1201.87
1188.99
1185.89
1191.85
1188.99
1187.80
1191.85
1190.90
1190.19
1188.04
1195.91
1187.80
1190.90
1193.05
1188.99
1191.85
1191.85
1189.95
1188.99
1189.23
1194.95
1187.09
1189.95
1191.14
1188.99
1190.19
1189.95
1194.95
1187.80
1188.99
1189.95
1188.99
1191.14
1194.95
1187.80
1188.04
1186.13
1193.05
1186.13
1188.99
1195.19
1187.09
1187.09
1188.04
1188.04
1188.04
1188.04
1191.85
1188.99
1187.09
1194.00
1187.09
1188.04
1188.99
1245.98
1172.07
1185.18
1173.97
1184.23
1184.94
1187.80
1188.04
1188.04
1188.99
1191.85
1190.19
1187.09
1194.00
1190.19
1188.04
1194.95
1188.99
1184.94
1188.99
1195.91
1186.85
1187.80
1188.99
1188.04
1187.09
1194.00
1190.19
1183.03
1187.09
1191.14
1188.04
1189.95
1194.00
1190.90
1190.90
1194.00
1186.85
1188.99
1188.04
1198.05
1193.05
1188.04
1197.10
1188.04
1190.19
1194.95
1185.89
1191.14
1188.99
1194.00
1188.99
1187.09
1192.09
1191.14
1190.90
1190.90
1192.09
1187.09
1193.05
1190.19
1185.89
1193.05
1194.00
1188.99
1188.99
1188.04
1197.10
1188.99
1189.95
1191.14
1186.13
1185.89
1190.90
1184.94
1191.14
1187.09
1195.91
1186.85
1186.85
1190.90
1190.90
1187.09
1192.09
1188.99
1187.80
1186.85
1194.95
1187.09
1184.94
1191.85
1191.85
1191.85
1191.14
1188.99
1190.19
1188.04
1197.10
1186.13
1188.04
1193.05
1187.09
1188.99
1191.85
1192.81
1189.95
1190.90
1194.00
1189.95
1186.85
1193.05
1184.94
1189.95
1187.80
1194.00
1190.90
1188.04
1186.85
1188.99
1187.09
1191.14
1188.04
1187.09
1188.99
1190.19
1193.05
1188.99
1193.05
1191.14
1191.14
1191.14
1186.85
1188.04
1185.89
1194.00
1188.99
1190.19
1192.09
1184.94
1187.80
1191.85
1188.99
1185.18
1188.99
1195.19
1188.99
1188.99
1192.81
1194.95
1193.05
1198.05
1193.05
1187.09
1187.80
1194.00
1189.95
1189.95
1190.19
1185.89
1188.04
1186.85
1193.05
1188.04
1187.09
1194.95
1188.04
1188.04
1191.14
1188.04
1188.04
1186.13
1197.10
1184.94
1190.19
1194.95
1188.99
1187.09
1194.95
1190.19
1192.09
1190.90
1194.00
1186.13
1194.95
1193.05
1188.99
1187.09
1193.05
1188.04
1186.13
1189.95
1195.91
1188.04
1191.14
1194.95
1191.85
1187.80
1190.90
1187.80
1188.99
1185.89
1195.91
1184.94
1187.09
1194.00
1189.95
1207.11
1194.00
1187.80
1188.99
1171.11
1168.01
1158.00
1138.93
1136.06
1125.10
1120.09
1118.90
1122.95
1114.13
1122.95
1118.18
1111.03
1116.99
1116.04
1117.94
1119.85
1128.20
1136.06
1137.02
1136.06
1132.01
1142.98
1153.95
1140.83
1149.89
1171.11
1155.14
1164.91
1159.91
1174.93
1165.15
1169.92
1175.88
1170.87
1158.00
1175.88
1159.91
1177.07
1163.96
1179.93
1162.05
1167.06
1182.79
1167.06
1187.09
1185.89
1188.99
1188.99
1191.14
1188.04
1189.95
1186.13
1194.95
1188.99
1188.99
1193.05
1188.99
1188.04
1188.04
1197.10
1184.94
1189.95
1194.00
1185.89
1187.09
1188.99
1189.95
1185.18
1186.85
1196.86
1184.94
1186.13
1195.91
1183.99
1209.02
1186.85
1185.89
1185.18
1179.93
1189.95
1183.03
1183.03
1183.99
1188.04
1187.09
1193.05
1190.19
1189.95
1187.09
1192.09
1188.04
1184.94
1192.09
1161.10
1163.01
1173.02
1172.07
1177.07
1171.11
1176.12
1173.97
1175.17
1176.12
1180.89
1174.93
1176.83
1180.89
1175.88
1183.99
1179.22
1176.83
1175.88
1173.97
1178.03
1175.17
1176.12
1183.99
1176.83
1175.17
1178.03
1171.11
1178.03
1174.93
1181.13
1178.98
1172.07
1177.07
1172.07
1173.02
1180.89
1182.79
1172.78
1174.93
1177.79
1178.03
1178.98
1181.13
1176.12
1179.93
1175.17
1179.93
1181.84
1177.07
1180.89
1175.88
1178.98
1181.13
1173.97
1175.88
1175.17
1178.98
1180.89
1172.07
1186.13
1175.17
1180.89
1173.97
1185.18
1178.03
1182.08
1178.03
1171.11
1179.93
1178.03
1179.93
1173.97
1176.12
1185.89
1177.07
1179.93
1180.17
1177.07
1179.93
1180.89
1182.08
1173.97
1173.02
1179.93
1176.83
1175.88
1178.03
1178.03
1178.98
1178.03
1178.03
1179.93
1177.07
1183.99
1171.83
1178.98
1185.89
1179.22
1178.03
1176.12
1179.93
1175.88
1176.12
1178.03
1173.02
1176.83
1175.88
1179.93
1175.17
1172.07
1181.13
1172.07
1175.17
1182.08
1175.88
1178.03
1177.07
1183.99
1174.93
1173.02
1179.93
1177.07
1174.21
1178.03
1179.93
1181.84
1172.78
1181.84
1176.83
1174.93
1178.03
1175.88
1176.12
1182.08
1181.13
1176.12
