1063.11
980.85
988.96
980.14
25085.93
1029.97
1032.11
1031.16
1035.93
1010.89
999.93
993.01
1003.03
988.01
993.01
998.02
25086.88
1004.93
990.87
996.83
1005.89
993.97
995.16
983.00
978.95
977.99
969.17
962.97
25073.05
989.20
989.91
984.91
977.04
972.99
970.84
972.99
999.93
979.90
973.94
983.00
25095.94
1023.77
1019.00
1007.08
986.10
982.05
983.95
981.81
25104.05
1028.06
1016.14
1008.99
1036.17
1003.98
1008.03
993.01
25065.90
995.87
990.87
1012.80
1012.09
1005.89
998.97
25031.09
1055.00
1024.96
991.11
993.01
1019.95
1019.95
1007.08
25035.14
1037.12
1003.98
983.95
989.20
991.11
981.09
982.05
25017.98
1015.90
976.80
988.01
998.97
978.95
972.99
972.03
21249.06
1060.96
1024.96
1024.96
1024.96
1019.00
1024.96
1005.89
21096.94
998.97
983.95
971.08
979.19
978.95
978.95
973.94
25069.00
1018.05
992.06
980.14
988.01
997.07
986.10
992.06
25074.96
990.87
976.80
975.85
983.95
973.94
977.99
983.95
25064.95
1017.81
1067.88
1005.89
1012.80
999.93
996.11
998.97
25135.04
1056.91
1033.78
1028.06
993.97
1000.17
998.02
25016.07
1104.83
1055.00
1039.03
1047.13
1043.08
1048.09
1049.04
25108.10
1056.19
1044.99
1031.16
17113.92
1030.92
1019.95
1026.15
1009.94
1008.99
1019.00
1016.14
25110.96
1044.99
1044.99
1052.86
1024.01
1028.06
1032.11
17061.95
1034.98
1011.13
993.97
1006.84
995.87
1008.99
1003.98
25070.19
1039.03
1013.04
1006.13
1026.15
1007.08
1007.08
1003.03
25115.97
1012.09
993.01
1021.86
986.81
972.03
983.95
983.95
25088.07
1025.20
994.92
996.83
1003.98
1029.01
1030.21
1024.96
25105.00
1033.07
1022.10
1018.05
1029.01
1019.00
1021.86
25038.00
1058.10
1014.95
995.87
1007.80
987.05
982.05
980.14
21022.08
1058.10
1009.94
1004.93
1008.03
997.78
988.96
994.21
25045.87
1064.06
1021.15
1013.99
1003.98
918.87
1015.90
1022.82
25101.90
1042.84
1020.91
1019.00
1019.95
1011.85
1010.89
1017.09
25080.20
989.91
977.99
972.03
1000.88
1017.09
1007.08
1006.13
25084.02
1009.94
1053.09
1000.17
1013.04
1002.07
1014.95
25024.89
1049.04
1031.88
1029.01
1017.09
1009.94
1027.82
1031.88
25069.00
1081.94
1044.99
1043.08
1010.89
1027.82
1013.04
1023.05
1019.95
997.07
994.92
990.87
25086.88
1002.79
985.86
978.95
981.81
969.89
973.94
969.17
973.94
1008.99
1024.01
1008.99
25130.03
1000.88
991.82
993.01
984.91
1010.89
1008.99
1010.89
1009.94
998.97
989.91
994.21
25075.91
1005.17
988.96
983.95
988.01
978.95
978.95
974.89
987.77
983.95
982.05
998.97
25079.01
1003.98
980.14
976.09
977.99
986.10
987.05
991.82
991.82
992.06
979.90
975.85
25079.01
988.96
976.80
973.94
993.97
974.89
984.19
981.09
1007.08
1086.95
1084.80
1086.00
25120.97
1053.09
1024.96
1024.96
1044.99
1060.01
1047.13
1060.96
1054.05
1055.96
1050.00
30471.80
1064.06
1014.95
959.87
979.90
973.94
974.89
25095.94
1041.89
1021.15
1013.99
1026.15
1013.99
1011.85
25052.79
1073.12
1020.91
1023.05
1013.99
1021.86
1011.85
1006.84
25051.83
1014.95
984.19
998.97
1011.13
966.07
972.03
977.04
25027.04
1043.08
1006.13
1013.99
1025.20
1013.04
1017.09
1003.03
25095.22
1029.01
1017.09
1009.94
1019.95
1008.03
1011.13
1013.99
25108.81
1027.82
1010.89
1002.07
25075.91
1010.89
996.11
993.01
990.15
982.05
983.95
975.13
1008.99
1008.99
1019.95
25046.83
1061.92
1021.86
1024.01
1007.08
993.97
991.82
995.87
994.92
980.85
983.00
984.91
25018.93
1036.88
992.06
983.00
977.04
982.05
983.00
978.95
991.11
980.14
993.97
998.97
25023.94
1072.88
1021.86
1025.92
1017.09
1021.15
1014.95
1013.04
1013.04
1008.03
1007.08
1007.08
25047.06
1060.96
1030.21
1014.95
1019.00
1013.99
1019.95
1008.99
1020.91
1013.04
1013.99
1008.99
25125.03
1039.98
1020.91
1019.00
1024.96
1019.95
1018.05
1015.19
1025.92
1015.90
1013.04
25033.00
1085.04
1027.11
1017.09
1026.15
1014.95
1019.00
1017.09
1022.10
1012.09
1017.09
1013.04
25058.98
1068.83
1026.87
1016.14
1027.11
1019.00
1017.81
1016.86
1029.01
1022.10
1018.05
1013.99
25118.11
1033.07
1021.15
1019.95
1025.20
1019.95
1021.15
1019.00
1022.82
1019.95
1017.09
25048.02
1077.89
1029.01
1021.86
1028.78
1016.86
1016.86
1021.86
1018.05
1017.09
1014.95
1015.90
25060.18
1060.01
1017.81
1019.00
1024.01
1019.00
1020.91
1013.99
1023.05
1018.05
1014.95
1017.81
25118.11
1030.21
1018.05
1015.90
1024.01
1016.14
1013.04
1013.99
1022.82
1017.81
1018.05
25050.88
1060.96
1020.19
1015.90
1022.82
1015.90
1013.04
1020.91
1023.05
1019.00
1010.89
1016.14
17069.10
1075.03
1033.07
1036.17
1015.90
1018.05
1003.98
1016.86
1027.82
1001.83
998.02
993.97
25127.89
1032.11
1029.01
1019.95
988.01
982.05
980.14
982.05
991.11
986.10
995.16
999.93
25130.99
1028.06
1031.16
1017.09
1027.11
1010.89
1008.99
1016.14
1006.13
1008.99
1012.09
25053.98
1072.88
1016.86
1020.91
1025.20
1024.01
1026.15
1009.94
1010.89
1007.80
998.02
997.07
25054.93
1065.02
1024.96
1020.91
1010.89
977.04
979.90
991.11
994.21
993.01
1006.13
994.92
25107.86
1032.83
1031.88
1023.05
1004.93
1018.05
1015.90
1013.99
1013.99
1019.00
1015.90
1007.80
25122.88
1039.03
1037.12
1012.09
995.87
1003.03
999.93
991.82
980.85
983.95
985.15
25018.93
1077.89
1033.07
1015.90
1000.88
1008.99
1008.99
1004.93
1019.00
1008.03
1016.86
1004.93
25074.96
1091.00
1044.03
1048.09
1025.20
993.97
1002.07
995.16
994.92
985.86
978.23
979.90
25090.93
1050.95
1059.06
1054.05
1013.99
994.92
999.21
1000.88
1015.90
1005.89
1007.08
1007.80
25143.86
1051.90
1028.78
1019.95
1031.16
1016.14
1020.91
1024.01
1023.05
1018.05
1015.19
25069.95
1060.01
1022.10
1024.01
1013.04
1019.00
1023.05
1011.85
1008.99
1004.93
988.01
992.06
25091.17
1014.95
984.91
989.20
992.06
989.91
1002.07
1004.93
1010.89
997.07
1011.85
998.97
25094.99
1005.89
988.96
981.09
1003.98
1030.92
1024.96
1019.00
1027.11
1016.86
1016.86
1019.95
25093.08
1001.12
991.11
997.07
1023.05
1019.95
1013.04
1038.07
1018.05
1008.03
1007.80
25038.00
1052.14
998.02
1001.83
995.87
1004.93
993.97
990.87
993.01
978.95
988.01
983.00
25017.02
1057.86
989.91
986.10
986.10
1001.12
1007.08
997.07
1018.05
1007.08
1021.15
1018.05
25068.04
1070.02
1019.95
1017.09
1020.19
1013.99
1012.09
1004.22
1003.98
991.11
981.09
977.04
25087.12
1057.15
1030.92
1027.82
1013.99
992.06
993.97
994.92
1003.03
1006.84
1001.83
998.97
25115.01
1024.96
1021.15
1018.05
1019.00
1021.86
1025.92
1015.19
1009.94
1021.86
1016.86
25048.97
1070.98
1022.82
1020.91
1025.20
1013.99
1013.99
1016.86
1026.87
1014.95
1013.04
1010.89
25067.09
1060.01
1024.01
1014.95
1027.82
1020.91
1015.19
1018.05
1026.15
1019.95
1011.85
1017.81
25128.84
1043.08
1018.05
1003.98
1025.92
1010.89
1003.98
1011.85
1012.80
1005.89
1003.03
25038.96
1064.78
1019.00
1011.13
1012.09
1009.94
1017.09
1013.99
1025.92
1023.05
1014.23
1013.99
25049.92
1055.96
1017.09
998.02
993.97
993.97
982.05
980.14
985.15
982.05
980.14
990.87
25033.95
1042.13
1010.18
1002.07
1021.86
1002.07
1008.03
1004.93
1019.00
1021.15
1019.00
1003.98
25101.90
1041.89
1019.00
1013.99
1031.16
1012.09
1029.97
1013.99
1024.01
1019.00
1017.81
1019.00
25115.01
1024.01
1018.05
1023.05
1024.01
1013.99
1019.95
1022.10
1023.05
1019.95
1017.81
25058.98
1065.02
1029.01
1025.92
1026.87
1019.00
1016.14
1019.00
1027.11
1023.05
1019.95
1021.86
25119.78
1038.07
1023.05
1014.95
1024.01
1015.90
1013.04
1017.09
1025.92
1022.82
1016.86
33033.85
1069.07
998.02
993.01
976.80
979.90
989.20
988.01
985.15
984.91
977.04
978.95
979.90
25086.16
1000.17
992.06
993.97
1001.83
1001.83
1005.89
1008.99
1002.07
988.96
993.01
25027.99
1055.00
1004.93
1000.88
998.97
993.01
998.97
988.96
987.05
985.86
981.81
983.00
25011.06
1068.12
1029.01
1015.90
1023.77
1003.03
1001.12
998.97
1005.17
993.01
997.07
1002.07
25052.79
1056.91
1000.88
989.91
977.99
1009.94
1006.13
993.01
1004.22
1004.93
1006.84
1012.80
25044.92
1036.88
1005.17
1003.98
1000.17
1011.13
1002.07
998.02
1007.08
1016.14
1004.93
1003.03
25095.94
1015.90
1011.85
1004.93
1016.14
1014.95
1008.99
1003.98
1013.99
998.97
1000.17
1006.13
25105.00
1034.02
1011.85
1024.01
1025.92
1024.01
1018.05
1021.15
1009.94
1016.86
1034.98
25058.03
1063.82
1008.03
989.91
985.86
1025.92
1034.98
1019.00
1024.96
1019.95
1018.05
1016.86
25048.97
1034.02
1007.80
992.06
1005.89
988.01
985.86
984.91
984.91
992.06
985.15
991.11
25035.14
1023.05
996.11
1001.12
998.97
1001.83
1003.03
1012.09
1008.03
1014.95
1004.93
1007.08
25117.16
1022.10
1010.89
1005.89
1013.04
1013.99
1022.10
1012.09
1027.11
1008.99
1012.80
1024.96
25134.09
1047.85
1045.94
1028.06
1024.01
1017.09
1019.00
1027.11
1020.91
1015.90
1020.19
25059.94
1066.92
1024.01
1024.01
1022.10
1019.95
1021.86
1017.81
1030.92
1018.05
1018.05
1017.81
25120.02
1033.07
1024.01
1018.05
1026.87
1020.91
1016.14
1018.05
1029.01
1019.00
1027.11
21045.92
1076.94
1016.14
1029.97
1016.86
1024.96
1034.02
1030.21
1029.01
1012.09
1017.09
1017.09
25045.16
1055.00
1015.19
1015.90
1020.91
1010.89
1018.05
1013.04
1015.90
1009.94
1016.14
1012.09
25110.96
1024.96
1019.95
1014.95
1043.08
1025.20
1018.05
1018.05
1027.11
1024.96
1024.96
25041.10
1061.20
1024.01
1006.13
1007.08
1005.17
993.01
995.16
992.06
987.05
987.05
981.09
25008.20
1029.97
983.95
982.05
986.10
987.05
976.80
984.91
991.11
986.10
995.16
992.06
25011.06
1038.07
1001.12
1006.13
1008.99
998.97
993.97
998.02
1005.89
1008.99
1002.07
999.93
25030.85
1057.86
1026.87
1009.94
1014.95
1019.00
1003.03
1002.07
1010.18
1003.98
1003.98
1004.93
25050.88
1038.79
1013.04
1013.04
1021.15
1008.03
997.07
1006.13
1006.13
1003.98
1000.17
1003.03
25089.03
996.83
978.95
980.14
993.97
988.01
992.06
986.10
988.01
1019.00
1008.99
1005.17
25106.91
1021.86
989.91
984.91
997.07
987.05
985.15
986.10
975.13
1003.98
1020.19
1000.88
25120.97
1027.11
1016.14
1024.96
1016.86
1013.99
1025.92
1010.89
1020.91
1031.16
1018.05
25058.98
1062.87
1008.03
994.92
992.06
984.91
982.05
980.85
990.87
1026.87
1040.94
1026.15
25064.95
1044.99
1012.09
1018.05
1013.04
1005.17
1024.96
1009.23
1024.01
1017.09
1008.03
1007.80
25098.80
1044.99
1019.00
1025.92
1014.95
1013.04
1000.17
996.11
1013.99
1006.13
1001.12
1006.84
25080.92
1001.83
985.86
979.90
996.11
993.97
994.92
993.97
988.01
987.05
982.05
985.86
25072.81
993.97
986.10
977.99
998.02
999.93
1003.98
999.93
1008.03
998.97
993.01
995.87
25119.07
1030.92
1010.89
1008.99
1013.04
1011.13
1003.03
1006.13
1005.17
1004.93
1023.05
25048.97
1065.97
1016.86
1032.83
1008.99
1029.01
1013.04
1012.80
1034.02
1013.99
1013.99
1008.99
25052.07
1061.92
1034.02
1025.92
1024.96
1023.05
1019.00
1020.91
999.93
986.10
983.95
984.91
25096.89
1035.93
1031.16
1028.06
1024.01
1009.94
999.93
1008.03
17136.10
1028.06
1029.01
1008.99
1008.99
1027.11
1012.09
25056.12
1096.01
1039.98
1024.01
1026.15
1026.15
1021.86
1025.92
25094.03
1021.86
1008.99
1008.99
1006.84
983.95
987.05
992.06
25099.99
1015.90
1006.84
1011.85
1014.95
1017.09
1007.08
1003.03
25130.03
1037.12
1024.01
1030.21
1017.09
1013.04
1018.05
25041.10
1067.16
1033.07
1020.91
1029.01
1016.14
1023.05
1012.09
25057.08
1074.08
1033.07
1017.09
1039.03
1020.91
1017.09
1017.09
1044.03
1057.86
1041.17
1039.03
25108.10
998.97
985.86
978.95
1028.06
1043.08
1037.12
1044.99
1044.99
1039.98
1037.12
25071.14
1086.95
1041.89
1042.13
1042.13
1034.98
1034.98
1035.93
1003.03
1008.99
1000.88
998.97
29093.98
999.93
985.86
981.81
984.91
977.99
978.95
981.81
974.89
1012.80
1002.07
1010.89
25121.93
1016.86
1001.83
1003.03
968.93
1008.03
998.02
1011.13
1019.00
1002.07
993.97
989.91
25089.98
998.02
984.91
979.19
990.87
980.85
979.90
979.90
967.03
998.97
989.91
992.06
25100.95
1000.88
993.97
994.92
971.79
992.06
981.09
976.09
980.85
982.05
983.95
993.01
25105.95
1013.04
1008.99
1014.95
1011.85
1003.03
1013.99
1002.07
25089.98
1001.12
986.10
983.95
1026.87
1013.99
1014.95
25056.84
1040.94
995.87
990.15
1003.03
1003.03
993.01
1008.03
25029.18
1045.94
1006.84
1000.88
1019.00
1000.88
1003.98
1013.99
25043.96
1062.15
1028.06
1034.02
1018.05
1019.95
1008.99
1009.94
25103.09
1024.96
1003.03
989.91
994.92
984.91
986.10
982.05
25093.08
998.02
982.05
985.86
996.83
996.83
1000.88
991.82
977.99
981.09
985.15
983.95
25079.01
1002.07
988.96
985.86
988.96
993.01
987.05
998.02
1008.03
995.16
1008.99
1001.12
25112.15
1008.99
1006.13
1010.18
1008.03
1001.12
998.02
1013.04
993.01
1005.89
1022.82
1021.86
33114.91
1015.90
988.01
994.92
998.97
999.93
1003.98
1008.99
1014.95
998.97
997.07
25030.14
1053.09
1013.99
1018.05
1008.03
1004.93
1003.98
1003.98
1006.84
1044.03
1029.97
1029.01
25060.89
1061.92
1025.92
1029.01
1010.89
1005.89
1008.99
1004.93
1012.80
1003.03
1003.98
1003.98
25099.04
1024.01
1012.80
1012.80
1003.98
1011.13
1005.89
1000.88
998.02
1007.08
1004.93
1003.03
41118.86
1019.95
999.21
984.91
988.01
979.90
983.00
983.00
25087.12
1001.12
998.97
998.02
1006.84
998.02
1006.13
997.07
25100.95
1030.92
1034.02
1009.94
1023.05
1016.14
1013.04
25062.08
1099.82
1041.89
1032.83
1040.94
1033.07
1034.98
1034.02
25130.99
1055.96
1039.98
1035.93
1044.03
1040.94
1039.98
25069.00
1060.01
993.01
979.90
983.00
1057.86
1040.94
1039.98
17076.02
1062.15
1014.95
999.93
1007.08
990.15
993.01
992.06
25033.00
1026.87
992.06
997.07
998.02
992.06
994.92
991.11
25042.06
1042.13
1011.13
1013.99
1011.13
997.07
997.07
998.02
25078.06
1029.97
1018.05
1008.99
1007.08
986.10
988.96
986.10
25078.06
1000.88
987.05
986.81
990.87
977.99
979.90
978.95
25082.11
1011.13
997.07
997.07
1013.99
1048.09
1051.19
1050.00
17111.06
1031.88
1023.05
1042.13
1044.03
1045.94
1044.03
15282.15
1078.13
1049.04
1045.94
1026.87
1034.98
1019.00
1027.82
1019.00
1011.13
33118.96
1052.86
1040.94
1043.08
1043.08
1048.09
1059.06
25096.18
1073.12
1044.99
1035.21
1041.89
1036.88
1022.82
1011.85
25094.99
1031.16
1019.00
1010.18
1016.86
998.02
1002.07
1002.07
25128.13
1035.93
1019.95
1010.18
991.11
998.02
1003.98
29028.89
1044.99
997.07
992.06
998.02
995.87
993.97
993.01
25026.80
1074.08
1030.92
1033.78
1012.09
1010.89
1001.83
1003.03
25048.97
1064.06
1031.88
1039.03
1039.98
1029.01
1021.86
1025.92
25109.05
1045.94
1032.11
1024.96
1024.01
1024.01
1022.10
25045.16
1068.12
1007.08
1005.17
999.93
1005.89
1000.88
996.83
29026.03
1098.87
1049.04
1039.98
1046.18
1043.08
1039.03
1037.12
9138.11
1095.06
1065.02
1059.06
17097.95
1002.07
995.87
991.11
996.11
975.13
982.05
988.96
25074.96
1003.98
999.93
1012.09
1014.95
1012.80
1011.85
25051.83
1054.05
998.97
998.97
991.11
1012.09
1027.11
1024.96
25078.06
1044.99
1017.09
1009.94
1015.90
1008.99
1010.89
1018.05
25091.89
1044.03
1021.86
1011.85
1022.82
1021.86
1013.99
1010.89
25129.08
1060.01
1059.06
1039.03
1052.86
1042.84
1047.85
25079.01
1080.04
1021.86
1015.19
1015.90
1013.04
1003.03
1001.12
25045.16
1029.01
995.87
993.01
1000.88
993.01
988.96
988.01
21039.96
1019.95
997.07
992.06
1002.07
987.05
987.05
993.97
25071.86
1039.03
1025.92
1029.97
1003.03
993.01
986.81
988.96
25105.00
1034.02
1021.86
1013.99
1008.99
1000.88
993.01
995.87
25113.82
1024.96
1013.99
1029.97
1020.19
1024.96
1016.86
25055.17
1049.04
1016.86
989.91
998.02
1041.89
1039.03
1024.96
25063.99
1021.86
984.91
986.81
984.91
985.86
985.86
989.20
25022.03
1021.86
988.01
987.05
999.93
984.91
985.15
990.15
25048.97
1068.83
1049.04
1031.88
1018.05
1004.93
1005.89
1000.17
17117.02
1073.12
1070.98
1073.84
1035.93
1055.00
1046.90
25086.88
1122.00
1067.16
1062.87
1071.93
1064.78
1064.06
1074.08
25172.00
1093.15
1079.08
1088.14
1071.93
1075.03
1079.80
25104.05
1055.96
1009.94
999.21
1002.07
1029.97
1024.01
1015.90
29101.85
1015.90
1014.95
1012.09
1000.17
992.06
992.06
988.01
25111.91
1038.07
1038.07
1023.05
1027.11
1024.01
1021.86
25053.02
1074.08
1031.16
1034.02
1024.01
1023.05
1025.92
1028.06
25069.95
1075.03
1030.92
1026.87
1044.03
1066.92
1055.96
1046.18
25115.97
1020.19
1014.95
1020.91
1033.07
1038.07
1047.85
25071.86
1082.90
1042.13
1039.98
1044.03
1033.07
1033.07
1032.11
25125.03
1050.95
1040.94
1037.12
1047.13
1032.11
1030.92
1031.88
25077.82
992.06
984.91
977.99
1040.94
1035.93
1041.17
25065.90
1044.03
1006.13
998.02
1002.07
997.07
993.97
996.11
33046.01
1043.08
1005.89
999.21
1008.03
1002.07
1007.08
1001.12
17031.91
1066.92
1047.85
1034.98
1039.98
1050.95
1060.96
1064.06
25156.02
1062.15
1045.94
1047.13
1032.11
1039.98
1048.09
25103.09
1094.10
1060.96
1050.00
1057.15
1049.04
1047.13
1039.03
33152.10
1059.06
1052.14
1051.90
1037.84
1039.03
1042.13
25072.10
1061.92
1021.86
1032.83
1032.83
1020.91
1009.94
1016.14
25053.98
1037.84
999.93
992.77
1003.98
1005.17
992.06
982.05
25086.16
1029.97
1002.79
997.07
982.05
988.01
988.01
980.85
25092.84
1034.02
1024.01
1021.15
1017.09
1003.98
995.87
999.93
21096.94
1009.94
1002.07
990.87
1008.03
999.93
1003.03
1008.03
25084.97
1004.93
985.86
986.81
1016.86
1021.86
1020.19
25062.08
1038.07
987.05
997.07
997.07
991.11
992.06
995.16
25026.08
1047.13
1012.09
999.93
999.93
1001.83
995.87
998.97
25036.10
1048.09
1018.05
1018.05
1001.83
983.95
983.95
988.01
37038.09
1068.12
1021.15
1030.92
1019.95
1016.14
1009.94
1003.03
25105.95
1037.84
1021.86
1029.97
1029.97
1009.94
1014.95
1008.99
25114.06
1027.11
1013.99
1016.14
1020.91
1016.86
1009.94
25045.16
1063.11
1013.99
1017.81
1010.89
1034.98
1019.95
1016.86
25060.89
1063.82
1029.97
1038.07
1050.00
1039.03
1048.09
1033.07
9124.99
1030.92
1027.11
1034.02
17108.92
1011.13
1008.99
999.93
1031.16
1031.88
1034.98
25068.04
1062.87
1019.95
1034.02
1018.05
1013.99
1019.95
1032.83
25102.85
1061.92
1020.91
1012.09
1028.06
1010.18
1013.99
1003.98
25116.92
1031.88
1019.95
1003.03
1001.83
1024.96
1008.99
1020.91
25083.78
998.97
997.78
989.91
989.91
982.05
984.19
976.09
25080.92
1021.86
1005.89
1003.03
999.93
1001.83
996.83
1001.12
1057.15
1061.92
1049.04
25083.07
1068.12
1044.03
1019.00
1018.05
1028.06
1025.92
1021.86
1030.92
1011.13
1008.03
1004.93
25101.90
1013.99
1002.07
1008.03
1015.19
1013.99
1019.95
1028.06
967.03
995.16
1004.93
1004.93
25158.17
1074.08
1071.93
1062.87
988.96
997.07
1003.98
1015.19
1010.89
1014.95
1017.09
25057.08
1060.01
1009.94
1024.96
1015.90
1021.86
1025.92
1011.13
1041.89
1071.93
1058.82
1055.00
25121.93
1039.98
1024.01
1013.04
1053.81
1049.04
1045.94
1044.99
1043.08
1042.13
1044.99
21068.10
1013.99
978.95
983.00
988.96
992.77
988.96
988.01
29037.00
1047.13
1023.05
1012.09
1027.11
1011.13
1020.91
1016.86
25135.99
1030.92
1009.94
1000.17
998.02
1024.01
1024.01
1029.97
25114.77
1022.10
1015.90
1024.96
1024.01
1037.84
1032.83
25056.84
1091.00
1055.96
1047.13
1035.93
1036.88
1055.00
1052.86
25131.94
1028.78
1008.03
1002.07
1002.07
1032.11
1043.08
1031.16
25158.88
1044.03
1046.90
1034.98
1032.11
1029.01
1029.01
21065.95
1034.98
1001.12
991.11
991.11
1045.94
1035.93
1024.96
1035.93
1027.11
1032.11
1026.15
25120.97
1048.80
1028.06
1024.96
1042.84
1024.01
1031.88
1020.91
1061.92
1069.07
1065.02
25092.84
1101.02
1073.12
1043.08
1035.93
993.01
997.07
997.07
998.97
989.91
988.01
995.87
25058.03
1029.01
1005.17
1004.93
1013.99
1013.04
1013.99
1027.82
986.81
1013.99
1008.03
1007.08
25124.07
1043.80
1032.83
1039.98
1008.99
1024.01
1013.99
1003.03
1031.88
1007.80
1007.80
25042.06
1053.09
1026.15
1015.90
1013.04
1008.99
1016.14
1013.04
13042.21
1084.09
1033.07
1029.97
1012.80
1046.90
1053.81
1047.85
1048.80
1041.89
1043.08
1044.99
33112.05
1018.05
1004.93
993.01
1008.99
1007.08
1003.03
1016.14
25080.92
998.02
993.97
1003.98
1001.12
997.07
995.16
25031.09
1058.10
1025.20
1013.04
1019.95
1016.86
1016.86
1015.90
29047.97
1064.06
1041.17
1029.97
1029.97
1028.06
1022.10
1023.05
1029.97
1023.05
1024.96
1021.15
29108.05
1013.04
991.11
993.01
1016.86
988.96
988.96
980.85
977.04
1013.04
1024.96
1004.93
1003.03
996.83
984.91
988.01
976.09
989.91
991.82
988.96
13130.19
1048.09
1044.03
1046.18
990.87
995.87
984.91
983.00
978.95
977.04
973.94
975.13
25162.94
1080.04
1059.06
1044.99
978.95
988.01
984.91
994.21
997.07
1006.13
994.92
29037.95
1070.02
1035.93
1015.19
1013.99
1004.22
998.97
995.16
997.07
998.02
991.11
986.10
25037.05
1027.11
982.05
975.13
981.09
967.98
970.84
974.89
991.11
983.00
984.91
997.78
25045.87
1048.09
1013.99
1007.08
1025.20
1008.03
1024.01
1018.05
1019.00
1006.84
1023.05
1005.89
25110.96
1019.00
1015.90
1006.13
1028.06
1008.99
1025.92
1012.80
1024.96
1020.19
1020.91
1026.87
25118.83
1029.97
1026.15
1035.93
1035.93
1025.20
1038.07
1044.99
1036.17
1035.93
1035.21
25069.00
1074.79
1040.94
1038.07
1025.92
1019.00
1013.99
1012.09
1013.04
1000.17
1001.12
994.92
25108.81
1008.99
1001.12
989.91
995.87
984.91
983.95
982.05
983.95
969.89
972.99
972.03
25079.01
992.06
987.05
991.82
989.91
993.01
998.97
1001.12
1008.03
1013.04
1016.14
1005.89
25110.01
1036.17
1024.01
1018.05
1017.09
1013.99
1013.04
13040.07
1063.11
1029.01
1034.02
1017.09
1028.06
1029.01
1016.14
1016.86
1013.99
1008.03
1000.17
25037.05
1055.00
1024.96
1026.87
1021.86
991.82
998.02
1001.12
1013.04
1013.99
1024.01
1020.91
25108.81
1043.08
1019.00
1013.99
1052.14
1059.06
1052.14
1048.09
1061.92
1047.85
1046.90
25077.82
1061.92
1018.05
1014.95
1012.80
1044.99
1057.15
1040.94
1047.13
1043.08
1038.07
1044.03
25095.94
998.97
977.99
978.95
1025.92
1070.98
1069.07
1061.92
1071.21
1060.96
1064.06
25083.07
1065.97
1006.13
995.87
999.93
1032.83
1031.88
1046.90
13096.81
1029.97
1003.03
989.91
1003.03
986.81
979.90
976.80
977.99
972.03
972.03
971.79
25027.04
1064.06
1030.21
1019.00
1034.02
1022.10
1029.01
1022.82
1041.89
1002.79
1008.03
1002.07
25124.07
1044.99
1030.21
1050.00
1044.99
1033.07
1034.98
1031.16
1017.09
1018.05
1013.99
25053.98
1051.19
1025.92
1015.90
1024.96
1011.13
1000.88
998.02
993.97
1005.89
1010.18
1003.03
25058.98
1013.04
987.05
980.14
990.87
988.01
987.05
987.05
990.87
1005.89
1017.09
1013.99
25110.96
1046.18
1013.99
1031.16
1025.92
1026.87
1020.91
1017.81
25120.97
1036.17
1037.12
1040.94
1017.81
1028.06
1039.03
1042.13
1035.93
1034.98
1034.02
25072.10
1078.84
1038.79
1031.88
1044.03
1037.12
1033.07
1034.98
1045.94
1034.98
1035.93
1029.01
25144.82
1051.90
1039.98
1053.09
1029.01
1034.02
1039.98
1049.04
1029.01
1037.12
1034.98
25076.87
1055.96
1019.00
1015.90
1027.82
1019.00
1020.91
1007.08
1020.91
1013.99
1003.98
994.92
25096.18
1017.09
993.97
998.02
988.01
978.95
985.86
980.85
992.77
981.81
977.99
976.09
21106.96
1039.98
1013.99
1013.99
1003.98
982.05
979.19
972.03
977.99
984.91
985.15
972.99
25131.94
1043.08
1027.11
1037.12
998.97
1008.99
1009.94
1019.00
1016.14
1013.04
1011.13
25049.92
1115.08
1061.92
1053.81
1034.98
986.10
1004.93
998.02
25042.06
1062.15
1027.11
1034.02
1051.19
1044.99
1034.98
1016.86
1029.01
1024.96
1026.15
1028.06
25141.00
1029.97
1013.04
1011.13
1003.03
1002.07
998.97
997.78
998.02
1002.07
983.00
25016.07
1044.99
995.16
988.96
980.14
983.95
975.85
978.95
980.14
986.10
984.91
983.95
983.95
25076.87
1010.89
997.07
1008.99
1002.07
1012.09
1011.13
1013.99
1008.99
1003.98
1010.18
25039.91
1060.01
1016.14
1014.95
1029.97
1008.99
1015.90
1016.86
1017.81
1020.91
1017.09
1005.17
25066.14
1044.99
1033.07
1015.90
1028.06
1017.09
1022.10
1027.11
1023.05
1021.86
1033.07
1029.01
25120.02
1047.13
1037.12
1028.06
1029.97
1016.86
1032.83
1022.82
1024.96
1034.98
1029.01
25077.10
1078.13
1045.94
1039.03
1050.95
1037.12
1042.13
1034.98
1045.94
1037.84
1038.07
1035.93
25141.95
1044.99
1039.03
1044.99
1037.12
1034.98
1026.87
1048.80
1029.01
1037.12
1035.93
1035.93
1042.13
1030.92
1033.07
1034.98
1024.01
1023.05
1027.82
25119.07
1028.06
1019.95
999.93
25096.18
1008.99
998.02
1001.83
1005.89
1003.03
1002.07
1013.99
1010.18
1004.93
995.87
993.97
25090.93
1018.05
1015.90
1027.82
1030.92
1022.82
1025.92
1019.00
971.08
985.86
983.95
25027.99
