1555.20
1385.93
13509.99
1459.12
1384.97
1372.10
1369.00
1369.00
25561.09
1403.81
1373.05
1369.00
1348.97
1373.05
25597.10
1400.95
13499.02
1461.03
1385.93
1680.14
1389.03
1369.95
25585.17
1410.01
13427.02
1506.09
1379.01
1390.93
1376.87
1369.00
25494.10
1474.14
1374.01
13590.10
1415.97
1379.97
1377.82
1360.89
29411.08
1564.98
1414.06
1384.97
1376.15
1361.13
17491.10
1463.89
1381.87
1389.03
1361.13
1348.97
17592.91
1414.06
1374.01
1363.04
1378.06
17461.06
1498.94
1385.93
1380.21
1363.04
1373.05
17511.13
1461.98
1383.07
1382.11
1358.03
1374.96
17606.02
1405.95
1379.01
1368.05
1372.10
17479.18
1493.22
1405.00
1387.83
1365.90
1358.99
17526.15
1487.97
1379.97
1404.05
1390.93
1355.89
29620.17
1405.00
1380.92
1380.92
1362.09
17520.90
1457.93
1390.93
1394.99
1384.02
1366.85
17604.83
1418.11
1392.13
1377.11
1379.01
17517.09
1482.01
1400.95
1395.94
1371.86
1381.87
17536.88
1432.90
1406.91
1379.97
1366.85
1358.99
17591.95
1399.04
1409.05
1363.04
1358.03
17498.02
1456.98
1383.07
1388.07
1357.08
1354.22
17574.07
1417.16
1398.09
1384.97
1356.12
18270.97
1547.10
1403.09
1399.04
16671.90
1441.00
1399.99
16628.03
1506.81
1396.89
1380.92
11636.97
1451.97
1461.98
16700.03
1499.89
1396.89
18635.99
1402.14
1386.17
15378.95
1466.99
1376.87
1379.97
1371.15
16783.00
1408.10
1358.99
16687.87
1454.83
1390.93
1369.00
11672.97
1380.92
1380.21
16675.95
1445.06
1391.17
1374.96
16799.93
1424.07
1384.97
16687.87
1456.98
1400.95
1383.07
14745.95
16762.02
1432.90
1405.00
11594.06
1462.94
1408.10
8090.97
1417.16
1384.97
16664.98
1468.90
1379.97
1382.11
16776.08
1427.17
1363.99
16791.82
2247.10
1382.11
11981.96
1501.08
1399.99
17570.02
1422.88
1379.01
16650.92
1523.02
1405.00
1363.99
16852.86
1410.96
1371.86
17024.04
1448.87
1384.02
1405.00
16790.15
1407.15
1389.03
16686.20
1482.01
1394.99
1382.11
16507.15
1404.05
1392.13
16174.08
1464.13
1388.07
1399.99
16689.06
1466.04
1381.87
1373.05
19860.98
1401.90
1399.99
1362.09
1350.16
1363.99
1353.03
1361.13
17478.94
1454.11
1410.96
1375.91
1365.90
1348.97
17574.79
1410.96
1380.92
1371.15
1369.00
17459.87
1467.94
1386.88
1387.83
1379.97
1413.11
17675.16
1444.10
1380.21
1390.93
1390.93
1355.89
17571.93
1391.89
1415.01
1400.95
1365.90
17482.04
1466.04
1386.88
1384.97
1358.03
1367.09
17598.15
1417.16
1369.00
1405.95
1371.86
17482.04
1482.96
1379.01
1375.91
1374.01
1367.81
17496.11
1461.98
1384.02
1385.93
1379.97
1363.99
17594.10
1427.17
1390.93
1365.90
1349.93
17479.90
1466.99
1379.01
1390.93
1373.05
1357.08
17491.10
1451.97
1384.97
1400.95
1374.01
1379.97
17593.86
1394.99
1376.15
1372.10
1359.94
17497.06
1477.00
1387.83
1376.87
1358.99
1359.94
17498.97
1429.80
1375.91
1379.01
1355.17
1353.98
17600.06
1444.10
1500.13
1389.03
1364.95
17503.02
1451.02
1393.80
1402.85
1370.91
1368.05
17592.19
1416.21
1390.93
1374.96
1391.89
17476.80
1472.95
1379.97
1390.93
1369.00
1354.93
17472.98
1460.08
1397.85
1380.92
1362.09
1352.07
17589.09
1410.01
1406.91
1396.89
1368.05
17493.01
1461.03
1366.14
1381.16
1363.99
1376.15
17506.12
1442.91
1384.97
1393.08
1379.01
1376.15
17601.97
1405.00
1391.89
1370.91
1359.22
17488.00
1467.94
1382.83
1385.93
1368.05
1363.99
17586.23
1410.96
1363.04
1379.01
1344.92
1347.78
17629.86
1415.97
1374.01
1369.00
1368.05
17492.06
1460.08
1380.92
1375.91
1356.84
1353.98
17564.06
1399.04
1374.01
1374.01
1353.03
1354.93
17582.18
1394.99
1381.87
1376.87
1365.90
17493.96
1466.04
1385.93
1388.07
1374.96
1356.84
29615.88
1429.08
1410.96
1372.10
1359.94
25455.95
1487.02
1385.93
9459.02
1456.98
1364.95
13483.05
1443.15
1366.14
1395.94
1380.92
1372.81
25608.06
1403.09
13478.99
1453.16
1379.01
1394.99
1364.95
1375.91
25483.85
1461.03
1374.01
13581.99
1413.82
1370.91
1355.89
1363.99
17493.01
1602.89
1514.91
1393.80
1364.95
1366.85
25586.84
1412.87
1379.01
13592.00
1430.99
1396.89
1365.90
1349.93
25498.87
1459.12
1375.91
13509.99
1449.11
1387.12
1373.05
1358.03
1348.97
25604.01
1418.11
13494.01
1461.98
1384.02
1382.11
1367.09
1354.22
25487.90
1465.08
1373.05
9557.01
1415.01
9403.94
1482.01
1371.15
9455.92
1436.00
1379.01
9447.10
1433.13
1367.09
9488.11
1408.10
1373.05
9532.93
1400.95
9411.81
1487.97
1383.07
9450.91
1451.02
1382.83
9473.09
1456.02
1374.01
9526.97
1399.04
1369.95
9577.99
1411.91
9438.99
1422.17
1373.05
9447.10
1428.84
1376.87
9423.02
1421.93
1365.18
9532.93
1386.88
1365.90
9496.93
1383.07
9437.08
1435.04
1371.86
9433.98
1426.94
1380.92
9455.20
1418.11
1374.96
9505.03
1394.03
1365.90
9531.97
1381.87
9423.02
1449.11
2155.07
9526.01
1395.94
13429.88
1482.01
1384.02
1387.12
1375.91
1365.90
17468.93
1442.91
1378.06
1395.94
1398.09
1366.14
13546.94
1409.05
1368.05
9518.86
1395.94
9429.93
1450.06
1369.00
9438.04
1432.90
1369.95
13459.92
1417.88
1412.87
1393.08
1369.00
1359.94
17568.11
1402.14
1379.01
1350.16
1360.18
25461.91
1456.02
1394.03
13491.15
1481.06
1390.93
1394.99
1368.05
1371.15
25584.94
1414.06
13433.93
1523.02
1425.03
1381.16
1363.04
1357.08
25483.13
1456.98
1372.10
13558.15
1394.03
1370.91
1386.88
1371.86
1353.98
17548.08
1397.85
1358.03
1346.11
1343.01
25460.96
1448.87
1358.99
13462.07
1446.96
1359.22
1358.99
1348.97
1333.95
25557.04
1384.02
1361.85
13569.83
1373.05
1365.90
1338.96
1343.01
25454.04
1445.06
1363.04
13493.06
1434.80
1363.99
1363.04
1349.93
1353.03
25576.11
1399.04
1356.84
9550.09
1381.16
13475.89
1441.96
1365.90
1362.80
1344.92
1338.96
25477.17
1455.78
1369.00
13550.04
1405.00
1360.18
1365.90
1358.03
1346.11
25574.92
1391.89
13470.17
1453.16
1374.96
1356.84
1353.98
1343.01
25482.89
1456.98
1366.85
13570.07
1396.18
1358.03
1370.91
1338.01
1338.01
25573.97
1389.03
1384.02
1373.05
1358.03
1379.97
1350.16
1342.06
17473.94
1444.10
1387.83
1384.02
1366.14
1354.93
17558.10
1400.95
1367.09
1374.01
1355.89
1363.04
17547.85
1390.93
1379.01
1357.08
1354.93
17465.11
1444.82
1369.00
1377.11
1359.94
1364.95
17494.92
1427.89
1359.94
1379.01
1348.02
1346.11
17557.14
1398.09
1369.00
1366.85
1348.02
17461.06
1446.01
1365.90
1374.96
1367.09
1344.92
17478.94
1439.09
1376.15
1378.06
1365.90
1340.15
25576.11
1397.13
1376.15
13564.11
1394.99
1376.87
1355.89
1354.93
25478.12
1446.01
1375.91
13499.98
1449.82
1369.00
1371.15
1367.09
1353.03
25579.93
1402.85
13444.90
1466.04
1381.87
1379.01
1356.12
1348.02
25490.05
1446.01
1384.97
9536.98
1410.01
1369.95
9527.21
1382.11
13412.00
1478.91
1380.92
1371.15
1353.98
1355.89
25483.85
1452.21
1367.09
13478.99
1444.82
1369.00
1382.11
1355.89
1350.16
25588.04
1396.89
13468.98
1447.92
1388.79
1377.11
1364.95
1350.88
25482.89
1451.02
1369.00
13561.01
1414.06
1370.91
1396.18
1354.93
1364.95
23526.19
1413.11
1366.14
11603.12
1436.95
1382.11
1354.93
11692.05
1384.97
7893.09
1433.13
1371.86
1350.88
11684.89
1392.84
1369.95
11578.08
1433.85
1386.88
1364.95
11657.00
1384.97
1354.22
11593.10
1450.06
1363.04
1358.03
7951.97
1442.91
11530.88
1473.90
1363.04
1369.95
11590.96
1418.11
1377.11
1374.01
11673.93
1382.83
1349.93
11592.86
1439.09
1394.99
1356.84
11664.87
1395.94
1379.01
15106.92
1465.08
1395.94
1368.05
1369.00
11591.91
1421.93
1369.95
1360.18
11678.93
1383.07
1380.92
11590.00
1429.80
1370.91
1367.81
16769.89
1394.03
1353.03
11591.91
1434.80
1369.00
1371.15
11658.19
1399.99
1376.87
11570.93
1439.09
1369.00
1365.90
11569.02
1410.01
1353.98
1362.09
11668.21
1374.01
1353.98
6503.11
1412.15
1377.11
1354.93
11637.93
1381.87
1379.01
16650.20
1438.14
1371.15
1374.96
16718.86
1410.01
1374.01
15179.87
11724.95
1461.98
1375.91
1362.80
16737.94
1398.09
1368.05
16593.93
1479.86
1384.97
1369.00
16386.99
1438.86
1353.98
1376.15
16762.02
1394.03
8147.95
1433.85
1363.04
1342.06
21811.01
1400.95
9379.86
1489.16
1372.10
9438.99
1428.84
1369.00
9450.20
1419.07
1397.13
9641.17
1379.97
1359.94
9536.98
1379.01
9423.02
1436.95
1362.09
9441.14
1420.97
1370.91
9434.94
1417.88
1361.85
9474.04
1400.95
1355.89
9505.99
1389.98
1368.05
9489.06
1376.87
9418.96
1431.23
1373.05
9436.13
1418.11
1367.81
9424.92
1415.01
1369.95
9500.03
1389.98
1356.84
9515.05
1389.03
9388.21
1474.14
1405.00
9557.01
1409.05
1366.85
9431.84
1411.91
1364.95
9496.93
1384.97
1358.99
9500.03
1393.08
1351.12
9472.13
1369.00
9423.97
1421.21
1365.90
9441.85
1416.92
1368.05
9427.07
1410.96
1361.13
9490.97
1386.88
1358.03
9505.99
1385.93
1346.11
9465.93
1369.95
9428.98
1430.03
1380.92
5440.95
1421.21
1369.00
1369.95
1363.04
1344.92
21483.18
1464.13
1490.12
9531.02
1381.87
9419.92
1425.03
1375.20
9439.95
1429.08
1379.01
9444.95
1418.11
1357.08
9509.09
1385.93
1353.98
9517.91
1369.00
1356.12
9489.06
1366.85
9432.08
1428.13
1397.13
9564.16
1418.11
1369.00
9505.99
1393.08
1366.14
9526.97
1374.96
9389.88
1461.03
1373.05
9429.22
1434.09
1376.15
6048.92
1420.97
1363.99
1370.91
1355.89
13400.08
1468.18
1369.00
1375.91
1356.84
1348.97
17462.97
1438.14
1372.10
1363.04
1352.07
1351.83
17494.92
1425.98
1369.95
1367.09
1355.89
1353.98
17591.00
1384.97
1372.10
1375.20
1343.97
17469.88
1462.94
1372.10
1361.85
1346.83
1343.01
17475.13
1446.01
1372.10
1377.11
1355.89
1350.88
17591.00
1393.08
1363.99
1372.10
1362.09
17418.86
1492.98
1377.82
1374.96
1356.84
1348.02
17501.12
1447.20
1373.05
1374.96
1364.95
1354.93
17576.93
1402.85
1370.91
1365.90
1355.89
1346.83
17548.80
1388.07
1379.01
1353.03
1351.12
17470.12
1450.06
1381.87
1368.05
1360.89
1344.92
17513.99
1424.79
1368.05
1372.10
1357.08
1345.16
17593.15
1389.98
1370.91
1358.99
1348.97
17457.96
1473.90
1384.02
1375.91
1354.93
1353.98
17480.85
1438.14
1367.09
1385.21
1348.02
1358.99
17593.86
1394.99
1379.01
1367.09
1354.93
17478.94
1461.98
1385.93
1385.93
1362.09
1352.79
17488.00
1449.82
1381.87
1376.87
1358.03
1350.16
17572.16
1402.14
1385.93
1373.05
1357.08
17448.19
1482.01
1376.87
1379.97
1364.95
1344.92
17493.01
1452.21
1362.09
1371.15
1361.13
1350.88
17577.89
1405.95
1374.96
1367.09
1343.01
17394.07
1517.06
1381.87
1368.05
1366.14
1348.97
25497.91
1446.96
1369.00
9475.95
1418.83
1362.09
9525.06
1379.97
1367.09
9519.10
1380.21
9442.09
1432.90
1369.00
9442.09
1431.94
1359.94
9438.99
1409.05
1358.99
9524.11
1386.17
1369.95
9516.00
1383.07
9411.10
1430.99
1380.21
9427.07
1420.97
1375.91
9423.02
1414.06
1361.85
9451.87
1401.90
1362.09
9521.96
1381.87
1361.85
9511.95
1369.00
9411.10
1434.09
1360.89
9423.97
1420.02
1365.90
9434.94
1408.10
1360.89
9472.85
1390.93
1357.08
9508.85
1374.01
1362.80
9497.88
1380.92
9429.93
1425.98
1369.95
9425.88
1415.01
1362.09
9423.02
1405.00
1361.13
9483.10
1386.88
1362.09
9511.95
1383.78
1363.04
9490.97
1379.01
9430.17
1414.06
1371.86
9430.89
1407.86
1363.99
9437.08
1408.82
1373.05
9500.03
1386.88
1364.95
9526.01
1374.96
9384.87
1453.88
1363.04
9428.02
1874.92
1383.07
1395.94
1355.17
1357.08
1370.19
1349.93
1350.88
17601.97
1389.98
1387.12
1363.99
1360.18
17465.11
1460.08
1373.05
1369.95
1359.94
1347.06
17482.04
1436.00
1371.86
1374.01
1358.03
1350.88
17572.88
1389.98
1371.15
1363.99
1347.06
17434.12
1473.19
1369.95
1371.86
1363.99
1356.12
17479.18
1455.07
1367.09
1369.00
1360.89
1348.97
17588.14
1396.89
1356.84
1368.05
1346.11
1354.93
17549.99
1384.02
1374.96
1358.03
1349.93
17465.11
1447.92
1371.15
1379.01
1353.98
1363.04
17479.90
1433.13
1363.99
1365.90
1361.85
1360.89
17591.95
1390.93
1375.20
1365.90
1353.03
17462.02
1451.97
1374.96
1369.00
1355.89
1344.92
17489.91
1451.97
1375.20
1377.11
1366.14
1358.03
17592.19
1387.12
1377.11
1366.14
1356.12
17442.94
1471.04
1372.10
1375.91
1361.13
1347.06
17475.84
1447.92
1379.97
1378.77
1357.08
1348.02
17565.97
1394.99
1375.91
1386.88
1360.89
1355.89
17585.04
1383.07
1375.20
1363.99
1352.79
17488.96
1449.11
1370.91
1374.01
1356.12
1365.18
17580.99
1410.96
1379.97
1374.96
1361.85
1359.94
17544.03
1394.03
1376.15
1359.94
1353.98
17490.86
1454.11
1384.02
1371.86
1363.99
1355.17
17563.10
1415.01
1370.91
1389.03
1361.13
1350.16
25583.98
1403.09
1389.98
1369.00
1355.89
1362.09
1358.03
1350.16
17529.96
1441.96
1379.97
1372.10
1358.99
1344.92
17590.05
1405.00
1359.94
1389.98
1357.08
17410.04
1518.96
1389.03
1379.97
1372.10
1359.22
17482.04
1444.10
1373.05
1384.97
1356.12
1348.97
17570.97
1389.98
1370.19
1378.06
1358.03
1357.79
17566.92
1389.98
1378.06
1367.81
1350.88
29507.88
1507.04
1491.07
1374.01
1353.03
1351.12
1366.14
1352.07
1347.06
13555.05
1390.93
1369.95
1354.22
1355.89
1375.91
1358.99
1342.77
13442.99
1442.19
1369.00
1363.04
1351.83
1350.88
1369.00
1354.22
1354.93
13453.96
1425.98
1369.00
1378.06
1353.98
1345.87
1367.81
1353.98
1349.21
13531.92
1391.89
1362.09
1384.02
1353.98
1364.95
1354.93
1351.83
13417.01
1450.06
1369.95
1365.18
1362.09
1349.93
1354.93
1349.93
1343.97
13451.10
1432.90
1364.95
1373.05
1353.03
1359.94
1353.98
1351.12
1347.06
13531.21
1384.97
1363.04
1378.06
1357.08
1343.97
1363.04
1363.04
13395.07
1480.10
1373.05
1369.95
1348.97
1358.99
17457.96
1441.00
1365.18
1364.95
1356.84
1384.97
17516.14
1425.03
1370.91
1376.87
1359.94
1353.03
17574.07
1390.22
1369.95
1363.04
1348.97
17468.93
1446.96
1370.19
1380.92
1360.89
1353.03
17487.05
1446.96
1382.11
1368.05
1352.07
1350.88
17555.95
1394.99
1379.01
1350.88
1354.93
17444.85
1467.94
1366.85
1370.91
1365.90
1355.89
21487.00
1451.97
1374.01
1371.15
1346.11
1364.95
17568.83
1399.99
1369.00
1367.09
1341.82
1339.91
17546.89
1380.92
1374.96
1351.83
1348.97
17466.07
1443.86
1363.04
1367.09
1357.08
1355.17
17479.90
1447.92
1370.91
1368.05
1346.11
1352.07
17558.10
1389.03
1367.09
1363.99
1352.79
17381.91
1446.96
1352.79
1359.94
1355.89
1344.20
17452.00
1436.95
1360.89
1355.89
1344.20
1345.16
17467.02
1425.98
1358.99
1374.01
1353.98
1342.06
25584.94
1400.95
13409.85
1508.00
1368.05
1372.81
1360.89
1354.93
25486.95
1451.02
1369.95
13493.06
1424.07
1358.03
1375.91
1349.93
1347.78
25594.95
1392.84
13469.93
1464.13
1374.01
1370.19
1361.13
1349.93
25502.92
1467.94
1379.01
1387.12
1373.05
1352.79
17622.95
1402.85
1363.04
1358.03
1363.99
17446.99
1465.08
1372.10
1381.16
1372.10
1362.09
17487.05
1453.88
1369.00
1377.11
1362.09
1350.16
17576.93
1404.05
1375.20
1363.99
1352.79
17410.99
1514.91
1370.91
1370.19
1363.04
1353.03
17485.86
1453.88
1367.81
1370.91
1355.89
1356.12
17564.06
1409.05
1368.05
1390.93
1363.04
1363.99
29628.04
1399.04
1377.82
1362.09
1359.94
17491.82
1453.16
1388.07
1379.01
1353.03
1345.16
17594.10
1402.85
1366.85
9558.92
1389.98
1369.95
1353.98
1354.93
17466.07
1453.88
1378.06
1373.05
1358.99
1353.98
17490.15
1441.96
1374.01
1372.81
1358.03
1353.98
17583.85
1388.07
1374.01
1384.02
1349.93
17456.05
1462.94
1375.91
1368.05
1350.88
1348.02
17482.04
1449.82
1369.00
1367.81
1372.10
1344.92
1360.89
1346.83
1344.92
13551.00
1394.99
1369.95
1371.15
1360.18
1352.07
1353.03
1353.98
13428.93
1448.87
1365.90
1369.95
1352.07
1347.06
1356.84
1350.88
1349.93
13452.05
1429.08
1379.97
1373.05
1347.78
1348.97
1362.80
1343.97
1344.92
13535.02
1390.93
1358.99
1364.95
1350.88
1340.87
1362.09
1349.93
13394.12
1477.96
1363.04
1378.06
1361.85
1349.93
1361.85
1351.83
1353.03
13446.09
1426.94
1369.00
1375.91
1360.89
1347.78
1384.02
1354.93
1348.02
13515.95
1389.03
1357.08
1369.95
1353.98
1342.77
1358.03
1346.11
1346.11
13535.98
1371.15
1375.91
1369.95
1353.98
17471.08
1450.06
1376.87
1368.05
1351.12
1348.02
17479.90
1445.06
1365.90
1367.09
1358.03
1354.93
17590.05
1384.97
1375.20
1360.89
1350.88
17438.89
1461.98
1379.97
1379.97
1365.90
1357.08
17489.91
1442.91
1378.06
1375.91
1358.99
1353.03
17584.09
1394.99
1374.01
1379.97
1348.02
17410.04
1505.85
1375.91
1372.10
1367.81
1347.06
17493.01
1443.86
1365.90
1375.91
1359.94
1359.94
1365.18
1349.93
1358.03
1379.01
1355.89
1353.98
1369.00
1348.97
1341.10
1360.89
1348.02
1343.97
1382.11
1351.12
1350.16
1362.09
1344.92
1344.92
1358.03
1347.06
1367.81
1365.90
1343.97
1348.02
1358.03
1343.97
1349.93
1358.99
1343.01
1373.05
1358.03
1345.16
1362.09
1355.17
1346.11
1357.08
1340.15
1349.93
1374.01
1353.03
1343.97
1358.03
1350.16
1347.06
1350.88
1348.97
1338.01
1369.95
1361.13
1346.11
1356.12
1343.01
1343.97
1357.79
1349.93
1343.97
1373.05
1345.16
1343.01
1365.90
1346.83
1350.88
1350.88
1343.01
1347.06
1378.06
1343.01
1350.88
1355.89
1346.83
1342.06
1363.04
1353.03
1338.96
1374.01
1358.03
1341.10
1353.98
1343.01
1343.97
1353.98
1352.07
1362.80
1362.09
1353.98
1355.89
1353.03
1348.02
1351.83
1344.92
1343.01
1362.09
1358.03
1346.11
1353.03
1348.97
1347.06
1360.18
1343.01
1343.97
1363.99
1347.06
1342.06
1353.03
1343.01
1347.06
1353.03
1344.92
1348.97
1369.95
1350.88
1350.88
1359.94
1348.97
1346.11
1360.18
1384.02
1466.04
1374.96
1348.97
1346.83
1365.90
1350.88
1341.82
1359.94
1348.97
1339.91
1377.11
1348.02
1354.93
1363.04
1346.11
1351.12
1363.04
1344.92
13381.00
1492.02
1372.10
1368.05
1356.84
1353.98
1356.12
1346.11
1349.21
13458.01
1423.84
1363.04
1363.04
1351.83
1340.87
1358.99
1352.07
1351.12
13515.95
1401.19
1367.09
1369.95
1366.85
1360.89
1390.93
1349.21
1354.93
1384.02
1353.03
1352.07
1368.05
1353.03
1361.85
1345.87
1348.02
13435.13
1428.13
1357.08
1369.95
1355.17
1350.16
1363.99
1351.83
1348.97
13455.87
1420.97
1369.00
1376.87
1366.85
1354.93
1365.90
1356.84
1339.91
13553.86
1385.93
1358.99
1376.15
1351.12
1357.08
1367.09
1352.07
13422.01
1439.09
1374.96
1365.90
1360.89
1353.03
1358.03
1351.12
1355.89
13456.82
1426.94
1356.84
1378.06
1349.93
1355.89
17565.01
1417.16
1362.09
1374.96
1351.12
1347.06
17548.08
1389.98
1382.83
1348.97
1351.83
17474.89
1451.97
1361.85
1369.00
1359.94
1341.10
17476.08
1429.08
1363.04
1370.91
1353.98
1348.97
17585.04
1404.05
1377.11
1359.94
1354.93
17462.02
1454.83
1365.90
17493.96
1439.09
1369.00
1389.98
1364.23
1355.89
1358.03
1346.11
1344.92
17576.93
1411.91
1374.96
1371.15
1352.07
1353.03
1357.08
1352.07
13432.03
1458.88
1379.97
1372.10
1352.07
1354.93
1363.04
1350.88
1355.89
13459.21
1437.19
1368.05
1359.94
1348.02
1350.88
1358.03
1343.01
1344.92
13539.08
1399.99
1362.09
1368.05
1351.12
1348.97
1358.03
1344.92
13390.06
1475.10
1379.97
1376.87
1354.93
1346.83
1349.93
1349.93
1345.16
13457.06
1411.20
1364.95
1369.95
1343.01
1334.91
1363.99
1355.17
1349.93
13517.86
1388.07
1360.18
1368.05
1361.85
1348.97
1361.13
1353.03
1336.81
13540.98
1381.87
1371.86
1362.09
1357.79
1363.99
1345.16
1339.91
13458.01
1425.98
1370.19
1370.91
1363.99
1340.15
17464.16
1428.13
1373.05
1365.90
1349.93
1351.12
17576.22
1405.00
1381.87
1358.03
1356.12
17439.13
1475.81
1394.99
1376.15
1358.99
1347.06
17468.93
1430.99
1367.09
1384.02
1353.98
1361.13
17572.16
1388.07
1369.00
1380.92
1358.03
1355.89
17556.91
1381.16
1375.91
1367.81
1362.09
17484.19
1461.03
1370.91
1370.91
1355.89
1357.79
17551.90
1435.04
1376.15
1374.96
1354.93
1348.02
1363.04
1347.06
1345.87
13501.88
1380.92
1375.20
1354.93
1354.93
1358.99
1348.02
1338.96
13437.03
1422.88
1372.81
1366.85
1357.08
1358.03
1362.80
1348.97
1340.15
13463.02
1410.96
1360.18
1373.05
1351.83
1349.93
1359.94
1349.21
1344.92
13526.92
1383.07
1363.04
1356.12
1348.97
1363.99
1348.02
1346.83
13423.92
1430.99
1363.04
1364.95
1349.93
1350.16
1367.09
1363.04
1348.97
13447.05
1415.01
1362.80
1374.96
1352.79
1348.97
1369.00
1343.01
1341.10
13521.91
1384.02
1355.17
1376.15
1358.99
1339.91
1352.79
1348.97
13389.11
1464.13
1373.05
1364.95
1352.07
1351.83
17453.91
1442.91
1370.91
1374.96
1367.09
1362.80
17484.90
1425.03
1374.01
1364.95
1358.99
1349.93
17579.08
1391.89
1365.90
1359.94
1357.08
17446.04
1459.84
1370.91
17466.07
1443.15
1369.95
1389.98
1369.00
1358.03
1363.99
1348.02
1340.15
17564.06
1409.05
1370.19
1379.01
1357.08
17420.77
1508.00
1380.92
1374.96
1363.99
1343.01
17496.11
1453.88
1365.90
1376.87
1344.92
1357.08
17561.91
1417.88
1364.95
1386.17
1358.03
1355.89
17582.18
1392.13
1363.99
1360.89
1358.99
17473.94
1456.02
1366.14
1367.09
1369.00
1361.13
17561.91
1403.09
1364.95
1375.91
1363.04
1347.06
17580.03
1399.04
1379.97
1368.05
1357.08
17484.90
1451.02
1372.10
1377.11
1372.10
1352.07
17488.96
1438.14
1376.15
1379.01
1351.83
1350.88
17596.96
1397.85
1384.97
1358.03
1358.99
1361.13
1350.16
1348.02
13452.05
1450.06
1362.09
1376.15
1357.08
1352.79
1365.90
1350.88
1348.02
13483.05
1425.98
1367.09
1374.01
1358.99
1358.03
1365.18
1348.02
1346.11
13554.10
1383.78
1376.87
1358.99
1347.06
1366.14
1361.13
1346.11
13453.01
1433.85
1365.90
1379.97
1355.17
1348.02
1362.80
1356.84
1343.01
13461.83
1424.07
1362.09
1383.07
1356.12
1345.16
1358.99
1349.93
1351.12
13531.92
1385.93
1370.91
1359.22
1354.93
1354.93
1352.07
1344.92
13450.15
