1273.87
1283.88
1276.97
1269.10
1265.05
1265.05
1276.02
25407.08
1289.84
1289.84
1268.86
1273.87
1266.00
1269.82
1258.85
1266.00
25373.94
1303.91
1291.99
1275.06
1255.04
1703.02
1222.85
1194.00
1194.00
25274.04
1250.03
1304.15
1301.05
1212.12
1250.98
1301.05
1215.93
1209.97
1212.84
29351.00
1250.03
1223.09
1284.12
1259.09
1232.15
1254.08
1240.02
1243.11
25309.09
1261.00
1240.02
1247.88
1231.91
1231.19
1225.95
1212.84
1209.02
1204.97
25336.98
1261.00
1268.15
1281.02
1252.17
1256.94
1271.01
1211.88
1221.90
25271.89
1307.01
1280.07
1260.04
1264.10
1250.03
1252.17
1253.84
1241.92
1245.02
25347.95
1257.18
1240.97
1250.98
1240.97
1240.97
1250.03
1259.09
1240.02
25303.13
1291.04
1250.03
1258.85
1251.94
1251.94
1254.80
9383.92
1318.93
1302.00
1324.89
1297.00
1291.04
23027.18
10006.90
1281.98
1261.95
1278.88
1302.96
1312.97
17344.95
1289.13
1260.04
1281.02
1263.14
1265.05
25331.97
1317.02
1269.82
1282.93
1264.10
1274.11
1271.96
21343.95
1266.96
1256.94
1275.06
1258.13
1250.98
1249.07
1221.90
1209.97
41279.08
1240.97
1207.83
1199.96
1270.06
1255.04
1261.95
1253.13
1256.94
1248.84
29366.02
1266.00
1261.95
1263.14
1223.09
1228.09
29320.00
1260.04
1243.11
1259.09
1244.07
1248.12
25305.03
1257.18
1226.90
1204.97
1235.96
1256.94
1241.92
1231.91
1223.09
1235.96
29332.88
1303.20
1274.11
1260.04
1279.12
1296.04
1320.12
1295.09
1293.90
25357.96
1300.81
1267.91
1261.00
1227.86
1213.07
1206.87
1337.05
1302.96
1298.90
29323.82
1236.92
1228.09
1261.00
1224.04
1219.03
17282.96
1245.98
1216.89
1226.90
1216.89
1204.97
25254.96
1352.79
1302.96
1299.14
1286.98
1292.94
1284.12
17347.10
1269.10
1245.02
1250.03
1245.98
1255.99
21372.80
1281.02
1267.19
1262.90
1257.90
1245.98
1252.89
1250.03
1249.07
37313.94
1322.03
1296.04
1327.99
1406.91
1271.96
25323.15
1292.94
1258.85
1252.89
1274.11
1272.20
1267.91
1283.88
1270.06
1267.91
25354.15
1231.91
1226.90
1228.09
1281.02
1269.82
1276.97
1274.11
1275.06
25346.99
1245.98
1219.03
1214.98
1248.12
1270.06
1246.93
1259.80
1254.08
1247.88
25379.90
1288.89
1283.17
1281.02
1274.11
1279.12
1281.02
1274.11
1275.06
25345.09
1289.84
1271.96
1279.12
1274.11
1267.91
1278.88
1264.81
1279.83
21342.99
1242.16
1214.03
1212.12
1240.97
1225.95
1230.00
10936.98
1224.04
1214.98
1204.01
1240.02
1215.22
1205.92
1201.15
25283.10
1264.10
1245.02
1247.17
1236.92
1246.93
1236.20
1221.90
1207.83
1190.90
25312.90
1228.09
1210.21
1190.90
1226.90
1216.89
1234.05
1221.90
1229.05
1216.89
25359.15
1251.94
1237.87
1240.97
1203.06
1200.20
17290.12
1276.02
1245.02
1241.92
1240.97
1248.84
21283.86
1308.20
1281.02
1290.08
1280.07
1279.12
1272.92
1291.99
1279.12
1272.92
25374.89
1289.84
1271.01
1286.03
1289.13
1257.90
17376.90
1278.88
1262.90
1275.06
1260.04
1289.13
17338.04
1252.89
1231.19
1247.88
1267.91
19549.13
1271.96
1253.84
1265.05
1258.85
1280.07
25371.07
1241.92
1217.84
1233.82
1205.92
1205.92
25277.85
1246.93
1214.03
1206.87
1249.79
1242.88
1257.18
29355.05
1219.03
1204.01
1204.97
1245.02
1258.85
29316.90
1273.87
1241.92
1250.98
1246.93
1233.10
29278.04
1829.15
1273.16
1269.10
1282.93
1261.95
1178.98
1257.18
1255.99
1278.16
25326.97
1226.90
1226.90
1257.18
1264.10
1260.04
25348.90
1262.90
1246.93
1249.07
1239.06
1244.07
1242.16
1223.09
1230.00
25285.01
1297.00
1269.82
1288.89
1282.93
1261.95
1243.83
1266.96
1243.11
1233.10
17356.87
1257.90
1253.84
1250.03
1256.94
1245.02
25302.89
1291.99
1266.96
1283.88
1266.00
1271.01
25336.03
1324.18
1288.89
1288.89
1287.22
1285.08
1285.08
1297.00
1283.17
1291.99
25403.02
1300.81
1296.04
1303.91
1299.86
1294.85
1303.91
1290.08
1285.08
29375.08
1280.78
1281.02
1279.12
1266.96
1263.14
1249.07
1270.06
1268.15
25341.03
1298.90
1267.19
1250.03
1284.12
1276.97
1294.14
1263.14
1266.96
25308.13
1278.16
1230.00
1219.99
1245.98
1232.86
1261.00
1231.91
1254.08
1254.08
17323.97
1306.06
1271.01
1261.95
1264.81
1272.92
1269.10
1275.06
1272.20
25333.88
1307.96
1280.07
1295.09
1285.08
1279.12
1275.06
1261.95
1249.79
1245.02
25378.94
1306.06
1283.88
1288.89
1294.14
1283.17
13360.98
1221.18
1212.12
1209.97
1207.11
1220.94
1214.98
1214.03
1228.09
1221.18
25327.92
1235.01
1225.95
1238.11
1230.00
1201.15
1219.03
1214.98
1216.89
25272.85
1251.94
1230.00
1221.90
1239.06
1224.99
1226.90
1235.96
1229.05
1227.14
25309.09
1286.03
1271.96
1258.13
1233.10
1223.09
1219.99
1209.02
1194.95
1199.96
25326.97
1214.98
1203.06
1224.99
1219.99
1230.00
25288.11
1271.01
1248.12
1253.13
1255.04
1250.98
1269.82
1244.07
1244.07
1245.02
29366.97
1279.12
1271.01
1281.02
1265.05
1271.01
1265.05
1266.00
1258.13
17329.93
1231.19
1207.11
1213.07
1209.02
1204.01
1200.91
1265.05
1269.82
1262.90
25369.88
1238.11
1228.09
1214.03
1254.80
1270.06
1281.98
1268.15
1250.98
25326.97
1240.02
1213.07
1197.10
1206.16
1203.06
1209.02
23599.15
5318.16
1276.02
1248.12
1263.14
1197.10
1214.03
17269.13
1307.01
1293.90
1297.00
1293.90
1293.18
1291.04
25358.92
1276.97
1262.19
1286.98
1258.13
1270.06
25390.15
1287.94
1277.92
1250.03
1268.86
1252.89
1276.02
1255.04
1262.90
25338.89
1264.81
1241.92
1230.00
1256.94
1271.96
1272.92
1260.04
1262.90
1261.00
25329.11
1217.13
1215.93
1214.98
1204.01
1200.20
1202.11
1207.11
1215.93
25258.78
1301.05
1270.06
1268.15
1251.94
1245.98
1236.92
1250.98
1234.05
1230.00
25316.00
1237.87
1214.03
1214.98
1204.97
1197.81
1204.97
1217.13
1214.03
1226.19
25372.03
1264.10
1250.03
1225.95
1270.06
1269.10
1276.02
1291.99
1300.81
25354.86
1257.18
1230.00
1247.17
1270.06
1276.02
1276.02
1276.02
1270.06
29302.12
1351.12
1269.10
1261.95
1281.02
1264.10
1265.05
1266.00
1264.81
1260.04
1266.00
1270.06
1252.89
25340.08
1282.93
1262.19
1247.88
1198.05
1208.07
1214.98
1226.19
1224.99
1236.20
25375.84
1297.00
1301.05
1228.09
1249.07
1258.13
1265.05
1261.00
1261.00
25342.94
1286.03
1257.90
1266.00
1260.04
1252.89
1255.99
1254.08
1245.02
1237.87
25340.08
1281.98
1258.13
5150.08
1264.10
1247.88
1250.98
1245.98
1231.19
25306.94
1301.05
1281.02
1258.13
1226.90
1223.80
25266.89
1302.96
1270.06
1271.96
1222.85
1225.95
1218.08
25349.86
1256.94
1252.17
1261.95
1220.94
1211.17
25274.99
1286.03
1254.80
1245.98
1205.92
1221.90
1223.80
25353.91
1268.15
1255.04
1265.76
1277.92
1289.13
1309.16
1294.85
1299.86
25403.02
1313.92
1304.86
1315.83
1302.00
1298.90
1264.81
1215.93
1218.08
21286.01
1260.04
1229.05
1219.99
1230.96
1238.11
1232.15
29322.15
1224.99
1221.90
1240.97
1216.89
1214.03
25275.95
1258.85
1229.05
1240.02
1237.87
1233.82
25286.91
1307.01
1265.05
1275.06
1262.19
1261.95
1252.17
1231.91
1245.98
1255.04
25381.09
1280.07
1252.17
1241.92
1237.87
1232.86
1256.94
1264.10
1272.92
25321.96
1284.12
1258.13
1260.04
1257.90
1256.94
1263.14
1262.90
1261.95
1268.15
25362.01
1295.80
1282.93
1309.16
1302.96
1302.96
1285.08
1273.16
1281.02
25372.03
1233.82
1216.89
1212.84
1217.84
1195.91
1210.93
1208.07
1199.01
1208.07
25369.17
1275.06
1263.14
1254.08
1235.96
1246.21
1264.10
1251.94
1263.86
25343.18
1304.15
1266.00
1254.08
1275.06
1273.87
1283.17
1261.00
1261.00
1261.00
25365.11
1281.98
1266.00
1286.98
1267.19
1256.94
1262.19
1245.02
1242.16
25341.03
1245.98
1237.87
1246.93
1230.00
1224.99
1224.99
1217.13
1211.88
1200.91
25311.95
1219.99
1201.87
1224.04
1221.90
1221.90
1236.20
1236.92
1237.87
25314.81
1271.96
1236.92
1242.16
1257.90
1245.02
1230.00
1229.05
1217.84
1232.86
25365.83
1301.05
1276.97
1290.08
1265.05
1266.00
1252.89
1283.88
1280.07
21333.93
1272.20
1240.02
1240.97
1216.89
1214.03
1205.92
1215.93
1201.15
1199.96
29296.88
1227.86
1211.17
1224.04
1214.98
1215.93
29280.19
1272.92
1253.84
1257.90
1266.00
1262.90
1266.00
17350.91
1231.91
1221.90
1233.82
1214.03
1214.03
25280.00
1281.98
1255.99
1252.89
1246.93
1240.02
21275.04
1290.08
1237.15
1235.96
1251.94
1239.06
1233.10
1227.14
1238.11
1235.01
41313.89
1328.95
1299.14
1276.97
1214.03
1207.83
1214.98
1212.12
1213.07
1215.93
33357.14
1264.10
1253.13
1262.90
1241.92
1254.80
17320.87
1245.98
1234.05
1240.97
1235.96
1235.01
1232.86
1202.82
1201.87
1195.91
37366.15
1276.97
1255.04
1266.00
1265.05
1260.04
21361.11
1269.10
1259.09
1263.14
1257.90
1254.80
1270.06
1306.06
1305.10
33348.08
1296.04
1278.88
1277.21
1276.97
1293.18
1308.92
1306.06
1295.80
25330.07
1318.93
1261.00
1251.94
1264.81
1257.90
1248.84
1251.94
1219.03
1214.98
25285.01
1275.06
1240.97
1238.11
1221.90
1223.80
1236.92
1227.14
1220.94
1219.03
29357.91
1271.01
1255.99
1265.05
1248.84
1250.98
1261.00
1240.97
1230.96
25297.88
1258.85
1231.91
1241.21
1221.90
1220.94
1212.12
1235.01
1213.07
1205.21
1209.02
1273.16
1261.00
25331.02
1239.06
1208.07
1199.96
1235.01
1235.01
1219.99
1224.99
1212.12
1194.00
25325.06
1228.81
1212.84
1210.93
1208.07
1203.06
1217.13
1214.03
1228.09
1228.09
25351.05
1256.94
1259.09
1266.96
1266.00
1266.00
1279.12
1293.90
1297.95
25412.08
1315.12
1304.86
1313.92
1304.15
1302.96
1303.91
1301.05
1297.95
25357.96
1333.00
1303.20
1307.96
1301.05
26600.12
1241.92
1208.07
1209.97
1266.96
1261.00
1266.96
1251.94
1237.15
1235.01
21330.12
1240.02
1227.86
1247.88
1235.01
1232.86
25298.83
1276.97
1248.84
1264.81
1240.02
1238.11
25290.01
1291.99
1263.86
1247.88
1262.19
1240.02
1258.13
25364.88
1250.03
1250.98
1245.98
1251.94
1250.98
33333.06
1266.96
1249.07
1244.07
1264.10
1276.02
1284.12
1273.16
1265.05
25322.91
1302.00
1265.05
1268.86
1278.88
1269.10
1263.14
1226.90
1205.21
1210.93
25313.85
1261.95
1245.98
1240.97
1207.11
1224.04
1250.98
1235.96
1242.16
1240.02
25354.15
1264.10
1254.08
1271.01
1252.89
1271.01
1286.98
1261.95
1267.19
25362.01
1240.02
1217.84
1212.84
1281.98
1291.99
25342.94
1250.98
1220.94
1235.01
1207.83
1209.02
1219.99
21394.01
1275.06
1259.09
1218.08
1247.88
1252.89
1275.78
1256.94
1264.10
25330.07
1274.82
1239.06
1239.06
1203.06
1225.95
1226.19
1241.92
1223.80
1222.85
25376.08
1283.88
1276.97
1245.02
1256.94
1251.94
1266.96
1254.08
1265.05
25331.02
1298.90
1278.88
1270.06
1264.81
1270.06
1285.08
1281.02
1272.92
25310.99
1312.97
1241.92
1237.15
1292.94
1303.20
1290.08
1297.00
1286.98
1285.79
29387.95
1255.04
1245.98
1250.98
1289.84
1297.00
1297.00
1293.18
1286.98
25344.85
1302.96
1270.06
1266.00
1287.94
1277.92
1290.08
1279.12
1281.02
21346.09
1303.91
1285.08
1275.06
1258.13
1265.05
1259.09
17340.18
1224.04
1224.04
1228.09
1221.18
1223.09
17298.94
1302.00
1289.13
1282.93
1263.86
1269.10
13321.16
1250.03
1224.99
1237.87
1225.95
1220.94
1214.98
17356.16
1284.12
1262.90
1282.93
1271.01
1266.00
21377.09
1304.15
1284.12
1291.99
1289.13
1279.12
21358.97
1247.88
1219.03
1210.93
1239.06
1235.96
1244.07
1240.02
1236.20
1241.92
25390.15
1294.14
1285.08
1276.97
1276.97
1275.06
1250.03
1205.92
1217.13
25274.99
1276.02
1251.94
1237.87
1235.01
1230.00
1235.96
1235.01
1234.05
1227.14
21358.01
1252.89
1240.02
1254.08
1204.01
1206.16
17282.01
1255.04
1221.90
1215.22
1232.86
1235.96
17256.02
1338.96
1261.00
1255.99
1259.09
1284.84
1276.97
33349.04
1217.84
1205.92
1218.08
1271.01
1266.96
1290.08
1271.01
1270.06
13348.10
1285.08
1253.13
1254.08
1244.07
1237.15
1242.16
13355.02
1283.17
1267.91
1251.94
1238.11
1235.96
1250.03
1242.88
1233.82
25298.83
1287.94
1245.98
1260.04
1255.99
1250.98
21311.04
1279.12
1247.17
1252.89
1243.83
1231.91
1237.87
1239.06
1245.02
1252.89
25367.98
1283.88
1271.96
1250.03
1288.89
1302.96
21348.00
1268.86
1242.88
1233.82
1293.90
1289.84
1297.00
1291.04
1293.18
25338.89
1291.04
1271.01
1281.98
1261.00
1266.00
1268.86
21351.81
1239.06
1229.05
1247.17
1230.96
1231.91
1232.15
1219.99
1221.90
25280.00
1305.10
1281.02
1275.06
1236.20
1236.92
1237.87
21344.90
1266.00
1248.84
1257.90
1248.84
1243.83
1263.86
1252.17
1250.03
25304.08
1288.18
1275.06
1250.98
1270.06
1274.11
21330.12
1266.96
1235.96
1243.11
1235.01
1232.15
1233.10
25375.84
1285.08
1275.06
1282.93
1267.91
1270.06
1252.17
1250.03
1262.19
21316.05
1269.10
1243.11
1245.98
1240.02
1236.92
1236.92
1226.90
1235.96
1230.96
25392.06
1302.00
1296.04
1302.00
1296.04
1289.84
1252.89
1216.17
1224.99
25313.14
1300.10
1281.98
1284.84
1270.77
1270.06
1257.90
1205.92
1209.97
21249.06
1286.03
1250.98
1244.07
1255.99
1234.05
1240.02
21351.81
1251.94
1245.02
1262.90
1247.17
1254.08
1249.07
1218.08
1222.13
25273.08
1308.20
1292.94
1293.90
1272.20
1271.96
1280.07
1284.84
1277.21
1270.06
25383.95
1286.98
1285.08
1243.11
1210.93
1214.03
1218.08
1211.88
1210.93
25280.00
1252.89
1211.88
1214.98
1207.11
1210.93
1214.03
1226.90
1213.79
1219.03
25280.00
1287.94
1254.08
1261.00
1204.97
1214.03
1224.04
1217.84
1216.89
1217.13
33427.00
1277.21
1290.08
1297.95
1281.98
1283.88
25388.96
1305.10
1300.10
1290.08
1281.02
1295.80
25390.86
1306.06
1277.92
1289.84
1268.86
1262.90
17314.91
1312.02
1273.87
1286.98
1273.87
1270.06
21322.97
1299.14
1274.11
1275.06
1268.15
1268.86
1266.96
1210.21
1230.96
1248.84
25400.88
1299.14
1273.16
1261.95
1270.06
1283.88
1296.04
1286.98
1287.94
25360.11
1294.14
1263.14
1261.00
1268.15
1264.10
25321.96
1283.88
1255.99
1258.85
1262.90
1250.98
1246.93
25342.94
1254.08
1253.13
1265.05
1241.21
1245.98
25366.07
1274.82
1262.90
1247.17
1269.10
1272.92
21357.06
1296.04
1271.01
1254.80
1298.90
1292.94
21351.10
1271.01
1245.98
1250.03
1235.96
1236.92
1240.97
1242.88
1247.88
1250.98
25373.94
1271.01
1268.15
1270.06
1259.09
1259.09
13314.01
1284.84
1271.01
1291.04
1281.02
1293.90
1302.00
1288.89
1281.98
25332.93
1319.89
1281.98
1266.96
1270.06
1265.05
1275.06
1256.94
1252.89
1245.98
25342.94
1243.11
1230.00
1232.86
1219.03
1222.85
1237.87
1230.00
1235.01
25315.05
1293.90
1276.02
1286.98
1281.02
1287.22
1302.96
1303.91
1287.94
1286.98
25368.93
1298.90
1284.12
1276.02
1261.00
1264.10
17384.05
1306.06
1297.00
1308.92
1293.18
1297.95
13399.84
1309.87
1278.88
1274.82
1245.98
1247.17
1254.08
1250.03
1255.04
25319.10
1258.13
1230.00
1239.06
1238.82
1242.88
1251.94
1234.05
1243.11
1235.01
33388.85
1296.04
1277.92
1282.93
1274.11
1273.16
17375.95
1315.83
1294.85
1297.00
1286.98
1278.88
25346.99
1301.05
1276.02
1255.99
1260.04
1245.02
1248.12
1228.09
1223.09
1217.13
25379.90
1310.11
1303.91
1343.01
1354.93
1345.87
1356.84
1348.02
25396.11
1396.89
1353.98
1355.17
1349.93
1343.97
1329.18
1244.07
1245.02
25244.00
1394.99
1326.80
1334.91
1320.12
1325.13
9352.92
1297.95
1245.02
1235.01
1281.98
1295.09
1311.06
25361.06
1238.11
1233.10
1226.19
1214.98
1224.04
1216.89
1219.99
1214.03
49275.16
1322.03
1284.12
1261.95
1222.85
1245.98
1238.11
1255.04
1239.06
1241.92
25357.01
1269.82
1261.95
1271.01
1255.04
1259.09
25328.87
1251.94
1241.92
1258.13
1245.02
1254.08
1283.17
1230.96
1237.87
1237.87
49388.89
1308.20
1302.96
1302.96
1287.94
1296.04
1303.91
1272.92
1276.97
17345.91
1269.82
1252.89
1269.82
1254.80
1256.94
25325.06
1312.97
1301.05
1287.94
1221.90
1235.01
21286.96
1293.90
1268.15
1265.05
1216.17
1221.90
1227.86
25382.04
1287.94
1281.02
1287.94
1282.22
1277.92
17385.96
1281.98
1253.84
1261.95
1245.98
1235.01
25290.01
1281.02
1254.08
1264.10
1235.01
1238.11
17290.12
1286.03
1242.88
1232.15
1243.11
1230.96
1233.10
25343.18
1249.07
1243.11
1248.12
1241.92
1239.06
33310.89
1311.06
1275.78
1277.92
1224.04
1242.88
1255.99
1255.04
1269.10
1276.97
25383.00
1281.02
1298.19
1305.10
10973.93
1365.90
1321.79
1299.86
1285.08
1285.08
1290.08
25321.96
1237.15
1228.09
1248.12
1265.05
1266.00
1275.06
1258.13
1266.96
29330.97
1269.82
1253.84
1250.98
1239.06
1240.97
1241.92
1242.16
1270.06
1266.96
25334.84
1261.00
1256.94
1246.93
1297.00
1298.90
1296.04
1288.18
1281.02
29382.94
1250.03
1236.92
1250.98
1247.17
1240.97
17303.94
1242.16
1210.93
1222.85
1212.84
1229.05
1229.05
21338.94
1227.86
1219.99
1245.98
1214.98
1217.13
25289.06
1306.06
1266.00
1261.95
1224.04
1214.03
29263.97
1296.04
1267.19
1266.00
1337.05
1319.17
1319.89
1333.95
1322.03
1321.79
25334.84
1245.98
1245.02
1259.09
1229.05
1247.17
1255.04
1279.12
1276.97
25357.96
1361.85
1345.16
1307.01
1269.10
1262.19
1266.96
1269.82
1277.92
25314.09
1240.02
1217.84
1221.90
1212.84
1210.93
1214.03
1231.91
1250.03
1246.93
25347.95
1263.86
1255.99
1255.04
1234.77
1236.92
1246.93
1242.16
1240.97
25293.83
1315.83
1270.06
1261.00
1234.05
1260.04
1256.23
1271.96
1255.04
1253.84
25357.01
1282.93
1271.01
1276.97
1245.02
1256.94
1254.80
1255.99
1265.05
25307.18
1293.90
1272.92
1253.13
1228.09
1245.98
1240.02
1266.00
1236.92
1240.02
17353.06
1276.97
1261.95
1275.06
1256.94
1250.03
21337.03
1281.98
1252.17
1257.90
1247.88
1246.93
17310.14
1281.02
1252.89
1247.88
1263.14
1254.08
1254.08
25369.88
1271.01
1265.05
1302.00
1269.82
1271.96
17352.10
1224.99
1214.98
1229.05
1217.13
1212.12
25274.99
1264.10
1224.99
1223.80
1193.05
1219.99
1219.03
29357.91
1270.06
1254.80
1258.85
1248.84
1241.92
25299.07
1255.04
1233.82
1222.85
1230.00
1255.04
25288.11
1312.02
1266.00
1266.00
1283.17
1258.13
1262.90
25412.80
1304.86
1298.90
1244.78
1242.88
1246.93
25372.03
1274.82
1263.86
1278.88
1319.89
1313.92
1324.18
1317.02
1317.02
25366.07
1343.01
1317.98
1325.85
1317.02
1309.87
1290.08
1221.18
1235.01
21301.03
1335.86
1301.05
1311.06
1293.90
1297.00
25346.04
1336.81
1293.90
1303.91
1296.04
1293.90
25322.20
1290.08
1230.96
1221.90
1294.85
1279.12
1284.12
21359.92
1265.05
1267.91
1267.91
1285.08
1279.83
17398.83
1310.83
1294.85
1294.85
1266.96
1266.96
25336.98
1286.03
1256.94
1245.02
1253.13
1244.07
1255.04
1246.93
1243.11
1250.98
29346.23
1240.97
1226.19
1230.00
1218.08
1222.13
25299.07
1286.03
1255.04
1251.94
1225.95
1255.99
25323.87
1302.00
1261.00
1257.90
1255.99
1245.98
1254.08
25368.93
1278.16
1264.10
1270.06
1261.00
1271.01
25392.06
1318.93
1309.87
1280.78
1262.90
1267.91
1261.00
1239.06
1233.10
25294.07
1285.08
1251.94
1253.84
1211.88
1234.05
1240.02
1255.99
1265.05
1266.96
25372.98
1254.80
1246.93
1254.08
1303.20
1285.08
1289.13
1286.03
1281.02
25354.15
1270.06
1258.13
1238.11
1247.88
1246.93
1245.98
1229.05
1223.09
1218.08
25325.06
1223.09
1214.03
1228.09
1236.20
1260.04
1274.11
1270.06
1276.02
25345.09
1242.16
1220.94
1237.87
1215.93
1219.99
1224.04
9402.99
1320.84
1319.89
1325.13
1314.16
25333.88
1356.12
1282.93
1269.82
1317.02
1321.08
1317.02
25377.04
1276.97
1275.06
1281.02
1276.02
1276.02
25391.10
1280.07
1274.11
1291.99
1268.86
1278.88
25369.17
1290.08
1276.97
1285.79
1275.06
1272.92
1262.19
1249.07
1255.99
25317.91
1325.85
1291.99
1281.98
1231.19
1233.82
1240.97
1263.14
1245.02
1250.03
25361.06
1269.10
1245.98
1247.17
1245.98
1237.15
25310.99
1322.03
1272.92
1267.91
1202.82
1216.89
25291.92
1316.79
1288.89
1278.88
1240.02
1254.08
1255.99
25377.04
1271.96
1259.09
1290.08
1269.10
1262.90
1278.88
1269.82
1271.96
25382.04
1288.89
1272.92
1279.83
1272.92
1271.96
1261.00
1275.06
1281.02
25346.04
1307.01
1269.10
1292.94
1258.13
1271.01
25323.15
1304.15
1267.91
1266.96
1268.15
1262.90
1261.00
25384.90
1287.94
1276.97
1300.81
1281.98
1271.01
25372.98
1314.88
1283.88
1284.84
1278.88
1284.84
37366.87
1298.90
1276.97
1259.09
1258.13
1251.94
25316.00
1308.92
1293.90
1285.08
1279.83
1277.92
21335.12
1295.09
1266.00
1260.04
1254.08
1239.06
1244.07
25357.96
1262.90
1256.94
1259.09
1244.07
1257.18
25355.10
1301.05
1312.02
1280.07
1206.87
1215.93
25288.11
1305.10
1289.13
1296.04
1281.98
1277.21
21323.92
1283.88
1257.18
1261.95
1250.98
1257.90
1253.84
1229.05
1219.03
1218.08
25324.11
1269.10
1251.94
1240.97
1224.04
1229.05
1232.15
1224.04
1224.99
1224.99
25334.12
1237.15
1228.09
1240.02
1237.15
1236.92
25343.89
1236.92
1230.96
1233.82
1224.04
1230.00
1227.14
1219.03
1220.94
1221.90
25358.20
1239.06
1229.05
1237.15
1219.03
1226.19
9288.07
1290.08
1272.92
1276.97
1250.03
1257.90
1276.02
1262.90
1254.80
25321.96
1323.94
1285.08
1275.06
1243.11
1264.10
1258.13
1266.00
1261.00
1261.00
25418.04
1299.14
1279.12
1258.13
1261.00
1266.00
1276.97
1261.00
1261.00
25326.97
1301.05
1274.11
1281.02
1274.11
1280.07
1284.12
1281.02
1276.97
25328.87
1305.82
1292.94
1271.01
1281.02
1292.94
1303.91
1312.97
1311.06
1295.09
21384.95
1286.98
1275.06
1292.94
1281.98
1279.83
25393.96
1291.04
1284.12
1282.93
1276.02
1282.93
1295.09
1286.03
1288.89
17346.86
