1180.89
1163.96
1162.05
6353.14
1193.05
1190.90
1158.95
6205.08
1237.87
1180.89
1188.99
6279.95
1240.02
1202.82
1171.11
1178.03
6359.10
1170.87
1166.82
1200.91
6362.92
1210.93
1173.02
1163.96
6361.96
1206.16
1178.98
1178.03
6303.07
1265.05
1192.81
1174.93
6261.11
1240.02
1171.11
3181.93
1189.95
1166.82
1152.99
6232.98
1225.95
1188.99
1174.93
6295.92
1219.99
1193.05
1166.82
6268.02
1286.03
1191.85
1185.89
7689.95
1202.11
1161.10
1156.81
6342.89
1184.94
1174.93
1190.90
6356.00
1208.07
1185.18
1194.00
6289.01
1223.80
1178.03
1182.08
6283.04
1238.82
1181.13
1182.08
6261.11
1238.82
1185.89
1185.89
1169.92
6368.88
1190.90
1165.87
1154.90
6371.02
1188.99
1202.11
1167.06
6314.04
1217.13
1165.87
1163.01
6294.97
1234.05
1191.14
1172.07
18615.01
1271.01
1175.88
1201.15
1180.17
1173.02
1168.97
1163.96
1185.89
1164.91
13190.03
1274.11
1187.80
1162.05
1183.99
1163.96
1168.01
1195.91
1239.06
1163.96
1166.11
13299.94
1201.87
1183.03
1173.97
1172.07
1163.01
1179.93
1163.01
1145.84
1148.94
13293.98
1204.97
1167.06
1164.91
1152.99
1170.87
1158.95
1155.14
1142.98
1147.99
13287.07
1187.80
1166.11
1182.08
1158.95
1154.90
1173.02
1173.97
1167.06
1158.95
13278.01
1214.03
1176.83
1185.89
1181.84
1168.97
1163.01
1173.02
1176.12
1162.05
9238.00
1235.96
1179.93
1183.99
1169.92
1158.95
1169.20
1165.15
1151.08
1158.95
1162.05
1152.99
1142.98
1144.17
13306.14
1192.09
1191.14
1192.09
1176.12
1152.99
1163.96
1170.87
1161.81
1158.00
29397.01
1237.15
1178.98
1180.89
1174.93
1171.11
17245.05
1289.13
1188.04
1174.21
1182.08
1172.07
1164.20
17360.93
1246.93
1196.86
1190.90
1184.94
1164.20
17185.93
1327.99
1198.05
1178.03
1179.93
1163.01
1178.98
17247.20
1264.10
1183.03
1178.98
1960.99
1164.91
17243.86
1270.06
1181.13
1172.07
1165.15
1161.10
1147.03
17324.21
1202.11
1182.08
1171.11
1172.07
1160.86
17223.83
1286.03
1187.09
1175.17
1194.95
1174.93
1161.81
1163.01
1206.87
1255.99
9197.95
1266.96
1209.97
1181.84
9313.82
1205.92
1168.01
9299.99
1209.02
1175.17
9217.02
1235.96
1181.13
1151.08
9265.18
1191.14
1178.03
9305.00
1194.00
1175.17
9219.88
1240.02
1185.89
9213.92
1245.02
1170.87
1157.05
9310.01
1191.85
1176.83
9280.92
1198.05
1163.01
9209.87
1240.97
1166.82
1174.93
9281.87
1179.93
1168.97
9301.19
1192.09
1171.11
9212.02
1238.82
1168.01
9191.99
1271.96
1176.83
1163.96
9304.05
1201.87
1168.97
1191.14
1176.12
1159.19
1168.01
1158.00
1157.05
1147.99
1164.91
1152.99
1162.05
13203.14
1255.99
1195.91
1178.98
1176.12
1153.95
1167.06
1165.87
1158.00
1151.08
1159.19
13308.05
1183.99
1173.97
1181.84
1172.07
1158.00
1164.91
1162.05
1166.82
1156.09
13330.94
1188.04
1166.11
1188.04
1161.10
1159.19
1158.95
1171.83
1163.01
1158.00
13312.82
1194.00
1184.94
1188.04
1167.06
1167.06
1169.92
1158.95
1149.89
1161.81
13309.96
1199.01
1174.93
1171.11
1162.05
1166.11
1157.05
1170.16
1156.09
1151.80
13279.91
1225.95
1182.08
1190.19
1179.93
1168.97
1155.85
1178.98
1161.10
1163.96
13231.99
1253.84
1185.89
1188.04
1184.94
1162.05
1158.00
1171.11
1157.05
1159.91
13213.16
1251.22
1178.03
1183.99
1168.01
1169.92
1173.02
1168.01
1152.04
1154.90
13208.15
1254.80
1178.98
1167.06
1185.89
1169.92
1160.86
1169.92
1161.10
1152.04
13199.09
1252.89
1169.92
1161.10
1178.98
1159.91
1158.00
1165.15
1155.14
1147.99
1155.14
13333.08
1183.03
1170.87
1180.89
1163.96
1168.01
1162.05
1155.14
1153.95
1159.91
13314.01
1192.09
1168.97
1175.88
1164.91
1155.85
1168.97
1168.01
1155.14
1152.99
13309.96
1193.05
1168.97
1172.07
1163.01
1159.91
1159.19
1166.11
1158.00
1158.00
13222.93
1235.01
1180.17
1176.12
1168.97
1155.85
1157.05
1168.97
1154.90
1161.10
13207.20
1240.02
1176.12
1166.11
1181.84
1154.90
1163.01
1173.97
1156.09
1158.00
13213.16
1255.04
1170.16
1161.10
1183.03
1161.81
1158.00
17219.07
1247.17
1171.11
1172.07
1160.14
1160.14
1152.99
17318.96
1193.05
1165.87
1173.97
1165.15
1168.97
1160.86
17323.02
1201.15
1170.16
1188.99
1158.95
1157.05
17238.14
1258.13
1174.21
1181.13
1173.02
1166.82
1157.05
17317.06
1219.99
1180.89
1185.89
1168.97
1156.09
1162.05
17324.21
1197.10
1174.93
1179.93
1163.01
1154.90
22073.03
1276.02
1194.95
1203.06
6276.85
1256.94
1189.95
1163.96
1178.98
6360.05
1181.84
1199.01
1177.07
3154.99
1179.93
6269.93
1240.97
1178.03
2524.85
1239.06
1178.98
1178.03
1158.00
6389.86
1188.04
1161.10
1177.07
6355.05
1185.89
1184.94
1172.07
6337.88
1201.87
1181.84
1167.06
6288.05
1240.02
1178.98
1168.01
6275.89
1240.97
1180.89
1178.98
1187.09
6344.80
1199.01
1171.11
1167.06
6356.00
1205.92
1168.01
1175.17
6359.10
1197.10
1180.17
1169.92
6270.89
1231.91
1166.82
1188.04
6284.95
1250.03
1180.17
1173.02
1153.95
6349.09
1185.89
1186.85
1160.86
6369.83
1197.10
1179.93
1161.10
6355.05
1189.95
3239.15
1228.09
1199.01
1164.91
1168.01
11358.98
1184.94
1183.03
1158.95
6361.01
1201.15
1183.99
1176.83
4853.01
1239.06
1177.07
1171.83
1168.01
6273.03
1256.94
1182.08
1163.96
1168.97
6361.96
1188.99
1167.06
1160.14
6375.07
1195.91
1174.93
1188.99
6322.15
1218.08
1189.95
1171.11
6192.21
1240.02
1171.11
1180.17
6278.04
1241.92
1191.14
1170.16
1166.11
6378.17
1189.95
1167.06
7781.03
1196.15
1167.06
1168.97
6370.07
1198.05
1171.83
1180.89
6316.90
1226.90
1170.87
1168.97
6271.12
1235.96
1173.97
1201.87
6278.99
1246.21
1193.05
1166.11
1162.05
6347.18
1186.13
1191.14
1173.02
6375.07
1190.90
1169.92
1163.01
5044.94
1227.86
1171.83
1181.84
1168.97
6287.81
1249.07
1186.13
1178.98
16720.06
1265.05
1185.89
1168.97
1196.15
1170.16
1176.12
1177.07
1172.07
1171.83
1185.89
1168.01
1159.91
1159.91
13305.90
1200.91
1168.97
1183.99
1168.01
1158.00
1161.10
1164.91
1168.01
1171.11
13289.93
1210.93
1163.96
1176.83
1177.07
1158.95
1154.90
1178.98
1149.18
1152.99
13213.16
1245.98
1231.91
1197.10
1167.06
1167.06
1159.19
1173.02
1156.81
1165.87
13208.87
1252.89
1183.03
1188.04
1165.87
1163.01
1161.10
1182.08
1163.01
1159.91
13223.17
1253.13
1179.22
1168.97
1188.04
1167.06
1158.95
1175.88
1163.96
1168.97
13213.87
1261.00
1179.93
1175.88
1181.84
1169.92
1165.87
1168.97
1158.00
1154.90
1169.20
13304.00
1183.03
1173.97
1185.89
1173.97
1179.93
1170.87
1163.96
1160.86
1158.95
21352.05
1198.05
1181.13
1184.94
1174.93
1158.00
1169.92
1168.97
1163.01
1155.85
13324.02
1200.20
1169.92
1183.03
1173.97
1158.95
1173.97
1188.04
1165.15
1167.06
13314.01
1203.06
1167.06
1176.12
1170.16
1166.11
1168.97
1175.88
1166.11
1152.04
13332.13
1198.05
1175.88
1178.98
1173.02
1165.87
1162.05
1172.07
1158.00
1151.08
13296.13
1205.21
1168.97
1178.98
1171.11
1158.00
1158.00
1167.06
1163.01
1162.05
13211.01
1238.11
1183.03
1176.83
1183.03
1178.98
1171.83
1183.99
1162.05
1145.12
13224.12
1259.80
1183.99
1184.94
1171.11
1157.05
1163.01
1164.91
1158.95
1162.05
13205.05
1244.07
1174.93
1167.06
1176.12
1158.00
1158.95
1173.97
1170.87
1148.94
1162.05
1256.94
1174.93
1170.87
13309.00
1202.11
1167.77
1178.98
1183.03
1163.01
1158.95
1167.06
1163.01
1158.95
13288.97
1194.00
1176.12
1170.16
1167.06
1175.88
1158.00
1173.02
1162.05
1158.00
13211.97
1231.91
1180.89
1176.12
1170.87
1165.87
1160.86
1175.88
1173.97
1165.15
13212.92
1237.87
1168.97
1166.82
1177.07
1170.87
1157.05
1163.96
1163.01
1162.05
13211.01
1250.98
1173.02
1167.06
1172.07
1163.01
1163.96
1161.10
1155.14
1157.05
1162.05
13291.84
1189.95
1173.02
1184.94
1159.91
1168.97
1157.05
1170.16
1145.12
1157.05
13319.02
1198.05
1164.91
1172.07
1172.07
1169.92
1174.93
1179.93
1156.09
1163.01
13311.86
1193.05
1168.97
1196.86
1163.96
1177.07
1173.97
1155.85
1161.10
1162.05
1178.03
1157.05
1156.09
1159.91
1157.05
1149.89
1164.91
1176.83
1162.05
1164.91
1191.85
1172.07
1178.03
1160.14
1162.05
1155.14
1145.12
1186.13
1152.99
1150.85
1172.07
1163.96
1158.00
1152.99
1168.01
1162.05
1158.00
1164.91
1172.07
1152.99
1149.18
1184.94
1159.91
1147.99
1161.10
1157.05
1153.95
1155.85
1168.97
1163.96
1156.09
1187.09
1155.14
1158.95
1169.92
1170.87
1152.99
1152.04
1161.81
1158.95
1146.08
1172.78
1159.91
1162.05
1154.90
1169.92
1158.00
1154.90
1164.91
1159.91
1163.01
1151.08
1173.97
1168.01
1155.14
1172.07
1158.95
1163.01
1152.04
1163.01
1164.91
1159.91
1176.12
1167.06
1150.13
1173.02
1158.95
1150.13
1163.96
1163.01
1162.05
1170.87
1179.93
1159.19
1156.09
1151.08
1163.01
1155.14
1149.89
1173.02
1158.00
1159.19
1158.95
1186.85
1173.02
1163.96
1168.97
1154.18
1147.99
1165.87
1177.07
1157.05
1167.06
1170.87
1155.85
1163.96
1185.18
1157.05
1152.99
1164.91
1159.91
1152.04
1150.85
1169.92
1154.90
1147.99
1158.00
1168.01
1158.00
1150.85
1158.00
1155.14
1152.04
1146.08
1178.98
1168.01
1159.91
1181.13
1165.15
1147.03
1168.01
1152.04
1148.94
1152.04
1179.93
1162.05
1163.96
1163.96
1152.99
1149.89
1163.01
1166.11
1149.18
1161.10
1166.11
1158.95
1158.95
1152.99
1169.92
1168.01
1161.10
1163.96
1152.99
1153.95
1169.92
1158.00
1151.08
1153.95
1183.99
1162.05
1147.03
1166.82
1152.99
1153.23
1158.00
13314.01
1188.99
1174.93
1166.82
1158.95
1154.90
1163.01
1163.96
1148.94
1158.95
13278.96
1202.82
1178.98
1178.98
1169.92
1157.05
1154.90
1175.88
1152.04
1150.13
13207.91
1245.98
1181.84
1178.98
1183.03
1160.86
1157.05
1172.07
1153.95
1157.05
13211.01
1247.88
1183.99
1166.82
1177.07
1160.14
1158.95
1163.96
1169.20
1158.00
13198.14
1253.84
1176.83
1170.87
1176.83
1174.93
1162.05
1174.93
1164.20
1153.95
1156.81
13307.09
1204.97
1168.01
1177.07
1163.01
1168.01
1158.95
1158.00
1176.12
1160.14
13315.92
1187.09
1170.16
1174.93
1178.03
1158.00
1165.87
1160.86
1154.90
1165.87
13313.77
1200.91
1165.87
1186.85
1163.96
1160.86
1153.95
1276.02
1185.89
1171.83
1180.89
1170.87
1157.05
1168.01
1154.90
1157.05
1152.99
13301.13
1188.04
1184.94
1171.83
1157.05
1161.10
1163.01
1163.96
1159.91
1149.89
13298.03
1204.97
1175.88
1169.92
1176.12
1171.11
1172.07
1153.95
1160.14
1157.05
13294.94
1192.09
1168.01
1173.02
1164.91
1163.01
1163.96
1166.82
1163.01
1152.99
13213.87
1239.06
1179.93
1185.89
1172.07
1166.11
1163.96
1163.01
1152.99
1164.91
13214.11
1251.22
1173.97
1165.15
1194.00
1160.86
1179.93
1171.83
1178.98
1160.86
13222.93
1257.90
1178.03
1174.93
1196.15
1170.16
1169.92
1184.94
1156.81
1158.95
13201.00
1256.94
1175.88
1175.88
1175.88
1160.86
1153.95
1158.24
1163.96
1167.06
1160.86
21331.79
1190.90
1173.97
9301.90
1195.91
1168.97
9205.10
1239.06
1170.16
9218.93
1245.98
1180.89
1161.10
9307.15
1187.09
1173.02
9243.01
1214.03
1174.93
9205.10
1245.98
1179.22
1171.11
9294.03
1194.95
1163.01
9278.06
1211.17
1173.02
9218.93
1240.02
1173.02
9179.12
1267.91
1186.85
1167.77
9293.08
1188.99
1166.82
9206.06
1247.17
1174.93
9192.94
1239.06
1183.99
1174.93
1184.94
1160.86
1150.85
1168.01
1175.17
1159.91
1152.99
1167.06
1150.85
1164.91
21283.86
1230.96
1167.77
1182.08
1168.01
1164.91
1160.86
17345.91
1194.95
1173.97
1186.85
1163.96
1164.20
17230.99
1269.10
1178.03
1164.91
1181.13
1167.06
1158.00
17258.88
1235.96
1175.88
1175.88
1168.01
1159.91
1178.98
17344.00
1199.96
1178.98
1176.12
1168.01
1158.00
17234.09
1265.05
1205.92
1163.01
1183.03
1162.05
1183.03
17303.94
1216.89
1177.79
1194.00
1197.81
1174.93
1161.81
17344.00
1198.05
1183.99
1188.99
1173.02
1168.01
21252.87
1286.03
1188.99
1183.03
1176.83
1159.91
1173.97
17355.92
1223.09
1183.99
1192.09
1175.17
1164.20
17226.93
1281.98
1189.95
1168.01
1168.97
1164.20
1173.97
17233.85
1266.96
1186.85
1179.93
1175.17
1164.91
1163.01
17328.98
1210.93
1183.99
1192.09
1168.01
1158.00
17211.20
1285.08
1187.80
1170.87
1170.87
1159.91
1160.14
17242.19
1255.99
1186.85
1179.93
1165.87
1159.91
1158.00
17316.10
1201.15
1175.17
1188.04
1168.01
1172.07
1173.02
1176.83
1162.05
1157.05
13333.08
1203.06
1184.94
1182.79
1164.91
1157.05
1158.00
17318.96
1209.97
1173.02
1183.03
1163.96
1162.05
17241.00
1266.96
1191.14
1188.99
1176.12
1163.96
1165.87
17345.91
1214.03
1168.01
1184.94
1163.96
1160.14
17212.15
1280.07
1187.80
1183.03
1186.13
1177.07
1165.15
17232.18
1261.00
1205.92
1178.03
1179.93
1165.87
1174.93
17344.95
1208.07
1187.09
1189.95
1178.03
1165.15
17220.02
1271.96
1181.84
1176.12
1191.14
1159.91
1161.81
1174.93
1155.85
1157.05
13206.96
1272.92
1194.00
1164.91
1188.99
1158.95
1157.05
1179.93
1160.86
1160.86
1166.82
13319.02
1201.15
1184.94
1183.99
1177.07
1163.01
1164.91
1154.90
1167.06
1157.05
13336.18
1183.99
1184.94
1175.88
1183.99
1166.11
1182.08
1173.97
1167.77
1153.95
13327.12
1192.81
1178.98
1188.04
1163.96
1157.05
1170.16
1158.95
1159.91
1169.20
13301.13
1202.11
1176.12
1180.17
1168.97
1158.00
1162.05
1169.20
1153.95
1163.01
13306.14
1206.16
1172.07
1184.94
1171.11
1163.96
1163.01
1182.08
1161.10
1153.95
13221.98
1231.91
1173.02
1172.07
1164.20
1164.91
1150.85
1164.91
1156.09
1159.91
13214.83
1240.97
1180.89
1169.92
1176.12
1166.11
1166.11
1174.21
1163.96
1153.95
9201.05
1250.03
1194.00
1176.12
9304.05
1194.95
1168.97
9292.84
1198.05
1171.11
9219.17
1255.99
1181.84
9193.90
1251.94
1183.03
1181.13
9292.13
1204.01
1177.07
9222.98
1240.02
1174.93
9204.86
1245.02
1183.03
1178.03
9307.86
1188.04
1168.01
9289.98
1203.78
1172.07
9212.02
1240.02
1175.88
1167.06
9272.10
1191.14
1165.15
9298.09
1188.04
1178.03
9215.83
1240.97
1187.80
1194.95
1173.02
1179.93
1163.01
1168.01
1157.05
1151.80
1184.94
1158.95
1161.10
1156.09
13311.15
1192.81
1169.92
1173.97
1165.15
1162.05
1175.17
1164.91
1163.96
1166.82
13304.95
1199.01
1170.87
1194.95
1165.87
1173.02
1163.96
1158.00
1158.00
1155.85
13303.04
1199.01
1178.98
1183.99
1173.97
1173.02
1153.95
1166.82
1158.95
1164.91
13293.98
1220.94
1181.84
1179.93
1169.92
1158.24
1158.95
1177.07
1159.91
1151.80
13217.93
1244.07
1176.12
1188.99
1180.17
1165.15
1157.05
1170.87
1163.96
1156.09
13214.11
1261.95
1176.12
1170.16
1189.95
1170.87
1158.95
1172.07
1166.11
1157.05
13207.91
1251.94
1175.88
1187.80
1192.09
1163.96
1152.99
1176.12
1158.95
1171.11
13195.99
1256.94
1175.88
1185.89
1178.03
1173.02
1173.97
1172.07
1168.97
1170.87
1159.91
13311.86
1183.99
1177.07
1181.84
1168.01
1157.05
1163.01
1179.22
1158.95
1155.85
13324.02
1190.19
1168.01
1194.00
1158.00
1160.86
1173.02
1158.95
1157.05
1152.04
13323.07
1223.80
1175.88
1186.85
1173.02
1163.01
1164.91
1162.05
1163.96
1159.91
13304.00
1204.97
1176.83
1171.83
1163.01
1164.20
1158.00
1169.92
1163.01
1163.96
13294.94
1217.13
1179.93
9219.88
1240.97
1176.83
1171.83
1172.07
1167.06
1163.96
1173.02
1161.10
1154.18
13206.96
1265.05
1185.18
1167.06
1182.79
1168.97
1155.85
1173.02
1157.05
1163.01
1167.06
13299.94
1189.95
1179.93
1183.99
1173.02
1170.16
1172.07
1152.99
1150.85
1147.99
13314.01
1188.04
1178.98
1180.89
1166.82
1165.87
1176.83
1173.02
1167.06
1173.02
9303.81
1185.89
1174.93
13284.92
1219.99
1180.17
1185.18
1163.96
1163.01
1151.08
17339.94
1204.01
1168.01
1185.89
1159.91
1164.20
17228.13
1269.82
1185.89
1168.01
1194.00
1183.03
1177.07
17318.01
1219.03
1171.11
1183.03
1166.82
1164.91
1162.05
17346.14
1194.95
1174.93
1190.90
1174.21
1175.88
17223.83
1258.13
1186.13
1172.07
1176.12
1178.03
1164.20
29355.05
1224.99
1175.88
1199.01
1167.06
1162.77
1160.86
1179.93
1166.82
1173.02
1178.03
1161.10
1154.18
1173.02
1180.89
1163.01
1153.95
1173.02
1156.09
1160.86
1173.02
1165.15
1163.01
1161.10
1188.04
1189.95
1163.01
1178.03
1158.00
1166.82
1164.91
1152.99
1158.95
1158.95
1183.03
1172.07
1168.97
1167.06
1167.06
1164.91
1162.05
1168.01
1171.11
1158.00
1179.93
1168.01
1153.95
1154.18
1164.91
1158.95
1158.95
1168.97
1157.05
1172.07
1193.05
1175.88
1164.91
1173.02
1178.98
1172.07
1165.87
1168.97
1178.03
1163.96
1151.08
1186.13
1150.13
1156.09
1162.05
1167.77
1169.92
1153.95
1182.08
1174.21
1167.06
1189.23
1169.92
1175.88
1163.01
1160.14
1153.95
1154.90
1163.01
1168.01
1160.86
1183.99
1167.06
1158.00
1146.08
1172.07
1148.94
1148.94
1168.01
1158.95
1149.18
1163.96
1194.95
1164.20
1158.95
1170.87
1162.05
1158.95
1168.01
1168.97
1169.92
1153.95
1179.93
1159.91
1156.09
1163.96
1158.95
1163.01
1158.00
1164.91
1153.95
1157.05
1173.97
1158.00
1147.99
1151.08
1167.06
1155.14
1162.05
1158.95
1155.14
1164.20
1168.01
1158.95
1156.09
1151.80
1176.83
1153.95
1168.97
1156.09
1156.81
1152.99
1147.99
1178.03
1146.08
1158.95
1162.05
1161.10
1152.04
1166.82
1173.02
1168.97
1163.01
1174.93
1152.99
1166.11
1160.14
1164.91
1153.95
1149.89
1173.02
1160.14
1157.05
13216.97
1260.04
1183.03
1217.84
1194.95
1160.14
1159.19
1160.86
1156.09
1152.99
1176.12
1158.95
1154.90
1159.91
1156.81
1154.90
1163.96
1168.97
1161.10
1159.91
1147.99
13301.13
1202.11
1172.07
1184.94
1171.11
1162.05
1165.15
1166.11
1155.14
1169.92
13309.00
1204.97
1185.89
1185.18
1183.03
1168.97
1153.95
1172.07
1159.91
1163.96
13288.02
1219.03
1170.87
1183.03
1158.95
1163.96
1159.91
1175.17
1159.19
1159.91
13226.99
1241.21
1180.89
1173.97
1170.16
1169.20
1153.95
1186.85
1161.10
1173.02
13234.14
1250.98
1192.09
1182.08
1175.17
1166.11
1170.16
1173.97
1170.16
1153.95
13226.03
1255.99
1179.93
1173.02
1188.99
1163.01
1162.05
1173.97
1168.97
1162.05
13212.92
1257.90
1188.99
1167.06
1188.99
1164.20
1158.95
13239.86
1266.96
1187.09
1199.01
1186.13
1168.97
1169.92
1178.03
1168.97
1158.95
1173.02
1163.96
1162.05
1153.95
13305.19
1192.09
1181.13
1184.94
1168.97
1175.17
1175.88
1165.87
1166.11
1163.96
13322.11
1193.05
1178.03
1188.99
1178.03
1169.92
1175.88
1165.87
1164.91
1161.81
13331.89
1204.01
1171.11
1175.17
1163.01
1161.10
1168.97
1173.02
1164.20
1157.05
13316.15
1209.02
1180.89
9224.89
1249.07
1173.02
1194.95
1163.96
1179.93
1161.81
1182.08
1156.09
1152.99
13223.89
1245.02
1187.09
1178.03
1176.83
1169.92
1183.99
1178.03
1153.95
1158.00
13212.92
1254.08
1194.00
1181.13
1185.89
1170.87
1160.14
1176.12
1161.10
1156.09
13213.16
1267.19
1189.95
1172.07
1176.12
1162.05
1152.04
1165.87
1164.91
1158.95
13194.08
1274.82
1189.95
1173.02
1178.03
1165.87
1158.00
1188.99
1171.11
1160.14
1158.00
13329.98
1194.95
1175.88
1189.95
1180.89
1164.20
1178.98
1164.20
1166.11
1161.10
13312.10
1200.20
1190.90
1178.03
1167.06
1165.15
1178.03
1163.96
1174.21
1181.13
13324.98
1195.91
1170.87
1195.91
1168.97
1152.99
1166.11
1154.18
1156.09
1156.09
13322.11
1195.19
1181.13
1197.10
1168.97
1168.97
1178.03
1167.06
1161.10
1154.90
13327.84
1205.92
1190.90
1180.89
1172.07
1159.91
1155.85
1174.93
1156.81
1154.90
13285.88
1230.00
1178.98
1180.89
1184.94
1162.05
1163.01
1174.93
1161.81
1155.85
13236.05
1248.12
1173.97
1194.00
1169.92
1158.00
1168.01
17342.09
1202.11
1181.84
1178.03
1168.97
1169.92
1167.06
1163.96
1169.92
1155.85
13316.87
1199.01
1178.98
1177.07
1169.92
1163.96
1182.08
1164.91
1156.09
1165.87
13326.17
1207.11
1179.22
1179.93
1161.81
1167.06
1158.95
1172.07
1158.95
1152.99
13296.13
1214.03
1173.02
1172.07
1168.97
1160.86
1150.85
1184.94
1162.05
1155.14
13220.07
1246.93
1176.12
1188.99
1168.01
1167.06
1154.90
1168.01
1175.88
1152.99
5222.08
1239.78
1171.11
1163.96
1177.07
1168.97
1163.96
13294.22
1205.92
1173.97
1185.89
1174.93
1177.07
1159.19
1183.03
1173.97
1172.07
13232.95
1218.08
1170.16
1169.92
1168.01
1159.19
1149.89
1163.96
1158.00
1158.00
25228.02
1278.16
1182.08
9203.91
1267.91
1176.83
1174.93
9309.05
1194.00
1168.01
9222.98
1243.11
1178.03
9212.02
1258.13
1182.08
1168.97
9301.90
1188.99
1172.07
9305.95
1202.11
1166.82
9218.93
1250.03
1188.99
9201.05
1260.04
1190.19
1167.06
9315.01
1184.94
1176.83
9238.96
1223.80
1175.88
9223.94
1243.83
1173.97
1168.01
9306.91
1196.86
1169.92
1193.05
1171.11
1160.14
1165.15
1158.00
1175.17
1152.04
1174.21
1167.06
1168.01
13218.88
1246.93
1178.03
1183.99
1175.88
1163.96
1151.08
1182.79
1159.91
1152.99
13216.02
1252.89
1177.07
1181.13
1188.99
1164.91
1163.96
1168.01
1157.05
1155.14
13211.97
1245.98
1183.03
1163.01
1178.03
1162.05
1164.91
1170.16
1163.96
1153.95
1168.01
13298.99
1188.04
1171.11
1182.08
1164.20
1161.10
1173.97
1161.81
1155.85
1152.04
13319.97
1194.00
1167.06
1188.04
1158.00
1161.10
1165.15
1168.01
1166.82
1154.90
13310.91
1199.96
1165.87
1180.89
1175.88
1169.20
1167.06
1163.96
1165.15
1161.10
13307.09
1192.09
1169.20
1172.07
1184.94
1175.88
1158.00
1176.83
1159.91
1160.86
13264.89
1224.99
1178.03
1174.93
1174.93
1152.99
1158.95
1168.01
1162.05
1161.10
13229.13
1243.11
1182.08
1183.99
1184.94
1169.92
1173.02
17340.90
1219.03
1183.99
1181.84
1168.97
1176.12
17210.01
1266.00
1180.89
1180.89
1185.89
1163.96
1158.00
17230.99
1266.00
1185.89
1194.00
1183.03
1168.97
1167.06
17336.85
1195.91
1171.83
1189.95
1171.11
1163.01
17211.91
1273.16
1192.09
1181.13
1176.12
1166.11
1152.99
17236.95
1254.80
1188.99
1192.09
1181.84
1160.86
1171.83
21394.97
1208.07
1170.87
1178.03
6371.02
1219.99
1173.97
1168.97
6275.18
1231.91
1173.02
1177.07
6297.11
1252.89
1178.98
1178.03
6271.84
1245.98
1178.03
1192.09
1163.01
6376.98
1193.05
1169.20
1173.02
6361.01
1189.95
1178.98
1163.96
6308.08
1227.14
1172.07
1158.95
6278.04
1230.96
1173.02
1176.12
6273.98
1250.03
1179.93
1166.82
1186.85
6367.92
1179.93
1178.98
1170.16
6375.07
1188.99
1163.01
1165.15
6346.94
1206.87
1204.97
1168.97
6287.10
1240.02
1183.99
1156.09
6284.00
1243.11
1187.09
1172.07
1165.87
6361.01
1178.98
1169.92
1181.13
6370.07
1199.96
1178.98
1163.96
6356.00
1199.01
1175.88
1190.19
6278.04
1243.83
1178.98
1167.06
6266.83
1232.86
1172.07
1171.11
1164.91
6355.05
1201.15
1168.01
1169.20
6361.01
1184.94
1171.11
1164.91
6344.08
1209.02
1173.97
1160.86
6273.98
1230.00
1167.06
1180.17
6277.08
1249.79
1174.93
1159.91
1174.93
5146.98
1187.09
1172.07
1185.89
1166.82
6375.07
1194.95
1188.99
1161.10
6350.99
1192.09
1187.09
1166.82
6277.08
1235.01
1174.93
1162.05
6284.95
1250.03
1192.09
1182.08
1173.02
6355.05
1178.98
1173.97
1174.93
6365.06
1186.13
1175.17
1162.05
6265.16
1194.95
1172.07
1168.97
6272.79
1241.92
1200.91
1171.11
6278.99
1239.06
1172.07
1176.83
1173.02
6375.07
1204.97
1173.02
1168.01
6390.09
1179.93
1171.11
1171.11
6356.95
1226.90
1182.08
1158.00
17438.89
1278.88
1193.05
1194.00
1183.99
1181.13
1158.00
1183.99
1172.07
1166.11
1171.11
1182.08
1162.05
1171.11
1224.99
1168.01
1168.01
1174.93
1159.91
1160.14
1163.96
1163.96
1155.85
1156.81
1185.89
1155.85
1163.96
1171.11
1163.01
1164.91
1165.87
1167.06
1163.96
1166.82
1178.98
1156.81
1152.04
1173.02
1163.01
1165.15
1163.96
1164.91
1163.01
1170.87
1186.85
1173.97
1166.11
1159.19
1169.92
1156.81
1152.04
1165.15
1158.00
1159.91
1171.83
1183.99
1163.01
1152.99
1164.91
1158.00
1153.95
1169.20
1152.99
1166.82
1159.91
1184.94
1164.20
1158.95
1168.97
1173.02
1162.05
1163.96
1181.13
1172.78
1162.05
1172.07
1167.06
1160.14
1153.95
1178.03
1148.94
1149.89
1164.91
1151.80
1152.99
1169.20
1159.91
1168.01
1149.18
1166.11
1152.04
1160.14
1157.05
1164.91
1158.00
1158.95
1175.88
1158.95
1155.85
1168.97
1158.00
1158.95
1162.05
1171.11
1156.81
1156.09
1179.93
1174.93
1157.05
1167.06
1172.07
1154.18
1163.96
1179.93
1165.15
1146.08
1164.20
1168.97
1151.80
1158.00
1174.93
1164.91
1149.89
1165.15
1167.06
1154.90
1150.85
1188.99
1162.05
1163.96
1163.01
1159.91
1165.15
1177.07
1163.01
1155.85
1156.81
1174.93
1164.91
1162.05
1178.03
1173.02
1164.91
1161.81
1175.88
1183.03
1166.11
1184.94
1160.86
1165.87
1174.93
1173.02
1153.95
1165.15
1171.11
1157.05
1151.80
1184.94
1186.85
1174.93
1164.20
1163.01
1160.14
1158.95
1162.05
1167.06
1162.05
1158.95
13325.93
1196.86
1175.88
1191.85
1166.82
1167.06
1167.06
1176.12
1161.10
1163.01
13320.92
1202.11
1185.89
1192.09
1174.93
1172.07
1172.07
1168.01
1172.07
1155.14
13310.19
1208.07
1166.11
1178.03
1157.05
1163.96
1156.81
1171.11
1157.05
1168.97
12073.99
1219.99
1174.93
1158.00
1162.05
1162.05
1152.99
1161.10
17320.16
1194.00
1180.17
1192.09
1176.12
1163.96
1164.91
1183.03
1168.97
1158.95
13310.91
1198.05
1172.07
1179.93
1173.97
1160.86
1167.06
1161.10
1157.05
1156.09
13318.06
1204.97
1179.22
1178.03
1163.96
1172.07
1164.91
1180.89
1165.87
1157.05
13309.00
1195.91
1166.82
1185.89
1164.91
1166.11
1161.10
17333.03
1200.91
1191.85
1186.85
1168.01
1155.14
1179.93
1164.91
1164.91
1157.05
5338.91
1184.23
1182.08
1178.98
1163.01
1154.18
13206.96
1249.07
1182.08
1172.07
1177.07
1168.01
1169.92
1180.89
1163.96
1160.14
13206.01
1261.95
1185.89
1176.83
1189.95
1160.14
1162.05
1171.11
1168.01
1164.91
1168.01
13319.97
1193.05
1168.01
1186.13
1154.18
1173.02
1163.01
1163.96
1166.11
1155.14
13318.06
1199.96
1188.99
1179.93
1158.95
1171.11
1169.20
1176.12
1154.90
1158.00
13321.16
1204.01
1176.12
1187.80
1170.87
1157.05
1174.93
1163.96
1154.90
1158.00
13324.98
1200.91
1167.06
1179.93
1163.01
1162.05
1161.10
1170.16
1161.10
1156.09
13278.01
1225.95
1183.99
1196.15
1182.08
1169.92
1168.01
17331.12
1208.07
1173.97
1176.12
1172.07
1165.15
1199.01
1166.82
1163.96
1162.05
5330.09
1184.94
1175.88
1181.13
1161.10
1160.86
13221.98
1250.98
1174.93
1163.96
1183.03
1170.87
1163.01
1171.11
1156.09
1158.95
13194.80
1307.01
1187.80
1168.01
1174.93
1168.01
1166.82
1173.02
1172.07
1161.81
1154.90
13317.82
1185.89
1163.01
1181.84
1168.01
1165.15
1174.93
1169.92
1157.05
1158.95
13303.04
1194.95
1169.92
1192.81
1162.05
1162.05
1171.11
1175.17
1158.95
1153.95
13307.09
1205.21
1180.89
1186.85
1173.97
1166.11
1180.89
1169.92
1173.02
1163.96
13331.17
1203.06
1179.22
1189.95
1181.84
1173.02
1185.18
1170.87
1170.87
1162.05
21344.90
1223.09
1183.03
1185.18
1173.97
1162.05
1173.02
1161.81
1158.95
1168.97
13321.16
1206.16
1167.06
1181.13
1173.02
1170.16
1162.05
1183.99
1160.14
1161.10
13261.08
1219.03
1173.02
1182.08
1169.92
1162.05
1159.91
1175.88
1160.86
1169.92
13223.89
1245.98
1192.09
1199.96
1188.04
1171.83
1173.02
1183.03
1171.11
1172.07
13215.07
1241.92
1189.95
1180.17
1183.03
1171.11
1178.03
1171.83
1161.81
1163.96
13224.84
1247.88
1183.99
1171.11
1184.94
1165.87
1162.05
1167.06
1163.96
1153.95
13198.85
1262.90
1187.80
1169.92
1177.07
1168.97
1157.05
1174.21
1158.95
1159.91
1151.80
13296.84
1200.91
1173.02
1188.04
1173.02
1156.09
1174.93
1175.88
1152.99
1167.06
9307.86
1195.91
1184.94
9295.94
1208.07
1167.06
9213.92
1241.21
1175.17
9182.93
1268.15
1183.03
1168.97
9306.91
1190.90
1168.01
9226.08
1238.11
1173.97
9202.00
1246.93
1188.04
1180.89
9310.96
1191.14
1192.09
9290.93
1209.97
1176.83
9233.00
1243.11
1193.05
9210.11
1256.94
1183.03
1169.92
9297.85
1204.01
1171.11
9222.98
1237.87
1193.05
9228.94
1250.98
1185.89
1173.02
1192.09
1165.15
1172.07
1178.98
1170.87
1162.05
1167.06
1173.02
1165.87
1164.91
13312.10
1199.96
1173.02
1194.00
1184.94
1159.91
17225.98
1293.90
1188.99
1172.07
1197.81
1173.97
1166.11
17225.98
1255.99
1178.98
1186.13
1174.93
1173.97
1159.91
17346.14
1204.01
1179.93
1176.83
1169.92
1168.97
17225.98
1283.88
1188.04
1177.07
1184.23
1171.11
1158.95
17236.95
1253.84
1193.05
1195.91
1177.07
1168.97
1163.01
17348.05
1191.85
1181.84
1183.99
1178.98
1168.97
17233.13
1272.20
1185.89
1185.89
1183.99
1161.81
1163.96
25315.05
1236.92
1194.95
1188.99
1173.02
1168.01
1169.92
13340.95
1200.91
1182.08
9321.93
1208.07
1175.88
13242.01
1245.02
1188.04
1187.09
1184.94
1168.97
1171.11
13330.94
1209.02
1169.92
9294.03
1204.97
1182.08
13241.05
1252.89
1184.94
1177.79
1178.98
1170.16
1170.16
13321.88
1217.13
1178.03
9225.13
1257.18
1178.03
13232.95
1256.94
1181.13
1166.11
1188.04
1173.97
1164.91
5212.07
1236.92
1189.95
1179.93
1169.92
1176.12
1171.11
1171.11
1157.05
1168.01
13206.01
1241.92
1188.99
1166.11
17308.00
1194.95
1174.93
1206.87
1171.83
1158.95
1168.01
1164.91
1160.14
1168.01
17344.00
1205.92
1172.07
1179.93
1168.97
1168.01
17243.86
1266.96
1196.15
1186.13
1181.13
1167.06
1161.81
17324.92
1209.97
1177.07
1186.13
1175.17
1177.07
17195.94
1314.16
1189.95
1179.93
1183.99
1163.96
1164.91
17247.92
1262.90
1185.89
1183.99
1168.01
1166.82
1173.02
20627.02
1214.98
1183.99
1188.04
4984.86
1219.03
1170.16
1192.09
1194.00
6295.92
1258.13
1176.12
1166.11
6288.05
1252.17
1194.95
1183.03
1174.93
6362.92
1189.95
1176.83
1178.98
6363.15
1206.16
1173.97
1157.05
6354.09
1191.14
1166.11
1175.17
6305.93
1229.05
1197.10
1166.11
6272.08
1235.01
1168.97
7589.10
1240.02
1188.04
1165.15
1156.09
6367.92
1184.94
1174.93
1165.87
6350.99
1208.07
1168.01
1160.86
6330.97
1201.15
1176.12
3120.90
1191.85
1164.91
1175.88
6362.92
1196.86
1178.98
1173.97
6330.01
1201.15
1187.09
1167.06
6271.12
1234.05
1164.91
7531.88
1238.82
1188.04
1163.01
1163.96
6355.05
1180.89
1178.98
1174.93
6366.01
1206.16
1157.05
1158.95
6345.99
1191.85
1170.87
1174.93
6277.08
1250.03
1181.13
1162.05
6276.13
1250.98
1168.97
1188.04
1159.91
6360.05
1188.04
1176.83
1165.87
5174.88
6384.85
1203.06
1170.16
1172.07
6359.10
1188.04
1160.86
1170.87
6283.04
1230.00
1184.94
1171.11
6271.12
1227.14
1177.07
1175.88
6270.17
1249.07
1181.84
1174.93
1157.05
6372.93
1183.03
1188.99
1165.87
6352.90
1202.82
1168.97
1165.15
6424.90
1200.91
1186.85
1164.91
6266.83
1240.97
1183.99
1161.10
4873.04
1252.89
1196.86
1160.86
1186.85
1162.05
6360.05
1191.85
1165.87
1179.93
6353.86
1195.91
1189.95
1163.96
6286.14
1228.09
1182.79
1162.05
6294.97
1236.92
1197.10
1180.17
1165.15
6324.05
1183.99
1169.92
1186.85
6384.85
1193.05
1167.06
1164.91
6346.94
1200.91
1175.17
7659.20
1214.03
1178.98
1173.02
6276.85
1240.97
1168.97
1164.91
6285.91
1250.03
1183.03
1177.07
1183.03
6364.11
1188.99
1179.93
1166.82
6381.03
1196.15
1169.92
1168.01
6361.01
1186.85
1186.85
1182.08
6275.89
1233.10
1169.92
1209.97
5027.77
1250.03
1176.83
1168.97
1178.98
1163.01
6353.86
1184.94
1169.20
1168.97
6369.83
1191.85
1188.99
1163.96
6366.01
1199.96
1174.93
1173.97
6289.01
1226.19
1188.99
1159.91
6299.02
1232.15
1195.91
1173.02
6289.01
1245.02
1193.05
1172.78
1168.97
6361.96
1185.18
1177.07
7562.16
1199.96
1168.97
1167.06
6320.00
1202.11
1180.17
1183.99
6281.85
1257.90
1173.02
1168.01
6265.88
1247.88
1174.93
1173.02
1163.96
6366.01
1206.16
1167.06
1168.01
6365.06
1199.01
1178.98
1170.16
6342.17
1224.99
1180.89
1159.91
6362.92
1243.11
1183.03
1168.97
6284.00
1240.97
1175.88
1165.87
6268.98
1250.03
1179.93
1176.83
1160.86
6375.07
1196.15
1168.97
1168.97
6347.18
1192.09
1203.06
1175.17
6284.00
1235.01
1181.13
1168.01
6299.97
1229.05
1187.80
1172.07
6240.13
1259.09
1172.07
1171.83
1173.97
6353.14
1191.14
1173.02
1163.96
6345.03
1205.92
1163.01
7678.03
1212.84
1168.01
1162.05
6272.08
1229.05
1173.97
1177.07
6281.85
1253.84
1194.95
1180.89
1168.01
1300.10
1199.96
1178.03
1201.15
1169.92
1168.01
1174.21
1166.11
1162.05
1152.04
1173.02
1158.00
1153.95
13231.99
1240.02
1177.07
1174.93
1171.11
1172.07
1160.14
1169.20
1162.05
1151.08
13216.97
1254.08
1178.03
1193.05
1172.07
1157.05
1160.86
1176.83
1154.90
1159.91
13201.95
1257.90
1178.98
1171.11
1175.88
1164.91
1172.07
1174.93
1162.05
1155.14
13201.95
1255.99
1187.80
1167.06
1187.09
1166.11
1163.96
1170.87
1158.00
1162.05
1158.95
13313.06
1186.13
1186.13
1188.99
1157.05
1165.87
1182.08
1157.05
1167.77
1152.04
13311.15
1185.89
1173.02
1175.17
1173.02
1153.95
1162.05
1195.91
1160.14
1158.00
13319.02
1197.10
1171.11
1178.03
1170.16
1152.99
1174.93
1173.02
1159.91
1157.05
21358.01
1218.08
1191.14
1187.09
1178.03
1168.97
1178.98
1168.97
1165.15
1161.10
13324.02
1215.93
1192.09
1186.13
1173.02
1174.21
1174.93
1168.01
1159.91
1154.90
13315.92
1205.92
1191.14
1178.03
1167.06
1161.10
1160.14
1167.06
1161.81
1170.87
13269.90
1238.82
1181.84
1177.07
1172.07
1167.06
1169.92
1179.93
1159.91
1169.92
13234.85
1246.93
1188.04
1185.89
1185.18
1163.96
1166.11
1174.93
1163.96
1171.83
13228.89
1237.87
1175.88
1188.99
1187.09
1168.01
1168.97
1175.17
1172.07
1166.11
13223.17
1255.04
1195.19
1179.93
1173.02
1163.01
1172.07
1172.07
1157.05
1157.05
13214.11
1261.00
1194.95
1176.83
1192.09
1170.16
1164.91
1168.97
1164.91
1163.01
21216.87
1288.18
1199.96
1174.93
9329.80
1198.05
1186.13
9326.93
1199.96
1178.98
9223.94
1237.87
1181.84
9198.90
1255.99
1176.83
1167.06
9308.10
1217.13
1182.08
9277.11
1214.98
1184.94
9229.90
1235.96
1173.02
1175.88
9283.78
1190.90
1174.93
9289.03
1208.07
1172.78
9209.87
1243.11
1188.04
9205.10
1262.90
1181.13
1173.02
9316.92
1188.99
1180.89
9265.90
1219.03
1175.17
1189.95
1175.88
1154.90
1165.15
1178.03
1154.90
1158.95
1179.22
1157.05
1158.95
1159.91
21317.96
1204.97
1177.07
9333.13
1198.05
1183.99
9252.07
1220.94
1177.07
9213.92
1255.99
1189.95
1167.06
9293.08
1189.95
1183.99
9305.00
1198.05
1174.93
9227.04
1248.12
1191.14
9207.96
1261.00
1180.17
1178.98
9313.11
1196.86
1180.89
9281.87
1200.91
1177.07
9220.12
1243.11
1189.95
9207.01
1266.00
1184.94
1188.99
9324.07
1195.91
1173.02
9231.09
1250.03
1181.84
1210.93
1176.12
1167.06
1167.06
1188.04
1172.07
1169.92
1177.07
1161.10
1158.95
1158.00
13296.13
1192.09
1182.79
1190.90
1158.95
1156.81
17227.89
1253.13
1188.99
1181.13
1183.99
1168.01
1181.84
17339.94
1204.01
1177.79
1181.84
1168.97
1165.87
1167.77
17317.06
1199.01
1168.01
1192.09
1168.01
1163.96
17239.81
1273.16
1178.03
1178.03
1181.84
1182.08
1157.05
17342.09
1222.85
1176.83
1185.89
1176.12
1173.02
17230.03
1274.11
1190.19
1176.12
1192.09
1175.17
1167.06
17240.05
