1194.95
1160.86
1163.01
1163.96
1157.05
1158.00
1173.97
1162.05
1161.10
25214.91
1193.05
1194.00
1238.11
1185.18
1182.08
1172.07
1168.97
1171.83
1168.97
25213.96
1203.06
1166.82
1170.87
1158.00
1172.07
1154.90
1173.97
1164.91
1158.95
25202.99
1194.95
1156.81
1159.91
1166.82
1160.86
1152.04
1162.05
1152.99
1152.99
1148.94
25261.16
1166.11
1153.95
1170.87
1170.87
1163.96
1171.11
1172.07
1162.05
1160.14
25274.04
1184.94
1164.91
1164.20
1167.06
1159.91
1158.95
1166.11
1156.09
1165.15
25223.97
1183.03
1161.10
1747.13
12402.06
1197.10
1193.05
1226.19
1205.92
1195.91
1204.01
1173.97
1199.01
1184.94
25299.79
1230.96
1206.16
1222.13
1205.92
1212.84
1215.93
1214.03
1227.86
25292.87
1274.11
1221.18
1213.07
1219.99
1212.84
1216.89
1192.81
1179.93
1176.83
25255.92
1235.96
1212.12
1223.09
1209.97
1207.11
1224.04
1191.14
1176.12
1181.13
25239.94
1217.84
1214.98
1203.06
1209.02
1193.05
1195.19
1203.06
1210.93
1201.87
25305.03
1187.09
1168.97
1172.07
1184.94
1168.01
1166.11
1189.95
1201.87
1205.92
25306.94
1224.04
1206.16
1194.95
1191.85
1197.10
1183.99
1244.07
1250.03
1271.96
25342.94
1230.00
1205.92
1219.99
1205.92
1204.01
1202.82
1164.91
1185.18
1178.98
25336.98
1212.84
1189.95
1183.03
1183.03
1173.97
1162.05
1168.97
1175.17
1170.87
25295.02
1188.04
1182.08
1187.09
1174.21
1161.10
1178.98
1201.15
1209.97
1192.81
25290.97
1177.79
1178.98
1183.99
1183.03
1183.03
1194.95
1232.86
1224.99
1214.98
25293.11
1219.99
1222.85
1209.02
1200.91
1203.06
1192.09
1211.88
1219.99
25280.95
1250.03
1219.03
1203.06
1201.15
1208.07
1219.03
1194.00
1224.99
1214.03
25271.18
1235.96
1222.85
1262.90
1159.19
1158.00
1162.05
1159.91
1183.99
1182.79
25253.06
1210.21
1168.01
1161.10
1173.97
1168.01
1174.93
1173.02
1164.91
1171.11
25221.11
1212.12
1180.89
1183.03
1192.09
1185.89
1181.84
1178.98
1201.15
1193.05
25249.00
1244.78
1215.93
1224.99
1209.97
1204.01
1202.82
1195.91
1191.14
1198.05
25262.12
1262.90
1251.94
1228.81
1204.97
1214.98
1214.03
1209.97
1209.97
1209.02
25282.14
1219.03
1203.06
1206.16
1203.06
1194.95
1201.87
1242.88
1252.89
1259.09
25307.18
1172.07
1197.10
1167.06
1159.19
1167.06
1161.10
1201.87
1221.90
1214.98
25283.10
1199.01
1175.17
1180.89
1164.91
1165.87
1179.22
1175.88
1164.91
1168.01
25284.05
1188.99
1180.89
1183.99
1188.99
1199.96
1199.01
1194.95
1190.90
1257.90
25305.99
1214.98
1199.01
1209.02
1194.95
1203.06
1211.17
1201.15
1195.91
1193.05
25311.95
1211.17
1199.01
1208.07
1199.01
1204.01
1214.03
1192.09
1194.00
1191.85
25294.07
1216.89
1197.81
1204.97
1209.97
1217.84
1205.92
1210.93
1213.07
25264.02
1243.83
1216.89
1207.83
1209.02
1221.90
1262.90
1243.83
1217.84
1226.90
25267.84
1262.90
1244.07
1242.16
1238.11
1232.15
1230.96
1236.20
1250.98
1233.10
25343.18
1244.07
1238.11
1245.98
1238.11
1234.05
1240.02
1230.00
1231.91
29289.01
1203.06
1163.01
1163.01
1183.99
1173.97
1171.83
1173.97
1177.07
1178.03
25233.03
1246.93
1204.97
1199.01
1216.89
1218.08
1214.03
1227.14
1269.10
1262.90
25305.03
1241.92
1206.87
1214.98
1191.85
1194.00
1188.04
1213.07
1214.98
1230.96
25303.13
1185.18
1167.06
1158.95
1176.12
1173.97
1204.01
1202.11
1226.90
1235.96
25326.97
1214.98
1209.97
1222.85
1224.99
1217.84
1215.93
1168.97
1173.02
1177.07
25322.91
1251.94
1216.17
1230.00
1222.13
1218.08
1214.03
1239.06
1228.09
25265.22
1261.95
1107.93
1204.01
1224.04
1199.01
1204.01
1199.96
1161.10
1172.07
25208.00
2517.94
1179.93
1176.12
1163.01
1159.91
1141.07
1171.11
1172.07
1168.01
25288.82
1167.06
1158.00
1167.06
1162.05
1156.81
1149.89
1171.11
1176.12
1179.93
25290.01
1180.17
1172.07
1178.98
1176.12
1178.03
1176.12
1163.01
1178.98
1196.86
25331.97
1204.97
1200.20
1215.93
1199.01
1199.96
1194.00
1186.13
1193.05
1193.05
25326.97
1250.03
1214.03
1245.02
1232.15
1234.05
1202.11
1256.94
1257.90
25305.99
1209.02
1173.02
1162.05
1167.06
1162.05
1164.20
1162.05
1216.89
1206.87
25269.99
1207.11
1180.17
1180.89
1183.03
1184.94
1178.98
1189.95
1163.01
1167.06
25197.03
1250.98
1208.07
1185.89
1194.95
1194.00
1193.05
1170.87
1198.05
1197.10
25238.99
1278.16
1219.03
1219.03
1230.00
1244.07
1223.09
1213.07
1212.12
1210.93
25274.04
1240.02
1203.06
1214.98
1210.93
1204.01
1199.01
1193.05
1170.87
1167.06
25225.16
1235.96
1189.95
1204.97
1194.95
1190.19
1183.03
1198.05
1198.05
1199.96
25266.89
1204.97
1167.06
1172.07
1171.11
1159.91
1156.81
1166.82
1173.02
1173.02
25241.14
1199.96
1175.88
1175.88
1181.84
1181.84
1173.97
1189.95
1182.79
1184.94
29248.00
1229.05
1209.97
1199.01
1208.07
1213.07
1196.15
1214.03
1210.93
1216.89
1225.95
1213.07
1206.16
1220.94
1216.89
1209.02
1219.03
1169.92
1158.95
1158.00
17235.99
1218.08
1197.10
1188.04
1173.02
1198.05
1192.81
1196.86
1179.93
1182.08
1185.89
1178.98
1173.97
1176.12
17342.09
1214.03
1219.03
1209.02
1207.11
1202.11
1212.12
1221.90
1219.03
1219.99
1216.17
1211.88
1218.08
17279.86
1188.04
1173.02
1183.99
1183.03
1188.99
1186.13
1183.99
1197.81
1186.85
1149.89
1195.91
1190.19
17256.02
1186.13
1169.92
1158.95
1248.12
1243.11
1257.90
1252.17
1244.07
1242.88
1251.94
1241.21
1237.87
17275.81
1199.96
1190.90
1187.09
1170.16
1170.87
1178.98
1183.99
1168.97
1173.02
25239.94
1217.13
1178.98
1184.94
1183.03
1168.01
1174.21
1216.89
1258.85
1240.97
25284.05
1203.06
1173.97
1183.03
1188.04
1203.06
1191.14
1201.87
1190.90
1194.95
25259.02
1201.15
1181.13
1185.89
1188.04
1190.90
1183.99
1204.97
1192.81
1203.06
25276.90
1243.83
1204.01
1213.07
1201.15
1204.01
1202.11
1209.97
1207.11
1205.92
25309.80
1220.94
1203.78
1180.89
1133.92
1147.03
1150.85
1168.01
1147.03
1147.99
25206.80
1209.02
1188.04
1191.14
1191.14
1183.99
1177.07
1183.99
1176.83
1178.03
17240.05
1192.09
1171.11
1182.08
1186.13
1178.98
1178.98
1183.03
1178.98
1180.89
1163.96
1136.06
1152.99
1148.94
17323.97
1219.03
1199.96
1211.17
1223.09
1216.89
1217.84
1220.94
1216.17
1219.03
1208.07
1209.97
1212.84
17325.88
1214.03
1209.97
1212.84
1205.92
1203.06
1203.06
1173.97
1201.87
1188.04
1198.05
1194.95
1190.90
17294.88
1218.80
1194.95
1214.98
1204.97
1203.06
1204.01
1190.90
1187.80
1186.85
1205.92
1189.95
1199.96
17250.78
1200.91
1175.88
1165.87
1154.18
1163.01
1161.10
1182.08
1172.07
1170.16
1178.03
1172.07
1178.03
1181.84
17283.92
1203.06
1194.00
1201.87
1196.86
1195.91
1180.17
1225.95
1217.13
1229.05
1223.80
1224.99
1222.13
17287.97
1160.86
1147.03
1152.04
1147.03
1145.12
1137.02
1159.19
1141.07
1146.08
25208.95
1179.93
1150.85
1150.85
1158.00
1152.99
1148.22
1153.95
1149.89
1147.03
25175.81
1219.03
1155.14
1146.08
1151.08
1144.89
1147.99
1149.18
1208.07
1209.02
1209.02
25287.87
1158.00
1147.99
1152.99
1158.00
1157.05
1165.15
1166.11
1163.96
1165.87
25278.09
1230.00
1217.84
1221.90
1217.13
1217.13
1220.94
1216.89
1214.98
1214.03
25326.97
1231.91
1245.02
1263.86
1243.83
1240.97
1245.02
1237.15
1240.02
25292.16
1238.11
1203.06
1215.93
1201.87
1209.02
1218.08
29284.00
1188.04
1187.80
1187.80
1184.94
1171.11
1179.93
1166.82
1173.97
1161.10
25291.92
1178.98
1168.97
1169.92
1167.06
1165.87
1178.03
1194.95
1179.93
1188.99
9305.00
1255.04
1235.01
1228.09
1219.03
1213.07
25278.09
1290.80
1271.01
1271.01
1268.15
1265.05
1268.15
25334.12
1239.06
1246.93
1240.02
1235.96
1237.87
25324.82
1199.96
1185.18
1185.89
1177.07
1173.02
1165.15
1168.97
1163.96
1159.91
25235.89
1195.91
1163.96
1169.92
1163.96
1167.06
1165.15
1168.97
1171.83
1175.88
25239.94
1212.12
1188.99
1179.22
1160.86
1163.01
1159.91
37251.00
1171.11
1148.94
1146.08
1188.99
1197.10
1192.09
1199.96
1187.80
1188.99
25236.13
1190.19
1174.93
1168.01
1173.02
1183.03
1185.18
1202.11
1188.99
1175.17
25244.00
1218.08
1196.15
1194.00
1160.86
1169.92
1172.07
1182.08
1174.21
1168.01
25232.08
1177.79
1153.95
1146.08
1173.97
1183.99
1188.04
1170.87
1214.03
1225.95
25269.99
1230.96
1215.93
1209.97
1168.97
1173.97
1174.93
1157.05
1173.02
1174.93
25215.86
1254.08
1214.98
1224.99
1221.90
1217.84
1205.92
1209.02
1201.15
1209.02
25262.12
1232.15
1197.10
1205.92
1194.00
1186.85
1186.85
1249.79
1295.80
1268.86
25328.87
1194.00
1177.07
1179.93
1178.98
1183.99
1187.80
1220.94
1258.13
1265.05
25336.98
1239.06
1241.92
1253.84
1241.92
1235.96
1211.88
1163.96
1180.17
1173.02
25304.08
1249.07
1251.94
1245.02
1237.87
1237.15
1209.02
1183.99
1189.95
25253.06
1266.96
1223.09
1230.00
1219.03
1205.92
1215.22
1230.96
1227.14
1218.08
25300.03
1221.18
1209.97
1207.83
1202.82
1204.97
1197.10
1240.97
1258.13
1266.00
25302.17
1182.08
1161.10
1173.02
1163.01
1158.95
1155.14
1221.90
1241.92
1227.86
25334.84
1215.93
1220.94
1217.84
1209.97
1211.17
1200.91
1165.87
1173.02
1168.97
25316.00
1230.00
1244.07
1266.96
1240.97
1240.02
1204.01
1211.88
1228.81
25290.01
1245.98
1224.04
1224.99
1212.12
1214.03
1214.03
1192.81
1168.01
1173.02
25228.98
1249.07
1213.07
1200.91
1204.97
1204.01
1199.96
1220.94
1206.87
1202.11
25274.04
1192.81
1163.96
1175.17
1163.01
1158.00
1164.91
1194.95
1211.88
1213.07
25275.95
1212.84
1194.95
1214.03
1198.05
1209.02
1194.95
1167.06
1202.11
1197.10
25274.99
1239.06
1233.82
1219.03
1235.96
1214.03
1224.99
1192.09
1199.01
1203.06
25316.00
1223.09
1219.99
1233.10
1213.07
1216.17
1219.99
1181.13
1183.99
1185.89
25316.00
1214.03
1204.01
1216.17
1202.11
1200.91
1185.89
1199.01
1194.95
25238.99
1245.02
1200.91
1196.15
1204.01
1198.05
1193.05
1191.85
1240.97
1244.07
25294.78
1245.02
1219.99
1211.88
1202.82
1204.97
1201.15
13297.08
1195.91
1180.89
1203.78
1199.01
1186.13
1188.99
1187.09
1185.18
1183.03
25296.93
1197.81
1191.85
1189.95
1182.08
1187.80
1189.95
1178.98
1188.99
1180.17
25295.97
1214.98
1184.94
1193.05
1185.89
1183.03
1187.80
1183.99
1180.17
1188.99
25292.16
1192.09
1190.90
1184.94
1188.99
1183.03
1184.94
1184.94
1191.14
1185.18
25284.05
1193.05
1183.99
1188.04
1183.99
1181.13
1198.05
1188.04
1184.94
1177.07
25313.14
1203.06
1209.02
1190.90
1176.12
1168.01
1176.83
1175.88
1167.06
1175.17
25304.08
1207.11
1200.91
1194.00
1174.93
1181.13
1192.09
1183.03
1175.88
1177.07
25306.94
1212.12
1200.91
1183.99
1181.13
1173.97
1185.89
1173.02
1179.93
1176.12
25305.99
1215.93
1198.05
1175.88
1194.00
1190.90
1188.99
1183.99
1178.98
1176.83
21359.92
1192.09
1177.07
1181.13
1172.07
1173.02
1181.84
1176.12
1181.13
1179.93
17383.81
12183.90
1258.85
1237.87
1199.01
1217.84
1216.89
1212.84
1200.91
1206.87
25271.18
1245.98
1223.80
1200.91
1207.83
1206.87
1202.11
1209.97
1205.92
1201.15
25274.04
1248.12
1232.15
1213.07
1210.93
1202.82
1210.93
1215.93
1211.88
1200.91
25288.11
1204.01
1185.89
1190.90
1192.09
1180.17
1180.89
1184.94
1206.16
1205.92
29296.88
1224.04
1215.93
1209.02
1214.98
1218.08
1215.93
1213.07
1218.08
1224.99
1217.13
1210.93
1207.83
17246.01
1212.12
1183.99
1186.85
1172.07
1171.11
1164.20
1173.02
1165.15
1163.01
1162.05
1172.07
1176.12
1177.07
17298.22
1198.05
1208.07
1198.05
1194.95
1199.96
1200.91
1190.90
1188.99
1198.05
1193.05
1188.99
1199.01
17317.06
1221.90
1219.99
1210.93
1212.12
1203.06
1206.87
1193.05
1210.21
1201.87
1205.92
1190.19
1183.99
17240.05
1185.89
1166.82
1173.97
1182.08
1180.17
1173.97
1183.99
1178.03
1187.09
1177.07
1192.09
1194.00
17225.03
1291.04
1245.02
1242.16
1260.04
1257.18
1273.87
1199.96
1170.16
1165.87
25248.05
1250.03
1234.77
1214.03
1254.08
1244.07
1241.92
1250.03
1240.97
1238.11
25358.92
1252.89
1246.93
1247.17
1240.97
1238.82
1245.02
1241.92
1243.83
25297.88
1244.78
1229.05
1234.05
1247.17
1261.00
1240.97
1246.93
1237.15
1238.11
25321.96
1230.96
1217.13
1205.92
1199.96
1223.09
1209.02
1204.01
1213.07
1208.07
1205.92
1209.97
1202.11
17269.13
1203.06
1186.13
1188.99
1187.09
1185.89
1192.09
1162.05
1155.85
1165.87
1170.16
1168.01
1160.86
1164.91
17320.16
1227.14
1218.08
1235.96
1217.84
1222.85
1240.97
1223.09
1249.07
1245.98
1152.99
1163.96
1166.11
17286.06
1186.13
1173.02
1167.06
1199.01
1194.95
1214.98
1196.86
1197.81
1194.95
1203.06
1185.89
1185.18
17266.04
1253.13
1231.91
1241.92
1235.01
1235.01
1235.96
1219.03
1229.05
1213.07
1223.09
1214.03
1210.93
17300.13
1193.05
1176.12
1186.13
1178.03
1185.89
1185.89
1196.86
1194.95
1195.91
1194.00
1168.01
1140.12
25219.92
1207.11
1174.93
1171.11
1162.05
1181.13
1188.99
1180.89
1184.23
1178.03
25212.05
1264.81
1193.05
1188.04
1212.12
1208.07
1205.92
1204.97
1197.10
1198.05
25249.00
1208.07
1187.09
1181.13
1201.87
1194.95
1182.08
1198.05
1204.97
1191.14
25241.85
1211.88
1189.95
1186.13
1198.05
1186.13
1195.91
1204.01
1199.96
1193.05
25245.90
1206.87
1171.11
1170.16
1183.99
1175.88
1182.08
1174.21
1219.99
1211.17
25260.93
1213.07
1172.07
1163.96
1199.01
1196.15
1200.91
1216.89
1214.98
1210.93
1221.18
1209.02
1213.07
1204.97
17315.86
1228.09
1219.03
1230.00
1221.18
1219.03
1198.05
1188.04
1192.81
1194.95
1180.17
1180.89
1176.83
17281.06
1188.04
1178.98
1180.89
1175.17
1173.02
1163.01
1168.01
1161.10
1163.01
1151.08
1173.02
1173.97
17229.08
1241.92
1226.90
1230.96
1212.12
1197.10
1199.96
1203.06
1199.01
1214.03
1209.02
1202.11
1199.96
17225.98
1250.03
1172.78
1162.05
1176.12
1164.91
1160.14
1153.95
1245.98
1248.12
1245.98
1242.88
1240.97
1240.97
17319.92
1226.90
1207.11
1223.09
1219.99
1213.79
1216.89
1214.03
1221.90
1214.98
1163.01
1164.20
1164.91
17277.96
1215.93
1197.10
1183.99
1147.03
1163.96
1163.96
1172.07
1164.91
1168.01
1152.04
1178.98
1185.89
17240.05
1217.84
1183.99
1181.13
1151.08
1179.93
1171.11
1183.03
1177.79
1172.07
1161.10
1190.90
1174.93
1185.18
25306.94
1200.91
1183.03
1180.89
1191.85
1196.86
1196.86
1190.90
1194.95
1199.96
25323.87
1240.97
1218.08
1209.02
1212.12
1211.17
1220.94
1233.82
1231.91
1220.94
33290.15
1214.03
1206.16
1211.88
1214.98
1213.07
25274.99
1213.07
1188.04
1195.91
1188.99
1197.10
1187.09
33320.90
1209.02
1204.01
1185.18
1207.11
1203.06
1213.07
1204.97
1202.82
1203.06
25290.01
1188.04
1183.03
1170.87
1225.95
1229.05
1223.80
1227.86
1219.03
1224.04
1142.02
1163.01
1152.99
17308.95
1232.86
1224.99
1208.07
1213.07
1216.17
1226.90
1205.92
1205.92
1210.93
1187.80
1173.97
1183.03
25285.01
1202.11
1178.98
1180.17
1178.03
1177.07
1170.16
1176.12
1188.99
1180.17
25258.06
1204.01
1188.99
1197.10
1188.04
1198.05
1197.10
1167.06
1194.00
1194.95
25259.97
1242.88
1226.90
1214.98
1215.93
1219.03
1215.93
1122.00
1156.81
1154.90
25234.94
1238.11
1222.13
1224.04
1216.17
1209.02
1216.17
1163.96
1160.86
1175.88
25287.15
1229.05
1203.06
1219.99
1220.94
1201.87
1201.87
1179.22
1193.05
1177.07
25318.15
1223.09
1220.94
1215.93
1203.06
1206.16
1193.05
1138.21
1147.99
1148.94
25299.07
1232.15
1220.94
1214.98
1208.07
1216.17
1212.12
1173.02
1168.97
1181.84
25322.91
1237.87
1230.96
1228.09
1224.04
1232.15
1208.07
1177.07
1186.13
21234.04
1213.07
1177.07
1172.07
1186.13
1186.13
1189.95
1192.81
1193.05
1193.05
25223.02
1249.07
1200.91
1211.17
1206.87
1212.12
1203.06
1214.03
1222.13
1206.16
25265.93
1246.93
1231.19
1213.07
1218.08
1214.03
1209.02
1226.90
1211.88
1209.02
25253.06
1241.92
1224.04
1226.90
1212.84
1215.93
1219.99
1236.92
1211.88
1214.03
25322.91
1224.04
1215.93
1219.99
1212.84
1214.98
1215.93
1219.03
1216.89
1212.84
25326.01
1229.05
1217.13
1224.99
1216.89
1214.03
1224.04
1218.08
1218.08
25275.95
1272.92
1228.81
1224.99
1235.96
1221.90
1227.86
1237.87
1222.13
1222.13
25266.89
1247.88
1245.02
1228.09
1228.09
1224.04
1229.05
1228.09
1228.09
1223.09
25321.96
1213.07
1204.97
1203.78
1203.06
1200.91
1214.98
1209.97
1195.91
1210.21
25295.97
1208.07
1202.82
1181.84
1167.06
1164.91
1177.07
1171.83
1163.01
1162.05
25286.91
1184.94
1173.97
13247.97
1158.95
1148.94
1152.99
1156.81
1158.00
1158.95
1168.97
1162.05
1158.95
25223.97
1188.99
1162.05
1155.85
1168.97
1168.01
1156.81
1168.97
1162.05
1157.05
25201.08
1200.91
1169.20
1168.97
1168.97
1159.91
1164.20
1170.87
1169.20
1169.92
1157.05
25273.08
1178.03
1170.16
1171.11
1163.01
1167.06
1174.21
1170.87
1163.01
1172.07
25283.10
1194.00
1170.87
1183.99
1177.07
1172.07
1178.98
1168.97
1168.01
1164.91
25277.14
1189.95
1177.79
1180.89
1171.83
1169.92
1169.92
1180.17
1172.07
1168.97
25220.87
1200.20
1188.99
1182.08
1169.92
1172.07
1165.15
1177.07
1168.97
1171.83
25241.85
1210.93
1189.95
1178.98
1132.01
1142.02
1149.89
1159.91
1146.08
1145.84
25198.94
1183.03
1163.96
1157.05
1168.01
1165.15
1158.00
1173.97
1164.91
1168.97
1160.14
25277.14
1173.02
1165.15
1178.98
1165.87
1176.83
1173.02
1162.05
1161.10
1162.05
25273.08
1175.17
1154.90
1153.95
1154.18
1152.04
1143.93
1190.90
1210.93
1202.11
25313.14
1190.90
1180.89
1188.04
1176.83
1189.95
1181.13
1204.97
1194.00
1197.10
29330.02
1246.21
1240.02
1207.11
1181.13
1178.03
1188.04
1177.07
1179.93
1176.83
1181.84
1164.91
1165.15
17222.88
1241.92
1214.03
1219.99
1208.78
1204.01
1191.14
1219.03
1207.11
1199.96
1206.87
1206.16
1214.98
17264.84
1214.98
1182.08
1192.09
1199.01
1197.81
1199.01
1204.97
1199.01
1198.05
1190.90
1194.95
1207.11
1214.98
17272.00
1162.05
1146.08
1151.08
1240.02
1230.96
1235.01
1222.85
1224.99
1220.94
1230.00
1227.14
1224.04
17316.10
1201.15
1178.98
1188.04
1183.03
1187.09
1196.15
1172.07
1183.03
1187.09
1188.99
1181.84
1169.92
17230.03
1177.79
1158.95
1152.04
1158.95
1150.13
1146.08
1147.03
1146.08
1149.18
1150.13
1151.08
1158.00
1168.97
17257.93
1190.90
1170.16
1161.10
1159.91
1168.01
1163.01
1172.78
1164.91
1163.01
1175.88
1171.83
1173.02
1172.07
17261.98
1176.83
1168.97
1173.97
1169.92
1165.15
1171.11
1167.06
1167.06
1168.01
13312.82
1224.04
1206.87
1199.01
1196.15
1187.09
1172.07
1140.12
1142.98
1138.93
25283.10
1186.13
1181.13
1166.11
1183.03
1187.09
1184.94
1181.13
1177.07
1179.93
25290.97
1178.98
1169.92
1173.02
1163.96
1170.16
1186.13
1168.97
1166.11
1165.15
25277.14
1173.02
1161.10
1169.20
1163.96
1162.05
1159.19
1179.93
1168.01
1170.87
25245.90
1192.81
1160.86
1168.97
1163.96
1166.82
1170.87
1168.01
1167.06
1168.97
25229.93
1198.05
1171.83
1165.87
1140.83
1171.83
1167.06
1173.97
1168.01
1166.82
1159.91
1168.01
1168.97
1166.11
17272.95
1183.99
1166.11
1147.03
1176.12
1189.95
1186.85
1194.95
1179.93
1181.84
1188.04
1178.98
1180.89
17229.08
1203.06
1181.84
1175.88
1183.03
1170.87
1168.01
1170.16
1167.06
1166.11
1167.06
1177.07
1197.10
1214.98
17297.98
1183.03
1172.07
1181.13
1203.06
1198.05
1203.78
1196.86
1195.91
1198.05
1204.97
1199.96
1203.06
17266.99
1240.97
1214.98
1214.03
1214.03
1204.97
1188.04
1193.05
1203.06
1198.05
1209.97
1207.83
1199.96
17237.19
1198.05
1183.99
1173.02
1191.14
1183.99
1191.14
1199.01
1194.00
1189.95
1199.01
1156.09
1163.96
1160.86
17283.92
1200.91
1200.91
1207.83
1224.99
1237.15
1245.02
1244.07
1228.09
1228.09
1160.14
1168.01
1165.15
17303.94
1240.02
1224.04
1194.95
1181.13
1183.03
1178.03
1179.93
1182.08
1173.97
1171.83
1160.86
1157.05
37230.01
1212.84
1180.89
1175.88
1173.02
1160.86
1169.92
1176.12
1177.07
1181.13
25233.03
1215.93
1183.99
1174.93
1181.13
1168.97
1167.77
9255.89
1260.04
1219.03
1222.13
1228.09
1218.08
1210.93
25329.83
1230.00
1250.98
1253.84
1246.93
1240.97
25305.99
1214.98
1207.11
1198.05
1167.77
1182.08
1168.01
1181.13
1174.93
1180.89
25292.16
1230.00
1214.98
1199.01
1171.83
1170.87
1187.80
1189.95
1185.18
1179.93
29287.82
1209.02
1214.03
1171.83
1133.92
1147.03
1144.89
1150.13
1142.02
1142.02
1139.88
1164.91
1167.77
1163.96
17307.04
1195.19
1188.04
1198.05
1188.99
1188.99
1180.89
1186.85
1198.05
1187.09
25284.05
1194.95
1196.86
1183.99
1172.07
1183.03
1188.04
1163.01
1166.82
1177.07
21291.02
1201.15
1189.95
1173.97
1148.94
1142.02
25214.91
1211.88
1183.03
1176.12
1144.89
1153.95
1146.08
25233.03
1213.79
1192.81
1193.05
1146.08
1163.96
1164.20
21297.93
1197.81
1181.84
1195.91
1194.95
1186.85
1200.20
1169.92
1194.00
1183.99
25319.10
1196.15
1194.00
1201.15
1195.91
1193.05
1199.01
1177.07
1198.05
1203.06
25299.07
1188.04
1169.92
1170.16
1172.07
1163.96
33202.17
1223.09
1168.01
1165.87
1174.93
1158.00
1168.97
1167.06
1166.11
1174.93
1169.92
25264.98
1173.97
1158.00
1161.10
1157.05
1147.03
1151.08
1145.12
1147.03
1142.98
25248.05
1158.00
1144.17
1149.89
1147.03
1148.94
1149.89
1156.81
1157.05
1158.95
25213.00
1199.96
1163.96
1161.10
1175.88
1165.87
1169.92
1164.20
1159.91
1160.86
25197.03
1212.12
1181.13
1168.97
1178.03
1178.03
1180.89
1173.02
1172.07
1164.91
1170.87
25287.87
1189.95
1183.99
1179.93
1170.16
1172.07
1175.17
1169.92
1169.92
1170.16
25300.98
1206.87
1182.79
1185.89
1178.98
1178.03
1183.03
1178.98
1179.93
1173.97
25310.99
1191.14
1182.08
1192.09
1183.03
1179.22
1183.03
1153.95
1173.97
1172.07
25304.08
1207.11
1204.01
1173.02
1137.02
1139.88
1144.17
1142.02
1142.02
1142.02
25245.90
1224.99
1189.95
1176.83
1152.04
1156.81
1155.85
1162.05
1158.00
1155.14
25237.08
1204.97
1169.92
1164.20
1179.93
1171.83
1176.83
1179.93
1170.16
1173.97
25239.23
1208.07
1182.08
1177.07
1185.18
1183.03
1181.13
1185.89
1178.03
1182.08
25247.10
1199.96
1167.06
1162.05
1173.02
1164.20
1161.10
1170.87
1159.91
1156.81
1159.91
25255.92
1155.14
1142.98
1152.99
1146.08
1143.93
1158.00
1150.13
1152.04
1158.00
25277.14
1165.15
1142.98
1152.04
1146.08
1147.99
1152.04
1142.98
1196.86
1196.86
25261.16
1195.19
1158.95
1156.81
1159.91
1176.83
1173.97
1181.13
1163.96
1160.14
25218.01
1191.85
1166.82
1162.05
1173.02
1166.11
1164.91
1165.87
1164.91
1167.06
1166.11
1177.07
1183.99
1184.94
17287.02
1181.13
1167.06
1163.01
1200.91
1209.97
1205.92
1200.91
1198.05
1199.96
1205.92
1204.97
1194.00
17266.99
1240.02
1223.09
1229.05
1215.93
1209.02
1200.20
1182.08
1197.10
1194.95
1204.01
1188.99
1179.93
17233.85
1198.05
1171.11
1162.05
1171.11
1167.06
1172.07
1179.22
1177.07
1178.03
1178.03
1152.04
1159.91
1165.15
17262.94
1198.05
1193.05
1184.94
1213.07
1222.85
1221.90
1204.97
1209.97
1232.86
1185.89
1182.08
1180.17
17275.09
1278.16
1245.98
1222.13
1158.00
1164.91
1166.11
1163.01
1160.86
1156.81
1147.03
1185.89
1188.99
1169.92
25318.86
1224.99
1221.90
1221.90
1212.84
1194.00
1176.12
1164.91
1158.00
25179.15
1266.96
1196.86
1184.94
1209.02
1185.89
1181.84
25241.85
1215.93
1182.79
1175.88
1173.02
1163.01
1162.05
25285.96
1181.84
1165.87
1174.93
1167.06
1167.77
1164.91
29330.97
1228.09
1224.99
1169.92
1152.99
1163.96
1163.96
1156.81
1152.99
1147.99
25333.17
1235.96
1246.93
1205.92
1160.86
1157.05
1165.87
1158.95
1163.96
1165.87
17292.02
1178.98
1178.03
1149.89
1157.05
1155.85
1161.81
1152.04
1154.90
1140.83
1158.00
1174.93
1189.95
17255.07
1233.82
1197.81
1199.01
1200.91
1199.01
1202.11
1178.98
1156.81
1158.95
25228.98
1215.93
1186.85
1188.99
1261.95
1251.94
1242.16
1255.99
1242.16
1240.02
25300.03
1188.99
1166.11
1158.00
1206.16
1219.03
1214.98
1227.86
1210.93
1221.90
25338.17
1207.11
1193.05
1173.02
1178.03
1178.98
1179.93
1173.02
1168.97
1168.97
25283.81
1183.99
1161.10
1171.11
1167.06
1163.96
1167.06
1159.91
1168.01
1163.01
25225.16
1208.07
1188.04
1188.99
1188.99
1191.14
1192.09
1204.01
1188.04
1194.00
37271.98
1284.84
1245.98
1248.12
1243.11
1241.92
1233.10
1216.17
1219.03
1224.99
25334.84
1209.97
1216.17
1209.02
1209.97
1200.91
1189.95
1167.06
1183.03
1170.87
25315.05
1199.96
1186.13
1194.00
1177.07
1173.02
1168.97
1153.95
1163.96
1159.19
25294.07
1195.91
1180.89
1183.99
1171.11
1166.11
1166.11
1180.89
1181.84
1180.89
25280.95
1186.13
1163.01
1176.12
1172.07
1161.10
1160.14
1207.11
1229.05
1219.03
25327.21
1204.97
1195.19
1199.96
1196.86
1199.01
1185.89
1200.91
1213.07
1196.15
25340.08
1246.93
1263.86
1252.89
1243.83
1241.92
1206.87
1167.06
1172.07
25233.98
1281.02
1264.10
1247.17
1248.12
1245.02
1240.02
1191.14
1209.97
1195.91
25274.99
1251.94
1216.89
1215.93
1214.03
1196.86
1199.96
1162.05
1162.05
1169.20
25261.88
1229.05
1178.98
1196.86
1187.09
1178.98
1167.06
1192.09
1186.13
1180.89
25290.01
1187.09
1178.98
1185.89
1178.98
1180.89
1180.89
1181.84
1191.85
1192.81
25286.91
1238.82
1224.04
1230.00
1235.01
1219.99
1217.13
1231.91
1241.21
1240.97
25326.01
1205.92
1201.15
1207.11
1192.09
1183.99
1171.11
1209.97
1211.88
1212.84
29330.97
1242.16
1230.96
1224.99
1204.97
1196.15
1204.97
1194.95
1196.15
1203.06
1199.01
1195.91
1197.10
17282.96
1182.08
1166.82
1165.87
1163.96
1173.02
1165.15
1229.05
1242.16
1242.88
1245.98
1240.97
1240.02
17302.99
1216.89
1201.15
1201.15
1190.90
1196.86
1189.95
1187.09
1178.03
1184.23
1163.96
1165.15
1168.97
17225.03
1220.94
1185.18
1179.93
1170.87
1166.11
1168.01
1174.93
1170.16
1178.03
1181.13
1182.08
1179.93
1185.89
17266.04
1180.89
1163.96
1178.03
1155.85
1151.80
1147.03
1222.13
1199.96
1199.01
1209.97
1208.07
1198.05
17242.91
1197.10
1180.17
1171.11
1163.96
1161.81
1161.81
1168.01
1165.15
1167.06
1151.08
1204.97
1220.94
1214.03
17295.84
1192.81
1182.79
1183.03
1182.08
1188.99
1183.03
1178.98
1178.03
1180.17
1184.94
1176.12
1180.17
17256.98
1245.98
1233.10
1251.94
1230.00
1238.11
1259.09
1142.98
1154.90
1155.14
1163.96
1158.00
1159.91
17219.07
1240.97
1219.99
1205.92
1235.96
1220.94
1204.01
1223.09
1209.97
1197.81
13272.05
1230.96
1188.04
1194.00
1194.00
1201.87
1199.01
1199.96
1197.10
1202.11
25258.06
1209.02
