1158.95
1147.03
1151.80
1142.02
1141.07
1132.97
1148.22
1146.08
1164.91
25214.91
1183.03
1145.84
1135.11
1146.08
1144.17
1127.96
29205.80
1235.96
1657.96
1139.88
1124.86
1127.96
1130.10
1141.07
1129.15
1141.07
25197.98
1153.95
1162.05
1137.97
1132.97
1129.15
1126.05
1139.16
1136.06
1136.06
1144.17
25248.05
1138.93
1132.01
1136.06
1131.06
1127.96
1137.02
1168.01
1183.03
1210.21
25269.03
1174.21
1178.98
1157.05
1158.95
1156.81
1152.99
1165.15
1158.00
1156.09
25207.04
1192.09
1150.13
1152.04
1157.05
1150.13
1156.09
1152.04
1158.00
1152.04
25192.98
1214.98
1173.97
1163.96
1178.98
1176.12
1170.87
1175.17
1169.92
1158.00
1155.14
13267.99
1169.20
1158.95
1165.15
1199.96
1186.85
1191.85
1185.89
1195.91
1194.95
25282.86
1224.99
1264.10
1168.01
1199.01
1178.98
1178.03
1173.02
1183.03
1164.91
25285.96
1190.19
1163.96
1163.01
1135.83
1128.91
1139.88
1144.89
1123.19
1125.10
25192.02
1188.04
1154.18
1143.93
1136.06
1158.95
1147.99
1167.06
1151.08
1158.00
25212.05
1188.04
1156.09
1142.02
1119.14
1178.98
1171.11
1157.05
1155.14
1156.09
1155.14
37276.98
1178.03
1163.96
1178.98
1177.07
1167.06
1181.13
1181.84
1178.98
1183.03
25290.01
1185.89
1176.83
1188.04
1173.97
1181.13
1185.18
1173.97
1176.12
1175.17
13273.00
1199.96
1158.00
1169.92
1166.11
1154.90
1162.05
1145.12
1148.94
1161.10
29220.10
1178.03
1170.87
1147.03
1154.90
1176.83
1180.17
1172.07
1167.06
1157.05
25209.90
1180.89
1158.00
1142.98
1152.04
1139.88
1135.11
1142.02
1141.07
1151.08
1140.12
25244.95
1148.94
1131.06
1134.16
1168.01
1175.17
1173.97
1173.02
1178.98
1172.07
25285.01
1212.84
1210.21
1209.02
1188.99
1195.91
1188.04
1172.07
1183.03
1181.84
25290.01
1210.93
1189.95
1179.93
1152.99
1153.95
1173.02
1177.07
1162.05
1168.01
25265.93
1157.05
1139.16
1142.98
1144.17
1146.08
1150.85
1150.85
1153.95
1151.08
25218.01
1164.20
1131.06
1127.96
1134.87
1127.96
1131.06
1142.98
1137.97
1146.08
1136.06
25282.14
1191.14
1183.99
1209.02
1189.95
1183.03
1168.97
1168.97
1189.95
1188.04
25269.99
1163.96
1150.85
1159.91
1182.08
1201.15
1188.99
1178.03
1176.83
1187.80
29284.95
1178.98
1173.02
1161.10
1127.00
1127.96
1130.82
1139.88
1127.00
1127.00
1139.16
1140.12
1126.05
1138.93
17268.90
1168.97
1172.07
1183.99
1173.02
1180.89
1175.88
1152.99
1153.95
1141.79
1138.93
1137.97
1133.92
17195.94
1206.16
1186.13
1180.89
1194.95
1182.08
1177.07
1191.14
1194.95
1188.99
1179.93
1047.85
1101.02
1147.03
17215.01
1204.01
1173.02
1168.97
1178.98
1186.85
1178.03
1178.03
1176.12
1168.97
1178.98
1173.02
1183.99
1185.89
17230.99
1140.12
1129.15
1134.87
1142.02
1131.06
1130.10
1172.07
1181.13
1183.03
1196.15
1173.97
1180.17
17242.91
1204.97
1187.09
1176.12
1192.09
1174.93
1191.85
1184.94
1188.99
1192.81
1179.93
1115.08
1132.97
1132.01
17288.21
1255.99
1194.00
1181.84
1175.88
1178.03
1178.98
1144.89
1147.99
1153.95
13242.96
1155.14
1141.07
1147.03
1129.15
1140.12
1133.92
1135.11
1129.15
1127.96
25195.84
1177.79
1149.89
1142.98
1142.02
1134.16
1132.97
1136.78
1134.87
1136.06
1134.87
25243.04
2397.06
1143.93
1132.01
1137.02
1129.15
1143.93
1150.85
1153.95
25222.06
1265.76
1214.98
1235.96
1201.87
1192.81
1191.85
1137.02
1132.01
1127.00
25187.02
1179.93
1151.80
1143.93
1165.87
1144.89
1148.94
1158.95
1143.93
1147.03
25172.95
1235.96
1164.20
1153.95
1158.95
1152.99
1151.08
1158.95
1148.94
1145.84
1148.94
25246.14
1146.08
1113.18
1142.98
1146.79
1148.94
1146.79
1147.03
1146.08
1138.93
25192.98
1172.07
1147.99
1148.94
1156.09
1151.08
1139.16
1157.05
1155.14
1152.99
1152.99
25240.18
1182.08
1160.14
1183.03
1156.09
1170.16
1167.06
1165.15
1162.05
1163.96
25264.98
1175.88
1162.05
1175.88
1173.02
1164.91
1175.88
1178.98
1173.97
1171.11
25264.02
1167.06
1149.18
1140.12
1149.89
1166.82
1168.97
1178.98
1169.92
1176.83
25228.02
1172.07
1152.04
1157.05
1149.18
1144.89
1140.83
1152.04
1141.07
1139.88
25177.00
1185.18
1133.92
1125.81
1137.97
1116.99
1124.86
1127.00
1125.10
1118.90
1127.96
25202.04
1194.00
1172.07
1233.10
1223.09
1226.90
1217.84
1126.05
1123.91
1127.00
1137.97
1136.06
1127.96
1132.97
17241.00
1139.88
1132.97
1133.92
1122.95
1125.10
1126.05
1132.97
1125.81
1127.96
1125.10
1122.95
1118.90
1119.14
17229.08
1134.16
1127.00
1130.10
1122.95
1132.01
1135.11
1142.02
1130.10
1137.02
1118.90
1174.21
1173.02
1176.12
17246.96
1143.93
1133.92
1132.97
1117.94
1132.01
1116.04
1132.01
1123.19
1122.95
1134.16
1126.05
1124.14
1131.06
17245.05
1157.05
1143.93
1137.97
1144.17
1144.89
1142.98
1128.91
1117.94
1116.04
1135.83
1124.86
1116.99
1122.00
17256.02
1166.82
1166.82
1177.07
1164.91
1160.86
1170.87
1168.01
1163.01
1158.95
1164.91
1137.97
1139.88
17199.99
1168.97
1133.92
1129.15
1125.10
1168.01
1178.03
1180.89
1177.79
1176.83
1160.86
1184.94
1172.07
1178.98
49239.87
1222.85
1188.99
1193.05
1184.94
1182.08
1178.03
1139.16
1123.91
1133.92
25216.10
1232.86
1199.01
1182.08
1139.88
1173.02
1166.11
1168.01
1165.15
1158.00
17234.09
1233.10
1214.03
1197.10
1204.97
1196.86
1209.02
1169.92
1122.95
1130.10
25167.94
1216.89
1170.87
1170.87
1150.13
1132.01
1126.05
1130.82
1132.97
1130.10
1131.06
25243.04
1163.01
1153.95
1153.95
1147.99
1146.08
1149.18
1167.06
1141.07
1151.08
25202.04
1207.11
1184.94
1181.84
1169.92
1176.83
1168.97
1178.98
1173.02
1177.07
25220.87
1206.87
1176.83
1183.99
1190.90
1173.97
1168.01
1181.84
1169.92
1176.12
25219.92
1204.97
1188.04
1181.13
1192.09
1179.93
1178.98
1183.03
1177.07
1178.03
25217.06
1226.90
1193.05
1189.95
1194.95
1188.99
1182.08
1190.90
1184.94
1183.99
25210.86
1249.07
1195.91
1193.05
1195.91
1188.04
1183.99
1200.20
1188.04
1183.99
25211.10
1241.92
1198.05
1197.81
1204.01
1202.11
1200.91
1194.00
1187.09
1183.03
13237.00
1215.93
1161.81
1159.91
1156.81
1145.84
1151.80
1137.97
1130.10
1131.06
1132.97
25272.85
1182.08
1179.93
1168.97
1172.07
1152.04
1154.18
1163.96
1155.85
1153.95
25213.96
1180.89
1165.87
1168.97
1158.95
1159.91
1240.97
1235.01
1234.05
1215.93
25295.02
1158.95
1135.83
1137.97
1132.97
1132.97
1127.96
1127.96
1128.91
1137.97
25177.00
1175.17
1152.99
1141.07
1148.94
1141.07
1137.97
1131.06
1114.13
1115.08
1115.08
25220.16
1158.00
1142.98
1143.93
1134.87
1129.87
1138.93
1134.16
1116.04
1117.94
25169.13
1203.06
1167.77
1158.95
1168.97
1156.81
1153.95
1161.10
1111.98
1115.80
1116.04
25272.13
1188.04
1170.16
1175.88
1167.06
1165.87
1172.07
1101.02
1115.08
1110.08
25185.11
1196.86
1162.05
1161.10
1162.05
1173.97
1162.05
1150.13
1111.03
1122.00
25176.05
1177.07
1142.02
1142.02
1145.84
1135.11
1138.21
1132.01
1129.15
1146.08
1148.94
29270.89
1174.93
1171.11
1191.14
1152.04
1151.08
1158.95
1166.11
1156.09
1153.95
1163.96
1157.05
1146.79
1142.98
1163.96
1165.87
1168.97
17262.94
1150.85
1134.87
1142.02
1163.01
1160.14
1165.15
1163.96
1155.14
1161.10
1153.95
1155.85
1155.85
1152.99
17240.05
1132.97
1121.04
1132.97
1119.85
1119.85
1115.80
1127.00
1129.15
1132.97
1137.97
1128.91
1126.05
1120.81
17227.89
1132.97
1121.04
1128.20
1113.89
1126.05
1121.04
1128.91
1123.91
1120.09
1116.99
1129.87
1148.94
1147.99
17274.86
1194.00
1199.96
1165.87
1137.97
1132.01
1136.78
1147.03
1138.93
1134.87
1137.97
1135.11
1138.93
1133.92
17292.02
1186.85
1173.02
1178.03
1168.97
1168.97
1168.01
1173.02
1168.01
1168.01
1180.17
1167.06
1168.97
17216.92
1188.99
1162.05
1178.03
1171.11
1173.02
1178.03
1182.08
1183.99
1179.93
1175.17
1153.95
1163.96
1158.00
33280.85
1166.82
1145.84
1134.87
1154.90
1156.81
1165.87
1173.97
1177.07
1184.94
25267.84
1152.04
1134.87
1136.78
1134.87
1132.97
1127.00
1138.93
1129.15
1127.00
25180.10
1170.16
1129.15
1120.09
1122.95
1121.04
1117.94
1120.09
1120.09
1125.10
1117.94
25191.78
1150.13
1122.95
1127.96
1122.95
1121.04
1122.00
1125.10
1152.99
1137.02
1142.02
25248.05
1155.85
1140.83
1142.98
1122.95
1122.00
1127.00
1120.09
1117.94
1123.91
25178.19
1138.93
1116.04
1112.94
1122.95
1120.09
1119.14
25183.92
1166.82
1137.97
1132.01
1148.94
1131.06
1135.11
1133.92
1142.98
1143.93
1145.84
24621.01
1174.93
1183.03
1168.97
1163.01
1163.96
1168.97
17275.81
1141.07
1136.06
1141.07
1133.92
1132.97
1129.15
1122.95
1120.81
1129.87
1131.77
1134.87
1132.01
1128.91
17228.84
1132.97
1121.04
1123.91
1121.04
1116.04
1120.09
1125.10
1122.95
1127.96
1132.97
1123.91
1136.06
1124.86
17227.17
1132.97
1122.00
1127.00
1118.18
1117.94
1116.04
1124.86
1144.89
1148.94
1157.05
1155.14
1143.93
1147.03
13234.85
1132.01
1129.15
1130.10
1125.10
1118.90
1122.00
1133.92
1122.00
1118.90
25148.87
1176.83
1123.91
1118.18
1132.01
1124.14
1120.09
1127.00
1123.19
1116.04
1122.00
33166.89
1180.17
1152.99
1141.07
1136.06
1137.97
1132.01
25194.88
1151.08
1122.95
1128.20
1127.00
1124.14
1121.04
25174.14
1137.02
1123.91
1119.14
1128.91
1122.00
1130.10
1145.12
1132.01
1133.92
1132.97
25238.99
1142.02
1146.08
1145.12
1145.12
1142.02
1147.03
1147.99
1146.79
1143.93
29212.00
1142.02
1124.14
1122.00
1178.98
1182.08
1180.89
1178.03
1171.11
1162.05
1162.05
1111.03
1111.03
1113.18
17245.05
1199.01
1193.05
1185.18
1188.04
1180.17
1185.89
1183.03
1175.88
1180.89
1150.13
1132.97
1132.01
17179.01
1209.97
1176.12
1173.02
1188.99
1180.89
1187.09
1186.13
1171.11
1175.17
1166.82
1163.96
1173.02
1171.83
21281.96
1194.00
1185.18
1164.91
1160.86
1163.96
1170.87
1173.97
1164.20
1173.02
25237.08
1182.08
1147.03
1147.99
1160.86
1174.93
1180.17
1188.04
1185.89
1183.03
16622.07
1163.01
1128.91
1122.95
1122.00
1120.81
1128.91
1126.05
29227.97
1132.01
1134.16
1132.97
1125.81
1132.97
1127.00
25287.87
1195.91
1191.85
1194.95
1191.14
1192.09
33225.06
1206.16
1183.03
1163.01
1182.79
1159.91
1164.91
1172.07
1171.11
1171.11
25202.99
1218.08
1180.89
1178.98
1197.10
1184.94
1183.03
1183.03
1143.93
1155.85
1153.95
1162.05
1138.93
1137.97
17209.05
1143.22
1127.00
1118.18
1131.06
1116.04
1125.10
1116.04
1120.81
1116.04
1118.90
25259.02
1177.07
1163.01
1164.20
1159.91
1159.91
1158.95
1119.85
1121.04
1122.00
25205.14
1206.16
1183.03
1186.13
1174.93
1170.87
1167.77
1160.86
1132.97
1137.02
25198.22
1182.08
1161.10
1147.99
1158.00
1153.95
1153.95
1135.11
1121.04
1120.09
1117.94
25246.86
1142.98
1136.06
1138.21
1132.97
1134.16
1127.96
1106.98
1139.16
1128.91
25205.85
1152.99
1132.01
1123.91
1132.01
1125.81
1126.05
1108.88
1162.05
1163.01
1167.06
25236.13
1139.88
1126.05
1128.91
1122.00
1119.14
1121.04
1158.95
1180.89
1176.12
25245.19
1157.05
1127.96
1120.81
1126.05
1117.94
1118.18
1119.14
1157.05
1166.11
25192.98
1189.95
1135.11
1120.09
1134.87
1122.95
1116.99
1116.99
1134.16
1140.83
1142.98
24620.06
1197.81
1183.03
1174.93
1183.99
1173.02
1164.91
1156.09
1122.00
1132.97
1135.11
25278.09
1183.03
1177.07
1176.12
1169.92
1173.02
1168.97
1103.16
1116.99
1114.85
25200.13
1162.05
1139.88
1132.01
1119.85
1135.83
1134.87
1146.08
1137.97
1138.93
1137.97
1233.10
1160.14
1163.01
1156.81
1148.94
1155.14
1157.05
1161.10
1152.04
1152.04
25276.90
1179.22
1172.07
1175.88
1171.83
1165.87
1164.91
1173.02
1170.87
1173.02
25285.01
1195.91
1177.07
1178.03
1172.07
1168.01
1163.96
1174.93
1163.01
1181.13
25229.93
1185.89
1171.11
1159.19
1164.91
1187.80
1180.89
25278.81
1173.97
1176.12
1177.07
1173.97
1165.87
1173.02
1170.87
1185.89
1190.19
25276.90
1173.02
1173.97
1175.17
1161.10
1158.00
1154.18
1185.89
1167.06
1164.91
1175.88
1171.83
1168.01
17204.05
1217.13
1175.88
1166.82
1176.83
1173.97
1172.07
1159.91
1114.85
1114.85
1117.94
1124.14
1120.09
1116.04
17167.09
1165.15
1142.98
1144.17
1146.08
1141.07
1141.07
1132.01
1111.98
1119.14
1118.90
1130.82
1117.94
1121.04
17165.18
1152.04
1120.81
1122.95
1127.96
1120.09
1122.24
1123.91
1130.82
1144.89
1141.79
25229.93
1143.22
1125.10
1127.00
1122.00
1127.00
1118.90
1115.08
1173.97
1167.06
25238.99
1168.97
1116.99
1124.86
1133.92
1129.15
1127.96
9164.81
1199.96
1167.06
1157.05
1168.97
1164.91
1162.05
24651.05
1158.95
1127.96
1114.13
1130.10
1118.90
1115.08
1117.94
29267.79
1184.94
1183.99
1188.99
1180.89
1178.03
25229.93
1216.89
1184.94
1182.08
1192.09
1183.03
1178.98
1184.94
1181.13
1180.17
25218.01
1235.96
1184.94
1183.03
1198.05
1181.84
1183.99
1173.02
1177.07
1166.11
1173.02
1173.97
1172.07
1177.79
17250.06
1182.08
1168.97
1158.00
1147.03
1142.02
1136.06
1143.93
1169.92
1170.87
1178.03
16717.91
1204.01
1194.00
1184.94
1172.07
1159.91
1180.17
1168.97
1174.93
1160.14
1181.13
1181.84
1195.91
17235.99
1177.07
1152.99
1157.05
1156.81
1165.87
1160.86
1167.06
1161.10
1158.95
1171.83
1165.87
1161.10
1166.11
25256.16
1150.13
1137.02
1144.17
1136.06
1137.97
1133.20
1169.92
1159.91
1163.96
25228.02
1166.11
1141.07
1135.11
1139.88
1133.92
1137.97
17201.90
1203.06
1194.00
1177.07
1106.98
1115.80
1116.04
33199.07
1199.96
1178.98
1183.03
1181.13
1178.03
1177.79
1183.99
1180.17
1179.93
13252.02
1176.83
1152.99
1147.03
1106.02
1114.85
1116.99
1116.99
1116.04
1122.95
1116.99
25274.04
1161.10
1156.09
1168.01
1158.00
1153.95
1152.04
1167.06
1158.00
1152.99
21279.10
1139.16
1126.05
1132.01
1122.00
1119.85
1124.86
1133.92
1126.05
1127.00
1122.00
1127.00
1132.97
1131.06
17241.95
1171.83
1154.18
1151.08
1126.05
1124.14
1132.01
1136.06
1131.06
1135.11
1142.02
1136.06
1131.06
1134.16
17261.03
1190.19
1184.94
1190.90
1182.08
1181.84
13808.01
1210.93
1189.95
1194.00
1185.89
1183.03
1174.21
1184.94
1171.83
1164.91
1146.08
1121.04
1137.97
1137.97
17274.14
1179.93
1178.98
1177.07
1171.11
1174.93
1169.92
1168.01
1162.05
1161.81
1159.91
1156.81
1149.89
17212.15
1188.99
1169.92
1163.01
1168.97
1168.01
1171.11
1167.06
1170.16
1173.02
1173.97
1172.07
1163.96
1163.01
17225.98
1161.10
1147.03
1151.08
1146.08
1140.12
1143.93
1144.89
1147.03
1149.18
1136.06
1155.14
1151.08
1158.00
17264.13
1180.17
1164.91
1143.93
1119.14
1120.09
1127.00
1130.10
1120.09
1125.10
1128.91
1122.95
1123.19
1118.90
25249.00
1137.02
1120.81
1122.00
1120.09
1118.90
1117.94
1124.14
1156.09
1158.00
25215.86
1152.04
1127.96
1116.99
1189.95
1199.96
1201.15
25295.97
1134.87
1134.87
1116.04
1173.02
1195.91
1188.04
25258.06
1132.01
1127.00
1117.94
1213.07
1227.86
25281.91
1168.01
1125.81
1122.00
1110.08
1142.02
1137.97
1147.03
1141.07
1135.11
1137.97
25240.90
1134.16
1130.10
1122.00
1142.98
1141.07
1142.98
1147.99
1143.22
1149.89
29207.94
1167.06
1138.93
1127.00
1142.98
1139.88
1144.89
1148.94
1144.17
1135.83
1144.89
1125.81
1122.00
1127.96
17189.98
1168.01
1134.16
1123.91
1129.87
1124.86
1128.91
1131.77
1122.95
1126.05
1123.19
1113.89
1124.86
1121.04
17169.00
1209.02
1170.87
1175.17
1167.06
1130.10
1134.87
1137.02
1123.91
1129.87
1127.00
1112.94
1120.09
1123.19
13180.97
1174.93
1147.99
1143.93
1125.10
1117.94
1114.85
1124.86
1122.00
1122.95
1116.99
33221.01
1142.02
1123.91
1126.05
1116.99
1118.90
1120.09
1106.02
1124.14
1128.91
21152.97
1264.10
1211.17
1201.87
1211.88
1209.02
1203.06
25278.09
1234.05
1204.01
1206.87
1199.96
1199.01
1200.20
25270.94
1171.83
1165.87
1168.97
1158.00
1165.15
25221.11
1248.12
1216.17
1210.93
1217.84
1214.03
1205.92
1216.89
1212.12
1213.07
25270.94
1238.82
1214.98
1223.09
1214.98
1204.97
1204.01
1137.02
1149.89
1142.02
1147.99
1142.02
1146.08
1141.07
17281.06
1172.07
1170.16
1168.97
1158.95
1160.14
1161.10
1110.08
1133.92
1127.96
1147.99
1122.95
1127.96
17153.98
1193.05
1141.07
1129.15
1137.02
1122.00
1171.83
1184.94
1188.04
1176.83
1178.03
1202.11
1188.04
1198.05
17261.03
1155.85
1131.06
1126.05
1142.98
1125.81
1127.00
1124.14
1204.97
1232.15
1241.92
1229.05
1239.06
1235.01
25336.03
1241.92
1237.15
13257.03
1137.02
1122.95
1124.14
1127.96
1123.19
1127.00
1140.12
1134.16
1137.02
25195.12
1152.99
1132.01
1127.00
1146.08
1133.20
1131.06
1142.02
1134.16
1130.10
1132.97
25243.04
1178.98
1168.01
1170.16
1169.92
1163.96
1172.07
1153.95
1158.95
1158.95
25236.85
1158.00
1143.93
1132.97
1133.20
1137.97
1153.95
1160.86
1167.06
1172.07
1181.13
1182.08
1178.98
1182.08
17295.12
1170.16
1166.11
1173.02
1163.01
1159.91
1166.11
1129.15
1138.93
1144.89
29261.83
1138.93
1138.21
1134.87
1180.89
1181.84
1185.89
1192.09
1182.08
1173.02
25224.21
1169.92
1150.85
1143.22
1166.11
1178.03
1174.93
1175.88
1170.16
1169.92
25228.02
1172.07
1146.08
1139.16
1155.85
1162.05
1158.00
1161.10
1152.04
1148.94
1147.03
25249.00
1142.98
1142.02
1138.21
1149.89
1144.89
1140.12
1147.99
1137.97
1128.91
25187.02
1149.89
1122.95
1130.10
1116.04
1139.88
1137.02
1145.84
1137.97
1151.08
25182.96
1189.95
1125.81
1114.85
1127.00
1184.94
1191.85
1199.01
1201.87
1194.95
1204.01
25299.79
1189.95
1158.00
1163.96
1240.02
1234.05
1241.92
1236.20
1231.91
25262.83
1212.84
1157.05
1158.95
1158.95
1194.00
1186.13
1204.97
1193.05
1183.03
1182.08
25271.18
1177.07
1171.11
1173.02
1166.11
1159.91
1167.06
1158.95
1152.99
1149.89
25251.87
1160.86
1145.84
1138.21
1129.87
1130.82
1128.91
1135.83
1128.91
1130.10
25173.19
1207.11
1171.11
1158.00
1122.00
1135.83
1139.88
1165.87
1159.19
1158.95
1158.00
25269.03
1190.90
1178.03
1166.82
1169.92
1178.98
1188.99
1182.08
1190.19
1182.08
25285.01
1178.98
1158.00
1168.01
1187.80
1189.95
1198.05
1211.88
1203.06
1198.05
25233.98
1138.93
1121.04
1130.82
1122.00
1120.09
1119.14
1132.01
1122.00
1119.14
17776.01
1181.84
1158.00
1162.05
1148.94
1157.05
1158.00
1122.00
1118.90
1127.00
21188.97
1164.91
1139.88
1143.93
1136.06
1139.16
1136.06
1142.02
1135.83
1132.97
1132.97
17227.89
1132.01
1122.95
1131.06
1120.81
1120.81
1116.99
1122.95
1122.00
1127.00
25180.10
1150.13
1128.91
1115.80
1127.96
1126.05
1122.00
1121.04
1111.98
1132.97
1132.01
25261.16
1150.13
1139.88
1141.07
1137.02
1136.06
1130.10
1158.00
1165.87
1165.15
25222.06
1165.87
1131.06
1137.97
1137.97
1142.98
1132.01
1132.01
1177.79
1181.84
25241.85
1183.99
1147.03
1143.93
1152.04
1141.07
1137.02
1140.83
1170.16
1168.97
1168.97
25262.12
1156.09
1142.98
1150.85
1142.98
1138.93
1149.89
1125.81
1122.95
1123.19
33170.94
1195.91
1175.17
1182.08
1180.89
1178.98
1181.13
1198.05
1188.04
1190.19
25249.00
1217.13
1194.95
1196.86
1192.09
1187.09
1183.03
1194.00
1185.89
1183.99
25249.00
1219.99
1189.95
1195.91
1188.99
1187.80
1188.04
1194.95
1191.14
1188.04
25251.15
1216.89
1189.95
1192.09
1185.18
1186.13
1188.04
1194.00
1186.13
1189.95
25251.87
1220.94
1195.19
1199.96
1188.04
1191.85
1183.99
1194.00
1193.05
1187.09
21260.02
1175.88
1140.12
1132.97
1108.88
1120.09
1115.08
1124.86
1118.18
1116.04
1121.04
25262.12
1155.14
1145.12
1146.08
1115.08
1128.91
1128.91
1140.12
1131.06
1132.97
25205.85
1200.91
1181.84
1168.97
1132.97
1142.02
1147.03
1147.99
1151.80
1146.08
25194.88
1204.01
1156.09
1142.98
1139.16
1152.04
1163.96
1163.01
1152.99
1152.04
1155.85
25254.96
1133.92
1126.05
1113.89
1163.01
1161.10
1166.11
1184.94
1178.03
1163.96
25228.98
1161.81
1143.93
1133.20
1163.01
1168.97
1180.89
1186.13
1171.11
1183.03
33253.91
1209.97
1199.96
1197.81
1191.85
1188.04
1193.05
1189.95
1194.95
1203.06
25250.20
1205.92
1168.01
1164.91
1168.01
1164.91
1163.96
1160.14
1178.03
1193.05
25257.11
1176.12
1142.98
1142.98
1162.05
1140.12
1132.01
1122.00
1177.07
1183.99
1183.03
25240.90
1130.10
1131.06
1126.77
1119.85
1120.09
1119.85
1185.89
1188.04
1194.95
25269.99
1157.05
1137.02
1138.93
1137.02
1134.87
1136.06
1144.17
1179.93
1183.03
1182.08
1177.07
1177.07
1178.03
17297.98
1181.84
1178.03
1184.94
1178.03
1174.93
1180.89
1190.90
1173.97
1171.11
1142.98
1134.87
1144.89
17207.15
1210.21
1183.03
1174.93
1176.83
1172.78
1179.93
1194.95
1173.97
1178.98
1178.98
1178.03
1178.03
1173.97
17265.80
1160.86
1144.89
1150.13
1144.17
1145.84
1143.93
1175.17
1164.91
1180.89
1179.22
1179.93
1173.02
17231.94
1147.99
1132.01
1121.04
1127.96
1119.14
1121.04
1127.96
1125.81
1127.00
1131.06
1137.97
1153.95
1150.13
17208.10
1211.17
1167.06
1157.05
1173.97
1163.96
1161.10
1153.95
1167.06
1164.91
1168.97
1183.03
1178.03
1168.97
17238.14
1155.14
1132.01
1134.16
1134.87
1129.87
1128.91
1136.78
1127.00
1127.96
1129.87
1178.03
1184.94
1171.83
17277.00
1159.91
1144.89
1128.20
1118.90
1122.00
1121.04
1141.07
1123.19
1120.09
1122.00
1118.18
1127.96
1121.04
1121.04
1170.87
1165.87
1179.93
1168.97
1173.97
1171.11
37259.10
1106.98
1119.14
1115.08
1122.95
1124.86
1131.06
1136.06
1127.96
1122.95
25187.02
1209.97
1168.01
1176.12
1187.09
1167.06
1166.82
1183.03
1163.01
1176.12
25185.11
1259.09
1191.14
1193.05
1189.95
1178.98
1176.12
1155.85
1168.01
1168.01
1169.92
25246.14
1137.97
1122.00
1118.90
1125.81
1123.91
1120.81
1129.87
1122.00
1113.89
25168.90
1168.97
1141.07
1135.11
13262.99
1175.88
1169.92
1173.02
1173.02
1180.89
1183.03
1178.98
1175.17
1167.06
17277.00
1175.17
1160.86
1159.91
1156.81
1159.91
1148.94
1204.97
1199.96
1199.96
1209.02
1194.95
1185.89
17235.04
1189.95
1171.11
1178.03
1181.84
1173.97
1168.97
1183.03
1174.93
1168.97
1178.03
1161.10
1165.15
1173.97
17286.06
1164.91
1155.14
1146.08
1155.14
1163.01
1163.01
1152.04
1157.05
1162.05
1159.19
1153.95
1152.99
17205.00
1208.07
1177.07
1173.02
1176.83
1168.97
1168.01
1146.08
1120.81
1126.05
1130.82
1147.03
1130.10
1137.02
17184.97
1176.83
1154.90
1142.02
1152.99
1140.12
1147.03
1147.99
1139.16
1142.02
1135.11
1110.08
1147.99
1140.83
17227.89
1230.96
1197.10
1204.97
1155.14
1161.10
1161.10
1151.08
1152.04
1147.99
25210.14
1156.09
1127.96
1122.95
1135.11
1121.04
1125.81
1131.77
1124.86
1122.95
1116.04
29255.15
1176.12
1158.95
1158.95
1156.09
1155.14
1147.03
17316.10
1228.09
1235.01
1224.99
1217.13
1227.14
25263.07
1198.05
1177.79
1174.93
1158.00
1161.10
1159.91
25266.89
1148.94
1136.06
1137.97
1137.02
1132.97
1129.87
1134.16
1158.00
1164.20
25224.92
1163.01
1140.12
1132.01
1138.21
1127.96
1117.94
1124.14
1138.93
1147.99
1147.99
1166.11
1151.08
1156.09
17204.05
1174.93
1147.99
1144.89
1154.90
1142.98
1134.87
1141.79
1168.97
1183.99
1183.99
1174.93
1171.83
1174.93
17280.82
1184.94
1176.12
1173.02
1168.01
1171.11
1173.02
1178.98
1195.91
1187.80
1196.86
1191.85
1192.81
17236.95
1222.13
1193.05
1188.99
1194.00
1183.99
1186.13
1163.01
1115.08
1127.96
1134.87
1124.86
1132.01
1132.97
25209.90
1190.19
1158.00
1163.01
1163.96
1153.95
1157.05
1129.87
1116.04
1122.95
25187.02
1163.96
1130.10
1122.95
1127.00
1122.00
1123.91
1114.13
1133.92
1140.83
1139.88
25275.95
1137.97
1127.00
1116.04
1169.20
1173.97
1179.22
25266.89
1142.02
1142.02
1136.06
1122.95
1119.85
1114.85
1119.85
1111.98
1111.98
25163.17
1192.09
1167.06
1170.16
1193.05
1167.06
1178.98
1188.04
1178.98
1178.03
1183.03
1180.17
1195.91
1192.81
25293.83
1188.99
1175.17
1183.99
1176.12
1176.12
1180.89
1177.07
1173.97
1175.17
17294.88
1191.85
1181.84
1181.84
1173.02
1175.88
1166.82
1155.85
1166.82
1164.91
1176.83
1178.03
1177.07
17227.89
1209.97
1183.99
1170.87
1187.80
1171.83
1175.88
1173.97
1183.99
1180.17
1169.92
1152.99
1154.18
1159.91
25280.95
1177.07
1159.19
1163.96
1158.95
1160.86
1153.95
1170.16
1163.01
1159.19
1164.91
1168.01
1154.90
17179.97
1191.85
1148.94
1145.12
1152.99
1144.89
1150.13
1148.94
1147.03
1147.03
1145.12
1141.07
1107.93
1113.89
17144.92
1239.06
1185.89
1189.95
1150.85
1142.98
1132.01
1146.08
1147.03
1143.93
1145.12
1149.89
1137.97
1132.97
17201.90
1204.97
1177.07
1164.91
1180.89
1166.82
1169.92
1177.07
1160.14
1168.97
13205.05
1204.97
1166.11
1157.05
1143.93
1132.01
1130.82
1143.93
1134.16
1137.97
1141.79
25245.90
1152.04
1133.92
1138.93
1142.02
1137.97
1137.02
1145.12
1141.07
1139.16
29209.14
1194.00
1160.14
1152.99
1163.01
1154.90
1154.90
1148.94
1151.08
1142.98
33156.87
1231.91
1155.85
1134.87
1152.04
1136.06
1145.84
1144.89
1172.78
1171.83
1171.83
25274.99
1152.04
1140.83
1145.84
1143.93
1144.17
1142.98
1176.12
1183.03
1189.95
17234.09
1166.11
1137.97
1140.83
1140.83
1133.92
1135.11
1132.01
1165.15
1154.90
1168.01
1165.15
1163.96
1149.89
17239.09
1166.11
1156.09
1158.95
1158.95
1150.13
1158.00
1173.97
1172.07
1162.05
21210.91
1193.05
1164.91
1158.95
1162.05
1151.80
1158.95
1167.06
1158.00
1152.99
29210.09
1197.10
1167.06
1157.05
1170.16
1154.90
1157.05
25222.06
1188.04
1158.95
1160.86
1155.85
1158.00
1152.04
25218.01
1198.05
1183.99
1178.98
1166.82
1168.97
1166.11
21298.89
1188.04
1172.07
1187.09
1172.07
1170.87
1175.88
1161.81
1162.05
1168.01
25279.05
1187.09
1182.08
1178.03
1168.01
1168.01
1168.97
1157.05
1162.05
1158.00
1162.05
1155.85
1148.94
17182.11
1245.02
1180.89
1175.17
1184.94
1183.03
1172.07
1187.09
1175.17
1173.02
1173.97
1157.05
1165.87
1169.92
17228.84
1143.93
1118.18
1119.85
1173.02
1168.97
1183.99
1184.94
1178.03
1173.02
1178.03
1175.88
1173.02
1177.79
17281.06
1167.06
1158.00
1164.91
1153.95
1148.94
1154.18
1158.00
1161.10
1163.01
1187.09
1188.04
1183.03
17235.99
1216.89
1184.94
1183.99
1189.95
1183.99
1177.07
1188.99
1174.93
1187.80
1170.87
1132.01
1147.99
1152.99
17279.86
1204.01
1186.85
1172.07
1173.97
1161.10
1174.93
1178.98
1178.03
1166.11
1178.98
1176.83
1159.19
17241.95
1210.93
1187.09
1166.11
1193.05
1157.05
1156.09
1165.15
1157.05
1156.09
25209.90
1218.08
1183.99
1179.22
1183.03
1173.02
1178.98
1158.00
1156.09
1155.14
1163.96
33285.14
1183.03
1169.20
1178.98
1172.07
1169.92
1179.93
1168.97
1169.92
1173.02
25276.90
1186.85
1176.83
1178.98
1183.03
1172.07
1175.17
1142.02
1145.12
1145.12
21245.00
1144.89
1123.19
1131.06
1122.95
1123.91
1116.99
1127.96
1142.98
1142.98
25190.11
1162.05
1133.20
1123.91
1135.83
1122.95
1123.91
1127.00
1118.90
1121.04
1122.00
13218.16
1134.87
1122.00
1122.95
1116.04
1122.00
1122.95
17197.85
1194.95
1176.12
1176.12
1170.16
1174.93
1168.01
1184.94
1170.16
1172.07
1177.07
1168.97
1169.92
1166.11
9244.20
1151.08
1142.02
1152.04
1114.13
1115.08
1126.05
1125.10
1118.18
1123.91
25194.88
1194.00
1158.00
1160.14
1111.98
1127.96
1133.92
1129.87
1127.00
1126.05
25163.17
1244.07
1188.04
1179.93
1158.95
1145.84
1142.98
1145.12
1143.93
1147.99
1147.03
25297.88
1184.94
1171.11
1161.10
1169.92
1167.77
1168.01
1157.05
1159.19
1149.89
25270.94
1188.04
1168.01
1149.89
1168.97
1170.16
1175.88
1175.88
1172.78
1173.02
25238.04
1209.97
1169.92
1170.87
1167.77
1173.02
1173.02
1188.99
1174.21
1173.02
33236.03
1177.79
1158.95
1155.14
1153.95
1147.03
1152.04
1142.98
1176.83
1171.83
25224.92
1197.81
1152.99
1149.89
1151.80
1145.84
1139.88
1142.98
1176.12
1171.11
1183.03
13265.13
1129.87
1122.95
1132.01
1120.09
1123.19
1119.85
1110.08
1149.89
1166.82
25228.98
1147.03
1125.10
1114.13
1125.10
1122.00
1116.04
1122.00
1163.01
1161.10
1156.09
25259.02
