1322.03
1317.02
1317.02
1309.87
1309.16
25424.96
1325.85
1318.22
1264.81
1259.09
1254.08
25403.02
1307.01
1315.83
1278.88
1254.80
1263.86
25397.06
1343.01
1313.92
1294.85
1281.98
1266.00
25571.11
1301.05
1279.83
1260.04
1266.00
1260.04
25381.09
1266.00
1241.92
1237.15
1248.12
1250.98
25346.04
1265.05
1233.10
1218.08
1281.02
1255.04
1250.03
25327.92
1242.16
1228.09
1260.04
1234.05
1235.01
25346.04
1285.08
1257.18
1270.06
1260.04
1266.00
25307.18
1291.99
1261.00
1277.92
1257.90
1263.86
25312.90
1300.10
1276.97
1266.96
1255.99
1255.04
1255.99
25370.12
1265.05
1268.86
1263.14
1260.04
1276.97
25367.98
1275.06
1275.06
1291.99
1252.89
1279.12
25314.09
1278.16
1250.98
1272.20
1281.02
1261.95
25322.91
1287.94
1245.02
1240.02
1269.10
1266.96
1262.90
25366.07
1276.02
1271.01
1266.00
1257.18
1255.04
25371.07
1281.02
1278.88
1290.08
1285.08
1272.92
25316.95
1291.99
1265.05
1278.88
1262.19
1267.91
25326.01
1286.98
1281.02
1266.96
1281.02
1279.12
25303.13
1311.06
1280.07
1258.13
1278.16
1255.99
1264.10
25387.05
1258.13
1268.15
1281.98
1271.01
1270.06
25282.14
1254.08
1244.07
1240.02
1234.05
1234.05
25876.05
1289.84
1277.92
1281.02
1250.03
1257.90
25323.15
1279.12
1280.07
1301.05
1274.11
1261.00
25332.93
1262.19
1226.19
1211.88
1237.87
1235.96
1240.97
25331.97
1233.10
1225.95
1211.88
1217.84
1220.94
25294.07
1254.08
1237.15
1234.05
1227.14
1236.92
1239.06
25352.00
1238.11
1233.10
1274.11
1244.07
1247.17
25367.98
1238.82
1209.02
1212.12
1256.94
1249.79
25310.04
1249.07
1209.97
1221.90
1227.14
1221.18
1213.07
25306.94
1216.89
1210.93
1201.15
1220.94
1213.79
25285.01
1270.06
1230.96
1228.81
1245.02
1260.04
1276.97
25327.21
1237.87
1230.00
1271.01
1271.96
1273.16
25382.04
1347.06
1243.11
1242.16
1235.01
1227.14
25294.07
1261.95
1250.03
1240.02
1229.05
1221.18
1218.08
25317.91
1243.83
1240.97
1242.16
1235.01
1233.10
29342.17
1224.99
1210.21
1220.94
1286.03
1304.86
25355.82
1232.86
1204.01
1205.92
1261.95
1259.09
1253.13
25351.05
1255.99
1240.97
1259.09
1255.04
1253.13
25373.94
1276.97
1275.06
1266.00
1258.85
1255.04
25316.95
1302.00
1266.96
1262.90
1247.17
1253.13
25300.98
1309.16
1264.10
1261.95
1262.90
1268.15
1271.01
21393.06
1288.89
1281.98
1264.81
1292.94
1265.05
25377.04
1275.06
1263.86
1266.00
1263.86
1257.90
25310.99
1281.02
1262.90
1271.01
1255.99
1265.05
25313.85
1288.89
1264.81
1281.02
1270.06
1263.14
1253.84
25357.01
1281.02
1254.08
1211.88
1213.07
1211.88
25336.98
1282.93
1263.86
1262.19
1212.84
1202.82
25257.83
1302.96
1279.12
1267.19
1251.94
1248.84
1258.85
25349.86
1269.82
1252.89
1261.00
1241.92
1235.96
25357.01
1271.01
1270.06
1255.04
1255.04
1241.21
25314.09
1297.00
1276.02
1257.90
1211.88
1212.12
25249.96
1343.01
1275.06
1317.98
1324.89
1250.03
1255.04
25372.03
1275.06
1271.96
1271.01
1252.17
1255.04
25376.08
1285.08
1280.07
1260.04
1268.86
1257.90
25336.03
1289.13
1247.17
1241.92
1302.96
1272.92
25338.89
1266.96
1241.92
1232.86
1253.84
1256.94
1261.95
25357.96
1261.00
1261.95
1251.94
1273.16
1271.96
25355.10
1281.98
1258.85
1277.92
1264.10
1263.14
29323.10
1261.95
1219.99
1216.17
1296.04
1310.83
25363.92
1256.94
1222.13
1224.04
1288.18
1281.02
1271.01
25353.91
1245.98
1231.91
1235.96
1252.89
1250.98
25335.07
1291.04
1252.17
1243.11
1240.02
1231.91
25286.91
1237.87
1214.98
1204.01
1214.98
1199.96
1199.96
25320.77
1224.99
1213.07
1219.99
1209.97
1207.11
25274.99
1242.88
1230.96
1222.13
1221.90
1209.02
1205.92
25321.96
1227.14
1223.09
1220.94
1204.01
1206.87
25264.02
1235.01
1209.02
1209.97
1210.93
1219.99
1205.92
25315.05
1226.90
1211.88
1211.88
1204.97
1215.93
25259.97
1238.11
1215.93
1210.93
1213.79
1215.93
1217.13
25325.06
1216.17
1218.08
1230.96
1225.95
1223.09
25284.05
1275.06
1234.05
1227.86
1243.83
1487.97
25429.01
1258.85
1216.89
1213.07
1292.94
1271.96
1281.02
21329.88
1234.05
1217.13
1221.90
1209.97
1215.22
25275.95
1238.82
1226.90
1218.08
1207.11
1204.01
1209.97
25323.15
1221.90
1211.88
1228.81
1188.04
1255.99
25316.00
1303.91
1285.08
1297.00
1270.06
1713.04
25301.93
1263.14
1220.94
1220.94
1263.14
1263.86
25356.05
1255.99
1217.13
1219.03
1254.80
1251.94
1250.03
25364.88
1254.80
1235.96
1244.07
1263.14
1271.96
25367.02
1283.88
1267.91
1256.94
1291.99
1272.92
25331.02
1299.86
1297.00
1270.06
1289.13
1298.90
25347.23
1277.92
1245.98
1239.06
1280.07
1272.92
1281.02
25336.98
1239.06
1235.01
1264.10
1245.98
1258.13
25373.22
1311.06
1291.04
1302.00
1292.94
1286.03
25393.96
1317.98
1290.80
1298.90
1297.95
1292.94
25344.85
1327.99
1302.00
1302.96
1291.99
1297.00
25363.92
1342.06
1329.18
1317.98
1317.02
1315.12
25375.13
1351.12
1319.17
1322.98
1321.08
1324.89
25377.99
1356.12
1322.03
1326.08
1316.07
1318.22
25373.94
1347.06
1319.89
1326.08
1316.07
1316.07
25352.95
1292.94
1255.99
1280.07
1271.96
1266.00
25337.93
1301.05
1267.91
1266.00
1266.96
1269.82
1265.05
25355.10
1276.97
1255.04
1267.19
1265.05
1266.96
25372.98
1290.08
1271.96
1283.88
1282.93
1286.03
25383.95
1286.03
1274.11
1270.06
1292.94
1291.04
25340.08
1316.07
1271.96
1254.80
1277.92
1286.98
25373.94
1281.98
1260.04
1261.95
1256.94
1261.00
25272.85
1330.85
1262.90
1235.96
1270.06
1266.00
1271.01
25366.07
1286.98
1266.96
1278.16
1271.01
1269.10
25364.16
1280.07
1259.09
1264.10
1266.96
1260.04
25321.96
1296.04
1286.98
1275.06
1259.09
1260.04
25315.05
1298.19
1274.11
1290.08
1275.06
1264.10
1264.10
25377.99
1278.16
1279.12
1267.91
1245.98
1251.94
25367.02
1258.13
1252.89
1246.93
1239.06
1236.92
25305.99
1291.99
1261.00
1255.04
1226.90
1233.10
1230.96
25342.94
1266.00
1255.04
1235.96
1219.99
1223.09
25331.97
1276.02
1245.98
1253.13
1202.11
1203.06
25267.12
1267.19
1234.05
1230.00
1187.80
1200.91
1195.19
25330.07
1229.05
1219.99
1219.03
1197.10
1204.01
25274.04
1247.88
1216.89
1213.07
1197.10
1202.11
1199.96
25321.96
1242.16
1220.94
1219.99
1204.97
1215.93
25274.99
1290.08
1246.93
1245.02
1234.05
1251.94
1242.88
25388.00
1265.05
1254.08
1249.07
1255.99
1271.96
25385.14
1266.00
1253.84
1252.89
1267.91
1261.00
25336.03
1277.21
1251.94
1230.00
1260.04
1256.94
25323.87
1280.07
1241.92
1231.91
1275.06
1266.96
1266.00
25329.11
1214.98
1207.83
1222.85
1266.96
1266.00
25316.95
1239.78
1218.08
1213.07
1251.94
1262.19
25307.89
1256.94
1232.15
1219.03
1224.04
1225.95
1224.99
25341.99
1240.97
1226.19
1224.99
1192.09
1204.01
25256.87
1251.94
1217.13
1208.07
1211.17
1231.91
1226.90
25353.19
1239.06
1217.13
1234.05
1222.13
1229.05
25285.96
1249.07
1229.05
1232.15
1230.96
1233.82
1229.05
25338.89
1245.02
1231.91
1240.02
1230.96
1231.91
25275.95
1258.13
1228.09
1233.10
1223.09
1228.09
25258.06
1283.17
1236.92
1240.02
1253.13
1236.92
1236.92
25343.89
1254.08
1229.05
1238.11
1238.11
1238.11
25303.13
1250.98
1236.92
1245.02
1239.06
1237.87
1236.92
25409.94
1307.96
1276.97
1263.14
1261.00
1262.19
25383.00
1304.15
1280.07
1252.89
1227.86
1230.00
25308.13
1312.97
1293.90
1272.20
1194.95
1208.07
25273.80
1319.89
1293.90
1293.90
1289.84
1288.89
25311.95
1354.93
1305.82
1294.85
1285.08
1286.98
1281.98
25393.01
1295.09
1274.11
1297.00
1283.88
1280.07
25386.81
1297.95
1290.08
1289.13
1284.12
1286.03
25385.14
1300.10
1282.93
1286.98
1284.12
1283.88
25356.05
1296.04
1280.07
1283.17
1271.96
1273.87
25332.21
1321.08
1280.07
1285.08
1275.06
1276.97
25328.87
1313.92
1272.20
1297.00
1278.16
1272.92
1268.86
25401.83
1327.04
1317.98
1223.09
1236.20
1234.05
25409.94
1317.02
1316.07
1228.09
1220.94
1224.99
25336.98
1334.91
1306.06
1276.97
1203.06
1199.96
25281.91
1316.79
1281.02
1261.95
1196.86
1204.97
1208.07
25367.02
1268.15
1252.17
1196.86
1205.92
1212.84
25306.94
1263.14
1235.96
1223.80
1224.99
1232.15
25305.03
1271.96
1234.05
1235.01
1253.13
1247.17
1251.94
25355.82
1237.87
1230.96
1229.05
1260.04
1253.84
25322.91
1273.87
1243.83
1245.98
1248.12
1240.02
25296.93
1281.98
1251.94
1255.99
1258.13
1245.98
1245.98
25362.01
1264.81
1253.84
1258.85
1244.07
1252.89
25315.05
1280.07
1260.04
1252.17
1261.95
1245.98
25297.88
1279.83
1261.00
1247.17
1250.98
1248.12
1241.92
25351.05
1258.13
1249.07
1262.90
1247.88
1246.93
25336.98
1271.01
1247.17
1245.02
1225.95
1225.95
25302.17
1310.11
1284.12
1281.02
1203.06
1211.88
1219.03
25380.85
1284.84
1271.96
1209.97
1204.01
1199.96
25293.83
1285.08
1267.91
1260.04
1197.10
1204.01
25263.07
1276.97
1244.07
1244.78
1188.99
1203.06
1211.17
25347.95
1258.85
1238.82
1236.92
1231.19
1228.09
25304.08
1296.04
1266.96
1265.05
1234.05
1260.04
25300.03
1258.85
1211.88
1207.83
1220.94
1211.17
1210.93
25278.81
1235.96
1209.97
1224.04
1209.02
1209.02
25238.04
1274.11
1214.98
1209.02
1217.13
1204.01
1203.06
25274.99
1230.96
1218.08
1214.03
1208.07
1206.16
1208.07
25297.16
1211.88
1210.93
1214.98
1209.02
1209.02
25281.91
1240.02
1214.03
1219.99
1214.98
1214.03
1214.98
25328.87
1230.96
1220.94
1240.97
1227.86
1230.00
25331.97
1255.99
1235.01
1230.00
1203.78
1201.87
25249.00
1264.10
1233.10
1221.90
1186.85
1209.02
1219.99
25340.80
1230.96
1215.93
1212.84
1246.93
1251.94
25324.11
1253.13
1234.05
1230.00
1234.05
1230.96
1227.14
25413.04
1302.96
1293.90
1302.96
1289.84
1286.98
25402.07
1301.05
1291.04
1295.80
1284.84
1286.98
25401.12
1305.10
1292.94
1294.85
1287.94
1286.98
25388.96
1320.12
1287.94
1297.00
1291.04
1285.08
25339.13
1327.99
1286.98
1294.14
1287.94
1288.89
25347.95
1320.12
1292.94
1302.00
1285.08
1291.99
25342.23
1333.00
1299.14
1295.09
1292.94
1288.89
25347.95
1334.19
1293.90
1297.95
1289.13
1287.94
25310.99
1290.08
1227.14
1209.02
1239.06
1246.93
1246.93
25344.85
1236.92
1218.08
1222.13
1225.95
1225.95
25290.01
1266.96
1247.17
1246.93
1220.94
1218.08
1221.18
25356.05
1276.02
1272.92
1266.00
1223.80
1219.99
25287.15
1270.06
1243.11
1235.96
1213.07
1224.04
25258.06
1286.03
1221.90
1232.15
1236.92
1235.01
1240.02
25375.13
1240.97
1222.85
1231.91
1223.09
1224.99
25282.86
1257.90
1224.99
1235.96
1225.95
1222.13
1223.09
25328.87
1235.96
1232.15
1232.15
1226.90
1220.94
25289.06
1252.17
1234.05
1232.15
1230.96
1230.00
1222.85
25320.05
1239.06
1226.90
1240.97
1230.96
1230.00
25321.01
1246.93
1238.11
1245.98
1233.82
1240.02
25295.02
1263.86
1245.98
1240.97
1247.88
1245.02
1245.98
25398.97
1342.06
1316.07
1261.00
1240.97
1229.05
25358.92
1313.92
1291.99
1293.90
1262.19
1256.94
25341.03
1331.09
1311.06
1310.11
1300.10
1297.00
25362.01
1370.91
1342.06
1304.15
1242.88
1265.05
25327.92
1250.98
1230.96
1227.86
1220.94
1223.09
1225.95
25335.07
1233.82
1222.85
1238.82
1234.05
1235.96
25300.98
1257.90
1232.86
1244.07
1235.01
1235.01
25282.86
1273.87
1245.98
1235.96
1248.84
1242.16
1243.11
25361.06
1257.90
1245.98
1250.03
1254.08
1250.03
25316.95
1257.90
1231.91
1235.96
1240.02
1227.14
25279.05
1275.06
1243.11
1240.97
1244.78
1246.93
1247.88
25347.95
1255.99
1247.17
1251.94
1243.83
1243.83
25307.89
1278.88
1246.93
1241.92
1293.90
1299.86
25374.89
1273.16
1235.01
1219.03
1303.91
1337.05
25372.03
1293.90
1232.86
1224.99
1283.88
1306.06
1302.96
25385.86
1269.10
1249.07
1256.94
1281.02
1285.08
25389.19
1287.94
1261.95
1261.00
1286.03
1277.92
25348.19
1331.09
1286.03
1297.95
1319.89
1322.03
25370.84
1317.02
1271.96
1269.10
1297.00
1291.99
25360.11
1296.04
1266.00
1269.10
1265.05
1260.04
1254.08
25336.03
1263.86
1245.02
1248.12
1240.97
1235.01
25339.84
1235.96
1221.18
1226.90
1220.94
1218.08
25267.12
1248.12
1231.19
1234.05
1241.92
1232.86
1245.98
25345.09
1261.95
1266.96
1266.00
1261.95
1264.81
25356.05
1288.89
1273.87
1279.83
1281.02
1282.93
25350.81
1297.95
1283.17
1287.94
1276.97
1273.16
25335.07
1321.08
1276.97
1299.14
1299.14
1288.89
25330.07
1316.07
1299.14
1295.09
1294.14
1295.09
1281.98
25381.09
1300.10
1288.89
1311.06
1290.80
1287.94
25403.02
1312.97
1300.10
1297.95
1289.84
1294.85
25395.87
1312.97
1306.06
1330.14
1318.93
1317.02
25430.92
1333.95
1317.98
1330.85
1319.89
1322.03
25438.07
1329.18
1318.93
1333.00
1319.89
1314.88
25434.97
1331.09
1320.12
1325.85
1318.93
1317.98
25431.87
1329.90
1316.79
1330.85
1318.93
1314.16
25419.00
1327.99
1327.04
1323.94
1321.08
25344.85
1388.07
1328.95
1323.22
1322.98
1314.16
25352.95
1361.85
1297.00
1298.90
1292.94
1280.78
1286.98
25380.13
1296.04
1269.10
1292.94
1267.91
1263.86
25375.84
1277.92
1254.08
1273.16
1287.94
1283.88
25376.08
1275.78
1241.92
1261.00
1291.04
1295.09
25342.94
1245.02
1213.07
1222.13
1219.03
1217.13
1214.98
25322.20
1238.11
1235.01
1247.17
1245.98
1244.07
25331.97
1275.06
1263.14
1255.04
1228.09
1244.07
25312.19
1261.95
1233.10
1235.01
1231.19
1233.10
1235.01
25350.09
1260.04
1241.92
1255.04
1242.16
1243.11
25312.90
1273.87
1243.83
1247.88
1240.97
1250.03
25301.22
1283.88
1252.89
1253.84
1246.93
1246.21
1246.93
25374.89
1275.06
1259.80
1262.90
1250.98
1251.94
25369.17
1276.02
1273.16
1275.06
1266.00
1247.88
25316.00
1281.98
1258.13
1265.05
1248.12
1255.04
25299.07
1274.82
1240.97
1230.00
1224.99
1223.09
1221.90
25339.84
1255.04
1238.11
1226.90
1220.94
1224.99
25302.17
1288.18
1327.04
1289.13
1250.98
1251.94
25303.84
1303.91
1265.05
1251.94
1289.13
1274.11
1272.92
25367.02
1281.02
1271.01
1302.00
1290.08
1276.97
25373.22
1277.92
1266.00
1290.08
1276.02
1288.18
25366.07
1294.14
1260.04
1268.15
1261.00
1258.13
25318.15
1304.86
1272.92
1266.00
1262.90
1263.86
25310.04
1302.96
1281.98
1267.91
1273.87
1255.99
1261.00
25373.94
1280.07
1265.05
1270.06
1272.20
1271.01
25363.21
1273.87
1266.96
1272.20
1262.90
1258.85
25319.10
1295.09
1268.15
1272.92
1266.96
1260.04
25312.90
1302.00
1262.90
1267.91
1224.04
1230.00
1225.95
25377.99
1317.02
1301.05
1244.07
1238.82
1236.92
25340.08
1297.95
1284.12
1280.07
1239.06
1242.16
25295.02
1289.13
1261.00
1262.19
1264.10
1260.04
25315.05
1311.06
1265.05
1264.81
1271.01
1261.95
1258.85
25384.90
1284.84
1269.82
1284.84
1266.00
1255.04
25370.12
1271.96
1267.91
1271.01
1261.00
1263.14
25312.90
1294.85
1256.94
1264.10
1254.08
1258.13
25316.95
1291.99
1260.04
1266.96
1258.85
1256.94
1258.13
25382.04
1269.10
1262.19
1274.11
1263.86
1262.90
25368.93
1277.92
1266.00
1267.91
1261.00
1257.90
25317.91
1294.85
1257.18
1271.01
1261.00
1252.89
25310.99
1294.14
1261.95
1263.14
1261.00
1252.89
1256.94
25355.10
1259.09
1250.98
1248.84
1228.81
1226.90
25318.86
1240.97
1227.14
1213.07
1210.93
1230.00
25278.09
1292.94
1252.89
1247.17
1244.07
1250.98
1237.87
25404.93
1289.13
1259.09
1250.98
1226.19
1230.00
25304.08
1309.16
1266.00
1287.94
1223.09
1224.04
25284.05
1301.05
1270.06
1266.00
1215.93
1225.95
1218.08
25362.97
1251.94
1237.15
1227.14
1219.99
1218.08
25272.13
1266.00
1243.83
1250.03
1250.03
1245.02
25298.83
1294.85
1268.86
1266.96
1267.19
1271.01
1273.16
25383.95
1285.79
1268.86
1276.97
1265.05
1259.09
25357.96
1264.81
1255.04
1254.08
1243.11
1236.92
25290.01
1250.03
1219.03
1230.00
1210.93
1207.83
1214.98
25322.91
1226.90
1232.15
1247.88
1230.96
1236.20
25301.93
1289.84
1263.86
1255.04
1262.90
1264.81
25313.85
1296.04
1271.96
1277.21
1271.96
1277.92
1268.15
25377.99
1271.01
1260.04
1258.85
1249.07
1241.92
25353.19
1261.95
1255.04
1247.17
1235.01
1228.09
25304.08
1288.89
1251.94
1248.12
1214.98
1226.90
25271.89
1329.90
1276.02
1271.01
1253.13
1261.00
1275.06
25363.21
1275.06
1269.10
1266.96
1261.95
1265.05
25373.22
1279.12
1266.00
1275.06
1266.00
1259.09
25318.15
1289.13
1252.89
1251.94
1243.11
1240.02
25261.16
1301.05
1231.91
1219.03
1219.99
1215.93
1209.02
25318.86
1235.01
1214.03
1227.14
1224.04
1226.19
25290.97
1277.21
1264.10
1255.99
1259.09
1268.15
1260.04
25365.11
1261.00
1245.02
1274.82
1268.86
1261.95
25350.09
1251.94
1235.01
1225.95
1234.05
1224.99
25280.00
1275.06
1249.07
1235.96
1204.01
1213.07
1212.12
25377.04
1263.86
1245.02
1229.05
1229.05
1234.05
25315.05
1276.02
1234.05
1230.96
1257.90
1258.85
25315.05
1264.10
1230.96
1215.93
1265.05
1270.77
1261.95
25359.15
1232.15
1213.07
1216.89
1233.82
1233.82
25295.97
1295.09
1260.04
1274.11
1259.09
1266.00
25321.01
1318.93
1269.82
1267.91
1266.00
1266.96
1257.90
25390.15
1317.98
1309.87
1275.06
1259.80
1251.94
25375.13
1305.10
1295.09
1278.16
1256.94
1266.00
25381.09
1312.02
1295.09
1276.97
1248.84
1241.92
25324.82
1364.95
1317.02
1281.02
1249.07
1235.96
25295.97
1322.98
1295.09
1299.14
1219.03
1219.99
1213.07
25407.08
1322.03
1319.89
1217.13
1204.97
1214.03
25362.97
1308.92
1290.08
1259.09
1212.12
1215.93
25290.97
1330.14
1286.98
1267.91
1218.08
1214.03
25270.94
1317.02
1273.16
1270.06
1199.01
1225.95
1230.96
25395.87
1285.79
1261.00
1224.99
1235.01
1235.01
