1058.82
1036.88
1032.83
1046.90
1031.16
1034.02
1029.97
1034.98
1038.07
1028.06
1019.00
965.83
999.93
999.21
17024.99
1042.84
995.87
978.95
985.15
1008.03
1004.93
994.92
1016.14
1086.00
1006.84
1008.03
1012.09
1012.09
1010.89
1008.99
17049.07
1060.96
1012.80
1014.95
1017.09
1018.05
1012.80
1015.90
1009.23
1018.05
1029.01
1033.07
1044.03
1032.11
1029.01
1026.87
17085.79
1013.99
1008.03
998.97
995.16
993.01
992.06
992.06
990.15
981.09
1003.03
993.97
1008.99
1022.82
1019.95
1034.02
17102.00
1034.98
1011.85
1029.01
1013.99
1013.99
1011.85
1005.89
969.89
958.92
976.09
24977.21
1108.17
1061.92
1043.80
1052.86
1046.90
1050.95
1044.99
1034.98
1013.99
995.16
997.07
21099.09
1045.23
1008.99
1013.04
1002.79
1011.85
1007.08
1008.03
25125.03
1026.15
1004.93
1013.04
968.93
991.82
988.01
993.01
25125.98
1027.82
1015.90
1019.00
1014.95
1020.91
1011.13
1003.98
958.92
968.93
967.98
966.07
25115.01
1047.85
1031.88
1055.00
1044.99
1044.03
2291.92
1022.10
1010.18
1009.94
1014.95
1006.13
1003.98
1013.99
17076.97
1009.94
1004.93
1001.83
1006.84
997.07
998.02
1008.03
998.02
968.93
970.13
967.03
988.01
970.84
975.85
968.93
17084.84
1066.92
1050.23
1023.05
1043.08
1028.06
1041.17
1050.00
1022.10
1013.99
1030.92
1020.19
1024.01
1008.99
1005.89
25031.09
1092.91
1058.10
1044.99
1055.96
1044.99
1044.03
1051.90
1007.08
968.93
960.11
957.01
25053.02
1044.99
1039.03
1038.07
1011.85
885.01
916.00
990.15
1002.07
990.87
980.85
997.07
25067.09
1003.03
987.05
990.87
996.83
984.19
985.86
983.00
1003.03
983.00
993.01
996.11
25064.95
1013.04
983.95
978.95
983.00
988.96
987.05
988.01
988.01
977.99
977.99
977.04
25027.04
1013.04
977.04
962.97
971.08
962.02
955.10
953.20
946.04
991.11
993.01
1000.17
25037.05
1072.17
1038.07
1020.91
1008.03
972.99
971.08
972.99
985.86
977.04
972.99
978.95
25007.96
1085.04
1039.98
1036.88
17061.95
1037.12
1003.98
998.02
1008.99
988.96
974.89
980.14
981.09
976.09
977.04
972.99
977.99
971.08
966.07
970.13
17012.12
1054.05
1020.19
1019.95
1007.80
1008.03
1008.99
1007.80
997.78
978.95
971.08
975.13
973.94
968.93
969.89
972.03
17008.07
1011.85
969.89
961.07
972.03
957.01
954.15
949.86
952.01
951.05
945.09
943.18
944.85
989.91
1012.80
999.93
1007.08
5081.89
1020.19
1005.89
1008.03
980.85
977.99
977.99
982.05
981.09
978.95
974.89
974.18
979.90
974.89
983.95
977.99
17094.85
999.93
995.16
992.06
998.02
994.92
993.01
984.91
969.17
974.89
979.90
976.80
988.96
970.13
975.13
976.09
37105.08
1061.20
1048.09
1039.03
1034.98
1047.85
1033.78
1041.89
1041.89
1036.88
1037.12
25067.09
1119.14
1049.04
1052.14
1060.01
1050.95
1053.09
1055.00
1018.05
983.00
972.03
962.02
25071.14
1017.09
997.07
988.96
993.97
956.06
951.05
945.09
954.15
952.96
955.82
948.91
24997.00
1008.99
968.93
961.07
965.12
959.16
957.01
964.16
953.91
1021.86
1014.95
1000.17
29041.05
1025.20
978.95
973.94
970.13
1024.96
1024.96
1013.04
1033.07
1011.13
1001.12
999.93
1000.88
1063.82
1052.86
1055.96
17118.93
1034.98
1016.14
1014.95
1045.94
1057.15
1056.91
1058.82
1056.91
1048.80
1051.90
1047.85
995.87
999.93
1002.07
17021.18
1055.96
1005.89
1016.14
1008.03
1065.97
1071.93
1067.16
1074.08
1067.88
1065.02
1065.02
13135.19
1030.92
1019.00
1010.89
1028.06
1037.12
1036.88
1039.03
1037.12
1039.03
1032.11
25054.93
1060.01
1002.07
995.16
987.05
1034.98
1037.12
1037.12
1033.07
1038.07
1029.97
1032.11
41119.10
1017.09
1001.12
1002.07
1000.17
1003.03
1001.12
992.06
1006.13
988.01
989.20
988.96
17066.00
992.06
977.99
973.94
989.91
983.00
968.93
977.99
979.90
979.19
983.00
975.13
988.96
979.90
981.81
977.04
17045.02
1038.79
1003.98
998.97
1003.98
996.11
995.16
997.07
1009.94
995.16
992.06
991.11
1022.10
998.97
993.01
987.05
17086.98
1046.90
1031.16
1034.98
977.99
989.91
988.96
992.06
996.11
988.01
1000.88
998.02
998.97
999.21
1003.03
994.92
17152.79
1076.94
1071.21
1077.89
1070.02
1068.12
1065.97
1029.97
996.83
981.81
979.90
988.01
981.09
977.04
973.94
17004.01
1065.02
1044.99
1021.86
1026.87
1011.85
1011.85
1008.99
1001.12
1010.89
987.05
983.95
970.84
1003.98
997.07
987.05
17052.89
1060.01
1030.92
1019.00
1019.95
988.01
988.01
977.04
983.95
974.89
972.03
975.13
979.90
980.85
974.89
981.81
17029.05
1029.97
994.21
985.86
993.01
984.91
983.00
983.00
984.19
985.86
989.91
978.95
25026.08
1055.00
1019.00
1008.03
1015.19
1008.99
1013.04
1011.85
983.00
967.98
983.00
977.04
25043.01
1066.92
1042.13
1039.98
1001.83
976.80
980.85
990.87
995.87
983.00
983.95
983.00
25073.05
1014.95
1003.98
1016.14
1005.89
1009.94
1006.13
991.11
1005.17
1000.88
1004.93
1001.12
25115.97
1030.21
1010.89
1013.99
1012.09
1018.05
1007.08
1017.81
1022.82
1022.82
1014.95
29045.10
1070.98
1044.03
1030.92
1060.01
1029.97
1039.03
1035.93
1041.89
1036.17
1044.03
1051.19
1037.12
988.01
982.05
982.05
17061.95
1019.00
1006.84
993.01
1014.95
1050.95
1060.96
1054.05
1061.92
1050.00
1046.90
1051.19
1061.92
1051.90
1046.18
17091.99
1051.90
1013.99
1006.84
1019.00
1008.03
998.02
1003.98
1013.99
1021.86
1036.88
1043.08
1044.99
1036.88
1041.89
1036.88
17118.93
1028.06
1012.09
1017.09
1013.04
1027.82
1015.90
1029.01
1019.00
1026.15
1020.91
1019.00
982.05
1001.12
1003.98
17038.82
1076.94
1020.91
1022.10
1033.07
1007.08
1020.19
1009.94
1017.81
1020.91
1014.95
1023.05
1028.06
1029.01
1019.95
1030.21
17109.87
1008.03
993.97
993.01
995.87
987.05
986.10
984.19
990.87
1026.87
1032.11
1032.11
1032.11
1026.15
1025.92
1021.86
13142.11
1049.04
1046.90
1040.22
1061.92
1060.96
1054.05
1063.11
1049.04
1055.00
1054.05
25120.02
1006.13
988.96
986.81
1011.85
1040.94
1054.05
1039.98
1052.14
1044.03
1039.98
1042.13
25148.15
1053.09
1048.09
1045.94
1048.09
1040.22
1043.08
9064.91
1070.02
1050.00
1047.85
1051.90
1034.02
1031.88
1034.98
29120.92
1039.98
1027.11
1023.05
1027.11
1010.18
1002.07
988.01
950.10
958.20
961.07
967.98
25088.07
997.07
986.81
988.96
989.91
988.96
979.90
977.99
945.09
965.12
972.03
969.89
25089.03
993.97
978.95
977.04
983.00
977.99
979.19
974.89
967.98
1001.12
988.01
998.02
990.87
984.91
982.05
987.77
17081.02
1016.14
997.07
1002.07
1004.93
1002.07
998.02
998.97
1003.98
1003.98
999.93
996.83
992.06
953.91
957.97
960.11
17111.06
1055.96
1042.13
1044.03
981.09
991.11
1001.12
1005.89
1008.03
1008.03
1003.98
998.02
1008.03
1007.08
1009.94
1004.22
17147.06
1063.11
1040.94
1037.84
1032.83
1036.88
1039.03
1015.90
989.91
986.81
980.85
983.00
986.10
978.95
981.81
17026.90
1090.05
1052.86
1052.14
1055.00
1046.18
1044.03
1044.03
1047.85
1047.13
1043.08
1039.98
1013.04
1028.06
1034.02
17081.98
1021.86
980.85
968.93
971.08
1055.00
1060.96
1056.91
1065.02
1055.00
1057.86
1060.96
1062.87
1055.96
1054.05
1052.14
17092.94
989.91
980.14
971.08
1039.03
1050.95
1039.98
1044.03
1047.13
1040.94
1039.98
25069.00
1095.06
1051.90
1040.94
1042.84
1044.03
1042.84
1034.98
1044.03
1043.08
1042.13
1038.07
25138.14
1059.06
1043.08
1043.08
1047.13
1045.94
1039.03
1041.89
1042.84
1039.98
1041.17
25078.06
1060.96
1024.01
1012.09
1020.91
1019.00
1013.99
1010.89
1007.08
1029.97
1025.92
1013.04
17117.02
1008.03
998.02
993.01
5079.03
1040.94
1019.00
1039.03
5073.07
1014.95
1003.03
17016.89
1099.11
1046.90
1049.04
1045.94
1037.84
1034.98
1022.10
1010.89
1006.84
1006.84
1004.93
1005.89
995.16
988.01
992.06
17011.17
1065.97
1033.07
1033.07
1034.98
1031.88
1041.17
1039.98
1029.01
1015.90
1020.91
1024.01
1043.08
1042.13
1024.01
1024.96
17081.98
1015.90
1006.13
998.97
999.93
1011.13
1019.95
1010.89
1014.95
1005.17
1005.89
1015.90
1009.94
1008.99
1012.80
17041.92
1048.80
1019.00
998.97
1005.89
1004.93
998.02
1005.17
998.97
990.15
996.11
1003.03
1009.94
1005.89
998.02
997.07
17020.94
1046.90
998.97
1012.09
1012.09
1008.99
1011.13
995.16
1008.99
1001.12
1005.17
1003.03
1001.12
983.00
981.09
977.99
17017.84
1008.99
974.18
966.07
968.93
973.94
961.07
960.83
962.97
1002.07
1006.13
987.05
995.16
991.11
981.09
983.95
17007.83
1035.93
986.81
977.99
987.05
986.10
983.00
988.01
983.00
980.14
993.01
991.11
995.16
997.07
999.93
1000.88
29043.91
1052.86
990.87
981.81
968.93
1008.99
1009.94
1023.05
1019.00
1019.95
1026.15
1029.01
25068.04
1062.15
1034.98
1023.05
989.91
1026.15
1003.98
1019.00
17139.91
1070.98
1054.05
1050.95
1065.02
1058.82
1054.05
29089.93
1104.83
1065.02
1040.94
1019.00
966.07
958.92
953.91
963.21
947.95
949.86
943.90
24985.07
1096.96
1060.01
1047.13
1019.00
977.04
970.84
968.93
971.08
966.07
963.21
956.06
24993.90
1101.02
1057.15
1051.90
1024.96
997.07
989.20
993.97
994.92
991.11
978.95
980.14
25035.14
1094.10
1044.03
1038.07
1013.99
1014.23
1003.98
1008.99
1014.95
1003.98
1000.88
1000.17
25105.95
999.93
991.82
983.00
969.89
1003.03
1009.94
990.15
1021.15
1005.89
999.93
999.93
25100.95
1000.88
988.96
990.15
989.91
989.91
983.95
987.05
990.15
981.09
978.95
983.00
25084.02
1003.98
988.01
983.00
987.05
984.91
981.09
986.10
993.97
981.81
983.00
982.05
25098.09
1003.03
988.96
985.15
993.01
984.19
983.95
983.00
988.96
983.95
979.90
979.90
25088.07
1000.88
993.97
984.91
991.82
985.86
985.86
987.05
989.91
989.91
986.10
983.95
25090.93
1008.03
988.01
988.01
998.97
984.91
983.00
978.95
988.96
988.96
984.19
979.90
983.00
976.09
977.04
970.13
17064.09
988.96
987.05
976.09
988.96
976.09
979.19
973.94
981.09
982.05
972.99
980.85
979.90
979.19
977.04
976.09
17009.97
1019.95
990.15
985.15
988.01
986.10
980.14
988.01
996.11
983.00
983.95
983.00
982.05
985.86
983.95
981.09
17006.16
1037.12
997.07
991.11
991.11
989.91
988.96
983.00
988.96
988.96
980.14
983.00
987.05
985.86
980.85
980.85
17014.98
1037.12
989.20
999.93
996.83
993.97
988.01
983.00
989.91
984.91
977.99
988.01
993.01
983.00
987.05
980.14
979.90
17072.92
1003.03
984.91
988.96
982.05
996.11
987.05
1000.17
996.11
997.07
992.06
988.96
993.97
985.15
992.06
998.02
17095.80
1019.00
1000.17
1002.07
982.05
982.05
979.90
995.16
983.00
988.01
979.90
983.00
988.96
988.01
979.90
980.85
17054.80
970.84
957.97
958.20
976.09
977.99
981.09
984.19
983.95
977.04
977.99
983.00
993.97
981.81
981.81
988.01
17070.06
993.01
972.99
968.93
977.04
1001.12
1006.84
1005.89
1009.94
998.97
994.92
996.83
1003.98
996.11
999.93
995.87
17099.86
999.93
985.15
987.05
993.01
980.85
986.81
974.89
953.91
967.03
973.94
983.95
975.85
979.90
969.89
970.84
17076.02
1018.05
1003.03
1002.07
1001.12
996.11
988.01
981.09
996.11
989.20
988.01
986.10
966.07
982.05
984.91
983.95
17070.06
1038.07
1010.89
1003.98
996.11
986.10
993.97
992.06
988.96
983.00
981.81
986.81
987.05
987.05
983.00
981.09
17052.17
1024.01
1011.13
1000.17
1011.85
1003.03
994.92
999.93
1024.01
976.09
983.00
978.95
13061.05
1013.99
994.92
989.91
996.11
988.01
981.81
982.05
987.05
977.04
978.95
971.79
25055.89
990.87
969.89
970.13
973.94
957.97
962.02
958.92
959.16
962.97
957.97
958.92
24995.09
1050.95
999.93
995.87
1003.98
997.07
991.11
992.06
991.11
1032.11
1024.01
1028.06
25065.18
1014.95
972.99
964.16
972.03
1053.09
1057.15
1044.03
1055.96
1043.80
1050.95
1047.13
25133.13
1054.05
1044.99
1039.98
1048.09
1036.88
1039.98
1046.18
1044.99
1038.07
1041.17
17062.90
1023.05
975.13
962.02
959.16
973.94
978.95
978.95
984.91
981.81
989.91
983.95
998.02
991.11
987.05
991.11
17030.95
1037.12
987.05
983.95
990.87
977.04
983.00
967.98
970.84
1014.95
1019.00
1034.02
1040.94
1039.03
1036.17
1038.07
17054.08
1002.07
963.93
956.06
962.97
957.01
955.10
957.97
961.07
960.11
952.01
954.87
952.96
947.00
963.93
957.01
962.97
17116.07
1018.05
1008.03
1011.13
944.14
967.98
963.93
970.13
976.09
970.13
967.03
969.17
977.04
964.88
962.97
962.02
17079.83
1029.97
1014.95
1005.89
1024.01
1003.03
1001.12
1004.93
989.91
955.10
950.10
954.15
961.07
950.10
951.05
959.16
17026.90
1102.92
1065.97
1063.11
1067.16
1055.96
1058.10
1059.06
1064.06
1056.19
1060.01
1048.09
977.04
982.05
985.15
17014.03
1078.84
1030.92
1024.01
1024.01
984.91
979.90
981.81
985.86
978.95
971.08
969.17
24997.00
1004.93
967.03
960.11
970.13
962.97
958.92
956.06
960.11
965.12
952.96
958.92
952.96
25057.08
976.09
966.07
957.97
961.07
968.93
972.03
978.95
977.99
985.15
980.14
986.10
25087.12
998.02
987.05
992.06
991.11
987.05
978.95
989.91
991.11
993.97
993.01
984.91
25089.98
985.15
957.01
953.91
966.07
960.11
959.16
952.01
959.16
962.97
958.20
961.07
28995.04
1111.03
1052.86
1045.94
1050.95
1045.94
1044.99
1040.94
1049.04
1050.95
1039.03
1042.13
16458.99
1027.82
997.07
983.00
990.15
982.05
979.19
972.99
963.21
1008.03
1016.14
1018.05
1017.09
1014.95
1014.95
1019.00
17045.02
993.97
971.08
970.13
965.12
961.07
958.92
961.07
962.02
964.16
962.97
960.11
958.20
1050.00
1034.98
1030.92
17089.13
1015.19
972.99
959.16
942.95
946.04
963.93
961.07
960.11
966.07
972.99
960.83
957.97
967.03
958.92
962.97
958.92
17085.08
1033.78
1010.89
1017.09
1019.00
1019.95
1008.99
1021.15
981.09
958.92
962.02
956.06
972.99
960.83
953.91
956.06
25061.85
977.99
957.01
959.16
958.92
957.97
957.97
952.96
961.07
956.06
958.92
955.10
24996.04
1011.85
970.84
962.97
973.94
964.88
959.87
949.86
960.83
950.10
956.06
950.81
953.91
25087.83
993.97
984.19
983.00
992.06
988.96
987.05
978.95
977.99
974.89
963.93
967.03
25079.01
1022.10
1008.03
1004.93
1019.00
1019.95
1006.84
1005.89
1008.03
998.02
997.07
988.96
25091.17
1004.93
996.83
987.05
990.87
988.01
978.95
983.95
990.15
977.99
975.13
977.99
991.82
998.02
996.11
993.97
17060.04
983.00
964.88
958.92
969.89
956.06
947.95
950.10
957.01
958.20
961.07
962.02
959.16
971.08
960.11
973.94
17017.84
1050.00
1018.05
1007.08
1013.04
1005.89
1003.98
1005.89
1000.88
955.10
960.11
961.07
968.93
980.85
980.85
985.86
17027.85
1034.98
996.11
994.92
995.87
985.86
988.96
988.01
990.15
975.13
979.90
975.85
967.98
998.97
1013.04
1005.89
17041.92
1091.96
1057.15
1060.01
1018.05
992.06
995.16
995.87
993.01
989.91
984.91
983.00
987.05
974.89
980.85
973.94
17035.96
1068.12
1035.93
1029.01
1033.07
1019.95
1027.11
1022.10
996.11
992.06
988.01
985.86
998.97
982.05
981.09
982.05
17090.08
1032.11
1019.00
1019.95
1019.95
1014.95
1008.99
1008.99
1024.01
1010.18
1007.08
999.93
998.02
1013.04
1010.89
1011.85
13087.03
1018.05
1012.09
1010.18
1013.99
1003.98
1010.89
1005.89
1003.03
1003.98
1003.03
25034.19
1048.09
1002.07
990.15
993.97
993.01
983.00
986.10
972.03
956.06
950.10
951.05
957.01
25066.85
977.99
980.14
971.08
1018.05
1006.13
1008.99
1009.94
1008.03
1008.03
1005.89
25034.19
1050.95
1006.84
996.83
998.02
997.07
998.02
998.02
1005.89
987.05
985.86
985.86
25014.88
1044.99
1013.99
999.93
1000.17
1002.07
994.92
1001.83
999.93
997.07
1000.88
999.21
25048.97
1044.03
1008.99
1008.99
1005.89
1009.94
1001.12
1002.07
1008.03
997.07
1003.98
1013.04
25049.92
1045.94
1005.17
1002.07
1003.03
1014.95
1018.05
1030.92
1044.99
1040.94
1039.98
1035.93
17085.08
1004.93
983.95
982.05
994.92
982.05
984.19
979.90
988.96
977.99
982.05
982.05
1019.00
1026.15
1028.06
1027.11
17140.15
1034.98
1022.10
1017.09
946.04
952.96
957.01
957.97
968.93
952.01
961.07
965.12
963.93
958.92
953.91
956.06
25063.04
978.95
961.07
958.20
964.88
956.06
957.97
959.16
967.03
1060.01
1043.80
1058.82
1057.86
1050.00
1050.95
1047.85
17138.96
1064.06
1055.96
1060.01
1052.14
1044.99
1053.09
1036.17
1013.04
1024.01
1013.04
1023.05
1007.08
1006.13
1011.85
17061.00
1069.07
1033.78
1041.89
1029.97
1028.06
1022.10
1027.11
1031.88
1026.87
1024.01
1017.09
13098.96
994.92
982.05
972.99
987.05
970.13
978.95
964.88
972.99
965.12
958.92
964.88
25066.85
979.90
966.79
962.97
976.09
957.01
953.91
956.06
25002.96
1011.13
977.99
969.17
976.09
968.93
970.13
957.01
24995.80
1016.86
977.04
965.12
977.99
968.93
961.07
956.06
24986.98
999.93
960.11
962.97
966.07
958.92
958.20
957.01
954.15
21115.06
1027.11
1016.14
1023.05
1013.04
1005.17
1009.94
1017.81
1005.89
1004.22
1000.88
25032.04
1054.05
1009.94
1001.83
1008.99
1003.03
1006.13
999.93
998.02
1002.07
993.01
994.92
33030.99
1039.98
1007.08
1017.09
1007.08
1002.07
1008.03
1001.83
25060.89
1101.97
1065.97
1056.91
1065.97
1050.95
1055.00
1055.00
21099.09
1016.14
1013.04
1016.14
1013.99
1009.94
1010.89
1015.90
1016.14
1009.94
1019.95
25046.11
1065.02
1021.86
1006.84
1017.81
1004.93
1000.17
999.93
995.87
1007.80
1009.94
1018.05
37058.12
1055.00
1009.94
1006.84
1012.09
993.01
994.92
1000.17
29085.16
1011.13
998.97
983.00
972.99
1000.17
995.87
998.02
1019.00
1007.80
1015.90
1012.80
25112.87
980.85
960.83
952.01
952.96
1015.19
1009.94
1025.92
1030.21
1020.91
1010.89
1032.83
25099.99
987.05
964.16
960.83
992.06
1035.93
1040.94
1049.04
1065.02
1061.92
1053.09
25080.20
1048.09
1003.03
1007.08
991.11
1060.01
1051.90
1063.11
1059.06
1058.10
1054.05
1050.95
25091.89
971.08
960.83
955.10
1023.05
1053.81
1054.05
1050.95
1060.96
1055.00
1055.96
25083.07
1039.03
972.03
970.84
968.93
1025.20
1021.86
1023.05
1019.95
1009.23
998.02
1002.07
25027.99
1013.99
957.01
949.14
947.95
972.99
972.03
980.14
975.13
976.09
968.93
976.09
983.00
25089.03
1008.03
1003.03
1007.80
967.98
995.16
994.92
998.97
1007.08
1006.13
1012.09
25035.14
1030.92
994.92
989.91
998.97
994.92
1000.17
994.92
1005.89
1011.13
1010.89
1004.93
25046.83
1036.88
977.04
979.90
987.05
986.81
980.85
983.95
998.97
990.87
986.81
991.82
25021.08
1030.92
984.91
981.81
984.91
978.95
972.99
969.89
972.03
977.99
974.89
978.95
977.99
25102.85
1022.10
1005.89
997.07
986.10
1000.88
995.87
998.97
988.96
988.96
983.00
980.14
25033.00
970.84
958.92
957.97
963.93
957.97
958.92
957.97
965.12
957.97
958.92
957.97
29054.88
1013.04
1004.93
989.91
986.10
988.01
994.92
986.10
994.92
988.01
988.01
984.19
29091.12
976.09
954.87
950.81
968.93
955.10
949.14
946.04
959.16
954.87
952.01
952.96
24993.90
1085.04
1025.92
1032.11
1003.03
958.92
945.09
949.14
956.06
957.01
949.14
948.91
24967.91
1026.87
970.84
976.80
959.87
972.99
965.12
962.97
961.78
967.98
960.11
961.07
959.16
25084.97
992.06
977.99
971.08
974.89
967.98
966.07
960.11
962.02
958.20
957.01
954.15
17005.92
999.93
960.83
955.10
964.16
957.01
954.15
950.10
946.04
980.14
995.87
998.02
1008.03
1004.22
1002.07
1009.94
17044.07
1062.87
1029.97
1016.14
1023.05
1022.10
1014.95
1025.92
1016.14
1024.96
1012.80
1019.95
1013.04
983.95
975.13
973.94
17030.95
1000.17
979.90
977.99
968.93
948.19
955.10
948.91
959.87
957.01
962.02
948.19
967.03
963.93
961.07
962.02
965.12
17091.04
1019.95
1005.89
1024.96
1021.15
1024.96
1011.13
1005.89
956.06
953.91
955.82
955.82
954.87
947.95
954.15
958.92
17091.99
1000.17
992.06
988.01
983.00
979.90
976.09
981.81
988.96
974.18
977.04
972.03
25068.04
983.95
965.12
967.03
971.08
961.07
965.12
961.07
972.99
1047.85
1046.90
1062.15
21085.02
989.91
971.08
971.08
962.02
950.10
952.01
962.02
17077.92
1015.90
1016.86
1003.98
1011.13
1013.04
1013.04
998.97
25109.05
998.02
991.11
978.95
990.15
972.03
978.95
972.03
25082.11
977.04
963.21
962.97
973.22
964.88
967.03
962.97
21063.80
990.87
967.98
967.98
983.95
971.08
972.03
970.13
965.12
1010.89
1013.99
1012.09
25110.01
983.95
962.97
967.98
973.94
975.85
969.89
967.98
985.15
998.97
997.07
993.97
45080.90
1045.94
1028.06
1025.20
1032.11
1027.82
1024.96
1028.06
25144.82
1039.03
1029.01
1022.10
1037.12
1024.01
1024.01
25066.85
1097.92
1045.94
1043.08
1047.13
1044.99
1041.17
1048.09
25140.05
1060.96
1042.84
1034.98
1039.98
1044.03
1039.98
25068.04
1053.81
998.97
995.16
976.09
1055.00
1056.19
1056.91
1072.88
1071.93
1074.08
1069.07
25127.89
1010.89
992.06
984.91
1024.96
1043.08
1044.99
1028.06
1048.09
1024.01
1031.16
1020.91
962.02
965.12
965.12
958.92
17064.81
980.85
968.93
963.21
983.00
969.17
973.94
979.90
991.11
981.09
985.15
987.05
981.09
986.10
983.95
995.87
17098.19
1007.08
988.96
983.00
977.99
1007.08
1008.03
1019.00
1013.99
1024.01
1021.86
1013.99
1038.07
1032.11
1024.96
1015.19
17066.96
981.09
966.07
964.88
975.13
964.16
961.07
966.07
1032.11
1052.86
1051.90
1036.88
1050.95
1047.13
1049.04
25079.01
1060.96
1017.09
1014.95
1009.94
1007.08
989.20
995.87
990.87
986.81
982.05
977.04
25029.90
1023.05
986.10
983.95
994.21
986.10
977.04
977.99
977.99
983.00
978.95
972.99
25012.97
1061.92
1003.98
1007.08
993.01
1006.13
999.93
1001.83
1003.98
997.07
995.16
992.06
25032.04
1054.76
1014.95
1016.14
1018.05
1014.23
1009.94
1010.89
1008.99
1008.03
1013.04
1008.99
25099.99
1029.97
1024.96
1012.09
1013.99
1009.94
1003.98
1008.03
1027.11
983.00
980.14
977.04
25085.93
998.97
991.11
978.95
990.87
986.10
997.07
994.92
998.02
997.78
999.93
997.78
1003.03
1003.03
994.21
1002.07
1010.89
972.03
960.83
958.92
17077.92
1014.95
1001.83
988.96
989.91
1031.88
1011.85
1026.87
1027.82
1036.88
1031.88
1032.11
1044.03
1027.11
1029.01
17071.01
1018.05
976.09
968.22
973.94
962.97
965.12
957.97
960.11
1027.11
1030.92
1021.86
1025.92
1021.15
1014.95
1016.86
17030.95
1040.94
991.11
993.01
999.21
987.05
987.05
975.13
988.01
980.14
975.13
974.89
978.95
990.15
986.10
986.10
980.14
17072.92
1003.03
994.92
990.15
962.97
962.02
960.11
967.03
968.93
954.87
961.07
957.01
962.97
963.93
961.07
957.01
17047.88
1007.80
988.01
977.99
979.90
974.18
962.97
964.88
957.01
967.03
969.89
967.03
976.09
970.13
967.03
961.07
16994.95
1070.02
1043.08
1021.15
1020.91
966.07
961.78
963.93
963.93
957.01
961.78
957.97
24986.98
1046.90
1017.81
1003.03
1011.13
1004.93
1009.94
1000.17
1007.08
1009.94
1008.99
1001.12
37041.90
1029.01
1002.07
998.97
1004.93
1002.07
1006.13
993.01
25043.01
1019.00
985.86
975.85
983.95
981.09
988.01
986.10
25033.00
1018.05
974.18
977.04
972.99
962.02
965.12
962.97
964.88
983.00
987.05
972.99
25012.02
1013.99
975.85
965.83
967.98
962.97
962.02
953.91
959.16
967.98
968.22
959.87
962.97
33096.08
1004.93
1001.12
993.01
989.91
987.05
982.05
981.81
25106.91
1004.93
993.97
987.05
996.83
977.99
979.19
978.95
25086.88
999.93
992.06
987.05
994.92
979.19
983.00
972.03
33062.93
997.07
975.13
969.89
990.87
971.08
970.13
965.12
982.05
957.01
966.07
958.20
25078.06
1003.03
983.00
983.95
982.05
972.99
964.88
964.88
970.84
974.18
963.93
959.87
25054.93
1000.17
968.93
963.93
972.99
957.97
954.15
952.96
947.95
983.00
977.99
979.90
25018.93
1048.09
1017.09
1007.08
1008.99
1034.02
1029.97
1023.05
1026.87
1013.99
1018.05
1003.03
25094.99
1005.17
988.96
985.86
991.82
980.85
973.94
971.08
982.05
983.00
978.95
974.18
25063.99
1009.94
988.96
980.14
988.96
984.91
993.01
993.97
984.19
998.02
996.11
1001.12
993.97
993.01
983.95
984.19
17024.99
1031.88
1008.99
1005.89
1009.94
1007.08
1008.99
1015.90
1016.14
1013.04
1013.04
1007.80
1012.09
967.98
965.12
962.97
17045.97
978.95
965.12
957.97
960.83
1060.01
1081.94
1069.07
1075.98
1068.12
1063.11
1070.98
1071.21
1065.02
1065.97
17095.80
1019.95
972.99
968.93
968.93
959.16
953.91
962.97
957.97
999.93
993.97
991.82
994.92
983.00
988.01
977.04
979.90
17059.09
984.19
973.94
973.94
980.85
980.85
971.08
971.08
973.94
965.83
969.89
964.16
977.04
1023.05
1018.05
1024.01
17111.06
1019.95
1003.03
998.02
960.11
955.10
950.10
946.04
957.97
948.91
947.00
953.91
958.20
950.10
956.06
952.96
16994.00
1049.04
993.97
993.97
1005.17
1000.88
993.97
988.01
1000.88
944.85
953.91
958.20
966.07
960.11
956.06
956.06
962.02
953.91
954.15
958.92
963.93
1001.12
1008.03
1019.00
17053.84
1021.86
968.93
962.02
963.93
954.15
973.94
974.89
968.93
977.04
960.83
968.93
969.17
965.12
953.91
962.02
957.97
37075.04
1036.88
1029.97
1010.89
1021.86
1011.85
1011.85
1013.04
1019.00
1017.09
1016.14
1009.94
29150.96
1038.07
1034.98
1028.78
979.90
988.96
986.10
17013.07
1119.14
1069.07
1070.02
1070.02
1066.21
1066.92
1062.15
25176.05
1070.98
1067.88
1074.79
1064.06
1065.02
1065.97
25089.03
1014.95
988.96
972.03
972.03
967.98
972.03
969.17
972.03
967.98
973.94
963.93
24997.95
1024.01
977.99
963.93
968.22
979.90
980.85
980.85
978.95
987.05
973.94
973.94
970.13
1019.95
1039.03
1038.07
17088.89
1023.05
966.07
957.01
962.02
960.83
972.99
962.97
963.93
967.98
957.01
960.11
961.07
994.92
977.04
977.99
977.99
17081.02
1017.09
1005.17
988.01
983.95
964.88
967.98
964.16
973.94
967.98
964.88
963.93
967.98
1019.00
1020.91
1037.84
17133.95
1017.09
998.97
1003.03
999.93
962.97
964.16
959.87
967.03
960.11
961.07
957.97
959.87
1051.19
1062.87
1065.97
21122.93
1029.97
1006.13
1003.98
1014.95
1006.13
999.93
1003.03
985.86
962.97
961.07
959.16
25063.99
977.99
967.98
960.83
948.91
947.95
951.05
954.15
945.09
972.99
969.89
969.17
25015.12
1008.99
964.88
953.91
951.77
967.03
962.97
956.06
961.07
957.97
952.01
958.20
959.87
25040.86
977.99
969.17
961.07
970.13
969.89
959.87
960.83
967.98
957.01
955.82
957.01
25079.01
1026.87
1015.19
1009.94
1015.19
1024.01
996.11
993.97
1000.88
995.87
998.02
998.02
25086.16
993.97
984.91
973.94
987.05
972.03
971.08
968.93
1003.03
985.86
979.90
975.13
17098.19
1015.90
1014.95
1005.17
941.04
972.03
976.09
967.98
973.94
968.22
962.97
962.02
967.98
961.07
964.16
952.01
17014.98
1054.05
1024.01
1036.88
1026.15
1034.02
1023.05
1029.01
1024.01
962.02
963.21
960.11
967.98
962.97
959.87
960.83
17017.84
1071.93
1042.13
1025.92
1029.97
1021.15
1019.95
1013.04
1022.10
1018.05
1013.04
1000.17
979.90
988.96
988.01
990.87
17062.90
997.07
983.00
972.99
1005.17
980.14
979.90
972.03
987.05
973.94
968.93
971.08
988.01
983.00
978.95
985.15
17073.15
987.05
971.08
957.97
964.88
959.87
956.77
949.86
947.95
1034.02
1042.84
1040.94
1053.09
1043.08
1044.03
1051.90
17126.80
999.93
990.15
985.15
986.10
983.00
977.04
974.18
993.97
979.90
969.17
967.98
25073.05
988.01
977.04
972.03
978.95
966.07
967.03
967.98
976.09
959.16
961.07
952.96
25008.92
1016.86
981.81
975.85
988.96
974.18
979.90
975.85
960.83
1003.98
1005.17
996.11
25042.06
1047.13
1002.07
998.02
972.03
1000.88
994.21
1002.07
1004.93
1003.98
998.97
998.02
21043.06
1013.99
968.93
960.11
952.96
994.92
1001.12
982.05
1000.17
986.10
998.97
992.06
25033.00
1006.84
962.02
957.01
952.01
1006.13
1002.07
998.02
1008.99
996.11
998.02
1001.12
29040.10
1050.95
1010.89
1001.12
996.11
962.97
962.02
961.07
971.79
965.83
956.06
957.97
957.97
948.91
952.96
956.06
950.81
17082.93
988.01
977.99
986.10
974.18
987.05
987.05
983.00
988.01
983.00
979.19
974.89
974.89
950.81
959.87
957.97
17083.88
984.91
973.94
969.17
957.97
1004.22
1005.89
999.93
1007.80
1011.85
994.92
1005.89
988.01
947.95
960.11
955.10
17050.98
1026.87
1011.85
1011.85
1022.82
1001.83
1007.08
1005.89
988.01
997.07
993.01
993.01
1006.84
1000.88
995.16
997.07
21126.03
1014.95
1016.14
995.87
972.03
983.00
979.90
987.05
993.01
993.01
996.83
988.01
25102.14
1012.09
989.91
974.89
1003.03
1001.83
1002.07
1012.09
1029.01
1017.09
1019.00
1008.03
17047.17
967.03
957.01
956.06
964.88
959.87
952.96
956.06
25054.93
974.89
959.87
954.87
968.22
952.96
952.01
952.96
25026.08
1035.21
1008.03
998.97
1012.09
1000.88
999.21
1002.07
25097.85
1014.95
1004.22
984.91
995.87
1000.88
987.05
987.05
33113.00
1013.04
1008.03
1005.89
1010.18
992.06
998.02
989.91
988.01
983.95
972.03
977.04
25069.95
974.89
961.07
962.97
968.93
952.96
955.10
956.06
955.10
962.97
971.79
969.89
981.81
983.00
985.15
984.91
17014.03
1018.05
980.14
983.95
986.81
979.90
984.91
977.04
966.79
968.93
967.03
961.78
967.98
962.97
966.07
964.16
16985.89
1070.98
1034.02
1029.97
1029.97
1027.82
1028.06
1024.01
1011.13
983.95
970.84
969.89
974.18
973.94
962.97
960.11
16997.10
1046.18
994.92
994.92
994.21
988.96
983.00
989.91
976.80
947.95
950.10
951.05
953.20
957.01
955.10
958.92
956.06
17117.98
1029.01
1013.99
1013.04
1018.05
1024.96
1006.84
1034.98
1024.96
1021.86
1028.06
25060.89
1086.00
1036.17
1029.01
1029.97
1029.97
1028.06
1030.92
1037.12
1019.95
1030.92
1032.11
25100.95
1000.88
980.85
977.04
982.05
977.99
977.04
973.94
978.95
975.85
972.99
972.99
977.04
977.04
962.97
962.97
17010.93
1062.87
1029.01
1024.96
1024.01
1020.91
1020.91
1021.15
1002.07
1002.07
1012.09
1000.17
1005.89
1001.12
998.97
998.02
17109.16
1014.95
1007.08
1007.08
1005.17
1008.99
1010.18
1003.98
972.03
949.86
957.01
956.06
967.98
954.87
957.01
954.87
17035.01
1039.98
1025.20
1019.95
1022.82
1019.95
1021.15
1021.15
988.96
955.10
955.10
959.16
960.11
952.01
950.10
946.04
12992.86
1019.00
977.99
970.84
976.80
972.99
973.94
972.03
981.09
983.95
974.89
986.10
25015.12
1064.06
1014.95
1007.08
1003.03
1014.23
1008.99
1007.08
984.19
957.97
961.07
955.10
21009.21
1069.07
1031.16
1023.05
1002.07
967.98
962.02
952.01
958.92
952.01
953.91
959.87
965.12
966.07
976.09
977.99
977.99
17081.98
1018.05
1003.98
1010.89
1007.80
998.97
1008.03
1004.93
963.93
969.89
972.99
988.96
979.90
977.99
996.83
989.91
17079.11
1010.89
1008.99
1006.84
1004.93
1005.17
1005.89
1007.08
1000.88
999.93
1000.17
997.07
975.13
991.11
983.95
17027.85
1026.87
980.85
977.99
970.13
972.99
983.00
976.09
972.03
978.95
965.83
967.03
964.88
969.89
963.93
957.01
959.87
17065.05
1009.94
996.11
995.16
1003.98
992.06
992.77
998.97
982.05
956.06
960.83
957.97
963.93
947.95
958.20
952.96
17009.97
1049.04
1019.95
1011.85
1014.95
1012.09
1004.22
1003.98
1012.09
988.01
994.92
996.11
978.95
957.97
960.11
955.10
37020.92
1037.84
1004.93
998.97
1003.03
957.01
965.83
962.02
25029.90
1040.94
1005.17
1004.93
998.97
966.07
967.98
965.83
25011.06
1039.03
1008.99
1014.95
1007.08
967.03
960.11
962.97
967.03
962.02
965.12
968.93
25014.16
1047.13
1018.05
997.07
999.93
963.93
963.93
966.07
966.07
963.21
967.98
976.09
965.12
1019.00
1038.07
937.94
16994.00
1076.22
1014.95
1008.03
1019.00
1017.81
1010.89
1009.94
998.97
967.98
972.03
974.18
989.91
983.00
977.99
993.01
13029.81
1066.92
1004.93
1007.08
998.02
959.87
962.02
971.08
967.98
974.18
982.05
980.14
975.85
1009.94
1016.14
1013.04
17047.17
1055.96
1005.89
998.02
985.86
968.93
979.19
993.01
993.97
995.87
994.21
988.96
1001.83
1034.02
1020.91
1010.18
17045.02
1044.99
998.97
990.15
1007.08
970.13
981.09
984.91
993.97
992.06
985.15
983.00
25039.91
1084.80
1055.00
1057.15
1048.09
1002.07
1003.03
993.97
1008.99
993.01
979.90
975.13
25056.12
985.15
957.97
956.06
954.87
957.97
962.02
965.12
974.18
972.03
963.93
974.89
965.12
948.19
957.01
956.06
950.10
17084.12
1012.09
1003.03
1016.14
1009.94
1009.94
1004.22
1008.99
1013.99
1001.83
1008.99
1013.99
960.83
968.93
967.98
16996.86
1055.96
1024.01
1008.03
1008.99
1003.98
1003.03
991.11
974.18
983.00
973.94
974.89
971.79
974.89
