1277.21
1242.88
1251.94
1260.04
1254.08
17348.05
1340.87
1285.79
1297.95
1278.16
1273.87
1272.92
25390.86
1293.90
1291.04
1299.86
1269.82
1278.88
1294.85
1280.07
1278.88
21375.18
1266.96
1250.03
1256.94
1269.82
1276.97
1275.06
1281.02
1269.82
25331.97
1304.15
1279.12
1266.00
1262.90
1268.15
1274.11
1235.96
1218.08
1215.22
25369.88
1256.94
1246.21
1245.02
1230.00
1226.90
1244.07
1225.23
1226.90
29303.07
1276.02
1245.02
1249.07
1244.07
1249.07
1255.99
1260.04
1253.84
1265.05
25392.06
1263.14
1258.13
1216.89
1242.88
1248.84
1296.04
1250.98
1240.97
25319.81
1250.03
1229.05
1223.09
1328.95
1276.02
1302.96
1271.01
1266.96
1276.97
1286.03
1274.11
1266.00
25403.02
1297.95
1284.84
1276.02
1276.97
1272.20
1279.12
1270.06
1271.96
25382.04
1284.12
1291.04
1281.98
1271.01
1273.87
1299.86
1273.16
1274.11
25346.04
1273.16
1236.92
1224.99
1275.06
1261.95
17284.87
1351.12
1286.03
1274.82
1266.00
1281.98
21842.00
1314.16
1282.93
1286.98
1282.93
1281.98
1281.98
1291.99
1292.94
1271.96
25397.06
1295.09
1271.01
1337.05
1290.08
1290.08
1318.93
1384.02
1245.98
1287.94
1286.03
1280.07
25362.01
1255.04
1229.05
1245.02
1275.06
1266.96
1276.97
1266.96
1266.96
25341.99
1255.99
1225.95
1219.03
1263.86
1265.05
1276.02
1278.16
1273.87
1268.86
18170.83
1271.96
17325.16
1327.99
1271.01
1295.80
1268.86
1271.01
17340.18
1302.00
1272.20
1285.08
1259.09
1260.04
1255.99
1269.82
1271.96
1270.06
25362.01
1251.94
1239.06
1255.99
1260.04
1240.97
1269.10
1264.10
1266.00
21339.89
1258.13
1237.15
1230.96
1224.99
1224.04
1225.95
1237.87
1255.04
1317.02
25609.02
1262.90
1242.16
1260.04
1266.96
1266.00
1275.06
1267.91
1268.86
25401.12
1294.14
1267.91
1260.04
1285.08
1279.12
1276.02
1273.16
1264.10
25322.91
1267.91
1254.80
1250.03
1245.98
1239.06
1245.98
1349.93
1284.84
1281.02
1250.98
1248.12
1243.11
1246.93
1245.98
1249.07
25361.06
1292.94
1273.16
1252.89
1234.05
1228.09
1242.88
1245.02
1235.96
25266.89
1338.96
1258.13
1250.98
1256.94
1245.02
1236.92
1243.11
1245.98
1242.88
25329.11
1261.00
1251.94
1228.09
1240.97
1240.02
1261.95
1277.21
1358.99
25325.06
1270.06
1232.15
1216.89
1259.09
1327.99
1280.07
9374.14
1268.15
1259.09
1265.05
1266.96
1273.87
13404.85
1281.98
1274.11
1283.17
1276.02
1271.96
17325.88
1313.92
1284.84
1281.98
1272.92
1284.84
25338.89
1284.84
1253.84
1246.93
1261.95
1276.02
1286.98
1270.06
1275.06
1264.10
25341.03
1249.07
1240.02
1245.98
1260.04
1250.98
1263.86
1250.98
1250.98
21336.08
1255.99
1239.06
1241.92
1240.02
1246.93
17294.88
1331.09
1278.88
1271.01
1265.05
1281.02
1258.13
15069.96
1276.97
1290.08
1254.08
1245.02
17402.89
1285.79
1276.02
1276.97
1269.10
1279.12
17382.14
1275.06
1279.12
1283.88
1261.00
1256.94
13362.88
1252.89
1237.15
1254.08
1240.02
1230.00
21312.95
1299.14
1244.07
1251.94
1271.96
11578.08
1253.13
1240.02
1250.98
1245.98
1254.08
21336.08
1323.94
1250.03
1751.90
1258.85
1240.02
1251.94
1271.01
1276.02
25335.07
1275.78
1237.87
1240.02
1245.98
1236.92
1230.00
1281.02
1286.98
1280.78
25324.82
1245.02
1238.11
1281.98
1257.18
1272.92
1271.96
1284.12
1279.12
16926.05
1312.97
1362.09
1292.23
1285.08
1281.02
25343.18
1276.02
1248.12
1247.17
1288.89
1280.07
1287.94
1297.00
1274.11
1275.06
19532.92
1282.93
1266.00
1261.00
1264.10
1252.89
1273.87
25321.96
1310.11
1284.12
1276.97
1277.21
1284.84
1283.88
1252.89
1245.98
1255.04
29381.04
1290.80
1276.02
1261.00
1291.99
1276.02
1291.04
1277.92
1271.01
15628.10
1301.05
1230.96
1240.02
1239.06
1239.06
1222.13
1233.10
25370.12
1285.08
1267.91
1255.04
1220.94
1214.98
1224.99
1217.13
1237.15
25268.08
1254.08
1222.13
1253.13
1234.05
1218.08
1219.99
1235.96
1212.84
1216.89
29297.11
1284.12
1261.95
1257.90
1255.99
1249.07
1237.87
1266.00
1271.01
25309.09
1358.99
1318.93
1293.18
1314.88
1293.90
1289.84
1274.82
1273.87
1267.91
25401.12
1295.09
1275.06
1286.98
1281.98
1273.87
1253.84
1246.93
1254.08
29329.06
1310.11
1290.08
1274.11
1269.10
1266.96
1268.86
1226.90
1261.23
25292.87
1323.94
1256.23
1276.97
1260.04
1277.21
1271.01
1232.86
1208.07
1219.03
25326.97
1290.08
1300.10
1281.02
1279.12
1327.99
1271.01
1236.92
1241.92
1239.06
1231.91
1234.05
21262.17
1317.02
1238.82
1226.90
1253.84
1228.81
1224.99
1236.92
1227.86
1227.86
25306.94
1327.99
1297.95
1281.98
1230.96
1213.07
1209.97
1206.87
1204.97
1203.06
25359.15
1251.94
1235.01
1213.07
1233.10
1238.11
1260.04
1261.95
1252.89
25341.03
1310.83
1277.92
1261.00
1279.83
1266.96
1271.96
1273.87
1284.84
1292.94
29381.04
1295.80
1287.94
1303.20
1288.89
1289.84
1299.86
1292.94
1291.04
25405.88
1298.90
1299.14
1316.07
1287.94
1286.98
1298.90
1291.99
1292.94
25404.93
1308.92
1299.14
1302.00
1295.09
1291.04
1302.00
1291.04
1293.90
25354.86
1324.89
1298.90
1297.00
1291.99
1289.13
1295.09
1292.94
1285.79
25357.96
1327.04
1297.95
1301.05
1295.09
1293.90
1291.99
1291.04
1289.13
25346.99
1327.99
1287.94
1285.08
1302.00
1297.95
1295.80
1298.90
1306.06
1295.09
25376.08
1259.80
1266.96
1302.00
1300.81
1290.08
1298.90
1296.04
1291.04
25386.81
1263.86
1255.99
1281.98
1292.94
1302.00
1297.00
1297.00
1288.18
25350.09
1296.04
1273.16
1279.12
1293.90
1298.90
1321.08
1304.15
1295.09
25350.09
1311.06
1268.15
1271.01
1338.96
1332.04
1342.06
1332.04
1333.00
25388.96
1291.04
1246.21
1255.99
1317.98
1306.77
1313.92
1311.78
1307.96
1308.20
25352.00
1250.98
1250.98
1322.98
1330.85
1330.85
1343.97
1329.90
1331.09
25370.84
1248.84
1240.97
1299.14
1311.06
1308.92
1316.07
1311.06
1310.11
25399.92
1222.85
1222.13
1221.18
1283.88
1271.96
25341.99
1275.06
1249.07
1243.11
1254.08
1251.94
1266.00
1286.98
1282.22
1293.90
25378.94
1279.12
1290.08
1281.98
1277.92
1271.96
1309.87
1299.86
1297.95
25403.98
1302.96
1273.16
1298.90
1284.84
1292.94
1300.10
1310.11
1310.11
25406.12
1298.19
1297.95
1307.01
1297.95
1293.90
1293.90
1300.10
1304.15
25358.92
1297.95
1281.02
1297.95
1294.14
1294.14
1286.98
1254.08
1269.10
17328.98
1305.82
1255.99
1256.94
1233.10
1221.18
1219.99
21367.07
1265.05
1251.94
1255.99
1243.83
1235.01
1236.92
1273.87
1278.16
17346.14
1312.02
1286.98
1270.06
1214.03
1224.04
17300.13
1307.01
1246.93
1240.97
1298.90
1281.02
1286.98
17363.07
1258.13
1249.07
1276.97
1266.96
1284.12
1276.02
1272.92
1272.20
25346.99
1310.11
1291.99
1280.07
1280.07
1278.16
1283.88
1272.92
1289.13
29339.08
1316.79
1276.97
1281.02
1289.84
1293.90
17337.08
1307.96
1268.15
1251.94
1255.99
1246.93
1244.07
1251.22
1238.11
1236.92
25327.21
1250.98
1224.04
1227.86
1217.84
1208.07
1211.88
1212.12
1204.01
1206.16
25330.07
1233.10
1239.06
1243.11
1238.11
1238.11
1255.04
1264.10
1255.04
21361.83
1292.94
1260.04
1237.87
1281.98
1286.03
1297.00
24941.92
1329.18
1317.02
1326.08
1317.02
1315.83
1292.94
1270.06
1258.85
25399.92
1346.11
1332.04
1343.01
1330.85
1328.95
1286.98
1277.92
1276.97
25394.92
1298.19
1283.88
1269.82
1278.88
1286.98
1291.99
1286.03
1286.03
25357.01
1327.99
1290.08
1279.12
1301.05
1293.90
1301.05
1281.98
1281.98
25348.90
1327.99
1285.08
1271.96
1283.88
1302.00
1292.94
1291.99
1287.94
1285.08
25403.98
1281.02
1267.91
1288.89
1284.12
1281.98
1287.94
1276.02
1272.92
25385.86
1264.81
1250.03
1241.92
1269.82
1275.06
1291.04
1275.06
1276.02
25353.19
1274.11
1240.02
1241.92
1275.06
1270.06
1276.97
1262.90
1261.95
1266.96
25367.02
1259.09
1254.08
1250.03
1254.08
1248.12
1257.18
1255.99
1249.07
25331.02
1274.82
1243.83
1235.01
1240.02
1248.12
1245.98
1240.97
1240.97
1242.88
25394.92
1288.18
1281.98
1292.23
1247.88
1247.88
1258.13
1249.07
1250.98
25323.87
1322.03
1301.05
1278.16
1248.12
1245.98
1253.13
1244.07
1240.02
25274.99
1365.90
1302.00
1311.06
1269.10
1260.04
1261.00
1267.91
1258.13
1254.08
25398.97
1313.92
1293.90
1299.14
1290.08
1289.13
1266.96
1248.84
1254.08
25327.92
1317.02
1271.01
1289.13
1276.02
1288.18
1276.02
1270.06
1270.06
25321.01
1342.06
1296.04
1300.10
1294.14
1288.89
1281.98
1276.02
1283.88
1275.06
25401.12
1302.96
1297.95
1317.02
1284.84
1287.94
1270.06
1257.90
1273.16
25391.10
1312.02
1284.12
1302.00
1283.88
1286.03
1274.82
1235.01
1230.96
25310.99
1295.09
1266.00
1255.99
1215.93
1217.84
1232.86
1227.86
1232.86
1229.76
25373.94
1281.98
1271.01
1280.07
1271.01
1276.97
1294.14
1279.12
1284.12
25341.99
1312.97
1274.82
1291.99
1286.03
1288.18
1294.85
1298.90
1286.98
25379.90
1312.97
1297.00
1286.98
1252.89
1265.05
1283.88
1276.97
1283.88
1266.00
25357.01
1261.95
1248.84
1258.85
1308.92
1301.05
1314.88
1300.10
1304.15
25388.96
1239.78
1220.94
1245.02
1317.98
1314.16
1322.98
1312.02
1317.02
25367.02
1237.87
1214.98
1214.98
1302.00
1297.00
1311.06
1291.99
1303.91
25357.96
1292.94
1246.93
1262.19
1307.01
1301.05
1298.90
1307.96
1307.01
1304.86
25397.78
1286.03
1286.98
1315.83
1316.07
1306.06
1313.92
1307.96
1339.91
25429.96
1316.07
1297.95
12821.91
1307.01
1285.08
1288.18
1280.07
1293.90
1291.99
1296.04
1293.18
25367.98
1335.86
1303.91
1314.16
1312.97
1299.14
1299.14
1297.00
1292.94
25352.00
1353.03
1310.11
1314.88
1313.92
1307.01
1305.10
1295.09
1291.99
1284.12
29381.99
1268.15
1255.99
1256.94
1252.17
1245.98
1246.21
1224.04
1229.05
25329.11
1310.11
1272.20
1293.90
1255.99
1256.94
1249.79
1299.86
1289.84
17380.00
1347.06
1313.92
1301.05
1268.15
1266.00
1284.12
1281.02
1271.01
1272.92
25402.07
1286.98
1261.95
1306.06
1279.12
1277.92
1281.02
1273.87
1271.01
25407.08
1317.02
1306.06
1336.10
1346.11
1344.92
1349.93
1341.10
1339.91
25433.06
1292.94
1279.83
1322.03
1327.04
1329.90
1353.03
1328.95
1338.01
25403.98
1262.90
1250.03
1268.15
1325.13
1333.00
1324.18
1327.99
1324.89
25422.10
1257.18
1241.92
1253.84
1302.00
1303.91
1308.92
1305.82
1298.90
25357.01
1281.98
1243.11
1245.02
1293.90
1302.00
1302.96
1295.09
1285.08
25346.04
1297.00
1270.06
1276.02
1269.82
1260.04
1262.90
1276.02
1266.00
1272.20
21432.88
1320.84
1297.00
1290.08
1260.04
1259.09
1278.16
1261.00
1267.91
25361.06
1311.06
1286.98
1271.96
1264.10
1259.09
1271.96
1264.81
1268.86
25343.89
1322.98
1283.17
1276.02
1288.18
1281.02
1291.04
1289.13
1280.07
1288.89
25403.02
1271.01
1251.94
1327.04
1311.06
1325.13
1338.01
1317.98
1336.81
25392.06
1281.98
1271.01
1328.95
1352.07
1339.91
1353.98
1343.97
1336.81
25424.00
1315.12
1311.06
1312.02
1320.84
1324.89
1327.99
1304.86
1305.82
25429.01
1326.08
1311.06
1269.10
1266.00
1266.00
1277.92
1267.91
1263.14
25392.06
1319.17
1302.00
1316.79
1275.06
1276.97
1291.04
1286.03
1285.08
25355.10
1358.03
1299.14
1303.91
1309.87
1300.81
1323.94
1316.07
1328.95
25398.02
1317.02
1275.06
1277.92
1342.06
1337.05
1362.80
1347.06
1344.92
25395.87
1320.84
1308.92
1289.84
1313.92
1322.98
17400.98
1341.10
1310.11
1300.10
1287.94
1287.94
1312.02
1288.89
1301.05
25362.01
1343.97
1323.22
1309.87
1291.04
1290.08
1297.95
1289.84
1286.98
25342.94
1346.83
1302.96
1300.10
1322.98
1333.00
1336.10
1336.10
1347.06
25398.02
1320.12
1278.16
1276.02
1301.05
1300.10
1314.16
1303.91
1305.82
1303.91
36870.96
1286.98
1266.96
1250.98
1266.00
1270.06
1280.07
1274.11
1279.12
25357.01
1317.02
1271.01
1271.96
1274.11
1283.17
1294.14
1290.08
1286.98
1282.93
25383.95
1277.92
1270.06
1302.96
1300.10
1291.04
1307.96
1306.06
1295.09
25430.92
1302.00
1296.04
1291.99
1296.04
1300.10
1326.08
1293.90
1317.98
25441.17
1342.06
1326.08
1286.03
1264.10
1259.09
1271.01
1253.84
1250.98
25320.05
1342.06
1311.06
1311.78
1275.06
1271.01
1281.98
1275.06
1276.02
25347.95
1376.15
1338.01
1325.85
1304.86
1299.86
1310.83
1309.87
1302.00
25362.01
1378.06
1325.13
1315.12
1301.05
1309.16
1299.86
1297.00
1294.14
25346.04
1337.05
1314.16
1302.00
1291.99
1280.07
1277.92
1284.84
1269.82
1271.01
25372.03
1274.82
1253.84
1261.00
1255.99
1250.03
1266.96
1246.21
1255.04
25310.04
1281.02
1261.00
1262.19
1257.90
1256.94
1272.20
1262.90
1265.05
1261.95
25368.93
1280.07
1278.16
1292.94
1276.02
1296.04
25399.92
1273.16
1275.06
1276.02
1272.92
1275.06
1291.99
1271.96
1288.18
25383.00
1327.99
1310.11
1319.89
1297.95
1299.14
1307.96
1298.90
1312.02
17377.85
1319.89
1305.82
1423.84
1317.98
1321.08
17414.09
1325.13
1295.09
1305.10
1292.94
1286.98
25357.96
1338.01
1307.01
1302.00
1303.91
1302.96
1306.06
1299.14
1297.00
25362.01
1317.98
1276.02
1261.95
1305.10
1303.91
1307.01
1312.02
1304.15
21378.99
1297.95
1255.99
1255.04
1253.84
1253.84
1251.94
9411.81
1309.87
1291.99
1301.05
1320.12
1327.04
1316.07
1323.94
1308.20
25433.06
1266.00
1277.92
1247.17
1281.02
1296.04
1289.13
1290.08
1290.08
25395.15
1260.04
1245.02
1249.07
1305.10
1290.08
1300.10
1294.14
1297.00
29368.16
1312.02
1301.05
1312.02
1315.12
1298.19
1333.95
1295.80
1293.90
25356.77
1316.07
1299.14
1308.92
1294.85
1286.03
1299.86
1291.99
1276.02
25297.16
1365.90
1286.98
1283.88
1294.85
1276.97
1286.98
1286.98
1276.97
1269.10
25386.10
1282.22
1270.06
1276.97
1261.00
1261.95
1261.00
1256.94
1261.00
25331.02
1296.04
1267.19
1269.10
1263.86
1266.00
1268.15
1261.00
1265.05
1266.00
25362.01
1279.12
1266.00
1271.01
1270.06
1266.96
1286.98
1277.92
1282.93
25397.78
1302.00
1285.08
1295.09
1291.04
1291.99
1303.91
1307.96
1294.14
29372.93
1370.91
1336.81
1363.04
1353.03
1341.10
1325.85
1260.04
1261.95
25338.89
1366.85
1346.83
1348.97
1344.92
1345.87
1327.99
1268.86
1269.82
25360.82
1361.85
1360.89
1339.91
1349.21
1322.03
1327.04
1295.09
1294.14
25372.98
1369.00
1330.14
1333.00
1327.04
1309.16
1285.08
1306.06
1292.94
25375.13
1322.03
1288.18
1287.94
1276.02
1263.14
1257.90
1309.87
1298.90
17370.22
1272.92
1245.02
1245.98
1317.02
1323.94
17377.85
1308.92
1258.13
1254.08
1276.02
1271.96
1281.98
1286.03
1277.92
1279.12
25418.04
1291.99
1284.12
1252.89
1272.92
1280.07
1290.08
1277.21
1276.97
25340.08
1318.93
1297.00
1282.93
1276.02
1277.92
1275.06
1278.16
1276.97
25346.99
1338.01
1312.02
1297.95
1265.05
1276.97
1291.99
1284.12
1282.93
1280.07
25407.08
1327.04
1312.02
1266.00
1283.88
1282.93
1287.94
1279.83
1280.07
25424.96
1319.89
1282.93
1271.01
1274.82
1284.84
1286.98
1274.11
1271.01
25357.01
1292.94
1276.97
1271.01
1283.17
1279.12
1276.97
1272.20
1276.97
25343.18
1315.12
1285.08
1286.03
1276.02
1275.78
1291.99
1279.12
1275.06
1274.11
29406.07
1286.03
1276.97
1286.98
1277.92
1276.02
1261.95
1264.10
1265.05
25390.15
1311.06
1305.10
1302.96
1294.85
1292.94
1293.18
1272.92
1272.92
25354.86
1327.99
1305.10
1302.96
1306.06
1299.86
1293.18
1301.05
1290.08
25376.08
1335.14
1303.91
1306.06
1302.00
1302.00
1306.77
1257.90
1271.96
25329.11
1347.06
1317.02
1309.87
1302.00
1304.86
1302.96
1231.91
1251.94
1245.98
25418.04
1317.98
1304.86
1307.96
1298.90
1291.99
1297.00
1272.92
1279.12
25391.10
1322.03
1311.06
1307.01
1276.97
1273.16
1308.92
1282.93
1298.19
25409.94
1303.91
1296.04
1287.94
1279.12
1285.08
1289.13
1291.99
1292.94
25368.93
1341.10
1317.02
1308.92
1300.10
1296.04
1297.00
1240.02
1230.96
25302.89
1341.82
1326.08
1322.98
1302.00
1314.88
1298.90
1243.11
1239.06
1241.21
25415.90
1307.96
1297.95
1303.91
1290.80
1294.85
1282.93
1248.12
1238.11
25363.92
1336.10
1307.01
1312.97
1296.04
1297.00
1296.04
1251.94
1240.97
25318.86
1333.95
1300.10
1319.17
1301.05
1295.09
1305.10
1279.12
1276.97
25339.13
1347.06
1313.21
1312.97
1304.15
1317.98
1312.02
1300.10
1305.10
22145.99
1317.02
1286.03
1282.93
1285.08
1272.92
1291.99
1296.04
1288.18
25369.88
1322.03
1302.96
1309.87
1302.00
1303.91
1329.18
1298.90
1294.85
25358.92
1328.95
1299.14
1304.86
1293.90
1293.18
1302.00
1296.04
1297.95
25357.96
1355.89
1293.90
1317.02
1311.06
1305.82
1319.89
1297.00
1312.97
25369.17
1327.04
1290.80
1299.86
1289.84
1272.92
1287.94
1270.06
1281.98
1273.87
25390.86
1276.02
1262.90
1266.00
1249.07
1253.13
25399.92
1300.10
1286.03
1271.96
1240.97
1241.92
1252.89
1243.83
1247.88
25332.93
1315.83
1264.81
1254.08
1261.00
1271.96
1286.98
1280.07
1276.02
1277.92
25403.02
1290.08
1271.01
1297.00
1286.98
1292.94
1301.05
1287.94
1288.89
25399.92
1283.17
1270.06
1263.86
1304.86
1301.05
1297.95
1297.00
1300.10
25398.97
1276.02
1255.04
1252.89
1313.92
1307.96
1307.96
1302.00
1299.86
25379.90
1323.22
1298.90
1282.93
1306.06
1306.06
1316.07
1311.06
1305.10
25380.13
1350.16
1320.84
1281.98
1302.00
1303.91
1304.15
1302.00
1291.04
25368.21
1349.93
1312.02
1317.02
1322.03
1322.03
1302.96
1291.04
1294.14
17338.04
1345.16
1258.13
1250.98
1283.17
1275.06
1282.93
1296.04
1283.88
1281.98
25400.16
1275.06
1260.04
1276.02
1283.17
1294.14
1300.10
1302.00
1290.08
25378.94
1306.06
1271.96
1274.82
1301.05
1294.85
1311.06
1301.05
1320.12
25394.92
1322.98
1291.04
1293.18
1324.89
1322.98
1330.14
1332.04
1339.20
25415.90
1329.90
1302.96
9370.09
1323.94
1282.93
1257.18
1262.90
1264.81
21332.03
1350.16
1317.02
1314.16
1302.96
1302.00
1321.08
1293.90
1294.85
25333.88
1354.93
1304.86
1307.01
1302.00
1297.00
1295.09
1274.11
1275.06
1293.18
25440.93
1327.04
1316.07
1307.01
1291.04
1281.98
1292.94
1278.16
1277.92
25437.83
1324.89
1330.85
1338.01
1338.96
1344.92
1347.78
1353.03
1346.83
25461.91
1366.85
1353.98
1331.09
1325.13
1336.10
1327.04
1318.93
25328.16
1403.81
1315.83
1307.96
1307.96
1295.09
1290.08
1302.00
1289.13
1275.06
25403.02
1286.98
1266.00
1274.11
1263.14
1265.05
1277.92
1266.96
1264.10
25336.03
1289.13
1276.97
1278.16
1275.06
1279.12
1295.09
1292.94
1282.93
25358.92
1335.86
1312.02
1317.02
1309.16
1307.01
1318.93
1315.83
1318.93
25389.91
1537.08
1342.77
1352.07
1338.96
1336.10
1328.23
1288.89
1289.84
25376.80
1363.99
1328.95
1332.04
1321.08
1316.07
1300.10
1296.04
1297.00
25392.06
1344.92
1297.95
1312.02
1299.86
1282.22
1281.98
1248.12
1250.03
29304.98
1369.00
1298.90
1301.05
1302.96
1315.12
1315.12
1307.01
1297.00
1294.14
25405.17
1282.93
1263.86
1300.81
1304.86
1302.00
1312.02
1283.17
1287.94
25439.98
1302.00
1290.80
1250.98
1261.00
1276.02
1281.98
1266.00
1260.04
25346.99
1324.89
1300.10
1299.14
1245.98
1251.22
1258.85
1245.98
1250.03
25320.77
1343.97
1308.92
1322.98
1277.92
1274.11
1291.99
1282.22
1286.03
1294.85
25418.04
1331.09
1332.04
1305.10
1303.91
1311.06
1307.01
1296.04
1300.10
25454.04
1362.09
1356.12
1300.10
1308.92
1312.02
1295.09
1280.07
1289.13
25465.01
1326.08
1305.82
1269.82
1250.98
1251.94
1261.95
1255.99
1258.85
13385.06
1311.06
1281.98
1297.00
1312.02
1321.08
21404.98
1299.86
1299.86
1306.06
1288.89
1288.18
1291.99
1288.18
1291.99
25365.11
1321.08
1295.09
1304.86
1293.18
1294.14
1297.95
1288.89
1288.18
33365.01
1305.10
1258.13
1261.95
1273.87
1288.89
1276.97
1285.08
1276.02
1280.07
25393.01
1262.90
1250.03
1280.78
1267.91
1272.92
1284.12
1271.96
1263.86
25338.17
1281.02
1249.07
1261.00
1261.95
1260.04
1273.16
1266.00
1270.06
25332.21
1317.02
1290.08
1283.17
1266.96
1263.86
1268.86
1279.12
1269.10
1276.97
25413.99
1307.96
1302.00
1313.92
1302.00
1310.11
1308.92
1313.92
1304.15
25417.09
1297.00
1282.93
1322.98
1324.89
1317.02
1343.01
1332.04
1335.14
25409.94
1259.09
1243.83
1266.00
1333.00
1343.97
1347.06
1358.99
1346.11
25447.13
1295.09
1281.02
1276.97
1325.13
1324.89
1349.93
1329.18
1333.00
25444.03
1314.88
1305.10
1297.00
1304.86
1292.94
1304.15
1288.89
1287.94
25370.12
1326.08
1304.15
1311.06
1260.04
1261.95
1274.82
1271.01
1260.04
25330.07
1337.05
1304.86
1297.95
1286.98
1293.90
1296.04
1297.00
1293.90
25360.82
1360.89
1304.86
1298.90
1316.07
1317.02
1334.91
1343.01
1339.91
25400.16
1343.97
1308.92
1299.14
1332.04
1332.04
1330.85
1333.00
1333.00
25402.07
1329.90
1276.97
1281.98
1321.08
1327.04
1328.95
1330.14
1312.02
25352.95
1455.07
1280.07
1266.96
1276.97
1286.98
1279.12
1293.90
1292.94
1272.92
25410.89
1284.84
1271.96
1249.07
1277.92
1280.07
1286.98
1272.92
1272.92
25383.00
1271.01
1248.12
1244.07
1274.11
1285.08
1284.12
1284.12
1281.98
25340.08
1284.84
1243.83
1241.92
1287.94
1291.04
1302.00
1302.00
1288.89
1291.99
25372.03
1250.98
1236.92
1250.98
1297.95
1294.85
1312.02
1297.00
1302.00
25413.04
1262.90
1248.84
1252.89
1299.14
1291.99
1299.86
1291.04
1295.09
25356.05
1281.02
1238.11
1263.14
1286.98
1297.00
1305.10
1297.95
1288.89
25349.14
1291.99
1245.98
1249.07
1301.05
1309.87
1307.01
1317.02
1298.90
1297.95
25392.06
1250.03
1242.16
1249.07
1297.95
1292.94
1307.96
1301.05
1297.95
25416.85
1297.00
1286.98
1281.98
1280.07
1281.98
1276.02
1276.02
1280.07
25335.07
1329.18
1300.10
1293.90
1278.88
1284.84
1263.86
1298.90
1301.05
25376.80
1348.97
1299.86
1294.14
1277.92
1275.06
1285.08
1286.98
1302.00
1293.90
1311.06
1282.93
1290.08
21405.94
1281.02
1266.00
1278.16
1262.90
1266.00
1281.02
1276.02
1277.92
21397.11
1319.17
1286.03
1286.98
1266.96
1264.10
1280.07
1274.11
1281.02
33373.12
1377.11
1336.10
5383.01
1260.04
1236.92
1241.92
1239.06
1238.82
21284.82
1378.06
1330.14
1338.96
1325.85
1314.88
1314.88
1237.15
1255.04
1255.99
25444.98
1322.98
1306.06
1302.00
1297.00
1288.89
1283.17
1298.90
1289.84
25395.87
1271.96
1266.00
1270.06
1263.86
1258.85
1247.88
1262.90
1258.13
25331.97
1307.96
1268.15
1269.10
1256.94
1266.00
1256.94
1248.12
1269.10
25297.16
1366.14
1287.94
1281.98
1291.99
1277.21
1262.90
1283.88
1302.00
1302.96
25418.04
1282.93
1264.10
1273.16
1265.05
1266.96
13368.84
1292.94
1268.15
1271.96
1263.86
1258.85
1266.00
1250.98
1250.03
25309.09
1286.03
1256.94
1261.00
1261.00
1259.09
1248.12
1263.86
1251.94
1258.85
25381.80
1287.94
1276.02
1283.88
1280.07
1286.98
1291.99
1288.89
1298.19
25372.03
1312.02
1300.10
1302.96
1296.04
1306.06
1321.08
1305.10
1311.06
25357.01
1332.04
1303.91
1302.96
1295.09
1296.04
1303.91
1299.14
1297.95
25359.87
1343.01
1304.86
1299.86
1293.90
1294.85
1298.90
1299.14
1295.09
25341.99
