1123.91
1054.05
1049.04
1049.04
1054.05
1047.85
1043.08
1038.07
1122.00
1136.06
1133.92
25159.84
1077.89
1065.97
1080.04
1249.07
1088.14
1080.99
1113.18
1116.04
1109.12
1103.16
1091.96
1093.86
1096.96
25177.00
1133.92
1119.14
1120.09
1091.00
1082.18
1086.00
1099.11
1063.11
1063.11
1048.09
25136.95
1138.93
1127.00
1140.12
1141.07
1136.06
1134.87
1155.14
1160.14
1147.99
29206.99
1135.83
1071.93
1065.97
1069.07
1053.09
1050.95
1063.11
1068.12
1041.17
1060.01
1037.12
25186.06
1113.18
1141.07
1106.02
1102.21
1096.96
1104.83
1094.82
1055.00
1048.09
25072.10
1183.03
1132.01
1128.91
1105.07
1026.15
1032.11
1035.93
1044.03
1035.93
1053.09
1056.19
29178.86
1104.12
1096.01
1116.99
1091.00
1092.91
1097.92
1103.88
1094.10
1096.01
25130.99
1152.99
1107.22
1101.97
1103.16
1107.93
1086.95
1086.00
1082.90
1086.00
1070.02
25101.18
1121.04
1077.18
1080.99
1086.00
1107.93
1071.93
1056.19
1055.00
1044.03
1039.98
1038.07
1044.03
1040.94
1041.89
25079.01
1109.84
1075.98
1074.08
1084.09
1083.14
1065.97
1072.88
1075.98
1064.06
1057.15
25090.93
1123.91
1083.85
1076.94
1077.18
1080.99
1073.84
1076.94
1082.90
1075.03
1077.18
29107.09
1138.93
1131.06
1115.08
1105.07
1127.00
1111.03
1094.82
1107.93
1094.10
1095.06
25134.80
1127.96
1092.91
10322.09
1116.99
1121.04
1107.93
1089.81
1086.95
1083.14
1059.06
1022.10
1029.97
1044.99
25161.98
1080.99
1075.03
1086.95
1134.87
1104.83
1090.76
1101.97
1098.16
1111.98
1116.99
1132.97
1139.88
1141.07
21188.02
1103.88
1061.92
1050.00
1061.20
1054.05
1044.03
1059.06
1052.14
1055.00
1053.81
41100.98
1126.05
1086.00
1086.95
1077.89
1056.19
1051.90
1044.99
1050.00
1039.98
1029.01
1029.01
17222.88
1173.97
1146.08
1142.02
1144.89
1138.21
1149.89
1019.00
1030.92
1035.93
25077.10
1129.15
1083.14
9979.96
1123.91
1073.84
1076.94
1083.14
1096.96
1089.81
1086.00
1108.17
1116.99
1116.04
25168.90
1099.82
1068.83
1080.99
1096.01
1134.87
1065.97
1070.02
1053.81
1051.90
1054.05
1062.87
1045.94
1044.99
1044.03
25156.02
1070.02
1052.86
1046.90
1064.78
1045.94
1038.07
1052.14
1048.09
1050.95
1037.84
25078.06
1085.04
1042.13
1040.94
1040.94
1052.14
1043.08
1044.03
1061.20
1043.08
1038.07
1045.94
29176.95
1085.04
1075.98
1080.04
1075.98
1590.01
1086.95
1096.01
1112.94
1096.01
25202.04
1122.00
1106.02
9779.93
1121.04
1101.97
1094.10
1070.02
1091.00
1094.82
1098.87
1108.88
1122.00
1120.09
25196.08
1105.07
1089.10
1115.08
1151.08
11729.00
1093.86
1081.94
1086.00
1086.95
1081.94
1080.04
1080.99
1084.09
1080.99
1077.89
25169.85
1093.86
1078.13
9616.14
1062.15
1044.99
1060.96
1055.00
1062.15
1065.97
1065.97
1052.14
1051.90
1049.04
25137.90
1088.86
1091.00
1076.94
1228.81
1080.04
1047.13
1093.86
1104.83
1106.02
1101.02
1106.02
1099.82
1093.86
25125.98
1131.06
1074.08
1081.94
1056.91
1105.07
1108.88
1106.98
1111.98
1098.87
1103.88
37150.86
1188.99
1162.05
1142.98
1153.95
1146.08
1144.17
1156.09
1144.89
1164.91
1230.96
29161.93
1078.84
1059.06
1072.17
1060.96
1056.19
1065.97
1077.89
1051.19
1061.92
1071.93
16959.19
1072.88
1060.96
1073.12
1086.00
1068.83
1077.89
13125.90
1112.94
1065.97
1057.86
1051.90
1059.06
1069.78
1061.92
1062.15
1060.01
1071.21
18940.93
1116.99
21095.99
1124.86
1094.82
1092.91
1106.02
1090.05
1101.02
1094.10
1120.09
1129.15
1128.91
17096.04
1103.16
1070.98
1053.09
1064.06
1047.85
1058.10
1057.15
25140.05
1070.02
1061.20
1055.00
1052.86
1048.09
1052.14
1053.09
1055.00
1049.04
1051.90
17142.06
1086.00
1075.98
1075.98
1066.92
1051.90
1050.00
1054.05
1093.86
1091.96
1101.02
25165.80
1116.04
1076.94
1087.90
13159.99
1070.98
1060.01
1058.82
1055.96
1074.08
1078.13
1088.14
1084.09
1085.04
1096.01
25208.00
1131.06
1096.01
1078.13
1091.00
1101.97
1111.98
1129.87
1128.91
1140.12
25172.00
1138.93
1106.98
1092.91
1144.89
1146.08
1151.80
1155.85
1148.94
1150.13
1144.17
29223.92
1116.04
1097.92
1094.82
1065.97
1075.98
1069.78
1076.94
1065.97
1065.97
1063.11
25177.96
1080.04
1059.06
1077.18
1056.91
1061.92
1068.83
1068.83
1060.96
1059.06
1055.96
25142.91
1104.12
1092.91
1087.90
1125.10
1080.99
1080.99
1144.89
1077.89
1078.84
1080.04
1080.99
1091.00
1101.97
1113.18
1115.08
1118.90
1132.01
25202.04
1093.15
1066.92
1055.00
1148.94
1145.12
1156.09
1155.14
1158.95
22850.04
1120.09
1098.16
1075.98
1087.19
1077.89
1082.90
1076.94
1080.04
1080.04
1074.79
29108.05
1129.15
1085.04
1071.93
1102.92
1160.86
1170.87
1175.17
1169.92
1171.83
1167.06
25198.94
1101.02
10735.03
1076.94
1070.02
1052.14
1036.88
1050.00
1057.15
1066.92
1063.11
1060.01
1065.02
25179.86
1159.91
1149.89
1148.94
12681.96
1070.98
1048.09
1055.96
1055.96
1051.19
1049.04
1055.96
1047.85
1037.84
1034.02
17082.93
1118.90
1075.98
1070.02
1084.80
1067.88
1066.92
1077.18
1068.12
1071.93
22578.00
1071.93
1051.90
1055.00
1075.98
1070.98
1075.98
1075.98
1074.79
1073.84
1069.07
29167.89
1127.96
1104.12
1103.16
1106.98
1102.21
1096.01
1109.12
1101.02
1101.97
1100.06
25218.01
1121.04
10437.01
1127.00
1091.00
1086.00
1086.00
1074.08
1072.17
1065.02
1059.06
1054.05
1055.00
24116.99
1156.09
1067.16
1060.96
1063.82
1095.06
1067.88
1060.96
1075.03
1072.17
1080.04
1082.18
1085.04
1083.14
1095.06
1094.10
25202.99
1108.17
1085.04
1079.08
1037.12
1035.93
1034.02
1047.13
1051.90
1052.86
1051.90
37147.05
1070.98
1050.95
1058.82
1077.89
1052.86
1055.96
1054.05
1053.09
1050.00
1058.82
29100.89
1123.91
1096.96
1086.95
1103.88
1087.19
1099.11
1093.86
1107.93
1088.14
1105.07
16116.14
1089.10
1048.09
1043.08
1042.13
1048.09
1080.99
1077.18
1087.90
25156.97
1079.80
1075.98
1079.08
1070.02
1060.96
1065.97
1057.15
1063.11
1080.04
1080.04
29162.17
1074.08
1050.00
1052.86
1047.85
1042.84
1034.02
1041.17
1095.06
1102.92
1097.92
16335.96
1168.97
1168.97
1170.16
1115.08
1050.00
1044.03
1039.03
13165.00
1085.04
1080.99
1085.04
1075.98
1082.18
1084.09
1075.03
1115.08
1095.06
1082.18
29187.92
1107.93
1091.96
1094.10
1076.94
1092.91
1096.01
1077.89
1052.86
1060.01
1065.02
25182.01
1116.04
9926.08
1089.10
1042.13
1047.13
1051.90
1055.96
1050.00
1061.92
1099.82
1154.90
1129.15
25141.00
1103.88
1052.14
1048.09
1047.13
1071.93
1051.90
1056.91
1087.19
1130.10
1122.00
1092.20
1087.90
1066.21
1080.04
25127.17
1137.02
1096.01
1102.92
1119.14
1106.02
1109.84
1194.95
1191.14
1173.02
1164.20
37297.01
1227.14
1211.17
1218.08
1187.09
1183.03
1176.12
1173.02
1162.05
1162.05
29275.89
1196.86
1164.91
1173.97
1159.91
1165.87
1168.97
1279.12
1277.92
1273.16
16757.01
1207.83
1183.03
1169.92
1167.06
1164.91
1171.83
13294.94
1217.84
1199.96
1187.09
1181.13
1180.89
1189.95
1191.85
1200.91
1201.15
29293.06
1199.96
1197.81
1201.87
1107.93
1199.01
1212.84
1196.86
1180.89
1179.93
25309.09
1210.93
1185.18
9677.89
1199.96
1189.95
1205.92
1215.93
1206.87
1180.17
1219.99
1226.90
25259.97
1214.98
1152.04
1149.89
1177.07
3534.08
1178.98
1163.96
1168.97
1186.13
1199.01
1203.06
21289.11
1202.11
1194.00
1209.97
1116.99
1205.92
1199.01
1211.17
1210.93
1219.03
29303.07
1209.97
1173.97
1151.08
1188.04
1188.99
1198.05
1214.98
1212.84
1226.90
19114.02
1210.93
1196.86
1174.93
1158.00
1158.95
1196.15
1198.05
25237.08
1216.17
1188.99
1196.15
1209.97
1199.96
1201.15
1228.09
1112.94
1209.02
25264.02
1202.11
1163.01
1163.01
1187.09
1180.89
1183.99
1204.01
1169.92
1178.98
19166.95
1295.80
17327.07
1220.94
1191.85
1163.96
1206.16
1205.92
17237.90
1220.94
1193.05
1186.85
1199.01
1220.94
1214.98
17281.06
1211.17
1177.07
1185.89
1191.85
1183.03
1099.11
9285.93
1170.87
1179.93
1188.04
1188.99
1190.90
17237.90
1241.92
1212.84
1219.03
1218.08
1207.11
1197.10
21290.06
1193.05
1172.07
1180.17
1184.94
1185.89
1201.15
1165.15
1184.94
1184.94
29260.16
1241.92
1208.07
1219.03
1189.95
1180.89
1173.97
19474.03
1192.81
1092.91
1171.11
1168.01
1188.99
1194.00
1194.00
25306.94
1237.15
1237.15
1272.92
1245.02
1236.92
1222.13
1206.16
1101.97
1099.11
17217.16
1115.08
1107.93
9161.00
1188.99
1165.87
1170.87
1109.12
1079.08
1078.13
17141.10
1142.02
1120.09
1096.01
1070.02
1096.01
1090.05
1091.96
17186.16
1115.08
1112.94
1129.87
1067.88
1070.02
1071.93
21568.06
1076.94
1059.06
1065.02
1060.01
1057.15
1059.06
1069.07
1055.00
1057.86
1056.91
25135.04
1072.88
1062.87
1065.97
1060.01
1055.00
1060.96
1068.12
1055.00
1056.91
1056.19
25167.94
1104.83
1075.03
1081.94
1077.89
1071.93
1069.07
1074.08
1112.94
1102.92
1096.96
17689.94
1103.88
1098.87
1086.95
1050.00
1047.85
1055.00
1051.90
1049.04
1048.09
25084.02
1096.96
1046.90
1034.98
1048.09
1081.94
1070.98
1080.99
1093.86
1072.88
1077.89
1075.98
25171.04
1115.08
1096.96
1096.01
1065.02
1070.02
1072.88
1144.17
1138.93
1128.91
29183.15
1088.14
1044.03
1038.07
1053.09
1051.19
1049.04
1052.14
1092.91
1065.97
1079.08
25093.08
1148.94
1083.14
1092.91
1080.04
1080.04
1076.94
1075.03
1107.93
1097.92
1082.18
25111.91
1154.90
1094.10
1086.00
1093.15
1080.04
1083.14
1081.94
1107.93
1101.97
1103.88
29127.84
1164.91
1108.88
1116.99
1137.02
1140.12
1137.02
1151.80
1148.94
1151.08
1160.14
16036.03
1117.94
1096.01
1097.20
1096.01
1094.10
1106.02
1093.15
25167.94
1116.04
1101.02
1098.16
1091.00
1080.04
1085.04
1080.04
1079.08
1075.98
1068.83
29149.06
1094.10
1070.02
1075.98
1086.95
1076.94
1086.00
1075.98
1065.97
1079.08
1087.19
16146.90
1119.85
1049.04
1040.94
1037.84
1050.00
1035.93
1040.94
25059.94
1130.10
1082.90
1077.89
1080.04
1053.09
1064.06
1073.12
1091.96
1071.21
1095.06
1084.09
29156.92
1090.05
1081.94
1078.84
1061.92
1059.06
1060.01
1056.91
1051.90
1039.03
1036.88
16291.86
1123.91
1109.12
1108.17
1116.99
1110.08
1110.08
1109.12
25149.11
1057.15
1039.03
1035.93
1086.95
1104.12
1090.05
1094.82
1091.00
1090.05
1084.09
29197.93
1114.85
1104.83
1111.98
1106.98
1105.07
1102.92
1111.98
1101.97
1104.12
16348.12
1162.05
1109.84
1099.82
1099.82
1108.88
1098.87
1097.92
13135.19
1101.97
1061.92
1058.10
1070.02
1069.07
1069.07
1079.08
1106.98
1095.06
1089.10
29136.90
1178.03
1126.05
1128.20
1132.01
1114.13
1111.03
1098.16
1031.88
1035.93
1042.84
20197.87
1135.83
1141.07
1137.02
1144.17
1152.99
1167.06
21857.98
1154.90
1118.90
1104.83
1106.02
1095.06
1101.97
1097.92
1110.79
1109.84
1100.06
18554.93
1125.81
1077.89
1100.78
1102.92
1098.87
1109.12
1099.11
1101.97
1095.06
25201.08
1120.09
1107.93
1106.98
1098.16
1096.01
1096.01
1106.98
1098.16
1099.11
37122.01
1107.22
1061.92
1070.02
1076.94
1080.99
1086.95
1092.91
1101.02
1104.83
1098.87
29142.86
1181.84
1129.87
1122.95
1122.00
1111.98
1101.97
1091.00
1105.07
1096.96
1104.83
16752.96
1144.17
1102.92
1099.82
1095.06
1082.90
1071.93
1065.02
13185.02
1114.13
1106.02
1086.95
1096.96
1094.10
1102.92
1111.98
1098.16
1101.02
1098.16
18835.07
1111.98
1097.92
1090.05
1097.92
1101.02
1088.86
1094.82
1095.06
25179.86
1106.02
1088.14
1100.06
1094.10
1089.10
1089.10
1092.91
1093.86
1085.04
1091.96
37199.97
1089.10
1085.04
1075.03
1070.02
1077.89
1078.84
1090.05
1167.06
1174.93
29181.00
1140.83
1094.82
1096.96
1107.22
1065.97
1071.21
1078.84
1086.00
1085.04
1088.14
16997.10
1133.92
1092.91
1078.84
1073.84
1075.03
1070.98
1080.04
13196.95
1094.10
1070.02
1068.12
1082.18
1086.95
1086.00
1103.88
1093.15
1096.96
1088.86
19170.05
1187.09
1178.03
1168.01
1172.07
1116.99
1049.04
1044.03
1039.03
25232.08
1139.88
1111.98
1122.95
1108.17
1102.92
1096.96
1061.20
1039.03
1042.13
1034.98
37180.90
1100.06
1085.04
1075.98
1078.13
1082.90
1076.94
1095.06
1055.00
1055.96
1049.04
17165.18
1075.98
1064.06
1065.97
1063.11
1068.12
1059.06
1065.97
1087.90
1080.99
1079.08
29237.99
1161.81
1152.99
1159.19
1156.09
1147.03
1147.03
1084.09
1101.02
1096.96
25146.01
1150.85
1106.02
1100.06
1096.01
1096.01
1081.94
1068.12
1091.96
1111.03
1106.02
25188.21
1074.08
1060.01
1056.91
1078.13
1107.93
1098.87
1122.95
1125.10
1132.97
1137.02
17434.84
1065.97
1053.81
1054.05
1054.05
1045.94
1054.05
1050.00
1052.14
1052.14
1049.04
25157.93
1077.89
1058.82
1050.95
1063.11
1052.14
1055.00
1057.86
1059.06
1057.86
1054.05
25098.80
1104.12
1062.15
1060.01
1071.21
1057.86
1056.91
1061.92
1070.02
1060.01
1062.87
29103.99
1133.20
1090.05
1089.10
1096.96
1086.00
1080.04
1078.13
1085.04
1088.14
1096.96
25143.86
1158.00
10709.05
1142.98
1096.01
1104.12
1106.02
1108.17
1106.98
1101.02
1040.94
1059.06
1062.15
25130.03
1189.23
1143.93
1147.99
1171.11
1142.98
1151.08
1121.04
1058.82
1054.05
1050.00
1049.04
1046.90
1044.99
1050.00
25174.14
1075.98
1081.94
1070.02
1074.08
1084.09
1090.05
1091.96
1082.90
1089.81
1092.91
25207.04
1108.88
1115.80
1104.83
1107.93
1117.94
1111.03
1075.03
1091.00
1107.93
29127.84
1109.84
1054.05
1044.99
1057.86
1086.00
1097.92
1103.88
1114.85
1122.95
1122.00
22221.09
1147.99
1085.04
1089.10
1076.94
10405.06
1115.08
1070.98
1064.06
1058.10
1059.06
1064.06
1060.01
1065.97
1060.96
1057.86
1060.96
25201.08
1111.03
1099.82
1103.88
12426.85
1107.93
1099.11
1091.96
1093.86
1101.97
1101.02
1111.03
1098.87
1094.82
1088.86
25199.89
1138.93
10341.88
1138.93
1103.16
1101.02
1106.98
1088.86
1078.84
1066.21
1099.11
1098.87
1105.07
25207.04
1104.12
1070.98
1068.83
12225.87
1111.98
1052.14
1053.09
1061.92
1059.06
1076.94
1075.98
1084.09
1082.90
1087.90
25129.08
1150.85
1111.98
1137.97
1112.94
1116.99
1129.87
1137.97
1147.03
1150.13
1143.93
25214.91
1182.79
1150.85
1175.88
1173.02
1170.87
1169.92
1173.97
1171.11
1168.97
29188.16
1115.08
1069.07
1064.06
1071.21
1058.10
1057.86
1064.06
1068.12
1043.08
1033.07
16166.93
1137.97
1104.12
1101.97
1090.05
1086.00
1074.08
1066.92
1067.16
25185.11
1110.08
1110.08
1082.90
1071.93
1064.06
1061.20
1069.07
1069.07
1062.15
1061.92
29211.04
1144.89
1149.89
1159.91
1147.99
1157.05
1158.00
1155.14
1167.06
1176.12
16453.03
1129.15
1128.91
1101.97
1116.04
1102.21
1101.97
1101.02
13206.96
1132.97
1114.85
1123.91
1124.14
1114.13
1104.12
1109.84
1091.00
1079.08
21114.11
1122.00
1093.86
1091.96
1091.00
1086.95
1086.00
1088.86
21162.99
1080.04
1061.20
1070.98
1082.18
1080.99
1083.14
1096.96
1103.88
1104.83
1113.89
25184.15
1096.01
1086.00
1084.09
1125.10
1139.88
1134.87
17174.96
1068.12
1059.06
1048.09
1060.01
1062.87
1059.06
25106.91
1124.86
1089.81
1090.05
1089.10
1081.94
1089.81
1091.00
1085.04
1092.20
1081.94
25132.89
1134.87
1111.03
1106.02
1125.10
1108.88
1117.94
1100.78
1060.01
1068.12
1075.03
25166.03
1095.06
1084.80
1088.86
1092.91
11641.03
1092.91
1070.98
1069.07
1073.12
1065.97
1060.96
1054.05
1060.01
1052.86
1067.88
25110.96
1096.96
1070.02
9491.92
1106.02
1094.10
1080.99
1095.06
1089.10
1102.21
1106.98
1114.13
1105.07
1105.07
25153.16
1169.92
1135.83
1144.89
1169.92
1171.11
1146.08
1166.11
1152.04
1159.19
1160.86
1101.97
1091.00
1084.80
25138.85
1192.09
1154.90
1147.99
1152.04
1139.88
1150.13
1144.17
1141.07
1126.05
1132.97
37231.92
1147.03
1142.98
1120.09
1083.14
1080.04
1067.16
1077.89
1060.96
1060.01
17084.84
1130.10
1077.89
1082.90
1083.14
1091.96
1101.97
1104.12
1104.12
1102.92
1111.03
25151.97
1168.01
1142.02
1152.04
9327.17
1085.04
1065.97
1061.92
1056.91
1050.00
1045.94
1050.95
1055.00
1049.04
1053.09
20354.99
1085.04
1058.10
1054.05
1051.90
1049.04
1044.99
1053.09
25110.01
1149.89
1121.04
1130.10
1076.94
1081.94
1080.04
1089.10
1081.94
1091.96
1094.10
17196.18
1106.02
1089.10
1080.04
1088.86
1073.84
1065.02
25110.01
1123.19
1092.91
1077.89
1086.95
1060.01
1060.01
1064.06
1076.94
1075.98
1075.03
29114.01
1122.00
1090.05
1074.79
1080.04
1064.06
1060.01
1056.91
1057.15
1079.08
1091.96
17235.04
1152.99
1110.79
1103.88
1074.79
1096.01
1105.07
1106.98
1109.84
1116.04
1122.95
25208.00
1098.16
1079.08
1077.89
1147.99
1142.02
1130.82
1142.98
1122.00
1118.90
1124.14
25153.16
1070.98
1053.09
1042.13
1062.15
1054.05
1054.05
1065.97
1065.02
1074.08
1083.14
29184.10
1107.93
1097.92
1098.16
1096.96
1104.83
1101.02
1109.12
1044.03
1037.12
1038.07
25195.12
1147.03
1173.02
1146.08
1140.83
1135.83
1127.00
1101.02
1059.06
1058.10
25063.04
1139.88
1084.80
1077.89
1078.84
1068.83
1065.97
1060.01
1047.85
1083.85
1090.05
1082.90
29170.99
1095.06
1082.90
1097.20
1088.86
1091.96
1097.20
1111.98
1113.18
1102.92
25146.01
1152.04
1105.79
1096.96
1096.01
1080.99
1079.08
1075.03
1082.18
1070.02
1059.06
25089.98
1098.16
1050.00
1045.94
1044.03
1076.22
1050.95
1046.18
1075.03
1070.98
1073.84
1072.88
1115.80
1111.03
1117.94
25160.07
1141.07
1101.97
1094.10
1100.06
1095.06
1106.02
1108.88
1061.20
1068.12
1070.02
25121.93
1101.97
1063.11
1051.19
1039.03
1076.94
1080.99
1079.08
1080.04
1072.88
1082.18
29128.07
1143.93
1087.90
1092.20
1097.92
1086.95
1091.96
1091.96
1086.00
1083.85
1083.85
17143.01
1100.06
1048.09
1046.18
1056.91
1050.95
1058.10
1064.06
1079.08
1075.98
34443.14
1143.93
1097.92
1091.00
1105.07
1089.10
1099.11
1086.00
1054.05
1066.92
1073.12
29170.99
1118.90
1090.05
1088.14
1173.02
1146.08
1144.89
1152.99
1147.99
1148.94
1143.93
15981.20
1098.87
1091.00
1086.95
1136.06
1089.10
1075.98
1086.95
25178.91
1087.90
1077.18
1060.96
1086.95
1080.99
1093.15
1091.00
1079.80
1082.90
1080.99
29153.11
1084.09
1060.96
1064.78
1052.86
1059.06
1051.90
1050.00
1123.91
1135.83
1138.93
16153.10
1122.95
1084.09
1089.10
1114.13
1071.93
1070.02
1068.83
13159.99
1120.09
1094.10
1079.08
1088.14
1079.08
1073.12
1073.12
1103.88
1112.94
1109.12
29223.92
1150.85
1137.97
1129.15
1039.03
1062.15
1052.14
1070.02
1065.97
1067.88
1072.88
25170.80
1068.83
1051.90
10077.95
1070.98
1062.87
1066.92
1058.82
1064.06
1070.98
1068.12
1058.10
1060.01
1070.98
25177.00
1068.12
1056.91
1058.82
1071.93
1057.86
1053.09
1051.19
1109.12
1111.03
1113.89
1135.83
1129.87
1140.83
25197.98
1123.91
1101.97
1079.08
1100.06
1153.95
1151.08
1162.05
1173.97
1167.06
1171.11
37230.97
1113.18
1096.96
1096.96
1079.08
1074.08
1064.06
1057.15
9428.02
1063.82
1051.90
1114.85
1091.96
1109.12
1109.12
1101.97
1102.21
1103.88
25153.88
1068.83
1060.96
1055.00
1098.87
1098.87
1111.03
1116.04
1102.92
1101.97
1104.12
25191.07
1122.00
1102.92
1111.03
1111.98
1100.06
1099.11
1065.97
1101.97
1096.01
18544.20
1099.11
1049.04
1084.09
1089.10
1104.12
1099.11
1100.06
1094.10
1090.05
25158.17
1111.98
1085.04
1082.90
1121.04
1092.91
1094.82
1092.91
1098.87
1094.82
1091.96
37186.15
1122.00
1102.21
1100.06
1071.93
1086.00
1095.06
1103.16
1101.97
1114.85
1101.97
29178.14
1066.92
1055.96
1053.09
1060.01
1057.86
1052.14
1051.90
1127.96
1143.22
1137.02
16818.05
1101.02
1097.92
1086.00
1102.92
1112.94
1110.08
9167.91
1188.04
1155.14
1147.99
1165.87
1147.03
1158.00
1130.10
1078.13
1079.08
1081.94
22877.93
1120.81
1109.12
1092.91
1086.00
1091.00
1086.24
1071.93
1069.78
33118.96
1103.16
1068.12
1063.11
1079.08
1096.01
1089.10
9397.03
1146.08
1110.08
1105.79
1109.84
1102.92
1102.92
1111.03
1101.97
1106.98
1106.02
25211.81
1124.86
1102.92
1114.85
1101.97
23386.96
1074.08
1053.09
1044.03
1060.01
1055.00
1055.96
1070.98
1075.98
1086.00
1081.94
16994.00
1129.87
1092.91
1076.94
1065.02
1065.97
1070.02
1065.97
25220.87
1168.01
1140.12
1123.91
1057.86
1075.98
1075.98
1086.95
1077.18
1085.04
29125.93
1143.93
1101.97
1095.06
1093.15
1074.08
1088.14
1072.88
1142.02
1080.04
1079.08
1079.08
1111.98
1111.98
1109.12
1116.99
1110.08
1107.93
1107.93
41184.90
1117.23
1096.96
1098.16
1085.04
1075.98
1070.02
1080.04
1063.11
1058.10
1056.91
17160.89
1080.99
1060.01
1062.87
1047.85
1038.79
1043.08
1059.06
1059.06
1064.06
1066.21
25206.09
1108.88
1109.84
13037.92
1186.85
1139.88
1137.02
1139.16
1122.00
1122.95
1115.08
1106.02
1106.02
1111.03
25178.19
1117.94
1124.86
1121.04
1113.89
1116.99
1124.14
1141.07
1143.93
1155.85
25174.86
1127.96
1068.12
1058.10
1069.07
1063.11
1065.02
1069.78
1086.00
1044.03
1050.95
1050.00
29206.99
1121.04
1107.93
1099.82
1062.87
1078.84
1072.17
1080.99
1070.02
1065.02
1065.97
15493.87
1096.96
1103.16
1089.10
1083.85
1086.00
1073.12
1070.98
25101.18
1104.12
1045.94
1039.03
1038.07
1060.01
1071.93
1075.03
1091.96
1087.90
1090.05
1101.02
29180.05
1088.14
1075.03
1080.99
1072.88
1070.02
1075.03
1079.08
1075.03
1075.03
1075.03
15571.83
1054.05
1047.13
1040.94
1025.92
1058.10
1036.17
1035.93
1044.03
25135.04
1060.96
1049.04
1097.92
1062.87
1065.02
1072.88
1070.98
1070.98
1074.79
1067.88
29191.97
1103.16
1089.10
1092.91
1103.88
1098.87
1097.92
1086.00
1060.01
1068.12
1072.88
15757.80
1102.92
1075.98
1076.94
1068.83
1086.00
1071.93
1071.93
25113.82
1124.86
1073.12
1075.03
1079.08
1069.07
1072.17
1068.12
1082.90
1075.98
1072.17
29100.89
1169.92
1114.85
1100.06
1099.11
1142.02
1142.98
1161.10
1166.11
1168.97
1167.06
15914.92
1111.98
1112.94
1115.80
1106.02
1118.90
1113.89
1108.88
25152.21
1123.91
1086.95
1083.14
1066.92
1098.87
1106.02
1102.92
1098.87
1101.97
1096.01
29170.99
1135.11
1106.02
1105.07
1111.03
1101.97
1102.92
1106.02
1104.12
1102.92
1101.02
15997.89
1099.82
1072.88
1083.85
1080.99
1086.95
1085.04
1079.08
25132.89
1127.00
1080.99
1094.10
1103.16
1086.95
1087.90
1089.10
1059.06
1064.78
1060.96
29108.05
1126.05
1082.90
1086.95
1080.99
1075.03
1074.08
1069.07
1063.11
1058.10
1055.00
16041.99
1189.95
1134.87
1138.93
1118.18
1122.95
1117.94
1116.04
25146.01
1106.98
1071.21
1064.06
1074.08
1054.05
1055.00
1046.90
1060.96
1094.10
1102.92
29129.03
1131.06
1089.10
1096.01
1101.97
1101.02
1100.78
1096.96
1094.10
1098.16
1106.98
16233.92
1120.09
1074.08
1056.91
1059.06
1098.16
1086.95
1077.89
25115.01
1146.08
1094.10
1096.01
1108.88
1104.12
1105.07
1111.98
1063.11
1055.00
1050.95
29087.07
1122.00
1080.99
1075.98
1048.09
1093.15
1091.00
1096.01
1118.90
1098.16
1106.98
16345.98
1189.95
1151.80
1146.08
1142.02
1152.99
1151.08
1146.08
13194.80
1091.96
1096.96
1083.85
1093.86
1100.06
1097.92
1102.92
1092.20
1082.90
1092.91
29212.00
1091.96
1086.95
1088.14
1085.04
1062.15
1060.01
1059.06
1135.83
1139.88
1146.79
25151.01
1101.97
1080.99
9895.09
1163.01
1168.97
1178.98
1168.97
1168.97
1150.13
1096.01
1084.09
1111.98
25182.96
1087.19
1060.96
1060.01
1092.91
1102.92
1070.02
1072.88
1067.16
1059.06
1057.15
1071.93
1066.92
1073.12
1071.93
25211.81
1102.92
1099.82
1079.80
1066.92
1075.03
1080.99
1080.99
1069.07
1076.22
1076.94
37173.99
1075.98
1062.87
1046.18
1051.90
1054.05
1068.12
1080.99
1070.02
1081.94
1064.06
29178.14
1084.09
1070.98
1069.07
1071.21
1069.07
1076.94
1101.02
1085.04
1088.14
1091.96
16799.93
1110.08
1087.19
1079.08
1084.09
1066.92
1061.92
13066.05
1120.09
1065.97
1055.96
1065.97
1082.90
1079.08
1087.19
1086.00
1086.00
1080.04
1080.04
29155.02
1072.88
1065.97
1068.12
1063.11
1061.92
1058.82
1069.07
1067.88
1071.93
1064.06
25182.01
1115.08
1115.08
9484.05
1109.12
1087.90
1080.99
1089.10
1082.18
1080.04
1073.12
1046.90
1060.96
1065.02
25176.05
1110.08
1094.10
1084.09
1094.10
11357.07
1093.15
1048.09
1056.91
1080.99
1080.99
1075.98
1066.92
1072.88
1059.06
1056.91
18311.02
1142.02
1117.94
1142.02
1120.09
1120.09
1117.94
1102.92
1111.98
1103.88
33378.84
1122.00
1103.16
1095.06
1090.05
1083.14
1077.18
1087.90
1067.88
1055.96
1059.06
29222.01
1165.87
1150.85
1167.06
1158.00
1147.99
1153.95
1072.17
1067.88
1072.88
17101.05
1111.03
1070.98
1052.86
1060.01
1050.95
1048.80
1056.91
25157.93
1060.96
1051.90
1060.01
1086.00
1079.08
1079.08
1077.18
1070.98
1057.86
1063.82
29149.06
1122.00
1123.91
1137.97
1145.12
1138.93
1140.83
1164.91
1158.00
1169.92
17308.95
1147.99
1105.07
1108.17
1105.07
1091.00
1075.98
1080.99
1107.22
1109.84
1096.01
25166.99
1113.89
1080.04
1076.94
1092.20
1070.98
1063.11
1054.05
1054.76
1063.82
1076.94
25138.14
1142.02
1106.98
1108.17
1105.07
1101.97
1103.88
1108.88
1104.12
1103.16
1097.92
17427.92
1119.85
1088.86
1091.00
1082.90
1075.03
1068.12
1079.08
1064.06
1064.06
1050.95
25146.01
1065.02
1050.00
1055.00
1044.03
1051.90
1052.14
1064.06
1062.15
1065.02
1075.03
25166.99
1086.00
1083.85
1089.81
1087.90
1086.00
1094.10
1102.92
1095.06
1108.88
1108.17
29181.00
1089.81
1081.94
1060.96
1074.08
1080.99
1085.04
1086.95
1084.09
1090.05
1087.19
25172.00
1086.00
10746.96
1065.02
1050.00
1048.09
1060.96
1070.98
1075.03
1086.00
1078.84
1079.08
1081.94
25192.98
1111.03
1102.21
1106.98
1129.15
1111.03
1099.11
1102.21
1071.93
1068.83
1063.82
1068.83
1050.95
1061.92
1052.86
25205.85
1116.04
1100.06
1104.12
1100.06
1091.96
1086.00
17188.07
1135.83
1106.98
1106.98
1097.92
1100.06
1097.20
1107.93
1057.86
1072.88
1075.98
25194.88
1109.12
1102.92
1107.93
12568.00
1087.90
1066.21
9100.91
1095.06
1054.05
1047.13
1045.94
1078.84
1073.84
1075.03
19848.11
1104.12
1101.97
1093.86
1086.00
1091.96
1089.81
1096.96
25150.06
1161.81
1122.00
1124.14
1123.91
1114.85
1098.87
1116.04
1105.07
1102.92
1081.94
29174.09
1086.00
1058.82
1061.92
1075.98
1065.97
1070.98
1071.93
1080.04
1071.93
1070.98
15966.89
1116.04
1101.97
1087.19
1087.90
1081.94
1076.94
1077.89
21106.96
1121.04
1080.99
1063.11
1065.02
1051.19
1049.04
1046.90
1050.95
1044.99
1054.05
1058.10
21190.88
1121.04
1105.07
1092.20
1074.08
1068.12
1061.92
1061.92
1052.14
1045.94
1040.94
25237.08
1163.96
10241.99
1108.88
1073.84
1069.07
1073.84
1055.96
1058.10
1062.15
1056.91
1054.05
1055.96
25092.12
1129.15
1117.94
1098.87
1096.96
12160.06
1101.02
1101.97
1089.10
1088.14
1096.96
1088.86
1095.06
1088.86
1086.00
1091.96
21160.13
