9257.08
1276.97
1208.78
13282.06
1288.18
1225.95
1226.90
1209.97
1204.01
1198.05
17374.99
1264.10
1292.94
1228.09
1223.80
1206.87
13281.82
1281.98
1226.90
9252.79
1300.10
1222.13
13259.17
1324.18
1234.05
1219.03
1224.99
1204.01
1199.01
13354.06
1237.87
1214.03
13346.91
1261.95
1210.93
1209.97
1214.03
1202.82
1219.03
1204.97
1200.91
1191.85
13360.98
1254.08
1211.88
1208.78
1199.01
1203.06
1209.97
1194.00
1211.88
1195.91
13348.82
1218.08
1213.07
1234.05
1211.88
1235.01
1224.04
1226.90
1209.02
13262.03
1286.98
1218.08
1219.99
1219.99
1196.15
1202.11
1206.16
1192.09
1214.03
13319.02
1277.92
1213.07
1217.13
1232.15
1211.17
1224.99
1196.15
1193.05
1198.05
13357.88
1231.91
1209.97
1218.08
1191.14
1193.05
1206.16
1202.11
1194.95
1194.00
13367.18
1230.96
1209.02
1219.03
1213.07
1203.06
1212.12
1208.07
1199.01
13245.11
1306.06
1231.91
1225.95
1209.02
1194.95
1205.92
1216.89
1197.81
1194.00
13272.05
1302.00
1217.13
1211.17
1209.02
1215.22
1197.10
1204.01
1196.86
1190.90
9493.11
1228.81
1210.93
1231.91
1210.93
1194.00
1202.11
1203.06
1196.15
1198.05
1201.15
1207.11
1223.09
13429.16
1258.85
1206.87
1219.99
1212.12
1202.11
1208.07
1224.04
1215.22
1209.97
13356.92
1242.88
1226.90
1242.16
1210.93
1194.95
1216.89
1209.97
1197.10
13239.15
1284.84
1212.84
1209.02
1203.78
1199.01
1211.88
1212.84
1194.95
1199.01
13259.89
1297.00
1219.99
1214.03
1199.01
1194.00
1195.91
1202.11
1953.84
13247.97
1307.01
1224.99
1222.85
1219.99
1204.01
1205.92
1219.99
1201.15
1195.91
13258.93
1296.04
1218.08
1236.20
1220.94
1199.96
1191.14
1209.02
1191.85
1188.04
13365.03
1266.00
1235.01
1223.09
1194.95
1195.91
13233.90
1296.04
1215.93
1199.01
1235.96
1218.08
1195.91
1198.05
1211.88
1206.87
1203.78
1205.92
1195.91
13231.99
1287.94
1219.03
1204.01
1211.88
1207.83
1206.87
1216.89
1202.82
1218.08
13251.07
1286.98
1214.03
1230.00
1217.84
1215.93
1203.06
1209.97
1194.00
1188.99
13266.09
1276.02
1204.97
1210.93
1213.07
1192.09
1188.04
1200.20
1184.94
1181.84
13354.06
1239.06
1199.96
1204.01
1199.01
1188.04
1197.81
1193.05
1183.03
1182.79
13330.94
1225.95
1202.82
1211.88
1188.04
1188.04
1197.81
1187.09
1182.08
1178.98
13340.95
1219.03
1200.91
1199.96
1199.01
1194.95
1195.91
1192.81
1181.84
13633.97
1288.89
1202.82
1199.96
1194.00
1188.99
1191.14
17364.03
1240.97
1208.07
1213.79
1199.96
1191.85
17262.94
1291.99
1209.02
1218.08
1205.21
1194.00
1192.09
17366.17
1239.78
1211.88
1209.97
1198.05
1188.99
17261.98
1297.95
1211.17
1209.97
1197.10
1188.99
1190.90
17377.14
1234.05
1199.96
1209.97
1198.05
1201.15
17271.04
1284.84
1211.88
1213.07
1214.03
1193.05
1193.05
17385.96
1235.96
1207.11
1215.93
1195.91
1202.82
13278.01
1298.90
1220.94
1214.98
1213.07
1194.00
1188.99
1204.01
1197.10
1197.10
13318.06
1258.13
1207.83
1211.88
1204.01
1203.06
1201.15
1198.05
1196.15
1190.19
13345.96
1240.02
1209.97
1213.07
1202.11
1194.00
1199.96
1197.81
1187.09
1189.95
13351.92
1224.04
1199.01
1209.02
1193.05
1188.04
1202.11
1199.96
1188.99
1183.99
13334.04
1217.84
1198.05
1209.97
1204.01
1189.95
1205.21
1192.09
1189.95
13234.85
1292.94
1214.03
1200.20
1215.93
1201.87
1192.81
1206.87
1188.99
1185.18
13252.97
1279.12
1208.07
1211.17
1199.96
1195.91
1185.89
1207.11
1183.99
1188.99
13247.97
1282.93
1212.84
1205.92
1209.02
1203.06
1194.00
1209.02
1183.99
1194.00
25358.92
1261.95
1207.11
1232.15
1209.97
1190.90
1214.03
1208.07
1197.10
1204.01
1207.11
1192.09
1199.01
13255.83
1283.88
1204.97
1203.06
1195.91
1199.96
1198.05
1211.17
1195.19
1193.05
13350.96
1242.88
1205.92
1216.89
1201.87
1194.00
1209.02
1199.96
1197.10
1202.11
13365.98
1226.90
1204.01
1213.07
1204.01
1201.15
1219.03
1198.05
1199.01
13215.07
1319.89
1224.99
1202.11
1219.03
1203.06
1186.85
1195.91
1190.90
1188.04
13250.11
1296.04
1220.23
1208.07
1217.13
1204.01
1205.92
1204.97
1185.89
1192.81
13272.05
1302.00
1230.96
1215.93
1204.01
1203.06
1188.04
1207.83
1195.91
1197.81
13335.94
1252.89
1207.83
1209.02
1205.21
1196.15
1202.11
1209.02
1194.00
1197.10
21425.01
1250.98
1217.84
1217.84
1194.95
1192.81
21276.00
1315.12
1222.13
9256.84
1303.91
1218.08
13231.04
1332.04
1224.04
1204.97
1206.16
1200.91
1199.96
13344.05
1253.84
1213.07
9257.08
1283.17
1213.07
13261.08
1294.85
1213.07
1209.97
1218.80
1204.01
1194.95
13360.98
1238.11
1210.93
9324.07
1247.88
1206.16
13267.04
1289.84
1215.93
1208.07
1212.84
1203.06
1204.01
5352.97
1219.03
1204.97
1216.89
1197.81
1204.01
1201.15
1199.01
1199.01
25248.05
1320.12
1229.05
1211.17
1224.04
1204.01
1195.91
17361.88
1255.99
1209.02
1215.93
1216.17
1203.06
17252.21
1317.02
1224.04
1219.03
1223.09
1212.84
1201.87
17371.89
1238.11
1214.98
1221.90
1196.86
1203.78
17270.09
1293.18
1219.03
1217.84
1209.02
1202.11
1203.06
17381.19
1237.15
1209.97
1213.07
1204.01
1199.96
17276.05
1308.92
1222.85
1225.95
1219.03
1208.78
1205.92
17369.99
1228.09
1210.93
1232.15
1204.01
1186.85
5254.03
1279.12
1211.88
1217.13
1200.20
1199.01
1194.00
17354.01
1232.86
1210.93
1217.13
1206.16
1194.95
17277.96
1286.03
1212.84
1216.89
1204.01
1198.05
1194.00
17364.03
1220.94
1219.03
1215.93
1200.91
1194.95
25336.03
1275.78
1210.93
9265.90
1281.98
1218.08
9248.97
1296.04
1214.98
1202.11
9320.97
1226.90
1206.87
9337.90
1229.05
1212.12
9335.04
1230.96
1209.02
1219.99
1208.07
1188.99
1204.97
1197.81
1189.95
1186.13
1204.97
1183.03
1181.13
21244.05
1295.80
1208.07
9238.96
1279.12
1214.03
1204.01
9325.03
1209.02
1209.02
9341.96
1218.08
1204.97
9342.91
1228.81
1214.03
9250.88
1269.10
1212.12
9231.09
1277.92
1212.12
1204.97
9302.85
1223.09
1208.07
9333.13
1214.03
1199.96
9313.82
1231.91
1214.98
9245.16
1272.20
1199.96
9232.04
1275.78
1205.92
1198.05
9324.07
1219.99
1204.97
9320.97
1227.14
1195.19
1228.09
1198.05
1187.09
1194.00
1189.95
1194.00
1192.09
1206.87
1183.03
1184.94
25326.97
1256.23
1203.06
1208.07
1209.97
1199.01
17224.07
1312.02
1229.05
1209.97
1213.07
1203.06
1193.05
17344.95
1246.21
1211.88
1217.13
1196.86
1199.01
17244.82
1294.14
1216.89
1210.93
1222.85
1199.01
1194.95
17347.81
1240.97
1205.92
1217.84
1204.97
1198.05
17241.95
1297.95
1211.88
1203.06
1204.97
1198.05
1193.05
17341.85
1239.06
1213.07
1224.04
1204.97
1192.09
17235.04
1302.96
1219.99
1204.97
1214.98
1195.91
1194.00
5341.05
1230.96
1201.15
1204.97
1196.86
1189.95
17251.01
1297.95
1219.03
1208.78
1215.93
1189.95
1192.09
17339.23
1243.11
1204.01
1209.97
1199.96
1189.95
17250.06
1304.15
1220.94
1217.13
1214.03
1203.06
1204.97
17359.97
1250.98
1219.03
1209.97
1204.01
1203.06
17252.92
1302.96
1218.08
1204.97
1213.07
1204.01
1196.86
17363.07
1242.16
1220.94
1226.90
1209.02
1199.96
25255.20
1327.99
1230.96
1219.03
1209.02
1200.91
1191.85
1209.97
1200.91
1190.19
13255.12
1276.02
1214.98
1209.02
1210.21
1199.96
1194.00
1214.03
1194.95
1198.05
13340.00
1240.02
1209.02
1215.93
1206.16
1194.95
1194.00
1197.10
1188.99
1187.80
13364.08
1223.09
1212.84
1213.07
1201.87
1194.95
1207.83
1197.10
1192.09
1187.09
13343.10
1225.23
1199.96
1220.94
1198.05
1199.01
1204.01
1205.92
1189.95
13242.96
1297.95
1224.99
1204.01
1203.06
1204.01
1196.86
1201.87
1199.01
1199.01
13247.97
1279.83
1212.84
1211.88
1202.11
1204.01
1199.96
1214.98
1201.87
1199.01
13250.11
1272.20
1209.97
1214.98
1205.21
1189.95
1199.01
1214.98
1202.82
1183.99
17334.94
1240.97
1211.17
1214.98
11496.07
1250.03
1211.17
1209.02
6412.98
1235.01
1226.90
1208.07
11459.11
1244.07
1209.97
1220.94
11446.00
1263.14
1209.02
1216.89
11413.81
1284.12
1223.09
1207.11
11384.96
1278.88
1221.90
1210.93
10166.17
11466.03
1300.10
1219.03
1213.79
11404.99
1289.13
1222.13
1208.07
11392.12
1294.85
1225.95
1203.78
11374.95
1281.98
1219.99
1219.99
11302.95
1290.08
1221.18
1228.09
6324.05
1285.08
1224.04
1210.93
6296.87
1281.02
1221.90
1227.86
6294.97
1292.94
1226.19
1200.91
1196.86
11463.88
1229.05
1214.03
1204.97
11469.13
1218.08
1212.12
1201.87
11440.04
1221.90
1203.06
1202.11
11472.94
1230.00
1206.16
1194.00
11484.86
1242.88
1209.02
1198.05
11468.89
1228.81
1219.99
1198.77
11462.93
1239.06
8131.98
1288.89
1217.84
1209.02
1201.87
11464.12
1244.78
1200.91
1191.85
10206.94
1245.02
1206.16
1214.98
1192.09
11493.92
1236.92
1217.84
1204.01
6405.83
1235.96
1204.97
1200.91
11471.03
1237.15
1212.12
1202.11
11471.99
1236.20
1224.04
1211.17
11476.04
1233.82
1204.01
12693.17
1230.96
1209.97
1196.15
11466.03
1243.83
1204.97
1197.10
11442.90
1250.98
1230.96
1202.82
11375.90
1282.93
1224.99
1211.17
11293.17
1281.98
1204.97
1221.18
11393.07
1296.04
1205.92
1198.05
11375.90
1293.90
1220.94
1208.07
11382.82
1291.04
1232.15
1208.07
11367.08
1291.99
1215.93
1215.93
1200.91
6380.08
1230.00
1206.16
1194.95
6394.86
1212.84
1214.03
1199.96
6410.12
1227.14
1198.05
1200.20
6412.98
1224.04
1226.19
1199.01
6404.16
1238.11
1208.07
1209.02
6402.02
1221.18
1230.00
1206.87
6399.87
1226.90
1202.11
1203.06
6386.04
1238.11
1222.13
1198.05
6368.16
1233.10
1199.96
1207.83
6309.99
1259.09
1219.03
1199.96
6311.18
1261.00
1198.05
1202.11
6307.13
1275.06
1226.90
1204.01
5835.06
1294.14
1217.13
1193.05
1224.99
6392.96
1236.20
1203.06
1194.00
6378.89
1239.06
1210.93
1217.84
6372.93
1268.86
1201.87
1199.01
6311.18
1268.15
1207.11
1203.06
6308.08
1278.88
1216.89
1195.91
5084.04
1285.08
1220.94
1204.01
1209.02
6299.97
1283.88
1216.89
1202.11
11789.80
1282.93
1219.03
1198.05
11380.20
1268.15
1230.96
1219.03
11388.78
1276.97
1212.84
1214.98
11278.15
1298.19
1218.08
1221.18
11373.04
1305.82
1213.07
1208.07
11368.99
1310.11
1233.10
1203.06
1204.01
11487.01
1381.87
1234.05
11388.06
1295.80
1219.03
1219.99
11302.95
1309.87
1216.89
1206.87
1223.09
11487.01
1231.91
1202.11
1218.08
11496.07
1245.98
1212.12
1201.15
11503.93
1234.05
1219.99
1199.96
6409.88
1224.99
1203.06
7126.81
1262.90
1221.90
1199.01
6317.14
1269.10
1217.84
1209.97
6319.05
1266.00
1216.89
1205.92
6311.18
1279.12
1203.06
1211.88
6304.98
1280.07
1222.85
1204.97
1199.96
1291.99
1216.89
1210.93
1205.21
6386.04
1240.02
1211.88
1195.91
6406.07
1224.04
1213.07
1203.78
6403.92
1236.92
1204.01
1204.97
6388.90
1220.94
1227.14
1208.07
6392.96
1235.96
1212.12
1200.91
6391.05
1227.14
1219.99
1200.91
6393.91
1235.01
1207.11
1205.92
6357.91
1241.92
1216.89
1203.06
6322.86
1275.06
1212.12
1204.01
6330.97
1273.16
1229.05
1201.87
6308.08
1268.86
1204.01
1197.10
4276.99
1270.06
1233.10
1196.86
1211.88
1202.82
6170.03
1264.10
1202.82
1219.99
12033.22
1301.05
1213.07
1204.97
9298.09
1218.08
1204.97
9340.05
1230.00
1209.02
9327.89
1232.86
1201.87
9244.92
1271.96
1212.12
9243.97
1279.83
1208.07
1205.21
9317.87
1225.95
1201.87
9327.89
1221.90
1204.01
9320.97
1241.92
1209.97
9248.02
1269.10
1214.98
9238.96
1282.93
1212.12
1203.06
9324.07
1224.04
1208.07
9345.05
1226.90
1207.11
9322.17
1235.01
1201.87
9250.88
1273.87
1208.07
1224.04
1207.11
1194.00
1190.90
1199.96
1198.05
1189.95
1201.15
1191.14
1183.99
25247.81
1315.12
1217.13
1216.89
1214.03
1200.91
1209.97
17368.08
1242.16
1227.14
1214.03
1201.15
1199.96
17251.01
1306.77
1219.03
1207.11
1208.07
1196.15
1192.09
17388.11
1238.11
1211.88
1219.99
1209.97
1200.20
17271.04
1295.80
1214.03
1220.94
1209.97
1202.82
1194.95
17369.03
1229.05
1203.06
1215.93
1204.97
1200.91
17280.10
1297.00
1211.17
1214.03
1206.87
1195.91
1193.05
17359.97
1224.99
1209.02
1224.99
1207.83
1194.00
1206.16
1195.91
1194.00
9227.99
1281.98
1209.97
1196.15
9331.94
1210.93
1198.05
9330.99
1225.95
1206.16
9238.96
1264.81
1199.96
9248.97
1270.77
1201.87
1203.06
9312.15
1211.17
1214.03
9325.98
1220.94
1203.78
9319.07
1234.05
1200.91
9245.16
1279.12
1207.11
9241.10
1271.96
1207.11
1209.02
9325.03
1219.99
1200.91
9330.99
1225.95
1214.98
9308.10
1221.18
1211.17
9237.05
1271.01
1204.01
1216.17
1218.08
1198.05
1193.05
1204.01
1194.00
1189.95
1199.96
1186.13
1203.06
21245.00
1297.00
1217.84
1201.87
9330.03
1225.95
1206.87
9343.86
1229.05
1205.92
9319.07
1232.15
1209.02
9251.12
1270.06
1208.07
9245.87
1277.92
1209.02
1207.11
9304.05
1216.89
1201.87
9338.86
1224.99
1207.11
9323.12
1239.06
1210.93
9248.02
1272.92
1219.99
9241.10
1288.18
1212.12
1207.11
9299.04
1217.84
1209.02
9344.10
1234.05
1210.93
9320.02
1244.07
1209.97
1230.96
1204.01
1191.14
1199.96
1199.96
1197.10
1203.06
1211.17
1190.90
1198.05
13241.05
1276.97
1217.84
1228.09
1212.12
1199.96
1196.86
17343.04
1222.13
1214.98
1215.93
1206.16
1197.10
17272.00
1281.02
1206.16
1224.04
1202.11
1199.01
1196.86
17351.87
1231.91
1205.92
1207.11
1194.00
1192.09
17266.04
1284.84
1220.94
1212.84
1197.10
1193.05
1202.11
17350.91
1230.96
1207.11
1218.08
1209.97
1195.91
17283.20
1281.98
1212.84
1210.93
1196.86
1194.00
1195.19
17342.09
1230.00
1211.17
1222.13
1202.11
14900.92
1241.92
1214.98
1228.09
1197.81
1200.91
1207.83
1202.11
1190.90
1191.85
17345.91
1227.86
1211.88
1220.94
1209.02
1200.91
17343.04
1261.00
1211.88
1225.95
1202.82
1199.01
17251.97
1310.11
1219.03
1211.17
1215.93
1205.92
1194.95
17374.99
1252.89
1221.90
1220.23
1208.07
1197.10
17263.89
1320.12
1224.99
1216.89
1213.79
1208.07
1195.19
17384.05
1242.16
1204.97
1214.98
1200.20
1199.96
17266.99
1302.96
1216.17
1214.98
1204.01
1204.97
1198.05
17374.99
1232.15
1209.97
1219.03
1200.91
1200.91
17272.95
1298.19
1219.03
1216.17
1203.06
1193.05
1199.96
17369.03
1235.96
1210.93
1215.93
1204.01
1194.00
17280.10
1285.08
1221.90
1220.23
1208.07
1199.01
1198.05
17379.05
1220.94
1206.16
1222.13
1202.11
1202.11
17282.01
1300.10
1214.98
1212.84
1207.11
1202.11
1201.87
17349.96
1233.82
1206.87
1220.94
1206.87
1200.91
17331.84
1262.90
1215.93
1213.07
1199.01
1198.05
17246.01
1312.02
1215.93
1219.99
1219.03
1201.15
1202.11
17365.93
1252.89
1210.93
1217.13
1209.02
1199.96
17256.98
1305.10
1217.13
1204.97
1217.13
1197.10
1188.99
17362.83
1233.10
1209.02
1219.03
1206.16
1198.05
17263.17
1314.16
1222.13
1218.08
1217.13
1194.00
1199.01
17355.20
1241.92
1209.02
1218.08
1206.87
1199.01
17277.96
1293.90
1217.84
1221.90
1211.88
1213.79
1201.87
17367.84
1235.01
1212.84
1220.94
1204.01
1195.91
13257.98
1286.03
1219.99
1224.99
1213.79
1194.00
1189.95
1210.21
1196.15
1193.05
17323.97
1260.04
1219.03
1217.13
1214.03
1201.87
17257.93
1304.86
1219.03
1201.15
1224.04
1201.15
1194.95
17357.83
1246.93
1219.99
1216.17
1204.97
1195.91
17266.04
1302.00
1214.03
1204.97
1219.03
1202.11
1199.01
17369.03
1244.07
1209.02
1218.80
1209.02
1192.09
17253.16
1298.19
1219.03
1216.89
1213.79
1196.86
1194.95
17357.83
1245.02
1228.09
1219.99
1212.12
1204.01
13298.03
1287.94
1214.98
9249.93
1295.09
1224.99
1209.02
9342.19
1225.95
1210.93
9332.18
1225.95
1209.02
9324.07
1238.82
1204.97
9255.17
1274.11
1225.23
9237.05
1283.17
1209.97
1194.00
9329.08
1217.13
1217.84
9341.00
1230.00
1196.86
9325.98
1241.92
1206.16
9245.16
1276.02
1214.98
9239.91
1276.02
1202.82
1196.86
9325.98
1235.01
1198.05
9339.09
1224.04
1203.06
9329.08
1227.86
1204.97
9250.88
1273.87
1213.79
1219.03
1211.17
1194.95
1191.85
1216.89
1200.20
1198.05
17348.05
1246.21
1214.98
1211.88
1209.02
1188.04
17256.02
1304.86
1221.90
1199.01
1212.12
1204.97
1194.95
25372.03
1251.94
1213.07
1224.04
1213.07
1207.11
1205.21
1203.06
1194.95
1188.04
17380.95
1229.05
1212.12
1214.03
1199.96
1196.15
17282.01
1304.86
1219.03
1224.04
1202.82
1195.91
1188.04
17374.04
1237.15
1218.08
1219.99
1209.97
1195.91
21281.00
1306.06
1220.94
1212.12
1208.07
1199.01
1191.85
17344.00
1230.00
1214.98
1216.89
1192.81
1205.92
1222.85
1200.91
1196.15
13247.97
1307.01
1219.99
1213.07
1204.97
1195.91
1194.95
1209.02
1194.00
1190.90
13258.93
1286.98
1209.02
1225.95
1203.06
1194.00
1197.10
1209.97
1195.91
1195.91
13324.98
1240.02
1203.06
1206.16
1199.96
1200.91
1200.91
1199.01
1192.09
1193.05
13355.02
1234.05
1202.11
1213.07
1202.11
1190.19
1194.95
1199.01
1189.95
1195.91
13362.88
1234.05
1204.01
1222.85
1201.87
1202.11
1209.97
1192.09
1187.80
13244.87
1286.98
1216.89
1204.97
1214.03
1194.00
1190.90
1210.93
1188.04
1195.91
9235.14
1286.98
1207.11
1204.01
17346.86
1227.86
1201.87
1216.89
1195.91
1205.92
1214.03
1186.85
1195.91
13238.91
1296.04
1212.12
1199.96
1220.94
1197.10
1197.81
1207.11
1194.95
1192.81
13252.02
1274.11
1206.16
1230.00
1201.15
1193.05
1190.19
1204.97
1196.86
1189.95
1213.07
1194.95
1187.09
1199.96
1194.00
1191.14
1189.95
1201.87
1190.90
1186.85
13243.91
1273.87
1209.02
1210.21
1199.96
1194.00
1193.05
1205.92
1188.99
1191.14
13333.08
1245.98
1204.01
1209.97
1205.92
1204.97
1209.02
1196.15
1195.19
1192.09
13345.00
1230.96
1211.88
1219.03
1194.95
1195.19
1196.15
1199.01
1194.00
1189.95
13359.79
1218.08
1201.15
1215.93
1214.03
1197.10
1207.11
1202.11
1194.00
13250.83
1296.04
1216.17
1205.92
1210.93
1195.91
1199.96
1205.21
1191.14
1199.96
13247.97
1279.12
1209.97
1211.88
1214.98
1202.11
1204.97
1213.07
1199.96
1196.15
13246.06
1270.06
1209.97
1207.11
1199.96
1200.91
1188.99
1214.98
1199.96
1191.14
13323.07
1243.11
1203.06
9417.06
1271.96
1206.87
1219.03
1209.02
1204.01
1198.05
1207.11
1185.89
1185.89
13345.96
1235.01
1204.97
1215.93
1200.20
1194.00
1207.11
1192.81
1192.09
1188.04
13350.96
1224.99
1202.11
1212.12
1194.00
1195.91
1196.86
1199.96
1194.95
1195.91
13329.98
1223.09
1207.11
1214.03
1196.86
1193.05
1206.16
1192.09
1188.04
13237.00
1289.13
1222.13
1202.11
1204.01
1198.05
1194.00
1211.88
1197.10
1189.95
13257.03
1289.13
1219.03
1211.17
1214.98
1194.95
1199.01
17363.07
1235.96
1212.84
1215.93
1209.02
1196.15
17265.08
1297.00
1214.98
1221.90
1217.13
1201.15
1197.10
17373.09
1231.19
1204.01
9352.21
1245.98
1213.07
1219.99
1207.83
1195.91
17264.84
1293.90
1224.04
1221.18
1199.01
1192.81
1193.05
17370.94
1234.05
1222.13
1219.03
1208.07
1199.01
17272.95
1302.96
1222.85
1213.79
1204.97
1200.91
1199.01
13376.95
1231.91
1212.12
1222.13
1204.97
1193.05
1201.15
1204.01
1193.05
13236.05
1308.20
1224.99
1204.97
1219.03
1209.97
1197.10
1209.02
1200.91
1190.19
13251.07
1280.07
1214.98
1224.04
1210.93
1207.11
1201.87
1219.99
1196.15
1190.90
13257.03
1274.82
1209.97
1216.17
1199.01
1200.91
1194.95
1210.93
1199.01
1193.05
13350.96
1236.92
1204.01
1214.98
1203.06
1192.09
1198.05
1199.96
1200.20
1194.00
13342.86
1230.00
1201.87
1219.03
1201.15
1194.00
1205.92
1199.96
1193.05
1198.77
13342.86
1225.95
1205.92
1220.94
1192.09
1199.96
1205.92
1193.05
1188.99
13244.87
1298.90
1214.98
1213.07
1212.84
1205.92
1195.91
1211.88
1203.06
1186.13
17261.03
1291.99
1214.98
13260.13
1297.00
1214.03
1205.92
1219.99
1204.01
1204.01
1221.90
1200.91
1197.81
13250.83
1288.18
1215.93
1216.89
1214.03
1201.15
1197.10
1210.93
1196.86
1196.86
13299.94
1250.98
1212.12
1211.17
1198.05
1197.10
1204.01
1218.08
1204.01
1193.05
13337.85
1220.94
1199.01
1204.97
1195.91
1199.01
1200.91
1194.95
1193.05
1197.81
13350.01
1231.19
1205.92
1209.02
1195.19
1198.05
1204.97
1198.05
1192.09
1193.05
13316.87
1223.09
1205.92
1221.90
1194.95
1194.95
1194.00
1194.95
1192.09
13236.05
1288.18
1209.02
1196.86
1210.21
1190.90
1193.05
1208.07
1190.19
1189.95
13252.97
1281.98
1206.16
1207.11
1213.07
1199.01
1188.99
1208.07
1187.09
1194.00
13253.93
1279.83
1210.93
1216.89
1204.01
1197.10
1197.10
1206.16
1198.05
1188.99
13324.02
1245.02
1200.91
1206.87
1194.95
1200.20
1209.97
1194.95
1191.85
1186.85
13334.04
1230.00
1200.91
1217.84
1196.86
1190.90
1201.87
1199.96
1189.95
1188.04
13341.90
1223.80
1213.07
1209.02
1200.91
1204.01
1204.01
1202.11
1191.14
1194.00
13329.98
1219.03
1194.95
1223.09
1200.91
1194.95
1209.02
1198.05
1186.13
13231.99
1286.98
1210.93
1206.16
1215.93
1196.86
1194.00
1204.97
1193.05
1192.09
13247.01
1284.84
1214.03
1212.12
1205.21
1203.06
1192.09
1213.07
1188.04
1194.95
13262.03
1272.92
1216.17
1214.98
1207.11
1187.09
1194.95
1214.98
1198.05
1191.85
1218.80
1189.95
1194.00
1194.00
1196.15
1192.09
1193.05
1194.00
1194.95
1186.85
13335.94
1233.82
1204.01
1207.11
1204.97
1199.01
1199.01
1199.01
1192.09
1188.99
13345.00
1223.09
1207.11
1205.21
1197.10
1198.05
1200.91
1198.05
1189.95
1183.99
13344.05
1222.13
1214.98
1220.94
1196.86
1204.97
1209.02
1195.91
1190.90
13235.09
1297.00
1218.08
1209.97
1210.93
1190.90
1194.00
1209.97
1195.91
1188.99
13241.05
1295.09
1218.08
1197.10
1214.98
1200.91
1199.01
1208.07
1194.95
1188.04
13251.07
1278.16
1211.17
1214.03
1204.01
1194.95
1199.96
1211.17
1195.91
1188.04
13296.13
1248.12
1206.16
1213.07
1212.84
1200.91
1197.81
1206.87
1193.05
1194.95
13330.22
1225.95
1201.87
1212.12
1200.91
1188.04
17261.03
1294.85
1219.03
1207.11
1219.99
1204.01
1197.81
17374.99
1247.17
1204.97
1213.07
1202.82
1198.05
17261.03
1301.05
1214.03
1217.84
1214.03
1199.96
1194.95
17364.03
1236.92
1216.89
1222.13
1204.01
1195.91
17261.03
1301.05
1224.04
1219.03
1203.06
1201.15
1192.09
17394.07
1235.01
1210.93
1226.90
1199.96
1196.15
17266.04
1287.22
1222.13
1215.93
1204.01
1197.10
1203.78
17081.98
1235.96
1213.07
1208.78
11507.03
1234.05
1214.98
1196.86
11497.97
1249.07
1211.17
1210.93
10226.01
1240.97
1214.03
1219.99
1199.96
11492.97
1229.05
1208.07
1216.17
11495.11
1238.82
1209.02
1209.02
11463.17
1252.17
1219.99
1213.07
11472.94
1249.07
1221.18
1201.15
11477.95
1230.96
1213.79
1204.01
11495.11
1230.00
1205.92
1219.99
11493.21
1245.02
1210.93
1220.23
11481.05
1259.80
1205.92
1206.87
13512.85
1240.02
1212.12
1218.08
1210.21
1204.97
1207.83
1205.92
1193.05
1191.85
13340.95
1225.95
1204.97
1212.12
1199.96
1200.91
1204.01
1199.01
1197.10
1198.05
13345.00
1230.00
1209.02
1217.13
1199.01
1196.86
1203.06
1203.06
1196.15
13238.19
1294.14
1218.08
1204.01
1215.93
1199.01
1188.04
1213.07
1202.11
1196.15
13245.11
1284.12
1214.03
1210.93
1205.21
1189.95
1190.90
1207.11
1199.01
1194.00
13254.17
1276.02
1220.94
1224.04
1210.93
1196.86
1195.91
1205.92
1209.97
1193.05
13341.90
1230.00
1207.83
1211.88
1202.82
1193.05
1199.96
1195.91
1196.15
1197.10
13342.14
1224.04
1204.01
1212.84
1203.06
1194.95
1197.10
1198.05
1197.10
1194.95
13324.02
1225.95
1212.12
1219.03
1191.85
1191.85
1216.89
1208.07
1184.94
1210.93
1199.01
1193.05
1192.09
1203.06
1191.14
1195.91
1199.01
1194.00
1189.95
1213.07
1199.96
1188.99
1188.99
1199.01
1194.95
1189.95
1201.87
1195.91
1188.04
1198.05
1194.95
1195.91
1194.95
1199.96
1189.95
1188.04
1195.91
1194.00
1194.00
1209.97
1198.05
1197.10
1188.04
1197.10
1194.95
1190.90
1199.01
1199.01
1190.19
1206.16
1194.95
1193.05
1189.95
1199.01
1188.99
1189.95
1194.00
1191.85
1189.95
1204.97
1194.00
1193.05
1190.90
1192.09
1187.09
1197.81
1199.01
1198.05
1188.99
1184.94
1224.04
1190.90
1186.13
1203.06
1199.96
1188.99
1202.11
1191.14
1191.14
1185.89
1218.08
1189.95
1185.89
1199.01
1184.94
1184.94
1199.96
1188.99
1186.85
1184.94
1213.07
1192.09
1182.08
1201.15
1184.94
1184.94
1193.05
1187.09
1193.05
1186.13
1209.97
1189.95
1185.18
1199.01
1194.00
1193.05
1188.04
1198.05
1192.81
1182.08
1219.99
1183.03
1188.99
1195.19
1184.94
1181.84
1184.94
1188.99
1179.93
1187.80
1207.11
1188.04
1188.99
1190.90
1185.18
1180.89
1195.91
1194.00
1184.94
1186.85
1207.83
1188.99
1187.09
1192.81
1184.94
1181.84
1194.95
1201.87
1183.03
1181.13
1209.02
1179.93
1178.03
1188.04
1196.15
1182.08
1176.12
1209.02
1194.00
1188.04
1209.02
1183.99
1187.09
1189.95
1186.85
1189.95
1188.04
1216.17
1192.09
1187.09
13324.98
1230.00
1204.01
1207.83
1200.91
1199.01
1198.05
1198.05
1191.14
1185.18
13334.99
1223.80
1209.97
1215.93
1205.21
1197.10
1204.97
1199.01
1194.95
1196.86
13349.06
1223.09
1203.06
1214.98
1199.96
1188.99
1202.82
1199.01
1197.10
13238.91
1298.90
1218.08
1203.06
1228.81
1201.87
1198.05
1209.02
1211.88
1194.95
13235.09
1280.78
1210.93
1223.09
1204.97
1199.96
1191.14
1207.11
1188.99
1187.09
13261.08
1275.06
1207.83
1219.03
1204.01
1199.01
1188.04
1194.00
1190.90
1194.00
13291.12
1262.19
1205.92
1214.03
1206.16
1192.09
1188.99
1212.84
1211.88
1191.85
13342.86
1240.97
1211.17
1214.03
1194.00
1189.95
1210.93
1207.83
1187.09
1193.05
9385.11
1224.04
1205.92
1211.17
1200.91
1189.95
1198.05
1190.90
1188.99
13201.00
1326.08
1209.02
1198.05
1206.87
1192.09
1187.80
1200.91
1195.91
1185.18
13235.09
1286.98
1228.09
1204.97
1209.02
1199.96
1194.00
1204.01
1194.95
1194.00
13247.97
1281.98
1216.17
1206.16
1205.92
1196.86
1194.00
1199.96
1188.99
1184.94
13248.21
1276.02
1209.02
1213.07
1198.05
1186.13
1197.10
1200.20
1198.05
1189.95
13309.96
1243.11
1204.01
1213.07
1204.01
1194.95
1188.99
1199.01
1199.96
1199.01
13339.04
1233.82
1196.86
1208.07
1202.11
1194.95
1195.91
1199.01
1188.99
1190.90
13356.92
1221.90
1208.78
1221.90
1198.05
1197.10
1199.96
1197.81
1194.00
1192.09
21346.81
1226.90
1199.01
9345.05
1221.90
1204.97
9330.99
1235.96
1209.97
9248.02
1270.06
1209.97
9249.93
1276.02
1212.12
9214.16
1298.19
1227.14
1200.91
9327.89
1219.99
1205.92
9320.02
1233.10
1209.02
9249.93
1270.06
1204.01
5619.05
1297.00
1221.90
1219.03
1212.12
1202.11
21235.94
1308.92
1230.96
1204.01
9366.04
1235.96
1209.02
9337.19
1240.02
1199.96
9324.07
1240.97
1212.12
1229.05
1211.17
1204.01
1209.97
1212.12
1198.05
1203.06
1213.79
1194.95
1195.91
13261.08
1280.78
1208.07
1211.17
1209.97
1201.87
1200.91
1204.01
1197.81
1193.05
13339.04
1240.97
1208.07
1207.83
1206.87
1204.01
1202.11
1197.10
1192.09
1194.00
13348.82
1233.10
1204.01
1214.98
1193.05
1189.95
1194.95
1201.15
1192.09
1191.14
13353.11
1224.99
1209.02
1217.13
1193.05
1196.15
1202.11
1192.09
1194.95
13242.01
1296.04
1214.03
1203.06
1212.12
1190.90
1199.01
1212.84
1204.01
1206.16
13254.17
1282.93
1219.03
1208.78
1209.97
1199.96
1201.87
1206.87
1199.96
1196.15
13261.08
1279.12
1218.80
1213.07
1209.02
1196.86
1198.05
1214.03
1191.85
1194.00
13353.11
1232.86
1204.01
1207.11
1208.07
1188.04
1207.83
1205.92
1199.01
1186.85
13369.08
1234.05
1208.07
1210.93
1199.01
1193.05
17282.01
1289.84
1214.98
1216.17
1208.07
1200.20
1200.91
17383.81
1239.06
1209.02
1210.93
1193.05
1195.91
17268.90
1291.99
1214.98
1210.93
1209.97
1192.09
1197.10
17377.14
1236.20
1204.97
1219.99
1205.92
1195.91
17265.80
1287.94
1228.81
1215.93
1205.92
1200.91
1202.82
17359.02
1230.96
1208.07
1220.94
1206.87
1202.82
21325.83
1284.12
1209.02
1227.86
1213.07
1200.91
17254.83
1312.97
1216.17
1214.03
1219.99
1196.15
1194.00
1206.87
1192.81
1189.95
13257.03
1291.04
1214.98
1219.99
1215.93
1209.97
1195.91
1216.89
1196.86
1201.87
13262.99
1287.94
1227.14
1217.13
1202.11
1194.95
1204.01
1211.17
1185.18
1189.95
13345.00
1242.16
1209.97
1208.07
1197.10
1197.10
1204.01
1206.87
1192.81
1192.09
13366.94
1228.09
1213.07
1218.08
1204.01
1199.96
1197.81
1200.91
1183.03
1197.10
13344.05
1216.17
1208.07
1219.03
1197.81
1198.05
1209.02
1194.00
1188.04
13238.91
1289.13
1217.13
1205.21
1219.03
1194.00
1192.09
1207.11
1197.10
1199.01
13252.97
1283.17
1206.87
1214.98
1209.02
1201.15
1199.96
1212.12
1199.01
1199.96
13296.84
1251.94
1204.97
1221.18
1208.07
1200.91
1195.91
1214.98
1195.91
1186.85
13346.91
1226.90
1212.12
1219.03
1214.03
1199.96
1205.92
1207.11
1188.04
1190.90
13363.12
1224.04
1204.97
1214.98
1199.01
1192.81
1204.01
1202.11
1194.95
13229.85
1291.99
1206.16
1192.09
1214.98
1193.05
1192.09
1194.95
1196.86
1191.85
13231.99
1298.90
1213.07
1201.87
1215.93
1194.00
1190.90
1207.83
1189.95
1194.00
13256.07
1282.22
1218.08
1210.93
1205.92
1198.05
1194.95
1209.02
1197.81
1189.95
13247.01
1277.92
1208.07
1214.03
1199.96
1187.09
1188.04
1201.87
1194.00
1189.95
13350.96
1245.98
1209.97
1214.03
1202.11
1200.91
1204.97
1201.87
1207.83
1191.85
1214.98
1199.01
1194.00
1194.00
1187.09
1191.14
1191.14
1188.99
1188.99
1186.13
1215.22
1187.09
1197.10
1203.06
1194.95
1194.00
1191.14
1192.09
1183.99
1187.09
1206.87
1192.81
1180.89
1192.81
1186.85
1195.91
1188.99
1191.85
1188.99
1181.13
1210.21
1192.09
1187.09
1199.01
1196.86
1189.95
1192.09
1206.87
1182.79
1185.89
1204.01
1191.85
1194.95
1199.01
1188.99
1183.99
1183.03
1198.05
1184.94
1183.03
1209.97
1186.85
1180.89
1195.91
1194.00
1196.15
1188.04
1197.81
1180.89
1189.95
1213.07
1188.04
1188.04
1194.00
1187.09
1184.94
1180.17
1199.96
1184.94
1181.13
1204.01
1191.85
1191.85
1188.99
1194.95
1188.04
1193.05
1197.10
1192.09
1186.13
1210.93
1187.09
1188.04
1193.05
1190.19
1190.90
1191.85
1199.96
1183.03
1186.85
1212.84
1195.91
1193.05
1198.05
1192.09
1182.08
1187.09
1199.01
1180.89
1191.85
1209.97
1192.81
1189.95
1185.18
1192.09
1180.89
1187.80
1202.11
1188.99
1196.86
1215.93
1197.10
1188.04
1193.05
1199.01
1187.80
1193.05
1201.15
1194.95
1181.84
1208.07
1189.95
1187.09
1191.14
1204.97
1199.01
1194.95
1209.02
1189.95
1184.94
1209.02
1200.91
1185.89
1181.84
1193.05
1187.09
1192.09
1204.01
1190.90
1183.99
1209.02
1190.90
1184.94
1185.89
1205.92
1190.19
1190.90
1211.88
1198.05
1188.99
13231.99
1293.90
1210.93
1213.07
1200.91
1194.95
1189.95
1205.92
1200.20
1192.09
13256.07
1275.06
1211.88
1224.99
1200.91
1210.93
1202.82
1205.92
1188.99
1197.10
13334.04
1253.84
1209.02
1214.98
1197.81
1200.91
1209.02
1207.11
1194.95
1186.85
13334.04
1227.86
1211.88
1221.90
1201.87
1188.04
1212.12
1196.15
1199.96
1188.99
13356.92
1231.91
1204.97
1219.03
1203.06
1198.05
1202.11
1205.21
1198.05
13237.95
1312.02
1220.94
1199.96
1216.89
1194.00
1187.09
1198.05
1201.87
1196.86
13258.93
1283.88
1217.84
1214.03
1204.97
1199.01
1199.01
1208.07
1193.05
1186.13
13252.97
1287.94
1206.87
1214.98
1210.21
1201.87
1188.99
1227.14
1207.11
1189.95
13329.03
1242.16
1199.96
1209.97
1204.01
1193.05
1207.11
1203.06
1191.85
1192.81
13341.90
1226.90
1206.87
1210.93
1204.97
1196.15
1209.02
1204.01
1194.95
1187.09
13340.00
1224.99
1209.02
1209.97
1205.21
1204.01
1207.83
1199.01
1190.90
13238.91
