1435.04
1414.06
1384.97
1390.22
17534.97
1477.00
1421.93
1403.09
1389.03
1389.03
17606.02
1425.98
1405.00
1394.99
1391.89
17507.79
1518.96
1408.10
17584.09
1457.93
1448.15
9618.04
1428.84
13515.00
1508.95
1418.11
1413.82
1410.01
1389.98
25632.86
1446.96
13479.95
1565.93
1425.03
1422.88
1391.89
1383.07
25584.94
1477.00
1401.19
13643.98
1420.97
1431.94
1403.09
1392.13
25531.05
1495.84
1420.97
13630.87
1430.03
17478.94
1516.10
1424.07
9498.12
1475.10
1409.05
13610.84
1425.98
1410.01
1419.07
1408.10
25515.08
1523.02
1427.17
13530.97
1497.98
1412.87
1427.17
1399.99
1387.83
25639.06
1458.17
13535.98
1506.09
1420.97
1414.06
1398.09
1395.94
25660.04
1447.20
13550.04
1503.94
1410.96
1408.10
1399.99
1406.91
17637.01
1441.96
1416.92
1420.97
1407.15
17535.92
1505.85
1442.91
1492.98
1423.12
1384.97
17623.90
1430.03
1401.90
1424.07
1397.85
17531.87
1471.04
1403.09
1410.96
1405.00
1382.83
17619.85
1444.10
1416.92
1393.08
1382.11
17509.94
1501.08
1408.10
1418.11
1394.99
1405.00
17641.07
1441.00
1430.03
1460.08
1526.83
17544.98
1496.08
1417.88
21646.98
1449.11
1430.03
1403.81
1383.07
25519.13
1518.01
1423.12
9521.01
1488.92
1394.99
13620.85
1427.89
1413.82
1420.97
1412.87
25529.86
1487.02
14353.99
1517.06
1405.00
1414.06
1399.04
1414.06
25623.08
1441.96
13466.12
1581.91
1416.92
1427.89
1403.09
1379.01
17536.88
1484.16
1418.11
1413.11
1402.85
17457.96
1578.09
1431.94
1421.93
1399.04
1390.93
17549.04
1516.82
1529.93
1426.94
1410.01
17499.92
1498.94
1419.07
1404.05
1394.99
1388.07
17558.10
1468.90
1420.02
1417.88
1399.99
17459.15
1544.00
1439.09
1405.00
1409.05
1389.98
17533.06
1487.97
1410.96
1418.11
1389.03
1380.92
17611.98
1433.13
1416.92
1401.90
1410.96
17541.89
1498.94
1414.78
1431.94
1405.95
1383.07
17623.19
1436.00
1410.01
1410.96
1383.07
17517.09
1554.01
1531.12
1411.91
1389.98
17440.08
1554.97
1422.88
1410.01
1410.01
1402.85
17536.88
1487.02
1399.99
1411.91
1379.97
1396.89
17624.14
1439.81
1400.95
1405.95
1376.87
17535.92
1489.88
1414.78
1424.07
1411.91
1404.05
17623.19
1449.11
1411.20
1396.89
1390.93
25557.99
1523.02
1436.95
13662.82
1445.06
1425.98
1422.88
1396.89
25527.95
1508.00
1412.15
13616.09
1446.01
1394.99
1402.14
1392.13
25491.95
1517.06
1420.97
13542.89
1495.12
1407.15
1406.91
1390.93
1385.93
25635.96
1434.80
13540.98
1482.01
1453.16
1422.17
1399.04
1384.97
17627.95
1442.91
1415.97
1406.91
1398.09
17530.92
1507.04
1425.03
1409.77
1415.01
1399.04
17637.01
1443.86
1423.84
1400.95
1417.88
17539.02
1489.16
1411.91
1436.95
1514.91
1387.12
17644.17
1430.03
1430.99
1394.99
1389.98
17535.92
1475.10
1412.15
1423.84
1386.88
1392.84
17621.99
1420.97
1418.11
1384.97
1378.06
17517.09
1500.13
1419.07
1414.78
1416.92
1389.98
17637.01
1438.86
1421.93
1409.05
1392.84
17517.09
1532.08
1409.05
1469.85
1518.01
1388.07
17622.23
1445.06
1456.98
1415.97
1381.87
17529.96
1475.81
1403.09
1405.95
1397.85
1390.93
17647.98
1434.80
1399.99
1403.81
1383.07
17519.00
1478.91
1417.88
1410.96
1396.89
1390.93
17603.16
1430.03
1409.05
1402.14
1384.97
17521.86
1492.02
1420.02
1428.84
1399.04
1389.03
25645.02
1452.21
13499.02
1507.04
1415.01
1431.94
1410.01
1382.83
25542.97
1483.92
1397.85
13639.93
1425.03
1420.02
1401.90
1385.93
25519.85
1523.97
1429.08
13638.02
1436.95
1401.90
1409.05
1384.97
25527.95
1519.92
1414.06
13551.95
1477.00
1401.90
1448.87
1410.01
25441.88
1586.91
1432.90
13536.93
1523.02
1531.12
1420.02
1400.95
1399.99
25645.97
1445.06
13553.14
1501.08
1408.10
1433.13
1410.01
1381.87
25638.82
1450.06
13526.92
1515.87
1424.07
1405.95
1386.88
1391.89
25621.89
1456.98
1405.00
13607.03
1414.06
1428.13
1403.09
1404.05
33535.96
1502.04
1391.89
9603.02
1412.15
13481.14
1487.97
1403.09
1399.99
1399.99
1384.02
25516.03
1479.15
1396.18
13592.00
1438.86
1419.07
1399.99
1389.98
25519.13
1502.99
1425.03
13648.03
1453.88
1436.95
1415.01
1391.89
25542.97
1559.02
1412.15
9503.13
1463.89
1405.00
9555.10
1418.11
9430.17
1495.12
1406.91
9499.07
1461.03
1404.05
9479.05
1447.20
1410.96
9541.03
1423.12
9418.96
1481.06
1410.01
9459.02
1445.06
1401.90
9473.80
1461.98
1419.78
9546.04
1412.15
9425.88
1490.12
2161.98
9547.00
1430.99
9454.01
1479.86
1430.03
9485.96
1461.03
1409.05
9530.78
1433.13
1405.95
9552.96
1431.94
9470.22
1456.02
1401.90
9476.90
1447.92
1409.77
9537.94
1428.84
1391.89
9543.90
1409.05
9463.07
1456.98
1425.03
9530.07
1451.97
1409.05
9536.03
1420.97
1400.95
9524.11
1422.88
9481.19
1448.15
1393.08
9468.08
1446.96
1408.10
9536.98
1434.09
1400.95
9529.83
1436.95
9513.85
1467.94
1407.86
9465.93
1458.88
1399.99
9547.95
1420.02
9421.11
1494.17
1430.03
9480.00
1461.03
1419.07
13489.01
1454.11
1405.95
1427.89
1353.98
1367.09
25586.13
1409.05
13487.82
1473.90
1395.94
1384.97
1384.97
1367.09
25505.07
1467.94
1387.12
13589.14
1411.20
1414.06
1389.03
1377.82
25477.89
1489.16
1404.05
13499.98
1446.96
1389.98
1397.13
1374.96
1371.86
25596.86
1420.02
1419.07
1396.89
1382.83
1398.09
1379.01
1371.15
17516.14
1478.20
1409.05
1405.95
1379.97
1375.20
17611.98
1430.99
1403.09
1395.23
1375.91
17514.94
1480.10
1418.11
1400.95
1390.93
1383.07
17608.88
1427.89
1411.91
1395.94
1380.21
17498.97
1486.06
1393.08
1402.14
1395.94
1379.01
17562.15
1449.82
1408.82
1401.90
1391.89
17410.04
1554.01
1396.89
1410.01
1397.13
1399.99
17523.05
1470.09
1394.03
1412.87
1384.97
1376.15
25619.03
1439.81
13510.94
1472.95
1396.89
1394.99
1380.92
1370.91
25569.92
1448.87
1400.95
13610.84
1417.88
1414.06
1385.93
1372.81
21536.11
1483.20
1399.99
1405.00
1381.16
1389.03
25627.14
1425.98
1397.13
1389.03
1377.82
29519.08
1500.13
1401.19
1409.05
1394.99
1376.87
17616.99
1423.12
1385.93
1399.04
1374.01
17461.06
1494.88
1403.09
1399.04
1394.03
1393.08
17519.00
1466.04
1394.03
1401.90
1379.01
1382.11
17596.96
1410.96
1399.99
1393.08
1384.02
17519.00
1497.98
1508.95
1410.96
1376.87
1388.07
17603.16
1417.16
1402.14
1383.07
1374.01
17509.94
1492.02
1398.09
1393.80
1379.97
1376.87
21628.14
1439.09
1398.09
1401.90
1387.12
25498.87
1513.00
1420.02
13541.94
1483.92
1419.07
1420.02
1388.07
1392.84
25630.00
1422.88
13522.86
1487.97
1400.95
1399.04
1384.97
1377.11
25633.10
1441.00
13462.07
1547.81
1411.91
1401.90
1404.05
1390.93
25537.01
1492.98
1399.04
9577.04
1429.08
9468.08
1474.14
1401.19
9480.95
1445.06
1402.14
9495.97
1443.86
1416.92
9558.92
1416.92
9462.12
1475.81
1413.11
9470.94
1456.02
1392.13
9522.91
1419.07
1393.08
9546.04
1412.87
9438.04
1466.04
1400.95
9476.18
1461.03
1396.89
9505.99
1430.99
1400.95
9563.92
1429.08
9454.01
1472.00
1404.05
9480.00
1445.06
1399.99
9513.85
1425.98
1405.00
9534.84
1418.11
9459.02
1499.18
1523.97
9469.03
1444.10
1407.15
9536.98
1424.07
1403.09
9536.98
1415.01
9479.05
1457.93
1400.95
9460.21
1449.11
1415.01
9552.00
1419.07
1405.00
9532.93
1415.01
9459.97
1446.96
1406.19
9466.17
1461.03
1402.85
9548.90
1487.97
1408.10
9510.04
1402.85
9478.09
1451.97
1411.91
9465.93
1454.11
1403.09
9572.03
1434.09
9429.93
1486.06
1419.07
13481.14
1461.03
1402.85
1410.01
1389.03
1377.82
25619.03
1449.82
1401.90
13582.94
1413.82
1410.96
1389.98
1387.12
25516.03
1479.86
1386.88
13612.03
1429.08
1439.09
1505.85
1390.93
25511.98
1504.90
1410.01
13557.91
1446.01
1404.05
1403.09
1383.07
1391.17
25619.98
1415.01
1420.97
1389.03
1401.90
17529.96
1466.99
1395.94
1415.97
1388.07
1387.12
17594.10
1423.84
1402.85
1389.03
1374.01
17508.03
1476.05
1417.16
1409.05
1377.11
1377.11
17587.18
1416.21
1394.03
1397.13
1388.07
17486.81
1477.96
1395.94
1437.90
1502.04
1376.87
17601.01
1422.88
1387.83
1394.99
1391.17
17467.02
1499.89
1400.95
1405.00
1399.99
1381.16
25510.07
1478.91
1400.95
9572.98
1413.11
13466.12
1487.97
1399.99
1391.89
1387.83
1375.91
25512.93
1495.84
1412.87
13594.87
1420.02
1420.97
1394.99
1378.06
25515.08
1484.87
1402.85
13520.00
1463.17
1399.04
1420.02
1389.03
1382.11
25633.10
1420.02
13517.86
1472.95
1391.89
1402.14
1394.03
1374.01
17586.95
1424.07
1394.99
1403.81
1378.06
17465.11
1495.84
1396.89
1400.95
1391.89
1376.87
17508.98
1455.07
1399.99
1410.96
1390.93
1382.83
17596.01
1410.96
1403.09
1385.93
1382.11
17491.10
1471.04
1394.03
1396.18
1374.96
1374.01
17567.87
1434.09
1384.02
1399.99
1381.16
17475.13
1497.98
1409.05
1412.87
1391.89
1379.97
17508.03
1452.92
1408.82
1407.86
1373.05
1372.10
17610.07
1420.02
1410.01
1400.95
1390.93
17508.03
1472.95
1401.19
1409.05
1383.07
1381.87
17602.21
1425.98
1411.91
1396.89
1396.89
17498.97
1484.87
1411.91
1405.95
1398.09
1379.01
17586.95
1430.99
1407.15
1415.01
1399.99
17475.13
1487.97
1410.96
1416.92
1402.85
1391.89
17519.00
1455.78
1393.08
1422.17
1379.01
1397.13
17575.03
1422.88
21523.95
1492.98
1402.85
1402.85
1397.85
1389.03
25619.03
1438.86
9438.99
1513.96
1407.15
13520.00
1474.14
1420.97
1431.94
1387.12
1389.98
25626.90
1441.96
13493.06
1502.04
1411.20
1405.95
1398.09
1380.92
25520.09
1478.91
1396.89
13618.95
1430.99
1420.02
1415.97
1394.03
21529.91
1492.02
1414.06
1401.90
1392.13
1394.99
29639.01
1437.90
1414.78
1394.03
1384.97
25527.95
1508.95
1415.97
13585.09
1451.02
1395.94
1416.92
1389.98
25447.13
1573.80
1418.11
13528.11
1462.94
1397.85
1400.95
1381.16
1394.99
25614.98
1448.87
13515.95
1496.79
1410.96
1410.96
1394.99
1384.97
1397.85
1385.93
1383.78
13576.98
1418.11
1387.12
1399.04
1385.93
1384.02
1393.08
1384.97
13489.01
1462.94
1399.99
1394.99
1383.07
1394.03
1398.09
1394.99
1383.07
13566.02
1420.02
1405.95
1405.95
1375.91
1399.99
1393.08
1384.02
13480.19
1454.11
1399.99
1409.05
1399.99
1380.92
1394.03
1382.11
1374.01
13570.79
1410.01
1400.95
1399.04
1402.14
1399.04
1392.84
1390.93
13480.90
1456.98
1393.08
1400.23
1387.12
1377.11
1401.90
1391.89
1378.06
13554.10
1408.10
1391.17
1394.03
1384.97
1392.13
1392.84
1381.87
13479.95
1453.16
1399.99
1421.93
1394.99
1399.99
1398.80
1390.93
1389.03
13555.05
1412.15
1410.01
1401.19
1389.03
1385.93
1393.08
1382.83
13474.94
1448.87
1393.08
1410.01
1380.21
1379.97
1394.99
1379.97
1376.87
13571.02
1414.06
1409.05
1394.99
1381.87
1389.03
1404.05
1387.12
13475.18
1449.11
1395.94
1398.09
1384.02
1385.93
1401.90
1377.11
1378.06
13559.10
1425.03
1404.05
1407.15
1387.12
1399.04
1389.03
1389.03
13487.82
1471.04
1392.13
1406.19
1389.03
1384.02
1391.89
1383.07
13418.91
1521.11
1409.05
1402.14
1389.98
1384.02
1399.99
1389.03
1381.16
13483.05
1448.15
1397.13
1417.16
1393.08
1374.01
17585.99
1422.17
1405.95
1394.99
1390.22
17504.93
1456.02
1391.17
1399.99
1379.97
1383.07
17602.92
1419.78
1410.96
1406.91
1392.13
17501.12
1472.95
1412.15
1401.90
1386.88
1389.03
17601.97
1436.00
1396.89
1418.11
1404.05
17467.98
1485.82
1402.85
1403.81
1398.09
1399.99
17518.04
1470.09
1405.95
1410.96
1397.13
1379.97
17560.01
1430.03
1417.88
1403.09
1383.07
17524.96
1472.00
1414.06
1418.83
1394.03
1393.08
17612.93
1420.97
1413.82
1401.90
1385.93
17521.86
1477.00
1399.99
1442.91
1515.87
1384.97
17612.93
1415.97
1395.94
1384.97
1382.83
17508.98
1492.02
1410.01
1410.96
1384.97
1385.93
17591.00
1438.86
1412.87
1390.93
1387.83
17501.83
1478.91
1408.10
1415.01
1393.08
1384.97
17574.07
1443.15
1409.05
1416.92
1396.89
29488.80
1537.08
1406.19
1405.95
1405.95
1400.95
25554.18
1477.00
1413.11
13603.93
1427.89
1405.00
1405.00
1392.84
29537.92
1523.97
1519.92
1407.86
1393.80
1383.07
25640.96
1430.99
9496.93
1470.09
1402.85
13520.00
1470.09
1412.15
1401.90
1386.88
1374.01
17575.98
1434.09
1410.96
11626.01
1471.04
1408.10
1401.90
11672.02
1420.02
1410.96
11620.04
1451.02
1415.97
11564.02
1514.20
1425.03
1419.07
11636.02
1446.01
1404.05
11571.88
1510.86
1403.09
1384.02
16718.86
1459.84
1406.91
11610.98
1492.98
1408.10
1386.17
11656.05
1448.87
1416.21
11590.00
1469.85
1411.91
1401.90
11667.97
1429.08
1410.01
11636.02
1467.94
1398.09
1385.93
12099.03
1438.86
1396.89
16691.92
1478.91
1400.95
1418.11
16782.05
1410.96
1391.17
16827.11
1446.01
1400.95
17066.96
1478.91
1394.99
1410.96
16805.89
1416.92
1398.09
16687.15
1473.19
3937.01
1427.89
1425.98
16697.17
1477.00
1434.09
1404.05
16788.96
1446.01
1386.88
11641.03
1464.13
1413.11
1405.95
11706.11
1415.97
1410.01
11629.10
1473.19
1403.09
1399.04
16793.01
1420.02
1394.99
11638.16
1470.09
1419.07
1387.83
11693.95
1437.90
1395.94
11621.00
1451.02
1407.15
1389.03
11689.90
1420.97
1432.18
11634.11
1477.96
1410.96
11574.98
1516.82
1416.92
1396.18
11639.12
1465.08
1398.80
11595.96
1479.86
1410.01
1405.00
11645.79
1441.00
1399.04
2753.97
1418.83
1409.05
11613.13
1456.98
1405.00
1390.93
11700.15
1410.96
1394.99
11638.16
1472.00
1392.84
1379.01
11673.21
1428.13
1387.12
10411.02
11742.83
1428.84
1404.05
11615.04
1468.90
1415.01
1406.91
11682.99
1430.99
1414.06
11605.98
1446.01
1405.95
1391.17
11599.06
1430.99
1400.95
11615.99
1476.05
1407.15
1412.15
6611.11
1429.08
1410.01
16695.02
1469.14
1430.03
1393.80
16800.88
1433.13
1414.06
16697.17
1494.17
1414.06
1390.93
16783.00
1431.94
1403.09
16718.15
1495.12
1422.17
16644.95
1538.04
1443.15
1404.05
13584.14
1441.00
16710.04
1494.88
1406.91
16649.01
1548.05
1420.02
1397.13
16744.85
1462.94
1417.88
11632.92
1477.96
1430.99
1396.89
10407.92
1451.02
1399.99
1376.87
11590.00
1453.88
1387.83
1397.85
11695.86
1410.96
1389.03
11610.03
1471.04
1395.94
1386.88
11692.05
1426.94
1390.93
10340.21
11667.01
1448.87
1410.96
1399.99
11694.91
1415.97
1396.18
11615.04
1443.86
1415.97
1383.07
11691.09
1412.15
1415.01
11617.90
1446.96
1402.14
1430.99
11682.03
1409.05
1394.99
11634.11
1466.04
1405.00
1405.00
11667.01
1423.12
1403.09
11613.13
1445.06
1425.03
11446.00
1538.04
1412.15
1409.05
11636.97
1453.88
1405.95
1392.13
6590.13
1417.16
1405.00
11601.92
1441.96
1421.21
1389.98
11708.02
1425.03
1410.01
11615.04
1453.16
1389.03
1391.89
11724.00
1415.01
1404.05
10227.92
6620.17
1443.15
1400.95
11580.94
1466.99
1456.98
1391.17
11695.15
1432.18
1409.05
16633.99
1480.10
1420.02
1403.09
11694.91
1427.89
17481.80
1498.94
1415.97
1396.18
16695.02
1458.88
1405.95
1402.85
16788.96
1431.23
1410.01
15400.17
11711.12
1462.94
1407.15
12090.92
1478.91
1407.86
1390.93
16784.91
1423.84
1392.84
16716.00
1473.90
1399.99
16861.92
1495.12
1407.15
1385.93
17226.93
1411.91
1394.99
16730.07
1474.14
1411.20
16500.00
1549.96
1417.16
1394.03
16312.84
1466.99
1394.03
13184.79
1418.11
1415.01
16729.83
1471.04
1409.05
1413.82
16721.96
1423.84
1410.01
20037.17
1493.22
1405.95
1404.05
1389.98
23135.90
1448.87
1415.01
1399.04
1385.21
25515.08
1489.16
1396.18
13535.02
1474.86
1406.91
1401.90
1391.89
1378.06
25624.04
1439.81
21534.92
1502.04
1412.15
13536.93
1453.88
1389.98
1397.13
1394.03
1385.93
25613.07
1430.03
13509.04
1468.90
1411.91
1409.05
1395.94
1384.97
11677.98
1433.85
1411.91
11617.90
1471.04
1415.01
1390.93
11706.11
1412.87
13171.91
1468.90
1399.04
1405.95
11684.89
1428.84
1399.99
11630.06
1462.94
1407.86
1381.87
10470.87
1415.97
1392.84
1394.99
11643.17
1428.13
1402.14
11607.17
1496.08
1409.05
1394.99
11650.09
1436.95
1399.99
11590.00
1468.18
1415.01
1382.83
11627.91
1430.99
1420.02
11188.98
1513.00
1398.09
18164.16
1480.82
1409.05
1398.09
16792.06
1423.84
1426.94
16693.83
1472.00
1415.01
1388.07
11698.96
1429.08
13056.99
1456.98
1405.95
16668.08
1521.83
1411.91
1415.97
16709.09
1441.00
1399.04
16353.13
1533.99
1415.97
1402.14
16698.12
1472.00
13247.97
1503.94
1406.91
1407.86
11690.86
1449.11
1405.95
11615.99
1463.17
1415.97
1398.09
9123.09
1436.00
11672.02
1414.06
1399.04
11623.86
1459.84
1389.03
1411.20
1523.02
1433.85
1401.90
11613.85
1467.94
1425.98
11572.12
1520.16
1404.05
1421.93
11659.15
1440.05
1391.89
11606.93
1502.99
1419.07
1398.80
9866.95
6556.99
1463.17
1401.19
1399.99
11685.85
1421.93
1405.00
10361.91
6658.08
1430.99
1393.08
11601.92
1456.98
1414.06
1405.95
11676.07
1426.94
3245.12
1449.11
1410.01
1392.84
11697.05
1420.97
1421.93
11610.98
1465.08
1407.15
1416.92
11672.02
1420.97
1399.99
11623.86
1461.98
1408.10
1407.15
11655.09
1430.03
1413.82
11618.85
1461.98
1417.88
1399.99
1535.89
1420.02
1411.20
11620.04
1450.78
1390.93
1410.96
16791.11
1423.12
1397.13
11635.07
1484.16
1411.20
11564.97
1523.97
1425.98
1417.88
11626.01
1446.01
1415.97
11571.17
1495.12
1408.10
1408.10
11655.09
1446.96
1405.00
11610.98
1476.05
1413.11
1435.04
9908.20
6575.11
1456.98
1407.86
1385.93
11673.93
1433.85
1395.94
10277.99
6631.14
1431.94
1411.91
11608.84
1451.97
1430.99
1402.14
11685.13
1419.07
1415.97
11614.08
1455.07
1405.00
1408.82
11707.07
1433.13
1398.09
16923.19
1479.15
1400.95
17177.82
1486.06
1419.07
1417.16
16793.01
1432.90
1415.97
16534.09
1485.82
1414.06
7864.00
1432.90
1392.84
21774.05
1483.92
1421.93
1410.96
16802.79
1445.06
1414.06
16577.01
1479.15
1409.05
12939.93
1431.94
1394.99
13506.89
1466.04
1398.80
1405.95
1391.89
1389.98
33623.93
1440.05
13515.00
1487.97
1407.86
1413.82
1402.85
1389.03
25609.97
1440.05
1392.13
13585.09
1429.80
1414.06
1399.99
1392.84
25505.78
1480.10
1394.99
13617.04
1448.15
1410.01
1392.13
1385.21
25512.93
1497.03
1415.01
13530.02
1467.94
1417.16
1418.11
1390.93
1389.98
25598.05
1423.84
13519.05
1479.15
1439.09
1547.10
1394.99
1394.03
25604.01
1422.88
13520.00
1482.96
1406.19
1401.90
1395.94
1384.02
25569.92
1441.00
1405.95
13616.09
1426.94
1426.94
1398.09
1382.11
25527.95
1482.01
1403.09
13595.82
1441.96
1400.95
1408.82
1384.97
25496.01
1492.02
1412.15
13522.15
1480.82
1406.91
1420.97
1398.80
1386.88
25624.04
1419.07
13524.06
1485.11
1405.00
1421.93
1394.03
1384.97
25598.05
