1379.97
1376.15
21747.11
1499.89
1409.05
1384.97
26085.14
1440.05
1374.01
1361.13
21884.20
1441.00
1376.87
26821.85
1497.03
1380.92
1404.05
21888.02
1424.07
1388.79
21777.87
1515.15
1379.97
21517.04
6787.06
1488.92
1405.00
16721.01
1473.90
1389.03
21693.94
1558.07
1425.03
1387.12
21628.86
1420.02
1379.01
1371.86
21862.03
1410.01
1363.99
21770.00
1486.06
1375.20
25463.10
1528.98
1391.17
1389.98
1385.93
21778.82
1487.02
1399.04
25507.93
1567.13
1403.09
1383.07
1363.99
21877.05
1472.95
1382.11
21800.99
1496.08
1379.01
21541.83
1523.97
1389.03
1399.99
21772.86
1496.08
1399.99
1391.89
31222.11
1487.02
1399.99
1395.94
21874.90
1422.88
1369.00
26708.84
1472.95
1384.97
1362.09
21878.00
1438.86
1379.01
21595.95
1571.89
1415.01
13132.81
1436.00
1388.07
26772.02
1484.87
1390.93
1387.12
21874.90
1433.85
1370.91
17515.90
1469.85
1382.83
13596.06
1414.06
16715.05
1478.91
1401.90
1369.00
25702.00
1421.93
1389.03
1376.15
21787.88
1496.08
1384.97
1370.91
31100.99
1466.04
1385.93
1394.03
21875.14
1418.11
1394.99
17247.92
1399.04
1376.15
21634.10
1400.23
1382.11
1373.05
21873.95
1416.92
1383.07
26144.03
1495.12
1387.12
13386.01
1454.83
1374.01
21595.95
1444.10
1379.97
19032.96
1417.88
1400.95
19026.99
1474.86
12049.91
1542.09
1393.08
21800.04
1483.92
1392.13
26169.06
5091.91
1441.00
1382.11
1379.01
21713.97
1508.00
1394.03
1358.99
25588.04
1461.03
1368.05
1398.09
21745.92
1512.05
1407.86
1384.02
25928.02
1431.94
1389.98
1374.96
21785.02
1483.92
1401.90
26052.00
4942.89
6572.96
1442.19
1385.93
1361.85
21658.90
1414.06
23025.04
1474.86
1385.93
1359.94
21860.12
1416.92
1361.13
21640.06
1457.93
1388.79
17552.85
1448.15
1374.96
1390.93
20111.80
6656.89
1424.07
1363.99
25552.03
1517.06
1419.07
1389.98
1418.83
22006.99
1417.88
1375.91
25972.13
1504.90
1393.08
1389.98
21777.15
1487.97
1378.06
1375.91
26951.07
1415.01
1397.13
16709.09
1477.96
17517.09
6706.00
1442.91
1367.09
21749.97
1492.02
1381.87
21482.94
1523.97
1388.07
1382.83
21732.09
1492.02
1405.95
1361.85
21834.85
1459.12
1374.01
17213.82
1477.00
1377.82
21519.90
1507.04
1411.20
1413.11
21780.97
1484.16
1393.08
1377.11
26252.03
1409.05
1395.94
1362.80
21863.94
1430.99
1375.91
26853.08
1477.96
1379.97
21671.06
1550.91
1403.09
1372.10
21767.14
1524.93
1390.93
21517.99
5221.84
1407.86
1404.05
1373.05
21774.05
1494.88
1403.09
1378.06
21800.99
1437.90
21523.95
1497.03
1399.04
1404.05
1364.95
21911.14
1419.07
1374.01
21728.99
1469.14
1363.04
21600.01
1460.08
1370.91
1360.89
21768.09
1492.98
1393.80
1360.89
21880.87
1418.83
21440.98
1550.91
1418.11
1379.01
1368.05
21859.88
1418.11
1367.09
25809.05
1507.04
1400.95
18749.00
1468.90
1412.87
1384.02
21851.06
1405.95
1375.91
22614.00
1424.07
17551.18
1481.77
1387.12
23006.92
1461.98
1394.99
21734.00
1540.90
1403.09
1365.90
21755.93
1425.98
1387.12
7833.00
1419.07
1358.03
26838.06
1473.90
1398.80
1368.05
21902.08
1428.13
1373.05
21800.99
1482.01
1377.11
21511.08
6688.83
1414.06
1367.09
21780.01
1487.02
1380.21
1363.04
21630.05
1420.02
12986.90
1455.07
1379.97
17235.04
1505.14
1390.22
21538.02
1500.84
1391.89
1376.87
21695.85
1523.02
1397.85
1369.95
31258.11
1488.92
1409.05
1369.00
21853.92
1417.88
1372.10
26616.10
1514.91
1395.94
1384.02
21759.99
1482.01
1399.04
21535.16
1562.83
1393.80
7770.06
1489.16
1399.04
1363.99
26280.88
1416.92
1380.92
1372.81
26968.96
1427.89
1391.89
25238.99
1505.85
1410.01
1394.99
1389.98
21870.85
1429.08
1385.21
21703.96
1467.94
1369.95
21604.06
1451.97
1387.12
1357.79
21748.07
1490.12
1379.01
1369.00
21825.79
1400.95
1365.90
1610.04
1420.02
1394.99
1358.99
21823.88
1441.96
1364.95
21761.89
1489.88
1384.02
21528.01
1512.05
1382.11
1410.96
1364.95
21873.95
1408.82
1389.03
25860.07
1502.99
1377.11
1392.13
26847.84
1497.03
1389.03
17146.83
1490.12
1391.17
17463.92
1498.94
1394.99
21530.15
1502.04
1377.82
1390.93
21751.88
1477.96
1395.94
1363.04
26039.84
1420.02
1359.94
1369.00
26851.89
1466.04
1384.97
21527.05
6685.02
1425.03
1395.94
21770.95
1484.87
1386.88
21483.90
1537.08
1395.94
13055.09
1461.03
1404.05
17319.92
1478.91
1402.85
21516.08
1512.05
1406.91
1391.17
21764.04
1496.08
1379.01
1369.95
26191.95
1433.13
1383.07
1383.07
21888.97
1448.15
1372.10
26823.04
1488.92
1364.95
1369.95
21882.06
1406.19
1372.10
16697.17
1461.98
1389.03
1371.15
26960.13
1427.17
1435.04
21883.01
1481.06
1389.98
21701.10
1543.05
1410.96
1373.05
26765.11
1472.00
1416.92
21732.81
1515.15
1391.17
1386.17
21723.99
1453.16
1361.13
7807.97
1409.05
1355.89
26819.94
1472.95
1410.01
1379.01
16816.85
1405.00
1394.99
21777.15
1474.14
1391.17
1369.95
26958.94
1416.92
1387.12
21790.03
1488.92
1399.04
1361.13
21845.10
1402.14
1370.91
26777.98
1477.96
1414.06
1387.12
21872.04
1415.97
1396.18
21576.17
1475.10
1399.04
13042.93
1417.88
1387.83
17304.90
1427.89
1386.88
17562.87
1420.97
21498.92
1523.97
1411.91
1379.01
1367.09
21866.08
1426.94
1373.05
25888.20
1512.05
1394.03
1394.99
26805.16
1498.94
1384.97
1369.95
17230.03
1406.91
1374.96
17462.02
1399.04
21488.19
1502.04
1389.03
1379.01
1368.05
26962.04
1437.90
1388.07
17445.80
1420.97
1371.86
21640.06
1417.16
1388.07
1396.18
21878.00
1458.88
1399.99
26038.17
1524.21
1387.12
1394.03
21769.05
1491.07
1399.99
1373.05
26945.11
1413.11
1380.21
21790.98
1479.86
1394.99
1379.01
21883.01
1424.79
1374.01
26771.07
1463.89
1401.90
1379.97
21871.09
1451.02
1373.05
21609.07
1473.90
1385.93
7868.05
1396.89
1363.04
26140.93
1496.08
1376.87
1372.10
21785.02
1490.83
1412.87
1379.97
26948.21
1423.84
1405.95
21783.11
1473.90
1417.88
1369.95
21919.97
1408.10
1366.14
25223.02
1497.98
1387.83
1386.88
1367.81
21884.92
1420.02
2189.16
21800.04
1394.99
21511.08
1503.94
1391.17
1394.03
1363.99
21871.09
1452.92
1380.92
21759.99
1473.90
1375.91
21419.05
6665.95
1438.86
1379.97
18069.03
1480.10
1399.99
21888.02
1424.07
21455.05
1598.12
1415.01
1401.90
1387.83
21929.98
1519.92
1371.15
21817.21
1470.09
1384.97
21574.97
1472.00
1384.02
14054.06
1407.86
13184.07
1451.02
1374.01
21527.05
1496.08
1390.93
1374.96
21765.95
1494.88
1377.82
1370.91
21909.00
1410.01
1362.09
21641.97
1419.07
1384.02
1373.05
21887.06
13658.05
1454.11
1397.13
1369.00
26860.00
1472.00
1407.86
17493.96
1453.88
1374.96
21621.94
1442.91
1384.02
1374.01
21744.97
1474.86
1384.02
1359.94
21849.87
1413.11
21381.14
1605.03
1415.97
1395.94
1374.96
21831.99
1445.06
1380.92
25789.02
1519.20
1394.03
1394.99
1383.07
21887.06
1428.84
1380.92
31229.97
1525.88
1400.95
1376.15
21776.91
1461.98
1393.08
16875.98
1497.98
1397.13
17074.11
1539.95
1406.91
22401.09
1534.94
1407.86
1385.93
21839.86
1432.90
1384.02
21744.01
1510.86
1394.99
17332.79
1496.08
1390.93
21507.98
1508.00
1387.83
1417.88
1371.86
21864.89
1420.02
1371.15
26844.98
1470.09
1403.09
21705.15
1550.91
1417.88
1374.01
21815.06
1454.83
1394.03
12205.12
1485.11
1389.98
25661.95
6728.89
1477.00
1399.04
1374.01
21868.94
1394.99
1379.01
17346.86
1420.02
1386.17
22670.03
1419.07
1404.05
16704.08
1484.16
1405.95
21693.94
1571.89
1405.00
1367.09
25854.83
6684.06
1433.13
1386.17
21776.91
1469.14
1388.07
17153.98
1477.00
1396.89
21517.99
6698.13
1425.03
1391.89
21771.91
1489.88
1400.95
21487.00
1500.13
1391.17
1392.13
21768.09
1482.01
1405.95
1370.91
21884.92
1427.89
1381.87
26661.87
1485.11
1410.96
1394.03
16788.96
1440.05
1388.07
21759.99
1490.12
1396.18
1372.10
26803.97
1439.09
1382.11
21748.07
1504.90
1396.89
1378.06
21637.92
1416.92
17459.87
6766.08
1417.88
1386.88
16697.88
1461.98
1398.09
1378.06
21881.82
1425.98
1373.05
21531.82
1453.16
1379.01
1403.81
21876.10
1436.00
1389.03
21771.19
1521.11
1385.21
1374.01
27128.22
1425.03
1379.01
21780.97
1496.08
1384.97
16593.93
1562.12
1404.05
1377.11
25304.08
1477.00
1390.22
1383.07
1367.09
21886.11
1416.92
1391.89
25693.89
1507.04
1388.07
1386.17
21772.15
1496.08
1389.03
1370.91
26098.01
1429.08
1389.98
1375.91
21872.04
1433.13
1377.11
26825.90
1493.93
1402.85
1398.80
21888.97
1420.97
1374.96
21754.03
1492.02
1403.09
21400.21
6770.85
1419.07
1386.17
21785.97
1502.04
1387.83
1389.98
21671.06
1410.01
12913.94
1482.96
1394.03
1370.91
17276.05
1407.86
17398.12
1537.80
1405.95
21521.09
1507.04
1399.04
1384.97
1371.86
21887.06
1417.88
1380.21
26867.15
1472.95
1408.10
1377.11
1578.09
1424.07
1384.02
21806.00
1487.97
1390.93
17432.93
1441.00
1393.08
21637.20
1420.02
1390.93
1374.96
21775.96
1482.01
1395.94
1374.01
26058.91
1406.91
1398.09
1377.11
21877.05
1437.90
1384.02
31375.17
1497.98
1409.05
1394.03
21881.10
1433.85
1388.07
21538.02
1494.88
1377.82
13018.85
1464.13
1389.03
17278.19
1460.08
1389.03
17532.11
1461.98
1385.93
21666.05
1441.96
1394.99
1378.06
21762.13
1480.10
1389.98
1389.98
25915.15
1410.96
1399.04
1381.16
21874.90
1440.05
1384.97
26124.95
6716.97
1442.91
1384.02
21778.11
1482.01
1391.89
21510.84
6670.00
1405.95
1386.88
21793.84
1492.98
1388.79
1363.04
21727.09
1407.15
7776.02
1461.98
1372.81
1376.87
31497.00
1456.02
1396.89
1365.90
21866.08
1415.01
1385.93
25297.88
1486.06
1381.16
1409.05
1376.15
21883.96
1436.00
1394.99
21727.09
1477.00
1395.94
21623.85
1454.11
1396.18
1372.10
21780.97
1490.12
1406.19
1379.97
21843.91
1415.97
21524.19
1511.10
1407.15
1406.19
1383.07
21903.04
1426.94
1376.87
21806.96
1489.16
1400.95
21647.93
1445.06
1398.09
1392.13
21769.05
1484.87
1406.91
1387.83
25980.95
1425.98
1397.13
1379.97
26958.94
1437.90
1391.17
17269.13
1429.08
1386.88
17519.95
1424.07
1388.07
21643.16
1411.91
1391.17
1381.16
21873.00
1443.86
1389.03
25928.02
1517.06
1405.00
1410.01
26836.16
1513.00
1402.85
1384.02
26801.11
1437.19
1402.14
21761.89
1513.96
1399.04
1379.01
21651.98
1419.78
13001.92
1513.96
1394.03
17218.11
1551.15
1402.14
21499.16
1502.99
1387.12
1400.95
1371.86
21862.03
1434.09
1391.17
26098.01
1478.91
1386.88
1407.86
21788.84
1482.96
1401.90
1364.95
26918.89
1402.14
1399.99
21793.84
1484.16
1399.04
16632.80
1515.15
1415.01
1385.93
26880.98
1456.98
1394.99
21779.06
1487.97
1415.01
1381.16
21890.88
1441.00
1380.92
26629.92
1487.97
1410.96
1402.14
21876.10
1457.93
1389.03
21664.14
1487.02
1395.94
7736.92
1457.93
1384.97
1374.01
26939.15
1410.01
1398.09
16710.04
1461.03
1394.03
21701.81
1551.15
1420.97
1390.93
26904.82
1456.02
1389.98
21781.92
1476.05
1407.15
1380.92
21874.90
1439.09
1377.11
26637.08
1497.98
1403.09
1385.93
21858.93
1441.00
1382.11
21564.96
1497.03
1398.80
12941.12
1461.03
1380.92
17189.03
1461.03
1390.93
17451.05
1461.98
1378.06
21585.23
6675.96
1422.17
1378.06
21775.01
1465.08
1396.18
17396.93
1464.84
1393.08
21551.13
1468.18
1390.93
1400.95
21754.98
1499.89
1399.99
1387.12
21888.97
1426.94
1379.97
21635.06
1411.91
1398.09
1365.90
21863.94
1443.86
1374.01
25967.12
1525.88
1387.83
1399.99
21770.95
1490.83
1392.84
1372.81
26941.06
1418.11
1385.93
16704.08
1479.86
1413.82
1394.99
26932.95
1408.10
1379.97
26666.88
1478.91
1398.09
1375.91
21871.09
1419.07
1372.81
21562.81
1490.12
1393.08
12937.07
1442.91
1376.15
17197.13
1462.22
1385.93
17453.91
1453.88
1383.07
21608.11
1456.98
1379.97
1391.17
21754.03
1467.94
1394.03
1374.96
31149.86
1467.94
1390.93
1378.06
21877.05
1415.01
1376.87
17179.97
1428.84
1366.85
21579.03
1446.96
1386.17
1387.12
21768.09
1478.91
1392.84
1371.86
31497.00
1432.90
1389.98
21745.20
1499.89
1388.79
1371.86
21642.92
1439.09
12951.14
1538.04
1390.93
1386.17
17374.04
1427.89
22557.97
1496.08
1398.80
1388.07
16782.05
1427.89
1386.17
21747.11
1506.09
1394.99
1369.00
31046.87
1492.02
1415.97
1369.00
26403.90
1442.91
1384.97
1392.13
16808.03
1415.97
1398.09
21783.11
1470.80
1389.03
1371.15
26956.08
