1053.09
1024.96
1037.84
1032.83
1030.92
1025.92
1029.97
1017.81
1009.94
1012.09
1005.89
1007.08
1008.03
1009.94
17045.02
1044.99
1010.89
1026.87
1127.96
1020.19
1018.05
1029.01
1033.07
1019.95
1011.13
1007.08
1016.14
1007.08
1008.99
999.93
17100.10
1008.99
1006.84
995.87
999.93
991.11
993.97
993.01
1007.08
991.11
990.87
993.97
925.06
915.05
1047.85
1036.88
17100.81
1005.89
993.01
1003.98
977.04
970.84
972.03
2295.02
1019.95
1007.08
1005.89
1006.84
1003.98
1001.12
17025.95
1044.99
1020.91
1013.99
1008.03
1011.13
1008.03
997.07
999.21
998.02
993.97
998.97
997.07
986.10
981.09
984.19
17014.98
1019.00
994.92
970.84
964.88
992.06
986.10
993.01
984.91
982.05
981.81
980.85
972.03
977.04
990.15
977.04
16995.19
1035.93
995.87
984.91
986.10
967.03
1013.99
992.06
1001.12
969.89
977.99
988.96
989.91
988.96
985.15
982.05
988.96
13066.05
993.97
983.95
989.91
983.95
983.95
972.03
981.09
985.15
1013.99
1006.84
1015.90
25070.91
1002.79
993.01
994.92
990.87
1004.93
1011.13
1008.99
1015.90
1007.08
1008.03
29042.01
1069.07
1024.96
1026.87
1024.96
1018.05
1015.90
1013.04
1017.81
1019.00
1013.99
1012.80
25069.00
1059.06
1021.15
1023.05
1036.17
1021.86
1024.01
1024.01
1032.83
1019.95
1027.11
1019.95
25156.02
1069.07
1055.00
1058.82
1061.92
1055.00
1056.91
1036.88
944.85
958.92
961.07
17011.17
1068.12
1034.02
1028.06
1010.89
1013.04
1006.13
1005.17
1013.04
1003.98
1003.98
1001.83
1010.89
999.93
1003.98
1001.83
999.93
1004.93
1000.17
995.87
1000.88
998.02
986.10
978.95
969.89
970.13
959.16
961.07
962.97
985.86
986.81
984.91
988.01
982.05
983.95
980.85
987.05
988.01
987.05
983.00
963.93
953.91
949.14
950.10
951.05
947.00
947.00
947.95
948.91
954.15
955.10
951.05
952.01
962.02
964.88
962.97
952.96
957.01
955.10
954.15
952.01
920.06
895.02
1028.06
1019.95
1013.04
989.91
1000.17
1008.03
998.97
1005.89
1004.93
1007.08
1001.12
1003.03
1005.89
997.07
989.91
1000.17
998.02
1000.17
1007.08
996.11
998.02
997.07
1000.17
1003.03
993.97
999.93
994.21
1008.99
1004.93
1016.86
1023.05
1000.88
998.97
1006.13
998.02
993.97
988.01
982.05
970.13
1013.04
1025.20
1019.00
1036.17
1024.96
1029.01
1028.06
1034.02
1024.96
1029.01
1029.97
1002.07
992.06
998.02
991.11
993.97
987.05
991.11
992.06
1002.07
985.15
982.05
987.05
975.13
998.02
993.97
979.90
977.99
974.89
962.97
965.12
958.92
952.96
956.06
955.10
959.16
1013.99
1013.99
1007.08
1009.94
998.97
1006.13
1007.08
17035.96
1025.92
986.10
978.95
981.81
983.95
987.05
983.00
973.94
984.19
988.96
993.01
988.96
990.15
989.91
986.10
17014.03
1082.90
1016.86
1015.90
1013.99
1016.86
1013.99
1012.09
1022.10
1024.01
1022.10
1024.01
1019.00
1041.89
1076.94
1079.08
17128.94
1019.95
997.07
999.21
1009.94
996.83
995.87
1001.83
1005.89
999.93
1006.13
997.07
1054.05
1058.10
1055.96
1057.86
17068.86
985.86
974.89
985.15
983.00
973.94
979.19
977.99
987.05
983.00
987.05
981.09
1073.12
1062.87
1062.87
17088.89
1010.18
962.97
964.88
956.06
954.87
947.95
950.10
949.14
961.07
958.92
956.06
957.97
1006.13
1011.13
1008.03
1004.93
17067.91
1002.07
973.22
977.99
991.11
982.05
979.19
978.95
985.86
978.95
983.00
985.86
1003.03
983.00
986.10
985.86
17083.88
1012.80
1009.94
1000.17
1013.99
1003.98
1008.99
1007.08
1016.14
1006.13
1012.09
1002.07
1044.03
1034.02
1019.95
1016.14
17085.08
1021.15
1003.98
1012.09
1019.00
1006.84
1008.03
1019.00
1005.17
1009.94
1008.03
1008.03
1018.05
1029.01
1029.01
5035.88
1025.92
995.16
1011.13
5033.02
1039.98
1014.95
1006.13
5052.09
995.16
983.00
992.06
5041.12
1003.03
991.11
989.20
5024.91
998.97
980.85
972.99
17053.13
1026.15
997.07
997.07
997.07
989.20
986.10
992.06
961.07
967.98
972.03
968.93
982.05
972.99
978.95
976.09
17026.19
1053.09
1014.95
1002.07
1016.14
1002.07
1008.03
1001.12
995.16
961.07
967.98
964.88
967.03
966.79
965.83
967.03
17005.92
1003.98
961.07
951.05
954.15
950.10
961.07
957.01
964.88
965.83
962.97
963.93
970.84
1018.05
1021.86
1014.95
1013.99
1019.00
1008.99
1011.13
1008.99
1019.00
1008.99
1012.80
1004.93
993.97
1008.99
1024.01
17047.17
1011.13
962.97
949.86
958.92
996.11
997.07
997.07
1001.12
1001.12
988.96
993.97
1003.03
994.92
998.02
990.87
17006.16
1069.07
995.87
987.05
1001.12
990.15
993.01
992.06
993.97
988.96
988.01
981.09
992.06
988.01
988.01
983.95
983.95
17102.96
1018.05
1002.79
1013.04
1008.99
1008.99
1002.07
1007.08
1009.94
1000.88
1000.88
1008.03
988.01
993.01
997.07
37014.01
1050.00
1008.03
1004.93
1001.12
993.01
995.87
999.93
997.07
998.97
992.06
988.01
25026.08
1058.82
1014.95
1010.18
1017.09
1008.99
1007.08
1007.08
1009.94
1008.03
1005.17
1002.07
25054.93
1050.00
1013.99
1005.89
1017.09
1008.03
1004.93
1005.17
977.04
1002.07
994.21
1003.03
1014.95
1005.89
1009.23
1004.93
21104.81
1011.85
992.06
998.02
1003.98
997.07
995.87
989.20
1002.07
989.91
995.87
990.87
29069.90
977.04
968.93
959.87
961.78
954.87
956.06
952.01
972.03
948.91
951.05
952.01
24995.09
1009.94
977.99
960.11
959.87
956.06
958.92
947.95
960.11
955.10
946.04
950.10
957.01
25087.12
995.87
984.19
982.05
991.11
972.03
977.99
979.90
979.19
967.03
967.98
960.83
981.81
984.91
986.10
977.04
17068.15
966.07
956.06
954.15
962.02
953.20
952.01
950.10
954.15
948.91
949.86
944.85
955.82
1075.03
1085.04
1083.14
17134.90
979.90
964.88
962.02
972.03
962.97
958.92
952.96
952.01
977.04
984.19
987.05
996.11
987.05
998.02
991.82
993.01
996.11
992.06
996.11
982.05
982.05
987.05
989.91
984.19
994.92
980.85
983.95
1002.07
1058.10
1046.18
1039.98
1028.06
961.07
961.07
955.82
962.97
997.07
995.16
991.11
988.96
1007.80
1008.99
1006.13
1004.93
971.79
973.94
967.03
964.88
986.81
997.07
998.02
997.07
1003.98
998.02
1001.12
982.05
992.06
988.96
993.01
983.95
1030.21
1036.88
1034.02
1032.11
993.97
978.95
983.00
978.95
970.13
964.88
962.97
966.07
957.01
960.11
949.14
955.10
994.92
998.97
997.07
982.05
1000.17
993.97
990.87
981.81
997.07
981.09
985.86
990.87
1003.03
1000.88
999.93
1000.17
1004.93
998.02
992.06
991.11
1003.03
997.07
995.16
993.01
953.20
987.05
991.11
995.87
1004.93
993.01
994.92
998.02
1003.98
993.01
994.21
988.01
1008.03
954.87
952.01
953.91
955.82
949.86
952.01
952.01
948.91
954.15
947.95
952.96
962.02
1044.99
1046.90
1043.80
1065.02
1044.03
1049.04
1040.94
1054.05
1044.03
1045.23
1047.85
17114.88
1005.89
995.87
988.96
1022.10
1040.94
1039.98
1039.98
1036.88
1040.94
1026.15
1041.89
1029.97
1026.15
1030.92
17065.05
1039.98
1020.91
1006.13
1023.05
1093.15
1091.96
1088.86
1096.96
1089.10
1087.19
1090.05
1091.00
1085.04
1087.19
25111.91
1085.04
1054.05
1049.04
1055.00
1041.89
1043.08
1048.09
1049.04
1045.94
1045.94
17073.15
1070.98
998.02
998.97
1012.80
990.87
993.01
993.97
17021.89
1050.00
997.07
990.15
994.92
989.20
988.96
988.01
25024.89
1121.04
1094.10
1083.14
1091.96
1083.85
1086.95
1085.04
21133.18
1017.09
1003.98
1006.84
998.02
988.01
985.15
980.14
1041.89
1033.07
1048.09
25069.95
1033.78
983.95
977.04
979.90
988.01
1000.88
1003.98
1009.94
1001.83
993.97
991.11
17031.19
1059.06
1021.15
1007.08
1003.03
971.08
982.05
977.04
973.94
972.03
972.99
972.03
983.95
975.85
977.04
967.03
962.97
1043.08
981.09
974.89
972.03
979.90
972.99
962.97
958.92
17093.18
1008.03
1000.17
998.02
1001.12
993.97
990.87
990.87
964.16
957.97
957.01
956.06
957.01
958.92
951.05
956.06
17068.15
1043.08
1034.98
1025.92
1034.02
1024.01
1027.11
1028.06
1032.11
1023.05
1022.10
1019.00
1020.91
1006.13
1004.93
5045.89
1029.97
1017.09
993.97
993.01
983.00
991.11
987.05
990.87
976.80
985.86
981.81
985.86
983.00
990.87
977.04
17000.91
1069.07
1016.14
998.02
1017.09
1013.04
1000.88
1003.03
988.96
963.93
977.04
979.90
984.91
977.99
974.89
974.89
974.18
17143.01
1068.12
1059.06
1063.11
1044.99
1050.95
1042.13
1050.00
1041.17
1037.12
1044.03
25141.95
1014.95
1003.98
997.07
1009.94
1000.88
1003.03
1002.07
25099.99
1003.98
985.15
987.05
989.91
980.85
980.85
980.85
987.05
983.00
981.09
979.19
25135.04
1065.97
1059.06
1050.95
1048.80
1045.94
1046.18
1048.09
1044.03
1044.03
1044.99
29103.04
1022.10
999.93
995.87
994.92
982.05
982.05
972.03
977.99
962.97
957.97
956.06
957.01
953.91
945.81
953.91
16991.85
1010.89
969.89
972.99
977.04
985.86
978.95
973.22
973.94
986.81
977.04
988.01
984.19
998.02
993.97
990.87
991.82
13078.93
1005.17
997.07
1003.03
998.02
993.01
999.93
997.07
1002.79
994.92
993.01
25033.95
1054.05
999.93
999.93
998.02
998.02
995.16
991.11
993.97
991.11
996.11
995.16
25025.13
1064.06
993.97
980.85
970.84
978.95
978.95
973.94
971.08
972.99
976.09
972.03
970.13
25088.07
998.97
996.83
998.97
995.16
989.91
994.92
995.87
1000.17
992.06
993.97
17019.03
1018.05
963.93
962.02
954.87
1017.81
1004.93
1008.03
1014.95
1005.17
1006.13
1004.93
1013.99
1008.99
1005.17
1008.03
17030.00
1020.91
968.93
965.12
968.93
977.99
980.14
972.99
971.08
986.81
973.94
967.03
965.12
971.08
964.16
966.07
959.87
17062.90
993.97
977.99
983.95
988.96
954.87
950.81
952.01
960.11
956.06
957.01
952.96
962.97
959.87
958.92
958.20
17004.01
1048.09
1016.14
1018.05
1011.13
958.20
959.87
967.03
981.09
964.88
967.98
957.01
960.83
969.89
969.17
957.01
16978.03
1019.00
965.12
957.97
956.06
962.02
958.92
959.87
963.21
966.07
963.93
970.84
972.03
986.10
989.91
984.91
991.11
17091.99
1010.89
991.82
990.87
962.97
977.99
988.01
998.02
995.16
987.05
999.93
988.96
1008.99
1002.07
999.93
998.97
17115.12
1004.93
992.06
993.97
996.11
988.01
988.96
988.96
957.01
1008.99
1001.83
1012.80
1009.94
1008.99
994.92
1007.80
17112.02
1012.09
993.01
995.87
1004.22
983.95
990.15
980.14
992.06
979.90
977.99
978.95
973.94
1010.18
1019.95
1013.04
13053.89
975.85
964.88
957.01
967.98
965.12
957.01
955.10
961.07
954.15
957.01
963.21
25005.10
1013.99
967.98
961.07
972.99
964.88
961.07
959.87
964.88
966.07
958.20
962.97
24997.00
1021.86
964.88
964.88
962.02
964.88
961.07
962.97
961.07
970.13
961.07
959.16
960.83
25061.85
977.04
968.93
963.93
969.17
962.02
962.97
954.87
962.97
962.02
957.97
958.92
25013.92
1042.13
998.97
993.01
1001.12
993.97
993.01
988.01
1004.22
995.87
990.87
992.06
25069.00
1039.03
1021.86
1006.84
1017.81
991.82
983.00
976.09
980.14
968.93
963.93
961.07
963.21
957.01
949.14
949.14
16994.95
1020.91
980.14
982.05
984.19
982.05
972.99
980.14
971.08
983.00
988.96
1001.12
1005.89
1005.89
1000.17
1003.03
17030.00
1020.91
979.90
976.80
972.99
965.12
967.03
967.98
973.94
966.07
965.12
957.97
958.92
983.95
977.04
970.13
967.03
17057.90
972.99
963.93
959.87
961.07
955.82
955.82
954.87
964.88
957.97
955.10
957.97
962.97
956.06
953.91
957.01
16983.99
1002.07
972.99
961.07
976.09
958.92
954.87
949.86
966.79
962.02
964.16
954.87
951.05
25079.01
982.05
968.93
971.08
972.03
959.87
961.07
958.92
972.03
981.81
1027.82
964.88
29090.88
1022.10
1015.19
1019.00
1027.11
1021.15
1019.00
1009.94
1024.01
1016.14
1018.05
1019.95
998.02
983.00
985.15
21022.08
1065.02
1016.86
1004.93
1003.98
1003.03
1003.03
999.93
988.96
964.16
979.90
972.99
968.93
967.98
960.11
962.02
961.07
17084.12
995.87
988.01
985.86
983.00
978.95
970.84
977.04
989.91
977.99
972.03
971.08
982.05
975.13
972.99
974.89
17074.11
994.21
983.95
977.04
983.00
967.98
964.16
962.02
957.01
952.96
962.02
962.02
963.93
962.97
960.11
960.11
17001.87
1050.00
1063.11
1008.99
1003.98
1008.99
1004.93
1000.17
992.06
988.96
988.01
983.00
989.20
977.04
983.95
988.01
17034.05
1044.03
1002.79
993.97
1006.13
992.06
1001.12
998.02
985.86
1016.14
1018.05
1011.13
1018.05
1015.19
1013.99
1012.80
17081.98
990.15
976.09
971.08
981.09
981.09
983.00
974.89
983.95
977.99
976.09
972.03
984.91
972.99
983.95
981.09
17022.13
1023.05
994.92
996.11
1001.12
996.11
993.01
993.01
994.92
997.07
1000.17
996.11
972.03
947.00
947.00
956.06
16989.95
1042.84
1001.83
997.07
992.06
1008.03
1013.04
1014.95
1013.99
1008.99
1018.05
1008.99
1017.09
1008.99
1012.09
1003.98
17081.02
1017.81
988.96
980.14
990.15
972.03
977.04
973.22
971.08
972.99
972.03
967.03
973.94
993.97
989.91
979.90
17015.93
1015.19
976.09
971.08
961.07
987.05
996.11
993.97
991.82
983.00
987.05
992.06
990.87
990.87
991.11
992.06
17027.85
1024.96
972.03
958.92
966.07
959.16
966.07
962.02
957.97
1029.01
1022.10
1016.86
1019.95
1016.14
1010.89
1013.99
13050.08
1019.95
959.87
955.82
966.07
952.96
965.12
967.03
967.03
977.04
967.03
965.12
959.87
5051.85
977.04
972.99
964.88
5042.08
978.95
972.03
969.17
5054.95
1019.95
1018.05
1002.07
5015.13
966.07
972.03
966.07
970.84
966.79
962.97
967.03
980.14
976.09
962.97
966.79
974.89
974.89
978.95
974.89
17040.01
1059.06
1020.91
1014.95
982.05
963.93
974.18
976.09
974.89
972.03
976.09
976.09
970.13
976.09
972.03
972.03
21017.79
1014.95
986.81
977.04
978.95
977.99
971.08
977.04
976.09
982.05
969.89
969.17
21006.11
1044.03
996.11
985.15
988.01
977.99
977.99
972.03
980.85
973.94
976.09
972.99
973.94
25050.16
975.13
966.07
965.12
962.97
962.97
958.92
962.97
969.17
969.89
977.04
973.94
25118.83
1006.84
994.92
993.97
967.03
960.11
957.01
958.20
965.12
952.01
956.06
956.06
25041.82
986.81
967.98
956.06
964.16
957.01
957.01
947.00
959.87
961.07
967.03
966.07
25002.00
1024.01
972.03
968.22
974.89
972.03
968.93
972.03
973.94
973.94
972.99
970.13
966.07
29082.06
995.16
983.95
978.95
983.95
973.94
967.98
965.83
987.05
977.04
977.99
981.81
987.05
973.94
975.85
984.91
17053.13
963.93
956.06
952.01
955.82
949.86
948.91
950.10
957.01
960.83
961.07
967.03
957.97
997.07
992.06
999.93
17048.84
1045.94
1009.94
1005.17
988.96
955.82
962.97
964.88
967.98
966.07
970.13
971.08
972.99
967.98
971.08
971.08
16987.09
1030.92
976.09
972.99
967.03
967.98
969.89
965.12
964.16
977.04
1000.17
1009.94
993.01
1011.85
1004.93
1005.17
1003.03
25081.16
981.09
972.99
965.83
974.89
971.79
967.98
962.02
978.95
965.12
971.08
966.07
25101.18
1008.99
998.02
993.01
1003.03
1002.07
988.96
983.95
961.07
993.01
990.87
995.87
1014.95
969.17
970.13
963.93
17070.06
1019.95
1011.13
1013.04
1019.00
1007.08
1011.13
1008.99
1019.00
1007.08
1005.17
1008.99
1012.09
990.15
983.95
992.06
17109.87
1019.95
1005.17
1014.95
1021.86
1013.04
1008.03
1008.99
1044.99
1037.12
1046.90
1042.84
1036.88
1041.17
1039.98
1008.99
983.00
981.09
994.21
992.06
996.11
986.10
991.11
995.87
990.87
988.01
988.01
988.96
1007.08
1004.93
1013.99
1013.04
1012.09
1008.99
1009.94
1014.95
1011.85
1013.04
1007.80
1012.80
1054.05
1058.10
1060.96
1075.98
1059.06
1061.92
1063.82
1077.89
1066.92
1064.06
1059.06
1006.13
1006.13
1008.03
1010.18
1009.94
1009.94
1001.12
1013.99
1002.07
1008.99
1008.03
1008.99
982.05
989.20
979.90
977.99
967.03
965.83
962.97
977.04
1052.14
1038.07
1031.16
17071.96
999.21
963.93
957.97
947.95
988.01
983.00
977.99
979.90
979.19
965.12
977.04
960.11
966.07
957.97
953.91
954.15
17050.98
963.93
954.15
952.01
957.97
949.86
944.85
947.95
957.97
948.91
961.07
953.20
958.92
957.01
952.01
952.01
24986.03
1016.14
957.01
959.16
967.98
961.07
961.07
967.03
965.83
970.84
968.93
969.89
967.98
25069.00
968.22
971.08
964.88
969.89
960.83
967.03
962.97
980.85
978.95
983.95
980.85
13089.90
972.03
963.93
954.87
944.85
997.78
998.97
1010.18
1014.95
1001.83
1006.84
1004.93
25104.05
1024.01
1008.03
1007.08
1014.95
1003.98
1005.17
1004.93
1013.99
1013.99
1003.03
1016.86
25087.83
1003.98
1003.98
1000.88
1005.89
999.93
1008.03
1008.99
1001.83
1001.83
998.02
17045.97
1103.88
1056.91
1058.82
1061.92
1050.00
1056.91
1050.00
1056.91
1049.04
1046.90
1050.00
1016.14
1004.93
998.97
1007.08
17056.94
967.98
955.82
959.87
974.89
963.21
957.01
952.01
960.11
950.10
951.05
950.81
954.87
952.01
947.00
948.19
16989.95
1061.92
1024.01
1013.04
1012.09
1018.05
1008.03
1007.08
988.01
952.01
948.91
941.04
953.91
947.95
951.05
951.05
959.87
17134.19
1064.06
1050.00
1046.90
977.99
973.94
970.13
972.03
959.87
959.16
957.97
955.10
955.10
949.14
952.96
957.01
17122.98
1028.06
1019.00
1034.98
1014.95
1024.01
1015.90
1022.82
968.93
962.97
958.92
960.83
962.02
952.01
952.01
947.95
17086.03
979.90
982.05
969.17
981.09
971.08
963.93
961.07
954.87
998.02
1011.13
998.97
1005.17
994.92
1012.09
1005.89
17106.06
1006.13
993.01
985.15
1004.93
985.86
985.86
977.99
989.91
968.93
969.17
967.03
25043.01
967.03
946.04
942.95
957.01
947.95
948.91
959.16
952.01
960.83
958.92
960.11
28993.13
1049.04
991.82
983.00
988.96
986.10
971.08
971.08
975.13
980.14
978.95
969.89
967.03
990.87
993.01
998.02
17008.07
1039.98
998.97
988.01
982.05
981.09
977.04
976.09
985.15
980.14
984.91
980.85
973.94
29088.97
1034.02
1003.98
1014.95
1009.94
1007.08
1013.99
1019.00
1008.99
1008.99
1008.99
13036.97
1055.96
1009.94
1009.94
1019.00
1008.99
1009.94
1012.09
1018.05
1008.03
1013.04
1007.08
25058.98
993.97
957.01
952.01
955.10
1008.99
998.02
1000.88
1000.17
999.93
998.97
991.11
1003.03
995.87
996.83
990.87
17038.82
1025.92
993.01
973.94
985.15
983.00
985.86
977.04
971.79
1008.03
994.92
998.97
998.97
1003.98
995.16
999.93
37042.14
1012.09
966.79
953.91
959.87
950.10
954.15
951.05
959.16
957.01
956.06
962.02
961.07
29089.93
1008.99
1003.03
1002.07
993.97
993.01
992.06
995.87
994.92
990.15
991.11
998.97
977.99
993.01
982.05
990.15
17086.03
1009.23
998.02
1001.12
994.92
988.96
994.21
993.01
997.07
996.11
993.97
993.01
939.85
947.95
948.19
945.09
9058.00
985.15
970.13
974.89
975.85
970.84
968.93
972.03
977.99
972.99
973.94
977.99
25082.83
1011.85
989.91
987.05
1003.03
992.06
988.96
988.96
25082.11
976.09
949.14
956.06
961.07
972.03
970.84
967.03
967.98
962.02
955.82
956.06
954.87
955.82
949.86
949.86
16979.93
1050.00
1011.85
1000.88
986.81
947.95
945.09
945.09
951.05
950.81
953.91
952.96
957.97
1011.13
984.91
977.99
983.95
17065.05
986.10
966.07
961.07
972.99
964.88
955.82
955.82
968.93
961.07
957.01
960.83
962.97
985.15
983.00
987.05
17021.89
1040.94
1001.12
992.06
996.11
989.91
988.96
986.10
17055.99
1013.04
989.91
988.01
999.93
988.96
996.11
993.01
988.96
983.95
988.01
988.01
984.19
1002.07
1003.98
1001.12
17072.20
998.02
998.97
977.04
976.09
967.03
969.17
961.07
979.90
977.04
972.99
964.88
1018.05
979.19
986.10
972.03
17007.11
1050.00
1010.89
1013.99
1009.94
967.03
977.99
974.89
983.00
982.05
973.94
967.03
13006.93
1036.88
985.86
966.07
968.93
968.93
972.03
967.03
964.88
970.13
954.15
955.10
955.10
25067.09
972.03
958.20
951.05
967.98
952.01
957.01
954.15
972.99
991.82
980.85
986.10
25090.22
1013.99
1003.03
996.83
998.02
1008.03
1008.03
1006.84
1012.80
1006.84
1003.98
1008.99
25104.05
1006.13
998.97
1002.79
1006.84
990.87
988.01
990.87
998.97
986.10
986.10
987.05
13065.10
980.14
962.02
959.87
962.97
953.91
963.93
959.16
972.99
1006.13
1002.07
997.07
25045.16
891.92
861.88
861.88
885.01
903.84
917.91
947.00
957.01
957.01
954.15
952.01
952.01
25069.00
972.03
962.02
955.82
964.88
954.87
959.87
962.97
966.07
960.11
955.10
958.92
25010.82
1039.98
1019.00
1014.95
1008.03
1000.17
1002.07
1003.98
987.05
945.09
957.01
957.01
25006.06
1033.07
1011.13
994.92
992.06
947.95
943.90
948.19
951.05
948.91
944.85
952.01
16989.95
1035.93
1003.03
989.91
982.05
979.90
974.89
965.83
977.04
959.87
961.07
953.91
955.82
959.87
950.81
947.00
952.01
17056.23
983.00
959.87
956.06
963.93
962.02
950.10
949.14
951.05
992.06
1010.18
1013.04
1008.03
1002.79
1020.91
1008.99
21101.95
977.99
966.07
958.92
9039.88
993.97
977.99
970.84
25072.81
1025.92
1013.04
999.93
1001.12
1013.99
1001.12
999.93
1003.98
994.92
993.97
994.92
25066.85
983.95
970.13
962.02
970.13
960.11
962.97
958.92
970.13
960.11
962.97
959.87
29011.01
1020.91
984.91
978.95
983.95
972.99
972.99
971.79
968.93
977.04
978.95
974.18
977.04
972.03
971.08
971.08
17004.97
1054.05
1013.04
1003.03
1003.98
1002.07
1005.17
998.02
990.15
962.97
978.23
981.09
983.00
967.03
972.99
968.93
16998.05
1042.84
1001.83
990.87
1003.98
998.97
991.82
988.01
993.01
971.08
967.98
972.03
965.83
975.85
962.97
967.03
967.03
17061.00
969.17
960.11
961.07
966.07
956.06
951.05
951.05
958.92
954.15
946.04
949.14
952.01
945.09
941.04
945.81
16978.03
996.11
962.02
953.91
960.11
966.07
953.20
953.91
958.92
970.13
960.11
955.10
962.02
962.02
953.91
955.10
961.07
17050.98
966.07
958.92
948.91
963.21
956.06
955.10
953.91
957.01
953.91
948.91
953.20
960.11
959.87
959.87
956.06
16965.87
1064.06
995.16
993.97
995.87
968.93
962.97
964.88
965.83
967.98
963.93
962.02
958.92
968.93
963.93
964.16
957.97
17096.04
1067.88
1053.81
1062.87
1069.78
1059.06
1060.96
1043.08
1010.18
998.97
998.02
1003.98
996.11
997.07
996.11
17038.11
1096.01
1067.88
1064.06
1086.95
1080.04
1076.94
1068.12
1079.08
1071.93
1067.88
1060.96
995.16
1009.94
1002.07
5024.91
1019.95
1008.99
991.11
5021.10
1027.11
1011.13
1001.12
5032.06
1076.94
1055.96
1042.13
5095.01
1070.02
1051.90
1058.82
5099.77
1007.08
1003.98
1001.12
5035.88
957.01
947.95
947.95
5028.96
960.11
951.05
948.91
952.96
946.04
951.05
952.96
947.00
954.87
953.91
955.10
24997.00
1042.84
999.93
1004.22
977.99
970.84
962.97
963.93
967.98
966.07
961.07
962.97
24995.80
1063.11
1012.09
1004.93
1006.84
1010.89
1010.18
1003.03
1004.93
1005.89
1008.99
1005.89
25053.02
1043.08
1002.07
1003.03
992.77
990.87
982.05
979.90
996.83
973.94
978.95
973.94
25001.05
1030.92
980.85
983.00
967.98
967.98
972.99
971.08
973.94
978.95
968.93
968.22
973.94
25044.92
956.06
955.82
952.01
957.97
950.10
948.19
949.86
948.91
996.83
988.96
983.95
1003.03
988.96
985.86
981.09
993.01
988.01
983.00
987.05
962.97
981.09
999.93
999.93
1003.98
1000.88
994.92
995.16
1012.09
987.05
1003.03
1000.17
986.10
981.09
977.04
982.05
981.81
987.05
977.99
986.10
990.15
983.00
983.00
978.95
973.94
1008.99
1007.08
1007.08
1002.07
1003.03
1003.03
1002.07
1008.03
1003.98
1002.07
1000.88
998.97
1008.99
1021.15
1017.09
1028.06
1018.05
1021.15
1019.00
1024.96
1019.95
1018.05
1013.99
987.05
940.08
952.96
954.87
963.93
957.97
957.97
955.10
965.12
958.92
957.97
958.20
962.97
956.06
955.82
958.92
961.07
962.97
956.06
962.97
958.20
962.02
956.06
954.15
957.01
962.97
997.07
998.02
1002.07
997.78
990.87
993.01
978.95
983.00
962.02
964.16
955.10
950.10
953.91
949.86
946.04
952.01
955.10
947.00
949.86
950.81
947.95
943.18
951.05
941.04
988.96
972.03
971.08
972.03
988.01
973.94
966.07
974.18
977.04
974.18
972.99
972.03
965.12
951.05
949.86
952.96
965.12
954.87
954.87
960.83
963.93
972.03
967.98
974.89
997.07
964.88
959.87
957.01
952.01
961.78
948.91
953.91
950.10
960.11
951.05
950.10
950.10
17052.89
997.07
966.07
966.07
952.01
972.03
985.86
988.96
991.11
990.15
986.10
983.95
986.10
985.15
984.91
984.91
17035.01
1020.91
988.96
972.03
988.96
975.85
975.85
979.90
975.85
979.90
972.99
984.91
13019.80
1003.98
962.97
956.06
963.93
957.97
964.16
961.07
972.99
965.83
963.93
961.78
969.89
25078.06
994.92
986.81
983.00
991.11
989.91
990.87
993.01
1007.08
985.15
992.06
984.91
25101.90
1010.89
1006.84
1003.98
1012.09
1009.94
1000.88
1018.05
1015.90
1013.99
1003.03
29046.06
1022.10
983.00
973.94
977.99
973.94
975.13
972.03
976.09
975.13
970.13
972.99
973.94
1011.13
1003.98
1017.09
17048.12
1042.13
996.11
991.11
993.01
990.15
987.05
988.96
989.91
954.87
955.82
952.96
957.01
960.83
959.87
957.97
966.07
21062.14
972.99
960.83
952.96
957.97
955.82
951.05
950.10
958.92
949.86
958.92
959.16
24997.00
1015.90
975.13
970.13
981.09
975.13
971.08
973.94
971.08
963.21
963.93
954.87
16988.99
1058.10
1012.09
1003.98
1006.84
1003.98
996.11
998.02
25039.91
1014.95
957.97
952.96
952.96
950.10
949.14
952.01
949.14
21110.06
1016.14
1005.89
1009.94
996.11
996.11
982.05
990.15
946.04
965.12
963.93
968.93
977.99
967.98
977.99
969.89
17117.02
1010.89
1004.93
991.11
1013.04
1000.17
998.02
999.21
1000.88
1003.98
997.07
1003.03
996.83
993.01
993.97
1001.83
17075.06
1014.95
1003.98
1012.09
1004.93
1006.84
998.97
1016.14
1003.98
1005.17
1004.93
25050.88
1062.87
1009.94
1011.13
1016.86
1011.85
1010.89
1008.03
1003.03
1002.07
1003.98
1008.99
25052.07
1044.99
1019.00
1013.04
996.11
992.06
985.15
972.99
982.05
969.17
966.07
962.97
25012.97
1064.06
1003.98
1009.94
1000.88
955.82
965.83
970.84
970.84
972.99
967.98
969.89
25004.86
1011.85
968.93
966.07
967.03
962.02
962.97
960.11
967.98
963.93
959.87
961.07
957.01
25066.85
967.03
955.10
950.10
983.00
961.78
959.87
957.97
968.93
952.01
947.95
948.91
965.83
957.01
963.93
959.87
965.83
949.86
959.87
950.81
960.83
952.96
956.06
952.01
952.01
962.02
959.87
951.05
949.86
958.92
972.99
968.93
970.13
969.17
972.03
967.03
974.89
976.09
965.12
967.03
967.98
961.07
960.11
976.09
974.89
985.86
985.86
983.95
992.06
992.06
998.97
993.01
993.97
988.96
988.01
993.01
987.05
993.97
990.15
986.10
988.01
989.91
990.15
988.01
986.10
980.14
1024.96
1009.94
1015.19
1019.00
1021.15
1018.05
1013.99
998.97
1003.03
1002.07
1004.22
1008.03
1004.93
1004.93
1007.08
1011.85
1009.94
1003.03
1007.08
993.97
1016.86
1013.04
1006.13
1008.99
1004.93
1006.84
1000.88
1003.03
1004.22
998.02
1001.12
993.97
1002.07
1006.13
1016.14
1013.04
1008.99
1003.03
1025.92
1039.98
998.97
1005.17
1007.08
1000.88
998.02
1003.03
992.06
997.78
1008.99
1011.13
996.11
1008.03
1003.98
1000.88
1000.17
990.15
993.01
995.16
993.01
1003.03
995.16
1006.13
992.06
1004.93
999.93
991.11
1000.17
1008.03
1010.89
1013.99
1002.07
1021.15
1008.03
1006.13
1002.07
1013.99
1006.84
1006.84
1006.84
1015.90
1008.99
1005.89
1003.03
17103.91
1022.10
1008.99
1005.17
1018.05
1008.99
1005.89
1008.03
1016.14
1009.94
1008.99
1009.94
1005.89
1003.98
1006.84
17030.95
1062.87
1019.95
1012.09
1019.95
1007.80
1005.89
1004.22
1009.94
1015.90
1007.08
1007.08
25048.02
1045.94
1008.99
1007.08
1007.08
1007.08
1002.07
1002.07
1007.08
1010.89
1001.83
1009.94
25058.03
1031.88
1006.84
1003.98
1013.04
1003.03
1005.89
1006.13
1010.18
1008.03
1007.08
1007.08
25111.91
1003.98
993.97
985.86
998.02
987.05
983.95
978.95
988.96
980.85
983.00
976.09
17054.08
996.11
976.09
963.21
974.89
969.89
971.79
962.97
971.08
962.97
954.87
952.01
947.95
973.94
977.99
976.80
17020.94
1020.19
977.04
976.09
972.03
968.22
967.03
964.16
966.07
967.03
965.12
960.11
962.02
983.00
972.03
972.99
968.93
5025.86
968.93
961.07
954.15
5038.98
995.87
986.10
988.01
5033.02
990.15
995.87
988.01
5059.96
996.83
989.91
989.91
5054.00
988.01
983.95
974.89
5048.99
967.98
960.11
950.10
17076.97
999.93
977.99
977.99
977.99
954.87
952.96
946.04
953.20
955.10
952.96
953.91
957.01
955.82
952.01
949.14
16994.00
1003.98
958.92
957.01
963.93
957.97
956.06
952.01
952.96
999.93
998.02
992.06
994.92
990.87
993.97
998.97
17012.83
1008.99
967.03
967.03
963.93
966.07
962.02
958.92
960.83
964.88
958.92
960.11
957.01
981.81
1009.94
993.97
995.87
17081.02
993.01
979.19
969.89
964.88
969.89
977.04
975.85
979.90
966.79
969.89
964.88
979.90
974.18
968.93
966.07
17003.77
1056.91
1000.88
1006.84
1013.99
1004.93
993.01
1003.03
981.09
952.96
963.93
972.03
976.80
962.97
969.17
961.07
12996.91
1059.06
1012.09
1011.13
1011.13
1009.94
998.97
1003.03
1007.08
998.97
1000.17
998.97
25034.19
1006.13
967.98
967.98
967.03
962.97
957.01
954.15
962.02
959.16
951.05
960.11
955.10
25103.09
1008.99
1005.89
1006.84
997.78
1006.84
999.93
1007.08
1001.12
998.02
999.21
25034.90
1055.96
1014.95
1003.03
1001.12
998.97
995.87
1000.88
993.01
1003.03
1002.07
1003.98
25045.87
1041.89
1006.84
1003.98
996.11
1019.00
1023.05
1020.19
1021.86
1012.09
1013.99
1013.99
29099.94
1006.84
984.91
983.00
974.89
976.80
972.03
978.95
973.22
972.03
967.03
975.13
976.09
972.03
966.79
964.88
17009.02
1008.03
975.85
980.85
981.09
977.04
979.90
977.04
977.99
980.14
980.14
971.08
976.09
961.07
977.04
973.22
971.08
17072.92
1006.84
1000.88
996.83
993.01
1001.12
998.97
1019.95
998.97
996.11
998.97
1003.03
1001.12
1000.88
998.02
17035.96
1008.99
966.07
962.02
969.17
991.11
993.97
985.15
994.92
977.99
982.05
976.09
975.13
977.04
974.18
967.03
965.12
17090.08
1013.99
1000.88
989.20
953.91
977.99
968.93
970.84
974.89
972.99
964.88
971.08
983.00
966.07
967.98
972.03
17076.02
993.01
974.89
971.08
970.13
998.02
994.21
994.92
993.97
986.10
988.96
990.87
1006.13
993.97
987.05
991.11
17076.02
1001.12
982.05
974.18
972.99
1009.23
999.93
1011.85
1017.81
1006.84
1005.89
1008.99
1020.91
1009.94
1006.13
1007.08
17120.12
1014.95
999.93
1003.98
1009.94
1003.98
998.02
998.02
1007.08
1000.88
999.21
997.07
960.11
948.91
952.01
953.91
17071.96
996.11
975.13
975.13
976.09
968.93
960.83
963.93
961.07
965.12
952.96
954.87
948.91
958.92
966.07
961.07
17007.11
1002.07
959.87
953.20
961.07
962.02
960.11
948.19
952.01
962.02
953.91
954.15
957.01
968.22
957.97
959.16
957.97
17050.98
976.09
967.03
962.02
972.99
964.16
962.97
963.93
972.99
957.97
966.07
962.02
964.88
959.87
961.78
962.02
13005.97
1033.07
977.99
974.18
967.03
950.10
956.06
952.01
954.87
957.97
954.15
950.10
951.05
966.07
951.05
948.19
956.06
17081.02
993.01
990.87
992.06
962.02
947.00
957.01
960.11
960.11
952.96
950.10
950.10
961.07
956.06
951.77
957.97
16986.13
1003.98
958.92
956.06
965.12
964.16
962.97
958.20
952.96
986.81
982.05
973.94
979.90
987.05
974.89
977.04
972.99
17065.05
976.09
964.88
967.98
955.10
955.10
952.96
962.02
964.88
957.01
956.06
955.10
961.07
956.06
960.11
948.91
17003.06
1019.95
982.05
983.95
983.00
981.09
970.84
973.94
967.03
960.83
977.99
974.18
978.95
977.99
977.99
981.09
17001.15
1008.99
983.95
980.14
979.90
983.00
976.09
976.09
975.13
983.00
975.13
972.99
972.99
998.02
1010.18
1008.99
998.97
17090.08
1003.03
993.01
984.91
956.06
981.81
977.04
988.01
983.00
980.85
975.85
984.91
991.11
977.99
979.90
983.95
17097.95
987.05
976.09
974.89
979.90
979.90
976.09
977.04
981.09
973.22
983.95
972.03
25076.87
1001.83
993.01
987.05
992.06
981.09
980.14
983.95
977.04
960.11
951.05
955.82
25006.06
1004.93
964.16
955.10
957.97
957.97
962.97
953.91
952.01
993.97
992.06
987.05
25014.16
1082.18
1010.89
1003.03
1005.89
989.91
985.15
977.99
985.86
979.90
981.09
975.13
25005.10
1050.00
1004.93
993.97
1003.03
995.16
995.87
993.97
993.97
988.01
983.95
985.86
25016.78
1017.09
967.98
952.96
958.92
957.97
952.01
954.87
953.20
1015.90
1000.88
997.78
1002.07
1003.98
1000.88
998.97
995.16
17031.91
959.87
950.81
949.86
962.02
951.05
955.10
952.96
962.02
953.91
954.87
957.97
961.07
959.16
957.01
955.10
16999.01
1024.01
998.02
995.16
980.85
1004.93
1003.98
993.01
1001.12
993.97
994.92
992.06
997.07
995.87
992.77
993.01
17044.07
1043.08
1000.17
989.91
988.96
988.96
992.06
990.87
988.01
999.93
994.92
998.02
1015.19
1003.98
1005.89
1003.98
17045.97
1020.19
992.06
994.92
997.07
989.91
989.91
990.15
1003.03
990.15
987.05
988.96
988.96
1003.98
998.97
1001.12
17055.03
1026.15
982.05
983.00
975.85
984.91
977.04
977.04
983.95
979.90
983.00
980.85
978.95
980.14
985.15
973.94
17014.98
1058.10
1003.03
993.97
1006.13
1004.93
998.02
994.92
998.97
981.09
980.14
979.90
13021.95
1028.06
995.87
984.91
985.15
977.04
981.09
979.19
978.95
969.89
969.17
966.07
25010.11
1018.05
980.14
970.13
978.95
975.85
966.79
967.03
964.88
961.07
964.88
958.92
962.97
996.11
1000.88
992.06
997.07
17101.05
1015.19
1002.07
1004.93
998.02
999.93
999.93
1003.03
996.83
997.78
997.07
1003.03
993.97
997.78
998.02
17025.95
1045.94
1003.98
997.07
1003.03
994.92
995.16
993.97
1001.83
1000.17
1001.12
992.06
1003.98
998.97
993.97
1003.03
17024.04
1044.99
1004.93
998.97
1002.79
999.93
997.78
989.91
1003.98
1000.88
997.07
988.96
996.11
1003.03
993.01
994.92
17023.80
1045.94
1001.83
998.02
998.02
998.02
993.97
990.87
997.07
992.06
996.11
998.02
1005.17
995.87
998.02
993.97
17032.86
1039.03
997.07
998.97
1003.03
994.92
994.92
1003.03
1000.88
994.92
992.06
994.21
997.07
991.11
999.93
995.87
17024.04
1045.94
1005.89
1000.17
1006.13
1002.07
996.11
998.02
1002.07
1000.17
1001.12
994.92
1001.83
994.92
997.07
1001.83
17049.07
1025.92
1001.12
993.01
991.82
998.02
986.10
986.10
983.95
962.97
967.98
975.13
977.04
977.04
974.18
974.89
17024.04
1008.99
967.03
967.03
971.08
962.02
959.16
962.02
965.12
947.95
952.96
950.10
949.14
966.07
946.04
952.96
946.04
17061.00
990.15
972.99
970.84
972.99
959.87
957.01
960.11
970.13
956.06
957.97
953.20
951.05
997.07
1002.07
998.02
17050.98
1011.13
967.98
968.93
967.03
964.16
961.07
955.10
957.97
952.96
956.06
958.20
957.01
946.04
961.07
961.07
963.93
9104.01
1016.86
999.93
998.97
954.87
967.98
965.12
963.93
973.94
952.01
953.91
959.87
965.12
960.11
958.92
957.97
17054.08
1005.89
986.10
981.09
975.13
963.93
968.22
968.93
975.85
962.97
962.97
968.22
972.99
962.97
964.88
961.78
16984.94
1012.09
973.94
969.89
968.93
958.20
966.07
957.97
957.01
1013.04
993.97
1001.83
1004.93
995.16
993.97
991.82
988.96
17037.15
972.99
967.98
967.98
969.17
961.07
962.02
961.07
990.87
983.95
987.05
988.01
990.15
977.99
975.13
969.17
17044.07
991.11
978.95
971.79
982.05
992.06
978.95
988.01
992.06
984.91
993.01
991.11
985.15
1012.09
1007.08
1002.07
17101.05
977.99
963.93
962.02
952.96
993.01
998.97
1003.03
1007.80
1009.94
1007.08
1003.03
1019.95
1008.99
1009.94
1008.99
17089.84
977.99
964.16
964.88
971.08
962.02
957.01
959.16
956.06
982.05
977.99
978.95
971.08
959.87
962.02
952.01
16989.95
1019.95
984.91
985.15
991.11
974.89
973.94
965.83
972.99
972.03
975.13
963.93
962.97
992.06
995.16
997.07
37036.18
1055.96
1001.83
993.97
1003.98
1004.93
1004.22
1000.88
997.07
1004.93
999.93
995.16
25038.00
1057.86
1005.89
1010.18
1003.98
993.01
990.87
983.95
976.09
1003.03
1005.89
1000.17
25038.96
1040.94
999.93
993.01
983.00
1004.93
993.97
1003.98
1006.84
998.02
1003.03
995.16
25033.00
1051.90
1003.03
1013.99
1008.03
1001.12
1002.07
990.15
1003.03
998.02
995.16
984.91
25034.90
1041.89
1005.89
1002.07
1009.94
1003.03
993.01
990.87
993.01
977.04
985.15
976.09
981.09
1001.12
993.97
1001.83
1007.80
998.97
1002.07
1000.17
1004.93
999.93
1003.98
1000.88
998.02
1007.08
1010.89
1004.93
1011.13
1000.17
998.97
1001.12
1001.12
997.07
983.95
978.95
974.18
975.85
977.04
973.94
1075.98
972.03
962.02
960.83
968.93
959.87
954.15
955.10
957.01
974.18
972.03
971.08
962.97
1011.85
996.83
1001.83
1025.92
1004.93
1013.99
999.93
1017.09
1005.17
1007.08
1017.09
1009.94
967.03
959.87
957.01
959.16
954.87
952.96
951.05
954.87
974.89
965.12
967.98
966.79
1013.99
1003.98
1003.98
1002.07
1008.99
1003.03
1003.03
1000.17
1003.98
1003.03
1000.88
997.78
976.09
957.97
949.14
957.97
971.08
955.10
955.10
953.91
969.89
962.97
969.17
967.98
969.17
987.05
996.11
983.95
995.87
981.09
977.99
970.84
968.93
960.11
960.11
961.07
956.06
990.15
1007.08
1003.03
1003.98
1003.98
1003.03
993.01
998.97
995.16
990.87
995.87
1003.03
1015.90
1024.96
1020.91
1021.86
1019.00
1016.14
1013.04
1024.96
1020.91
1012.80
1015.90
998.97
970.13
959.87
951.05
959.87
952.96
947.95
948.91
972.03
963.93
961.07
966.07
967.03
980.85
974.89
972.99
973.94
17073.87
994.92
991.11
993.01
990.15
987.05
988.96
995.16
994.92
993.01
991.11
991.11
998.02
991.11
988.01
991.82
17083.88
998.97
993.97
988.01
1001.12
994.92
993.97
996.11
1012.09
993.01
993.01
996.11
13086.08
1011.13
1001.12
1005.89
1008.03
1003.03
998.97
1006.84
1012.09
1007.08
999.93
25033.95
1052.14
996.11
986.10
991.11
973.94
970.84
972.03
965.12
967.03
956.06
962.97
951.05
25069.00
979.19
968.93
963.93
977.99
967.03
976.09
976.09
989.91
978.95
979.19
979.90
25110.96
1017.09
1007.08
1003.98
961.07
987.05
986.10
993.01
995.87
1002.07
1003.98
997.07
1008.03
1007.08
1002.07
1001.12
17097.95
1014.95
1010.18
1015.90
1023.05
1010.18
1009.94
1003.98
1004.93
1015.90
1000.88
1010.89
1010.18
1007.08
1004.93
17036.91
1062.15
1009.94
1019.95
1017.09
1007.08
1005.17
1010.89
1013.99
1009.94
1016.86
1006.13
1013.04
1009.94
1013.04
1013.99
17039.06
1044.99
1016.14
1011.13
1019.95
1006.84
1006.84
1012.80
1013.99
1017.09
1007.08
1012.09
1013.04
1008.99
1004.93
1010.18
17105.10
1018.05
1011.13
1007.08
1005.89
1003.03
1019.00
1005.89
1021.86
1010.89
1004.93
1013.99
1017.09
1010.89
1006.84
1004.93
17097.00
1011.85
1006.84
1008.03
1001.12
998.97
1001.12
994.21
1002.07
1009.94
1001.83
1008.03
1013.04
1000.88
1013.04
17036.91
1068.12
1013.99
1008.99
1029.97
1004.93
1013.04
1012.09
1003.98
962.02
971.08
972.03
969.89
974.89
962.97
959.87
16999.96
1034.98
981.81
976.09
974.89
963.93
963.21
959.87
954.87
963.93
952.96
952.96
954.15
979.90
1013.99
1003.98
997.07
9081.13
1013.99
1004.93
1003.03
1013.99
1003.98
1001.83
1003.98
1008.99
1010.89
1007.08
1008.99
976.80
952.01
950.10
955.10
17081.02
998.97
977.99
977.04
1011.13
1006.13
1007.08
1008.03
1012.09
1005.17
1003.98
1009.94
1008.99
1005.89
1005.17
1006.13
17057.90
967.98
952.96
946.04
962.02
951.05
952.01
949.86
