1329.90
1202.11
13249.16
1312.02
1217.84
1178.98
1206.16
1173.02
1166.82
21280.05
1291.99
1199.96
17288.92
1297.95
1185.18
17235.99
1298.90
1190.90
1194.00
17374.99
1209.02
1181.13
17380.00
1209.97
1200.91
17341.14
1231.19
1191.14
21287.92
1314.16
1209.97
5245.92
1316.07
1198.05
17221.93
1327.04
1201.15
1184.94
1199.96
1184.94
1167.06
25272.85
1312.97
1198.05
13276.10
1300.81
1214.03
17269.85
1328.95
1207.11
1169.92
17391.92
1225.95
1194.95
17391.92
1224.99
1193.05
17366.89
1256.94
1199.96
13313.06
1280.07
1188.99
1196.86
1183.99
1182.08
1172.07
29391.05
1206.87
1168.01
1187.09
1188.99
1163.01
25274.04
1307.96
1208.07
17254.83
1338.01
1191.85
13239.86
1302.00
1194.95
1169.92
17380.95
1215.93
1179.93
17384.05
1225.95
1199.96
17277.00
1297.00
1209.97
17266.99
1291.99
1194.95
17271.04
1308.92
1209.02
1200.91
1201.87
1195.91
1185.89
25367.02
1220.94
1178.03
13266.09
1312.02
1191.85
1190.90
1173.02
1155.14
1152.04
25388.96
1219.03
1178.98
17382.86
1234.05
1209.97
17310.86
1289.13
1204.97
17256.02
1298.90
1192.81
17243.86
1322.98
1210.93
1183.03
29381.04
1247.88
1194.95
9353.88
1199.96
1191.14
13347.15
1214.98
1173.97
1187.09
1169.20
1165.87
1178.98
25341.03
1216.89
1179.93
13351.92
1219.99
1181.13
1189.95
1173.97
1170.16
25242.09
1302.00
1191.85
1176.83
13350.96
1200.20
1179.93
1186.85
1171.83
1175.88
25269.99
1327.04
1205.92
13268.95
1305.10
1186.13
1177.07
1234.05
1188.99
1157.05
25393.96
1223.09
1182.08
13262.03
1264.10
1195.91
1178.98
1177.07
1163.01
1161.81
25389.91
1209.02
1174.93
13361.93
1225.95
1174.93
1203.06
1175.88
1174.93
21257.16
1348.02
1207.11
1192.09
1199.01
1174.93
1185.18
25382.04
1255.04
1212.84
1196.86
1168.97
1173.97
29235.12
1320.12
1200.91
1186.13
1199.01
1163.01
1163.01
25267.12
1298.19
1207.11
13272.05
1271.96
1172.07
1164.91
1173.97
1168.01
1158.00
25376.80
1225.95
14082.91
1286.98
1195.91
1195.91
1193.05
1184.94
1213.07
25480.99
1239.78
1179.93
13343.81
1245.02
1189.95
1196.86
1190.90
1175.17
1168.01
25359.15
1216.89
1191.85
13382.91
1228.09
1194.95
1196.86
1178.98
1184.94
25288.11
1288.18
1183.03
13249.16
1293.90
1194.95
1174.93
1173.02
1158.95
1163.01
25269.03
1286.98
1189.95
13260.84
1287.94
1194.95
1195.91
1180.17
1173.02
1175.88
25369.88
1233.82
1204.01
13324.98
1265.05
1194.00
1192.09
1181.13
1177.07
1172.78
25398.02
1227.86
1187.80
13384.10
1219.99
1178.98
1202.11
1168.97
1159.91
25233.03
1300.81
1224.04
13255.12
1302.00
1188.04
1175.17
1206.16
1162.05
1160.86
25249.00
1289.13
1183.03
13233.90
1279.83
1178.03
1171.83
1184.94
1194.95
1186.13
25372.03
1235.96
1193.05
13268.23
1296.04
1205.92
1206.87
1189.95
1174.93
1178.98
25389.91
1228.81
1199.96
13361.93
1219.99
1183.03
1202.11
1180.17
1161.10
25236.13
1320.84
1201.87
1194.95
13356.92
1213.07
1185.89
1219.99
1183.99
1169.20
25255.92
1284.12
1186.13
13246.06
1303.91
1193.05
1180.17
1199.96
1187.80
1173.02
25379.18
1233.10
1213.07
13293.03
1297.95
1308.92
1197.81
1188.99
1180.17
25228.02
1330.14
1204.01
1183.99
13364.08
1199.01
1189.95
1194.95
1173.02
1173.02
25269.03
1302.00
1193.05
13231.99
1294.85
1191.85
1173.02
1187.09
1173.02
1169.92
25264.98
1279.83
1184.94
13244.87
1292.94
1183.99
1166.82
1183.99
1168.01
1175.88
25373.94
1235.01
1202.11
13284.21
1289.13
1199.96
1194.00
1198.05
1198.05
1176.83
25383.95
1219.03
1179.93
13375.04
1213.07
1199.01
1198.05
1179.93
1177.07
25238.04
1303.91
1204.01
13243.20
1325.85
1191.85
1181.84
1201.87
1173.02
1163.01
25257.11
1297.00
1196.15
13247.97
1291.99
1189.95
1186.13
1188.04
1176.12
1163.01
25368.93
1228.81
1186.13
13277.05
1294.85
1194.00
1184.94
1183.03
1171.83
1163.96
25383.95
1228.09
1195.19
13385.06
1230.96
1194.00
1214.03
1199.96
1203.06
25241.85
1305.10
1203.06
13252.02
1307.01
1205.92
1190.19
1183.99
1164.20
1164.91
25254.01
1292.94
1189.95
13241.05
1291.04
1192.09
1178.03
1180.89
1168.01
1157.05
25362.97
1240.02
1197.10
13274.91
1302.96
1199.96
1181.13
1173.97
1193.05
1247.17
25383.95
1225.95
1189.95
13381.96
1234.05
1204.97
1220.94
1182.79
1175.88
25239.94
1304.86
1195.91
13247.01
1297.95
1194.00
1175.88
1188.99
1183.03
1173.02
25276.90
1290.08
1200.20
13265.13
1281.98
1203.06
1183.99
1173.02
1173.02
1161.10
25374.17
1227.14
1186.13
13278.01
1312.02
1190.19
1202.11
1179.93
1187.80
1169.92
25404.93
1224.99
1194.95
13392.93
1217.84
1186.85
1214.98
1173.02
1166.82
25251.87
1322.98
1215.22
13252.02
1311.06
1207.11
1178.03
1194.00
1171.11
1162.05
25332.21
1283.17
1182.08
13262.99
1278.88
1181.84
1179.93
1166.82
1155.85
1163.96
25396.82
1240.97
1201.15
13351.20
1235.01
1180.89
1175.88
1160.86
1154.90
1151.08
25367.02
1213.07
1177.07
13370.04
1214.98
1191.85
1215.93
1176.12
1190.90
25257.11
1331.09
1229.05
13243.91
1312.97
1205.92
1195.91
1188.04
1173.97
26012.18
1314.88
1212.84
1194.00
13362.17
1214.03
1180.89
1186.85
1171.83
1174.93
25254.01
1299.86
1190.90
13237.95
1298.90
1190.90
1180.89
1179.93
1178.03
1161.81
25356.05
1239.06
1184.94
13287.07
1300.81
1204.01
1206.16
1199.96
1185.89
1175.88
21389.01
1214.03
1197.81
1204.01
1178.98
1172.07
25273.08
1301.05
1200.91
1196.86
1190.90
1178.03
1173.02
29407.02
1216.89
1199.01
1197.10
1171.11
1174.93
25259.97
1312.02
1186.13
13243.91
1315.12
1205.21
1177.07
1180.17
1169.92
1160.86
25274.99
1292.94
1192.09
13262.03
1276.97
1178.03
1184.94
1173.97
1163.96
1159.91
25367.02
1231.19
1176.12
13246.06
1285.79
1182.08
1191.14
1176.12
1160.14
1164.91
25361.06
1204.97
1179.93
13346.91
1230.96
1183.99
1182.08
1168.01
1160.86
1168.01
25370.12
1195.19
1179.93
13365.03
1212.12
1177.07
1183.03
1172.78
1163.01
25216.10
1304.86
1190.90
1173.97
13364.08
1206.16
1181.13
1207.11
1175.17
1167.06
25248.05
1285.79
1199.01
13247.97
1295.80
1191.85
1176.12
1190.90
1170.87
1166.82
25325.06
1245.98
1192.81
13248.92
1286.98
1194.95
1187.80
1185.89
1178.03
1177.07
25362.97
1231.91
1198.05
13350.96
1228.09
1198.05
1196.15
1176.12
1178.03
1162.05
25362.01
1219.03
1183.99
13392.93
1218.08
1187.09
1219.03
1180.17
1181.13
25253.06
1291.99
1204.01
13262.99
1307.01
1199.01
1190.90
1196.86
1171.83
1173.97
25334.84
1236.92
1199.01
13261.08
1275.78
1199.96
1194.95
1183.03
1175.17
1171.11
25388.96
1236.92
1194.00
13358.83
1221.90
1194.95
1191.14
1178.98
1173.97
25190.11
1317.98
1210.93
1185.18
13392.93
1219.03
1192.09
1211.88
1174.21
1169.92
25254.96
1297.00
1198.05
13233.90
1312.02
1191.14
1178.03
1188.99
1173.02
1176.12
25259.97
1286.03
1198.05
13266.09
1286.03
1200.91
1193.05
1175.88
1180.89
1177.07
25378.94
1235.96
1192.81
13348.82
1239.06
1193.05
1199.01
1190.90
1168.97
1161.10
25372.03
1219.99
1189.95
13391.02
1215.22
1194.95
1210.93
1178.98
1170.87
25254.96
1298.90
1204.97
13250.11
1299.86
1183.03
1177.79
1190.90
1166.82
1155.85
25253.06
1291.04
1190.90
13273.95
1282.22
1183.99
1188.99
1183.99
1173.02
1163.96
25372.98
1230.00
1192.09
13261.08
1266.00
1180.89
1183.99
1170.16
1186.13
1171.11
25389.91
1224.99
1184.94
13349.06
1219.99
1185.18
1188.04
1174.21
1163.01
25222.06
1307.01
1199.96
1178.98
13365.03
1208.07
1169.92
1187.80
1160.86
1178.98
25250.20
1298.19
1199.96
13232.95
1297.00
1194.00
1179.93
1190.90
1158.95
1167.06
25260.93
1293.90
1186.85
13252.02
1291.99
1195.19
1187.09
1198.05
1174.93
1168.97
25378.94
1221.18
1191.14
13273.00
1271.96
1193.05
1194.00
1173.97
1158.00
1173.02
25379.90
1220.94
1193.05
13382.20
1215.93
1192.09
1195.91
1184.94
1166.82
25228.98
1307.96
1201.87
1188.99
13359.07
1206.87
1184.94
1189.95
1173.02
1180.17
25269.03
1309.87
1196.86
13255.83
1300.10
1192.81
1188.04
1193.05
1168.01
1163.96
25378.94
1239.06
1195.91
13281.82
1281.98
1191.85
1206.87
1181.13
1178.98
1171.11
25410.18
1241.92
1190.90
13370.99
1217.13
1180.17
1210.93
1174.93
1178.03
17240.05
1291.04
1183.99
1178.03
1192.09
1173.02
1168.97
29363.16
1239.78
1189.95
1185.89
1176.83
1167.06
1178.03
25394.20
1198.05
1174.21
13395.07
1216.17
1187.09
13367.18
1223.09
1177.07
13246.06
1260.04
1183.99
21240.95
1299.86
1183.03
1188.04
13362.88
1204.97
1184.94
1194.95
1173.02
1173.02
25263.07
1281.98
1185.18
13259.89
1305.10
1199.01
1181.84
1184.94
1165.87
1169.92
25366.07
1224.04
1183.99
13261.80
1285.08
1203.06
1190.90
1181.84
1172.07
1171.11
25391.10
1214.03
1184.94
13381.00
1236.92
1192.09
1183.03
1183.99
1173.97
34873.96
1326.08
1209.02
1207.11
21510.12
1339.91
1212.84
1188.99
25223.02
1358.99
1212.12
1189.95
13368.84
1210.93
1188.04
13366.94
1221.90
1190.90
1195.91
1184.94
1172.07
25235.18
1325.85
1199.01
1182.08
13367.89
1216.89
1184.94
1189.95
1183.03
1169.92
25251.15
1304.86
1191.85
13249.87
1299.14
1201.15
1187.09
1190.90
1183.99
1170.16
25371.07
1225.95
1186.13
13265.13
1296.04
1188.99
1188.99
1183.03
1178.98
1174.21
25382.04
1225.95
1189.95
17378.09
1228.09
1183.99
17277.96
1286.98
1194.95
17260.79
1276.97
1194.00
17236.95
1306.06
1196.86
1188.99
29405.12
1230.00
1192.09
9342.19
1214.98
1171.83
13301.13
1239.06
1188.99
1172.07
1173.02
1175.17
1172.07
25370.12
1210.93
1188.99
13351.92
1219.99
1187.09
1183.03
1172.07
1180.17
25224.92
1311.06
1202.82
1185.89
13355.97
1217.84
1190.90
1196.86
1184.94
1175.17
25252.10
1295.09
1188.04
13247.97
1294.85
1200.91
1189.95
1197.81
1169.92
1168.01
29371.02
1243.11
1187.80
1186.85
1172.07
1158.95
1170.87
25380.85
1212.12
1183.03
13381.00
1210.93
1183.99
1191.14
1172.07
1171.83
25249.96
1313.92
1214.98
13231.04
1317.02
1202.11
1190.90
1195.19
1171.11
1174.93
25274.99
1303.91
1202.82
13262.99
1277.92
1192.81
1181.84
1183.03
1172.07
1171.11
25380.13
6414.18
1218.08
1200.20
1168.97
21642.92
1211.17
1191.14
16946.08
1285.79
1197.10
1173.02
12237.07
1220.94
1190.90
1169.92
16542.91
1219.03
1181.13
1163.01
16760.83
1218.08
1182.08
1173.97
16993.05
1201.15
1177.07
1182.08
21621.94
1202.82
1199.96
1181.84
11474.85
1218.08
1170.16
12691.02
1220.94
1183.03
1174.21
16962.05
1199.96
1180.17
21254.06
1302.00
1188.99
1191.85
1173.97
23311.14
1264.81
1188.04
17260.07
1277.92
1195.19
1205.92
1199.96
1171.11
1167.06
25364.88
1230.96
1193.05
13337.85
1239.06
1188.99
1194.00
1178.03
1180.89
1173.97
25361.06
1217.84
1188.99
13374.09
1218.80
1179.93
1192.81
1179.93
1175.88
25236.13
1314.88
1202.11
13207.91
1325.13
1198.05
1181.84
1188.04
1167.06
1156.09
21261.93
1281.98
1200.20
17261.98
1302.96
1192.81
1185.89
1193.05
1173.02
1166.11
25367.02
1230.96
1181.13
13264.89
1271.96
1197.10
1193.05
1164.91
1177.07
1165.87
25388.96
1220.94
1187.09
13368.13
1222.13
1196.15
1184.94
1173.02
1170.16
25213.00
1312.02
1202.82
1173.02
13384.10
1205.21
1179.93
1190.90
1168.01
1175.17
25245.90
1284.12
1199.96
21226.88
1312.97
1199.01
1183.03
9353.88
1206.87
1184.94
13349.06
1224.04
1183.03
1192.81
1178.98
1176.83
25218.96
1311.06
1204.97
1184.94
13370.04
1212.12
1187.09
1183.99
1168.97
1172.07
25270.94
1301.05
1191.14
13237.95
1296.04
1183.99
1184.94
1193.05
1168.97
1165.87
25273.80
1294.14
1200.91
13262.99
1277.92
1198.05
1191.14
1178.98
1175.88
1175.17
29391.05
1226.90
1179.93
1196.15
1183.03
1175.17
25235.89
1319.17
1200.20
1186.13
13362.88
1205.92
1179.93
1199.01
1168.97
1169.92
25256.87
1291.04
1194.95
13255.83
1305.10
1201.15
1178.98
1188.99
1168.01
1170.87
25360.82
1234.05
1188.99
13262.99
1278.88
1193.05
17259.12
1291.99
1187.09
1177.07
13339.04
1204.01
1189.95
1191.14
1178.03
1162.77
25254.96
1297.00
1196.86
13243.91
1298.90
1199.01
1183.03
1196.86
1167.06
1163.96
25341.03
1235.01
1188.04
13265.13
1270.06
1183.99
1196.15
1176.12
1164.91
1161.10
25374.89
1231.91
1184.94
13347.86
1230.00
1183.03
1191.85
1176.83
1168.97
1168.01
21345.85
1206.87
1181.84
17384.05
1223.09
1186.13
17355.20
1227.14
1198.05
17275.09
1281.02
1199.96
17265.08
1295.09
1191.85
17210.96
1322.98
1199.96
1194.00
21368.98
1214.98
1188.99
9330.99
1219.99
1188.04
13251.07
1272.92
1191.85
1190.90
1175.17
1177.07
1163.01
25380.85
1221.90
1186.85
13350.01
1220.94
1189.95
17254.11
1271.01
1194.00
17246.01
1290.08
1189.95
1178.03
17354.97
1217.84
1180.89
13355.02
1214.03
1185.89
21350.86
1240.02
1184.94
1194.95
1183.03
1173.02
1179.93
25356.05
1203.06
1187.09
13377.19
1213.07
1195.19
1189.95
1179.93
1182.08
25236.85
1322.98
1204.97
13237.00
1296.04
1191.14
1180.17
1194.00
1180.89
1171.11
25269.99
1291.04
1188.99
13253.93
1291.99
1191.85
1188.04
1177.07
1177.07
1162.05
25364.16
1230.96
1192.09
13273.00
1276.02
1195.19
1190.90
1193.05
1172.07
1167.06
25392.06
1227.86
1186.85
13376.95
1214.98
1188.99
1196.86
1178.98
1169.92
25233.98
1321.08
1201.15
1178.98
13361.93
1201.87
1181.84
1185.89
1176.83
1162.05
25254.01
1297.95
1199.01
13247.01
1302.00
1202.11
1182.08
1198.05
1166.82
1170.87
25367.98
1231.91
1196.86
21268.84
1292.94
1201.87
9236.81
1291.04
1193.05
1180.89
13341.90
1202.82
1184.94
1183.03
1178.98
1177.07
25263.79
1286.98
1196.86
13253.93
1296.04
1192.09
1181.13
1195.19
1188.04
1178.03
25379.90
1236.92
1183.03
13262.99
1287.94
1194.95
1197.10
1178.03
1163.01
1166.11
25385.14
1220.94
1181.13
13356.92
1219.03
1188.04
1195.19
1183.03
1167.77
25236.85
1313.21
1194.95
1180.89
13358.12
1216.17
1187.09
1203.06
1174.21
1173.02
25251.87
1297.95
1191.14
13258.93
1302.00
1197.81
1188.04
1199.01
1178.03
1163.96
25320.05
1245.02
1183.03
13257.98
1277.92
1196.86
1193.05
1186.85
1175.88
1173.97
25371.07
1227.86
1192.09
13370.04
1227.86
1183.99
1204.97
1180.89
1165.87
1173.97
21384.00
1210.93
1196.86
1191.85
1183.03
1168.01
25265.93
1302.00
1203.06
1188.99
1185.89
1185.89
1168.97
29402.02
1219.99
1188.04
1186.85
1171.83
1174.93
25267.12
1312.02
1193.05
13266.09
1306.06
1188.04
1191.85
1190.90
1176.12
1173.02
25373.94
1237.87
1199.96
13280.15
1284.12
1193.05
1200.20
1180.89
1174.93
1174.93
25388.00
1206.16
1185.18
13362.88
1220.94
1183.03
1189.95
1159.91
1160.86
25219.20
1302.00
1178.98
1173.97
13348.10
1201.87
1174.21
1188.99
1174.93
1174.21
25228.98
1297.95
1209.97
13209.82
1296.04
1189.95
1168.01
1182.79
1164.91
1168.01
25251.15
1286.03
1194.95
13237.00
1285.08
1194.00
1174.93
1195.91
1172.07
1164.91
25298.12
1258.13
1183.03
13253.93
1269.10
1183.99
1181.13
1183.99
1179.93
1166.11
25364.16
1219.03
1183.99
13268.95
1278.88
1188.99
1187.09
1183.99
1164.91
1168.01
25381.09
1215.22
1177.07
13359.07
1219.03
1182.08
1196.15
1168.01
1165.15
25223.97
1308.92
1201.87
1174.93
13386.01
1235.96
1185.89
1199.01
1178.98
1174.93
25259.02
1290.08
1185.89
13242.96
1297.00
1196.86
1178.98
1188.04
1171.11
1164.91
25310.99
1249.07
1188.99
13256.07
1272.92
1193.05
1185.18
1183.99
1169.92
1166.11
25377.99
1219.99
1188.99
13309.96
1248.12
1194.95
1192.09
1188.04
1163.01
1165.87
25385.86
1214.98
1186.85
13360.02
1229.05
1187.80
1206.87
1163.01
1164.20
25243.04
1312.97
1213.79
1189.95
13341.90
1194.95
1176.12
1211.17
1178.03
1168.01
25254.01
1293.18
1188.99
13252.97
1292.94
1192.81
1174.93
1191.14
1178.03
1170.87
25360.82
1228.09
1188.99
13263.94
1280.07
1199.96
1188.04
1175.88
1165.87
1168.01
25379.18
1220.94
1185.89
13381.96
1214.98
1183.03
1203.06
1175.88
1166.82
25219.92
1324.18
1199.01
1178.03
13365.03
1209.02
1183.03
1198.05
1176.12
1168.97
25258.06
1299.14
1194.95
13228.89
1303.91
1184.94
1181.84
1196.86
1178.03
1173.97
25271.18
1298.90
1191.14
13271.09
1295.09
1190.19
1188.99
1186.85
1183.03
1163.96
25389.91
1230.00
1187.09
13331.17
1233.10
1199.01
1199.01
1178.98
1165.87
1163.01
25377.99
1215.93
1197.10
13391.02
1214.98
1175.17
1193.05
1173.02
1177.07
25244.95
1312.02
1207.83
13217.93
1311.06
1204.01
1180.89
1189.95
1173.02
1165.87
25261.88
1293.18
1196.15
13252.02
1291.99
1210.21
1192.09
1179.93
1184.94
1174.93
25375.13
1231.19
1188.99
13282.06
1271.01
1197.10
1194.00
1174.93
1179.93
1168.01
25389.91
1219.99
1183.03
13364.79
1218.08
1187.09
1199.96
1168.97
1171.83
25238.99
1307.96
1198.05
1179.93
13351.20
1198.05
1183.03
1195.91
1179.93
1164.20
25249.00
1280.07
1193.05
13236.05
1294.14
1198.05
1192.81
1178.98
1169.20
1178.03
25315.05
1256.94
1190.90
13262.99
1277.21
1189.95
1195.91
1184.94
1177.07
1173.97
25381.09
1221.18
1185.89
13352.87
1234.05
1196.15
1187.09
1178.03
1166.82
1163.01
25367.98
1211.88
1187.09
13385.06
1199.96
1187.09
1202.11
1163.96
1168.01
25234.22
1321.08
1190.90
1182.79
1338.96
1202.11
1188.04
1198.05
1179.93
1182.08
25253.06
1292.94
1195.91
13251.07
1302.96
1201.87
1206.87
1188.04
1179.93
1176.83
25372.98
1233.10
1188.04
13314.96
1247.88
1188.99
1191.14
1184.94
1180.89
1173.97
25376.08
1209.02
1177.07
13364.08
1212.12
1183.03
1194.00
1174.93
1171.11
25229.22
1329.90
1200.20
1178.03
13340.95
1216.17
1193.05
1196.86
1168.97
1171.11
25256.87
1288.89
1183.99
13250.83
1312.97
1198.05
1182.08
1201.15
1165.87
1167.06
25344.13
1240.97
1192.09
13255.12
1277.21
1196.86
1194.00
1174.93
1158.00
1172.07
25386.10
