1189.95
1191.14
1175.88
1181.84
1178.98
1183.99
1175.17
1182.08
1193.05
1158.00
1146.79
1148.94
17214.06
1226.19
1177.07
1199.01
1196.15
1198.05
1183.03
1188.99
1181.13
1181.13
1173.02
1176.12
1224.04
1258.13
17282.01
1181.84
1173.97
1192.09
1173.02
1168.01
1169.92
1163.01
1156.09
1156.09
1165.15
1173.02
1180.17
17236.95
1190.90
1144.89
1142.02
1139.88
1145.84
1139.88
1137.97
1137.97
1138.93
1137.02
1168.01
1176.83
1189.95
17294.17
1160.14
1157.05
1153.95
1158.00
1152.04
1160.14
1178.03
1178.03
1180.89
1165.15
1142.02
1146.08
1145.12
17279.15
1208.07
1189.95
1216.89
1190.90
1194.00
1181.13
1182.08
1194.00
1199.01
1191.14
1166.11
1181.13
17296.08
1194.95
1190.90
1171.11
1195.19
1178.03
1171.11
1192.09
1175.88
1185.89
1173.02
1182.79
1185.89
17250.06
1189.95
1142.02
1137.02
1148.94
1146.08
1144.17
1139.88
1093.86
1124.86
1147.99
1168.01
1161.81
1171.83
17246.96
1180.89
1155.14
1163.96
1165.15
1166.11
1168.01
1175.88
1173.02
2456.90
1149.18
1148.94
1144.89
17284.15
1209.97
1190.90
1172.07
1137.02
1145.84
1144.89
1139.88
1141.79
1147.03
1153.95
1147.99
1151.08
17208.10
1209.97
1180.89
1166.11
1173.97
1144.89
1140.12
1149.18
1090.05
1117.94
1138.93
1147.03
1135.83
1165.87
17232.18
1224.99
1189.95
1181.13
1131.06
1141.07
1146.08
1154.18
1147.99
1145.12
1123.19
1134.87
1136.06
1134.87
17212.87
1207.83
1185.89
1199.01
1137.97
1142.02
1152.04
1152.99
1152.99
1147.99
1158.00
1159.19
1166.11
1163.01
17296.08
1192.09
1199.01
1194.95
1188.04
1179.93
1181.13
1179.93
1179.93
1179.22
1204.01
1204.01
1211.88
17245.05
1173.02
1146.08
1157.05
1188.99
1188.99
1195.91
1190.90
1212.12
1193.05
1194.00
1208.07
1173.02
17233.13
1234.05
1199.96
1178.98
1194.00
1178.98
1173.97
1185.18
1178.98
1178.03
1182.08
1171.11
1192.09
1194.95
13288.02
1188.99
1180.17
1185.89
1187.09
1194.95
1203.06
1207.11
1190.19
1189.95
1213.07
1187.09
1206.16
17251.97
1222.85
1195.91
1190.90
1194.00
1188.04
1187.09
1197.10
1193.05
1191.14
1195.91
1188.04
1188.04
17216.92
1250.98
1191.14
1190.90
1202.82
1190.19
1190.90
1197.81
1186.85
1189.95
1196.15
1189.95
1189.95
1186.85
17292.02
1204.01
1191.14
1197.10
1199.01
1196.15
1194.95
1190.19
1190.90
1191.85
1195.91
1183.99
1183.99
17251.97
1223.80
1198.05
1195.91
1190.90
1189.23
1190.90
1194.95
1194.00
1185.18
1194.95
1192.81
1188.04
17224.07
1237.15
1193.05
1190.19
1206.87
1188.04
1176.12
1188.99
1177.07
1178.03
1179.93
1177.07
1180.17
1174.93
17281.06
1191.14
1180.89
1187.09
1182.08
1172.07
1178.03
1183.99
1178.98
1173.97
1188.99
1175.88
1177.07
17229.08
1210.93
1183.99
1183.03
1185.89
1177.07
1178.98
1184.94
1182.79
1175.88
1184.94
1180.17
1173.02
1177.07
17290.12
1185.18
1178.98
1185.18
1182.08
1177.07
1184.94
1182.08
1181.84
1179.93
1187.09
1173.97
1175.88
17236.95
1207.11
1178.98
1186.13
1180.17
1180.89
1173.97
1189.95
1178.03
1182.08
1184.94
1176.83
1186.13
1173.02
17295.84
1185.89
1175.17
1183.99
1187.80
1179.93
1183.99
1179.93
1184.94
1184.94
1185.89
1173.97
1177.07
17245.05
1207.11
1177.07
1192.09
1178.03
1176.12
1172.07
1184.94
1179.93
1178.03
1183.99
1178.98
1175.88
1175.88
17285.11
1178.98
1182.08
1189.95
1182.08
1173.02
1182.79
1178.98
1177.07
1173.97
1189.95
1171.11
1180.17
17231.94
1201.87
1180.89
1178.98
1177.07
1181.13
1173.97
1197.10
1190.19
1175.88
1178.98
1179.93
1179.93
17214.06
1242.16
1199.01
1189.23
1196.86
1199.96
1194.00
1188.99
1195.91
1183.99
1193.05
1173.02
1183.03
1166.11
17281.06
1177.79
1159.91
1159.91
1150.13
1147.03
1148.94
1163.96
1147.03
1154.18
1167.06
1163.01
1160.14
17175.91
1240.02
1183.99
1174.93
1199.96
1188.99
1190.90
1200.20
1187.09
1192.09
1194.95
1187.80
1203.06
1183.99
17314.20
1199.96
1187.80
1194.95
1191.14
1188.99
1198.05
1189.95
1184.94
1184.94
1193.05
1190.90
1194.00
17253.88
1225.95
1189.95
1194.00
1192.09
1188.99
1186.85
1199.96
1189.95
1187.80
1189.95
1188.99
1188.04
1184.94
17280.82
1195.91
1189.95
1198.05
1193.05
1192.09
1189.95
1191.85
1188.99
1191.85
1185.89
1186.85
1188.99
17292.98
1202.11
1189.95
1194.00
1193.05
1191.14
1188.99
1189.23
1183.99
1182.08
1196.15
1183.99
1188.99
17250.06
1214.98
1191.14
1197.10
1184.94
1189.95
1187.09
1197.10
1184.94
1185.89
1194.95
1194.00
1191.14
1188.04
17280.10
1199.01
1188.04
1195.91
1185.18
1188.04
1192.09
1189.95
1190.90
1190.19
1199.96
1189.95
1184.94
17295.84
1201.87
1191.85
1193.05
1192.09
1185.89
1193.05
1188.04
1183.03
1192.09
1202.11
1187.09
1188.99
17251.01
1221.90
1194.95
1197.10
1191.14
1189.95
1185.89
1197.81
1186.85
1190.90
1190.19
1195.91
1189.95
1194.00
17282.96
1199.01
1191.14
1199.01
1188.99
1188.99
1198.05
1191.14
1189.95
1191.14
1192.09
1188.99
1196.86
17304.18
1204.01
1193.05
1202.11
1188.99
1183.03
1195.91
1194.00
1184.94
1190.19
1189.95
1190.90
1190.19
17251.97
1221.18
1198.05
1196.15
1193.05
1193.05
1188.04
1191.14
1188.99
1190.19
1197.10
1189.95
1187.80
17213.82
1256.94
1195.91
1194.95
1199.01
1193.05
1188.04
1195.91
1188.99
1188.99
1194.95
1192.81
1186.85
1188.99
17297.03
1199.96
1189.95
1192.09
1188.04
1189.95
1195.91
1189.95
1189.95
1186.85
1194.95
1192.09
1189.95
17264.84
1230.96
1191.14
1204.01
1200.91
1186.85
1209.02
1161.10
1137.97
1146.08
1152.04
1146.08
1144.17
1147.99
17292.02
1185.89
1197.10
1213.07
1185.18
1188.99
17240.05
1222.85
1194.95
1187.09
1201.15
1187.09
1188.04
1196.15
1193.05
1184.94
1190.19
1185.89
1189.95
1186.13
17292.02
1197.81
1190.90
1201.15
1192.09
1189.95
1195.91
1186.13
1189.95
1187.80
1191.85
1190.90
1185.89
17277.00
1204.01
1192.09
1194.95
1191.85
1188.04
1188.99
1199.01
1194.00
1187.09
1204.01
1194.00
1188.04
17245.05
1221.90
1191.14
1188.04
1199.01
1191.85
1194.00
1191.85
1191.85
1191.85
1194.95
1188.04
1188.04
1188.04
17289.88
1202.82
1185.89
1194.00
1184.94
1183.99
1191.85
1189.95
1183.99
1194.00
1190.90
1187.09
1188.04
17279.15
1203.06
1188.04
1196.15
1188.04
1193.05
1188.99
1196.15
1186.13
1188.04
1191.85
1185.89
1185.18
17245.05
1224.04
1196.15
1190.90
1198.05
1194.00
1190.90
1194.95
1186.13
1182.08
1189.95
1191.85
1188.04
1190.90
17294.17
1203.06
1194.00
1197.10
1188.99
1187.80
1193.05
1191.85
1189.95
1187.09
1197.10
1183.03
1186.85
17275.09
1204.01
1188.04
1194.95
1190.90
1186.13
1188.99
1197.81
1191.85
1186.85
1195.91
1185.89
1183.99
17244.82
1220.94
1199.01
1198.05
1198.05
1188.99
1188.04
1197.10
1191.14
1188.04
1198.05
1188.99
1188.99
1188.04
17293.93
1198.05
1186.13
1195.91
1192.81
1190.90
1197.10
1196.15
1194.95
1188.04
1194.00
1185.89
1191.85
17284.87
1208.78
1194.95
1196.15
1193.05
1188.04
1190.90
1203.06
1190.90
1191.14
1204.01
1192.09
1188.04
17247.92
1220.94
1192.81
1199.01
1194.95
1194.95
1188.99
1191.85
1190.90
1191.14
1199.96
1188.99
1190.90
1194.95
17291.07
1201.15
1190.90
1202.82
1188.99
1188.99
1196.86
1191.14
1187.09
1194.95
1188.99
1189.95
1188.99
17300.13
1204.97
1190.19
1193.05
1191.14
1193.05
1198.05
1188.99
1188.99
1192.09
1204.01
1192.09
1188.99
17249.11
1221.90
1196.15
1194.95
1191.85
1187.80
1194.95
1197.10
1192.09
1187.09
1195.19
1184.94
1190.90
17220.97
1250.03
1199.96
1195.91
1198.05
1189.95
1186.13
1196.86
1190.90
1187.80
1194.95
1188.99
1188.04
1188.99
17304.90
1204.97
1191.14
1199.96
1188.99
1187.09
1195.91
1193.05
1192.09
1193.05
1199.96
1192.81
1188.04
17245.05
1222.13
1190.90
1198.05
1193.05
1194.00
1191.85
1195.19
1189.95
1189.95
1199.01
1194.00
1194.00
17245.05
1228.09
1194.00
1190.19
1196.86
1190.90
1190.19
1194.95
1195.19
1188.99
1196.15
1194.95
1191.14
1189.95
17306.09
1204.01
1191.85
1198.05
1188.99
1188.04
1198.05
1194.95
1189.95
1190.90
1197.81
1189.95
1192.09
17245.05
1219.99
1194.95
1200.91
1194.00
1191.85
1194.00
1199.01
1191.14
1189.95
1196.86
1191.85
1190.90
17250.06
1225.95
1199.01
1194.00
1202.11
1190.19
1187.09
1198.05
1188.04
1194.00
1198.05
1192.81
1185.89
1188.99
17298.94
1199.96
1189.95
1192.09
1192.09
1189.23
1198.05
1190.90
1191.85
1185.89
1194.00
1184.94
1187.80
17269.85
1207.83
1190.90
1196.86
1192.09
1188.99
1184.94
1194.95
1190.90
1188.04
1192.81
1188.99
1183.99
17247.20
1225.95
1198.05
1197.10
1197.10
1192.09
1190.90
1199.96
1197.10
1194.00
1199.96
1195.19
1190.90
1190.90
17294.17
1194.00
1186.85
1194.95
1188.04
1191.14
1199.01
1191.14
1188.99
1188.04
1201.15
1189.95
1189.95
17284.15
1204.97
1195.91
1197.10
1195.19
1189.95
1192.81
1200.91
1192.81
1191.85
1198.05
1184.94
1186.85
17248.15
1225.95
1199.01
1195.91
1194.95
1187.09
1188.99
1199.96
1190.90
1186.85
1194.00
1192.09
1189.95
1192.81
17281.77
1194.00
1188.99
1190.90
1188.99
1188.04
1179.93
1147.99
1142.98
1191.14
1184.94
1183.99
1178.98
17246.01
1207.11
1164.91
1172.78
1157.05
1158.95
1154.90
1139.16
1183.03
1180.17
1175.88
1169.92
1172.07
1169.20
9254.93
1174.93
1165.15
1175.88
1172.78
1173.97
1183.03
1194.95
1182.08
1195.91
1214.03
1194.00
1200.20
17249.11
1213.07
1188.04
1223.09
1188.04
1191.14
1194.95
1201.15
1196.15
1189.95
1198.05
1185.89
1189.95
17241.95
1227.14
1196.15
1194.00
1202.11
1192.09
1188.04
1199.01
1189.95
1189.95
1194.95
1185.89
1186.85
1192.09
17303.94
1196.86
1196.86
1196.86
1189.95
1188.99
1193.05
1193.05
1186.85
1191.85
1199.01
1192.09
1193.05
17287.02
1199.96
1189.95
1195.19
1189.95
1192.09
1192.09
1194.95
1188.99
1188.04
1202.11
1193.05
1188.04
17239.09
1217.13
1199.01
1194.95
1199.96
1186.85
1196.86
1199.96
1194.00
1188.99
1197.81
1194.00
1194.00
1192.81
17295.84
1199.01
1195.91
1200.91
1194.00
1191.14
1196.15
1192.09
1192.09
1194.95
1192.81
1189.95
1194.00
17278.91
1197.81
1184.94
1190.19
1205.92
1200.91
1199.01
1194.00
1189.95
1191.85
1193.05
1168.97
1172.07
17234.09
1160.86
1164.20
1153.95
1162.05
1151.08
1139.16
1148.94
1144.89
1141.79
1142.02
1148.94
1145.84
1147.99
17212.15
1181.13
1158.95
1169.92
1163.96
1162.05
1171.83
1178.98
1176.12
1188.04
1200.20
1183.99
1187.09
1188.04
17296.79
1188.99
1201.15
1189.95
1193.05
1188.04
1213.79
1189.95
1188.04
1191.85
1188.99
1189.95
1188.99
17299.89
1204.01
1191.14
1195.91
1188.04
1187.09
1193.05
1189.95
1194.95
1188.99
1194.00
1186.85
1188.99
17251.01
1222.13
1190.90
1195.91
1187.80
1188.99
1187.09
1199.01
1186.85
1192.09
1194.00
1185.89
1183.99
1186.85
17287.97
1200.20
1194.00
1198.05
1194.00
1190.90
1191.85
1189.95
1187.09
1192.09
1189.95
1190.90
1193.05
17298.94
1200.91
1192.81
1191.85
1195.91
1187.80
1195.91
1188.04
1188.99
1186.85
1194.95
1192.09
1187.09
17249.11
1219.03
1193.05
1198.05
1185.89
1188.04
1185.18
1198.05
1189.95
1185.89
1191.14
1193.05
1188.99
17215.97
1255.99
1198.05
1189.95
1200.91
1183.99
1189.95
1193.05
1192.81
1190.90
1194.00
1185.89
1189.95
1192.09
17297.98
1205.92
1192.09
1195.19
1189.95
1190.90
1191.14
1189.95
1190.90
1190.19
1198.05
1190.90
1190.90
17251.01
1225.95
1194.00
1199.96
1191.14
1189.95
1188.04
1196.86
1188.04
1194.00
1189.95
1188.04
1187.09
17218.11
1246.93
1196.86
1192.81
1194.00
1189.95
1191.85
1194.95
1189.95
1187.80
1194.95
1190.19
1189.95
1183.03
17295.84
1206.87
1192.81
1194.00
1189.95
1188.99
1192.09
1188.99
1187.09
1190.19
1197.10
1188.99
1188.04
17250.78
1219.99
1191.14
1193.05
1189.95
1190.90
1188.99
1194.95
1190.19
1189.95
1195.19
1185.89
1187.80
17224.79
1242.88
1191.85
1185.89
1195.19
1188.04
1189.95
1193.05
1187.09
1188.04
1193.05
1192.09
1191.14
1185.89
17297.03
1204.01
1193.05
1194.00
1186.13
1188.04
1193.05
1188.99
1183.99
1184.94
1197.10
1186.13
1183.99
17248.87
1220.94
1192.09
1196.15
1190.90
1183.99
1188.04
1196.15
1186.13
1188.04
1188.99
1192.81
1185.89
17218.11
1254.08
1191.85
1189.95
1194.95
1188.99
1184.94
1194.95
1183.03
1190.19
1193.05
1190.90
1186.85
1186.85
17298.94
1205.92
1193.05
1192.09
1188.04
1191.14
1193.05
1188.99
1188.04
1184.94
1197.10
1187.09
1195.19
17249.82
1220.94
1189.95
1197.10
1188.04
1194.00
1187.80
1195.91
1188.04
1187.80
1191.85
1186.85
1188.99
17218.11
1261.00
1191.14
1188.04
1194.00
1188.04
1184.94
1191.85
1188.99
1185.89
1200.91
1188.99
1181.84
1179.93
17296.08
1195.91
1183.99
1184.94
1181.13
1176.12
1184.94
1179.93
1181.13
1176.12
1188.04
1178.03
1182.79
17251.01
1233.10
1197.10
1209.02
1193.05
1189.95
1188.99
1175.17
1147.03
1147.99
1160.86
1158.00
1156.09
1158.95
17281.77
1214.98
1199.01
1199.96
1185.18
1194.00
17235.99
1204.97
1190.19
1172.07
1183.03
1172.07
1160.14
1169.92
1155.85
1156.81
1148.94
1154.18
1147.03
1149.18
17204.05
1178.03
1156.09
1166.11
1160.14
1162.05
1163.96
1176.83
1173.02
1174.93
1196.86
1200.91
1189.95
1188.04
17279.15
1194.95
1194.95
1209.02
1188.04
1205.21
1197.10
1191.85
1183.99
1191.14
1190.90
1189.95
1189.95
17297.98
1199.96
1187.80
1194.00
1189.95
1189.95
1194.95
1188.99
1188.99
1184.94
1196.15
1188.04
1191.14
17251.01
1222.13
1197.10
1199.01
1198.05
1190.90
1186.13
1198.05
1191.14
1186.13
1195.91
1190.19
1188.04
17216.92
1255.99
1199.01
1191.14
1203.06
1194.95
1187.09
1198.05
1192.81
1194.95
1199.01
1196.86
1190.90
1192.09
17292.98
1203.06
1198.05
1199.01
1191.14
1191.14
1197.10
1192.09
1189.95
1189.95
1198.05
1186.13
1187.09
17250.06
1223.09
1195.91
1191.85
1190.90
1189.95
1188.04
1199.96
1189.95
1188.04
1196.86
1188.99
1188.04
17230.99
1235.01
1194.00
1192.09
1202.11
1193.05
1189.95
1194.00
1191.85
1190.90
1194.95
1188.99
1193.05
1190.19
13283.01
1174.93
1163.01
1155.85
1144.89
1144.89
1163.01
1168.01
1164.91
1166.82
1162.05
1165.87
1160.86
17224.07
1235.01
1193.05
1193.05
1208.07
1195.19
1203.06
1214.03
1191.14
1189.95
1186.85
1150.13
1161.10
1156.09
17287.02
1196.86
1213.79
1199.01
1193.05
1188.99
1194.95
1189.95
1189.95
1191.14
1163.01
1148.94
1148.94
17231.23
1223.09
1192.09
1219.03
1194.00
1193.05
1189.95
1195.91
1188.04
1187.80
1178.98
1163.96
1164.91
1170.16
17308.95
1193.05
1192.81
1201.87
1192.09
1188.99
1198.05
1186.85
1190.90
1191.85
1186.13
1178.03
1177.79
17281.06
1192.09
1204.97
1204.97
1201.15
1185.89
1188.99
1181.13
1176.12
1168.01
1162.05
1158.00
1157.05
17230.03
1218.80
1168.97
1167.06
1170.16
1149.89
1147.99
1151.08
1152.99
1146.79
1142.98
1124.14
1153.95
1152.99
17230.99
1194.00
1169.92
1177.07
1172.07
1173.02
1179.93
1198.05
1198.05
1188.04
1178.03
1167.06
1168.01
1173.97
17297.03
1196.86
1195.91
1201.15
1185.89
1198.05
1202.11
1188.04
1187.09
1188.04
1173.02
1189.95
1185.18
17296.08
1188.99
1181.13
1194.00
1178.98
1182.08
1173.97
1175.88
1158.95
1152.99
1156.09
1177.07
1192.09
17250.06
1188.99
1152.04
1150.13
1172.07
1157.05
1160.86
1164.91
1163.01
1164.91
1165.87
1176.12
1177.07
1176.12
17250.06
1207.11
1188.04
1199.01
1189.95
1207.11
1193.05
1201.15
1196.15
1194.95
1188.04
1183.99
1192.09
17233.13
1228.09
1202.11
1180.89
1188.99
1188.99
1179.93
1193.05
1178.98
1178.98
1175.17
1177.07
1194.00
1188.99
17304.90
1203.78
1173.02
1178.03
1161.10
1170.16
1163.96
1158.00
1147.99
1144.17
1140.12
1165.87
1167.06
17242.91
1189.95
1165.15
1165.87
1184.94
1177.07
1175.17
1188.99
1194.00
1190.90
1191.14
1152.04
1156.09
1152.04
17290.12
1204.97
1192.09
1197.10
1188.99
1186.85
1196.86
1190.90
1185.18
1189.95
1176.12
1177.07
1182.08
17246.96
1209.02
1193.05
1201.87
1178.98
1185.89
1178.98
1180.17
1177.07
1162.05
1147.99
1183.99
1191.14
1194.95
17261.03
1154.90
1150.85
1156.09
1145.12
1144.17
1152.99
1157.05
1156.09
1156.09
1149.18
1156.09
1154.90
17203.81
1224.99
1179.22
1188.04
1209.02
1188.99
1194.00
1203.06
1194.95
1201.87
1206.87
1147.99
1153.95
1158.00
17272.95
1202.11
1199.01
1190.90
1192.09
1192.09
1180.17
1193.05
1174.93
1180.89
1187.09
1155.14
1157.05
17221.21
1205.92
1170.87
1163.96
1173.97
1158.95
1161.10
1155.14
1157.05
1142.98
1145.84
1124.86
1168.97
1163.01
17234.80
1162.05
1145.12
1151.08
1148.94
1147.03
1150.85
1168.01
1158.00
1157.05
1152.99
1156.81
1178.98
1159.19
13268.95
1175.88
1156.81
1163.01
1148.94
1139.88
1140.83
1152.99
1152.99
1142.98
1143.93
1144.89
1149.89
17182.11
1215.93
1169.20
1163.96
1179.93
1175.88
1171.83
1179.93
1190.19
1174.93
1195.91
1204.01
1195.91
1194.95
17290.12
1196.15
1204.97
1214.03
1194.00
1185.89
1188.99
1196.86
1190.90
1185.18
1192.09
1190.90
1187.09
17241.00
1226.90
1199.01
1195.91
1191.85
1191.14
1189.95
1199.96
1188.04
1191.14
1194.00
1191.14
1184.94
1190.90
17279.15
1198.05
1190.19
1194.95
1194.95
1187.09
1197.10
1193.05
1189.95
1188.04
1199.01
1185.18
1190.90
17289.88
1204.01
1194.00
1199.01
1189.95
1192.09
1197.10
1199.96
1188.99
1190.90
1197.10
1191.14
1188.99
17247.92
1221.18
1196.86
1199.01
1194.95
1194.00
1193.05
1199.96
1194.95
1188.04
1199.01
1194.00
1190.90
17212.87
1247.88
1200.91
1193.05
1198.05
1195.19
1190.90
1191.85
1194.95
1191.14
1198.05
1183.99
1191.14
1188.04
17297.03
1203.78
1190.90
1203.06
1189.95
1189.95
1195.91
1193.05
1192.81
1190.90
1195.91
1188.99
1190.90
17243.86
1219.99
1193.05
1194.00
1200.20
1188.99
1188.99
1197.81
1190.90
1191.85
1198.05
1191.14
1187.09
17234.09
1230.96
1189.95
1189.95
1201.87
1189.95
1191.14
1198.05
1189.95
1191.85
1197.81
1187.80
1186.85
1188.04
17293.93
1196.86
1192.81
1191.85
1193.05
1188.99
1195.19
1193.05
1191.14
1189.95
1197.10
1188.04
1189.95
17244.10
1219.03
1188.99
1199.01
1190.90
1190.90
1189.95
1199.96
1183.03
1185.18
1192.09
1187.09
1190.90
17235.04
1235.01
1198.05
1176.12
1191.14
1183.99
1180.89
1184.94
1181.84
1180.89
1184.94
1182.08
1177.07
1180.17
17283.92
1188.99
1181.13
1186.85
1182.08
1178.98
1174.93
1188.99
1178.98
1179.93
1183.03
1173.02
1182.08
17239.09
1214.98
1182.08
1180.17
1194.95
1181.13
1178.98
1185.89
1177.07
1182.08
1183.99
1174.93
1178.03
1176.83
17294.88
1188.99
1181.13
1185.89
1183.03
1180.89
1191.85
1170.87
1174.21
1177.07
1189.95
1179.93
1175.17
17236.95
1201.87
1191.85
1193.05
1183.99
1171.11
1185.89
1183.03
1178.98
1173.97
1188.99
1178.03
1174.93
1175.17
17294.88
1191.85
1176.83
1188.99
1179.93
1179.93
1185.89
1177.07
1202.11
1194.00
1198.05
1185.18
1184.94
17245.05
1194.00
1168.01
1173.02
1168.01
1158.95
1160.14
1158.00
1147.99
1147.03
1152.99
1146.08
1142.98
1148.94
17266.04
1137.02
1159.91
1165.87
1163.01
1167.06
1178.03
1169.92
1175.88
1180.89
1192.09
1194.00
1193.05
17247.92
1210.93
1197.81
1201.87
1210.93
1186.85
1179.93
1194.95
1185.89
1183.99
1189.95
1189.23
1188.04
1193.05
17287.02
1192.81
1193.05
1193.05
1188.99
1188.99
1195.19
1188.04
1185.18
1185.89
1194.00
1188.99
1183.99
17292.98
1204.01
1188.99
1194.00
1190.19
1188.99
1187.09
1188.99
1185.18
1187.09
1189.95
1190.90
1188.04
17240.05
1222.85
1190.90
1193.05
1212.84
1188.99
1178.98
1199.01
1170.87
1180.89
1179.93
1182.08
1175.88
1179.93
17285.11
1183.03
1177.79
1188.99
1184.94
1176.83
1184.94
1179.22
1183.03
1178.98
1187.09
1177.07
1178.98
17229.08
1211.17
1178.98
1187.09
1175.17
1178.98
1178.03
1183.99
1182.08
1173.02
1184.94
1175.17
1178.98
1174.93
17276.05
1186.85
1181.84
1186.85
1180.89
1173.02
1180.89
1173.97
1183.99
1173.97
1185.89
1179.93
1173.97
17230.99
1214.03
1180.89
1186.85
1181.84
1176.83
1179.93
1204.01
1181.84
1173.97
1177.07
1180.17
1177.07
17246.01
1221.90
1192.09
1188.99
1204.97
1174.93
1189.95
1188.04
1166.82
1181.84
1179.93
1168.97
1167.06
1163.01
17272.00
1192.09
1165.87
1164.91
1165.87
1167.06
1153.95
1178.03
1178.98
1190.90
1186.85
1186.85
1181.84
17242.91
1216.89
1194.00
1183.99
1205.21
1192.09
1194.00
17255.07
1223.09
1198.05
1211.17
1204.97
1186.13
1184.94
1195.91
1188.99
1185.89
1194.95
1188.04
1188.99
17250.06
1228.09
1195.19
1194.00
1198.05
1193.05
1190.90
1191.14
1187.09
1187.09
1188.99
1189.95
1188.04
1183.99
17300.84
1199.01
1191.14
1194.00
1186.13
1183.03
1197.10
1189.95
1188.99
1188.04
1194.95
1186.13
1189.95
17256.98
1212.12
1194.00
1197.10
1193.05
1187.09
1183.99
1199.01
1193.05
1183.99
1195.19
1185.89
1188.04
17246.01
1223.09
1194.95
1188.99
1199.96
1187.09
1186.13
1194.00
1186.13
1189.95
1191.85
1190.90
1184.94
1188.99
17305.85
1202.82
1192.81
1197.81
1191.85
1194.00
1195.91
1194.95
1189.95
1189.95
1199.01
1189.95
1186.13
17273.90
1205.92
1195.19
1194.95
1193.05
1190.19
1183.03
1198.05
1188.04
1190.19
1198.05
1183.99
1189.95
17245.05
1226.90
1198.05
1188.04
1197.81
1188.99
1192.09
1199.96
1188.04
1193.05
1196.15
1183.99
1188.04
1187.09
17293.93
1199.96
1196.15
1202.11
1190.90
1193.05
1199.01
1194.00
1189.95
1187.09
1213.07
1181.13
1177.07
17272.95
1191.85
1174.93
1189.95
1174.93
1180.89
1174.21
1190.90
1182.79
1174.93
1186.13
1187.09
1178.98
17228.84
1209.97
1183.99
1182.79
1188.99
1183.03
1178.98
1181.84
1178.03
1177.07
1189.95
1178.98
1178.98
1178.98
17292.98
1190.19
1182.08
1186.85
1186.85
1179.93
1175.88
1183.99
1177.07
1179.93
1181.84
1181.84
1179.93
17235.04
1207.11
1190.19
1177.07
1188.99
1182.08
1179.22
1191.85
1176.83
1183.03
1182.08
1180.89
1175.88
1178.98
17291.07
1191.14
1180.89
1188.04
1178.98
1179.22
1186.85
1178.03
1183.03
1176.12
1192.09
1182.08
1178.03
17237.90
1202.82
1183.03
1188.04
1183.99
1175.17
1183.99
1183.99
1178.98
1182.08
1183.03
1179.93
1183.03
1174.21
17282.96
1184.94
1179.93
1177.07
1180.89
1179.93
1188.04
1181.84
1180.89
1174.93
1194.95
1178.98
1186.13
17245.05
1214.98
1207.83
1204.01
1208.07
1191.14
1184.94
1190.90
1176.12
1177.07
1176.12
1173.02
1163.01
17216.92
1183.03
1169.92
1154.18
1158.00
1147.99
1152.04
1156.09
1147.99
1152.99
1159.91
1166.11
1165.15
1169.92
17221.93
1199.01
1186.85
1188.99
1193.05
1186.13
1197.10
1208.07
1188.04
1195.19
1207.11
1203.06
1184.94
17235.04
1232.86
1197.10
1188.99
1199.01
1194.00
1189.95
1198.05
1191.14
1184.94
1194.00
1186.13
1194.95
1188.99
17296.08
1204.01
1195.19
1199.01
1197.10
1189.95
1194.00
1189.95
1188.99
1194.00
1201.15
1189.95
1188.04
17249.82
1215.93
1192.09
1194.00
1186.85
1189.95
1184.94
1191.85
1192.81
1189.95
1199.96
1192.81
1186.85
17244.82
1221.90
1194.00
1188.99
1196.15
1187.09
1188.04
1193.05
1186.85
1185.89
1191.14
1193.05
1191.14
1188.04
17296.08
1207.11
1193.05
1199.01
1192.09
1193.05
1205.21
1180.89
1178.98
1177.07
1189.95
1180.89
1182.08
17235.04
1202.82
1185.89
1186.85
1181.84
1177.07
1186.13
1181.13
1178.98
1180.17
1192.09
1177.07
1176.12
1183.99
17273.19
1188.04
1178.03
1190.19
1178.98
1181.84
1176.83
1173.97
1181.13
1175.88
1194.00
1179.93
1178.03
17239.09
1200.91
1180.89
1188.99
1182.08
1178.03
1183.03
1192.09
1181.13
1173.02
1189.95
1175.88
1179.93
17224.07
1218.08
1187.09
1177.07
1187.09
1182.08
1172.07
1189.23
1178.98
1183.03
1179.22
1178.98
1181.13
1178.03
17289.16
1209.97
1201.87
1187.80
1201.87
1199.01
1204.01
1194.00
1188.04
1176.12
1177.07
1163.01
1173.02
17217.87
1196.86
1168.01
1163.01
1151.80
1148.94
1147.03
1140.83
1139.88
1137.97
1157.05
1156.09
1154.18
1152.04
17226.93
1199.96
1156.09
1162.05
1148.94
1150.85
1150.85
1144.89
1168.01
1170.87
1172.07
1163.01
1167.06
1166.11
25313.14
1183.99
1196.15
1201.15
1187.09
1183.99
1189.95
1188.04
1181.13
1183.99
1195.19
1185.89
1183.99
17248.15
1207.11
1183.99
1194.00
1181.84
1182.79
1189.95
1202.11
1183.03
1181.13
1185.18
1184.94
1193.05
17222.88
1225.95
1196.15
1183.99
1194.95
1189.95
1183.99
1191.14
1184.94
1183.99
1185.89
1188.99
1183.03
1183.99
17292.02
1194.00
1188.99
1190.90
1181.84
1187.80
1185.89
1184.94
1182.08
1186.13
1194.95
1185.18
1184.94
17235.99
1214.03
1182.08
1194.95
1186.85
1180.89
1186.85
1194.00
1187.09
1183.99
1188.99
1184.94
1186.85
1182.08
17289.16
1183.99
1190.19
1188.99
1181.13
1183.99
1202.11
1194.95
1191.85
1197.81
1194.95
1183.03
1177.07
17276.05
1194.00
1188.99
1191.14
1178.98
1186.13
1176.12
1191.14
1183.03
1178.98
1186.85
1180.89
1178.03
17238.86
1231.91
1191.14
1178.03
1194.00
1188.99
1185.18
1199.96
1194.00
1195.91
1201.87
1188.99
1182.08
1174.93
17272.00
1177.07
1165.87
1171.11
1176.12
1167.06
1163.01
1169.20
1158.00
1157.05
1167.06
1149.18
1146.08
17200.95
1174.93
1151.08
1145.84
1165.87
1145.12
1143.93
1156.81
1144.89
1144.89
1142.98
1155.85
1142.02
1143.93
17200.95
1164.91
1147.99
1142.02
1152.04
1147.99
1149.89
1160.14
1163.96
1163.96
1166.11
1159.91
1165.87
1167.06
17249.11
1183.03
1177.79
1174.93
1176.12
1178.98
1191.85
1181.84
1181.84
1186.85
1185.89
1177.07
1187.80
17241.95
1223.09
1192.09
1193.05
1205.92
1187.09
1202.11
1188.99
1195.91
1194.00
1207.83
1205.92
1189.23
1220.94
17301.08
1197.81
1194.00
1199.96
1195.91
1198.05
1199.96
1195.91
1194.00
1195.91
1199.01
1199.96
1194.00
17293.21
1213.07
1195.91
1209.02
1198.05
1197.10
1201.15
1200.91
1194.00
1199.01
1201.87
1198.05
1195.91
17258.17
1223.09
1196.86
1202.82
1191.85
1194.95
1198.05
1201.15
1198.05
1193.05
1198.05
1196.15
1199.01
17240.05
1236.20
1197.10
1195.91
1209.02
1194.95
1196.15
1199.96
1196.86
1195.91
1197.10
1194.00
1195.91
1193.05
17306.09
1205.21
1197.10
1200.91
1200.20
1195.91
1200.91
1196.15
1192.09
1190.90
1198.05
1195.19
1192.09
17286.06
1207.11
1199.96
1201.15
1196.15
1192.09
1195.91
1202.11
1190.19
1197.10
1196.86
1199.01
1190.90
17256.98
1222.13
1197.10
1204.97
1198.05
1200.20
1190.90
1199.96
1193.05
1194.00
1200.91
1198.05
1196.86
17222.17
1249.07
1197.10
1198.05
1197.81
1194.00
1197.10
1202.11
1195.91
1192.81
1194.95
1196.15
1195.91
1191.85
17298.94
1205.92
1198.05
1200.91
1196.86
1195.91
1204.97
1194.00
1199.01
1192.81
1200.91
1193.05
1196.15
17256.02
1222.13
1202.11
1200.91
1196.86
1194.95
1195.19
1201.87
1194.95
1198.05
1200.20
1198.05
1194.00
17248.15
1232.15
1202.11
1191.85
1208.78
1193.05
1197.10
1207.11
1195.91
1194.00
1199.01
1200.91
1194.00
1191.85
17288.92
1206.87
1201.15
1199.01
1199.01
1195.91
1201.15
1194.95
1194.95
1199.96
1197.10
1199.96
1197.81
17301.08
1202.82
1200.91
1203.06
1192.81
1189.95
1202.11
1193.05
1196.15
1191.14
1204.97
1196.15
1194.95
17256.98
1223.09
1201.15
1201.87
1193.05
1197.10
1194.00
1202.11
1194.00
1195.19
1199.96
1196.15
1195.91
17250.06
1230.00
1199.96
1198.05
1204.01
1194.95
1198.05
1196.86
1195.91
1194.95
1194.95
1199.96
1193.05
1193.05
17302.04
1197.81
1195.91
1201.87
1201.15
1198.05
1198.05
1192.81
1190.90
1194.95
1197.10
1194.00
1194.00
17297.03
1210.93
1200.20
1199.01
1194.00
1195.91
1194.00
1155.85
1175.17
1146.08
1151.08
1143.93
1157.05
17214.06
1219.03
1190.19
1199.96
1194.00
1188.99
1188.99
1183.03
1187.09
1182.08
1179.93
1177.07
1180.89
1176.83
9299.04
1190.90
1182.08
1187.09
1183.99
1183.03
1194.00
1185.89
1196.86
1185.18
1184.94
1190.90
1178.03
17238.14
1209.97
1181.84
1191.85
1158.00
1174.93
1179.93
1183.99
1184.94
1177.79
1187.09
1181.84
1181.84
1181.84
17295.84
1189.95
1193.05
1189.95
1183.03
1178.03
1188.04
1184.94
1181.13
1178.03
1194.95
1188.04
1188.99
17227.89
1216.89
1196.86
1202.82
1185.89
1182.79
1183.03
1191.14
1185.89
1178.98
1183.03
1194.00
1175.88
17231.94
1229.05
1195.91
1188.04
1194.95
1178.98
1194.95
1194.95
1176.83
1180.89
1199.96
1192.09
1202.11
1183.99
17287.02
1194.95
1179.93
1188.99
1194.00
1183.03
1173.97
1177.07
1156.09
1166.11
1172.07
1158.00
1154.90
17200.95
1181.13
1156.09
1138.93
1151.80
1142.02
1146.08
1145.12
1144.89
1150.85
1145.84
1154.90
1140.12
1145.12
17203.09
1174.93
1157.05
1159.91
1164.20
1160.86
1160.86
1168.97
1172.07
1167.06
1173.97
1179.93
1175.17
1178.03
17297.03
1201.15
1194.00
1193.05
1183.03
1184.94
1186.13
1189.95
1194.95
1186.13
1183.03
1187.09
1198.05
17244.10
1220.94
1183.99
1187.09
1201.87
1190.19
1185.89
1198.05
1204.97
1200.20
17261.03
1197.10
1163.96
1172.07
1174.93
1177.79
1180.89
1188.04
1187.09
1193.05
1180.89
1180.89
1190.90
17206.19
1248.12
1209.97
1191.14
1206.87
1181.84
1200.91
1188.99
1181.84
1183.99
1204.01
1181.13
1185.18
1180.89
17292.98
1199.96
1202.82
1195.91
1216.17
1192.09
1199.96
1198.05
1196.15
1185.89
1153.95
1158.00
1165.87
17253.16
1237.15
1194.95
1209.97
1186.13
1184.94
1194.00
1204.01
1194.95
1206.87
1181.84
1135.83
1150.85
1143.93
17291.07
1200.20
1205.92
1201.87
1192.81
1189.95
1198.05
1196.86
1195.19
1190.90
1200.91
1187.09
1187.09
17318.01
1202.11
1199.01
1204.01
1183.99
1179.93
1191.85
1179.93
1178.98
1179.93
1168.97
1148.94
1157.05
17216.21
1240.02
1186.13
1188.04
1191.14
1186.13
1171.83
1165.87
1160.86
1163.96
1168.01
1179.22
1173.97
1172.07
17287.97
1163.96
1151.80
1148.94
1145.84
1151.08
1144.17
1156.09
1148.94
1140.83
1137.97
1144.17
1147.99
1144.17
17257.93
1160.86
1148.94
1159.19
1144.89
1156.09
1154.90
1160.86
1151.08
1158.00
1169.92
1190.90
1190.19
17247.92
1204.97
1172.07
1180.17
1189.95
1178.98
1189.95
1183.99
1178.98
1180.89
1177.07
1136.06
1151.08
1147.99
17279.86
1183.99
1175.17
1191.85
1179.93
1173.97
1178.98
1182.08
1188.04
1182.08
1182.08
1177.07
1177.07
17256.02
1204.97
1199.01
1194.95
1198.05
1197.81
1185.89
1183.99
1182.08
1183.03
1176.12
1187.09
1192.09
1180.89
17297.98
1197.10
1204.97
1206.87
1192.81
1200.91
1224.04
1188.99
1195.91
1192.81
1168.01
1188.04
1188.99
17309.90
1194.95
1185.18
1189.95
1184.94
1188.04
1183.99
1190.90
1183.99
1180.89
1171.83
1167.06
1158.95
17227.17
1225.95
1194.95
1185.18
1202.11
1197.10
1184.94
1197.81
1189.95
1203.06
1197.10
1143.22
1143.93
1152.99
17301.80
1204.01
1194.00
1199.01
1198.05
1193.05
1203.06
1193.05
1194.00
1194.00
1171.11
1188.99
1185.89
17241.00
1216.89
1194.00
1219.03
1193.05
1192.81
1194.00
1200.91
1191.85
1192.81
1170.87
1161.10
1172.07
17225.98
1234.05
1202.11
1197.10
1189.95
1184.94
1186.13
1192.09
1183.03
1179.22
1183.03
1143.93
1159.19
1163.01
17289.16
1214.98
1197.81
1200.91
1194.00
1194.95
1194.95
1199.01
1192.09
1195.91
1178.03
1190.90
1187.80
17256.02
1207.11
1205.92
1204.97
1187.09
1185.18
1184.94
1193.05
1194.00
1183.99
1159.19
1144.89
1145.84
1154.90
17301.08
1202.11
1201.15
1215.93
1194.95
1194.95
1200.91
1194.00
1199.01
1193.05
1173.97
1174.93
1185.18
17297.98
1194.95
1196.86
1204.97
1183.99
1183.99
1184.94
1181.84
1183.03
1177.79
17284.87
1193.05
1184.94
1194.00
1209.02
1189.95
1194.95
1174.21
1180.89
1195.91
1178.98
1178.03
1180.89
17224.07
1199.01
1172.07
1164.91
1178.03
1164.20
1162.05
1171.11
1158.95
1154.90
1157.05
1155.85
1152.99
1150.13
17243.86
1157.05
1140.12
1150.13
1153.95
1138.93
1141.07
1157.05
1145.12
1144.17
1152.04
1143.93
1146.08
1148.94
17260.07
1177.07
1163.96
1173.97
1165.87
1170.87
1169.20
1175.88
1174.93
1171.83
1186.85
1170.87
1174.93
17250.06
1209.02
1188.99
1191.14
1204.01
1185.18
1184.94
1191.85
1189.95
1204.01
1193.05
1188.04
1177.79
1178.03
17292.02
1212.12
1183.03
1191.85
1185.18
1199.96
1191.85
1210.93
1183.03
1187.09
1194.00
1186.85
1196.86
17308.00
1209.02
1198.05
1197.10
1194.00
1190.90
1198.05
1198.77
1198.05
1188.99
1201.15
1191.14
1198.05
17252.92
1224.99
1198.05
1201.15
1197.10
1199.01
1192.81
1200.91
1195.91
1194.00
1201.87
1196.86
1196.86
17217.87
1255.04
1202.11
1199.96
1205.92
1196.15
1199.01
1203.06
1201.15
1195.91
1204.97
1194.00
1197.10
1194.00
17300.13
1207.11
1194.95
1200.91
1197.10
1191.14
1199.96
1192.09
1198.05
1190.90
1204.01
1197.10
1194.00
17256.02
1217.84
1194.95
1202.11
1194.95
1189.95
1194.00
1201.15
1196.15
1195.91
1200.91
1192.09
1193.05
17251.01
1226.90
1196.86
1194.95
1199.96
1196.86
1197.81
1203.06
1194.95
1196.86
1201.15
1194.00
1194.95
1192.81
17292.98
1204.01
1196.86
1206.87
1195.19
1198.05
1200.91
1195.91
1195.19
1196.86
1193.05
1193.05
1194.95
17305.85
1204.97
1197.10
1204.01
1193.05
1192.09
1200.91
1197.10
1195.91
1192.81
1200.91
1195.91
1192.09
17254.11
1223.09
1198.05
1204.01
1198.05
1192.81
1194.00
1199.01
1199.01
1190.90
1189.95
1180.17
1185.89
17236.95
1214.03
1194.95
1183.99
1195.19
1182.08
1183.99
1192.81
1182.79
1181.84
1190.90
1181.84
1185.89
1186.13
17287.02
1199.01
1183.03
1188.04
1182.08
1192.09
1188.99
1184.94
1183.99
1183.03
1194.95
1183.99
1188.99
17242.19
1209.97
1194.00
1185.89
1188.04
1183.99
1178.98
1194.95
1176.12
1184.94
1189.95
1188.04
1183.03
1192.09
17286.06
1204.97
1196.86
1204.01
1195.91
1193.05
1198.05
1188.99
1193.05
1197.81
1189.95
1196.15
1192.09
17293.93
1210.93
1198.05
1201.15
1197.10
1199.01
1202.11
1193.05
1192.09
1191.14
1198.05
1197.10
1191.14
17256.02
1224.04
1203.06
1201.15
1195.91
1195.91
1190.90
1203.06
1192.09
1189.23
1196.86
1193.05
1193.05
17255.07
1232.86
1199.01
1190.90
1206.16
1195.91
1196.15
1193.05
1196.15
1194.95
1202.11
1194.95
1194.95
1192.09
17305.14
1209.02
1198.05
1206.87
1194.00
1195.91
1206.16
1194.95
1191.85
1194.95
1198.05
1197.10
1194.00
17299.18
1211.88
1195.91
1201.15
1199.01
1194.00
1201.87
1194.00
1194.95
1194.00
1200.91
1196.86
1189.95
17252.92
1224.99
1194.95
1202.82
1195.91
1194.95
1198.05
1203.06
1191.14
1190.90
1198.05
1196.86
1195.91
17241.00
1234.05
1198.05
1197.10
1200.91
1194.95
1191.14
1198.05
1193.05
1192.09
1199.01
1192.09
1194.95
1192.81
17302.99
1203.06
1197.10
1204.97
1197.81
1192.81
1196.86
1192.81
1194.95
1193.05
1200.20
1199.96
1197.10
17277.00
1214.98
1199.96
1202.82
1195.91
1191.85
1195.19
1197.10
1190.90
1191.85
1206.87
1194.00
1197.10
17256.98
1222.85
1199.01
1204.01
1197.10
1193.05
1193.05
1199.96
1198.05
1193.05
1199.96
1194.00
1189.95
1194.95
17280.10
1198.05
1197.10
1200.20
1195.91
1193.05
1194.95
1191.85
1165.15
1164.91
1173.97
1176.12
1172.07
17288.92
1189.23
1190.90
1193.05
1169.92
1173.97
1167.06
1193.05
1185.18
1187.09
1209.02
1209.02
1194.00
9240.15
1173.02
1152.99
1150.85
1163.01
1157.05
1161.10
1162.05
1165.15
1166.11
1163.96
1178.98
1168.01
1176.12
17253.88
1191.85
1179.93
1185.89
1181.13
1193.05
1177.07
1191.14
1192.09
1187.09
1187.09
1182.08
1189.95
17237.19
1215.93
1194.95
1196.15
1198.05
1203.06
1185.18
1205.92
1209.02
1194.00
1219.99
1194.95
1196.15
1188.04
17302.04
1205.92
1194.00
1203.06
1199.01
1194.95
1195.91
1194.95
1192.09
1196.15
1202.11
1190.90
1187.80
17300.84
1210.93
1194.00
1199.96
1201.15
1194.95
1202.11
1201.87
1193.05
1198.05
1200.91
1195.91
1194.95
17259.84
1220.94
1201.15
1205.92
1195.91
1198.77
1196.86
1204.01
1198.05
1196.15
1201.87
1194.95
1194.00
17242.91
1231.19
1199.96
1198.05
1202.11
1197.10
1198.05
1202.11
1194.00
1198.05
1203.06
1198.05
1195.19
1192.09
17304.90
1204.01
1199.96
1201.15
1198.05
1191.14
1201.15
1195.91
1196.15
1197.10
1200.91
1193.05
1190.90
17300.13
1208.07
1196.15
1194.00
1195.19
1194.95
1201.87
1201.15
1194.95
1194.95
1203.06
1192.09
1195.91
17252.92
1228.09
1199.96
1204.01
1195.91
1193.05
1196.86
1199.96
1194.95
1194.95
1204.01
1192.81
1194.00
17229.08
1240.02
1197.10
1192.09
1202.11
1196.15
1198.05
1198.05
1192.09
1194.95
1195.91
1198.05
1193.05
1191.14
17294.17
1208.07
1194.95
1204.97
1193.05
1196.15
1193.05
1194.95
1195.91
1197.10
1199.01
1191.85
1190.90
17250.06
1226.90
1197.10
1204.01
1203.06
1193.05
1196.15
1199.01
1193.05
1194.95
1205.92
1190.90
1193.05
17253.88
1231.91
1202.11
1192.09
1200.91
1195.91
1191.85
1202.82
1171.83
1199.01
1196.15
1194.00
1192.09
1192.09
17288.92
1204.01
1194.95
1204.97
1194.95
1192.09
1199.01
1193.05
1193.05
1199.01
1192.81
1194.95
1190.19
17298.94
1201.15
1201.15
1199.01
1197.10
1194.00
