1181.13
1177.07
1169.92
1194.00
1174.93
1178.03
29268.98
1156.81
1150.85
1163.01
1151.08
1153.95
1152.99
1142.02
1151.08
1152.04
25288.11
1155.85
1140.83
1150.85
1157.05
1134.87
1131.06
1133.92
1183.99
1163.01
17222.88
1194.95
1168.01
1168.97
1173.97
1158.00
1157.05
25231.84
1197.81
1178.03
1188.99
1174.21
1174.93
1168.97
25282.14
1182.08
1172.07
1168.97
1161.81
1162.05
25213.00
1166.82
1128.91
1134.16
1135.11
1127.96
1130.10
1135.11
1131.06
1136.06
1132.01
25225.88
1148.94
1141.07
1146.08
1146.08
1129.15
1131.06
1130.10
1122.95
1128.20
29180.05
1209.97
1170.16
1173.97
1132.01
1123.91
1715.90
1191.14
1166.11
1169.92
1142.98
1166.11
1181.13
1169.92
17284.87
1199.01
1193.05
1168.01
1191.85
1200.91
1177.07
1177.07
1167.06
1169.92
1144.17
1132.97
1120.81
17201.90
1204.01
1183.03
1182.08
1165.15
1184.94
1168.01
1173.97
1174.21
1153.95
1167.77
1118.90
1137.02
1127.00
21234.99
1149.89
1142.98
1152.04
1142.98
1143.93
1142.02
1148.94
1171.11
1163.01
1169.92
1181.13
1176.12
1164.91
17284.87
1179.93
1186.13
1196.15
1167.06
1176.12
1178.98
1175.17
1169.92
1164.91
25280.00
1179.93
1185.89
1187.80
1172.78
1183.99
1186.13
1172.07
1175.88
1178.03
25336.98
1231.91
1204.97
1209.97
1135.11
1132.97
1128.91
1153.95
1163.01
1158.00
25258.06
1152.04
1147.03
1147.99
1146.08
1146.08
1137.97
1147.99
1136.06
1143.93
25209.90
1194.95
1170.16
1163.01
1175.17
1162.05
1161.10
1168.01
1163.96
1175.88
25220.87
1211.17
1192.09
1181.13
1182.08
1183.99
1189.23
1168.97
1206.16
1195.91
25276.90
1207.11
1191.14
1162.05
1153.95
1182.08
1173.97
1179.93
1187.09
1187.09
29212.00
1283.88
1244.07
1230.96
1164.91
1142.02
1136.06
1143.93
1139.88
1136.06
1137.97
1148.94
1134.16
1138.93
17223.83
1234.05
1214.03
1197.10
1194.00
1194.95
1188.04
1166.11
1171.11
1170.16
1183.99
1173.02
1178.03
1169.92
17249.82
1147.03
1136.06
1156.09
1146.08
1140.12
1147.03
1209.02
1226.19
1230.96
1240.02
1230.96
1230.96
1238.82
1234.05
1233.10
1209.97
1157.05
1178.98
1152.99
17280.82
1190.90
1176.12
1173.97
1191.85
1194.00
1198.05
1193.05
1212.84
1194.95
1194.95
1193.05
1195.91
17276.05
1136.06
1127.00
1125.10
1131.06
1120.09
1125.10
1127.96
1204.01
1197.10
1209.02
1206.16
1203.06
1211.17
17271.04
1209.02
1280.07
1190.90
1182.08
1177.07
1188.04
1184.94
1186.13
1188.99
1137.02
1147.99
1147.03
17213.82
1196.86
1170.87
1165.15
1166.11
1168.97
1168.97
1178.98
1170.16
1168.01
1170.87
1166.11
1173.02
1169.92
17254.11
1152.04
1151.80
1153.95
1146.08
1140.12
1142.02
1162.05
1164.91
1177.07
1178.98
1177.79
1165.87
17246.96
1207.11
1173.02
1176.12
1176.12
1174.93
1170.87
1173.97
1166.11
1164.91
25218.01
1192.09
1168.97
1176.83
1176.83
1174.93
1173.97
1178.98
1182.08
1184.94
1180.89
25267.12
1197.10
1178.98
1178.98
1172.07
1171.11
1178.03
1177.07
1176.12
1161.10
25250.91
1139.88
1149.89
1154.18
1147.03
1152.99
1140.83
1142.02
1142.02
1150.13
1151.08
1176.12
1179.93
17221.93
1227.14
1187.09
1182.08
1158.00
1123.91
1130.82
1134.87
1133.92
1125.10
1122.95
1137.02
1183.99
1163.01
17247.92
1213.79
1194.00
1189.95
1136.06
1138.93
1129.87
1140.83
1127.96
1125.10
1132.01
1156.81
1158.00
1153.95
25280.95
1192.09
1170.16
1182.08
1166.11
1164.91
1163.96
1157.05
1166.82
1171.83
25255.92
1236.20
1261.00
1209.97
1179.93
1184.94
1178.98
25285.96
1182.08
1186.13
1169.92
1178.03
1163.96
21224.98
1168.97
1142.02
1140.12
1139.16
1122.00
1120.09
1127.96
1206.87
1231.19
1224.99
25284.05
1168.01
1155.85
1160.86
1158.95
1158.00
1150.85
2390.86
1125.81
17257.93
1199.96
1194.95
1190.90
1183.99
1183.03
1175.17
1194.00
1214.98
1199.01
1219.99
1187.09
1205.21
17256.98
1171.83
1147.99
1152.04
1147.03
1144.17
1143.93
1144.89
1188.04
1189.95
1210.93
1191.85
1194.00
1206.16
13273.00
1145.12
1161.10
1132.01
1165.15
1168.97
1172.78
1163.01
1168.01
1175.17
33299.92
1181.84
1136.06
1169.92
1195.19
1187.09
1189.95
1199.01
1178.98
1177.07
25267.12
1191.14
1177.07
1172.07
1175.17
1168.97
1153.23
17286.06
1175.17
1178.98
1178.98
1196.86
1179.93
21226.88
1201.87
1176.83
1172.07
1180.89
1170.16
1167.06
1173.02
1165.87
1162.77
25203.94
1229.05
1163.96
1160.14
1157.05
1152.99
1147.03
1153.95
1150.13
1136.06
1146.08
17241.95
1137.97
1115.08
1113.18
1111.03
1111.98
1115.80
1127.00
1126.05
1130.10
1128.20
1148.94
1164.20
1178.98
17266.04
1149.18
1128.91
1119.85
1111.98
1124.14
1121.04
1137.97
1127.96
1122.95
1127.00
1129.87
1132.97
1130.10
17245.05
1177.07
1161.10
1166.11
1132.97
1133.92
1139.16
1156.09
1137.97
1142.98
25216.82
1205.92
1170.16
1168.01
1109.12
1124.14
1131.06
1150.13
1128.91
1134.16
1127.00
25325.06
1208.78
1199.01
1207.11
1188.99
1194.00
17247.92
1216.89
1201.87
1205.92
1197.10
1198.05
1191.14
29325.01
1199.01
1188.04
1172.07
1179.93
1176.83
1186.85
1178.98
1178.98
1176.83
25290.97
1207.11
1183.03
1183.03
1157.05
1163.01
1163.96
1166.11
1162.05
1158.95
17280.82
1169.92
1154.90
1149.89
1167.06
1167.06
1165.15
1173.97
1165.87
1167.77
1158.95
1156.09
1168.01
1163.01
17263.17
1166.11
1156.09
1156.09
1187.09
1178.98
1183.99
1178.03
1173.97
1171.83
1170.87
1163.96
1167.06
17232.18
1158.00
1123.19
1120.09
1183.99
1183.99
1185.89
1189.95
1183.99
1181.84
25239.94
1186.85
1147.99
1146.08
1161.10
1168.01
1171.11
1173.02
1169.92
1169.92
25193.21
1245.98
1178.03
1168.01
1178.98
1172.78
1173.97
17235.04
1206.16
1178.98
1175.17
1182.08
1174.93
1171.83
21258.83
1153.95
1140.12
1144.89
1139.88
1142.02
1136.06
1163.01
1140.12
1141.07
25191.07
1173.97
1152.04
1141.07
1150.13
1142.02
1142.02
1151.08
1143.93
1137.97
1139.16
29265.88
1179.93
1162.05
1168.01
1182.08
1168.97
25198.94
1221.18
1158.00
1150.13
1149.18
1148.94
1146.79
25208.95
1173.97
1132.01
1163.01
1179.93
1173.02
1163.01
1164.91
1194.95
1194.00
25227.07
1216.89
1173.02
1163.96
1163.96
1190.90
1203.06
1192.81
1140.83
1152.99
1150.13
37304.88
1214.98
1206.87
1169.20
1163.01
1155.14
29213.91
1165.87
1130.82
1127.00
1143.93
1130.82
1137.97
1130.10
1148.94
1147.03
1148.94
25262.12
1156.09
1145.12
1152.99
1143.93
1141.07
1150.13
1123.91
1157.05
1166.11
25253.06
1204.97
1174.93
1173.97
1164.91
1164.20
1162.05
1161.10
1202.11
1193.05
25266.17
1205.92
1189.95
1187.09
1178.98
1176.83
1181.84
1164.20
1204.97
1214.03
25271.89
1199.96
1177.07
1175.17
1172.07
1158.95
1167.77
1177.07
1178.98
1165.15
25213.96
1194.95
1182.08
1178.98
1176.83
1164.91
1164.20
1169.92
1158.95
1160.14
25188.92
1241.92
1178.98
1160.14
1174.93
1168.01
1169.92
1162.05
1158.24
1158.95
1161.10
25268.08
1168.01
1169.92
1173.97
1165.87
1164.91
1184.94
1158.95
1157.05
1152.99
25256.87
1158.00
1145.12
1142.02
1144.17
1144.89
1138.93
1149.89
1144.17
1143.93
25192.98
1172.07
1148.94
1140.12
1142.98
1135.83
1135.83
1133.92
1135.11
1130.10
1127.96
25236.85
1133.92
1124.86
1127.96
1130.10
1122.95
1116.99
1137.97
1119.85
1128.91
25178.91
1157.05
1133.20
1120.09
1131.06
1127.96
1117.94
1126.05
1123.19
1129.87
1127.00
25232.08
1141.07
1127.96
1137.02
1131.06
1130.10
1134.16
1138.93
1133.92
1132.01
25192.02
1173.02
1139.16
1137.02
1150.13
1139.88
1134.87
1145.84
1137.02
1137.97
1140.12
25254.01
1158.00
1147.03
1153.95
1142.02
1142.98
1141.79
1147.99
1137.97
1144.89
25205.14
1168.01
1147.03
1145.12
1142.98
1141.07
1136.06
1140.83
1143.93
1137.02
25173.90
1196.86
1145.84
1142.02
1158.00
1147.03
1150.13
1151.08
1145.12
1143.93
1144.17
25250.91
1163.96
1157.05
1151.08
1153.95
1147.99
1144.17
1151.08
1147.03
1150.13
25197.03
1178.98
1146.08
1146.08
1152.04
1142.02
1144.17
1147.99
1142.02
1140.83
1138.93
25237.08
1158.00
1145.84
1149.89
1139.16
1140.12
1145.12
1147.99
1141.07
1142.02
25228.98
1152.04
1143.93
1147.03
1139.88
1144.89
1139.88
1151.08
1141.07
1136.78
25190.83
1168.01
1137.97
1140.83
1142.98
1137.97
1141.79
1147.03
1142.02
1147.03
1143.93
25254.96
1162.05
1152.04
1150.13
1145.12
1147.03
1150.13
1158.00
1147.99
1153.95
25206.09
1175.17
1151.08
1159.91
1158.00
1152.04
1149.18
1158.00
1152.99
1153.95
25207.04
1185.18
1152.04
1153.95
1158.00
1147.03
1149.18
1161.10
1152.99
1150.13
1147.03
25282.86
1173.97
1156.09
1163.01
1159.19
1158.95
1163.01
1162.05
1158.00
1156.81
25259.02
1182.08
1161.10
1163.96
1159.19
1156.09
1164.91
1164.91
1156.09
1155.14
25211.10
1182.08
1156.09
1156.09
1160.14
1158.00
1152.04
1151.80
1154.90
1154.18
25200.84
1192.09
1161.10
1157.05
1160.14
1154.90
1152.99
1159.91
1152.99
1151.08
1150.13
25276.90
1166.11
1163.01
1165.15
1164.91
1154.90
1150.85
1168.97
1163.96
1158.00
25238.99
1167.77
1155.85
1164.20
1152.04
1152.04
1152.04
1159.91
1153.23
1154.90
29210.81
1179.93
1140.12
1137.97
1151.80
1137.97
1131.06
1134.16
1132.97
1142.02
1139.16
25293.11
1183.03
1163.96
1167.06
1166.11
1161.10
1164.91
1159.91
1165.15
1162.05
13247.01
1136.78
1121.04
1123.91
1116.04
1116.99
1116.99
1127.96
1116.99
1119.85
25163.89
1162.05
1126.05
1120.09
1127.96
1118.90
1115.80
1123.91
1120.09
1121.04
1115.80
25187.02
1146.08
1132.97
1127.96
1122.95
1120.09
1115.08
1124.14
1120.09
1115.08
1118.90
25236.85
1131.06
1125.10
1131.06
1119.14
1124.86
1115.08
1127.96
1118.18
1117.94
25184.87
1150.13
1127.96
1119.85
1127.96
1127.00
1120.81
1124.86
1119.85
1119.14
1116.04
25231.12
1127.00
1118.90
1123.91
1123.19
1122.95
1124.14
1132.01
1129.87
1127.96
25177.00
1168.97
1139.16
1142.02
1141.07
1132.01
1137.02
1138.93
1136.06
1135.11
1136.06
25254.96
1154.18
1142.98
1146.08
1141.07
1142.02
1149.89
1155.14
1155.14
1139.88
25197.98
1175.17
1154.90
1147.99
1157.05
1152.04
1154.18
1157.05
1147.03
1155.14
25170.09
1208.07
1158.00
1153.95
1156.09
1146.08
1151.08
1149.18
1148.94
1150.85
1145.84
25265.93
1166.11
1151.08
1152.99
1149.89
1152.04
1150.85
1158.95
1145.12
1147.03
25202.04
1178.98
1149.89
1150.85
1142.98
1144.17
1143.93
1153.95
1142.02
1146.79
25166.99
1193.05
1149.89
1144.17
1153.95
1150.85
1143.93
1152.99
1142.98
1141.07
1146.08
25260.93
1150.85
1152.04
1154.90
1142.02
1146.08
1142.02
1152.99
1143.93
1149.18
25202.99
1177.07
1152.04
1147.99
1159.91
1158.00
1147.99
1153.95
1152.04
1148.94
1143.93
25248.05
1155.85
1143.93
1141.07
1126.05
1125.10
1127.96
1121.04
1118.90
1120.81
25184.87
1145.84
1116.04
1123.91
1118.90
1118.90
1118.18
1127.96
1123.91
1124.14
1116.04
25236.13
1133.92
1124.86
1133.92
1125.10
1117.94
1120.81
1132.97
1123.91
1123.91
25183.92
1152.04
1125.81
1120.81
1131.06
1127.96
1122.24
1131.06
1127.96
1123.19
1123.91
25240.90
1147.03
1133.92
1142.98
1139.88
1135.83
1138.93
1142.98
1134.87
1137.97
25201.08
1165.87
1138.21
1137.97
1145.12
1136.06
1136.06
1144.17
1131.06
1132.97
1135.83
25243.04
1142.98
1139.88
1147.03
1137.02
1135.11
1137.97
1228.09
1213.07
1158.00
25265.93
1173.97
1153.95
1160.86
1160.14
1152.99
1153.23
1165.87
1149.89
1155.85
25205.85
1185.89
1149.89
1150.13
1160.14
1143.93
1149.89
1158.00
1146.08
1152.04
25196.08
1202.11
1157.05
1151.08
1155.14
1148.94
1148.94
1160.14
1147.03
1147.03
1145.84
1148.22
1153.95
1161.81
17230.03
1240.97
1239.06
1214.98
1159.91
1177.07
1182.08
1189.95
1179.22
1178.98
1188.99
1180.89
1176.12
1172.07
21273.14
1175.17
1173.02
1158.00
1125.10
1127.00
1132.97
1132.01
1127.00
1132.01
1143.93
1136.06
1137.97
17161.13
1209.97
1157.05
1141.07
1151.08
1146.08
1143.93
1142.98
1145.12
1142.98
1143.93
1131.06
1177.07
1156.09
17241.00
1173.02
1142.02
1143.93
1143.93
1146.79
1144.89
1145.12
1142.98
1143.93
1141.79
1152.04
1142.02
1147.99
17211.91
1152.04
1128.91
1122.95
1119.85
1142.98
1135.11
1136.06
1155.14
1169.92
1168.01
1132.01
1115.08
1122.00
17189.03
1240.02
1209.02
1218.08
1127.00
1122.95
1127.00
1133.92
1163.96
1163.01
25214.91
1186.85
1149.89
1143.93
1158.95
1201.87
1199.96
1199.96
1193.05
1201.87
25237.08
1235.01
1203.06
1194.00
1199.01
1205.92
1193.05
1203.06
1194.95
1193.05
25254.96
1276.97
1237.15
1235.01
1242.16
1234.05
1230.96
1246.93
1235.01
1232.15
25252.10
1178.98
1171.11
1172.07
1166.11
1162.05
1161.10
1177.07
1159.19
1168.01
25237.08
1196.15
1166.11
1163.01
1153.23
1147.03
1146.08
1130.10
1137.02
1146.08
1137.97
1127.00
1124.14
1124.14
17195.94
1228.81
1199.96
1206.16
1201.87
1201.87
1195.91
1136.78
1148.94
1160.14
1151.08
1148.94
1147.99
1151.08
21276.00
1176.12
1134.16
1152.04
1144.89
1144.89
1140.12
1119.14
1116.99
1123.19
1127.00
1127.00
1123.19
1119.85
17238.86
1148.94
1142.02
1147.03
1138.93
1138.93
1145.12
1142.98
1143.22
1137.97
1120.09
1120.09
1116.04
1116.04
17250.06
1147.03
1132.01
1130.82
1146.08
1149.89
1166.82
1164.91
1169.20
1173.02
1188.04
1167.06
1170.87
17224.79
1163.01
1130.10
1122.00
1132.97
1126.05
1116.04
1118.18
1172.07
1189.95
1201.87
1200.91
1191.85
1196.86
17244.10
1214.03
1195.91
1204.01
1198.05
1192.09
1193.05
1183.03
1173.97
1178.98
1196.15
1168.97
1182.08
25244.95
1234.05
1192.09
1180.89
1164.20
1177.07
1176.12
1173.02
1163.96
1164.91
25202.99
1212.12
1152.04
1146.08
1148.94
1142.98
1142.02
9191.04
1147.03
1123.19
1118.90
1135.11
1121.04
1116.99
25172.00
1168.01
1132.97
1120.09
1118.18
1163.96
1181.13
1178.98
1169.92
1165.15
1174.93
25249.96
1141.07
1135.11
1140.12
1183.99
1197.10
1204.97
1204.01
1201.15
1199.96
25285.96
1150.85
1137.97
1132.01
1176.83
1165.87
1188.04
1184.94
1176.83
1179.93
25253.06
1193.05
1174.93
1158.95
1178.98
1172.07
1176.12
1183.03
1176.12
1172.07
25228.98
1196.86
1168.97
1170.16
1166.11
1175.88
1174.93
1177.07
1176.12
1176.12
25238.99
1181.84
1138.93
1134.16
1173.97
1175.17
1173.02
1177.07
1176.83
1171.83
25209.90
1195.91
1142.98
1136.06
1123.91
1152.04
1152.04
1158.00
1158.95
1154.18
1158.00
25284.05
1170.16
1163.01
1136.78
1143.93
1144.17
1143.93
1152.99
1152.04
1141.07
25212.05
1163.96
1132.01
1127.00
1125.10
1125.10
1126.05
1128.20
1127.96
1126.05
1128.20
25244.95
1209.02
1205.92
1215.93
1220.94
1214.98
1218.08
1226.19
1235.01
33252.95
1193.05
1130.10
1134.16
1124.86
1118.90
1127.96
1131.06
1124.14
1122.95
1118.90
25185.11
1153.95
1127.96
1131.06
1124.86
1126.05
1123.91
1128.91
1129.15
1125.10
1132.97
25252.10
1146.08
1128.91
1142.02
1131.06
1126.05
17144.92
1230.96
1173.02
1168.97
1174.93
1167.06
1162.05
1168.97
1169.92
1182.08
1167.06
1161.10
1166.11
1165.87
17232.89
1176.83
1146.08
1138.93
1171.11
1160.14
1171.11
1178.98
1165.87
1166.11
1175.17
1168.01
1168.01
1162.05
17268.90
1151.08
1142.02
1142.98
1147.03
1142.98
1142.98
1138.93
1158.95
1173.97
1178.98
1163.96
1166.82
17191.89
1216.89
1173.97
1168.01
1177.79
1170.87
1169.92
1170.16
1168.97
1166.82
1166.82
1137.97
1160.14
1175.88
17243.86
1159.91
1132.97
1127.00
1195.91
1173.02
1173.97
1182.08
1175.17
1176.83
1179.93
1177.07
1173.02
1173.97
17216.92
1161.81
1152.04
1147.99
1123.19
1123.91
1128.20
1163.96
1186.13
1173.02
1173.02
1170.87
1171.83
17230.03
1245.98
1210.93
1199.96
1142.98
1120.09
1116.04
1114.13
1116.04
1133.20
1137.02
25288.11
1195.91
1195.91
1178.98
1116.99
1121.04
1122.00
1133.92
1123.19
1126.05
21191.12
1199.96
1168.97
1158.95
1155.85
1148.94
1154.18
25249.00
1204.97
1200.91
1208.07
1202.82
1204.01
1197.10
25275.95
1184.94
1188.04
1183.99
1178.03
1183.03
25249.00
1188.99
1172.07
1160.14
1169.92
1173.02
1168.97
25261.16
1192.09
1178.98
1156.81
1194.95
1180.17
1178.03
1187.09
1175.88
1179.22
25238.04
1208.07
1187.09
1168.97
1163.01
1167.06
1164.91
1152.04
1123.19
1127.00
1134.16
1131.06
1134.16
1122.95
17256.98
1193.05
1182.08
1186.13
1178.03
1181.13
1178.03
1139.16
1146.08
1139.88
1149.89
1138.93
1142.02
17154.93
1244.07
1174.93
1173.02
1172.78
1164.91
1166.82
1173.97
1172.07
1175.17
1173.97
1170.87
1166.11
1170.16
17217.87
1188.99
1160.14
1168.97
1155.85
1142.98
1151.08
1151.08
1176.12
1180.89
1179.93
1178.03
1175.17
1173.97
17237.19
1132.97
1123.91
1132.01
1122.95
1122.95
1121.04
1149.89
1148.94
1152.99
1155.85
1152.99
1150.13
1152.04
13271.09
1165.87
1161.10
1160.14
1155.14
1152.04
1152.99
1129.15
1135.11
1137.02
25215.15
1179.22
1152.99
1158.95
1154.90
1150.13
1149.89
1137.02
1136.06
1141.07
29202.94
1204.01
1182.08
1191.14
1190.90
1178.03
1176.83
25233.03
1213.07
1184.94
1178.03
1178.98
1177.07
1175.88
25300.03
1177.79
1160.86
1163.01
1165.15
1161.10
25212.05
1200.91
1158.00
1147.99
1156.09
1153.23
1144.89
1144.89
1132.01
1138.93
1150.13
25275.95
1158.95
1145.12
1149.89
1146.08
1139.88
1141.79
1135.83
1164.91
1173.97
29223.92
1175.88
1149.89
1158.00
1143.93
1138.93
1147.03
1141.79
1191.85
1190.19
1188.99
1187.09
1173.97
1183.99
17295.84
1194.95
1197.10
1198.05
1185.18
1186.13
1178.03
1136.06
1142.02
1152.99
1149.89
1137.97
1138.93
17196.89
1229.05
1195.91
1188.04
1210.93
1188.99
1188.04
1164.91
1132.01
1130.10
1137.97
1137.97
1137.02
1136.06
17207.86
1207.83
1180.89
1184.94
1180.17
1183.99
1182.08
1173.97
1169.92
1166.11
1170.16
1163.01
1165.15
1164.91
17258.88
1191.85
1180.89
1211.88
1173.02
1188.99
1183.03
1193.05
1185.18
1190.90
25277.85
1188.99
1187.09
1183.99
1182.08
1179.93
1186.85
1194.95
1182.08
1182.08
25259.02
1168.97
1169.92
1158.95
1128.20
1129.87
17177.82
1205.92
1179.93
1183.03
1183.99
1178.03
1178.98
25245.90
1173.02
1141.07
1142.98
1153.95
1145.12
1132.97
25202.99
1163.96
1129.15
1131.06
1121.04
1116.99
1119.85
21198.03
1194.00
1168.97
1154.90
1174.21
1178.03
1174.93
1188.04
1180.89
1174.93
25241.14
1191.14
1172.07
1152.99
1152.99
1162.05
1178.03
1175.17
1164.91
1168.01
37232.88
1162.05
1126.05
1130.10
1127.00
1120.09
1125.10
25182.01
1209.02
1186.13
1173.02
1200.91
1180.89
1169.92
25241.14
1183.99
1159.91
1158.95
1150.85
1148.94
1149.89
25261.16
1147.03
1132.01
1129.15
1129.15
1121.04
1122.00
17236.95
1160.14
1142.02
1142.98
1118.90
1122.00
1123.91
1125.81
1125.81
1117.94
25175.81
1180.89
1140.83
1140.83
1130.82
1137.97
1140.12
1142.02
1141.79
1142.98
1127.96
37292.00
1188.99
1170.87
1181.13
1161.10
1163.01
1160.14
25227.07
1152.99
1142.98
1152.04
1145.12
1146.08
25202.04
1219.03
1186.13
1194.95
1184.94
1188.04
1195.91
21263.12
1218.08
1202.11
1205.92
1215.22
1203.06
1199.96
1173.02
1156.09
1172.07
1162.05
1158.00
1155.14
17179.97
1236.92
1195.91
1181.13
1188.99
1176.12
1173.97
1179.93
1173.02
1179.93
1177.07
1176.83
1178.98
1168.01
17248.15
1173.97
1153.95
1155.14
1153.95
1148.22
1148.94
1152.99
1150.85
1159.19
25216.10
1176.12
1137.97
1129.15
1142.98
1126.05
1125.81
1129.87
1124.86
1129.87
1127.00
25233.98
1152.99
1143.93
1142.02
1142.02
1132.97
1140.12
1158.00
1143.93
1140.12
17212.15
1168.97
1145.84
1142.02
9259.94
1163.96
1151.08
9248.97
1169.92
1153.95
9207.96
1167.06
1154.90
1142.98
5279.06
1172.07
1167.06
5201.10
1147.99
1127.96
1130.10
1124.14
1125.10
1124.86
1109.84
1124.86
1130.82
1134.16
1139.16
1129.87
1136.06
17198.09
1143.93
1125.81
1127.00
1147.03
1120.09
1119.14
1127.00
1126.05
1122.00
1127.00
1109.12
1135.83
1152.99
17219.07
1185.18
1139.88
1143.93
1128.20
1127.00
1118.18
1132.01
1129.15
1122.00
1117.94
1132.01
1125.10
1127.00
17183.07
1168.97
1137.02
1127.96
1137.97
1126.05
1127.00
1122.95
1113.18
1116.04
1122.95
1132.01
1122.95
1124.14
17174.96
1155.14
1145.12
1132.01
1134.87
1137.02
1129.87
1137.97
1132.01
1136.78
1132.01
1140.12
1116.99
1118.90
17181.16
1208.07
1178.98
1159.91
1152.99
1129.87
1124.86
1127.00
1126.05
1132.97
1129.15
1135.11
1130.10
1128.91
17193.08
1224.04
1194.00
1204.97
1209.97
1200.91
1199.01
17283.92
1190.19
1188.99
1187.09
1180.17
1181.13
1176.83
1153.95
1162.05
1160.86
1158.95
1150.13
1147.99
25175.09
1224.04
1177.07
1179.93
1188.99
1183.99
1172.07
1189.95
1185.89
1175.88
1178.03
25297.88
1204.01
1203.06
1210.93
1204.01
1205.92
1204.01
1199.96
1202.82
25246.86
1215.93
1185.89
1193.05
1197.81
1180.89
1187.80
1180.89
1117.94
1120.09
1118.18
25287.87
1195.91
1175.17
1161.10
1117.94
1123.91
1132.97
1126.05
1127.96
1123.19
25182.01
1194.00
1159.91
1168.97
1163.01
1159.19
1153.95
1169.92
1160.14
1167.06
25232.08
1214.03
1188.04
1163.96
1177.07
1163.01
1168.97
1152.04
1115.08
1124.14
1122.95
1128.91
1030.92
1039.03
25103.81
1213.07
1171.11
1168.01
1183.99
1163.96
1158.00
1138.93
1156.09
1162.05
1157.05
1180.89
1164.20
1158.95
17253.16
1155.14
1144.89
1147.03
1138.93
1130.82
1136.06
1142.98
1133.20
1132.01
1131.06
1168.01
1174.21
1183.03
17285.11
1183.99
1172.78
1146.08
1121.04
1125.10
1127.96
1142.98
1123.91
1122.00
1129.87
1126.77
1124.86
1123.91
17273.90
1218.08
1201.15
1214.03
1200.91
1199.01
1186.85
1168.01
1179.93
1171.83
1177.79
1170.87
1174.93
17233.13
1193.05
1169.92
1171.83
1165.87
1164.91
1169.20
1173.02
1163.01
1150.13
1140.12
1163.01
1164.20
1174.93
17284.87
1188.99
1169.92
1161.81
1122.00
1127.00
1097.20
1126.05
1118.90
1120.81
1123.91
1124.14
1121.04
1122.00
17267.94
1161.10
1148.94
1150.85
1146.08
1143.93
1145.84
1122.00
1121.04
1122.95
13179.06
1197.10
1175.88
1170.87
1165.87
1163.01
1163.01
1175.17
1162.05
1169.92
21211.86
1163.01
1131.06
1132.01
1141.79
1139.88
1137.97
25192.98
1158.95
1139.16
1137.97
1147.03
1142.98
1138.93
25205.85
1155.85
1127.00
1129.15
1134.87
1129.87
1129.87
25192.02
1146.08
1122.00
1128.91
1131.06
1119.14
1120.09
1132.01
1130.10
1121.04
1121.04
25259.02
1188.99
1193.05
1198.77
1194.95
1183.99
1184.94
1190.90
1191.14
1193.05
29292.11
1173.02
1166.82
1174.93
1166.11
1163.01
1168.97
1160.14
1167.06
1173.02
1181.84
1170.87
1169.92
17230.99
1205.92
1191.85
1177.79
1194.95
1177.07
1182.08
1163.96
1118.90
1125.81
1121.04
1128.91
1131.06
1122.00
17194.03
1209.97
1178.98
1188.04
1183.03
1180.89
1196.86
1161.81
1142.98
1143.93
1153.95
1139.16
1142.98
1137.97
17297.98
1209.97
1204.97
1205.21
1199.01
1198.05
1205.92
1202.11
1201.15
1196.86
25308.85
1209.02
1202.11
1209.02
1198.05
1200.20
1209.02
1207.11
1203.06
25238.04
1271.01
1214.98
1211.88
1163.01
1144.89
1142.02
17224.07
1225.95
1191.85
1206.16
1204.97
1196.86
1201.87
25303.84
1205.92
1196.15
1208.07
1195.91
1194.95
25254.01
1219.03
1194.00
1183.99
1189.95
1185.18
1189.95
25267.12
1193.05
1175.17
1176.12
1174.93
1178.98
1172.07
21238.09
1152.04
1143.93
1150.85
1139.88
1133.92
1138.93
1142.98
1141.07
1136.06
25196.08
1157.05
1131.06
1136.06
1133.20
1131.06
1126.05
1132.01
1128.91
1127.00
1132.01
17234.09
1148.94
1144.89
1142.98
1139.88
1137.97
1134.16
1106.98
1127.96
1124.14
1132.97
1130.10
1128.20
1127.96
17233.85
1140.83
1137.02
1144.89
1140.12
1132.97
1132.01
1123.91
1134.87
1139.88
1143.93
1140.12
1134.16
1134.87
17230.99
1151.08
1145.12
1152.99
1147.99
1153.95
1149.18
1115.08
1131.06
1131.06
1138.21
1136.06
1132.97
17163.04
1209.97
1175.17
1171.11
1175.88
1163.01
1169.92
1172.78
1116.99
1120.09
1120.09
13249.16
1158.95
1152.99
1152.99
1145.12
1142.98
1146.08
13242.01
1137.97
1129.15
9187.94
1175.88
1144.89
9166.00
1193.05
1152.04
1142.98
13231.04
1194.00
1177.07
1182.08
1177.07
1169.20
1173.02
25286.91
1188.04
1194.95
1197.81
1181.84
1184.94
29235.12
1178.98
1132.97
1132.97
1144.89
1133.92
1136.06
25212.05
1200.91
1175.88
1185.18
1187.09
1189.95
1203.06
25304.08
1210.93
1183.03
1184.23
1215.93
1197.81
1210.93
1205.92
1204.01
1208.07
25266.89
1141.07
1127.96
1131.77
1252.89
1235.96
1245.02
1236.20
1238.82
1235.96
29284.00
1162.05
1152.04
1142.02
1122.00
1124.86
1121.04
1136.06
1126.05
1120.09
1119.14
1163.96
1166.82
1175.88
17215.01
1146.08
1125.10
1111.03
1121.04
1127.96
1125.10
1133.92
1124.86
1127.00
1116.04
1143.22
1137.97
1147.99
17254.83
1139.88
1134.16
1121.04
1124.14
1125.10
1126.05
1132.01
1126.05
1130.10
1119.14
1111.98
1122.00
1123.91
17285.82
1172.07
1160.86
1150.85
1133.92
1130.10
1134.16
1204.97
1201.15
1215.93
25254.96
1151.08
1140.12
1132.01
1146.08
1152.04
1146.08
1152.04
1145.84
1155.14
25223.02
1159.91
1122.00
1119.85
1128.91
1127.96
1122.00
17184.02
1150.85
1122.00
1118.90
1137.97
1122.95
1127.00
25183.92
1159.91
1151.80
1147.99
1163.96
1127.00
1141.07
25198.94
1186.85
1168.97
1168.97
1163.01
1163.01
1166.11
25274.99
1195.91
1183.03
1188.99
1179.93
1178.98
1178.03
21247.15
1156.09
1149.18
1160.86
1152.04
1154.90
1160.86
1159.91
1152.99
1154.90
25269.99
1174.93
1160.86
1173.02
1161.10
1157.05
1153.95
1163.01
1158.95
1158.00
21219.97
1195.91
1181.84
1173.02
1162.05
1168.97
1161.81
25287.87
1188.99
1166.11
1188.04
1177.07
1167.06
1172.07
25267.84
1179.93
1176.12
1183.03
1178.98
1173.97
25243.04
1178.98
1145.12
1137.02
1149.18
1137.02
1137.02
25192.02
1158.00
1127.00
1123.91
1139.88
1124.14
1126.05
1130.10
1120.09
1122.95
1117.94
25232.08
1132.01
1127.00
1127.96
1123.91
1124.86
1124.86
1127.00
1122.00
1116.04
1110.08
1139.88
1142.02
1137.97
17272.95
1204.01
1173.97
1154.90
1130.10
1132.01
1124.86
1134.87
1121.04
1121.04
1107.93
1140.83
1142.02
1137.02
17256.98
1152.99
1143.93
1130.82
1122.00
1122.95
1118.90
1125.10
1124.14
1117.94
1123.91
1134.16
1148.94
1143.93
17266.04
1146.08
1135.83
1132.01
1112.94
1120.09
1124.14
1137.97
1124.86
1127.96
1121.04
1176.12
1173.97
1190.90
17242.19
1142.98
1131.77
1113.89
1116.04
1122.00
1120.09
1136.06
1129.15
1128.91
1132.97
1240.97
1239.06
25295.02
1171.11
1130.10
1123.19
1136.06
1123.91
1124.86
1128.91
1180.17
1183.03
1183.99
25274.99
1168.97
1149.89
1170.16
1151.08
1153.95
25169.85
1249.07
1174.93
1169.92
1161.10
1118.18
1126.05
25178.91
1198.05
1163.96
1160.86
1166.11
1190.19
1168.97
25223.02
1188.99
1157.05
1170.16
1159.91
1159.91
1159.19
33260.11
1217.13
1188.04
1198.05
1190.19
1187.09
1189.95
1195.91
1188.04
1185.18
25288.11
1210.93
1195.91
1197.10
1188.99
1189.95
1196.15
1191.14
1188.99
1185.18
1164.91
1165.15
1183.03
17246.01
1169.92
1127.00
1123.91
1177.79
1190.90
1198.05
1200.91
1194.00
1191.85
1191.14
1127.00
1147.99
1147.99
17258.88
1157.05
1140.12
1147.99
1205.21
1202.82
1200.91
1216.89
1201.15
1201.15
1178.98
1144.17
1151.08
17205.00
1205.92
1180.89
1178.03
1190.90
1211.88
1220.94
1222.13
1218.08
1215.93
1209.02
1152.04
1163.96
1164.91
17254.11
1134.16
1127.00
1111.03
1211.17
1206.87
1231.91
1240.02
1237.87
1236.92
1160.14
1130.10
1132.01
13182.16
1178.98
1144.17
1142.98
1219.99
1220.94
1215.22
1233.10
1229.05
1240.97
37276.03
