1003.03
1001.83
993.97
1001.12
17064.09
982.05
977.99
973.94
985.15
970.13
972.03
970.13
976.09
974.18
976.09
977.99
995.16
977.99
970.84
981.81
13064.86
1002.07
998.97
988.96
998.97
992.06
989.20
991.11
997.07
994.92
993.97
992.06
997.07
988.96
983.95
981.09
17086.03
1009.94
998.97
993.01
1006.13
1003.03
992.06
1000.17
1003.98
1001.12
996.11
996.11
1001.83
999.93
993.97
1001.12
17092.94
1001.83
994.92
998.97
997.07
994.92
983.00
988.96
993.01
992.06
983.00
985.86
997.07
989.91
990.15
984.91
17061.95
982.05
980.14
974.18
977.04
967.03
962.97
962.97
969.89
963.21
966.07
967.03
968.93
971.08
964.88
966.07
17010.21
1016.14
977.04
971.08
972.03
962.02
967.98
967.03
972.99
962.97
967.03
957.01
969.89
965.12
967.03
970.13
971.08
973.94
963.93
975.13
972.03
970.13
1006.13
1001.12
992.06
998.97
990.87
980.85
986.81
991.82
983.95
977.04
986.10
998.02
980.85
972.03
981.09
961.07
972.99
975.85
967.98
988.01
971.08
965.12
966.07
975.13
967.98
963.93
963.21
966.07
960.11
958.92
959.87
962.02
1004.93
1002.07
1008.03
1010.89
996.83
993.97
996.11
1011.13
1018.05
1006.13
1004.93
1003.03
1000.88
1004.93
1006.13
989.20
964.88
962.02
960.11
972.03
965.12
965.12
967.03
958.92
962.02
964.88
963.93
962.02
968.22
964.88
964.88
961.78
962.97
1008.99
1001.83
1004.93
1008.99
996.83
995.87
989.91
1001.12
986.10
978.95
982.05
987.05
981.09
983.00
979.19
966.07
967.98
972.99
979.90
981.81
977.04
971.08
972.03
967.98
958.92
965.12
965.12
976.09
967.03
964.16
968.93
980.85
1013.04
1014.95
1001.83
1006.84
1005.89
1005.17
1001.12
1015.90
1000.88
1008.03
1018.05
1019.95
1010.89
1013.04
1003.98
994.92
975.85
974.89
968.93
974.18
971.08
968.93
970.84
977.04
972.99
972.99
967.98
977.99
971.79
968.93
966.07
975.85
962.97
981.09
976.09
977.04
981.09
975.13
972.99
973.94
983.00
969.17
970.13
976.09
982.05
978.95
980.85
979.90
968.93
1003.98
1002.07
993.01
999.93
991.11
993.01
998.97
1003.03
1003.98
1001.83
987.05
1010.89
1001.83
993.97
997.07
17085.08
993.97
973.94
970.84
973.94
967.98
966.07
963.93
972.99
967.03
967.03
967.98
971.08
966.07
971.08
972.99
16997.81
1063.11
1007.08
1009.94
1005.89
1002.79
990.87
992.06
1000.88
1002.79
995.87
995.87
996.83
988.01
983.95
981.81
17017.84
1060.96
1008.99
1004.93
1011.13
1007.08
1003.98
1008.99
1008.99
1008.99
1004.93
1008.99
1007.08
1009.94
1005.89
1003.03
17081.02
1016.14
993.01
993.01
998.97
988.01
996.83
993.97
999.93
993.97
993.01
995.16
997.07
993.01
989.20
993.97
17066.96
988.01
971.08
968.93
977.04
969.17
968.93
975.85
972.99
969.17
967.03
972.99
979.90
971.08
968.93
967.98
16996.86
1055.96
1013.04
1024.01
1009.94
1002.79
1004.93
1003.03
1003.03
1003.03
998.02
1001.12
1006.13
1003.98
998.97
1002.07
17044.07
1017.81
969.89
970.84
965.83
1003.98
1000.17
998.97
1004.22
1000.88
993.01
1004.93
995.87
998.97
997.07
995.87
983.95
987.05
1001.12
988.96
993.01
993.01
995.87
987.05
984.19
982.05
977.04
983.95
973.94
977.04
975.85
972.03
976.09
976.09
967.03
972.99
974.89
970.13
975.13
971.08
970.13
998.97
1001.12
1004.93
1001.83
1039.03
1009.94
1004.93
1012.09
1011.13
1010.18
1012.09
1007.08
1008.99
1017.09
1006.13
1008.03
1007.80
1024.01
1016.86
1011.85
1004.93
1000.17
982.05
981.09
1002.07
998.02
996.11
986.10
986.10
978.95
987.05
993.01
985.15
988.01
982.05
989.20
1008.03
1007.08
1007.08
1012.09
1022.10
1008.03
1025.92
1008.03
1004.93
1003.03
1005.89
1003.98
992.06
996.11
988.01
990.15
989.91
988.01
986.10
989.91
988.96
987.05
993.97
986.10
1007.08
1008.99
1001.83
1017.09
1007.08
999.93
1003.03
1019.95
905.99
985.15
997.07
13043.17
1027.11
1178.03
1017.09
1013.99
999.93
1001.12
998.97
993.97
998.97
993.97
995.16
998.02
1001.12
996.11
996.11
17035.01
1044.99
1007.08
1001.12
1009.94
1002.07
1003.98
998.02
1000.17
970.84
969.89
967.98
981.09
972.99
967.98
972.99
17011.88
1029.97
999.93
998.97
995.16
1001.12
999.93
1000.17
1013.99
1003.98
994.92
990.87
995.87
999.93
991.11
991.11
17028.09
1031.16
993.01
986.10
1003.03
999.21
989.91
988.01
992.06
993.01
990.15
988.96
993.97
1000.17
998.97
988.01
17018.80
1032.11
992.06
983.00
990.15
987.05
984.19
994.92
992.06
991.82
985.86
983.95
988.96
976.80
993.97
992.06
17010.93
1042.13
998.02
990.87
995.87
988.01
985.86
988.01
991.11
988.01
987.05
985.86
990.87
989.91
991.11
988.96
17016.89
1051.90
993.97
983.95
983.00
983.95
982.05
978.95
978.95
973.94
969.17
967.03
975.13
972.99
968.93
977.04
977.99
17082.93
1014.95
1019.00
1021.86
1024.96
1026.15
1025.92
1045.94
1022.10
1022.10
1024.96
1024.96
1017.09
1022.10
1018.05
17034.05
1015.90
986.10
977.04
989.91
980.14
982.05
983.00
980.85
986.81
990.87
995.16
988.96
993.01
992.06
993.97
17037.87
1019.95
993.01
980.85
989.91
993.97
985.86
993.01
993.01
993.01
982.05
984.91
988.96
988.01
983.95
988.96
17030.95
1063.11
1008.99
1014.95
1010.89
1006.13
1003.03
1001.83
1001.83
988.01
985.86
979.90
991.82
983.00
981.09
979.90
17019.03
1020.91
975.85
974.89
977.04
972.99
977.99
980.85
988.01
978.95
979.90
977.99
990.87
985.86
987.77
982.05
17014.98
1039.98
995.16
979.90
990.87
978.95
983.95
975.85
973.94
973.94
968.93
976.09
969.89
980.14
972.99
978.95
975.13
17079.11
998.02
1001.12
988.01
991.82
987.05
988.01
989.20
998.97
986.10
992.06
1001.12
998.97
987.05
988.01
991.11
17066.00
985.15
982.05
980.14
993.01
981.81
977.99
987.05
993.97
989.91
984.91
991.11
956.06
962.97
965.83
957.97
967.03
961.07
963.93
962.97
972.99
967.98
968.93
975.13
980.14
967.98
980.14
981.09
981.09
1008.99
1005.89
1000.88
1007.08
1015.90
1008.03
1003.98
996.11
994.92
988.01
991.11
983.00
985.15
977.99
973.94
966.07
967.98
962.97
967.03
979.19
969.89
975.85
978.95
977.99
985.15
977.04
990.15
990.15
992.06
980.14
992.06
992.06
1032.11
1029.01
1033.07
1039.03
1034.98
1033.07
1039.03
1039.03
1032.83
1030.92
1035.21
1029.01
1029.97
1031.88
1038.07
1002.79
988.96
993.97
983.95
994.21
986.10
969.89
976.80
978.95
970.13
966.07
963.93
965.83
969.89
970.13
969.17
962.97
968.93
968.93
975.85
981.81
972.99
972.99
979.19
977.99
985.15
981.09
976.09
984.91
990.87
982.05
978.95
983.00
971.08
998.97
1002.07
988.01
1006.84
990.87
988.96
977.04
985.15
977.99
970.13
967.03
970.13
966.07
977.99
969.89
963.93
984.19
992.06
996.11
989.91
984.91
986.81
979.90
985.15
977.04
979.19
971.08
972.99
969.17
970.13
972.03
967.03
999.93
1003.98
993.01
999.93
993.01
988.01
977.04
989.91
982.05
971.79
972.99
967.03
965.83
960.83
967.98
971.08
1003.03
1005.89
1006.13
998.97
1013.99
1007.08
1008.99
1003.03
1000.88
989.91
984.19
987.05
986.10
988.01
977.04
970.84
967.98
961.07
962.02
961.07
989.91
1002.07
988.01
994.92
17090.08
993.01
977.04
972.99
984.19
972.99
977.99
973.94
978.95
982.05
981.09
988.01
984.19
977.99
984.19
984.91
17078.88
993.97
977.99
977.99
990.15
988.96
986.81
986.81
990.87
990.87
989.91
997.78
993.01
986.10
988.01
983.95
17081.98
1038.07
1011.13
1012.09
1015.19
1009.94
997.78
1000.88
998.02
989.91
986.10
984.19
982.05
986.10
977.04
974.18
17069.10
993.97
973.22
972.99
981.09
975.13
977.99
968.22
977.04
982.05
972.99
978.95
990.15
973.94
979.90
983.00
17028.81
1015.90
979.90
980.85
983.95
983.95
977.04
977.04
987.05
983.95
982.05
981.09
991.82
989.91
985.86
986.81
17036.91
1080.04
1020.91
1016.86
1016.86
1014.95
1013.99
1009.94
1022.10
1013.99
1016.86
1013.99
1024.96
1013.04
1011.13
1014.95
17111.06
1030.92
1017.81
1019.00
1026.15
1017.09
1017.09
1019.00
1031.16
1019.00
1024.01
1021.86
1025.20
1028.06
1018.05
1014.95
995.87
1008.99
998.97
1004.22
1003.98
1006.13
1013.99
1010.89
1006.84
995.87
1000.88
998.02
993.01
984.91
983.00
983.00
1034.98
1038.07
1033.07
1037.12
1036.88
1030.92
1034.98
1036.88
1032.83
1034.98
1033.07
1039.98
1034.98
1031.16
1029.97
1007.08
1012.09
1001.83
1009.94
1014.95
1000.88
1004.93
1017.09
1008.99
998.97
1000.17
1004.93
1014.95
1019.00
1004.93
1002.07
1008.03
1024.96
1024.96
1021.86
1027.82
1013.04
1024.01
1018.05
1031.16
1023.05
1022.10
1020.91
1024.01
1019.95
1028.06
1003.03
995.16
990.87
983.00
991.11
984.91
977.99
974.89
971.08
964.88
970.84
964.16
967.98
978.95
971.08
976.09
979.19
988.96
975.13
976.09
972.99
985.15
982.05
984.19
992.06
988.96
980.85
985.15
982.05
999.21
983.00
990.15
991.11
972.99
969.17
976.09
971.08
977.99
968.93
966.07
969.17
973.94
973.94
970.13
982.05
982.05
983.95
982.05
991.11
981.09
995.87
994.92
991.82
1004.93
998.02
996.83
992.06
989.91
996.83
984.91
986.10
988.01
977.99
976.09
972.99
967.98
955.10
962.97
964.88
969.89
976.09
970.13
977.04
988.01
994.92
994.92
996.11
996.11
985.15
977.99
981.09
977.99
987.05
980.85
978.95
973.94
1014.95
977.04
1183.99
993.97
1003.98
991.11
992.06
992.06
1008.99
993.01
988.01
988.01
998.97
997.07
988.01
995.87
17084.84
1008.99
1007.08
1004.93
1005.89
993.01
999.93
1001.12
1006.13
1004.93
1000.88
991.82
1003.03
998.02
995.16
997.07
17084.12
1013.04
1021.15
1003.98
1013.99
1008.99
1004.93
1003.98
1003.03
996.83
998.97
1004.93
1008.03
1008.99
1000.17
17027.14
1036.88
995.87
992.06
990.87
993.01
988.01
1001.83
986.10
990.15
987.05
983.00
996.83
988.96
997.07
999.93
17035.01
1074.08
1033.07
1031.16
1037.12
1036.88
1029.01
1038.07
1048.09
1036.17
1033.07
1032.11
1045.94
1035.93
1034.98
1034.98
17106.06
1042.13
1014.95
1019.00
1021.15
1022.10
1020.91
1026.87
1019.95
1021.15
1018.05
1026.15
1012.09
1003.98
1003.98
17048.84
1041.89
1013.04
998.97
1002.79
1008.99
1007.08
1013.99
1008.03
1008.03
1008.03
1009.23
1014.95
1027.11
1010.18
1010.89
17087.94
996.83
988.96
985.15
5054.95
1004.93
995.16
998.02
5051.14
1010.18
1009.94
1009.94
5072.12
1004.93
1013.04
1000.88
5048.99
982.05
970.84
967.98
5033.97
980.85
969.89
975.13
5054.95
988.96
1003.03
1001.83
17093.90
1017.81
1001.83
1000.88
998.97
992.06
988.96
985.86
980.85
976.80
972.03
967.98
974.18
968.93
970.84
972.03
17076.02
1029.97
1011.85
1013.04
1013.99
1000.17
1008.03
993.01
995.87
988.01
982.05
980.14
981.09
967.03
964.16
967.03
17079.11
1004.93
1003.03
991.11
998.02
985.15
982.05
971.08
986.10
972.99
972.03
969.89
977.04
976.09
972.99
976.80
17077.92
1029.01
1003.98
996.11
5079.98
1016.86
998.97
989.20
998.97
988.01
985.86
986.81
983.00
978.95
977.99
971.08
973.94
959.16
962.02
968.22
17055.03
1019.00
997.78
993.97
1003.03
979.90
981.09
980.14
981.09
976.09
967.98
970.84
973.94
990.15
996.11
998.02
17039.06
1016.14
987.05
975.13
983.95
983.00
983.95
979.90
984.91
991.11
993.01
986.81
977.99
1011.13
1013.04
998.97
17040.97
1027.11
993.97
995.87
993.97
998.97
989.91
985.86
993.97
985.15
987.05
989.91
990.87
988.01
993.97
993.97
17030.95
1029.97
995.16
991.11
996.11
992.06
989.91
988.01
992.06
993.97
987.05
984.91
993.01
987.05
983.95
993.01
17021.89
1029.97
993.01
992.06
995.87
992.06
984.91
992.06
986.10
987.05
987.05
985.15
991.11
989.91
987.77
984.91
17021.89
1034.98
998.02
995.87
998.02
995.87
988.96
988.01
990.87
991.82
987.05
984.91
993.01
988.96
984.91
988.01
17016.89
1042.84
1008.03
998.02
1001.12
993.97
996.11
987.05
994.92
992.06
987.05
990.87
992.77
987.05
988.96
986.81
17017.84
1045.94
998.02
995.87
995.87
998.02
996.11
993.97
1005.17
1004.93
993.01
994.92
995.87
993.97
995.16
992.06
17027.14
1039.03
1002.07
997.78
995.87
1000.88
996.83
994.92
998.97
992.06
988.96
993.01
997.07
995.87
993.01
994.92
17033.10
1039.03
993.97
991.11
998.97
994.92
989.91
995.16
993.97
988.01
989.91
990.87
988.01
993.01
990.15
988.96
991.82
990.87
987.05
988.96
995.16
990.87
989.91
990.15
995.16
994.92
990.87
989.91
995.16
991.11
988.96
990.87
988.01
988.01
991.11
985.15
994.92
988.96
988.01
993.97
993.01
986.10
992.06
985.86
994.92
1000.17
989.91
989.91
998.02
993.01
987.05
986.10
991.11
988.01
991.82
988.96
986.10
993.01
988.01
994.92
986.81
1008.03
996.11
991.11
989.91
998.02
988.01
988.01
986.10
1001.12
990.15
989.91
990.87
993.97
991.11
990.15
988.96
998.97
993.01
988.01
987.05
1000.88
983.95
992.06
992.06
1002.07
984.91
991.11
987.05
990.15
989.91
988.01
984.91
997.07
988.01
988.01
988.96
994.92
984.91
988.01
986.10
997.07
994.92
986.81
989.91
987.05
994.92
990.15
989.91
999.93
987.05
990.87
987.05
994.92
988.01
988.96
981.09
993.01
986.81
988.01
989.91
993.01
988.96
989.91
989.91
990.15
988.96
988.01
989.91
991.11
989.20
997.07
988.01
993.01
994.21
985.86
988.96
998.02
986.81
991.82
989.91
994.92
991.11
994.92
988.96
994.92
991.82
993.97
989.91
993.01
987.05
993.01
990.15
992.06
992.06
993.97
991.11
994.21
988.01
996.11
990.15
988.01
991.11
993.01
990.87
994.92
988.96
983.95
990.15
991.11
992.06
993.01
985.15
997.07
990.15
989.91
988.01
993.97
995.87
998.97
993.01
1004.22
998.97
1000.17
996.11
998.02
996.11
998.97
988.96
1005.17
992.06
996.11
993.97
996.83
993.97
991.11
986.10
999.93
992.06
995.87
990.87
996.83
995.87
993.97
993.01
998.97
992.06
993.97
993.01
997.78
991.82
993.01
989.91
998.97
990.15
993.01
995.16
993.01
995.87
995.16
994.92
989.91
993.01
991.11
992.06
989.91
988.01
998.02
998.97
992.06
994.92
989.91
994.21
990.87
998.97
990.15
992.06
991.11
997.07
988.96
990.87
988.01
993.97
995.16
991.11
989.91
994.92
991.82
988.01
992.06
998.97
993.01
993.01
993.01
1008.99
999.93
1003.03
997.07
1006.13
1003.98
995.16
997.07
999.93
996.83
991.82
995.87
1003.03
993.97
996.11
993.01
1001.83
993.97
997.07
992.06
1003.98
994.92
990.87
995.87
1003.03
998.02
991.11
993.97
995.87
995.16
992.06
993.01
1036.17
994.92
1221.90
1024.01
1018.05
1024.96
1018.05
1024.96
1027.11
1021.15
1022.10
1020.91
1026.87
1019.95
1014.95
1025.92
1024.01
1013.99
1029.01
1024.01
1020.91
1015.19
1022.10
1024.96
1019.95
1019.00
1019.95
1024.01
1025.92
1020.91
1020.91
1030.21
1014.95
1016.86
1012.80
1026.87
1026.87
1019.95
1019.00
1028.06
1023.77
1023.05
1025.92
1022.82
1020.91
1019.95
1024.01
1034.98
1015.90
1020.19
1023.05
1037.12
1022.10
1018.05
1039.03
1021.15
1019.00
1020.91
1024.01
1037.12
1018.05
1023.77
1029.01
1024.96
1017.81
1020.91
1029.97
1020.91
1022.82
1016.86
1030.92
1023.77
1020.91
1017.81
1035.93
1022.82
1024.01
1020.91
1025.92
1022.82
1019.00
1028.06
1025.92
1019.95
1021.15
1028.06
1024.01
1018.05
1025.20
1024.96
1020.91
1019.95
1021.86
1021.86
1022.10
1026.15
1019.00
1026.15
1022.10
1017.09
1023.05
1027.11
1019.00
1019.95
1022.10
1028.06
1024.01
1022.10
1021.15
1026.87
1019.95
1028.06
1014.95
1027.11
1020.91
1019.00
1019.00
1025.92
1022.10
1019.00
1020.91
1026.87
1017.09
1022.10
1026.15
1023.05
1022.10
1018.05
1023.05
1020.19
1019.00
1021.15
1023.05
1022.10
1022.10
1013.99
1021.86
1026.87
1017.81
1016.86
1024.96
1026.15
1020.91
1020.91
1027.11
1017.09
1018.05
1019.00
1024.01
1023.05
1021.15
1023.05
1017.09
1024.01
1021.86
1019.00
1031.88
1020.91
1024.96
1021.15
1026.87
1025.92
1018.05
1022.82
1027.82
1015.90
1022.10
1028.06
1019.95
1019.95
1023.05
1024.01
1022.82
1026.87
1019.00
1022.10
1029.97
1019.00
1024.01
1023.05
1021.15
1021.15
1019.00
1022.10
1017.09
1028.06
1015.90
1020.91
1015.90
1021.15
1023.05
1030.92
1019.00
1024.01
1022.82
1019.00
1024.01
1018.05
1019.95
1031.16
1017.09
1018.05
1024.01
1026.15
1021.15
1019.00
1031.16
1019.00
1024.01
1021.86
1029.97
1022.10
1020.91
1019.00
1026.15
1019.00
1021.15
1024.01
1024.01
1017.81
1019.95
1022.10
1029.01
1020.91
1022.10
1022.10
1023.05
1024.96
1021.15
1017.09
1033.07
1017.09
1023.05
1021.15
1024.96
1024.96
1014.95
1019.00
1025.92
1013.99
1016.14
1019.95
1029.97
1023.05
1023.05
1024.96
1025.20
1024.01
1018.05
1028.78
1021.86
1022.82
1019.00
1028.06
1019.00
1019.95
1023.05
1024.96
1019.95
1023.05
1020.19
1025.92
1022.82
1019.00
1022.10
1022.10
1019.95
1024.01
1019.00
1027.11
1018.05
1029.97
1016.86
1029.97
1021.86
1016.86
1021.86
1031.88
1020.91
1020.19
1013.99
1041.17
1018.05
1019.00
1018.05
1025.92
1020.19
1019.95
1028.78
1019.00
1026.15
1019.95
1022.82
1025.92
1017.09
1020.19
1022.10
1024.01
1019.00
1021.15
1024.96
1026.87
1019.95
1018.05
1026.15
1020.91
1015.90
1026.15
1024.01
1022.10
1023.05
1015.90
1028.06
1024.96
1021.86
1019.95
1029.97
1020.91
1018.76
1019.00
1025.92
1024.01
1017.09
1023.05
1024.96
1023.05
1014.95
1024.96
1023.05
1018.05
1015.90
1020.19
1023.05
1020.91
1020.91
1031.16
1023.05
1019.00
1024.96
1025.92
1020.91
1016.86
1020.91
1019.00
1018.05
1018.05
1018.05
1024.01
1017.81
1019.95
1020.19
1029.97
1014.95
1023.05
1018.05
1019.00
1018.05
1020.91
1021.86
1024.01
1024.01
1013.99
1021.86
1031.88
1019.95
1022.10
1018.05
1027.11
1014.95
1023.77
1018.05
1024.01
1023.05
1015.90
1021.15
1024.96
1018.76
1023.05
1025.92
1024.96
1017.09
1024.96
1017.81
1025.92
1013.99
1022.10
1025.92
1016.86
1021.86
1024.96
1023.05
1019.00
1023.05
1023.05
1017.81
1024.01
1019.00
1021.15
1029.01
1021.15
1023.05
1018.05
1026.87
1022.10
1018.05
1020.19
1028.06
1024.01
1016.14
1023.05
1029.01
1021.86
1021.86
1021.86
1024.96
1019.95
1019.95
1023.05
1022.82
1020.91
1021.15
1028.06
1025.20
1024.01
1019.00
1027.11
1026.15
1020.91
1014.95
1027.11
1023.05
1024.01
1021.86
1023.05
1016.86
1019.00
1017.09
1024.96
1024.96
1021.86
1020.19
1024.01
1021.15
1017.09
1020.91
1025.92
1022.82
1023.05
1024.96
1025.92
1021.15
1019.95
1024.01
1028.06
1019.95
1017.09
1031.16
1018.05
1019.00
1024.01
1020.91
1017.81
1016.86
1020.91
1022.82
1018.05
1022.10
1019.95
1029.97
1015.90
1019.95
1023.05
1027.11
1016.14
1018.05
1019.00
1020.91
1017.81
1019.95
1019.95
1023.05
1033.07
1032.11
1034.98
1040.94
1032.11
1034.02
1033.07
1035.93
1032.83
1032.83
1028.06
1039.03
1033.07
1034.02
1041.89
1033.07
1033.78
1030.92
1036.88
1033.07
1030.92
1034.98
1040.94
1032.11
1034.98
1035.93
1039.98
1031.88
1030.92
1034.02
1037.12
1033.07
1031.16
1029.01
1043.08
1031.16
1031.88
1032.83
1045.94
1036.17
1033.07
1035.93
1030.21
1035.93
1029.01
1038.07
1031.88
1034.98
1032.11
1034.98
1030.92
1037.12
1032.11
1034.02
1029.01
1034.02
1029.97
1035.93
1029.97
1034.98
1034.98
1037.12
1031.88
1029.97
1034.02
1037.12
1031.16
1030.92
1037.84
1034.02
1029.97
1030.92
1037.12
1034.02
1032.11
1029.97
1034.02
1033.07
1032.11
1030.92
1034.02
1027.11
1034.02
1027.11
1034.02
1029.01
1032.83
1032.83
1036.88
1034.02
1034.98
1029.01
1037.84
1029.97
1029.97
1030.92
1043.08
1033.07
1029.97
1038.07
1034.98
1034.02
1030.92
1035.93
1030.21
1034.02
1034.02
1040.94
1033.07
1039.03
1035.93
1038.07
1034.98
1034.98
1039.03
1039.98
1032.11
1033.07
1033.07
1042.13
1034.02
1032.83
1034.02
1044.03
1034.02
1032.11
1039.98
1031.88
1035.93
1034.02
1037.84
1034.02
1031.88
1031.88
1035.93
1032.11
1030.92
1033.07
1039.98
1030.92
1035.93
1029.97
1037.84
1030.92
1039.03
1032.11
1037.12
1032.11
1034.02
1037.12
1036.88
1031.88
1029.01
1039.98
1032.83
1033.07
1031.88
1039.03
1037.84
1034.02
1029.97
1040.22
1034.02
1032.11
1034.02
1035.21
1033.07
1038.07
1032.11
1036.88
1033.07
1031.88
1033.07
1043.08
1034.02
1034.98
1034.02
1043.08
1034.98
1033.07
1038.79
1034.98
1034.98
1035.93
1042.13
1036.88
1032.83
1032.83
1039.03
1037.12
1034.98
1037.12
1013.99
969.17
967.03
965.12
967.98
970.84
972.99
970.13
972.99
967.98
982.05
977.04
986.10
977.04
993.97
987.05
983.00
974.18
973.94
976.09
981.09
979.19
977.99
972.03
984.91
988.96
987.05
984.91
986.81
992.06
986.10
983.00
988.01
953.91
980.14
972.99
975.85
976.80
970.84
970.84
967.98
977.99
975.85
967.98
971.08
978.95
977.99
978.95
984.91
981.09
995.16
1002.07
996.11
1007.08
996.11
998.97
988.96
992.06
987.05
977.99
984.91
979.90
972.99
968.93
974.18
966.07
972.03
971.08
972.99
973.94
971.79
967.98
965.12
967.98
972.03
968.93
972.99
978.95
982.05
985.86
989.91
992.06
1015.90
1024.01
1024.01
1024.96
1029.01
1009.94
1024.01
1024.01
1020.91
1014.95
1019.00
1029.01
1022.10
1019.95
1016.86
998.97
1022.10
1010.89
1001.83
1014.95
1012.09
1013.04
1012.09
1015.19
1011.85
1013.04
1009.94
1015.19
1010.89
1011.85
1003.98
1006.84
1010.89
1000.88
1008.99
1019.95
1003.03
1012.09
1000.88
1011.13
998.02
988.01
984.91
990.15
988.01
983.00
977.99
973.94
1008.99
1006.13
1001.12
1010.89
1018.05
1007.08
1019.00
1012.09
1004.93
1007.08
1020.91
1009.94
1006.13
1002.07
1002.07
998.97
964.16
974.89
969.89
979.19
979.90
977.99
981.09
988.96
985.86
978.95
982.05
991.11
993.97
981.81
987.05
978.95
980.85
983.00
982.05
995.16
987.05
988.96
983.95
991.11
986.10
983.95
995.87
1001.12
1003.03
1001.83
996.83
17035.96
1018.05
974.89
979.19
989.91
984.19
988.96
993.01
988.01
983.95
988.01
998.02
996.11
995.87
998.97
993.97
17030.00
1019.00
989.20
984.91
988.01
978.95
985.86
988.96
992.06
990.15
991.11
994.92
1005.89
1000.88
989.20
993.97
17021.18
1059.06
1021.15
1006.13
998.02
1007.08
1011.13
1002.07
1012.09
1018.05
1012.09
1003.98
1021.86
1013.99
1013.99
1019.00
17050.98
1036.17
1010.89
1019.95
1006.13
1004.93
1003.98
1007.08
1020.91
1019.95
1008.99
1006.84
1014.95
998.97
992.06
986.81
7282.97
1003.98
1015.90
999.93
1000.17
1005.89
1008.03
1013.99
1019.00
1021.86
1006.84
1013.99
998.97
17027.85
1053.09
1014.95
1013.99
1019.00
1012.09
1016.14
1008.03
1002.07
983.95
993.01
993.97
994.92
980.14
981.09
981.09
16991.85
1055.00
1013.04
1018.05
1015.19
1023.05
1009.94
1003.03
1008.99
1004.93
994.92
993.01
987.05
977.99
969.89
972.99
16992.09
1017.09
978.95
967.03
975.85
972.03
967.03
971.08
975.13
971.08
977.04
973.94
980.85
978.95
984.19
983.00
985.15
17071.01
1003.03
1000.88
999.93
1003.98
994.92
1002.07
1008.03
1011.13
999.93
1006.84
1018.05
1003.03
1012.09
1008.03
17038.11
1072.17
1025.92
1013.04
1013.04
1010.18
1007.08
1009.94
1010.89
1013.04
1009.94
1006.13
1018.05
1006.13
1008.99
1011.13
17047.17
1044.03
1016.14
1009.94
1018.05
1008.99
1011.13
1013.04
1010.89
1003.98
1008.03
1003.98
1012.09
1009.94
1010.18
1011.13
17093.90
1021.86
1008.99
1008.99
1012.80
1004.93
1007.08
1009.94
1012.09
1013.04
1008.99
1008.99
1017.09
1009.94
1010.89
1005.89
17083.17
1017.09
1011.85
1011.85
1009.94
1013.04
1007.08
1013.04
1009.94
1008.99
1006.13
1017.09
1009.94
1004.22
1003.98
1010.18
1004.93
1006.84
1004.93
1013.99
1011.85
1006.13
1007.08
1010.18
1012.09
1008.03
1005.17
1009.94
1005.89
1006.13
1012.09
1014.95
1015.90
1007.08
1008.99
1016.14
1007.08
1004.93
1009.94
1012.09
1007.08
1010.18
1006.13
1013.04
1008.99
1006.13
1008.03
1008.03
1007.80
1005.89
1005.89
1008.99
1009.94
1008.99
1008.99
1013.99
1003.03
1004.22
1013.04
1013.04
1002.07
1008.03
1008.03
1011.85
1010.18
1014.95
1011.85
1013.99
1012.09
1004.93
1008.03
1015.90
1008.03
1015.19
1014.95
1020.91
1000.17
997.07
1001.12
1003.98
1002.79
1012.09
1004.93
1026.15
1019.95
1010.89
1020.91
1007.08
1002.07
1000.17
998.97
993.01
988.96
988.01
974.89
980.85
970.84
966.79
968.93
974.89
972.03
966.79
974.89
988.01
982.05
983.00
986.81
988.96
992.06
986.81
994.92
997.07
993.97
993.97
995.16
1008.99
1003.03
1005.17
1007.08
1013.99
1005.17
1003.98
1005.89
1003.98
1002.07
1008.99
1018.05
1025.92
1012.09
1020.19
1004.93
1011.85
1008.03
1003.98
1012.09
1016.14
1022.10
1000.88
1001.83
1010.89
1001.83
998.02
1020.91
1024.01
1021.86
1007.80
1023.05
1005.89
1010.89
993.97
998.02
992.06
977.99
986.10
977.04
978.95
966.79
973.94
966.79
977.99
973.94
969.89
972.03
983.95
978.95
980.14
979.90
997.07
988.96
992.06
998.02
995.87
996.83
993.01
993.97
1001.83
999.93
998.97
997.07
999.93
998.02
1002.07
997.07
1017.09
1019.95
999.93
1003.03
1020.91
1017.09
1003.98
1005.89
1026.15
1008.99
1000.17
1009.94
1009.94
1007.08
1007.08
1013.04
1021.86
998.02
993.01
1001.12
1009.94
1004.93
1001.12
1008.99
1001.83
994.92
1006.84
1000.88
1004.93
998.02
995.87
1005.17
1019.95
1019.95
1019.00
1017.81
1019.95
1006.13
1001.12
995.87
992.06
986.10
986.10
983.00
976.09
976.09
967.03
965.12
970.13
967.98
972.99
972.99
974.89
976.09
979.19
981.09
988.96
985.86
983.95
998.97
991.82
993.01
991.11
997.07
1003.98
993.01
998.97
994.92
1009.94
1002.07
996.83
1005.89
1011.85
996.83
998.02
1011.13
1006.84
1005.89
1014.95
1021.15
1029.97
1004.22
1006.84
1003.98
1008.99
1009.23
1003.03
1010.89
1025.92
1001.83
994.92
1000.17
1003.03
1011.13
1010.89
1013.04
1025.92
1004.93
1013.99
1019.00
1002.07
1000.17
993.01
1000.17
989.91
984.91
981.81
977.99
972.03
977.99
970.84
972.03
977.99
975.13
973.94
987.05
998.02
986.10
988.01
993.01
989.91
990.15
994.92
993.97
1007.08
994.21
1000.88
1000.88
1019.00
1002.07
1009.94
1006.84
1023.05
1023.05
1004.93
1003.98
1027.11
1008.99
1005.17
998.02
1014.95
1004.93
1006.84
1011.85
1019.95
1024.01
1024.96
1016.14
1019.95
1016.14
1003.03
1008.99
993.97
996.83
985.86
989.91
980.14
983.00
970.84
974.89
970.13
970.13
968.93
969.89
983.95
975.13
972.99
984.91
993.01
988.01
993.01
995.16
1001.83
999.93
993.01
1003.98
999.93
993.97
1001.12
998.02
1011.13
1008.03
1013.99
1016.86
1013.99
1019.95
1023.05
1007.08
1015.90
1011.13
1003.98
1016.86
1005.17
1010.89
1006.84
1010.89
1005.89
1008.99
1004.93
1012.09
1013.04
1008.03
1007.08
1011.85
1008.99
1007.08
1003.98
1014.95
1008.99
1012.09
1007.08
1013.04
1010.18
1005.89
1006.13
1012.09
1009.94
1005.89
1013.04
1017.09
1004.22
1003.98
999.21
1018.05
1007.08
1010.89
1008.99
1020.91
1018.05
1018.05
1006.13
1012.09
991.11
993.97
986.81
988.01
975.13
979.90
972.03
967.98
974.18
968.93
970.84
978.95
977.04
979.19
979.90
982.05
986.10
987.05
988.96
993.01
998.02
993.01
1000.88
1006.84
1004.93
992.06
996.11
1007.08
998.02
995.87
999.93
1006.13
1004.93
1005.17
1014.95
1016.86
1006.84
1001.83
1018.05
1013.99
1027.11
1010.89
1003.98
1013.99
1008.03
1010.18
1004.93
1019.95
998.97
1000.88
1003.03
1002.07
997.07
1001.12
1002.07
1024.96
1017.09
1011.13
1019.00
1024.01
1014.95
1010.18
1000.88
1009.94
995.16
984.91
980.85
986.81
980.85
972.99
966.07
972.03
972.03
972.03
976.09
985.86
982.05
978.95
979.90
987.05
988.96
978.95
988.01
997.07
991.11
994.92
984.91
990.87
990.87
986.81
989.91
1001.12
998.97
991.82
995.87
1003.03
1006.84
995.87
998.97
1009.94
1003.03
1017.09
1017.09
1022.10
1013.04
1012.09
1025.92
1016.86
1009.94
1004.93
1005.89
1013.99
1011.13
1008.03
1008.99
1008.99
1011.85
1013.04
1003.03
1018.05
1012.09
1008.99
1008.03
1012.80
1005.89
1006.84
1000.88
1013.99
1011.13
1012.09
1004.93
1006.84
1003.03
1000.88
1003.98
1024.01
1002.07
1000.17
1018.05
1011.13
1014.95
1010.89
1018.05
1008.99
1004.93
992.06
992.06
996.11
986.10
983.95
977.99
995.87
968.93
971.08
970.13
978.95
970.84
978.95
982.05
993.01
978.23
988.96
990.15
993.01
998.02
993.97
996.11
997.07
998.02
1003.03
993.01
998.02
996.11
996.11
1003.03
999.93
1009.94
1004.22
1007.08
1019.95
1013.99
1019.95
1012.09
1020.19
1008.99
1003.98
1006.84
1014.95
1003.98
1009.94
1003.98
1008.03
1013.04
1003.03
1008.03
1012.09
1002.07
1007.08
1005.17
1017.09
1012.09
1013.04
1003.03
1017.09
1009.94
1010.89
1007.08
1017.09
1003.98
1009.94
1006.13
1010.89
1010.89
1004.93
1013.04
1010.89
1012.09
1000.17
1008.03
1018.05
1002.79
1004.93
1008.03
1012.09
1006.84
1009.94
1009.94
1009.94
1008.03
1009.94
1007.08
1003.03
1008.03
1010.89
1011.85
1007.80
1008.99
1008.03
1014.95
1012.80
1003.98
1008.99
1007.08
1008.99
1005.89
1009.94
1014.23
1010.89
1008.99
1008.99
1013.99
1009.94
1007.08
1010.89
1011.13
1012.09
1009.94
1005.89
1012.09
1010.18
1003.98
1008.03
1012.09
1002.07
1008.99
1004.93
1008.03
1010.18
1010.89
1006.84
1012.09
1009.94
1005.89
1007.08
1016.14
1007.08
1008.03
1000.88
1018.05
1006.13
1004.93
1003.98
1018.05
1009.94
1005.17
1013.04
1008.99
1004.93
1008.99
1007.80
1012.80
1006.84
1015.90
1007.80
1018.05
1009.94
1011.85
1006.13
1017.09
1004.93
1008.99
1003.03
1015.19
1000.88
1008.03
1008.03
1012.09
1010.89
1010.89
1013.04
1013.99
1011.85
1006.84
1004.93
1013.99
1003.98
1008.99
1013.99
1005.89
1007.08
1016.86
1027.82
1004.93
1007.08
1014.95
1036.88
1008.99
1199.01
1013.99
1008.99
990.87
988.01
980.85
984.91
972.03
975.85
970.84
978.95
972.03
969.89
969.17
980.85
968.93
975.13
977.99
990.15
986.10
987.05
991.11
996.11
997.07
992.06
994.21
1005.89
1004.93
995.87
1006.13
1005.17
1013.04
1001.12
1007.08
1012.09
1007.08
1016.14
1004.93
1019.95
1007.08
1024.96
1008.03
1017.09
1008.03
1004.93
1009.94
1013.99
1009.94
1006.13
1008.03
1008.99
1008.03
1001.83
1005.89
1007.08
1010.18
1004.93
1007.08
1006.13
1010.18
1005.89
1005.89
1012.09
1013.99
1010.89
1008.99
1013.99
1004.93
1005.89
1013.04
1014.95
1005.17
1006.13
1007.08
1014.95
1008.99
1008.99
1002.07
1016.14
1007.08
1005.89
1004.93
1012.09
1008.99
1007.80
1006.84
1010.89
1006.84
1007.80
999.93
1017.81
1018.05
1008.99
999.93
1009.94
1016.14
1002.07
1002.07
1024.01
1003.98
1022.10
1008.03
1025.20
1008.99
1005.17
1001.12
993.97
991.82
985.86
978.95
985.15
974.89
966.07
967.03
977.99
969.17
968.93
975.85
979.90
975.13
977.04
983.95
995.87
988.01
993.01
986.81
1001.83
993.97
988.01
986.10
994.21
988.96
994.21
1001.12
998.02
998.97
1004.93
998.02
1006.13
1002.07
996.11
1013.04
1006.13
1003.03
993.01
998.02
1018.05
1000.17
1009.94
1011.85
1020.91
1006.13
1007.08
1022.10
1008.03
1003.03
1008.03
1003.98
1008.03
1004.93
1008.03
1007.08
1011.13
1008.03
1003.03
1004.93
1012.09
1007.08
1007.08
998.97
1012.80
1010.89
1000.88
1005.17
1008.99
1008.03
1008.99
1008.03
1012.09
1007.08
1007.08
1003.98
1003.03
1008.99
1006.13
1008.03
1008.99
1006.84
1004.93
1009.94
1008.99
1005.17
1003.03
1008.99
1011.13
1000.17
1009.94
1011.13
1007.08
1009.94
1009.94
1010.89
1013.99
1007.08
1006.13
1014.95
1003.98
1004.93
1010.18
1013.04
1007.08
1012.09
1007.08
1000.17
1003.03
993.97
1004.93
998.97
994.92
999.21
1004.93
1004.93
1006.13
990.15
999.93
996.83
998.02
990.87
993.01
993.01
1003.03
1011.85
1003.03
1008.03
1003.03
1003.98
1016.86
1018.05
1023.05
1010.89
1005.89
1012.09
1012.09
1007.08
1003.03
1005.89
1015.90
1005.17
1002.07
1010.89
1008.99
1007.08
1002.07
1001.12
1002.07
1008.99
1004.22
1008.03
1006.13
1001.12
1000.88
993.01
1019.95
1019.95
1012.09
1023.05
1007.08
1017.09
1021.15
1021.15
1005.89
1005.89
990.87
1006.84
991.82
988.01
976.09
991.11
1019.95
1013.99
1012.09
1019.95
1014.95
1011.13
1012.09
1017.09
1012.09
1008.03
1008.99
1017.09
1011.13
1008.99
1012.09
980.14
971.08
967.98
974.89
985.86
977.99
982.05
982.05
998.02
985.15
986.10
987.05
993.01
996.83
990.87
990.87
988.01
972.03
978.95
975.85
983.00
969.89
975.85
974.89
977.99
971.08
972.03
968.93
976.09
972.03
977.04
972.03
965.83
993.01
994.92
990.87
989.91
981.09
979.19
976.09
982.05
966.07
963.93
966.07
977.99
976.09
967.03
979.19
972.03
991.11
1002.07
1001.12
1001.12
1018.05
997.07
993.97
992.06
998.97
980.14
986.10
983.95
985.86
972.99
977.99
977.99
977.99
962.97
964.88
967.03
972.99
975.13
968.93
969.89
977.99
967.98
974.18
976.09
988.01
985.15
988.01
989.91
988.01
1007.80
1009.94
1007.08
1008.03
1001.83
1003.98
1003.03
1013.04
1001.83
1004.93
1003.98
1013.04
1002.07
1002.07
998.02
1010.18
992.06
986.10
986.10
1002.07
990.15
986.10
988.96
1010.89
993.01
988.96
992.06
17084.12
1014.95
1010.89
1001.83
1004.93
1005.17
993.01
1008.99
1003.98
1004.93
1008.99
1017.09
1015.19
1029.97
1019.00
1006.84
17097.00
1015.19
1012.09
1020.91
1028.06
1025.92
1004.93
1017.09
1008.03
1011.13
1012.09
1016.14
1005.89
1006.84
1007.80
17040.97
1026.87
975.85
972.99
977.99
1006.84
1016.86
1017.09
1027.11
1016.14
1003.98
1019.95
1013.04
1016.14
1003.98
999.93
17027.14
1038.07
1000.88
1001.12
1001.12
990.15
979.90
979.90
968.93
1008.99
1001.83
1001.83
1006.84
988.96
989.20
981.09
17023.09
1028.06
988.96
975.85
975.85
973.94
974.18
974.89
969.89
1001.83
1016.86
1013.04
1012.09
997.07
991.11
983.00
17013.07
1053.81
1019.00
1010.89
1011.85
1018.05
1013.04
1003.03
998.02
1013.99
1004.93
1004.93
1022.82
1009.94
1017.09
1016.14
17065.05
1034.98
989.91
993.01
988.01
976.09
966.07
965.12
962.97
993.01
989.91
981.09
988.01
969.89
969.17
973.94
17012.83
1026.87
980.85
965.83
969.89
971.08
971.08
968.22
976.09
1003.98
1010.18
998.02
997.07
992.06
981.09
980.14
17017.13
1061.92
1004.93
1009.94
1015.19
1003.03
1004.93
1013.99
1008.03
1003.03
996.11
1002.07
1008.03
1006.13
1000.88
1007.08
17056.94
1043.80
1010.89
1006.13
993.97
989.91
979.90
982.05
966.79
988.96
1005.17
989.91
1000.88
983.95
977.99
975.13
17017.13
1015.19
971.08
968.93
973.94
971.08
979.19
974.89
978.95
1006.13
993.97
991.11
992.06
983.95
978.95
970.84
17001.87
1020.91
979.90
976.80
993.01
986.10
996.11
994.92
990.87
984.19
983.00
985.15
987.05
999.93
985.86
993.97
993.97
17098.90
1027.82
1031.88
1024.96
1025.92
1013.04
1020.91
1023.05
1022.10
1018.05
1016.14
1009.94
1013.99
1008.99
1007.08
17050.03
1048.09
1030.92
1013.04
1013.99
1017.09
1003.98
1016.86
1014.95
1012.09
1007.08
1006.13
1021.15
993.97
993.01
1000.88
17091.99
1028.06
1008.03
1016.86
1024.96
1009.94
1013.99
1009.94
988.96
1008.03
995.16
986.10
992.06
977.99
974.89
982.05
985.15
983.00
983.95
991.11
993.97
1003.98
1005.89
1003.03
1005.89
1008.03
1003.98
1002.07
1010.18
1007.08
1008.99
1000.88
1033.07
1044.03
1050.95
1049.04
1073.12
1054.05
1052.86
1056.91
1054.05
1054.05
1052.86
1031.16
992.06
993.01
993.97
993.97
986.81
976.80
980.85
983.95
981.09
990.15
982.05
978.95
1008.99
1002.07
1003.03
1007.80
999.93
998.02
1000.88
1007.80
998.97
1003.98
1008.03
1008.99
1030.92
1032.11
1029.97
1056.19
1032.11
1034.02
1036.17
1063.11
1040.94
1054.05
1043.80
1014.95
1019.95
1020.91
1029.97
1026.87
1018.05
1019.95
1013.99
1006.84
1000.88
993.97
984.91
1055.00
1033.07
1037.12
1039.03
1034.98
1039.03
1030.92
1049.04
1045.94
1036.88
1036.88
1010.18
991.11
991.11
1008.03
1001.12
1001.12
992.06
995.87
993.97
992.06
990.15
993.97
985.86
1003.03
998.97
1007.08
1023.05
1040.94
1044.99
1035.21
17118.93
1026.87
1015.90
1010.89
1016.14
998.02
1005.17
988.96
998.97
988.01
985.15
977.99
966.07
1020.19
1004.93
1010.89
13103.96
997.07
997.07
999.93
1013.99
993.01
995.87
1006.13
1007.08
1006.13
1007.08
1010.89
1016.86
1003.03
1019.00
17031.19
1059.06
997.07
992.06
998.97
1004.93
1011.13
1002.07
1011.13
1007.08
1014.95
1013.04
1026.87
1015.90
1019.95
1028.06
17067.19
1057.15
1031.88
1029.01
1027.11
1035.93
1035.93
1049.04
1047.85
1040.22
1058.10
1051.90
1056.91
1064.06
1052.14
17080.07
1042.13
1010.89
1000.88
1013.99
1013.99
1013.99
1014.95
1026.87
1017.09
1017.09
1029.01
1035.93
1023.05
1043.08
1042.13
17133.00
1065.02
1055.96
1070.98
1060.01
1059.06
1055.00
1058.82
1057.86
1055.96
1055.00
1056.91
1058.10
1058.10
1053.09
17098.19
1061.92
1039.98
1044.03
1059.06
1065.02
1051.90
1064.06
1064.06
1055.96
1052.14
1062.87
1059.06
1056.91
1056.91
17086.03
1071.93
1039.98
1059.06
1070.02
1065.02
1057.15
1054.05
1062.15
1050.95
1057.15
1063.11
1060.96
1059.06
1058.10
17086.03
1052.86
1003.98
1003.98
1008.99
1004.93
1011.85
995.16
1006.13
999.93
998.97
994.92
998.97
993.97
988.96
997.07
17050.98
1031.88
1004.93
997.07
1000.88
998.02
994.92
991.11
1003.03
997.07
986.81
994.92
993.01
988.01
988.01
981.81
17072.92
1031.88
1019.00
1005.89
1017.81
1005.89
1005.89
1011.13
1011.13
1007.08
1010.89
1008.99
1008.03
999.93
1003.03
1001.83
17103.91
1032.11
1013.99
1005.89
1024.01
1012.09
1015.90
1008.99
1014.95
1011.85
1004.93
1014.95
1010.89
1011.85
1009.94
17038.11
1081.23
1018.05
1013.04
1026.15
1015.90
1020.91
1021.15
1019.00
1016.86
1021.15
1018.05
1023.05
1020.19
1018.05
1019.00
17101.05
1026.15
1003.03
995.87
1002.07
990.15
986.10
988.96
986.10
979.19
979.90
980.85
984.91
977.99
970.84
968.93
17026.90
1041.89
1016.14
1003.03
1024.01
1003.98
1006.13
1008.03
1008.03
998.02
1008.03
1002.07
1008.03
1010.18
998.97
1003.03
17102.00
1011.13
995.87
998.97
1007.08
996.11
1002.07
996.11
1000.17
1001.83
994.92
1000.88
1005.17
999.93
1000.88
992.77
13105.87
1025.92
1022.82
1024.96
1033.07
1034.98
1035.93
1057.15
1050.95
1060.96
1050.00
1055.00
1064.06
1053.09
1055.00
17127.04
1034.98
1012.09
1007.08
1003.98
994.92
993.01
988.96
1000.17
997.07
997.07
1004.93
1011.85
1013.99
1023.05
1022.10
17088.17
1008.03
995.16
987.05
995.16
988.01
991.11
995.16
1003.98
1003.03
1007.08
1019.00
1029.97
1026.15
1029.01
17034.05
1062.87
1009.94
1013.04
1029.01
1014.95
1019.00
1013.04
1021.86
1022.82
1034.98
1033.07
1038.07
1049.04
1051.90
1055.00
17120.84
1053.09
1018.05
1014.95
1011.85
1005.89
996.83
988.01
998.97
984.91
988.01
988.01
997.07
993.01
1001.12
998.97
17087.22
1023.05
1008.03
1005.17
1013.04
990.15
988.01
992.06
1003.03
990.87
1003.03
1008.99
1019.95
1009.94
1014.95
1012.09
21103.14
1016.14
1003.03
1013.04
999.93
1003.03
1003.03
1010.89
1003.98
1006.13
1004.93
1008.99
1008.99
1003.03
1001.83
17034.05
1049.04
1013.99
1003.98
1008.99
999.93
1003.03
1000.88
1016.86
998.97
1004.93
998.97
1004.93
1006.84
1003.03
1002.07
17041.92
1042.84
1019.95
1003.03
1004.93
1006.13
1004.93
1003.03
1008.99
999.21
1000.88
997.07
1008.03
1001.12
1002.07
1000.88
17076.97
1019.00
993.97
996.11
1003.98
994.92
996.11
990.15
1004.93
994.92
997.07
988.96
997.07
993.01
993.97
988.01
17068.15
999.93
983.95
982.05
991.11
988.01
983.00
989.91
977.99
983.95
983.00
976.09
982.05
973.94
971.79
963.93
17013.79
1010.89
979.90
974.18
973.94
972.03
969.89
967.03
967.03
970.13
968.93
964.88
970.84
972.99
966.07
969.89
16978.03
1077.89
1021.86
1014.95
1023.05
1024.01
1015.19
1018.05
1024.96
1018.05
1020.19
1015.90
1028.06
1026.87
1021.86
1022.82
17057.90
1043.08
1008.99
1008.99
1021.15
1018.05
1018.05
1009.94
1019.95
1011.85
1011.85
1009.94
1025.20
1012.09
1009.94
1008.99
13132.10
1048.09
1055.00
1065.02
1046.90
1040.94
1041.17
1049.04
1052.14
1066.92
1057.86
1063.82
1061.92
1058.10
1055.00
17141.10
1055.96
1054.05
1058.10
1061.92
1052.86
1057.86
1058.82
1057.86
1055.96
1050.95
1055.00
1055.96
1054.05
1048.80
17132.04
1041.17
1050.00
1055.00
1049.04
1057.86
1043.08
21070.00
1070.02
1045.94
1029.01
1026.87
1017.09
1011.13
1008.99
1003.98
1004.93
994.21
992.06
993.01
993.01
993.97
993.97
13042.93
1060.01
1020.91
998.97
1012.09
992.06
992.06
988.96
995.87
988.96
988.96
994.21
994.92
993.97
1000.17
1008.99
17054.08
1041.17
1013.99
1020.19
1019.95
1021.15
1017.09
1029.97
1036.88
1044.03
1026.87
1039.98
1042.13
1049.04
1036.17
17054.08
1101.02
1050.95
1064.06
1052.86
1043.80
1041.89
1043.80
1054.05
1048.09
1051.90
1065.97
1008.99
967.03
967.03
967.98
973.22
972.99
970.13
973.94
974.89
973.94
966.07
972.03
963.93
992.06
990.15
992.06
1001.12
994.92
1003.03
1008.03
1008.03
1013.99
1006.84
1016.86
1011.85
1003.03
1009.94
1006.84
1015.90
1005.89
1012.80
1007.80
1013.99
1006.13
1004.93
1003.98
1004.93
957.01
966.07
960.11
964.16
968.93
966.07
963.21
973.94
968.93
972.03
966.79
972.99
991.11
993.97
985.86
17015.22
1055.96
1010.89
993.01
1070.02
983.95
980.85
977.04
988.96
977.04
972.99
976.09
983.95
996.83
1000.88
1003.03
5032.06
1086.95
1056.91
1058.10
5057.10
1013.04
993.97
991.11
5017.04
995.16
975.13
969.89
4997.01
1002.07
978.95
973.94
4996.06
1001.12
985.15
978.95
17014.98
1023.05
988.01
983.00
989.91
977.99
982.05
978.95
975.85
972.99
970.13
972.99
973.22
978.95
967.98
968.93
17000.91
1030.92
985.15
988.01
995.16
982.05
976.09
972.03
975.85
974.89
970.84
968.93
962.02
974.89
972.99
967.03
967.03
17094.14
1028.06
1032.83
1019.00
1024.01
1022.10
1019.00
1024.01
1017.09
1018.05
1019.95
1021.86
1019.00
1019.95
1019.00
17046.93
1060.01
1019.95
1010.89
1024.01
1017.09
1010.89
1009.94
1011.13
1008.99
1013.99
1007.08
1013.99
1011.85
1006.84
1008.03
17088.89
1034.02
1013.04
1015.19
1026.87
1016.86
1018.05
1015.90
1024.01
1019.00
1017.09
1018.05
1019.95
1016.14
1015.90
1019.95
17099.14
1019.95
1020.91
1005.17
1008.03
1003.03
1006.13
1006.13
999.93
998.97
1000.17
1003.98
1001.12
1002.07
1005.17
5018.95
1031.88
1011.85
1014.95
1018.05
1013.04
1011.85
1009.94
1014.95
1013.04
1009.94
1013.04
1014.95
1013.04
1011.85
1010.89
17061.00
1018.05
973.94
972.03
977.04
975.13
974.89
983.00
981.09
981.09
991.11
988.01
993.01
992.06
983.00
979.90
17025.95
1056.91
1008.03
1012.80
1010.89
1006.84
1011.13
1006.13
1018.05
1011.13
1009.94
1007.80
1019.95
1013.04
1011.85
1006.84
17098.90
1041.89
1007.08
1018.05
1011.13
1005.17
994.92
988.01
994.92
979.90
978.95
973.94
982.05
968.93
965.83
971.79
17053.84
1026.87
1005.89
1007.08
1015.19
1007.08
1001.12
1002.07
1013.04
1008.99
999.93
1004.22
1011.85
1003.98
1006.13
1003.98
17108.20
1023.05
1027.11
1008.03
1014.95
1009.94
995.87
992.06
993.97
986.10
979.90
978.95
985.15
967.03
973.94
968.93
17068.86
989.91
979.90
975.13
983.00
979.90
967.98
966.07
979.90
972.03
968.93
967.98
977.04
966.07
969.17
971.08
17036.91
1057.86
1029.01
1013.99
1023.05
1020.19
1018.05
1018.05
1022.10
1018.05
1017.09
1018.05
1029.01
1019.95
1019.95
1020.19
17100.10
1012.09
1003.98
1008.03
1004.93
1003.98
1004.93
1005.17
1003.03
1005.17
998.97
1004.22
1003.03
1007.08
1004.93
17027.85
1065.97
1020.19
1010.89
1018.05
1002.07
1013.99
1008.03
1015.90
1016.14
1007.08
1012.09
1013.04
1010.18
1009.94
1013.04
17054.08
1070.02
1021.86
1016.86
1016.86
1003.98
1015.19
1004.93
1011.85
1012.80
1005.89
1003.03
1018.05
1012.09
1008.99
1010.89
17119.17
1027.11
1017.09
1008.99
1012.09
1003.03
1005.89
1010.18
1012.09
1008.03
1008.03
1005.89
1010.89
1008.99
1005.89
29038.19
1063.11
1012.09
1003.03
1003.03
993.01
978.95
986.81
983.95
977.99
977.04
972.03
969.17
976.09
967.98
967.98
967.98
17065.05
990.87
984.91
991.11
986.10
976.09
979.19
979.90
993.97
987.05
981.09
989.20
1010.89
989.91
987.05
988.96
17097.95
1016.14
1000.17
1003.03
1012.09
1005.17
999.93
998.97
1013.04
998.97
1003.03
996.11
1013.04
1013.99
999.21
1003.03
17071.96
1013.99
1006.13
1010.89
1014.95
1007.08
1005.17
1024.01
1013.04
1002.07
1004.22
1018.05
1022.10
1009.94
1019.00
21050.93
1046.90
1027.82
1009.94
1011.13
1006.13
1007.08
1005.89
1002.07
1009.94
997.78
1006.84
998.02
982.05
988.01
980.85
17037.87
1044.03
1024.01
1013.04
1017.09
1009.94
1011.85
1013.04
1017.09
1009.94
1012.80
1014.95
1018.05
1011.13
1015.90
1012.09
17102.96
1021.86
1016.14
1013.99
1019.95
1013.99
1013.04
1016.14
1024.01
1011.13
1012.09
1017.09
1013.99
1007.08
1008.99
17046.93
1063.11
1017.09
1012.09
1018.05
1012.09
1013.99
1014.23
1013.99
1008.03
1011.85
1013.99
1019.00
1008.99
1009.94
1012.09
17056.94
1052.86
1014.95
1014.95
1016.86
1009.94
1011.13
1008.99
1015.19
1009.94
1009.94
1012.09
1018.05
1013.99
1008.03
1012.09
17099.86
1023.05
1013.04
1009.94
1019.00
1013.04
1013.04
1012.09
1019.95
1008.99
1011.13
1013.04
1018.05
1013.04
1010.18
17044.07
1057.86
1018.05
1012.09
1020.91
1015.90
1015.19
1013.04
1014.95
1009.23
1008.99
1016.14
1015.90
1010.89
1013.99
1011.85
17044.07
1053.09
1018.05
1012.09
1022.10
1016.14
1008.99
1014.95
1017.81
1013.99
1009.94
1012.80
1018.05
1008.03
1003.98
1009.94
17100.10
1026.15
1016.14
1015.90
1019.95
1013.04
1009.94
1011.85
1020.91
1012.09
1013.04
1008.99
1016.86
1008.03
1013.99
17038.11
1063.11
1008.99
1003.98
1007.08
1007.08
1003.98
1002.07
1005.89
998.02
1003.98
998.97
1003.03
1003.03
1007.80
1008.03
17036.91
1048.09
1005.89
1009.94
1008.99
1008.03
1001.12
999.93
1008.99
988.01
988.01
1000.88
993.01
988.01
993.01
983.95
17029.05
1038.79
1004.93
1007.08
1003.03
1000.88
994.21
998.97
17031.91
1034.02
1002.07
987.05
989.20
989.91
990.87
979.90
992.06
983.95
990.15
982.05
990.15
989.91
988.96
983.95
17027.85
1042.84
1003.98
1002.07
1006.84
1001.12
1005.17
998.02
1006.13
1008.03
1004.93
998.97
1007.08
1003.98
1002.07
998.97
17089.13
1006.13
976.09
973.94
977.99
974.18
962.02
969.89
971.08
967.03
970.13
966.07
972.03
972.03
980.85
968.93
17001.15
1052.14
993.97
995.87
998.02
983.00
978.95
983.95
983.00
975.85
975.85
972.99
976.09
971.08
977.04
972.99
970.13
988.96
1000.88
995.87
999.93
1008.99
999.93
988.01
999.93
993.97
992.06
994.21
997.07
1007.08
993.97
991.82
989.91
967.98
976.09
969.89
976.09
979.90
977.99
966.07
967.03
974.18
964.88
967.03
967.98
977.04
969.17
971.08
968.93
972.03
1004.93
994.92
992.06
997.07
992.77
995.87
996.83
1004.93
988.01
995.87
994.92
997.78
995.87
988.96
990.15
978.95
962.02
964.88
967.03
972.99
963.93
967.03
962.97
972.99
964.88
967.03
969.89
971.79
967.03
970.13
966.07
961.07
1017.09
1013.04
1019.95
1019.95
1013.99
1008.99
1006.13
1017.09
1013.04
1010.18
1007.08
1015.90
1011.85
1009.94
1012.09
1013.04
985.86
991.82
983.00
993.01
982.05
976.09
980.85
985.86
981.09
982.05
985.86
988.96
988.01
983.00
982.05
977.04
1007.08
1006.13
1003.03
1008.03
996.83
998.02
993.97
996.83
998.97
997.07
998.02
1003.98
993.01
993.01
988.96
998.97
972.99
972.03
975.13
971.08
978.95
980.85
972.99
975.13
984.91
971.08
977.04
972.03
962.97
1003.03
993.01
995.16
995.16
993.01
983.00
976.09
989.20
974.89
969.89
972.99
17072.92
1000.88
988.01
989.91
983.00
963.93
969.89
972.99
972.99
975.13
972.99
968.22
977.04
976.09
982.05
981.09
17027.14
1042.13
1003.03
995.87
979.19
966.07
967.98
967.98
972.03
967.03
967.03
967.03
973.94
968.93
976.09
975.13
25000.10
1026.15
972.99
964.88
971.08
969.17
966.07
972.03
970.13
979.19
967.03
977.99
974.89
25111.91
1023.05
1008.99
1005.89
1011.85
995.87
997.07
989.91
985.15
977.04
976.09
972.03
25105.95
1034.98
1007.08
1017.09
1008.99
1010.18
1008.99
1014.95
1011.85
1009.94
1014.95
17045.97
1049.04
1002.07
1003.03
997.07
997.07
996.83
994.92
982.05
1011.13
1003.03
1008.99
1007.08
1008.99
1002.07
990.15
17043.11
1051.90
1031.88
1015.90
1020.91
1011.13
1012.09
1013.04
1008.99
962.02
965.12
967.98
971.08
967.98
963.93
963.93
21010.16
1019.95
977.04
974.89
972.03
966.07
971.08
973.94
970.84
971.08
965.83
967.98
25005.10
1063.11
1012.09
1003.03
1012.09
1002.79
1003.98
1007.08
1003.03
1009.94
997.07
1004.93
25034.90
1029.97
977.04
972.03
970.84
967.98
968.93
967.03
973.94
973.94
978.95
972.99
24980.07
1088.86
1019.95
1005.17
1012.09
1008.03
1007.08
1010.89
1011.85
1008.03
1007.08
1008.99
13046.03
1049.04
1024.96
1007.80
998.97
966.07
961.07
967.98
983.00
964.88
964.88
965.83
967.03
970.13
962.02
962.97
968.93
17055.03
1000.88
993.97
993.01
971.08
978.95
978.95
979.19
988.96
983.00
977.99
975.13
993.01
977.99
972.99
972.99
17118.93
1016.14
997.07
1003.03
1012.80
1013.04
1007.08
1016.14
1006.84
1003.98
1001.12
25032.04
1041.89
993.01
980.85
978.95
970.13
977.04
973.94
968.93
982.05
970.13
972.99
972.99
25077.10
989.91
972.99
972.03
981.09
972.03
972.03
972.99
982.05
965.12
977.04
972.99
25090.93
1034.02
1006.84
993.97
1019.95
1019.00
1010.89
1009.94
1011.13
1024.96
1009.94
1013.04
1015.90
1013.04
1018.05
17037.87
1080.99
1014.95
1009.94
1003.98
1012.80
1014.95
1016.14
1018.05
1015.90
1008.99
1009.94
1008.03
1008.03
1009.94
1003.98
17058.13
1043.08
998.02
993.01
998.97
1004.22
1012.09
1010.89
1005.89
1007.08
1001.12
1003.98
1013.04
1003.98
1003.03
1003.98
17085.08
1023.05
1024.96
1025.92
1011.13
1009.94
1013.04
1000.88
1013.99
998.97
1000.88
1002.79
1009.94
998.97
1007.08
1008.03
13108.02
1019.95
1003.98
990.87
1002.07
994.92
991.82
1003.98
1013.04
1009.23
1008.99
1023.05
1024.01
1021.86
1021.86
17056.94
1094.82
1047.85
1043.80
1050.00
1043.08
1034.02
1032.83
1024.96
1024.01
1015.90
1011.13
1006.13
998.97
998.97
988.96
17085.08
1010.18
998.02
998.97
1011.85
1005.89
1017.09
1017.09
1034.02
1029.97
1033.07
1039.98
1050.95
1046.18
1039.98
17091.04
1057.86
1005.89
993.97
988.01
989.20
992.06
993.97
1003.98
1012.09
1003.98
1015.19
1024.01
1012.09
1024.01
1012.80
17058.85
1046.90
1020.91
1016.86
1010.89
1005.17
1009.94
1007.80
1008.99
1010.18
1009.94
1007.08
1012.09
1003.03
1008.99
1012.09
17102.00
1019.95
1019.00
1018.05
1025.92
1008.99
1008.03
998.02
1013.99
988.01
995.16
983.95
985.86
979.90
969.17
967.03
17073.15
991.11
987.05
982.05
995.16
988.96
1002.07
1002.79
1009.94
990.15
993.01
991.11
1006.13
1006.13
1008.99
1000.17
17107.01
1024.96
1018.05
1030.21
1012.09
1012.09
1006.84
1008.03
1019.95
1007.08
1012.09
1012.09
1007.08
1008.99
1001.83
17035.01
1055.96
1013.04
1007.08
1016.14
1017.09
1019.95
1012.80
1021.86
1013.04
1013.99
1020.91
998.97
1000.17
1000.88
1005.89
1005.89
1019.95
1003.03
1002.07
1013.04
1019.00
1025.92
1019.00
1013.99
983.00
974.89
978.95
973.94
967.03
972.03
969.17
975.13
973.94
968.93
972.99
978.95
1011.13
1011.13
1003.03
1016.14
1002.07
1008.03
1019.00
1014.95
1011.13
1004.93
1013.04
999.93
984.91
988.01
990.15
997.07
1002.07
1003.03
999.93
1024.01
1015.90
1005.89
1018.05
1015.19
1019.00
1016.14
1019.95
17056.94
1044.03
1031.88
1013.99
1029.97
1030.92
1042.13
1039.03
1050.00
1055.96
1050.95
1050.95
1058.10
1066.92
1056.91
17086.98
1105.07
1063.11
1055.00
1064.06
1059.06
1057.15
1055.00
1068.12
1052.14
1055.96
1056.91
13122.08
1041.17
1024.96
1021.86
1019.00
1004.93
999.93
1005.17
999.93
990.87
984.91
25022.98
1050.00
1009.23
997.07
991.11
993.01
993.97
998.97
1007.08
1008.03
1001.12
1015.19
29049.87
1037.12
993.01
1002.07
999.93
1004.93
996.11
1006.13
1008.03
1006.13
1006.13
998.97
1001.83
1026.87
1031.16
1029.01
17113.21
1043.08
1014.95
1019.00
1019.95
1008.99
1013.99
1010.18
998.02
996.11
988.96
987.05
1002.07
1032.11
1015.90
1016.86
13106.82
1018.05
1019.95
1011.13
1014.95
1008.03
1007.08
1015.90
1009.94
1003.03
1009.94
25032.04
1066.92
1016.14
1014.95
1032.83
1015.90
1008.99
1008.03
999.93
1013.99
1008.99
1005.89
1005.17
1003.03
1007.08
1022.10
17054.08
1016.14
987.05
983.00
988.96
987.05
993.01
994.92
989.20
1008.99
1008.99
1021.86
1023.05
1013.04
1003.03
986.10
17040.01
1042.84
1003.98
991.11
988.96
979.90
978.95
968.93
958.92
970.84
973.94
975.13
977.99
977.04
977.99
983.00
993.01
988.96
993.01
990.15
992.06
991.11
998.02
990.15
993.01
994.21
986.10
984.91
995.87
994.92
990.15
988.96
994.92
1007.08
999.21
995.87
1015.90
1009.94
1002.07
996.11
995.16
984.91
977.99
977.04
965.12
983.00
986.81
988.96
995.16
994.92
994.92
1002.07
1011.13
1044.03
1021.15
1023.05
1005.17
972.99
975.13
977.04
981.09
977.99
976.09
983.00
1013.04
1008.03
1008.03
1013.99
1019.00
1009.94
999.93
1005.89
1003.03
991.82
982.05
983.00
997.07
984.19
985.86
990.87
988.96
986.10
983.00
990.87
994.92
976.09
987.05
991.82
988.96
1012.09
1003.03
995.16
1005.89
1018.05
1003.03
1016.14
13046.03
1039.98
985.15
978.95
975.13
972.03
971.08
970.84
980.85
994.92
996.11
998.97
998.97
1008.03
1009.23
1013.99
17021.18
1044.03
979.19
972.03
977.04
974.18
972.03
972.03
979.90
983.95
982.05
984.19
988.01
1012.09
993.97
996.83
999.93
25110.96
1025.92
1016.86
1036.88
1023.05
1034.02
1021.86
1039.03
1028.06
1045.94
1032.83
17076.97
1039.03
999.93
985.15
988.96
979.90
973.22
971.08
972.99
1055.00
1036.88
1040.94
1050.95
1041.89
1040.94
1039.98
1050.95
1042.13
1040.94
1043.08
1044.03
1043.08
1035.93
1041.89
1047.85
1039.03
1041.89
1040.94
1041.17
1036.88
1039.03
1045.94
1042.84
1039.03
1039.98
1041.17
1044.99
1039.03
1043.08
1047.13
1039.98
1035.93
1034.98
1050.00
1037.12
1040.94
1039.03
1049.04
1039.03
1036.88
1046.18
1045.94
1035.93
1039.03
1045.94
1038.07
1039.98
1039.03
1046.90
1041.89
1039.98
1041.89
1044.03
1041.89
1040.94
1040.22
1050.95
1038.07
1039.98
1041.89
1049.04
1039.03
1040.94
1047.85
1037.84
1036.88
1035.93
1050.00
1040.94
1039.98
1039.98
1045.94
1035.93
1044.03
1034.98
1051.90
1043.80
1039.03
1040.94
1047.85
1040.94
1039.03
1039.98
1050.00
1040.94
1041.17
1050.00
1043.08
1039.03
1041.17
1042.13
1041.89
1039.98
1042.13
1044.03
1037.12
1039.98
1042.13
1045.94
1040.94
1044.03
1038.79
1049.04
1041.89
1044.99
1043.08
1039.03
1036.17
1040.94
1049.04
1049.04
1056.91
1034.98
1044.99
1036.17
1034.02
1039.98
1051.90
1041.89
1044.03
1034.02
1044.99
1027.11
1024.96
1014.95
1007.08
1010.18
1000.88
995.87
998.02
984.91
986.10
989.91
993.97
990.15
996.11
1001.12
1012.09
998.97
1008.99
1013.04
1023.05
1023.05
1012.09
1019.00
1033.07
1026.87
1020.19
1046.90
