1183.03
1177.07
1187.09
1184.94
1179.93
1168.97
25272.85
1178.98
1163.01
1165.87
1164.91
1168.01
1153.95
1198.05
1193.05
1194.00
25305.99
1173.02
1163.96
1165.15
1198.05
1192.09
1188.04
1382.11
1178.98
1173.97
25292.87
1218.08
1201.15
1190.90
1162.05
1166.11
1177.07
1186.13
1170.87
1177.07
25299.07
1214.98
1197.81
1175.88
1149.89
1152.99
1158.95
25285.96
1206.16
1197.10
1208.07
1188.99
1193.05
25249.00
1225.95
1181.84
1188.99
1183.99
1172.07
1172.07
25307.18
1203.06
1193.05
1200.91
1151.80
1158.00
29191.02
1227.86
1169.92
1165.15
1168.97
1197.81
1191.85
25249.00
1199.96
1175.88
1198.05
1198.05
1176.83
1181.84
25297.88
1212.84
1183.03
1189.95
1178.03
1185.89
1182.08
1161.10
1209.97
1261.95
25276.18
1183.03
1186.13
1170.16
1151.08
1147.03
1158.00
1176.83
1155.85
1151.08
25222.06
1188.99
1158.00
1159.91
1166.11
1161.10
1168.97
1151.08
1196.86
1193.05
25234.94
1235.01
1191.85
1191.85
1142.02
1145.84
1153.95
1160.14
1147.99
1149.89
25201.08
1184.94
1152.99
1163.01
1167.06
1163.96
1171.83
1168.97
1191.14
1198.05
25203.94
1255.04
1224.04
1199.01
1209.02
1194.00
1193.05
17269.13
1233.10
1713.99
1181.84
1205.92
1193.05
25250.91
1216.89
1199.01
1194.95
1215.93
1204.01
1240.97
25330.07
1236.92
1228.09
1230.96
1219.99
1224.04
25273.80
1192.09
1168.01
1163.01
1217.13
1219.03
1216.89
25335.07
1193.05
1182.08
1187.80
1201.87
1186.85
25235.18
1234.05
1209.97
1196.86
1214.03
1199.01
1202.11
25270.94
1178.03
1163.96
1159.91
1201.87
1199.01
1215.93
25290.97
1190.90
1171.83
1239.06
1193.05
1183.99
25249.96
1240.02
1206.87
1196.15
1142.98
1150.85
1158.00
1161.10
1153.95
1149.89
25191.07
1219.03
1158.00
1151.08
1166.11
1163.01
1176.12
1177.79
1177.07
1183.99
1180.17
25300.03
1259.09
1170.16
1169.92
1165.87
1163.96
1150.13
1163.96
1170.87
1162.05
25276.90
1169.20
1167.06
1143.93
1166.82
1169.92
1163.01
1165.87
1171.83
1174.93
25295.02
1205.92
1183.99
1181.84
1183.99
1194.00
1187.09
1155.14
1177.07
1178.98
29285.91
1204.01
1210.93
1192.81
1196.86
1192.81
25226.83
1261.95
1191.85
1188.99
1194.00
1206.16
1201.87
25281.91
1219.03
1180.89
1175.88
1191.85
1199.96
1201.15
25306.94
1205.92
1199.01
1204.01
1204.01
1196.15
25263.07
1247.17
1201.15
1199.96
1158.00
1188.99
1174.93
25267.84
1184.94
1163.01
1163.01
1156.09
1155.14
1163.96
25264.02
1168.97
1169.20
1172.07
1159.91
1116.99
1153.95
1160.86
1158.95
1157.05
25250.91
1173.97
1174.93
1184.94
1168.01
1168.97
1168.97
1164.91
1176.12
1194.00
25246.86
1228.81
1196.86
1205.92
1211.88
1217.13
1216.17
1225.95
1230.00
1225.95
25323.15
1231.91
1219.99
1234.05
1225.95
1224.99
1217.13
1163.01
1167.77
1168.97
25305.03
1217.84
1220.94
1204.97
1177.07
1188.04
1190.90
1193.05
1204.01
1203.06
25318.15
1213.07
1237.87
1286.98
1208.07
1215.93
25291.20
1196.15
1168.01
1142.98
1211.88
1204.01
1204.01
25294.07
1180.17
1178.03
1178.03
1175.17
1163.96
25228.98
1214.98
1189.23
1183.99
1204.97
1190.90
1188.04
25244.00
1209.97
1194.95
1201.87
1185.89
1191.14
1194.00
25292.87
1179.22
1158.95
1166.82
1154.90
1161.10
25225.16
1191.14
1168.01
1168.97
1160.86
1150.85
1158.00
25223.97
1229.05
1180.89
1171.83
1173.02
1178.03
1167.06
1173.97
1160.86
1151.80
25213.96
1188.04
1167.77
1154.90
1168.01
1176.12
1153.95
1172.78
1163.96
1160.14
1158.00
25282.86
1181.84
1196.86
1173.97
1150.13
1148.94
1155.14
1153.95
1171.83
1158.95
25275.95
1185.89
1173.97
1198.05
1182.08
1203.06
1188.04
1155.14
1171.11
1167.06
25285.96
1226.90
1206.16
1189.95
1197.81
1196.86
1196.86
1207.11
1194.95
1197.81
25302.89
1196.86
1185.89
1197.81
1190.90
1204.01
1188.04
1187.09
1195.91
1206.87
25301.93
1193.05
1180.89
1203.06
1194.95
1203.06
1209.97
1207.83
1189.95
1183.99
25286.91
1162.05
1159.91
1147.99
1202.82
1186.85
25254.01
1214.03
1235.01
1161.10
1178.03
1171.11
1167.06
25254.01
1186.13
1182.08
1183.99
1178.03
1190.90
1184.94
25279.05
1181.84
1173.97
1177.07
1191.14
1204.01
25259.02
1241.21
1209.02
1202.11
1205.92
1194.00
1202.11
25308.85
1219.03
1209.02
1218.80
1198.05
1199.01
22542.00
1168.97
1173.02
1178.03
1170.87
1163.01
1173.02
1174.21
1173.02
25228.02
1191.85
1168.01
1163.01
1159.19
1174.93
1174.93
1180.17
1179.93
1174.93
1190.19
25294.07
1198.05
1190.19
1210.93
1208.07
1205.92
1188.04
1197.10
1212.12
25270.94
1228.09
1173.02
1168.97
1169.92
1185.89
1181.13
1172.07
1147.03
1142.02
1148.94
25299.07
1171.11
1177.07
1171.11
1140.12
1143.93
1139.88
1153.95
1147.99
1145.84
29278.99
1198.05
1199.01
1173.97
1157.05
1167.06
1161.10
25300.03
1206.16
1206.87
1204.01
1191.14
1193.05
25244.00
1222.85
1196.86
1201.87
1202.82
1206.87
1199.96
25288.11
1169.92
1150.85
1144.89
1181.84
1185.89
25213.00
1224.04
1157.05
1147.99
1163.96
1155.14
1147.03
25198.22
1194.00
1166.11
1160.14
1172.07
1158.95
1160.86
29232.03
1187.09
1157.05
1155.14
1167.06
1172.07
1178.03
1171.83
1165.87
1168.97
25231.12
1214.98
1180.89
1172.07
1182.08
1176.83
1171.11
1175.17
1156.09
1167.06
25203.94
1249.07
1202.11
1205.92
1200.91
1180.17
1176.12
1183.99
1183.99
1189.95
25249.00
1230.96
1212.12
1209.97
1219.99
1222.13
1216.89
1196.86
1166.82
1169.92
25231.84
1274.82
1234.05
1250.03
1172.07
1182.08
1171.11
1183.03
1173.97
1167.06
25227.07
1192.09
1178.03
1169.92
1173.02
1161.10
1168.01
1163.01
1192.09
1194.00
25259.02
1199.01
1159.19
1147.03
1152.04
1190.19
1192.09
1213.07
1207.11
1203.06
29230.12
1280.07
1194.95
1205.92
1216.17
1198.05
1191.14
25254.96
1219.99
1194.00
1211.17
1190.90
1184.94
1190.19
25279.05
1178.03
1175.17
1179.93
1169.92
1151.08
25208.95
1234.05
1191.14
1167.06
1172.07
1160.14
1153.95
25206.09
1226.19
1199.01
1197.10
1198.05
1199.01
1184.94
25273.08
1185.18
1166.11
1172.07
1179.93
1163.96
29190.06
1235.01
1183.99
1171.11
1181.13
1199.96
1199.96
1197.10
1183.03
1181.13
1183.99
25254.01
1178.98
1169.20
1173.02
1173.02
1164.91
1158.00
1200.91
1191.14
1188.99
25298.12
1188.99
1185.89
1170.16
1193.05
1193.05
1194.95
1188.99
1194.00
1197.10
25295.02
1194.95
1183.03
1194.00
1187.09
1193.05
1194.95
1174.93
1183.99
1180.89
25310.04
1214.03
1188.04
1199.01
1186.85
1200.91
1204.97
1194.00
1197.10
1199.96
21234.04
1168.01
1164.91
1173.97
1163.96
1171.11
25236.13
1205.92
1173.02
1173.02
1186.13
1183.99
1180.89
25262.83
1230.00
1202.11
1215.93
1216.89
1216.89
25242.09
1252.17
1183.03
1168.97
1175.88
1168.97
1171.11
25245.90
1194.00
1155.14
1148.94
1165.15
1157.05
1160.14
25224.92
1186.85
1169.92
1168.97
1164.91
1165.87
1171.11
25285.01
1184.23
1172.07
1163.96
1168.01
1166.11
1163.96
1171.11
1173.97
1178.03
25274.04
1199.96
1202.82
1192.81
1199.96
1188.04
1176.12
1182.08
1189.95
1190.90
25304.79
1178.98
1166.82
1176.83
1170.87
1173.97
1182.08
1183.99
1183.03
1192.81
25257.83
1214.98
1195.19
1198.05
1163.96
1170.87
1165.87
1177.79
1172.07
1174.93
25232.79
1204.97
1180.89
1187.09
1194.00
1176.83
1178.03
1168.01
1155.14
1156.09
25231.12
1214.98
1189.95
1196.15
1162.05
1168.97
1175.17
17287.97
1192.81
1178.03
1150.13
1209.02
1202.11
25231.84
1236.92
1190.90
1199.01
1198.05
1198.05
1213.07
25252.10
1230.00
1212.12
1221.18
1224.04
1220.94
1229.05
25305.99
1207.11
1199.96
1204.01
1228.09
1223.09
25291.92
1220.94
1183.99
1183.03
1172.07
1176.12
1167.06
25278.09
1171.11
1156.09
1160.14
1163.01
1155.14
1153.95
29268.98
1178.03
1159.91
1152.04
1194.00
1199.01
1197.10
1194.00
1189.23
1182.08
25304.08
1214.03
1199.01
1215.22
1198.05
1199.01
1201.15
1158.00
1169.92
1172.07
25295.97
1206.87
1193.05
1221.90
1191.85
1194.95
1206.16
1211.88
1214.03
25271.89
1258.85
1229.05
1235.01
1240.97
1235.96
1248.12
1219.03
1162.77
1173.02
25247.10
1262.90
1236.92
1223.80
1190.90
1203.06
1212.12
1211.88
1201.87
1212.84
25260.93
1226.90
1206.87
1218.08
1213.07
1201.15
1199.96
1188.04
1189.95
1194.95
25280.95
1217.84
1203.06
1202.82
1159.91
1165.87
1164.91
1168.97
1157.05
1155.85
33228.87
1217.84
1177.07
1173.97
1167.06
1175.17
1167.06
25283.10
1194.95
1168.01
1181.13
1164.91
1157.05
25180.82
1210.93
1155.85
1158.00
1174.93
1152.04
1151.08
25218.96
1250.98
1219.03
1221.18
1178.03
1193.05
1197.10
25326.01
1258.85
1250.98
1259.09
1251.94
1252.17
25311.95
1286.98
1255.04
1268.15
1248.84
1250.98
33285.14
1214.03
1166.11
1155.14
1147.99
1193.05
1204.01
1191.14
1178.98
1195.19
1194.00
25259.97
1173.97
1155.14
1160.14
1192.09
1197.10
1216.89
1201.87
1202.82
1208.07
25290.01
1217.13
1200.91
1204.01
1200.91
1200.91
1190.19
1142.98
1141.79
1146.08
25309.09
1210.93
1204.01
1188.99
1152.04
1154.18
1163.96
1162.05
1154.18
1153.95
25268.79
1173.97
1161.10
1168.01
1165.15
1168.01
1167.77
1163.01
1175.17
1168.97
17277.00
1211.88
1208.78
1186.85
1191.85
1194.95
1186.13
1186.13
1181.13
1190.90
25282.86
1199.96
1181.13
1200.91
1181.84
1195.91
1186.13
1194.95
1219.03
1215.93
33314.23
1199.96
1179.93
1195.19
1174.93
1170.87
25223.97
1243.11
1188.04
1177.07
1201.15
1173.02
1176.12
25238.99
1205.92
1178.98
1168.97
1163.96
1168.97
1168.01
25274.99
1173.97
1158.95
1161.81
1147.03
1145.12
1146.08
25281.91
1186.85
1178.98
1178.98
1143.22
1147.03
25207.04
1191.85
1161.81
1160.86
1173.02
1166.11
1167.06
17230.03
1194.00
1170.87
1166.82
1169.92
1168.97
1178.03
25283.10
1188.99
1177.07
1191.14
1181.13
1174.93
1190.90
25300.98
1192.09
1192.09
1183.03
1172.07
1173.02
25236.85
1210.93
1182.08
1183.99
1190.90
1174.93
1173.02
25261.88
1175.88
1155.85
1171.83
1155.85
1153.95
1156.09
25282.14
1175.17
1158.00
1145.12
1149.89
1147.03
1156.09
25265.93
1166.11
1155.85
1164.91
1159.19
1159.91
25214.91
1191.85
1167.06
1168.97
1182.08
1173.97
1174.93
29263.97
1266.00
1230.00
1240.02
1239.06
1233.10
25289.06
1286.98
1266.00
1254.08
1261.00
1250.98
1252.89
25325.78
1210.93
1196.86
1204.97
1223.09
1208.07
25262.12
1188.04
1160.14
1162.05
1178.03
1168.01
1169.20
25244.95
1178.03
1151.08
1142.98
1176.12
1181.13
1188.99
25277.14
1162.05
1158.00
1163.01
1155.14
1158.95
1159.91
29313.09
1239.06
1233.10
1172.07
1154.18
1152.99
25230.17
1255.04
1235.01
1249.07
1224.04
1219.03
1224.04
25338.17
1239.06
1228.09
1240.97
1223.80
1225.95
25300.98
1251.94
1237.15
1220.94
1203.06
1210.93
25216.10
1289.84
1238.82
1242.88
16401.77
1193.05
1183.03
1170.87
1185.18
1167.06
1159.91
25222.06
1209.02
1184.94
1178.03
1149.89
1153.95
1152.99
21270.04
1226.90
1203.06
1218.08
1209.02
1219.99
29283.05
1249.07
1199.01
1204.97
1164.91
1168.01
1175.88
25236.85
1225.95
1203.06
1223.09
1212.12
1207.11
1194.95
25300.03
1204.97
1190.90
1183.99
1178.03
1173.02
25233.98
1284.12
1232.15
1243.11
1146.08
1162.05
1164.91
25296.93
1259.09
1228.09
1244.07
1230.96
1230.00
25292.16
1269.10
1231.91
1246.93
1227.14
1234.05
1232.15
25288.11
1186.13
1168.97
1163.96
1170.87
1161.81
25217.06
1237.87
1201.87
1195.91
1207.11
1199.96
1199.01
25287.15
1230.00
1238.11
1248.12
1248.12
1243.11
25296.93
1206.87
1167.06
1154.90
1196.86
1201.87
1212.84
25265.93
1182.79
1160.86
1169.92
1170.16
1169.92
1170.87
25282.86
1210.21
1188.04
1199.96
1212.12
1202.11
21259.07
1250.03
1199.01
1184.94
1199.96
1182.08
1183.03
25291.20
1182.08
1158.95
1162.05
1155.85
1158.95
1152.04
25270.94
1183.99
1169.92
1172.07
1164.91
1168.01
25223.97
1250.98
1215.93
1213.07
1200.91
1209.97
1207.83
25292.87
1257.90
1235.01
1251.94
1262.90
1251.94
25314.09
1292.94
1255.99
1261.00
1255.04
1253.84
1250.98
25289.06
1173.97
1168.01
1162.05
1198.05
1198.05
25264.98
1213.07
1176.83
1160.86
1176.12
1166.11
1172.07
21262.17
1246.93
1228.81
1229.05
1224.04
1224.99
25268.08
1247.17
1218.08
1212.12
1188.99
1207.11
1219.99
25302.89
1225.95
1202.11
1212.12
1207.11
1204.97
25232.79
1269.10
1210.93
1205.92
1216.17
1199.01
1205.21
25274.99
1235.01
1207.83
1209.02
1200.91
1206.87
1204.01
25288.82
1178.03
1169.92
1168.01
1158.95
1155.85
29222.97
1274.11
1251.94
1243.83
1184.94
1209.02
1205.92
25336.98
1210.93
1197.81
1194.95
1178.03
1173.97
25216.10
1203.06
1167.06
1163.96
1171.83
1159.19
1171.11
25220.87
1194.95
1180.17
1184.94
1183.99
1178.98
1182.79
25289.06
1178.03
1168.01
1151.08
1188.99
1189.95
1187.09
25270.94
1178.03
1166.11
1183.03
1173.97
1176.83
21266.94
1192.81
1163.01
1161.10
1177.07
1167.06
1168.01
17235.04
1232.86
1199.01
1199.96
1191.85
1187.09
1178.98
25285.01
1183.99
1163.96
1178.98
1164.91
1153.95
33214.81
1252.89
1206.16
1201.87
1219.03
1206.87
1193.05
25280.95
1204.01
1179.93
1179.93
1171.11
1152.99
1163.01
25329.11
1214.98
1209.02
1199.01
1176.12
1175.17
25240.90
1235.01
1208.07
1211.17
1202.11
1196.86
1194.00
17288.92
1185.89
1169.92
1164.20
1163.96
1161.10
1154.90
33315.90
1204.01
1214.03
1214.98
1204.97
1208.07
17275.09
1253.13
1230.00
1229.05
1219.99
1209.97
1207.11
25300.03
1216.17
1199.01
1199.01
1181.84
1176.83
25240.90
1192.81
1163.01
1152.04
1177.07
1183.99
1182.79
25245.90
1181.13
1166.11
1165.15
1163.96
1171.83
1157.05
25270.22
1183.03
1173.02
1180.17
1173.02
1167.06
33225.06
1228.81
1204.97
1208.07
1221.18
1199.96
1200.20
1179.93
1161.81
1148.94
25205.14
1233.10
1205.21
1209.02
1197.10
1192.09
1188.04
1199.01
1188.99
1180.89
25238.04
1218.08
1189.95
1185.89
1192.09
1183.99
1186.85
1204.01
1222.85
1214.03
25286.91
1221.90
1199.96
1183.99
1194.00
1196.86
1189.95
1207.11
1188.99
1177.79
25234.94
1197.81
1175.88
1171.83
1189.95
1175.17
1174.93
1159.91
1204.01
1214.98
25272.13
1223.09
1191.14
1189.95
1161.10
1173.02
1181.13
1182.08
1172.07
1170.16
25214.91
1199.01
1161.10
1152.04
1161.10
1155.14
1159.91
1142.02
1177.07
1180.17
1185.89
21348.95
1227.86
1201.87
1187.09
1148.22
1153.95
33200.98
1224.99
1216.89
1200.91
1200.20
1188.99
1176.12
17295.12
1194.95
1187.09
1192.81
1196.86
1193.05
25229.93
1236.92
1183.03
1181.84
1192.81
1201.87
1204.97
25271.18
1226.90
1190.90
1207.11
1196.15
1198.05
1188.99
25305.99
1201.15
1193.05
1198.05
1192.81
1198.77
25275.95
1190.19
1167.06
1163.01
1177.07
1169.20
1173.97
25234.94
1224.99
1205.92
1212.12
1206.16
1214.03
1227.14
1216.89
1211.88
1229.05
25327.92
1209.97
1195.19
1183.99
1197.10
1184.94
1189.95
1179.93
1169.92
1173.97
25285.01
1181.13
1173.02
1183.03
1181.84
1185.89
1188.04
1135.83
1153.95
1155.14
25258.06
1212.12
1194.00
1191.14
1153.95
1150.85
1158.00
1162.05
1165.15
1170.87
25233.03
1198.05
1167.06
1178.03
1182.08
1190.19
1184.94
1165.15
1148.94
1140.12
25218.01
1235.01
1197.10
1196.15
1154.90
1160.86
1160.86
1176.12
1158.00
1165.87
25216.82
1195.91
1163.01
1165.87
1186.85
1172.07
1173.97
17233.13
1238.11
1210.93
1205.21
1204.01
1183.99
1178.98
25316.95
1201.87
1182.79
1173.02
1148.94
1145.84
25211.81
1238.11
1209.97
1209.97
1217.84
1216.89
1218.08
25305.03
1233.82
1237.87
1230.96
1240.02
1240.97
25301.93
1193.05
1150.13
1145.84
1200.91
1237.15
1239.06
25308.13
1183.03
1163.01
1165.87
1160.14
1170.16
1164.91
29267.79
1182.08
1177.07
1173.97
1159.91
1162.05
1163.01
1157.05
1151.80
1156.81
25242.81
1158.00
1147.99
1152.04
1155.85
1144.89
1137.97
1157.05
1182.08
1180.17
25241.85
1187.09
1153.95
1150.13
1171.11
1175.17
1169.92
1176.83
1175.88
1185.18
25237.08
1228.09
1195.91
1204.97
1214.98
1207.83
1217.84
1194.00
1158.95
1173.97
25240.18
1250.03
1230.96
1224.99
1194.00
1202.11
1209.02
1220.94
1214.03
1201.15
21265.03
1232.15
1204.97
1190.19
1187.09
1183.03
1173.02
25274.99
1167.06
1158.95
9243.97
1209.02
1189.95
1188.04
1152.04
1159.91
1155.14
25300.03
1237.87
1229.76
1229.05
1225.95
1234.05
25292.87
1288.89
1259.80
1259.80
1252.89
1253.84
1250.03
25260.93
1175.88
1182.08
1211.17
1258.13
1250.03
25300.98
1217.84
1214.98
1210.93
1199.96
1191.85
1198.05
29330.02
1213.07
1209.97
1195.91
1164.20
1169.92
1171.83
1173.02
1168.97
1172.78
25290.97
1197.10
1185.18
1189.95
1192.81
1191.85
1184.94
1185.18
1193.05
1188.04
25295.97
1200.91
1197.10
1202.11
1204.97
1215.93
1222.13
1216.89
1214.98
25268.08
1262.19
1229.05
1245.02
1245.98
1237.87
1242.88
1211.88
1202.11
1202.11
25276.18
1271.96
1240.02
1241.92
1158.00
1170.87
1167.06
1169.92
1161.10
1146.08
21215.92
1239.06
1218.08
1204.01
1201.87
1196.86
1190.90
25302.17
1188.99
1177.79
1177.07
1169.92
1179.93
25223.02
1214.03
1177.07
1183.03
1194.00
1173.97
1178.03
25243.04
1210.93
1192.09
1195.19
1189.95
1192.81
1194.95
25293.11
1173.02
1169.92
1163.01
1192.81
1190.90
25236.85
1197.81
1172.07
1163.96
1176.12
1172.07
1166.11
25226.12
1200.91
1173.02
1184.94
1183.99
1185.18
1188.04
1178.98
1158.00
1162.05
25213.96
1274.82
1245.98
1227.14
1182.08
1183.99
1194.95
1205.92
1200.20
1200.91
25262.83
1240.02
1215.93
1227.86
1236.92
1226.19
1224.99
1159.19
1152.04
1162.05
25223.97
1247.88
1225.23
1221.90
1182.08
1183.99
1188.04
1209.02
1204.01
1201.15
25280.00
1220.94
1204.97
1213.79
1209.97
1212.12
1205.92
1130.82
1142.02
1142.02
25220.87
1236.92
1211.88
1215.93
1152.99
1144.89
1147.03
1158.95
1143.93
1149.89
25204.18
1178.03
1155.14
1158.00
1165.87
1156.09
1164.20
1161.10
1207.11
1206.87
25274.99
1224.99
1188.99
1194.00
1194.00
1188.99
1188.04
25264.98
1211.88
1188.04
1206.16
1197.10
1194.95
1190.90
25299.79
1199.01
1167.06
1165.15
1188.04
1187.09
25272.13
1188.04
1157.05
1155.85
1163.96
1158.00
1152.99
25219.92
1186.85
1161.81
1171.83
1168.97
1173.97
1170.87
25291.92
1211.17
1204.97
1179.93
1172.07
1161.10
25223.02
1232.15
1209.97
1207.11
1219.03
1223.09
1217.13
9292.13
1185.89
1177.07
1187.09
1189.95
1187.80
1184.94
25323.15
1230.00
1218.80
1204.97
1224.99
1206.16
25275.95
1249.07
1232.86
1236.20
1229.05
1226.90
1224.04
25319.10
1235.96
1229.05
1237.87
1229.05
1224.99
25306.94
1181.13
1163.01
1160.86
1229.05
1226.90
1226.19
25274.04
1166.11
1174.93
1173.02
1177.07
1179.93
25218.01
1219.03
1191.14
1199.96
1206.87
1200.91
1199.01
25314.09
1188.99
1165.87
1159.91
1204.01
1205.92
33238.17
1263.14
1204.97
1194.00
1189.95
1169.92
1172.07
25243.04
1209.02
1173.97
1172.07
1158.95
1156.09
1156.09
25269.03
1163.01
1152.99
1154.18
1158.00
1164.20
1161.10
25331.97
1247.17
1266.96
1224.99
1191.14
1192.09
21276.95
1209.02
1182.08
1190.90
1199.96
1210.21
1192.09
25332.93
1233.82
1220.94
1229.05
1226.90
1235.01
21297.93
1190.90
1155.14
1156.09
1142.98
1152.99
1138.93
9209.16
1222.13
1193.05
1213.07
1210.93
1194.00
1185.89
25285.01
1173.02
1160.14
1154.90
1178.98
1171.11
25233.03
1231.91
1198.05
1198.05
1206.16
1196.86
1196.86
25298.83
1214.98
1205.92
1205.92
1204.97
1194.95
25257.83
1214.98
1155.14
1153.95
1154.90
1196.15
1198.05
25278.09
1189.95
1159.91
1166.82
1175.88
1170.16
1163.96
25265.93
1180.17
1168.97
1173.97
1168.01
1165.15
1173.02
25264.02
1158.00
1153.95
1163.01
1229.05
1228.09
25297.88
1209.02
1190.19
1179.93
1198.05
1196.15
1194.00
25289.77
1224.04
1210.93
1214.98
1200.91
1205.92
25254.96
1230.00
1208.07
1213.79
1199.96
1208.07
1207.11
25280.00
1272.92
1254.08
1219.99
1204.97
1195.19
25228.98
1294.85
1232.86
1223.80
1221.90
1205.92
1206.16
25285.01
1204.01
1188.04
1182.08
1177.07
1167.06
1168.01
21310.09
1182.79
1174.93
1170.87
1194.00
1185.89
25274.99
1199.96
1157.05
1153.95
1160.86
1156.81
1158.00
25216.10
1173.02
1163.01
1158.95
1230.96
1230.96
1208.07
25284.05
1182.08
1167.06
1173.97
1173.97
1166.11
25221.11
1214.98
1191.85
1185.89
1183.03
1175.88
1182.79
29249.91
1226.90
1197.10
1195.19
1182.08
1178.98
1171.83
25309.80
1200.91
1189.95
1188.04
1159.19
1156.09
29201.98
1230.00
1199.01
1210.21
1219.99
1213.07
1205.21
9279.97
1217.13
1213.07
1204.97
1209.02
1204.01
1203.06
25286.91
1209.02
1201.87
1194.95
1186.13
1178.98
25246.14
