1451.02
1425.03
1405.00
1393.08
13487.10
1513.96
1410.01
13594.87
1439.09
1394.99
1410.01
1397.85
17437.93
1508.00
1424.07
1415.01
1402.14
1382.11
17500.16
1475.10
1391.17
1402.14
1420.97
1384.97
13582.94
1425.03
13524.77
1480.10
1415.97
1415.01
1418.11
1397.13
13605.12
1419.07
1399.04
13566.02
1415.97
1405.00
1403.09
1369.95
13500.93
1463.89
1405.00
13595.10
1424.79
1389.03
1407.15
1387.12
13490.20
1516.10
1544.00
13491.87
1460.08
1394.03
1397.85
1389.98
1386.17
13592.00
1425.03
25530.10
1492.02
1417.16
9505.03
1469.85
1405.95
13653.99
1510.14
1446.01
1397.85
1394.03
25511.03
1508.00
1460.08
13686.90
1426.94
1395.94
1417.88
1401.19
25504.11
1490.12
1401.19
13532.16
1466.99
1380.92
1396.89
1389.98
1394.03
25594.00
1415.01
13547.90
1492.98
1410.96
1409.05
1383.78
1380.92
25605.92
1463.89
13475.89
1513.96
1426.94
1413.11
1396.89
1385.93
25531.05
1487.97
1410.01
13628.01
1425.98
1411.91
1398.09
1421.21
29652.12
1508.00
1419.07
1417.16
1398.09
1386.17
17627.00
1424.79
1421.93
1394.03
1390.93
25527.00
1504.90
1390.93
9594.92
1466.04
25504.11
1602.89
1407.86
1411.91
1401.90
1412.15
25614.02
1467.94
1420.02
9576.08
1416.92
13528.11
1480.10
1396.89
1412.15
1407.15
1389.98
25598.05
1440.05
1407.86
13581.99
1405.00
1397.13
1394.03
1372.81
25535.11
1503.94
1409.05
13608.93
1433.85
1417.88
1405.95
1383.07
17490.86
1487.97
1400.95
1420.97
1380.92
1393.08
29636.14
1472.00
1413.11
1414.06
1388.79
25505.07
1516.10
1422.17
13539.79
1479.15
1397.13
1427.89
2202.03
25535.11
1475.81
1410.96
13646.13
1427.17
1440.05
1392.84
1425.98
25541.07
1494.88
1396.89
9584.90
1427.89
1403.09
25633.10
1435.04
1395.94
1383.07
1382.11
25529.15
1484.16
1412.15
13635.16
1450.06
1415.97
1396.18
1374.01
25516.99
1527.07
1428.84
13595.82
1441.96
1404.05
1415.97
1390.93
25450.94
1572.85
1415.01
13519.05
1469.85
1404.05
1410.96
1391.89
1394.99
17630.10
1430.99
1398.09
1440.05
1509.90
25508.17
1503.94
1402.85
9573.94
1405.95
1389.98
13587.00
1425.03
1402.14
1399.99
1374.01
25515.08
1484.87
1426.94
13635.16
1441.00
1419.07
1403.09
1399.04
25511.98
1562.12
1518.01
13620.85
1448.87
1421.93
1417.88
1402.85
25511.98
1503.94
1440.05
1415.97
1396.18
1383.07
13566.02
1452.92
1418.83
9549.86
1414.06
13499.98
1467.94
1399.99
1421.93
1405.00
1402.85
13561.96
1448.87
1400.95
13581.99
1422.17
1411.91
1420.02
1394.03
13491.87
1468.90
1425.98
13597.97
1425.03
1404.05
1386.17
1376.15
17480.13
1494.17
1409.05
1410.96
1396.18
1382.11
17503.02
1472.95
1391.17
1398.09
1394.03
1394.03
13560.06
1403.09
9469.99
1451.97
1384.02
13501.17
1451.97
1389.03
1462.94
1405.95
1413.82
13575.08
1415.01
9516.95
1477.00
1410.96
13509.99
1496.79
1416.92
1414.06
1379.01
1389.03
13578.89
1416.92
13515.95
1488.92
1430.99
1419.07
1389.03
1381.87
13584.85
1410.96
1399.99
13577.94
1425.03
1425.98
1394.99
1383.07
13476.85
1456.02
1410.01
13592.00
1423.84
1388.07
1375.91
1394.99
17467.98
1507.04
1398.80
1404.05
1378.06
1392.13
13518.10
1466.99
1407.15
13607.98
1426.94
1410.01
1396.18
1404.05
13499.02
1493.93
1415.01
13517.14
1466.99
1411.91
1415.97
1391.17
1403.09
13612.99
1420.02
13503.07
1459.84
1408.10
1405.95
1381.87
1381.87
13566.02
1438.14
1387.12
13574.84
1436.00
1399.04
1399.99
1393.08
13490.92
1477.00
1407.86
25616.88
1426.94
13445.85
1540.90
1410.96
1405.95
1402.14
1396.18
25530.10
1508.95
1425.03
13602.97
1436.95
1405.95
1404.05
1384.02
25512.93
1500.84
1399.99
13541.94
1449.82
1420.97
1399.04
1384.02
1374.01
25599.00
1406.19
13514.04
1469.85
1389.98
1413.82
1391.89
1379.97
17602.92
1434.80
1392.13
1384.97
1416.21
25507.93
1500.13
1414.06
9500.98
1509.90
1448.15
13616.09
1434.80
1418.83
1404.05
1403.09
25521.04
1484.87
1410.96
13582.94
1447.92
1412.87
1403.81
1374.01
25449.04
1564.03
1420.02
13533.83
1472.00
1407.86
1405.95
1393.08
1382.11
25667.19
1436.00
1419.07
1391.17
1394.03
13503.79
1465.08
1403.09
9552.96
1430.99
1405.00
13599.16
1420.97
1417.88
1399.04
1392.13
13489.01
1466.99
1415.01
13576.98
1428.84
1389.98
1413.11
1413.11
13424.16
1525.16
1419.07
13520.00
1475.10
1415.01
1428.84
1389.03
1388.07
25616.88
1436.95
1446.01
1403.09
1436.00
9505.03
1453.16
1400.95
9536.03
1426.94
1396.89
1425.03
1410.96
13427.97
1500.84
1415.97
9464.98
1458.88
1390.93
9460.93
1434.09
1394.99
13587.95
1431.94
1405.95
1420.02
1400.95
13488.05
1481.06
1424.07
13526.92
1499.18
1424.07
1431.94
1394.99
1386.88
17580.03
1438.14
2184.15
1402.14
1417.16
13561.96
1422.88
13479.95
1494.88
1408.82
1414.06
1408.10
1384.97
13560.06
1435.04
1389.03
13561.96
1425.03
1409.77
1409.05
1387.12
17522.10
1489.16
1402.14
1414.06
1402.14
1389.98
17606.02
1458.17
1447.20
1528.98
1415.01
13492.11
1468.90
1434.80
13604.88
1439.09
1410.01
1391.17
1394.03
13487.82
1477.00
1426.94
13504.98
1467.94
1405.00
1401.19
1379.97
1374.96
17580.99
1423.12
1389.98
1384.02
1380.21
13494.01
1457.93
1413.11
13568.16
1441.96
1386.88
1400.95
1378.06
1374.01
13549.80
1400.95
9469.99
1456.02
1389.98
13489.96
1455.07
1400.95
1390.93
1390.93
1369.00
13592.96
1411.91
9464.98
1463.89
1390.93
9487.87
1453.88
1404.05
13556.96
1425.03
1383.07
1407.86
1379.01
13406.99
1509.90
1397.85
13485.91
1467.94
1412.15
1405.00
1384.02
1375.20
13561.01
1423.84
1396.89
13561.96
1416.92
1401.19
1384.97
1374.01
13484.00
1474.86
1408.82
25593.04
1435.04
1399.04
13611.08
1428.84
1410.96
1386.88
1391.17
25521.04
1484.87
1396.89
13617.04
1425.98
1397.13
1394.03
1379.97
25464.06
1537.08
1415.97
9505.99
1452.92
1402.85
13598.92
1436.00
1399.99
1402.14
1385.21
25492.91
1498.94
1406.91
13508.08
1461.03
1407.86
1409.05
1396.89
1374.96
17621.99
1432.90
1399.99
1410.01
1384.97
29542.92
1494.88
1405.95
1402.85
1386.88
1381.87
25636.91
1447.92
13502.84
1497.98
1424.79
1393.08
1384.02
1380.21
25544.88
1476.05
1402.14
13623.00
1441.96
1407.86
1388.79
1378.06
25517.94
1474.14
1395.94
9562.97
1441.00
1387.12
25650.02
1415.01
1407.15
1390.93
1382.11
25532.01
1499.89
1415.97
13612.03
1435.04
1404.05
1379.01
1384.97
25496.01
1504.90
1415.97
13523.82
1477.00
1395.94
1411.91
1386.17
1374.01
25624.04
1425.03
13519.05
1497.98
1403.09
1405.95
1389.98
1379.97
17599.11
1434.09
1389.03
1397.85
1369.00
25444.98
1561.16
1395.94
9493.11
1466.99
1416.92
13578.18
1419.07
1393.08
1398.09
1389.03
25438.07
1559.97
1407.15
13535.98
1482.01
1402.14
1410.01
1379.01
1384.02
25612.83
1436.00
13489.01
1500.13
1393.08
1389.03
1394.03
1382.11
25556.09
1486.06
1446.96
1530.89
1395.94
13468.03
1492.98
1403.09
9483.81
1452.92
1408.10
13582.94
1431.94
1392.84
1410.01
1383.07
13422.01
1524.93
1410.96
13495.92
1469.85
1396.89
1409.05
1384.97
1382.11
13574.12
1425.98
1392.84
1555.92
1399.04
1391.17
1373.05
1366.14
13473.99
1461.98
1398.09
13583.18
1435.04
1389.98
1411.91
1390.93
13422.97
1508.95
1406.91
9482.15
1465.08
1405.00
9510.99
1425.03
1442.91
13638.02
1415.97
1410.01
1395.94
1386.17
13468.98
1451.97
1394.99
13506.17
1462.94
1393.08
1404.05
1383.07
1379.01
13570.07
1422.17
13494.97
1479.15
1399.04
1409.05
1391.89
1387.12
13537.88
1424.79
1391.89
13592.96
1414.06
1405.95
1404.05
1395.94
13473.03
1451.97
1391.17
13518.10
1445.06
1399.99
1415.01
1381.16
1373.05
29605.15
1423.84
13520.00
1484.16
1402.14
1410.01
1387.83
1388.07
25599.00
1433.85
13447.05
1546.86
1400.95
1399.99
1395.94
1374.01
25506.97
1481.06
1389.03
9562.02
1426.94
1395.94
13561.01
1410.96
1412.15
1387.12
1377.11
29523.85
1492.98
1405.00
1410.96
1392.13
1394.99
17625.81
1419.07
1399.04
1405.00
1394.03
25521.04
1486.06
1407.15
9568.93
1421.93
1394.03
13595.10
1425.98
1405.95
1396.89
1391.89
25527.95
1489.88
1413.11
21636.96
1454.11
13455.15
1540.90
1414.06
1411.20
1399.04
1391.17
25524.14
1486.06
1405.95
13612.03
1412.87
1403.09
1400.95
1389.03
17505.17
1497.03
1397.85
1414.06
1398.09
1382.11
25609.02
1440.05
1390.93
13580.08
1412.87
1409.05
1386.88
1380.92
25503.87
1477.00
1407.86
13608.93
1425.03
1390.93
1415.01
1387.12
21496.06
1492.02
1395.94
1394.99
1389.03
1384.02
25532.96
1467.94
1409.05
1410.01
1385.93
1383.07
17590.05
1412.87
1417.88
1381.87
1384.02
29531.00
1496.08
1399.99
1395.94
1385.93
1375.91
25627.14
1430.03
13506.89
1502.99
1395.94
1417.16
1396.18
1378.06
25592.09
1438.86
1389.98
13602.02
1430.03
1417.16
1386.17
1383.07
25512.93
1496.08
1404.05
13607.98
1435.04
1427.17
1420.97
1377.82
25493.86
1508.00
1389.98
13539.79
1479.15
1392.13
1405.95
1372.81
1375.91
25616.88
1425.03
13509.04
1484.87
1397.85
1404.05
1400.95
1380.92
25599.00
1449.11
1399.99
13592.96
1435.04
1415.01
1397.13
1379.97
25516.03
1487.97
1395.94
13597.01
1436.95
1377.11
1410.96
1384.97
25480.99
1498.94
1399.99
13511.90
1461.98
1395.94
1415.97
1384.97
1388.07
25627.14
1429.80
13496.88
1496.08
1425.98
1405.95
1382.11
1384.97
25557.04
1448.87
1395.94
9612.80
1436.00
9471.89
1462.94
1394.99
9479.05
1449.82
1404.05
13550.04
1425.98
1385.93
1399.99
1393.80
13456.11
1492.02
1405.00
21520.14
1480.82
1403.09
13576.03
1436.95
1399.99
1404.05
1378.06
25435.92
1526.12
1403.81
13519.05
1471.04
1406.19
1402.14
1378.06
1369.95
25616.88
1427.17
9434.94
1501.08
1390.93
9474.99
1453.88
1386.88
9487.87
1447.92
1391.89
9557.96
1411.91
9436.13
1498.94
1419.07
9482.86
1453.88
1390.93
13501.88
1451.02
1384.02
1410.01
1394.99
1403.09
25583.03
1425.03
13523.10
1478.91
1396.18
1405.95
1406.91
1379.01
25608.06
1419.78
1388.07
13587.00
1419.07
1402.14
1403.09
1381.16
17514.94
1465.08
1396.18
1416.92
1390.93
1386.17
17606.97
1456.02
1425.03
1397.85
1391.89
17503.02
1476.05
1388.07
1418.11
1385.93
1381.87
25604.01
1436.00
13494.01
1508.95
1414.06
1399.99
1379.01
1392.13
25507.93
1484.16
1402.14
13590.10
1419.07
1410.96
1404.05
1389.98
25508.17
1501.08
1405.00
9504.08
1469.14
1405.00
9564.88
1430.99
9473.09
1480.82
1415.97
9472.13
1456.98
1404.05
9544.13
1429.08
1398.09
9558.92
1410.96
13484.95
1458.17
1402.14
1408.10
1387.12
1381.16
25513.89
1477.96
1391.89
13604.88
1427.89
1411.91
1387.12
1391.17
25505.07
1500.84
1397.85
13551.00
1454.11
1392.13
1414.06
1396.18
1383.07
17585.99
1422.17
1424.07
1415.01
1394.03
17534.02
1471.04
1395.94
1399.99
1391.17
1390.93
17606.97
1417.88
1403.81
1384.97
1385.93
29538.15
1505.85
1410.01
1410.01
1384.02
1388.07
25640.01
1436.00
13515.95
1496.79
1411.91
1406.91
1385.93
1394.03
25581.12
1468.90
1405.00
13606.07
1425.98
1405.00
1397.13
1379.97
17506.84
1472.95
1395.94
1422.17
1399.99
1389.98
17605.07
1420.97
1413.11
1387.83
1380.92
17513.99
1475.81
1412.87
1415.97
1394.99
1380.92
25608.06
1450.06
13456.11
1538.99
1427.17
1402.14
1394.03
1401.19
25535.11
1472.00
1401.90
13602.02
1422.88
1425.03
1395.94
1379.01
25142.91
1522.06
1428.84
1411.91
16821.86
1439.81
1399.99
16735.08
1477.00
1407.15
1402.14
16448.97
1421.93
7987.98
1462.94
1394.03
1397.85
11699.91
1423.84
1405.95
11618.85
1442.91
1414.06
1389.03
11629.10
1420.97
1398.09
11599.06
5946.87
1417.88
1410.96
11615.04
1456.02
1405.00
1405.95
11718.99
1425.98
1398.09
9682.18
1472.95
1389.03
1406.91
1388.07
16645.91
1468.90
1410.01
16627.07
1512.05
1420.97
1384.02
21785.97
1472.00
1401.90
11603.12
1499.89
1404.05
1387.12
11662.01
1438.86
1396.89
11553.05
1492.02
1421.93
1391.17
11642.93
1439.09
1396.89
11560.92
1513.00
1404.05
1406.91
11653.90
1456.98
1396.89
11572.84
1471.04
1425.98
1406.91
11651.99
1433.85
1412.87
11111.97
6677.87
4093.89
1469.85
1420.97
1397.13
16777.99
1439.09
1389.98
16692.88
1482.96
1412.15
1394.99
17586.95
1430.99
13497.11
1467.94
1406.19
1421.93
1390.93
1382.11
25577.78
1451.97
1400.95
13604.16
1413.11
1434.09
1406.91
1400.95
25522.95
1471.04
1399.04
13602.97
1423.84
1391.89
1401.90
1384.02
17493.96
1485.11
1400.95
1400.95
1393.80
1374.96
17512.80
1461.98
1397.85
1418.83
1384.97
1374.01
17591.95
1411.20
1405.00
1393.08
1383.07
25508.88
1488.92
1406.91
13601.78
1430.03
1394.03
1396.89
1373.05
25472.16
1510.86
1411.91
13517.86
1472.00
1415.01
1417.88
1387.83
1381.87
27020.93
1451.97
1385.93
16705.99
1479.15
1419.07
1386.17
11775.02
1425.98
1417.88
16691.92
1461.03
1420.02
11600.02
1493.22
1397.13
1405.95
11679.89
1446.01
1415.97
11627.91
1487.97
1410.01
1398.09
11703.01
1443.86
1399.99
11613.13
1482.96
1415.01
1397.85
11698.96
1429.08
12923.96
1479.86
1411.91
1407.15
11697.05
1446.01
1407.15
16692.16
1502.04
1411.20
1403.09
16813.04
1433.85
1408.82
16922.95
1461.03
1394.99
12089.97
1477.96
1404.05
1393.80
11705.88
1443.86
1396.89
11621.95
1461.03
1428.13
1400.95
11682.99
1417.16
7771.97
1476.05
1409.05
1393.80
11698.96
1428.84
1407.86
11628.87
1451.97
1407.86
1393.08
11729.96
1414.06
1397.13
11636.02
1467.94
1401.90
1401.90
16798.97
1454.11
1396.18
12104.03
1448.15
1416.92
16697.88
1482.96
1406.91
1389.98
16829.01
1426.94
1401.19
11723.04
1472.00
1409.05
11569.02
1525.88
1419.07
1392.13
11644.12
1446.96
1406.91
11571.88
1522.06
1407.86
1411.20
11678.93
1436.95
1406.91
11590.00
1461.98
1410.96
1397.13
11682.03
1438.86
1400.95
11605.02
1457.93
1413.82
1439.09
16781.09
1436.00
1410.01
16656.88
1497.03
1426.22
1394.03
15475.03
11738.06
1429.08
1394.03
11636.02
1502.04
1405.95
11585.95
1518.01
1432.18
1394.99
11654.85
1451.02
1415.01
11590.00
1485.82
1416.92
1430.99
11710.17
1430.03
1400.95
11616.95
1479.15
1421.93
1389.03
11690.14
1434.09
1397.13
3071.78
1436.95
1394.99
11716.13
1434.09
1402.14
21769.05
1492.02
1405.00
12075.90
1487.97
1420.02
1392.84
16775.85
1446.96
1397.85
11631.97
1471.04
1409.05
1405.00
13242.96
1466.04
11601.92
1443.86
1400.95
1389.98
11687.04
1414.06
1384.02
11635.07
1454.83
1396.89
1383.07
11670.11
1436.00
1394.99
10424.14
1480.10
1396.18
1416.92
11597.87
1459.84
1401.90
1397.85
16763.93
1436.00
1421.93
16678.09
1475.81
1424.07
1403.09
16786.10
1422.88
1416.92
19279.00
1492.98
1414.06
9488.11
1452.92
1386.17
13591.05
1425.98
1399.99
1385.93
1391.89
25506.97
1496.08
1406.91
13519.05
1476.05
1408.10
1408.10
1372.10
1372.81
25624.04
1436.00
9495.02
1467.94
1409.05
9486.91
1453.88
1407.86
9572.98
1429.08
9455.92
1469.85
1403.81
9480.95
1451.02
1398.09
9503.13
1443.15
1394.99
13577.94
1422.17
1415.01
1394.03
1377.11
25515.08
1492.02
1409.05
13507.13
1458.88
1397.85
1396.89
1387.83
1381.87
25618.08
1433.85
13509.99
1472.95
1405.00
1410.96
1385.93
1378.06
17601.97
1424.07
1398.09
1402.14
1392.13
17488.00
1493.93
1402.85
1400.95
1394.03
1382.83
17503.02
1463.17
1395.94
1404.05
1389.03
1384.97
29616.12
1434.09
1398.80
1388.07
1372.10
25526.05
1506.09
1399.99
13612.99
1441.00
1407.86
1392.84
1389.03
25500.06
1500.84
1410.01
13540.98
1469.14
1398.09
1415.01
1390.93
1390.93
17604.11
1426.94
1415.97
1395.94
1379.01
17510.89
1472.00
1409.05
1414.06
1385.21
1380.92
17599.82
1441.96
1410.01
1382.11
1391.17
25516.99
1492.98
1402.85
13523.82
1454.11
1398.09
1414.06
1402.14
1394.03
25611.88
1426.94
13535.02
1477.96
1404.05
1410.01
1395.94
1392.13
25876.05
1430.03
12936.12
1492.02
1409.05
22252.08
1513.00
1413.82
1426.94
16802.07
1430.03
1422.17
11631.01
1466.99
1407.15
1423.12
11724.00
1413.82
1395.94
11623.86
1468.90
1410.01
1377.11
11706.83
1423.12
1431.94
11737.11
1435.04
1403.81
1401.90
11652.95
1415.01
1428.13
8269.07
1456.98
6540.06
1446.01
1386.88
1407.86
11698.01
1420.97
1392.13
16711.95
1476.05
1406.91
1395.94
16666.89
1440.05
1394.03
16302.82
10313.03
1494.88
1410.01
1404.05
11692.05
1456.02
1408.10
11602.16
1471.04
1407.86
1394.99
11610.98
1431.94
1390.22
11599.06
1476.05
1405.95
1387.83
6597.04
1429.08
1413.82
11604.07
1477.00
1404.05
1413.11
11689.19
1433.13
1384.97
21762.85
1495.12
1433.13
1400.95
11700.87
1426.94
18075.94
1492.02
1409.05
1408.10
16800.17
1445.06
1422.88
11631.97
1463.17
1394.99
1400.95
11732.10
1437.90
1402.85
6553.89
1459.84
1425.98
1396.18
11697.05
1418.11
1414.06
11646.03
1470.09
1402.14
1409.05
11677.03
1412.87
1389.98
11620.04
1460.08
1403.09
1395.94
11662.01
1428.13
1409.05
11166.10
1453.88
1415.97
18337.01
1424.07
1406.19
16698.12
1484.16
1425.98
1401.90
15565.87
1443.86
1394.03
1404.05
11660.10
1440.05
1412.15
11589.05
1494.88
1410.96
1397.13
11682.99
1451.02
1413.11
11605.98
1468.90
1427.17
1394.03
11670.83
1424.07
1420.02
11613.13
1465.08
1410.96
1407.15
11715.17
1434.09
1399.99
16706.94
1480.82
1421.93
1425.98
12669.09
1427.17
16797.07
1496.08
1401.90
1402.14
12082.10
1440.05
1410.96
16690.97
1482.01
1395.23
1409.05
11687.04
1425.98
1399.99
11604.07
1458.17
1420.97
1396.89
11682.03
1413.11
1419.07
11620.04
1453.88
1415.97
1389.98
1527.07
1412.87
1393.08
11626.96
1469.85
1399.99
11563.06
1502.04
1429.08
1420.02
11628.15
1446.96
