1335.14
1319.17
1322.98
1317.98
1316.07
25416.85
1328.95
1334.91
1322.98
1314.88
25341.99
1384.97
1338.01
1327.04
1316.07
1313.92
25357.01
1369.00
1322.98
1331.09
1326.08
1330.14
25382.04
1353.03
1338.01
1319.17
1253.13
1250.03
1243.11
25383.00
1315.83
1306.06
1260.04
1238.11
1245.98
25400.16
1325.13
1317.02
1269.10
1237.15
1224.04
25338.89
1274.82
1271.01
1276.02
1269.10
1270.06
25332.93
1305.82
1277.92
1278.16
1270.06
1271.01
25341.03
1312.97
1259.09
1264.10
1249.07
1231.91
1227.14
25392.06
1289.13
1265.05
1260.04
1246.21
1235.01
29336.93
1261.00
1245.98
1227.86
1212.84
1201.87
25321.96
1253.13
1221.18
1213.07
1185.89
1218.08
1221.90
25347.95
1209.97
1211.88
1199.96
1259.09
1275.06
25343.18
1236.92
1204.97
1198.05
1279.83
1293.90
25355.10
1266.00
1228.09
1229.05
1298.90
1320.84
1327.99
25396.11
1260.04
1245.98
1262.90
1314.16
1319.89
25401.83
1271.01
1249.07
1249.07
1293.18
1302.00
25406.12
1274.82
1246.93
1250.03
1214.03
1226.90
25283.10
1269.10
1224.99
1216.89
1191.14
1219.99
1214.03
25358.92
1230.00
1795.05
1280.07
1276.02
1271.96
25375.13
1271.96
1260.04
1282.93
1267.19
1343.01
25405.17
1271.96
1276.02
1275.06
1275.06
1285.08
25362.01
1258.13
1235.96
1222.85
1258.13
1257.18
21310.09
1290.08
1256.94
1258.85
1252.89
1247.88
25272.85
1329.90
1271.01
1261.00
1272.92
1250.98
1262.19
25383.00
1286.98
1273.87
1286.03
1276.02
1265.05
25380.13
1293.90
1270.06
1281.02
1275.06
1273.16
25324.11
1312.97
1276.02
1280.07
1275.06
1269.10
25336.03
1312.97
1275.06
1286.98
1271.01
1269.82
25300.98
1336.10
1278.16
1271.01
1278.16
1271.96
1267.91
25391.10
1283.17
1277.92
1301.05
1349.93
1265.05
25360.11
1230.00
1221.90
1213.07
1231.19
1240.02
25327.21
1244.07
1207.11
1210.93
1230.00
1238.11
1230.00
25326.97
1219.99
1199.01
1208.07
1227.86
1218.80
25277.85
1302.00
1274.11
1280.07
1276.02
1274.11
25327.92
1307.96
1275.78
1275.06
1273.87
1272.92
1274.11
25365.11
1281.02
1271.01
1291.04
1269.10
1275.06
25387.05
1283.17
1277.92
1281.02
1272.92
1267.91
25385.14
1270.06
1263.14
1286.03
1266.00
1261.95
25298.12
1279.12
1250.03
1245.02
1243.83
1242.88
25296.93
1283.17
1271.96
1250.98
1253.13
1241.92
1231.91
25341.99
1246.93
1231.19
1241.92
1232.86
1233.82
25281.91
1253.84
1224.99
1237.15
1226.90
1226.90
1235.01
25336.03
1244.07
1245.02
1245.02
1240.97
1237.15
25356.05
1250.98
1240.97
1250.03
1229.05
1228.81
25290.97
1284.12
1244.07
1235.01
1195.19
1215.93
1207.83
25339.84
1243.83
1214.98
1214.03
1240.02
1240.97
25301.93
1251.94
1218.08
1204.97
1246.93
1257.90
25289.06
1310.83
1246.93
1251.94
1265.05
1240.97
1255.99
25365.11
1260.04
1238.11
1260.04
1243.83
1277.92
25386.10
1252.17
1227.86
1230.00
1224.04
1215.93
25239.94
1278.16
1237.15
1226.90
1240.97
1239.06
1235.01
25338.89
1252.17
1234.05
1235.01
1231.91
1226.19
25295.97
1266.00
1249.07
1258.13
1248.84
1237.87
1240.97
25346.99
1262.90
1250.98
1250.98
1252.17
1251.94
25348.90
1247.88
1248.12
1245.02
1231.91
1237.15
21306.99
1293.90
1240.02
1242.88
1258.13
1266.96
1270.06
25377.04
1290.80
1276.97
1263.14
1259.09
1251.94
25408.03
1313.92
1312.02
1233.10
1224.04
1234.05
25336.03
1329.90
1328.95
1346.11
1287.94
1287.94
25340.08
1308.92
1302.96
1322.98
1318.93
1312.02
25369.88
1341.82
1317.02
1320.12
1316.07
1308.92
25367.02
1312.02
1292.94
1267.91
1278.16
1268.15
25336.03
1291.99
1271.01
1262.90
1302.96
1314.88
25351.05
1321.08
1260.04
1258.85
1316.79
1317.98
25342.94
1307.01
1237.15
1230.96
1299.86
1284.84
1289.84
25352.95
1227.14
1204.01
1188.99
1245.98
1238.11
25316.00
1240.02
1223.09
1203.06
1209.02
1219.99
1208.07
25339.84
1214.03
1203.06
1204.01
1214.03
1207.11
25288.11
1243.11
1213.07
1242.16
1308.92
1222.85
1210.93
25373.22
1272.92
1247.88
1256.94
1243.11
1236.92
25346.04
1274.11
1247.88
1240.97
1245.98
1245.02
25300.03
1265.05
1237.15
1235.01
1230.96
1226.90
1221.18
25336.98
1246.93
1235.01
1240.02
1239.06
1233.10
25341.99
1277.92
1252.17
1245.98
1739.98
1214.98
25322.20
1243.11
1230.96
1225.95
1214.98
1257.90
25283.10
1291.04
1278.16
1254.08
1244.07
1246.93
1231.91
25353.91
1266.00
1251.94
1276.97
1240.97
1242.16
25357.01
1293.18
1271.96
1286.03
1266.00
1269.10
25350.09
1280.07
1262.19
1281.02
1279.12
1270.06
25327.92
1298.90
1248.84
1257.18
1263.14
1262.90
1264.81
25341.03
1277.92
1245.02
1287.94
1253.84
1247.88
25362.01
1281.02
1269.10
1270.06
1253.13
1245.98
25324.82
1292.94
1276.97
1266.96
1248.12
1245.98
25306.94
1311.06
1257.90
1259.09
1244.07
1255.99
1249.79
25361.06
1271.96
1256.94
1261.95
1250.98
1250.03
25367.02
1271.96
1266.00
21388.05
1240.02
1224.04
1215.93
1236.92
1235.01
25297.88
1245.02
1213.07
1198.05
1220.94
1220.94
1215.22
25322.91
1235.01
1245.02
1271.01
1231.91
1228.09
25308.13
1248.12
1210.93
1201.87
1230.00
1232.15
1230.00
21362.07
1257.18
1244.07
1244.07
1238.11
1230.00
25324.11
1226.90
1213.07
1190.19
1183.03
1212.12
25228.98
1302.96
1219.99
1215.93
1212.12
1229.05
1219.03
25320.05
1255.99
1224.04
1202.11
1236.20
1239.06
25285.01
1282.93
1262.90
1261.95
1252.17
1261.95
1262.90
25378.94
1240.97
1245.02
1258.85
1250.98
1248.12
25341.03
1268.86
1251.94
1260.04
1250.03
1241.92
25316.00
1255.04
1229.05
1219.99
1207.83
1222.85
1232.86
25376.08
1258.85
1253.84
1263.86
1245.02
1249.07
25342.94
1265.05
1255.99
1252.17
1249.07
1250.03
25299.07
1276.97
1258.13
1258.85
1251.94
1253.13
1250.03
25362.01
1263.86
1256.94
1261.00
1247.88
1252.89
25364.16
1270.06
1250.03
1259.80
1253.84
1251.94
25303.13
1292.23
1260.04
1265.05
1245.02
1254.80
25300.98
1291.99
1274.82
1261.00
1250.98
1253.84
1248.84
25373.94
1276.02
1254.08
1263.86
1248.12
1248.12
25350.09
1276.02
1238.11
1262.19
1247.88
1257.90
25304.79
1283.17
1266.96
1262.19
1248.12
1252.89
1250.03
25341.99
1271.96
1256.94
1262.90
1260.04
1251.94
25357.96
1265.05
1262.90
1263.86
1253.84
1251.94
25302.17
1231.91
1204.97
1219.99
1201.87
1199.96
1197.10
25312.90
1210.93
1206.16
1213.07
1203.06
1198.05
25259.97
1229.05
1207.11
1208.07
1203.06
1194.95
1194.95
25316.00
1212.12
1201.15
1209.02
1206.16
1199.96
25260.21
1230.00
1203.06
1194.95
1199.96
1200.91
1197.81
25318.86
1213.79
1196.86
1201.87
1196.86
1189.95
25254.01
1225.95
1202.11
1202.11
1211.88
1194.95
1200.20
25271.89
1224.99
1208.07
1209.97
1195.91
1198.05
1201.15
25299.07
1219.99
1204.97
1219.03
1213.07
1204.01
25283.10
1238.82
1224.04
1224.04
1220.94
1218.80
1219.03
25310.99
1238.11
1224.99
1230.96
1236.20
1230.00
25330.07
1236.92
1223.80
1232.86
1234.05
1229.05
25285.96
1266.00
1239.06
1245.98
1195.91
1213.07
1216.17
25377.99
1266.00
1262.90
1238.82
1214.03
1229.05
25308.13
1276.97
1265.05
1250.03
1229.05
1239.06
25280.95
1302.96
1247.88
1246.93
1231.19
1261.00
1250.03
25398.02
1275.06
1264.10
1238.11
1245.02
1245.98
25339.84
1288.89
1270.06
1240.02
1237.15
1249.07
25316.00
1297.00
1261.95
1250.03
1220.94
1247.88
1255.99
25326.01
1205.92
1192.81
1205.92
1196.15
1194.95
25259.02
1231.91
1203.06
1203.06
1204.01
1201.15
1202.11
25311.95
1209.97
1204.01
1209.97
1199.96
1199.96
25273.08
1240.02
1210.93
1210.93
1222.85
1219.99
1212.12
25333.88
1230.96
1224.04
1223.09
1230.00
1226.90
25296.21
1258.13
1234.05
1233.10
1235.96
1226.90
1239.06
25343.18
1214.98
1220.94
1235.96
1230.96
1232.15
25301.93
1251.22
1224.04
1224.04
1206.16
1202.11
1203.06
25350.09
1260.04
1244.07
1237.15
1205.92
1208.07
25305.03
1286.98
1256.94
1258.85
1199.96
1208.07
25283.10
1292.94
1271.96
1261.00
1194.95
1207.11
1217.13
25367.98
1254.80
1253.84
1235.96
1205.21
1216.89
25292.87
1266.00
1235.01
1231.19
1208.07
1214.03
1224.04
25291.92
1210.93
1202.11
1206.16
1201.87
1206.87
25264.02
1233.10
1210.93
1225.95
1216.17
1214.03
1217.13
25331.97
1230.96
1224.99
1235.01
1214.03
1219.99
25281.91
1257.18
1226.90
1245.02
1229.05
1229.05
25288.11
1280.07
1241.92
1238.11
1245.98
1243.83
1236.92
25329.11
1249.07
1239.06
1247.17
1235.96
1230.00
25303.84
1242.88
1204.01
1207.11
1286.98
1272.92
1261.00
25314.81
1214.03
1209.97
1227.14
1230.96
1250.03
25353.91
1262.90
1244.78
1256.94
1245.98
1249.79
25302.89
1274.82
1255.99
1256.94
1249.07
1246.93
1239.06
25348.90
1234.05
1228.09
1266.96
1244.07
1245.02
25352.00
1241.92
1221.18
1219.99
1237.15
1232.15
25287.87
1290.08
1259.09
1270.06
1260.04
1260.04
1259.09
25374.89
1261.95
1249.07
1249.79
1214.03
1209.02
25305.03
1278.88
1260.04
1265.05
1266.00
1256.23
25321.96
1286.98
1267.91
1268.86
1266.00
1261.00
25296.93
1312.97
1272.92
1259.80
1267.91
1263.86
1256.94
25371.07
1281.02
1261.00
1275.06
1261.00
1255.04
25365.83
1277.92
1266.96
1273.16
1261.95
1255.99
25336.98
1276.97
1260.04
1246.93
1226.90
1231.19
25244.00
1279.83
1214.98
1211.88
1216.89
1204.01
1204.01
25262.12
1229.05
1201.87
1212.12
1209.97
1204.97
1206.16
25311.95
1214.98
1209.02
1213.07
1208.07
1202.82
25265.22
1235.96
1208.07
1211.88
1204.01
1196.86
1200.91
25318.15
1219.99
1214.03
1218.80
1208.07
1209.02
25269.99
1234.05
1204.01
1213.07
1201.87
1200.20
1204.01
25316.00
1220.94
1214.03
1224.99
1217.13
1213.07
25274.04
1239.06
1209.97
1213.07
1206.87
1209.02
1215.93
25324.82
1234.05
1218.08
1227.14
1219.99
1217.13
25275.95
1242.88
1214.03
1218.08
1211.88
1209.97
1208.07
25321.01
1227.86
1219.99
1229.05
1219.03
1215.93
25277.14
1240.97
1220.94
1219.99
1219.99
1215.93
1224.04
25327.92
1233.10
1223.09
1230.96
1222.85
1220.94
29304.98
1289.84
1258.85
1240.02
1208.07
1204.01
25260.21
1281.02
1243.11
1231.91
1224.99
1217.13
1220.94
25344.85
1237.87
1220.94
1217.13
1227.14
1226.90
29289.96
1314.16
1285.08
1290.08
1278.88
1277.92
25330.07
1323.94
1281.98
1281.02
1282.93
1279.12
1273.87
25389.91
1286.98
1280.07
1290.08
1277.92
1277.92
25385.14
1289.13
1277.92
1288.89
1275.06
1276.02
25386.10
1292.94
1276.02
1286.03
1274.11
1271.96
25346.99
1314.16
1281.98
1289.13
1276.02
1276.02
1266.00
1214.98
1215.93
1212.12
25349.14
1275.06
1263.14
1241.92
1233.82
1225.95
25343.18
1281.98
1261.95
1257.90
1250.03
1233.10
25295.97
1250.98
1221.90
1235.01
1225.95
1222.85
1223.80
25326.01
1240.97
1227.86
1248.12
1225.95
1221.90
25291.20
1245.98
1226.90
1233.10
1220.94
1224.04
25275.95
1303.91
1273.16
1261.00
1227.14
1235.01
1239.06
25386.81
1275.06
1257.90
1236.92
1236.20
1240.97
25319.10
1292.94
1264.10
1242.16
1249.07
1250.03
25319.10
1312.02
1281.02
1257.90
1245.98
1256.94
1253.84
25382.04
1271.96
1257.90
1251.22
1263.86
1261.00
25377.99
1265.05
1261.95
1252.89
1257.90
1255.04
25316.95
1287.94
1263.86
1261.95
1253.13
1255.04
25316.00
1300.10
1260.04
1245.98
1243.83
1250.03
1250.03
25355.10
1253.13
1230.96
1231.91
1259.09
1255.99
25357.96
1252.89
1221.18
1224.99
1255.04
1266.00
25323.87
1291.99
1265.05
1260.04
1252.89
1248.84
1246.93
25376.08
1275.06
1247.17
1251.94
1245.98
1245.98
25357.96
1226.19
1214.98
1215.22
1249.07
1241.92
25316.95
1259.09
1227.14
1233.10
1233.10
1230.00
1230.00
25367.02
1250.03
1240.02
1271.96
1235.01
1227.86
25334.84
1256.94
1239.06
1232.15
1218.08
1214.03
25275.23
1294.14
1265.05
1254.08
1221.90
1212.84
1214.03
25341.03
1280.07
1276.02
1263.86
1219.03
1215.93
25285.01
1300.10
1259.09
1258.13
1214.03
1203.06
25244.00
1322.03
1266.00
1259.80
1204.01
1204.97
1209.02
25338.89
1266.96
1261.95
1261.95
1214.98
1214.98
25295.02
1281.98
1245.98
25307.89
1288.18
1251.94
1245.02
1194.00
1209.02
1233.82
25393.96
1306.06
1302.00
1242.88
1209.97
1214.98
25300.98
1310.11
1275.06
1286.03
1279.83
1265.05
25336.03
1305.10
1265.05
1276.02
1271.01
1272.92
25315.05
1291.04
1265.05
1251.94
1264.81
1253.84
1250.98
25373.94
1282.93
1255.99
1273.87
1256.94
1253.13
25357.96
1269.82
1252.89
1260.04
1252.89
1251.22
25304.08
1284.12
1253.13
1254.08
1242.88
1244.07
1239.06
25344.13
1255.04
1248.12
1255.99
1244.07
1243.11
25352.00
1255.04
1255.99
1258.13
1248.84
1246.93
25307.89
1273.16
1248.12
1240.02
1243.11
1237.87
1235.96
25323.15
1250.03
1236.20
1247.88
1241.92
1238.11
25339.13
1254.08
1241.92
1240.97
1233.10
1228.09
25290.01
1270.06
1239.06
1230.00
1214.03
1233.10
1229.05
25336.98
1213.07
1204.01
1208.07
1198.05
1195.91
25277.14
1233.10
1211.17
1213.07
1204.01
1211.17
1208.07
25326.01
1214.98
1203.06
1204.01
1203.06
1200.20
25264.02
1238.11
1212.12
1224.99
1220.23
1223.09
1219.03
25335.07
1233.10
1225.95
1230.00
1219.99
1221.90
25283.10
1247.88
1225.95
1235.01
1228.09
1230.00
1222.85
25327.92
1240.02
1224.99
1240.02
1229.05
1232.86
25290.01
1271.01
1249.07
1253.13
1235.96
1240.02
25298.12
1270.06
1248.12
1254.08
1244.07
1247.88
1245.02
25359.15
1251.94
1246.93
1255.99
1245.98
1245.02
25302.17
1279.12
1249.07
1255.04
1242.88
1247.17
25300.98
1281.02
1248.84
1255.04
1251.94
1239.78
1246.93
25370.84
1256.94
1253.13
1257.18
1244.07
1243.11
25331.97
1263.14
1250.98
1263.14
1250.03
1249.07
25298.12
1278.16
1256.94
1251.94
1245.98
1247.88
1243.11
25352.00
1265.05
1250.03
1250.98
1245.98
1241.92
25337.93
1270.06
1249.79
1254.80
1250.03
1241.92
25304.79
1269.10
1240.02
1247.17
1234.05
1241.21
1240.02
25356.05
1250.98
1240.02
1243.11
1235.96
1230.96
25333.17
1254.08
1230.96
1249.79
1230.00
1224.99
25290.97
1273.16
1246.93
1240.02
1240.02
1238.11
1234.05
25350.09
1249.07
1238.82
1248.84
1235.96
1235.96
25295.02
1276.97
1243.11
1244.07
1240.02
1230.96
25299.07
1271.01
1250.98
1248.12
1253.13
1241.92
1239.78
25352.95
1268.15
1240.97
1255.99
1248.12
1245.98
25319.81
1293.90
1255.99
1253.13
1265.05
1251.94
25333.88
1273.87
1250.98
1240.97
1274.82
1279.83
1274.82
25332.93
1205.21
1220.94
1255.99
1241.92
1232.86
25326.01
1273.16
1261.00
1267.19
1257.90
1256.94
25315.05
1288.89
1263.86
1264.10
1257.90
1258.85
25287.87
1317.02
1258.13
1255.04
1267.91
1255.99
1260.04
25361.06
1256.94
1262.90
1274.82
1267.91
1278.16
25355.10
1277.92
1265.05
1290.80
1282.93
1292.94
25350.09
1320.12
1291.04
1295.09
1290.08
1286.03
25344.85
1327.99
1297.00
1297.95
1288.89
1290.80
25348.90
1327.99
1295.09
1297.95
1291.99
1286.98
25316.95
1350.16
1295.09
1295.09
1291.04
1290.08
1288.89
25396.82
1298.90
1289.84
1205.92
1197.10
1206.16
25319.10
1239.06
1239.06
1219.99
1214.98
1219.03
25287.15
1278.16
1249.07
1250.98
1212.84
1227.86
1224.99
25380.13
1288.89
1274.82
1276.97
1271.01
1274.82
25372.98
1291.04
1268.15
1281.02
1273.16
1277.92
25331.02
1302.00
1273.87
1287.22
1273.87
1268.86
25322.91
1312.02
1277.92
1291.99
1283.17
1277.92
25309.09
1326.80
1286.98
1297.00
1297.95
1289.13
1286.03
25400.16
1301.05
1282.93
1302.00
1298.90
1298.90
25417.09
1309.16
1307.01
1313.21
1322.98
1321.08
25434.02
1336.10
1327.99
1333.00
1326.08
1322.03
25434.97
1337.05
1328.95
1335.14
1320.12
1322.03
25415.18
1332.04
1332.04
1320.12
1321.08
25349.14
1341.10
1257.90
1258.85
1273.87
1263.86
1250.03
25353.91
1277.92
1259.80
1291.99
1286.03
1277.21
25366.07
1281.98
1273.87
1276.02
1277.92
1281.02
25335.07
1292.94
1286.03
1281.98
1288.18
1277.92
25338.89
1302.96
1285.08
1298.19
1292.94
1294.14
25341.03
1303.91
1263.14
1250.03
1348.02
1361.85
25382.04
1296.04
1259.09
1255.99
1265.05
1252.89
1270.06
25352.95
1268.86
1262.90
1272.20
1266.00
1258.13
25323.87
1289.13
1267.91
1275.06
1266.00
1272.92
25326.01
1303.91
1282.93
1283.17
1278.88
1281.98
25334.12
1319.17
1286.03
1294.14
1276.97
1287.94
1281.98
25393.01
1302.00
1293.90
1302.00
1291.04
1285.08
25399.92
1301.05
1286.98
1306.06
1286.98
1288.89
25388.00
1245.98
1232.15
1255.04
1270.06
1268.15
25354.15
1309.16
1305.10
1306.06
1292.94
1300.81
25358.92
1339.91
1314.88
1330.14
1322.03
1319.89
25386.10
1355.17
1325.13
1333.00
1322.98
1324.89
25388.00
1349.93
1323.22
1333.00
1322.03
1321.08
25408.98
1343.97
1325.13
1330.14
1326.08
1321.08
25434.97
1335.86
1326.08
1335.14
1326.08
1322.98
25438.07
1338.96
1325.13
1333.95
1325.85
1325.13
25439.98
1337.05
1322.03
1333.95
1321.08
1319.17
25437.12
1333.00
1324.18
1333.95
1326.08
1322.03
25441.88
1335.86
1323.94
1333.95
1323.94
1322.03
25430.92
1337.05
1331.81
1328.95
1320.12
1323.94
25415.90
1332.04
1333.00
1326.08
1325.85
25348.90
1384.02
1328.95
1331.81
1329.90
1323.94
25372.98
1369.95
1331.09
1333.95
1323.94
1322.98
25382.04
1363.99
1332.04
1328.95
1325.13
1326.08
25380.13
1361.13
1329.90
1334.91
1321.79
1323.94
25381.09
1359.22
1328.95
1333.00
1319.89
1323.94
25390.86
1363.99
1327.04
1333.00
1327.04
1322.03
25387.05
1358.99
1327.99
1333.00
1327.04
1322.98
25387.05
1353.03
1329.90
1330.85
1324.89
1322.98
21370.89
1245.02
1213.07
1199.01
1241.92
1235.01
25257.83
1299.86
1221.90
1221.90
1274.11
