1274.11
1237.15
1231.91
1228.81
1241.92
1241.92
1253.13
1236.92
1250.98
21353.01
1286.98
1271.01
1257.18
1214.98
1209.97
1223.09
1209.97
1204.97
29259.92
1306.06
1246.93
1240.02
1283.88
1269.82
1261.95
1284.12
1265.05
1281.02
25385.86
1299.86
1261.95
1264.10
1301.05
1281.98
1283.88
1263.86
1248.84
25329.83
1302.96
1276.02
1287.94
1258.13
1250.03
13329.03
1280.78
1246.93
1254.80
1229.05
1230.96
1224.04
1236.20
1224.04
1225.95
25297.88
1255.04
1220.94
1229.05
1224.99
1262.90
1260.04
1263.86
1261.95
1251.22
25376.08
1280.07
1278.16
1259.09
1252.89
1255.99
1225.95
1222.85
1229.05
25307.89
1808.88
1266.96
1293.18
1257.90
1307.96
25365.11
1259.09
1232.15
1225.95
1225.23
1206.87
17349.00
1346.11
1281.02
1268.15
1259.09
1274.11
13353.11
1221.18
1313.92
1306.06
1303.91
1307.96
25330.07
1321.79
1253.84
1262.90
1269.10
1265.05
1265.05
45392.99
1264.10
1250.03
1244.07
1264.81
1262.90
1272.92
1261.95
1261.95
25338.17
1291.04
1270.06
1270.06
1248.12
1266.96
1262.90
1237.87
1195.19
1263.86
25352.95
1240.97
1227.86
1260.04
1240.97
1245.02
1245.98
1250.03
1249.79
21255.02
1258.13
1228.09
1235.96
1267.19
1266.00
1267.91
1281.02
1269.10
1262.90
37339.93
1237.87
1230.00
1258.85
1269.82
1265.05
1268.86
1256.94
1252.17
25313.14
1302.96
1256.94
1265.05
1255.04
1263.86
1252.89
1219.99
1247.88
1238.82
25404.93
1284.12
1266.00
1279.83
1275.06
1276.97
13380.05
1255.04
1240.97
1250.03
1238.11
1232.15
1238.11
1241.92
1241.92
25292.87
1312.97
1278.16
1282.93
1279.83
1274.82
1282.93
1267.19
1260.04
1261.00
25334.12
1220.94
1209.02
1225.23
1211.88
1211.88
1216.17
1240.02
1226.19
25289.06
1255.99
1225.95
1215.22
1261.00
1259.09
1260.04
25372.03
1255.99
1240.02
1239.06
1272.92
1286.98
1356.12
1230.96
1250.98
25315.05
1289.13
1240.97
1263.86
1236.92
1227.14
1234.05
1265.05
1263.14
1283.88
25358.92
1235.96
1226.90
1250.98
1270.06
1283.17
1281.98
1278.16
1291.99
41371.82
1301.05
1254.08
1245.98
1251.94
1251.22
25306.94
1270.06
1235.96
1235.96
1230.96
1227.14
1221.90
17344.00
1235.01
1215.93
1229.05
1223.09
1214.03
25293.11
1249.07
1226.19
1224.99
1220.94
1219.99
1221.90
17359.97
1275.06
1257.18
1261.00
1249.79
1260.04
25372.03
1276.97
1257.90
1270.06
1221.18
1261.00
29320.00
1294.85
1275.06
1266.00
1212.12
1204.97
1211.88
1213.79
1209.97
1208.07
25338.17
1225.95
1211.88
1230.00
1218.80
1211.88
1207.83
1271.96
1250.98
29330.97
1271.01
1235.01
1228.09
1255.04
1246.93
1250.98
25357.01
1266.00
1251.94
1269.10
1317.98
1300.81
17398.83
1247.88
1231.19
1234.05
1302.00
1311.06
25356.77
1328.95
1301.77
1297.00
1287.94
1292.94
17365.93
1270.06
1242.88
1239.06
1263.14
1265.05
25286.20
1319.17
1237.87
1235.01
1250.98
1245.02
1229.05
33358.10
1222.85
1210.93
1222.13
1246.93
1309.87
1216.89
1236.20
1239.06
25300.98
1262.90
1237.87
1235.01
1247.88
1281.98
1276.02
1290.80
1271.96
1296.04
25391.10
1263.14
1249.07
1230.96
1226.90
1228.09
1234.05
1221.18
1237.87
25272.85
1281.02
1246.93
1240.02
1256.94
1235.96
1234.05
25343.89
1240.02
1225.95
1242.88
1225.23
1228.09
1216.89
1266.96
1271.96
25341.99
1290.08
1261.95
1259.80
1255.99
1266.96
1256.94
1256.94
1283.88
1263.86
25408.98
1286.98
1284.84
1227.86
1250.03
1252.89
1255.04
1255.04
1255.99
33316.85
1279.83
1312.97
1602.89
1266.00
1266.96
25336.98
1266.00
1238.11
1221.90
1266.96
1272.92
17292.02
1299.14
1251.94
1255.99
1223.09
1222.13
1216.89
13366.94
1290.80
1258.85
1271.96
1258.13
1255.99
25323.87
1286.03
1270.06
1275.06
1274.11
1274.11
25321.01
1301.05
1751.90
1236.92
1221.18
1215.93
25281.91
1272.20
1236.92
5301.00
1238.11
1225.95
1217.84
1223.80
1214.98
1219.03
25348.19
1262.90
1261.00
1265.05
1253.13
1266.00
25331.97
1313.92
1286.03
1276.02
1295.80
1276.97
1284.12
1271.96
1279.83
25326.97
1352.79
1309.87
1297.00
1286.98
1293.18
1278.88
1209.02
1209.02
1219.99
53354.02
1270.06
1262.90
1277.92
1262.19
1255.04
33334.02
1330.85
1311.78
1299.86
1304.86
1297.00
1292.94
1245.02
1235.96
25304.08
1322.98
1304.86
1284.84
1209.97
1218.08
1219.99
1223.80
1220.94
1218.08
17371.18
1289.13
1270.06
1276.97
1276.02
1274.11
1257.90
1240.02
1255.04
25336.03
1278.16
1254.08
1250.98
1243.83
1245.02
1245.02
1209.02
1214.98
1219.99
21335.12
1234.05
1229.05
1233.82
1230.00
1236.92
17327.07
1306.06
1297.00
9367.94
1418.11
1311.06
1293.18
1224.04
1224.04
21281.00
1297.00
1265.05
1255.04
1260.04
1259.80
1248.84
1266.96
1249.07
1243.83
25355.82
1265.05
1250.03
1266.96
1253.13
1250.03
1265.05
1250.03
1246.93
25292.16
1296.04
1256.94
1255.99
1251.22
1246.93
1245.02
1255.04
1255.99
1255.04
25367.98
1266.96
1251.94
1255.99
1251.94
1254.08
1226.19
1236.92
1238.82
25295.02
1286.98
1261.95
1255.99
1253.84
1239.06
1239.06
1269.10
1295.09
1300.10
33399.11
1290.08
1268.15
1288.89
1275.06
1267.91
25359.87
1245.98
1225.95
1219.03
1266.00
1281.98
12646.20
1323.94
1262.90
1262.90
1265.05
1261.00
1260.04
33353.09
1236.20
1213.07
1203.06
1232.15
1232.86
25291.92
1262.90
1230.00
1216.89
1229.05
1266.00
1264.10
17390.01
1262.90
1259.80
1245.02
1240.02
1237.15
33308.03
1262.19
1225.95
1223.09
1217.13
1219.03
1222.13
1229.05
1228.09
1224.99
25343.89
1240.02
1230.00
1243.83
1227.86
1217.84
1214.03
1252.89
1268.86
21321.06
1339.91
1294.85
1292.94
1224.99
1235.96
1230.96
25404.93
1297.00
1280.07
1287.94
1261.00
1261.00
17407.18
1297.95
1309.87
1237.15
1230.00
1230.96
33349.04
1329.18
1308.92
1307.96
1312.02
1302.00
17370.94
1245.02
1226.90
1229.05
1216.89
1224.99
25269.03
1263.14
1230.96
1224.99
1234.05
1224.99
1221.90
29342.17
1235.01
1224.04
1225.95
1213.07
1217.13
1221.90
1325.85
1302.00
21368.98
1310.83
1298.90
1279.83
1274.82
1268.86
1269.82
33383.85
1274.82
1273.87
1251.94
1256.23
1258.85
1278.88
1263.14
1263.14
9392.98
1281.02
1266.00
1280.07
1265.05
1266.96
31938.08
1282.93
1268.15
1261.95
1271.96
1264.10
1258.13
25318.15
1291.99
1245.98
1240.02
1250.98
1270.06
1263.86
21377.80
1254.08
1239.06
1250.98
1237.15
1239.06
1230.00
1206.16
1223.09
21288.16
1281.98
1232.86
1227.86
1236.92
1244.07
1253.13
21378.04
1255.99
1248.84
1236.92
1241.92
1250.03
1210.93
1270.06
1255.99
25318.86
1280.07
1261.00
1260.04
1267.91
1261.00
1261.95
1255.99
1250.03
1252.89
25430.92
1294.85
1268.86
1271.01
1266.00
1254.08
1243.11
1239.06
1234.05
25297.88
1296.04
1266.96
1271.96
1274.82
1276.02
1262.90
1240.02
1243.11
25264.02
1352.07
1279.12
1286.98
1272.92
1286.03
1279.12
1297.00
1284.84
1281.98
25401.12
1294.14
1281.98
1291.04
1274.11
1274.11
1275.06
1260.04
1261.95
25338.17
1319.89
1297.00
1282.93
1270.06
1275.06
1290.08
1317.02
1280.07
25342.94
1293.18
1261.00
1245.02
1233.82
1242.16
1235.96
1249.79
1242.88
1233.82
25063.04
1296.04
1284.12
1271.96
1271.96
1267.91
25332.93
1283.17
1251.94
1255.99
1251.94
1244.07
1249.07
1248.84
1245.98
1228.09
25396.11
1280.07
1264.10
1238.11
1251.94
1243.11
1253.13
1245.02
1243.11
25323.15
1301.05
1263.14
1266.96
1271.96
1281.02
1281.02
1279.83
1274.82
1271.96
25383.00
1286.03
1281.02
1291.04
1276.97
1275.06
1286.98
1271.01
1261.00
25392.06
1247.17
1239.06
1251.94
1234.05
1247.88
1236.92
1277.21
1267.91
25349.86
1290.08
1260.04
1270.06
1271.01
1281.98
21322.97
1351.83
1281.98
1277.92
1293.90
1271.01
1267.91
17394.07
1269.10
1253.13
1257.90
1258.85
1242.88
21373.99
1324.18
1310.11
1311.06
1302.00
1298.90
1283.17
1244.07
1240.02
29323.10
1316.07
1286.98
1286.98
1276.97
1271.96
21329.16
1311.06
1281.98
1276.02
1271.01
1270.06
1277.92
1233.10
1251.94
1256.94
29369.12
1214.98
1237.87
1241.92
1235.01
1230.96
25305.99
1271.01
1235.01
1237.15
1230.00
1226.90
17263.17
1343.01
1281.02
1274.11
1324.89
1324.89
1327.99
21380.90
1295.09
1300.10
1294.85
1302.96
1291.04
1255.99
1240.97
1240.02
16839.98
1240.97
1231.91
1228.09
1261.00
1268.86
1267.91
25332.93
1234.05
1224.99
1252.89
1243.83
1243.83
1211.88
1264.10
1282.22
1277.92
1271.01
1269.10
25338.89
1354.93
1273.87
1276.02
1263.86
1263.86
1268.86
1267.91
1271.01
1265.05
25352.00
1255.99
1245.98
1282.22
1298.90
1304.86
1307.01
1309.87
1307.01
25403.98
1254.80
1245.98
1223.80
1271.96
1271.01
1277.21
1270.06
1269.10
25331.97
1316.79
1281.02
1269.10
1233.10
1239.06
1256.94
1251.94
1228.09
1222.13
25387.05
1300.10
1275.06
1284.12
1271.01
1267.19
1255.99
1273.16
1275.06
25332.93
1270.06
1246.93
1270.06
1252.89
1246.21
1234.05
1228.09
1234.05
1230.96
25357.01
1244.07
1296.04
1234.05
1236.92
1234.05
1249.07
1242.16
1237.87
25297.88
1315.83
1285.08
1276.97
1282.22
1276.97
1278.16
1241.92
1238.82
25272.85
1387.12
1317.98
1311.06
1266.96
1272.92
1272.92
1285.79
1276.97
1274.11
25377.04
1271.96
1250.03
1259.80
1232.86
1230.96
1240.02
1233.10
1235.01
25313.85
1296.04
1270.06
1260.04
1231.19
1224.99
1208.07
1233.10
1223.09
1219.99
25350.09
1274.82
1271.01
1285.08
1261.95
1268.86
13098.96
1290.08
1252.89
1246.21
1236.92
1235.96
1235.96
21369.93
1285.08
1284.12
1297.00
1275.78
1288.89
25383.95
1277.92
1276.02
1238.11
1235.96
1238.11
29340.98
1364.95
1338.01
1353.98
1338.01
1277.92
21377.09
1289.84
1266.00
1261.00
1248.12
1249.07
1254.08
1247.17
1235.96
33293.01
1286.03
1254.08
1244.07
1253.13
1252.17
1247.88
25334.84
1252.89
1240.97
1256.94
1229.05
1227.86
1240.02
1235.96
1248.84
1256.94
1250.03
1246.93
29273.03
1372.81
1333.00
1323.94
1315.83
1318.93
25352.00
1302.96
1250.98
1235.96
1312.97
1336.10
1331.09
25394.92
1295.09
1269.10
1282.93
1291.99
1298.90
1318.93
1305.82
1304.86
25415.18
1310.11
1307.96
1322.03
1305.82
1307.96
1299.14
1305.10
1302.00
25397.06
1297.00
1293.90
1289.84
1252.89
1264.81
1282.93
1266.00
1264.10
25336.03
1302.00
1268.86
1278.88
1263.86
1268.86
1267.91
1265.05
1258.13
1259.09
25331.02
1245.98
1230.96
1245.02
1249.07
1238.11
25358.92
1257.90
1242.88
1255.04
1252.89
1254.80
21320.82
1261.95
1237.15
1246.93
1232.86
1232.86
1231.19
1273.87
1277.92
1288.89
25364.16
1250.98
1240.97
1244.07
1281.98
1301.77
1291.04
1281.02
1286.03
25336.98
1317.98
1285.79
1290.08
1277.92
1278.16
1279.12
1260.04
1261.00
25317.91
1335.14
1297.95
1312.02
1266.00
1274.11
25285.96
1370.91
1327.99
1329.90
1258.85
1278.88
1266.96
25335.07
1231.19
1218.08
1286.98
1333.00
1327.04
25389.91
1244.07
1235.01
1252.17
1297.95
1292.94
1301.05
1293.18
1293.90
25365.83
1337.05
1302.96
1302.96
1302.96
1294.14
1307.01
1299.86
1297.00
25356.05
1286.03
1254.80
1267.91
1274.82
1274.82
1281.02
1265.05
1266.00
1261.95
25372.98
1283.88
1286.98
1291.04
1289.13
1275.06
1287.94
1276.02
1281.02
25374.17
1276.02
1271.96
1269.10
1293.90
1288.89
1296.04
1283.88
1283.17
25360.11
1290.08
1269.10
1264.10
1286.98
1287.94
1301.05
1291.04
1289.84
25338.89
1264.10
1219.99
1224.99
1284.12
1291.04
1289.13
1291.04
1278.16
1281.98
25379.18
1255.04
1256.94
1261.95
1276.97
1281.98
1288.89
1269.82
1271.01
25349.14
1307.01
1271.96
1280.07
1290.08
1298.90
13341.90
1319.17
1286.98
1292.23
1282.93
1281.98
1283.88
1211.88
1217.13
1220.94
25370.84
1311.06
1307.96
1283.17
1255.99
1249.79
1269.82
1250.98
1248.12
25295.97
1276.97
1261.00
1249.79
1249.07
1246.93
1248.84
1254.08
1267.91
1257.18
25326.01
1245.02
1235.96
1266.96
1250.03
1244.07
25346.99
1240.02
1212.84
1211.88
1220.94
1222.13
1238.11
1230.96
1237.87
1234.05
25340.80
1250.98
1247.17
1252.89
1251.94
1255.04
1248.84
1214.98
1220.94
25281.91
1333.00
1291.99
1281.02
1224.99
1226.90
17303.94
1255.04
1234.05
1230.96
1281.98
1260.04
1252.17
25392.06
1307.96
1295.80
1268.86
1219.99
1224.04
1234.05
1229.05
1229.05
17300.13
1270.06
1239.06
1240.02
1231.91
1229.05
1235.96
9308.10
1230.96
1217.84
1232.86
1219.99
1218.08
17288.92
1317.98
1304.15
1291.04
1284.12
1284.12
17345.91
1333.95
1309.16
1312.97
1292.94
1299.14
17339.94
1297.95
1261.00
1262.90
1258.13
1265.05
1261.00
1364.95
1283.88
1285.79
1293.90
1281.02
1284.84
17380.95
1289.13
1271.96
1286.98
1266.00
1263.14
17369.99
1241.92
1241.21
1244.07
1240.97
1250.98
25310.99
1273.87
1248.84
1255.99
1253.13
1241.92
1267.91
1232.15
1232.15
1230.96
13351.20
1271.01
1260.04
1272.20
1258.85
1257.90
1257.90
1265.05
1261.95
25332.93
1277.92
1265.05
1251.94
1297.95
1289.13
1295.09
1284.12
1282.93
37326.81
1318.93
1269.10
1269.10
1235.01
1235.01
1240.97
1247.17
1238.82
1235.01
21355.15
1321.08
1305.10
1308.92
1264.81
1258.85
1261.95
1266.00
1254.80
25327.92
1302.96
1271.01
1267.91
1255.99
1262.90
1255.04
1235.01
1249.07
1250.03
21339.89
1224.99
1216.89
1223.80
1254.08
1255.99
25329.11
1250.98
1220.94
1225.95
1217.84
1219.03
1214.03
33385.04
1306.77
1322.03
1315.83
1316.07
1332.04
1270.06
1274.11
1269.10
21420.96
1317.02
1298.90
1327.04
1294.14
1302.96
1266.00
1261.00
1276.02
33380.99
1250.03
1240.02
1255.04
1298.90
1299.14
1301.05
1291.99
1297.00
25371.07
1332.04
1300.10
1304.15
1302.00
1302.00
1312.02
1229.05
1253.13
25311.95
1302.00
1283.88
1281.98
1223.09
1230.00
1227.86
1237.87
1231.91
1235.01
21339.89
1265.05
1261.95
1248.12
1256.94
1255.99
1254.08
1247.88
1247.88
25306.94
1291.99
1271.01
1259.09
1259.09
1263.14
1261.00
1275.06
1265.05
1226.90
21351.10
1254.08
1257.18
1244.07
1207.11
1211.88
25280.00
1276.02
1257.90
1275.06
1261.00
1251.94
33282.04
1313.92
1267.91
1273.16
1257.90
1282.93
1301.05
1293.90
1275.06
1268.15
25385.14
1286.03
1263.14
1280.07
1265.05
1266.00
1255.99
1230.96
1232.15
25267.12
1300.10
1266.96
1281.02
1264.10
1266.96
1276.02
1255.04
1266.96
1267.91
25373.94
1271.01
1264.10
1285.08
1276.02
1275.06
25368.21
1281.02
1245.02
1240.97
1276.97
1254.80
1273.87
1259.80
1256.94
25323.15
1296.04
1266.00
1267.19
1272.92
1258.85
1257.18
1254.08
1258.13
1265.05
25366.07
1264.10
1256.94
1291.04
1275.06
1276.02
1288.18
1276.97
1275.06
33349.99
1323.94
1293.90
1310.83
1297.00
1292.94
25356.05
1287.94
1257.90
1256.94
1297.00
1288.18
17377.14
1306.06
1290.08
1267.91
1238.11
1235.01
1231.91
25371.07
1276.02
1297.95
1280.07
1269.10
1270.06
33380.99
1248.84
1246.93
1249.07
1246.21
1244.07
1236.92
1209.02
1225.95
25287.87
1275.06
1244.07
1245.98
1210.93
1222.13
1224.99
1228.09
1219.03
1223.80
25371.79
1250.98
1239.06
1243.11
1250.98
1242.88
1242.16
1230.96
1238.11
25293.11
1324.18
1264.10
1269.10
1256.94
1253.84
1257.90
25413.04
1292.94
1289.13
1271.01
1249.07
1245.98
1253.84
1260.04
1253.84
25317.91
1294.14
1271.96
1263.86
1256.94
1262.19
1261.95
1248.84
1256.94
1255.04
17402.17
1315.12
1292.94
1230.96
1228.09
1224.04
13345.00
1289.13
1276.02
1284.84
1272.92
1276.97
33358.81
1238.11
1233.10
1231.91
1227.14
1232.15
25285.01
1268.15
1241.92
1248.84
1241.92
1235.96
1241.92
25377.99
1290.08
1279.12
1273.87
1224.99
1229.05
25292.16
1249.07
1239.06
1244.07
1238.82
1245.98
17306.09
1246.93
1222.85
1219.99
1223.09
1219.99
1214.03
25356.05
1261.95
1252.89
1252.17
1218.08
1224.04
17286.06
1291.99
1271.96
1264.10
1241.92
1257.90
25305.99
1314.88
1268.86
1258.85
1266.00
1259.09
1259.09
33385.99
1284.84
1271.96
1275.06
1264.10
1274.11
13360.02
1255.99
1240.97
1240.97
1235.96
1233.10
1235.01
1246.21
1256.94
21308.18
1281.02
1239.06
1231.19
1245.98
1238.82
1243.83
1247.88
1240.02
1241.92
37313.94
1309.87
1276.02
1245.98
1256.94
1272.92
1267.91
1263.14
1264.10
25307.89
1274.11
1246.93
1233.10
1241.21
1235.01
1235.01
1255.99
1272.92
1277.92
25382.04
1262.90
1243.11
1253.13
1287.94
1280.78
25346.04
1287.94
1250.03
1246.93
1273.87
1278.88
1279.83
1271.01
1276.02
25301.22
1348.97
1291.99
1296.04
1301.05
1282.93
1282.93
1273.16
1254.08
1266.00
25358.92
1240.02
1230.00
1230.96
1276.02
1261.00
1265.05
1261.95
1255.99
21318.91
1284.12
1242.88
1242.88
1224.99
1246.93
1245.98
1251.94
1247.88
1230.96
25352.00
1255.99
1240.02
1240.97
1244.07
1237.15
1242.88
1257.90
1263.86
29324.05
1271.96
1259.80
1253.84
1247.88
1233.82
1237.87
25344.85
1266.00
1238.11
1245.98
1236.92
1232.15
17305.14
1298.90
1262.90
1266.00
1259.09
1254.08
25326.01
1279.83
1265.05
1278.88
1275.78
1257.90
1269.82
25321.96
1238.82
1231.91
1240.02
1233.82
1230.00
17338.04
1260.04
1235.01
1227.86
1224.04
1224.04
25297.88
1262.90
1241.92
1233.82
1238.82
1235.01
1220.94
1240.02
1208.07
1211.17
25307.89
1257.90
1240.97
1219.03
1206.87
1210.93
1213.07
1207.11
1208.07
1209.02
21349.91
1281.98
1285.08
1292.94
1304.86
1297.00
1307.01
1297.00
1293.18
25398.97
1312.02
1297.95
1306.77
1292.94
1301.05
1302.00
1235.01
1237.15
45299.05
1269.10
1247.17
1249.07
1284.12
1282.93
25322.91
1296.04
1279.83
1274.82
1307.96
1275.06
1271.96
17354.97
1252.17
1240.97
1252.17
1249.07
1252.89
25357.01
1245.98
1237.15
1224.04
1255.99
1258.85
17310.86
1255.04
1247.88
1237.87
1227.86
1224.04
1220.94
25376.80
1276.02
1265.05
1249.07
1223.09
1219.03
17293.93
1307.01
1273.87
1272.92
1259.09
1250.03
25329.11
1313.21
1273.87
1278.88
1292.94
1272.20
33319.95
1317.98
1297.95
1291.04
1276.02
1276.97
1276.02
9335.99
1250.03
1238.82
1245.98
1238.11
1235.96
17327.07
1265.05
1250.03
1247.88
1255.04
1240.02
17308.95
1307.01
1290.08
1272.92
1268.86
1276.02
21313.91
1313.92
1282.22
1291.04
1243.11
1250.03
1255.99
1256.94
1255.99
1266.00
25347.95
1232.86
1214.98
1226.19
1216.89
1217.84
25269.99
1295.09
1273.16
1266.00
1214.98
1214.98
1212.12
17337.08
1237.15
1230.00
1250.03
1313.92
1335.14
25411.13
1285.08
1278.16
1291.04
1261.95
1262.90
33325.20
1286.98
1258.85
1261.00
1250.98
1248.12
1253.13
1276.97
1276.97
25323.87
1324.89
1273.87
1266.00
1284.84
1279.83
1277.92
1295.09
1276.97
1279.83
25349.86
1250.98
1235.01
1250.98
1243.11
1233.10
17298.94
1303.20
1281.98
1277.21
1278.88
1275.78
33339.02
1298.19
1264.10
1266.96
1262.19
1261.95
1261.00
25356.05
1280.07
1263.14
1272.92
1255.99
1261.00
25372.98
1276.02
1258.13
1267.91
1260.04
1261.95
25330.07
1255.04
1233.82
1224.99
1264.10
1276.97
17332.79
1313.92
1276.02
1272.92
1263.86
1266.96
1255.04
25381.09
1290.08
1276.97
1262.90
1278.88
1272.20
17404.08
1305.10
1312.97
1266.00
1240.97
1245.02
25357.96
1240.02
1226.90
1235.01
1224.99
1224.04
33281.09
1297.00
1271.96
1282.93
1271.01
1267.91
1272.20
1276.97
1276.97
1271.96
25425.20
1310.11
1310.11
1302.00
1294.14
1297.95
1235.01
1257.90
1250.98
25367.02
1341.10
1335.14
1338.96
1327.04
1328.95
1285.08
1214.03
1217.13
25278.09
1337.05
1337.77
1336.81
1324.89
1329.18
1297.95
1235.01
1234.05
25300.98
1339.91
1343.01
1329.90
1326.80
1323.94
1312.02
1270.06
1265.05
25317.91
1277.92
1240.97
1240.97
1245.02
1250.98
1253.13
1264.10
1260.04
1264.81
25364.88
1268.86
1272.92
1245.98
1245.02
1256.94
1258.85
1255.99
1255.99
29310.94
1239.06
1221.18
1218.08
1230.96
1211.88
1214.03
25326.97
1286.98
1266.00
1271.96
1268.15
1264.10
21337.99
1254.80
1224.99
1212.12
1274.11
1275.06
1291.04
1285.08
1278.16
25300.98
1348.97
1296.04
1298.90
1309.16
1297.95
1302.00
1286.03
1272.20
1271.01
25377.99
1307.96
1302.96
1295.80
1276.97
1274.11
1291.99
1281.98
1271.96
25366.07
1304.15
1297.00
1289.13
1279.12
1281.98
1289.13
1209.97
1214.98
25279.05
1314.88
1284.12
1293.18
1276.02
1276.97
1273.87
25379.90
1289.84
1285.79
1317.02
1308.92
1288.89
25405.17
1292.94
1282.93
1310.11
1333.00
1327.99
1334.91
1324.89
1322.03
25439.98
1338.01
1330.85
1339.20
1327.99
1325.13
1261.95
1266.00
1275.06
25422.10
1332.04
1328.23
1255.99
1266.96
1269.82
1261.95
1250.03
1255.99
21317.01
1302.96
1272.92
1283.17
1274.11
1282.93
25351.05
1313.92
1294.85
1297.00
1284.12
1286.98
25350.09
1265.05
1237.87
1235.96
1287.94
1289.84
1270.06
1284.84
1280.07
1275.06
25404.93
1307.96
1299.14
1317.98
1297.95
1297.00
1258.13
1266.00
1280.07
25359.15
1229.05
1212.12
1219.03
1216.17
1211.88
1220.94
1214.98
1214.98
1213.79
25319.81
1228.09
1220.94
1219.99
1213.07
1222.13
1202.11
1270.06
1271.01
25350.09
1261.00
1228.09
1225.95
1199.01
1221.90
1220.94
1224.99
1216.89
1212.84
25295.02
1291.99
1258.13
1245.02
1211.17
1225.95
1227.86
1227.86
1227.86
1225.95
21394.01
1300.81
1291.99
1296.04
1283.17
1282.93
1235.01
1229.05
1224.04
25306.94
1300.10
1301.05
1299.86
1303.91
1281.98
1266.96
1217.13
1219.03
25280.00
1339.91
1312.97
1302.96
