17495.87
1473.19
1416.92
17606.97
1430.99
1393.08
17603.16
1438.14
17516.14
1489.16
1415.01
17572.88
1434.09
1406.91
17642.97
1421.93
17523.05
1491.07
1417.16
17504.93
1466.99
1412.87
17647.98
1434.09
17535.21
1495.12
1412.15
17504.93
1531.12
1462.94
17602.92
1442.91
17491.10
1479.86
1399.04
17503.98
1471.04
1384.02
17585.99
1424.79
17421.96
1549.01
1418.83
17504.93
1466.99
1397.85
17542.84
1444.10
1389.98
17601.97
1427.89
17498.02
1482.01
1400.95
17527.82
1482.96
1396.89
17601.97
1439.81
17447.95
1538.99
1432.90
17544.03
1484.16
1419.07
17595.05
1441.00
1394.99
17567.87
1405.00
17522.10
1472.95
1410.96
17534.02
1461.03
1424.07
17619.13
1429.80
17529.01
1482.01
1402.14
17516.14
1478.20
1399.99
17599.82
1414.06
17480.13
1502.99
1400.95
17564.06
1567.13
1402.14
17609.12
1438.14
17508.03
1497.03
1412.15
17531.16
1499.18
1415.01
17607.93
1414.78
1374.96
21574.97
1427.17
17523.05
1474.86
1412.15
17600.06
1447.92
1394.03
17598.87
1430.03
17517.09
1473.90
1405.95
17522.10
1469.85
1399.99
17635.11
1424.79
17518.04
1511.10
1436.95
17531.16
1484.16
1403.09
17632.01
1461.98
17669.92
1481.06
1419.07
17544.98
1483.20
1390.93
17605.07
1423.12
17565.01
1495.12
1404.05
17519.00
1472.95
1401.90
17632.01
1435.04
17500.16
1497.03
1414.06
17521.14
1478.91
1483.92
17705.92
1436.23
17522.10
1486.06
1410.01
17529.96
1475.10
1412.15
17634.15
1436.00
17524.96
1507.04
1405.00
17540.93
1467.94
1383.07
17615.08
1413.11
17476.08
1526.12
1416.92
21558.05
1487.02
1403.09
13600.11
1434.09
1399.99
17618.18
1428.13
17526.15
1494.17
1424.07
17600.06
1458.88
1404.05
17615.08
1426.94
17538.07
1493.22
1410.01
17596.96
1476.05
1392.13
17599.11
1415.01
17509.94
1487.02
1396.18
17506.12
1505.14
1513.96
17608.88
1427.17
17518.04
1473.90
1408.82
17501.12
1459.12
1389.03
17655.13
1444.82
17489.91
1483.92
1395.94
17509.94
1469.85
1394.03
17636.06
1435.04
17468.93
1537.08
1412.87
17525.91
1477.96
1406.19
17631.05
1446.01
17451.05
1563.07
1415.97
17519.00
1485.82
1412.87
17608.17
1434.09
1392.13
17616.99
1423.84
17514.94
1482.96
1404.05
17530.92
1467.94
1407.86
17606.02
1428.13
17505.88
1483.92
1413.82
17530.92
1474.14
1384.02
17602.92
1441.00
17485.14
1512.77
1409.05
17539.02
1466.04
1405.95
17606.02
1448.87
1400.95
17592.19
1434.09
17548.80
1502.99
1415.01
17598.15
1452.21
1434.09
17578.12
1420.02
17519.95
1492.98
1405.00
17553.09
1461.03
1394.03
17608.88
1425.98
17510.18
1488.21
1392.13
17523.05
1468.90
1399.04
17605.07
1434.09
17485.86
1491.07
1399.04
17520.19
1471.04
1416.92
17604.83
1441.00
1396.18
17610.07
1441.96
17538.07
1493.93
1401.90
17621.99
1458.17
1397.13
21619.08
1424.07
17554.04
1504.18
1400.95
17601.01
1429.80
1390.93
17586.95
1420.97
17517.09
1487.02
1405.95
17514.94
1472.00
18327.00
1472.95
1391.89
17605.07
1425.03
1400.95
17577.89
1431.94
17519.00
1486.06
1440.76
17715.93
1453.88
17454.86
1539.95
1412.87
17523.05
1482.96
1405.95
17593.86
1425.98
1415.01
17596.01
1416.92
17522.10
1484.87
1399.99
17521.14
1470.80
1405.95
17608.88
1426.94
17493.01
1500.13
1410.01
17529.01
1482.96
1406.91
17607.93
1412.87
17431.97
1537.08
1412.15
17688.04
1469.85
1415.01
9598.02
1422.17
17447.95
1533.03
1422.88
17511.13
1475.10
1404.05
17599.82
1444.10
1397.13
17601.01
1429.08
17513.99
1503.94
1415.97
17536.16
1451.97
1393.08
17632.01
1422.88
17493.96
1469.85
1390.93
17530.20
1511.81
1441.96
17599.82
1415.97
17483.95
1506.09
1394.99
17519.00
1469.14
1400.95
17596.96
1439.81
1389.03
17587.90
1406.91
17524.96
1469.85
1400.95
17522.81
1476.05
1420.02
17613.89
1430.99
17506.12
1487.02
1415.97
17529.01
1485.11
1417.88
17621.99
1426.22
17493.96
1492.98
1422.88
17518.04
1485.11
1400.95
17612.93
1434.09
17456.05
1548.05
1404.05
17524.00
1482.01
1411.20
17606.97
1452.92
1398.09
17612.93
1431.94
17519.00
1485.82
1399.04
17575.03
1443.86
1394.99
17606.97
1413.11
17495.87
1487.02
1403.09
17565.97
1538.04
1421.93
17617.94
1420.97
17508.98
1482.96
1405.00
17508.03
1482.96
1406.91
17611.98
1440.05
17497.06
1514.91
1420.97
17529.01
1490.12
1408.10
17603.87
1430.99
17441.99
1543.05
1412.87
17534.97
1472.00
1410.96
17611.98
1438.86
1382.11
17607.93
1422.88
17528.06
1473.90
1403.09
17518.04
1477.96
1398.80
17602.92
1425.03
17497.06
1487.97
1418.83
17519.95
1487.02
1399.04
17647.98
1429.08
17491.82
1506.09
1420.02
17518.04
1480.10
1417.16
17604.11
1446.96
17462.02
1544.95
1415.01
17523.05
1484.16
1439.09
17609.12
1430.99
1388.07
17585.99
1416.92
17514.94
1483.92
1411.91
17506.84
1466.99
1391.89
17602.21
1436.00
17510.89
1492.98
1401.90
17506.84
1478.91
1400.95
17582.89
1430.03
17446.04
1520.87
1398.09
17493.96
1486.06
1407.15
17551.90
1454.11
1393.08
17624.14
1437.19
17506.12
1486.06
1437.90
17524.96
1470.09
1395.94
17611.98
1434.09
17508.03
1499.89
1417.88
17520.90
1467.94
1400.95
17606.02
1435.04
17442.94
1535.18
1419.07
17513.04
1475.81
1392.13
17585.04
1425.98
1388.07
17601.97
1431.94
21515.85
1533.99
1426.94
21548.03
1477.00
1397.85
17612.93
1464.13
17535.92
1490.83
1406.91
17545.94
1463.89
1405.95
17614.13
1438.14
17531.16
1484.87
1406.91
17519.00
1465.08
1397.13
17600.06
1436.95
17472.03
1519.20
1414.06
17527.10
1492.02
1401.19
17591.95
1446.01
1407.15
17595.05
1415.01
17501.12
1485.11
1394.99
17524.00
1456.02
1403.09
17610.07
1426.22
17498.02
1502.04
1415.97
17511.84
1470.09
1419.07
17601.01
1436.95
17492.06
1508.00
1410.01
17515.90
1476.05
1402.14
17621.99
1436.95
1391.89
17572.88
1417.88
17565.01
1484.87
1403.81
17591.00
1451.97
1390.93
17603.16
1420.02
17508.03
1473.90
1401.90
17542.12
1468.90
1397.85
17603.87
1415.01
17488.00
1488.92
1400.95
17525.20
1461.98
1395.94
17591.00
1430.99
1415.97
17575.03
1427.17
17530.92
1490.12
1398.09
17576.93
1456.02
18310.07
1482.96
1408.10
17604.11
1439.09
17504.22
1490.12
1415.97
17520.19
1482.01
1389.03
17611.03
1443.86
1401.90
17569.78
1420.97
17509.94
1477.00
1397.85
17543.79
1455.07
1390.22
17611.98
1417.88
17513.04
1496.08
1399.04
17535.92
1466.99
1433.13
17617.94
1429.08
17476.08
1502.99
1409.77
17524.00
1472.95
1402.85
17591.00
1446.01
1402.14
21600.96
1412.87
17517.81
1487.02
1407.86
17599.82
1444.10
1404.05
17613.17
1430.03
17517.81
1495.12
1415.01
17544.03
1462.94
1399.04
17622.95
1433.85
17514.94
1503.94
1405.95
17536.16
1465.80
1390.93
17562.87
1410.01
17430.07
1523.97
1394.99
17493.96
1465.08
1388.07
17519.95
1437.90
1378.77
17580.03
1414.78
17471.08
1498.94
1393.08
17499.21
1474.14
1381.16
17568.11
1415.97
1379.97
17599.11
1412.15
17496.11
1474.14
1391.17
17497.06
1462.94
1392.84
17602.92
1426.94
17427.92
1529.22
1394.03
17489.91
1477.00
1384.97
17516.14
1454.11
1393.08
17600.77
1419.07
17481.09
1481.06
1393.08
17517.09
1469.85
1396.89
17613.89
1428.84
1390.93
17589.09
1408.82
17510.89
1477.00
1396.18
17522.10
1462.94
1383.07
17596.96
1422.88
17483.95
1483.92
1396.89
17510.89
1472.00
1397.85
17583.85
1430.99
1384.02
17595.05
1420.97
17505.88
1486.06
1408.10
17514.94
1460.08
1389.98
17613.89
1427.89
17508.03
1487.02
1405.95
17499.92
1472.00
1397.13
17601.97
1440.05
1379.97
17575.98
1408.82
17500.88
1468.90
1396.89
17544.03
1457.93
1400.95
17605.07
1421.93
17505.88
1477.00
1394.99
17513.99
1466.99
1409.05
17601.01
1438.14
17446.04
1527.07
1404.05
21516.08
1476.05
1402.14
17595.05
1441.96
1399.04
17598.15
1415.97
17503.02
1483.92
1395.94
17515.18
1474.14
1399.04
17599.82
1425.98
17479.90
1482.96
1399.99
17519.00
1470.09
1389.98
17586.95
1429.80
1389.03
17598.15
1419.07
17514.23
1477.00
1399.04
17505.88
1473.90
1399.04
17603.16
1422.17
17477.04
1492.02
1399.04
17506.12
1474.86
1386.88
17590.05
1424.07
1399.04
17598.87
1410.01
17511.13
1475.81
1394.99
17508.98
1453.16
1397.13
17598.15
1428.13
17474.89
1492.02
1391.89
17512.80
1467.94
1395.94
17581.94
1426.94
1389.98
17577.17
1405.95
17488.96
1482.01
1386.17
17526.15
1460.08
1386.88
17596.01
1428.84
17424.82
1535.18
1413.11
17527.10
1470.80
1404.05
17585.04
1441.00
1395.94
17592.91
1414.06
17508.98
1477.00
1394.03
17508.98
1456.02
1394.99
17595.05
1420.02
17441.99
1527.07
1392.13
17507.08
1478.91
1396.18
17552.14
1435.04
1391.89
17601.01
1411.20
17509.94
1487.02
1400.95
17515.18
1472.00
1396.89
17601.01
1425.98
17435.07
1535.18
1405.95
17508.98
1471.04
1394.99
17578.84
1428.84
1392.13
17580.99
1420.97
17494.20
1477.00
1401.90
17519.00
1461.98
1394.03
17593.15
1427.17
17445.09
1538.99
1396.18
17513.04
1464.84
1851.08
1405.00
1379.97
25419.00
1545.19
1411.91
17503.98
1472.95
1401.90
17574.79
1437.90
1393.08
17605.78
1424.07
17506.12
1477.00
1403.09
17515.90
1465.80
1388.07
17594.10
1422.17
17485.14
1502.04
1408.82
17524.00
1482.01
1399.99
17602.21
1430.03
1389.03
17594.10
1408.82
17514.94
1482.96
1402.14
17529.01
1461.03
1439.09
17648.94
1439.09
17524.00
1477.96
1402.85
17516.14
1507.04
1508.00
17595.05
1420.97
17515.18
1487.97
1406.91
17528.06
1478.91
1400.95
17601.97
1428.13
17487.05
1491.07
1410.96
17513.99
1468.18
1387.12
17585.99
1426.94
1396.89
17591.00
1415.97
17515.18
1490.12
1414.06
17538.07
1446.96
1389.98
17609.83
1425.03
17505.17
1487.97
1400.95
17507.08
1470.80
1400.95
17597.20
1428.13
17423.15
1533.99
1409.05
17498.02
1471.04
1389.98
17515.90
1456.02
1392.84
17603.87
1416.92
17488.96
1480.82
1393.08
17519.95
1472.00
1396.89
17591.00
1428.13
1397.13
17570.02
1414.06
17518.04
1475.81
1400.95
17517.09
1461.03
1383.78
17602.92
1418.83
17482.04
1478.91
1402.85
17505.88
1479.86
1398.09
17585.99
1417.88
1379.97
17600.77
1418.11
17498.02
1482.96
1399.99
17508.98
1462.22
1410.01
17613.17
1427.17
17488.00
1480.10
1405.95
21530.87
1480.10
1392.13
17599.11
1420.02
1384.97
17580.99
1415.97
17505.88
1477.00
1401.19
17513.04
1449.11
1382.83
17608.88
1414.06
17506.12
1472.95
1389.98
17501.83
1470.09
1384.97
17607.93
1438.86
1389.03
17570.97
1418.11
17511.13
1485.11
1390.22
17526.15
1453.16
1394.99
17596.96
1414.06
17471.79
1530.89
1506.09
17523.05
1464.84
1394.03
17598.87
1420.02
17452.00
1518.96
1399.99
17512.08
1468.18
1391.17
17581.94
1425.03
1390.22
17596.01
1417.16
17510.18
1474.14
1404.05
17521.86
1456.98
1399.04
17604.83
1434.09
17456.05
1518.01
1399.99
17513.99
1477.00
1401.19
17583.13
1427.89
1394.03
17618.89
1422.88
17521.86
1475.10
1403.09
17508.98
1469.85
1399.04
17603.87
1434.09
17508.03
1482.01
1403.09
17512.08
1461.98
1397.85
17593.86
1430.03
1383.07
17581.94
1418.11
17500.16
1481.06
1399.04
17519.95
1454.83
1399.99
17606.02
1409.05
17488.96
1483.20
1381.87
17523.05
1461.98
1384.97
17591.00
1426.94
1388.07
17580.03
1413.11
17524.00
1482.96
1401.90
17505.88
1463.89
1390.93
17619.13
1414.06
17482.04
1487.97
1402.85
17518.04
1468.90
1394.03
17580.03
1422.17
1384.97
17580.03
1400.95
17504.93
1490.12
1405.00
17523.05
1466.04
1396.18
21595.00
1430.99
17508.98
1494.17
1404.05
17516.14
1480.10
1392.13
17594.10
1424.07
1384.97
17580.99
1415.01
17512.08
1482.96
1394.99
17544.98
1456.02
1402.85
17604.83
1420.02
17502.07
1481.06
1405.00
17509.94
1481.06
1399.99
17604.11
1432.90
17457.01
1533.03
1419.07
17518.04
1468.18
1399.04
17601.97
1433.13
1386.17
17588.14
1433.13
17513.04
1477.00
1403.09
17527.10
1472.95
1391.89
17604.83
1418.11
17502.07
1486.06
1405.95
17524.96
1481.06
1392.84
17612.93
1430.99
17446.99
1527.07
1411.91
17555.95
1478.91
1399.99
13563.16
1424.07
1386.88
17604.83
1415.97
17514.94
1483.92
1392.84
17503.98
1464.84
1395.94
17608.88
1416.92
17441.03
1521.11
1399.04
17501.12
1469.85
1404.05
17588.14
1435.04
1396.89
17618.18
1407.15
17503.98
1482.01
1405.95
17513.04
1461.98
1395.94
17596.01
1415.01
17453.91
