1382.11
17502.07
1470.09
1386.88
17589.81
1412.15
1359.94
17581.94
1414.06
17508.03
1483.92
1383.78
17503.02
1454.83
1374.01
17608.17
1438.14
17471.08
1479.86
1385.93
17521.86
1455.07
1398.09
17596.96
1454.11
1413.11
17591.00
1394.99
17477.99
1478.91
1367.09
17507.08
1472.95
1384.97
17599.11
1403.09
17421.01
1521.83
1375.91
17525.91
1458.88
1393.08
17513.99
1470.80
1385.93
17596.96
1415.97
17483.95
1477.96
1402.85
17493.01
1462.94
1368.05
17583.13
1410.01
1373.05
17620.09
1416.92
17496.11
1492.02
1389.98
17508.03
1477.00
1383.07
17588.14
1403.09
1354.93
1564.03
1389.03
17506.84
1470.09
1379.97
17536.88
1460.08
1380.92
17627.95
1422.17
17486.10
1490.12
1396.18
17519.00
1466.04
1389.03
17638.92
1405.95
17449.14
1535.89
1396.89
17494.92
1477.96
1374.96
17504.93
1454.11
1366.14
17591.95
1413.11
17425.06
1555.92
1413.82
17493.01
1484.87
1404.05
17579.08
1429.08
1395.94
17594.10
1399.99
17517.09
1482.96
1394.03
17523.77
1446.01
1389.03
17596.01
1400.95
17418.86
1523.97
1385.93
17490.86
1462.94
1387.83
17491.82
1459.12
1373.05
17594.10
1399.99
17446.04
1506.09
1373.05
17494.92
1464.84
1376.87
17526.87
1447.92
1373.05
17601.01
1424.07
17503.02
1476.05
1383.07
17523.05
1461.03
1384.02
17591.00
1403.09
1367.09
17902.85
1413.11
17506.12
1466.04
1379.97
17613.89
1404.05
1358.03
17555.00
1394.99
17519.95
1461.03
1379.97
17489.91
1459.12
1369.00
17612.93
1425.98
17433.17
1517.06
1385.93
17493.96
1463.17
1373.05
17499.21
1448.15
1362.09
17583.85
1415.97
17405.99
1532.08
1385.93
17499.92
1448.87
1370.91
17529.01
1442.91
1369.95
17593.15
1410.01
17431.02
1513.00
1384.97
17502.07
1453.88
1358.03
17486.10
1446.01
1359.94
17594.10
1394.99
17421.01
1519.92
1423.12
17502.07
1466.99
1385.93
17565.97
1444.10
1359.94
17621.99
1415.97
17488.96
1461.98
1389.98
17493.01
1465.08
1380.92
17583.85
1415.97
1355.89
17603.87
1381.87
17501.12
1468.18
1382.11
17498.02
1460.08
1384.97
17607.93
1411.91
1369.00
17606.02
1398.80
17541.89
1475.10
1388.07
17542.12
1442.91
1383.78
17630.10
1411.20
17516.14
1470.09
1376.15
17501.12
1463.17
1377.11
17645.12
1414.06
1378.06
1567.13
1383.07
17506.12
1445.06
1367.09
17486.10
1446.96
1369.00
17593.86
1402.14
17396.93
1538.99
1388.07
17510.89
1474.86
1383.07
17524.00
1468.90
1394.03
17603.16
1404.05
17512.80
1551.15
1401.19
17509.94
1451.02
1389.98
17665.15
1417.88
17427.92
1503.94
1379.97
17481.09
1471.04
1372.10
17488.96
1444.10
1358.99
17593.15
1420.02
17400.03
1554.97
1389.98
17509.94
1445.06
1375.91
17511.13
1448.15
1358.03
17603.87
1400.95
17433.88
1528.02
1396.18
17505.88
1461.98
1389.98
17581.94
1444.10
1377.11
17601.01
1410.01
17510.89
1487.02
1368.05
17497.78
1456.02
1405.00
17604.11
1410.96
1369.00
17575.03
2222.06
17632.01
1400.95
17470.12
1467.94
1389.03
17511.84
1436.00
1360.89
17613.89
1411.91
1362.09
17596.01
1396.89
17501.83
1462.94
1369.95
17500.88
1456.98
1368.05
17604.83
1411.91
1374.96
17599.11
1400.95
17504.93
1476.05
1387.83
17514.94
1438.86
1384.02
17605.07
1401.90
17419.82
1510.14
1399.04
17508.03
1477.00
1375.91
17551.90
1425.98
1361.13
17597.20
1399.04
17464.16
1474.86
1401.90
17510.89
1452.92
1375.91
17551.90
1410.01
1372.10
17588.14
1403.09
17505.88
1456.98
1372.81
17488.96
1463.89
1397.13
17604.11
1408.82
1363.99
17616.03
1403.09
17503.02
1466.04
1390.93
17508.98
1957.89
17531.87
1477.96
1381.87
17483.95
1445.06
1361.85
17554.04
1417.16
1363.99
17612.93
1409.05
17485.14
1469.85
1376.87
17488.00
1466.99
1381.16
17592.19
1405.00
1348.02
17589.09
1392.13
17486.81
1465.08
1382.83
17515.90
1446.01
1397.13
17605.07
1421.93
1364.95
17567.16
1415.97
17500.88
1472.00
1391.89
17519.95
1462.94
1390.22
17594.10
1409.05
17484.19
1484.16
1387.12
17506.12
1456.02
1374.96
17576.93
1412.87
1358.99
17611.98
1400.95
17481.09
1463.17
1370.91
17488.00
1438.86
1383.07
17595.05
1419.07
1395.94
17596.96
1401.90
17487.05
1466.04
1388.07
17501.12
1453.88
1384.97
17614.84
1422.88
17421.96
1538.04
1402.85
17524.00
1461.03
1392.13
17540.93
1446.96
1379.97
17606.02
1403.09
17503.98
1472.95
1413.11
17497.78
1451.02
1399.04
17591.95
1416.92
1370.91
17587.90
1405.00
17500.16
1451.97
1377.11
17503.98
1467.94
1378.06
17596.96
1394.99
1358.99
17560.96
1394.99
17502.07
1467.94
1374.01
17506.12
1450.06
1371.86
17597.91
1403.09
17438.89
1538.04
1391.89
17519.95
1463.89
1400.95
17570.97
1420.02
1368.05
17601.97
1447.92
17555.00
1472.00
1388.07
17527.10
1464.84
1379.01
17585.04
1390.93
1356.84
17588.85
1394.99
17499.92
1456.02
1379.97
17510.89
1441.00
1384.02
17603.87
1434.09
17460.11
1492.02
1395.94
17504.93
1454.83
1363.04
17523.05
1430.03
1374.96
17601.97
1390.93
17477.04
1493.93
1389.03
17512.08
1469.85
1374.01
17597.91
1425.03
1387.12
17591.95
1404.05
17505.17
1481.06
1384.02
17500.88
1458.88
1385.93
17576.93
1399.04
1367.09
17575.03
1382.83
17487.05
1480.10
1372.81
17496.11
1459.12
1358.99
17597.91
1440.05
17431.97
1524.21
1384.02
17498.02
1459.12
1381.16
17522.10
1451.97
1376.15
17598.15
1393.08
17457.96
1491.07
1382.11
17515.90
1474.86
1373.05
17563.10
1439.09
1379.01
17601.01
1406.91
17498.02
1481.77
1390.93
17495.87
1456.02
1377.82
17596.01
1399.04
1367.09
17588.14
1403.09
17486.10
1458.88
1379.97
17502.07
1451.02
1370.19
17601.97
1389.98
1367.09
17583.13
1401.19
17477.99
1454.11
1374.96
17511.84
1446.01
1372.81
17611.03
1399.04
1360.89
17570.02
1393.08
17503.02
1470.09
1394.99
17519.00
1447.92
1384.02
17636.06
1522.78
17512.08
1471.04
1382.83
17508.03
1457.21
1374.01
17591.00
1408.10
1365.18
17576.93
1399.99
17501.83
1464.13
1373.05
17504.93
1442.91
1379.01
17600.06
1390.93
1363.04
17590.05
1384.97
17496.11
1465.80
1369.95
17511.84
1448.15
1376.15
17614.13
1410.96
18353.94
1420.02
1356.12
17609.12
1396.89
17490.15
1464.84
1385.93
17495.87
1471.04
1379.97
17620.09
1422.17
1375.91
17549.99
1406.91
17487.05
1479.86
1397.85
17529.96
1458.88
1383.07
17601.01
1410.01
17493.96
1493.93
1381.87
17508.98
1491.07
1388.07
17582.18
1414.06
1382.83
17601.01
1395.23
17497.06
1472.00
1379.97
17483.00
1468.90
1367.09
17580.99
1408.10
1353.98
17580.03
1388.07
17472.03
1473.90
1395.94
17515.90
1463.89
1379.01
17595.05
1411.91
17439.84
1523.97
1394.03
17512.08
1463.89
1387.12
17513.99
1449.11
1382.11
17592.19
1415.01
17395.97
1492.98
1372.81
17493.01
1456.02
1369.00
17492.06
1440.76
1357.08
17570.02
1399.99
1361.13
17564.06
1392.84
17483.00
1465.08
1379.01
17503.98
1451.02
1376.87
17607.93
1402.85
1363.04
17567.16
1389.03
17490.86
1485.11
1376.15
17513.04
1440.05
1369.95
17616.03
1406.91
17410.99
1528.02
1390.93
17498.97
1459.84
1374.96
17493.96
1442.91
1373.05
17605.07
1410.96
17473.94
1494.17
1393.08
17509.94
1462.94
1389.98
17648.94
1413.11
1363.04
17613.17
1401.19
17487.05
1464.84
1377.11
17513.04
1459.84
1378.06
17587.90
1414.06
1358.03
17571.93
1397.85
17493.96
1466.04
1384.97
17504.93
1446.96
1371.15
17596.96
1404.05
17416.95
1537.08
1391.89
17488.96
1463.89
1382.83
17493.01
1447.92
1369.95
17587.18
1405.95
17436.03
1527.07
1380.92
17505.88
1451.97
1377.11
17493.01
1450.06
1373.05
17603.87
1396.89
17481.80
1480.10
1384.02
17513.04
1464.13
1379.97
17566.92
1429.08
1374.01
17591.95
1405.95
17470.84
1480.10
1389.03
17508.03
1464.13
1378.06
17588.14
1415.01
1371.86
17588.85
1399.04
17494.20
1459.84
1368.05
17485.14
1457.93
1372.10
17578.84
1395.94
1371.86
17588.85
1403.09
17496.11
1470.80
1379.97
17514.23
1445.06
1380.92
17583.13
1409.05
1375.91
17555.00
1401.90
17493.01
1472.95
1376.15
17514.94
1466.04
1373.05
17579.08
1403.09
17415.05
1522.06
1397.13
17484.90
1472.00
1368.05
17508.03
1443.15
1374.01
17582.89
1412.87
17425.06
1549.96
1384.97
17508.98
1446.01
1383.07
17498.97
1446.96
1375.91
17602.92
1405.95
17458.20
1484.16
1384.02
17498.97
1451.02
1376.87
17536.88
1431.94
1363.99
17591.95
1402.14
17457.01
1482.96
1380.92
17508.98
1454.11
1375.91
17562.87
1420.02
1366.14
17623.90
1399.99
17495.16
1470.80
1379.97
17501.12
1451.02
1379.01
17585.99
1405.00
1375.91
17609.83
1400.95
17479.90
1460.08
1377.82
17493.01
1454.83
1385.93
17588.85
1406.91
1365.90
17568.83
1386.17
17496.11
1466.04
1383.07
17503.98
1456.02
1376.87
17584.09
1401.90
1366.85
17554.04
1400.95
17501.83
1464.13
1384.02
17491.82
1451.02
1389.98
17576.22
1409.05
1357.08
17571.93
1392.84
17493.01
1461.98
1378.06
17491.10
1459.84
1370.91
17591.00
1392.84
1379.01
17570.02
1403.81
17500.88
1459.12
1381.16
17521.14
1438.14
1379.01
17580.99
1400.23
17431.02
1528.02
1395.23
17513.04
1463.89
1389.03
17544.98
1431.94
1379.97
17603.87
1400.95
17490.15
1461.98
1420.97
17497.06
1450.06
1374.96
17584.09
1406.91
1375.91
17604.11
1399.04
17500.88
1461.98
1374.96
17493.01
1465.08
1371.15
17601.01
1411.91
1369.00
17567.87
1398.80
17498.02
1464.84
1393.08
17513.04
1442.91
1384.02
17608.17
1414.06
17431.97
1505.85
1384.97
17520.19
1445.06
1377.11
17500.16
1446.96
1374.01
17582.89
1409.05
17435.07
1526.83
1386.88
17505.88
1456.98
1386.17
17544.03
1434.80
1374.96
17610.79
1405.00
17492.06
1461.98
1384.97
17504.22
1454.11
1380.21
17601.01
1408.82
1368.05
17605.07
1405.00
17500.88
1461.98
1383.07
17517.09
1454.11
1385.21
17575.98
1405.00
1379.01
17565.97
1394.03
17510.89
1458.88
1395.94
17515.90
1460.08
1387.12
17587.90
1403.09
17446.04
1514.91
1393.80
17503.02
1464.84
1387.12
17554.04
1420.97
1370.19
17594.10
1415.97
17488.00
1472.95
1379.01
17493.01
1451.02
1387.83
17587.90
1415.97
1369.95
17594.10
1399.99
17503.98
1464.84
1390.93
17514.94
1456.02
1373.05
17596.01
1413.11
1380.92
17568.83
1389.98
17513.04
1456.98
1385.93
17498.97
1453.88
1383.78
17601.01
1415.97
17448.90
1528.98
1389.98
17512.08
1452.21
1392.13
17549.99
1422.88
1368.05
17603.87
1399.99
17490.15
1463.89
1394.99
17493.01
1451.02
1375.91
17596.96
1420.02
1377.11
17589.09
1396.18
17497.06
1469.14
1394.03
17503.98
1461.03
1385.93
17605.07
1410.96
1366.14
17561.91
1396.89
17505.88
1467.94
1380.92
17513.99
1461.03
1379.01
17600.77
1405.00
17436.98
1519.92
1395.94
17516.14
1456.02
1383.07
17552.14
1425.03
1369.95
17601.97
1398.09
17487.05
1482.01
1389.03
17496.11
1461.03
1384.97
17591.00
1416.21
1375.91
17585.99
1410.96
17502.78
1472.95
1375.91
17514.94
1468.90
1385.93
17591.00
1413.11
17426.97
1525.16
1384.97
17498.02
1458.88
1381.87
17504.93
1456.02
1384.02
17583.85
1405.95
17445.80
1531.12
1386.17
17503.98
1461.98
1383.78
17560.01
1422.88
1365.18
17616.03
1394.03
17487.05
1472.00
1384.97
17483.00
1458.88
1369.00
17585.99
1411.91
1366.85
17593.86
1402.14
17482.04
1475.10
1371.86
17500.88
1451.02
1374.96
17593.15
1415.97
1378.06
17569.07
1410.96
17511.13
1454.11
1391.89
17504.93
1456.02
1378.06
17594.81
1403.09
1368.05
17560.01
1384.97
17503.02
1463.89
1379.01
17504.93
1454.11
1385.93
17593.86
1410.96
17429.83
1519.20
1379.97
17509.94
1451.97
1382.83
17503.02
1451.97
1375.91
17599.11
1406.19
17427.92
1502.99
1403.09
17515.18
1462.94
1377.11
17553.09
1415.01
1365.90
17591.00
1406.91
17486.81
1463.89
1379.01
17491.10
1455.07
1383.07
17565.01
1425.03
1374.01
17600.06
1401.90
17481.09
1471.04
1392.13
17493.01
1453.88
1374.01
17594.10
1415.01
1376.87
17577.89
1402.14
17498.02
1468.90
1379.97
17516.14
1449.82
1371.86
17590.05
1402.14
1368.05
17570.02
1398.09
17498.02
1469.85
1377.11
17498.97
1451.97
1370.91
17601.97
1400.95
17398.12
1549.01
1390.93
17490.86
1462.94
1376.87
17508.98
1454.11
1373.05
17597.91
1402.85
17449.86
1517.06
1391.89
17505.88
1457.93
1386.88
17535.92
1425.98
1363.99
17591.00
1401.19
17457.01
1476.05
1371.15
17510.18
1458.17
1379.01
17536.88
1431.94
1366.14
17575.98
1397.13
17463.92
1482.96
1374.96
17485.86
1451.02
1373.05
17501.83
1443.86
1363.04
17596.01
1413.11
17461.06
1513.00
1388.07
17490.86
1457.93
