1005.89
948.91
957.01
934.84
990.87
990.87
965.83
959.87
33074.86
981.81
956.06
968.93
965.83
947.95
943.18
953.91
33103.94
1009.94
1008.03
993.01
990.15
967.98
960.83
959.87
33095.12
1047.13
1049.04
1013.99
972.03
969.89
968.93
973.94
25107.15
993.97
979.19
968.93
980.14
978.95
975.85
969.89
25053.02
967.03
955.10
949.86
947.95
964.16
970.13
972.03
988.01
985.86
993.97
1001.12
25089.03
1007.08
998.02
987.05
991.11
982.05
994.92
979.90
977.99
1002.07
1008.03
1013.99
25110.01
1000.88
962.97
969.17
947.00
991.11
991.11
995.16
1001.12
1009.94
1001.83
1008.99
29098.03
1014.95
1003.98
1009.94
1028.06
1015.90
1011.13
1004.93
25097.85
1015.90
1027.11
1066.92
1013.99
1018.05
1020.91
33032.89
1051.90
1015.90
991.82
1007.08
998.02
1003.03
993.01
33040.05
1013.04
969.17
967.03
962.97
987.05
991.11
981.09
33041.95
1052.14
988.96
984.19
999.93
985.86
989.91
986.10
33007.14
1024.01
973.94
972.03
983.00
973.94
959.87
957.01
24992.94
1011.85
962.97
952.01
947.24
972.03
960.11
955.10
947.00
29049.16
966.07
969.89
966.07
969.89
982.05
1536.85
983.95
952.96
939.85
931.98
24975.06
1019.00
965.12
982.05
958.92
932.22
941.04
956.06
958.92
988.01
989.91
986.10
989.91
25093.08
999.93
993.01
993.97
1011.13
986.10
998.97
993.97
988.96
1001.83
1001.83
1005.89
25120.97
1012.09
986.10
978.95
975.85
989.91
999.93
996.11
17043.11
957.01
953.91
946.04
971.08
953.20
946.04
950.10
25052.07
990.15
962.97
960.83
964.88
978.95
980.14
999.93
33076.05
1013.99
997.07
1002.07
1006.13
998.97
1003.98
1015.90
33118.96
1013.04
1003.98
1001.12
1004.93
1004.93
1001.12
990.15
33125.88
1101.97
1016.14
1008.03
950.10
946.04
936.99
934.12
25085.93
983.95
963.21
957.97
985.15
976.09
979.90
972.99
25058.98
978.95
955.10
952.01
960.11
945.09
936.99
936.99
29024.12
975.13
957.97
955.82
957.97
950.10
941.04
952.96
930.07
945.09
942.95
941.99
947.00
25105.00
1038.79
1029.97
1007.08
959.16
962.02
956.06
960.83
961.07
957.01
956.06
957.01
25080.20
977.04
959.16
957.97
965.12
960.11
947.00
941.99
957.97
998.97
994.92
1008.99
25084.02
969.89
968.22
962.02
966.07
960.11
967.98
972.03
25044.92
989.91
992.06
983.00
989.91
996.83
984.91
983.00
25064.95
1006.84
987.05
999.93
998.02
1024.96
1024.01
1025.92
33109.90
964.16
947.95
936.99
956.06
944.14
949.14
957.97
33030.03
1057.86
1015.90
1008.03
1024.96
1007.08
1016.14
1022.10
33113.96
999.93
976.80
972.99
953.91
983.95
989.20
998.02
33092.02
968.93
948.19
947.00
952.01
987.05
993.01
993.01
25069.95
985.15
967.03
962.97
994.92
1069.07
991.11
1003.03
25101.18
987.05
962.97
960.11
954.15
977.99
985.86
985.15
998.97
993.01
993.01
997.07
25070.19
987.05
962.02
965.12
977.04
963.93
972.03
975.85
975.85
978.95
995.16
972.99
25007.01
1044.03
998.97
998.97
982.05
992.06
999.93
1006.84
981.81
988.96
991.11
983.95
29030.80
1053.09
998.97
993.01
974.89
962.97
952.96
945.81
24987.94
1049.04
1005.89
996.83
981.81
942.95
933.89
943.18
25002.00
1033.07
976.09
969.17
978.95
995.87
1002.79
1000.88
33039.09
1077.89
1034.98
1034.02
1033.07
1027.11
1029.97
1025.20
33044.10
1006.13
956.06
947.00
949.86
948.91
952.01
960.11
32987.12
1060.01
1017.09
1006.13
989.91
988.96
996.11
993.97
25059.22
1075.98
1026.87
1013.99
1005.89
977.99
979.90
980.85
25024.89
1025.92
975.85
972.99
966.07
993.01
984.91
993.01
991.82
1000.88
983.00
978.95
25030.85
988.01
950.10
944.14
962.02
957.01
970.84
963.93
982.05
966.79
975.85
962.02
971.08
25094.99
1063.82
979.90
976.09
984.19
998.02
1006.13
1003.03
996.83
1008.99
1024.01
25043.01
1020.91
981.09
971.08
973.94
966.07
959.87
957.97
951.05
972.99
967.98
952.96
942.95
25049.21
981.09
967.03
962.02
952.01
967.98
969.89
982.05
25087.12
993.97
952.96
2344.85
1012.80
1003.98
33038.14
1057.15
1008.03
1005.17
993.97
945.09
953.20
944.85
948.91
33041.00
971.08
953.91
944.85
965.83
959.87
955.82
961.07
33063.89
958.92
953.91
941.99
953.91
960.11
955.10
939.13
32990.93
1075.98
1023.77
1019.00
985.15
943.90
953.91
957.97
25008.92
1018.05
957.01
938.89
929.12
960.11
978.95
981.09
21013.02
1051.90
1000.88
999.93
1006.13
996.11
1003.03
993.01
988.01
967.03
970.13
975.13
25013.92
1033.07
984.91
968.93
960.11
961.07
961.07
954.87
950.81
957.97
949.14
947.95
944.85
25031.81
967.03
963.93
963.93
972.99
977.04
967.03
972.03
964.88
971.08
986.81
979.90
25087.12
990.87
981.81
975.85
957.97
986.10
992.06
994.21
25085.93
1000.88
974.89
960.83
958.92
985.15
977.04
971.08
25045.16
1008.03
964.16
972.03
956.06
957.97
956.06
949.14
33000.95
1031.88
981.81
984.91
969.89
1000.88
995.16
997.07
33040.05
1044.99
1002.07
880.00
910.04
941.99
941.99
941.04
938.89
33067.94
985.15
973.94
962.97
967.03
959.87
950.81
948.91
25041.82
989.91
987.05
980.14
995.16
983.95
998.97
993.01
25095.94
982.05
972.03
958.92
956.06
952.01
947.00
943.90
33043.15
977.99
966.07
962.97
966.07
953.91
952.96
952.01
944.14
981.09
983.95
979.90
25005.82
999.93
951.05
947.95
954.87
957.01
952.96
956.06
951.05
995.87
991.82
993.97
997.07
25069.00
977.04
967.98
954.15
969.89
985.86
978.95
983.00
994.92
993.97
985.86
978.95
21110.06
1015.90
1008.03
1010.18
936.99
947.95
962.97
966.79
25141.00
1032.11
1011.13
1007.08
936.03
943.18
951.05
966.07
25101.90
988.01
977.04
966.79
969.89
955.82
948.91
947.00
33076.05
984.91
967.03
966.07
963.93
952.01
952.01
947.95
33001.90
1023.05
991.11
972.99
962.97
947.00
954.15
961.07
33000.95
1021.15
977.99
980.14
972.03
976.09
970.13
969.17
25013.92
1044.03
993.97
985.86
976.80
959.87
968.93
982.05
25014.88
1026.87
977.04
971.08
962.02
989.20
1002.07
992.06
29029.13
1013.99
966.07
952.96
964.16
954.15
953.91
957.01
954.87
33083.92
968.93
957.01
949.86
1017.81
1027.82
1024.96
1016.14
33087.97
991.82
968.93
956.06
957.01
942.95
936.99
945.09
21085.02
980.85
966.07
957.01
986.10
1013.99
1018.05
1017.09
25121.93
998.97
988.01
987.77
1002.07
1015.90
1019.95
1011.13
33093.93
1008.99
996.11
1003.03
946.04
946.04
940.08
946.04
33059.84
956.06
949.86
945.81
957.97
943.18
952.96
958.92
33055.07
980.14
963.93
959.87
967.03
979.90
986.81
991.82
33025.03
987.05
948.19
953.91
964.16
976.09
966.07
977.04
25017.02
1044.03
1006.13
989.91
998.97
993.97
985.86
990.87
33023.83
1029.01
997.07
995.16
987.05
977.04
955.10
947.00
24976.97
1029.01
981.81
972.03
963.93
1019.00
1016.14
1024.01
29057.98
999.93
955.82
948.91
954.15
946.04
947.00
936.99
936.99
37077.19
982.05
977.04
976.80
1018.05
1002.07
1007.08
9019.14
1038.07
983.00
976.80
971.08
957.01
951.05
951.05
943.90
25105.00
1013.04
999.93
998.97
952.96
953.91
954.87
968.22
33076.05
1004.93
981.81
995.87
1000.88
989.20
983.00
995.16
33110.14
995.87
990.87
983.95
990.15
989.91
980.85
990.87
33110.86
995.87
981.81
977.99
975.13
962.02
966.07
958.92
33088.92
1005.89
990.87
976.80
993.97
980.14
983.00
972.99
25137.90
1050.95
1046.90
1046.18
996.11
993.01
996.11
25022.98
1045.94
981.81
977.99
981.09
972.99
972.99
963.93
32971.86
1055.96
983.95
983.00
964.88
985.15
975.13
967.03
959.16
33087.97
1007.80
999.93
17020.94
1032.11
965.12
963.21
957.97
939.13
942.95
949.86
953.91
25090.93
990.15
973.94
977.99
993.01
1004.22
1003.98
998.97
25089.03
988.96
975.85
977.04
995.87
1011.85
1003.03
1008.99
1021.15
1007.08
1009.94
1009.94
25056.12
980.14
971.08
971.08
977.99
974.89
974.18
969.89
1003.03
977.99
977.99
970.84
25049.92
973.94
967.03
967.98
980.85
1004.93
1008.99
1005.89
1005.89
999.93
998.02
998.02
25061.13
967.03
950.81
955.82
962.02
955.10
955.10
954.87
952.01
962.97
952.96
950.10
24997.95
1008.03
957.01
959.87
942.95
940.08
946.04
940.80
24980.07
1067.16
1017.09
988.96
998.02
941.99
941.04
934.84
940.80
25123.83
1004.93
995.16
1003.03
1003.03
994.21
992.06
985.15
33096.08
1010.89
992.06
25022.98
1053.81
1008.03
1001.12
1003.03
1003.03
998.02
1001.83
33033.85
1046.90
996.83
987.05
9037.97
1015.90
981.09
975.13
971.08
983.95
989.91
994.92
25034.90
1008.03
966.07
955.10
957.01
16466.86
957.01
942.95
940.80
956.06
946.04
955.10
961.07
25002.00
1045.94
1002.07
1003.98
1004.93
1003.03
1003.03
1003.98
990.87
955.10
969.17
973.94
25021.79
994.92
952.01
954.87
962.97
970.13
976.09
957.01
958.92
957.97
948.91
947.95
947.00
25118.11
1034.98
1016.86
1034.02
1020.91
1005.89
998.97
993.01
965.12
967.03
961.07
957.01
25069.95
967.98
957.01
957.97
970.84
946.04
940.08
955.10
974.89
965.83
973.94
974.18
25083.07
996.11
989.91
980.85
1004.93
990.15
998.02
1003.98
25105.00
1028.06
1032.11
1029.01
1049.04
1035.93
1029.01
29064.89
1061.92
1008.03
999.93
17028.09
1050.95
998.02
992.06
29043.20
1064.06
1008.99
1008.03
1012.09
1010.89
1012.09
1007.08
33052.92
1012.09
982.05
979.90
999.93
988.01
977.99
967.98
966.07
988.96
989.91
989.20
25044.92
1014.95
967.03
962.02
956.06
1006.13
1019.95
1016.14
33072.95
1070.98
1030.92
1026.87
1006.13
972.03
968.93
956.06
966.07
961.07
953.20
946.04
24986.03
1005.89
965.12
961.07
959.16
947.95
942.95
949.14
951.05
982.05
983.95
989.91
977.99
25084.97
995.16
978.95
972.99
977.99
977.99
980.85
988.96
996.11
997.07
993.97
993.97
25096.18
1003.98
986.81
988.96
993.01
988.96
976.09
975.13
996.11
997.07
1003.98
1016.86
25076.87
985.86
976.09
972.99
1024.01
1024.96
1029.97
25051.12
1005.17
951.05
946.04
949.14
978.95
963.93
957.97
952.96
33060.07
962.97
948.91
947.95
959.16
957.97
957.97
959.87
33067.94
969.17
958.92
948.91
970.13
959.16
966.07
967.98
33013.82
1005.89
957.01
943.90
945.09
942.95
963.93
964.16
25022.03
1049.04
1000.88
995.16
987.05
996.11
990.15
1003.03
25047.06
1032.83
988.01
986.10
998.97
1017.81
1005.89
1001.83
1000.88
988.01
984.91
974.89
25013.92
1042.13
1005.17
992.06
1004.93
993.01
1002.07
983.95
979.90
960.83
949.86
943.90
32987.12
1071.93
1008.03
1012.09
1003.98
941.99
967.03
972.99
981.81
990.87
984.91
993.01
33023.83
1048.09
1014.95
1002.07
1015.19
1013.99
1025.20
1043.08
998.02
941.99
949.86
952.01
20993.95
1019.95
980.14
967.98
964.88
956.06
952.96
952.01
945.09
13069.15
975.13
972.03
967.03
1002.07
997.07
998.97
1007.08
25088.07
998.02
983.95
978.95
973.94
969.17
968.93
962.97
33095.12
1013.04
1002.07
1008.99
952.01
952.01
949.86
947.95
33061.03
959.16
956.06
952.96
969.17
962.02
954.15
962.97
33072.95
985.15
969.17
965.83
957.01
961.07
958.92
973.94
25025.13
1013.04
981.09
978.95
974.89
981.09
984.19
992.06
29026.99
1039.98
998.02
991.11
1002.07
987.05
998.02
988.96
976.09
992.06
988.01
989.91
25041.10
998.02
957.97
954.15
942.95
1002.07
1007.08
998.97
1007.08
995.16
999.93
995.87
25038.00
996.11
962.02
953.20
963.93
965.83
960.83
973.94
967.98
952.01
942.95
937.94
936.99
25101.90
1004.93
986.81
979.90
1003.98
1004.93
1006.13
1027.11
1024.96
1029.97
1022.10
21049.02
1041.89
1000.17
999.93
994.92
949.86
965.83
962.02
25002.96
1053.09
996.11
993.01
967.03
974.89
988.01
981.09
33015.97
1010.89
956.06
953.91
947.00
946.04
945.09
948.91
956.06
33073.90
960.11
947.00
946.04
951.77
942.95
954.15
957.97
33047.91
983.00
967.03
974.18
976.09
972.99
971.79
982.05
25029.90
1041.89
998.97
993.97
988.01
990.15
988.96
988.96
25033.00
1049.04
1024.01
1018.05
988.96
974.89
983.00
983.95
37074.09
1013.04
977.99
985.86
982.05
979.90
983.95
972.03
33084.87
1007.80
992.06
1005.89
995.87
936.99
946.04
954.15
32999.99
1009.94
973.94
968.93
974.89
979.19
969.89
985.86
37015.91
1033.78
998.02
987.05
991.11
952.01
955.10
958.20
24997.95
1047.85
1013.99
997.07
983.95
940.08
941.04
942.95
24979.11
1034.98
987.05
978.95
985.15
971.08
961.07
960.11
957.97
33068.90
977.99
967.98
962.02
969.89
949.86
948.91
944.85
33043.15
966.07
952.96
957.97
962.97
954.87
949.86
955.82
33046.01
1003.03
983.00
977.99
980.14
988.01
973.94
977.99
25034.19
992.06
957.01
946.04
944.85
985.86
983.95
978.95
25008.92
1013.99
979.90
962.97
965.12
963.93
952.96
949.14
32981.16
1021.15
962.97
946.04
948.91
967.03
948.91
953.20
952.96
33089.88
981.81
972.03
968.93
975.85
957.01
941.99
936.99
33049.11
1003.03
988.96
983.00
998.02
994.92
997.07
1003.03
25085.21
971.08
956.06
948.19
978.95
1002.79
997.07
988.01
25072.10
983.00
972.03
969.89
978.95
935.08
941.99
944.85
25002.96
1031.88
997.78
997.07
1004.93
999.93
1000.17
998.02
998.97
995.87
1003.98
1003.98
25089.03
987.05
968.93
964.88
965.83
1010.89
1003.03
1008.03
1016.86
1001.83
1011.85
1008.99
25099.99
996.11
972.99
969.89
970.84
957.01
957.01
947.00
939.85
972.03
962.97
962.02
21003.01
1030.92
993.01
998.97
988.01
984.91
981.09
979.19
25007.01
1014.95
972.99
960.11
953.91
958.92
949.86
942.95
24955.99
1034.02
965.12
951.05
941.04
957.97
957.01
958.20
963.93
33087.02
967.98
956.06
948.91
952.01
941.04
941.04
940.08
33020.97
1005.89
982.05
972.99
976.09
975.13
973.94
969.89
33028.13
1013.04
957.01
967.03
961.07
949.14
953.91
962.97
25000.10
1011.13
965.12
960.11
946.04
962.02
975.85
968.93
979.19
25048.02
967.98
957.97
946.04
971.08
985.15
983.95
980.85
25056.84
971.08
953.91
954.87
960.83
958.92
954.87
959.16
972.99
1019.00
1024.96
1024.01
25101.18
987.05
972.03
963.93
938.18
951.05
965.12
969.89
974.89
969.89
968.93
966.07
25010.11
1002.07
963.93
967.98
972.03
973.94
973.94
966.07
962.97
991.11
1008.03
1000.88
29037.00
1023.05
982.05
992.06
977.99
983.00
982.05
991.11
25027.04
1026.15
988.96
998.97
993.97
1000.17
993.97
988.96
33041.00
998.02
956.06
950.10
940.08
959.87
968.93
979.90
33012.15
1013.99
983.00
979.90
988.01
986.10
981.09
986.10
33009.05
1044.03
978.95
975.13
986.10
983.95
978.95
978.95
983.95
29080.15
1003.98
991.11
995.16
1003.03
1000.17
993.97
25025.84
1049.04
1008.03
991.11
1009.94
1007.08
1000.88
1002.07
29038.91
1055.00
990.15
988.01
990.15
979.90
985.86
975.85
974.89
977.04
968.93
962.02
24989.84
1073.84
1018.05
1006.13
1005.89
964.88
965.12
957.01
958.92
953.20
945.09
950.10
948.91
25089.98
996.11
985.15
977.04
983.00
968.93
965.12
959.87
938.89
963.93
970.13
974.89
25096.89
1015.90
987.77
990.87
947.95
946.04
962.02
964.88
17079.83
990.87
974.89
978.95
980.14
935.08
951.05
961.07
25021.08
1039.03
997.07
986.10
974.89
968.93
983.00
979.90
33031.94
1035.21
1000.88
994.92
1005.89
1008.03
1010.89
1019.00
33109.90
1034.98
1007.08
992.06
996.11
971.08
970.13
964.88
33056.97
977.99
961.07
948.91
952.96
954.15
963.93
957.01
25016.07
1011.13
988.01
991.11
992.06
982.05
994.21
993.97
25027.99
991.11
952.01
947.00
950.81
937.94
935.08
945.09
28967.14
1047.85
988.01
972.99
981.09
946.04
959.16
972.99
977.99
997.07
988.96
987.05
995.87
25100.95
1015.90
1013.99
1020.91
1030.92
1038.07
1035.21
1018.05
962.97
980.14
968.93
25008.92
1062.87
1011.85
1004.93
1001.12
1004.93
1000.88
1000.88
1010.89
1007.08
993.01
988.01
25030.85
1009.94
959.87
957.01
953.20
1003.03
988.96
983.00
17013.07
1068.12
1019.00
1015.90
996.11
941.99
941.04
938.89
944.85
25069.95
997.07
984.91
972.99
926.97
947.00
946.04
950.81
33078.91
969.17
951.05
954.15
958.92
947.95
940.08
945.09
33054.11
983.95
959.87
952.96
952.96
993.01
988.96
994.21
33040.05
1058.10
1029.01
1035.93
1046.18
1034.98
1028.06
1033.78
33108.00
998.97
983.00
978.95
983.00
964.88
962.02
961.07
25073.05
976.09
956.06
945.09
952.96
938.89
943.90
936.99
49010.99
1031.16
981.09
976.09
984.91
983.95
975.13
979.90
29029.85
1040.94
993.01
988.96
989.91
991.11
990.15
982.05
33029.08
1038.79
989.91
983.95
972.99
987.05
985.86
979.90
25026.08
1019.00
978.95
972.03
963.93
975.13
962.97
962.02
25003.91
1010.89
954.87
950.81
942.95
957.01
967.03
977.04
983.00
977.99
987.05
980.14
976.09
29084.92
989.91
970.84
983.00
986.10
987.05
992.06
990.15
987.05
992.06
989.20
984.91
25084.97
998.02
992.06
990.15
993.97
983.95
985.15
982.05
993.01
988.01
988.96
1000.17
21092.89
1010.89
991.82
1001.83
994.92
991.11
991.11
993.97
989.91
1005.17
1001.12
25019.88
1054.05
993.97
993.01
990.15
992.06
993.01
988.01
17041.92
1018.05
977.99
969.89
961.07
965.83
964.88
962.97
952.96
25056.84
969.89
957.97
962.97
945.81
939.85
938.89
944.14
33065.08
981.09
965.12
962.97
962.97
950.10
949.14
941.99
32993.08
1012.80
962.02
962.02
961.07
967.98
966.07
962.02
36996.13
1024.01
976.09
971.08
980.85
981.81
989.91
981.09
25006.06
1019.95
970.13
966.07
963.93
952.96
950.10
952.01
947.00
21188.02
1010.18
1007.08
13046.03
1026.15
983.00
975.85
13015.99
1054.05
1001.12
1001.12
13040.07
1012.09
964.16
953.91
947.00
1009.94
1000.88
1004.93
25037.05
1014.95
959.16
948.91
949.86
998.97
990.15
983.95
25018.93
1026.87
975.13
957.01
959.87
969.89
974.18
962.02
959.16
25079.97
978.95
965.12
962.02
968.93
952.01
948.91
946.04
25053.02
995.87
968.93
970.84
964.88
962.97
957.97
964.88
25066.14
1000.17
981.09
968.93
969.89
944.14
943.18
946.04
24999.14
1034.98
998.97
983.00
976.09
957.01
955.82
968.93
25017.02
1046.90
1001.83
1007.08
993.01
942.95
949.14
957.97
24999.86
1048.09
1008.99
997.07
985.86
952.01
957.01
956.06
25000.10
1047.13
983.00
983.00
966.07
978.95
976.09
977.99
25012.97
1026.15
983.00
977.99
962.97
976.09
988.96
990.15
983.00
25045.87
962.97
954.15
953.91
977.99
1003.98
1000.17
999.93
25060.89
964.88
955.82
954.87
980.85
989.91
983.00
979.90
25065.90
977.99
967.98
961.07
965.12
958.92
952.96
950.10
25048.02
972.99
957.01
953.91
952.01
946.04
945.09
945.09
25003.91
1024.01
979.19
971.08
964.88
942.95
949.14
952.96
24992.94
1041.89
996.83
983.00
978.95
962.97
966.07
973.94
25002.00
1043.08
1011.13
988.96
975.85
952.01
962.97
962.97
962.97
25097.85
1014.95
998.02
998.97
957.97
964.88
975.13
964.16
29052.97
963.21
966.07
959.87
973.94
966.07
965.12
966.07
25067.09
975.13
962.02
962.02
970.13
965.12
967.03
962.97
29070.85
971.79
948.91
944.85
945.09
935.08
941.99
939.85
21683.93
1056.91
1009.94
1013.04
1002.07
1002.07
1003.98
25038.00
1062.15
1013.04
1006.13
1012.09
1008.03
1002.07
1001.83
25043.96
1052.14
1008.03
1006.13
1007.08
1003.03
1000.88
1000.17
25043.96
1050.00
1008.03
1002.79
1009.94
1001.12
1006.13
1002.07
25099.04
1020.91
1006.13
1006.13
1010.89
998.97
1002.07
999.21
21095.99
991.82
986.81
974.89
1001.12
1000.17
993.97
980.85
25074.96
1008.99
982.05
974.89
998.97
992.06
985.15
973.94
25079.97
994.21
977.99
977.04
1004.93
970.13
967.03
959.16
25067.09
1006.13
993.01
987.05
988.96
952.96
946.04
952.96
25058.98
1004.93
998.97
990.87
997.78
970.84
961.07
961.07
25050.88
1004.93
979.19
983.00
987.05
970.84
958.92
956.06
25009.87
1015.90
986.10
979.19
963.93
949.86
945.81
942.95
24996.04
1035.93
1015.19
996.11
981.09
952.96
948.91
955.10
24996.04
1044.03
1008.99
1007.08
1001.12
945.09
945.09
946.04
24984.12
1051.19
1002.07
998.97
994.92
938.18
945.09
952.96
957.01
25079.01
992.06
981.09
973.94
933.89
962.02
963.93
955.82
25094.03
982.05
966.07
967.98
940.08
962.02
969.17
976.09
25082.11
969.89
961.07
952.96
947.00
1003.98
995.16
1003.03
25089.03
969.17
954.15
941.99
952.96
1009.94
1010.89
1008.03
25110.96
985.15
971.08
962.02
952.01
996.83
1000.88
1009.94
25096.18
993.01
972.99
969.89
960.83
998.97
997.07
1000.17
25100.95
999.93
971.08
971.08
957.97
998.02
993.97
1005.89
25098.80
985.86
975.85
973.94
972.03
999.93
1003.03
1005.89
25105.00
983.95
976.80
972.03
968.93
995.87
994.92
988.01
25089.03
977.99
964.16
962.97
949.86
981.81
977.99
972.99
25051.12
976.80
962.02
952.96
945.81
969.89
962.02
957.01
25007.01
1013.04
968.93
964.88
