1073.84
1057.86
1039.98
962.97
1009.94
1038.07
965.12
976.09
962.02
949.86
953.91
964.16
962.02
949.14
966.07
17084.12
993.01
983.95
977.04
998.02
972.03
973.94
971.08
945.09
969.89
979.90
980.14
977.99
984.19
981.09
978.95
17072.92
1026.15
1009.94
1013.04
1015.90
1015.90
1024.96
1018.05
1022.82
1019.00
1027.11
1030.92
962.97
949.86
968.93
959.16
17092.94
1017.09
1008.99
993.01
1040.94
1059.06
1073.12
1054.05
1056.91
1063.82
1069.07
13087.99
1000.17
960.11
956.06
958.92
947.95
964.16
952.01
951.05
943.18
947.00
946.04
944.14
17043.11
966.07
949.14
947.95
25070.91
990.87
990.15
981.09
986.10
1003.98
994.92
986.10
998.97
990.87
986.81
991.82
25091.89
1031.88
1010.89
1016.86
1019.95
1020.19
1010.89
1006.84
1000.88
996.83
998.02
25020.12
1047.13
993.01
989.20
992.06
991.11
993.97
988.96
993.01
1011.13
1019.00
1032.83
25046.83
1052.86
1005.89
994.92
990.15
970.13
971.08
977.99
992.77
982.05
952.01
892.16
25108.10
1101.97
1052.86
1063.82
1124.86
1074.08
1063.11
1075.98
1069.07
1064.06
1056.91
1065.97
983.95
972.99
978.95
971.08
17092.94
1011.85
1016.86
999.93
1060.96
1061.92
1055.00
1059.06
1070.98
1065.97
1042.84
1038.07
1035.93
1038.79
1031.88
17112.02
1016.86
990.87
1008.99
998.02
1000.88
999.21
1004.93
1045.94
1039.98
1034.98
1038.07
1042.13
1033.07
1025.92
1025.92
17042.88
972.03
972.03
967.03
976.09
965.12
962.97
957.97
964.16
958.92
962.02
962.02
988.01
969.89
972.03
969.89
17097.00
1021.86
1008.99
1008.99
983.00
973.94
979.90
995.16
998.97
982.05
984.19
983.00
1000.17
994.92
1009.23
998.97
17100.10
1011.13
1016.14
993.97
1010.89
1010.18
993.97
1003.98
971.08
997.07
1014.95
1003.03
1007.80
1011.85
1003.98
994.92
17106.06
998.97
990.15
997.07
989.91
983.00
986.10
990.15
992.06
982.05
986.10
972.99
1000.88
1008.03
1011.85
1020.91
29127.12
1049.04
1042.13
1037.12
1030.92
1034.02
1036.88
17055.99
1044.99
992.06
994.92
991.82
1019.95
1017.09
1046.18
25234.94
1099.82
1080.04
1082.90
1097.92
1084.09
1087.19
29123.07
1104.12
1071.93
1065.02
1050.95
1013.04
1005.89
1014.95
1027.11
1015.90
1016.86
1019.95
25133.13
1053.09
1040.94
1050.95
1016.14
1007.08
1018.05
1018.05
1023.05
1045.94
1029.01
17042.88
1051.19
1008.03
1003.03
2271.89
957.01
960.83
960.83
956.06
964.88
954.87
961.78
1008.99
998.97
994.92
17053.13
1052.14
1003.03
1001.12
1009.94
1001.83
1001.83
1000.88
996.83
988.96
983.95
988.01
37033.08
1055.96
1030.92
1022.82
997.78
958.92
937.94
939.13
944.14
942.95
948.91
945.09
24980.07
991.82
954.87
947.00
942.95
943.18
941.04
941.99
947.95
951.05
951.05
951.05
949.86
25069.95
976.09
967.98
958.92
964.16
957.01
955.10
952.96
953.91
945.09
945.09
946.04
24982.93
999.21
951.05
940.08
947.95
941.99
939.85
941.99
948.91
1038.07
1010.89
1000.17
998.02
25087.83
1011.85
1007.08
992.06
1060.96
1084.80
1080.99
1091.00
1080.99
1085.04
1080.99
29111.86
967.98
957.01
956.06
955.82
948.91
951.05
938.18
951.05
952.96
952.01
950.10
943.90
982.05
991.11
995.87
17019.99
1096.96
1060.01
1052.14
1024.01
942.95
947.95
943.18
961.07
952.96
959.87
954.15
957.97
959.87
962.02
959.87
967.03
17078.88
993.97
983.00
972.03
976.09
971.08
966.07
972.03
982.05
989.91
998.02
983.00
1002.07
991.11
988.96
996.11
17066.00
998.02
993.97
1006.84
1010.18
1003.03
1008.99
1019.00
1022.10
1022.10
1021.86
1027.82
967.98
972.03
983.00
984.91
17155.89
1070.98
1055.00
1061.20
1054.05
1055.00
1058.82
1027.82
998.02
993.01
995.16
999.93
998.97
994.92
993.01
17048.12
1073.12
1045.94
1041.17
1043.08
1040.94
1032.83
1034.02
1043.08
1022.10
1034.02
1019.95
953.91
944.14
946.04
948.91
952.01
953.91
952.01
946.04
966.07
952.01
955.10
952.01
936.03
968.93
958.92
958.92
16990.18
1070.02
1034.98
1030.92
1002.07
959.16
975.13
970.13
982.05
971.08
972.03
962.97
25006.06
1003.03
960.11
952.96
961.07
948.91
948.91
950.81
957.01
952.01
954.15
952.96
953.91
25071.14
967.03
957.01
957.01
960.11
948.91
946.04
948.91
949.86
955.82
947.95
951.05
24986.98
1005.17
957.97
949.14
957.01
947.95
949.14
947.95
938.89
1039.03
1056.91
1070.98
33117.06
1086.95
1056.91
1047.85
1051.19
1076.94
1104.83
1057.86
25113.82
997.07
978.95
982.05
1024.96
1056.91
1059.06
1063.11
1062.15
1055.96
1059.06
25075.91
1032.11
1003.03
983.95
993.97
1052.86
1047.85
1051.90
1055.96
1051.90
1047.85
1050.00
980.14
957.01
957.01
958.92
17048.12
982.05
973.94
961.07
972.99
989.20
984.91
975.85
977.99
966.07
976.09
972.03
967.98
994.92
992.77
1000.88
17040.97
1006.13
965.12
966.07
957.97
1021.86
1016.86
1034.98
1029.01
1033.07
1045.94
1044.03
1028.06
948.19
948.91
948.91
16976.83
1000.88
966.07
956.06
960.83
952.96
946.04
946.04
947.00
972.03
967.98
967.98
972.03
1002.07
979.19
988.96
986.10
25083.07
982.05
963.93
961.07
977.04
1008.99
1014.95
1023.05
1024.01
1015.90
1020.91
1022.82
25069.00
993.97
988.01
993.97
988.01
990.87
984.91
16996.86
1036.88
993.97
988.01
988.01
977.04
976.09
977.99
977.04
25050.88
989.91
970.13
971.08
980.14
967.98
970.13
965.12
25058.03
969.17
958.92
952.01
967.03
944.14
954.15
951.05
953.91
947.00
952.96
942.95
24981.02
993.97
954.15
951.05
954.15
941.04
945.09
944.14
953.91
951.77
952.96
946.04
944.85
29058.93
963.93
957.97
957.97
952.01
992.06
996.83
989.91
997.07
992.06
986.10
986.10
1002.07
969.17
976.09
974.89
21071.91
964.88
951.05
944.14
959.16
1013.99
1027.11
1024.01
1034.98
1022.10
1024.96
1019.00
25138.85
999.93
993.01
985.86
1016.86
1045.94
1055.00
1070.98
1063.11
1064.06
1065.97
25097.85
1019.00
975.13
967.03
966.07
1033.07
1026.15
1020.91
1029.01
1024.96
1027.82
1024.01
25059.94
982.05
955.82
945.81
942.95
990.15
977.04
976.09
982.05
968.93
966.07
977.99
25004.86
1032.83
983.00
972.99
962.97
1018.05
1022.10
1024.96
1028.78
1030.92
1037.84
1030.92
25058.98
1031.88
988.01
988.96
1004.93
1029.97
1039.98
1048.09
1049.04
1035.93
1044.99
1045.23
25074.01
959.16
956.06
952.96
995.87
1031.88
1030.92
1019.00
1036.88
1025.20
1020.91
1024.01
25063.99
974.18
957.01
958.20
973.94
981.09
971.08
975.13
982.05
970.13
975.13
976.09
25073.05
974.18
964.88
954.87
973.94
1033.07
1025.92
1036.17
1041.89
1039.03
1035.93
1039.98
25109.05
1022.82
1015.90
1001.12
1023.05
1023.05
1019.95
1039.03
1027.11
1037.12
1034.98
25069.00
1002.07
967.03
964.16
976.09
1048.09
1039.98
1041.89
1046.18
1039.98
1041.17
1038.07
17114.16
1020.91
1000.88
988.96
997.07
1005.17
1006.13
1000.88
1008.03
1003.03
999.93
1000.17
25113.11
1014.95
1008.99
1001.12
1014.95
994.92
1003.98
998.02
1008.99
1005.17
1003.03
998.02
25080.20
998.97
981.81
989.91
983.95
981.09
971.08
972.03
987.05
976.80
972.03
962.97
25091.89
993.97
983.95
975.85
985.86
978.95
977.99
972.99
945.09
957.97
962.97
962.02
41063.07
959.87
953.20
948.91
953.91
952.01
948.91
943.90
958.92
952.96
950.10
946.04
947.95
1003.03
1001.12
1005.17
17036.91
1013.04
957.97
947.95
944.14
983.00
992.06
983.00
983.95
990.15
978.95
977.99
981.09
983.95
983.00
984.91
982.05
17080.07
992.06
978.95
970.84
976.80
977.04
965.12
962.02
988.96
1001.83
996.83
995.87
1000.88
996.83
995.87
999.93
17053.13
978.95
962.02
962.02
969.17
962.97
962.02
958.92
959.16
957.01
950.81
952.96
942.95
961.07
948.91
952.01
16980.89
1062.87
1009.94
1001.12
983.95
985.86
983.95
978.95
988.01
988.01
977.04
981.09
982.05
981.09
983.95
987.05
13009.07
1051.90
990.87
985.86
988.96
983.00
984.91
982.05
989.20
993.97
983.00
982.05
37012.10
1013.99
959.87
957.97
952.01
1007.08
1006.13
996.11
1013.04
1000.17
1003.98
998.97
13025.05
1028.06
990.87
981.81
984.91
988.01
977.04
972.03
972.03
978.95
972.99
971.08
968.22
29099.94
1012.80
993.97
993.01
977.99
982.05
979.90
983.95
17097.00
1013.99
1003.03
998.02
973.94
976.09
977.04
974.89
25080.20
1002.07
1004.93
1003.03
969.89
977.99
981.09
977.99
988.01
978.95
974.18
972.03
25074.96
974.89
959.87
963.93
976.09
981.09
981.09
981.09
990.15
976.09
972.03
978.95
997.07
1005.89
1006.84
1003.98
17076.02
969.89
969.17
961.07
971.08
998.02
990.15
984.91
994.92
984.91
991.11
983.00
993.97
972.99
967.98
968.93
17053.84
997.07
984.91
969.89
980.85
1001.83
1000.88
1000.88
1003.03
998.02
995.87
1001.83
988.01
946.04
945.09
941.99
16994.95
1051.19
1018.05
994.92
995.87
972.03
967.03
972.99
971.79
962.97
955.10
957.01
964.88
1001.12
996.11
995.16
25043.01
1036.88
999.21
987.05
988.96
990.87
989.20
984.91
982.05
1008.99
1002.07
999.21
25057.08
1039.98
1001.83
1004.93
1010.89
1008.99
1008.03
998.97
9037.02
1043.08
1007.08
998.02
1003.03
998.97
998.97
994.92
25073.05
1017.09
994.92
1004.93
1005.17
998.02
1002.07
997.07
21087.17
980.14
966.07
962.02
967.98
962.02
960.11
956.06
964.16
962.02
958.92
959.87
17002.82
1065.97
1031.88
1016.86
1038.79
1021.86
1019.95
1027.11
1033.07
1026.15
1023.05
1022.10
1004.93
967.98
972.99
968.93
17064.09
977.04
960.83
955.82
962.02
980.85
976.80
972.99
977.04
970.13
967.03
960.83
962.97
958.92
956.06
955.82
16989.95
1025.92
977.99
962.97
969.89
962.02
959.87
955.82
956.06
999.93
999.93
1007.08
1003.98
1019.95
1003.03
1006.84
17042.88
1000.88
958.92
951.05
948.19
951.05
952.96
951.05
947.95
956.06
953.91
948.19
946.04
960.11
957.01
957.01
962.02
17000.91
1030.92
1003.03
999.93
985.86
979.19
978.95
981.81
982.05
983.95
981.09
985.15
982.05
976.09
977.99
968.93
17006.16
1025.92
991.82
975.85
978.95
977.99
974.89
972.99
962.97
988.01
998.02
989.91
998.02
995.16
989.91
994.92
17027.14
1008.03
967.98
964.88
963.93
960.11
952.01
951.05
950.10
958.92
950.81
952.01
947.95
952.96
948.19
945.09
950.10
13000.97
1012.09
977.99
970.84
973.94
971.08
962.02
959.87
964.16
960.11
950.10
953.91
24988.89
1019.95
976.09
967.98
960.83
964.88
960.83
954.87
952.01
945.09
954.15
952.96
952.96
25075.91
982.05
973.94
965.83
952.01
944.14
956.06
947.95
952.96
951.05
947.00
944.85
24997.00
1019.95
977.04
977.04
981.09
981.09
978.95
972.03
981.81
977.04
971.08
967.98
24999.86
1040.94
993.01
983.00
987.05
988.01
985.86
980.85
986.81
990.87
986.81
980.85
21013.02
1055.00
1013.04
1014.95
1016.14
1007.08
1004.93
1008.03
25029.90
1055.00
1008.03
1008.03
1000.88
1003.03
1003.98
998.02
25047.06
1015.90
968.93
964.16
963.93
998.02
991.11
983.95
993.01
987.05
979.90
980.85
25017.98
1024.01
982.05
977.99
963.21
990.87
996.83
994.92
1000.17
994.92
990.87
988.96
995.16
983.00
983.00
987.05
17017.84
1028.06
977.99
970.84
967.98
1010.89
1014.95
1008.03
1019.00
998.02
1006.13
1011.13
25044.92
1075.98
1033.78
1029.01
1008.03
982.05
974.89
977.99
988.01
976.09
976.09
980.14
25026.08
1070.02
1052.86
1034.98
1018.05
973.94
969.89
971.08
976.09
976.09
971.08
971.08
25017.02
1078.84
1054.05
1053.09
1025.92
948.91
947.00
944.85
952.96
949.14
945.09
945.09
24981.98
1071.93
1017.09
1019.00
994.92
981.09
970.13
976.09
967.98
972.03
960.11
966.07
24992.94
1072.88
1035.93
1036.17
1022.10
1014.95
1015.90
1010.18
1012.09
1008.03
1004.93
1002.79
25045.87
1026.87
994.92
992.06
988.01
975.85
969.89
977.99
972.99
966.07
967.98
967.98
28999.81
1020.91
972.03
969.89
964.16
952.01
962.02
960.83
973.94
979.90
974.18
973.94
974.89
25101.18
1002.07
996.11
1007.08
984.19
977.99
980.14
983.95
993.97
972.99
983.95
967.98
25080.92
986.81
977.99
974.89
974.89
970.84
967.03
968.93
980.85
969.89
960.11
971.08
25091.17
1023.05
1001.12
997.07
1008.99
993.97
1004.93
998.97
985.15
972.99
960.83
963.93
25083.07
1035.93
1010.18
1013.99
1002.07
1002.07
998.97
998.97
1008.03
993.01
997.07
993.01
17066.96
977.99
964.16
957.97
946.04
946.04
945.81
942.95
957.97
945.81
952.96
948.19
960.83
951.05
950.10
947.00
16994.95
1050.00
1003.98
1005.89
988.96
981.09
977.04
975.85
968.93
968.93
974.89
974.89
983.00
972.03
977.04
970.13
16994.00
1019.95
983.00
973.94
988.96
978.95
991.11
983.95
987.05
998.02
988.96
994.92
992.77
985.86
994.92
998.02
986.81
17082.93
1009.94
999.93
985.86
1006.84
1005.89
1010.89
1012.09
998.97
1003.03
1014.95
1014.95
1011.13
1008.03
1012.09
17040.97
1013.99
964.16
960.11
953.91
953.91
947.00
950.10
948.91
1003.98
988.96
977.99
977.99
989.91
974.18
972.03
968.93
17040.97
981.09
964.16
963.93
967.03
961.07
960.11
953.91
958.92
948.91
953.20
952.01
955.10
1012.09
1019.00
1011.13
17060.04
1002.07
955.10
941.99
956.06
949.86
952.01
947.00
940.80
993.01
1004.93
1002.07
1013.04
998.97
986.81
990.87
13042.93
1049.04
1006.84
1004.93
997.07
1011.13
994.92
985.86
25031.81
1035.93
990.87
989.91
991.11
988.96
977.99
972.99
25012.02
1019.00
961.07
954.87
963.93
961.07
960.83
960.83
28983.83
1006.13
962.02
959.16
954.15
958.92
949.14
950.10
946.04
958.92
944.85
944.85
939.85
25027.99
971.08
951.05
946.04
957.97
952.96
947.95
947.00
957.01
951.05
954.15
957.01
20983.93
1024.01
965.12
961.07
963.93
970.13
962.02
967.03
965.83
33089.88
988.01
978.95
977.04
983.00
970.13
966.07
967.98
1018.05
1029.01
1038.07
1037.12
25064.95
980.85
966.79
971.08
973.94
966.79
962.97
967.03
973.94
976.09
971.08
962.02
25053.98
972.99
958.92
953.20
963.93
957.01
951.05
949.14
948.91
969.89
981.81
979.90
25034.90
996.83
958.20
948.91
954.87
952.01
947.95
949.86
947.95
1003.03
1014.23
1018.05
25047.06
1011.13
950.10
954.15
947.00
1001.12
1001.12
997.07
996.11
991.11
993.97
992.06
978.95
25037.05
983.00
962.97
956.06
967.03
953.91
947.00
952.96
964.16
959.87
962.02
970.13
25073.05
1006.13
993.01
993.01
1001.12
990.15
995.87
991.82
1001.83
998.97
993.01
998.97
25115.01
1039.98
1025.92
1024.01
1033.07
1024.01
1026.15
1030.92
944.85
959.87
961.78
963.93
21087.88
992.06
981.09
972.99
977.99
966.07
975.13
966.07
967.98
958.92
960.11
959.16
25079.97
1003.03
992.06
989.91
995.87
978.95
982.05
977.04
975.85
971.79
977.04
966.07
25051.12
1006.13
989.91
987.05
988.01
987.05
981.81
976.80
970.84
989.91
985.15
992.06
25043.01
1010.18
972.03
971.08
964.16
957.01
967.98
963.93
972.99
960.83
967.98
970.13
24991.99
1024.96
983.00
979.19
973.94
968.93
970.13
967.03
971.08
969.17
963.93
961.07
960.83
25052.07
976.09
962.02
965.12
967.03
965.12
963.93
958.92
971.79
962.02
961.07
964.16
25070.91
1031.88
1019.95
1013.04
1022.10
1022.10
1009.94
1010.89
962.97
1012.09
1017.09
1017.09
25079.97
983.95
967.98
959.87
1000.17
1012.09
1029.01
1016.14
1034.02
1062.87
1033.07
33041.00
1049.04
1012.09
993.97
1003.98
994.92
1001.83
1003.03
1003.98
996.83
999.93
996.11
25037.05
1034.02
995.87
987.05
991.11
988.01
989.20
984.91
995.87
1014.95
1008.03
1012.09
25048.02
1021.86
979.90
973.94
969.89
958.92
963.93
962.97
977.99
979.90
979.19
982.05
25012.97
1055.00
1006.13
1008.03
1006.13
1003.03
1001.12
1013.04
1002.07
1003.03
1003.98
1003.98
25038.96
1060.96
1013.99
1003.03
1017.09
1007.08
1008.03
997.07
1019.95
1006.84
1021.86
1020.91
25062.08
1025.20
990.87
988.01
989.91
984.91
983.00
984.91
990.87
985.86
984.91
988.01
17034.05
1036.17
997.07
996.11
998.02
983.95
988.96
993.01
988.96
977.04
974.18
969.89
25012.02
1062.15
1021.86
1007.80
1019.00
1003.98
1005.89
1008.99
1009.94
995.87
1004.93
995.16
25093.08
1024.01
1002.07
1002.07
1004.93
998.02
998.97
1001.83
1003.98
996.11
998.97
994.92
25095.94
1019.00
1008.99
993.97
997.07
998.97
988.96
993.97
958.92
957.01
963.93
969.17
25090.93
1034.02
1008.99
1006.13
963.93
969.89
975.85
974.18
982.05
979.19
981.09
981.09
25063.99
998.97
988.01
986.10
994.92
978.95
992.06
986.10
993.97
989.91
988.96
985.86
25094.99
987.05
971.08
972.99
962.97
970.13
980.14
977.99
983.00
984.91
990.87
993.01
988.01
989.91
993.97
1005.17
17061.95
1007.80
983.00
983.95
977.99
1002.07
1003.03
1009.94
1006.84
1015.90
1016.86
1008.99
1020.91
1013.99
1028.06
1014.95
17102.00
987.05
976.09
967.98
974.89
970.13
967.98
967.98
957.01
1005.89
998.02
997.07
988.96
977.99
978.95
977.99
17051.94
995.16
973.94
975.85
983.95
980.14
978.95
972.99
983.00
976.80
975.85
972.99
971.08
959.16
959.87
959.87
17011.88
1054.05
1018.05
998.97
991.11
998.02
1018.05
1011.85
993.01
961.07
956.06
948.91
957.97
959.16
963.93
957.97
974.89
17090.08
1016.86
1009.94
1013.04
1011.85
1006.84
1004.93
1015.19
1004.93
1007.80
1003.03
983.95
967.98
957.01
960.11
16988.99
1076.94
1040.94
1034.98
1031.16
996.11
993.97
1003.03
999.93
994.21
1002.07
988.96
1003.98
993.97
998.97
995.87
17040.01
1052.14
1009.94
1003.98
1009.94
1006.13
1005.17
996.83
994.92
996.11
998.02
994.92
25047.06
1063.11
1013.99
1006.84
1010.89
1004.93
1003.98
993.97
1004.93
988.01
986.10
983.95
25072.81
1035.93
1010.89
1007.08
1008.03
969.89
971.79
967.03
976.09
968.93
967.98
970.13
29040.10
1078.13
1061.92
1056.91
1018.76
983.95
989.20
989.91
985.86
975.85
978.95
975.13
976.09
957.97
960.11
959.16
17024.99
1039.03
1011.85
1004.93
975.13
953.91
952.96
951.05
957.01
945.81
947.95
943.18
941.99
993.97
1003.98
1001.83
17045.02
1031.88
985.86
972.99
960.11
961.07
967.98
962.97
960.11
958.92
967.98
957.01
954.87
1013.99
998.97
989.20
999.93
13089.18
1012.09
993.97
994.92
1002.79
988.01
990.15
989.91
1019.00
1029.01
1042.13
25073.05
1056.19
1020.91
1010.89
1015.19
1013.04
1012.09
1007.08
1007.08
972.03
988.01
988.01
33031.94
1047.85
1003.03
994.92
993.01
993.97
990.15
980.14
29018.88
1013.99
977.04
968.93
972.99
966.07
962.02
958.20
967.98
959.16
958.92
957.97
963.93
967.98
965.12
960.11
959.87
17087.94
1030.21
1017.09
1013.99
967.98
990.15
993.01
991.11
1008.99
993.97
992.06
1003.03
1008.99
998.02
996.11
997.07
17097.00
1011.85
998.02
998.97
999.93
993.97
984.91
983.00
994.92
1004.93
1008.99
1016.86
1011.13
1001.12
1004.93
17029.05
1033.07
989.20
988.01
991.11
988.01
973.94
977.99
981.81
975.85
972.03
978.95
976.80
1024.01
1019.00
1015.19
17051.94
1009.94
962.97
961.07
957.01
982.05
991.82
984.91
991.11
997.07
992.06
985.15
992.06
990.15
988.01
988.96
984.91
17078.88
1002.79
996.83
994.92
1008.99
994.92
990.15
1002.07
979.90
995.87
996.83
992.06
998.97
992.06
989.91
995.16
17095.09
1018.05
1006.13
1009.94
998.02
1009.94
1008.03
1005.17
1003.03
1001.12
996.11
21023.99
1055.00
1025.92
1009.94
1018.05
1011.85
1008.03
1013.04
1013.04
1004.93
1004.93
1015.19
25040.86
1048.09
1014.95
1009.94
1007.08
1002.07
1002.07
990.15
1002.07
993.01
996.11
988.96
29044.87
1024.01
986.10
982.05
980.14
962.02
981.09
977.04
986.81
987.05
984.91
989.91
978.23
988.01
983.95
993.97
17039.06
1027.11
977.04
972.99
967.98
1010.18
1071.93
1017.81
1011.85
1010.89
1005.89
1005.17
981.09
962.02
960.11
972.03
17022.85
1045.94
1013.04
1001.83
984.91
1019.00
1030.92
1037.84
1035.93
1030.92
1032.83
1037.84
1004.93
944.85
950.81
943.90
13002.87
1036.88
1001.83
994.21
1004.93
1024.96
1018.05
1017.09
1023.05
1014.23
1017.09
1013.99
25125.03
1048.09
1043.08
1027.11
1013.04
1034.02
1029.01
1029.01
1027.11
1027.11
1024.01
21061.90
1040.94
1001.12
992.06
996.11
993.97
993.97
995.16
29034.85
1010.89
959.87
956.06
946.04
1003.98
996.83
995.87
998.02
995.87
988.01
987.05
25014.88
1042.13
993.97
983.95
977.04
996.11
987.05
983.95
979.90
974.18
972.99
961.07
958.92
25091.17
1008.03
998.97
995.87
974.89
970.13
971.08
965.12
976.09
957.01
956.06
952.96
25099.04
1015.90
1000.17
999.93
972.99
972.99
966.07
956.06
966.07
956.77
952.01
950.10
25064.95
984.91
973.94
970.13
958.92
946.04
952.96
957.01
964.88
962.02
959.87
964.88
25009.87
1028.06
982.05
976.09
969.89
955.82
962.02
973.94
972.99
971.08
976.09
969.89
25007.01
1060.96
1000.88
1000.17
988.96
957.97
970.13
974.89
989.91
986.10
988.01
984.91
24985.07
1084.09
1013.04
1009.94
1004.93
969.89
982.05
972.03
989.91
985.15
987.05
983.00
979.90
25085.93
1019.00
1010.89
1000.88
980.85
993.97
994.92
1002.79
998.02
988.01
993.97
25021.08
1052.14
1008.99
996.11
995.16
989.91
1004.93
998.02
1015.90
995.16
994.92
993.01
25049.92
1075.98
1021.15
1018.05
1005.17
981.09
987.05
975.13
992.06
983.95
990.87
980.85
25025.84
1024.01
993.01
979.19
997.07
987.05
988.96
984.91
981.81
985.86
981.81
983.00
25007.01
1056.91
1009.94
1004.93
999.93
1007.80
995.87
1000.88
1013.99
983.00
1003.98
999.93
25043.96
1041.89
1008.99
998.02
1007.08
1008.03
1012.09
1002.07
1013.04
1008.99
1004.93
1000.17
25080.92
1034.98
1012.09
1019.95
1041.89
1034.02
1029.97
1034.02
1037.84
1029.97
1032.11
1032.11
25122.88
1049.04
1033.07
1025.92
1029.97
1028.06
1032.11
1029.97
1030.92
1027.11
1023.05
13056.04
1010.89
977.04
974.89
972.99
968.93
969.89
966.79
25007.96
998.97
952.96
945.81
953.91
948.91
948.19
952.01
945.09
946.04
948.19
955.10
947.00
25062.08
967.03
952.96
950.10
952.01
950.10
949.14
947.95
952.01
949.14
950.10
948.91
24992.94
1002.07
960.11
950.10
955.10
947.95
946.04
946.04
947.00
1025.92
1031.16
1029.01
25065.18
1045.94
1004.93
997.78
988.01
968.93
972.99
976.09
985.15
992.06
985.86
983.95
25010.11
1061.20
1003.03
998.97
1003.03
1002.07
999.93
1001.83
989.91
964.16
962.02
959.16
24981.02
1058.82
985.86
973.94
972.99
993.01
1014.95
1003.03
1018.05
1019.95
1001.83
1013.04
1008.03
1008.99
1010.89
1007.80
17042.88
1024.01
980.14
973.94
975.85
968.93
971.08
970.84
968.93
1037.12
1047.85
1044.99
1052.14
1050.95
1043.80
1044.99
17071.96
1030.92
989.91
982.05
985.86
968.93
972.03
967.98
968.93
959.87
959.16
957.01
948.19
1017.09
1017.09
1015.90
17030.95
1008.03
960.83
947.95
941.99
971.08
995.87
993.01
1009.94
993.01
1003.03
997.07
1009.94
1003.03
1003.03
997.07
17039.06
1064.78
1023.05
1015.90
1029.01
1021.15
1015.90
1026.87
993.97
959.87
956.77
953.91
959.87
952.01
951.05
949.86
16967.06
1001.12
960.11
950.10
946.04
955.10
945.09
946.04
942.95
949.86
947.00
945.09
952.01
967.98
1029.01
1028.06
1022.10
17110.11
998.02
975.13
965.12
977.04
945.09
946.04
949.14
946.04
955.10
947.00
953.91
959.16
956.06
956.06
960.11
16981.12
1115.08
1061.20
1062.87
1070.98
1062.15
1057.86
1060.96
1017.09
989.20
975.85
978.95
994.21
983.00
974.18
974.89
25013.92
988.01
957.97
949.14
960.11
951.05
949.14
947.00
954.15
950.10
945.09
941.99
943.18
25068.04
981.09
979.19
974.89
977.99
972.03
966.79
967.03
971.08
961.07
956.06
951.05
25053.98
968.93
953.91
949.14
960.11
947.95
945.81
949.86
944.85
980.14
998.02
990.15
25041.10
1046.18
1004.93
1005.17
1019.95
1021.86
1015.19
1023.05
1018.05
1018.05
1013.99
1014.95
25114.06
1050.95
1024.96
1019.95
1026.15
1018.05
1024.01
1013.99
1024.01
1018.05
1013.99
25038.96
1079.80
1013.99
1009.94
1011.13
1003.03
1002.79
998.97
1005.17
1003.98
998.02
1003.03
17034.05
1067.16
1008.03
1001.12
1013.99
999.93
1003.98
1003.98
998.97
983.95
995.16
1006.84
1010.89
1002.79
1003.98
998.02
17023.80
1045.94
1008.03
1007.08
1008.99
1008.03
1008.03
1008.99
1004.93
1003.03
1003.03
1001.12
1008.03
961.07
959.16
961.07
16991.14
1026.15
984.91
979.90
989.91
972.99
963.93
967.03
965.83
957.01
953.91
952.01
20988.94
1048.09
999.93
1041.89
9086.85
1044.99
1007.08
1007.08
13036.97
1028.06
997.07
989.91
13031.96
1079.08
1048.09
1036.17
1050.00
1043.08
1039.03
1041.17
37082.91
986.10
970.13
965.12
978.95
967.03
952.96
954.15
962.02
957.97
947.95
953.20
25020.12
979.90
958.92
953.91
957.97
958.92
953.91
963.21
966.07
961.07
971.08
972.99
17009.02
1057.15
1020.91
1009.23
989.91
996.83
989.91
990.87
992.06
983.00
974.89
977.99
962.97
977.99
988.01
991.11
17019.03
1044.99
999.93
990.87
995.87
989.91
986.10
983.00
971.79
973.94
984.91
990.15
25021.08
1048.09
1010.18
995.87
1003.03
993.97
1001.83
993.97
983.00
1003.03
1012.80
1008.99
25053.02
1065.97
1029.01
1016.14
1029.01
1019.00
1008.99
1013.04
983.95
1002.07
993.97
1004.93
25047.06
1072.17
1048.09
1032.11
1036.88
1030.92
1029.97
1029.97
990.15
1002.07
1004.93
1000.88
25111.91
1026.15
1012.09
1012.09
1019.00
1010.18
1011.85
1013.04
1019.95
1010.89
1008.99
25027.04
1065.02
1006.84
998.97
1012.09
1007.08
1001.12
1003.98
1019.00
972.03
971.08
968.93
24998.90
1064.06
1006.13
1001.12
997.07
991.11
993.01
988.01
988.96
988.01
991.82
987.05
33029.08
1017.09
973.94
959.87
965.83
957.01
952.96
957.97
950.10
1006.13
1008.99
1007.08
1006.13
9076.12
998.02
985.15
983.00
948.19
958.92
959.87
953.91
964.16
957.01
955.10
955.10
970.13
955.10
960.11
953.91
17005.92
1010.89
977.99
966.07
973.94
962.02
957.01
962.02
946.04
952.01
944.85
943.90
957.01
952.96
954.15
964.88
964.88
17084.84
1017.09
996.11
1004.93
993.01
1003.03
993.97
998.97
998.02
993.01
998.97
993.01
1006.84
1008.03
1009.94
17039.06
1036.17
983.00
982.05
974.89
998.97
1003.03
1003.03
1010.18
998.02
993.01
1008.99
1012.09
1012.09
997.07
1006.13
17037.87
1049.04
1001.12
995.87
990.87
997.07
981.09
977.99
972.99
1003.98
998.02
1007.08
1011.13
1006.13
1003.98
1005.89
17027.14
1031.16
984.91
975.85
1003.98
988.01
990.87
998.97
1003.03
994.92
984.91
994.92
990.15
975.13
972.03
967.03
16994.00
1038.07
987.05
983.00
972.99
1008.99
1001.83
1004.93
1011.13
1011.13
1003.98
1008.99
999.93
1005.89
998.02
998.02
17021.89
1044.99
1002.07
993.01
1003.03
986.10
977.99
970.13
970.13
962.02
955.10
952.01
947.95
25077.10
993.01
983.00
983.95
980.14
988.01
987.05
980.14
1007.08
997.07
1003.98
994.92
33088.92
1001.83
1000.88
988.96
988.01
989.20
988.01
25019.17
1021.15
971.08
958.92
949.86
955.82
947.00
951.05
952.01
25064.95
959.87
957.01
949.86
954.87
947.24
947.00
941.99
25040.86
1032.83
1019.00
1013.99
1025.20
1017.09
1019.95
1005.17
991.11
993.01
1011.13
1008.99
25125.98
1040.94
1021.86
1025.92
1029.01
1035.21
1024.96
1027.11
1008.03
1007.80
1001.83
25033.00
1051.19
1013.04
1001.12
998.97
1025.20
1015.90
1024.01
25052.07
997.07
967.98
957.01
966.07
1014.95
1013.04
1013.04
25043.96
1020.91
983.95
980.14
972.99
1003.03
998.97
1002.07
25041.10
1012.09
966.07
955.82
963.93
954.15
956.06
962.97
956.06
964.88
974.89
980.85
985.15
25084.97
1003.98
998.02
993.97
988.01
988.96
995.87
985.86
962.97
963.93
969.89
970.84
989.91
988.96
999.93
1008.99
17095.09
1012.09
1011.13
1016.14
1004.93
1008.03
1011.85
1007.80
975.85
988.96
1001.12
1008.99
1011.85
1015.90
1013.99
17047.88
1048.80
1013.99
1006.13
1008.99
1010.18
1007.08
1003.98
1001.83
1016.86
1019.95
1018.05
1033.07
1035.93
1033.07
1023.05
13118.98
1006.84
992.06
988.96
965.12
993.01
1005.17
998.02
1010.18
989.91
998.97
998.02
25115.01
1012.09
1002.07
998.02
957.01
996.83
1003.03
991.82
1013.04
998.02
1001.12
1000.17
25125.03
1022.10
1011.13
1021.15
1022.10
1015.90
1008.03
997.07
25113.11
1039.98
1018.05
1027.82
1020.91
1023.05
1020.91
1015.19
973.94
979.90
991.11
25030.14
1074.08
1070.98
1067.88
1049.04
1036.88
1031.88
1027.11
1028.06
1024.96
1013.99
1017.09
25088.07
1016.14
1004.93
1007.08
1008.03
983.95
978.95
971.08
977.04
975.13
972.99
967.03
21059.99
1022.10
1003.98
1008.99
9083.99
989.91
977.04
974.89
9093.05
1013.04
1002.07
993.97
13054.85
962.02
950.10
947.00
957.01
947.95
945.09
947.00
960.83
956.06
949.86
947.95
25007.01
1003.03
962.02
957.01
971.08
957.97
952.01
953.20
946.04
946.04
945.09
950.10
954.15
25046.11
967.98
956.06
952.01
954.87
949.14
949.14
945.09
962.97
955.82
960.83
958.92
25071.86
965.83
952.01
952.96
956.06
964.16
957.01
965.12
37021.16
1068.12
1036.17
1024.96
1035.21
1029.97
1024.01
1029.01
1027.11
1030.92
1024.01
1029.01
25122.17
1037.12
1030.92
1027.82
1032.83
1028.06
1025.92
1039.03
1024.96
1024.96
1025.92
9063.96
1110.08
1086.00
1086.95
1094.10
1083.14
1085.04
1086.00
33116.82
1039.03
1019.95
1040.94
1034.02
1026.87
1032.83
17069.10
1032.11
1001.12
1007.08
1006.13
1010.89
1008.03
1007.08
25063.04
1047.13
1004.93
1005.89
1012.80
999.93
1011.13
1007.08
1023.05
1022.10
1023.05
1028.78
25088.07
1013.04
995.16
997.07
1024.96
998.97
992.06
1003.03
993.01
983.00
977.04
977.99
17086.03
1059.06
1029.01
1026.87
1029.97
1025.20
1029.97
1026.15
1030.92
1026.87
1026.15
1023.05
1019.95
1019.00
1007.08
17070.06
1110.79
1087.90
1088.86
1016.86
981.81
988.96
998.02
1004.22
1004.93
998.02
998.97
993.01
986.10
997.07
998.02
17115.83
1085.04
1063.11
1062.15
1075.03
1065.02
1067.16
1051.90
1003.03
996.11
988.96
986.81
982.05
985.86
977.04
17014.03
1085.04
1041.89
1042.13
1044.03
1039.03
1044.99
1039.03
1047.13
1040.94
1034.98
1037.12
998.02
1023.05
1034.02
1021.86
17084.12
987.05
977.99
972.03
1030.92
1041.89
1036.88
1039.03
1046.90
1037.84
1034.98
1048.09
1042.13
1039.03
1043.08
17083.17
1080.04
1041.17
1044.03
1048.09
1044.03
1043.08
1036.17
1045.94
1040.94
1042.13
1038.07
13062.95
980.85
961.07
967.98
975.13
967.98
977.04
973.94
999.93
983.95
977.99
977.04
25072.10
1023.05
1003.03
1000.88
1020.91
987.05
984.91
982.05
988.01
977.04
975.13
970.84
25086.88
1018.05
1015.90
1010.89
1011.85
995.87
995.87
986.81
994.21
983.95
984.19
982.05
25082.11
998.02
988.96
988.96
993.01
979.19
980.14
973.94
980.14
972.03
972.03
976.80
25081.87
1003.98
988.96
990.87
1002.79
992.06
993.97
996.83
1014.95
1002.07
991.11
987.05
25087.12
1041.17
1034.98
1020.19
977.04
960.11
961.07
960.11
965.12
951.05
955.10
951.05
29072.05
1030.21
1019.00
1018.05
976.80
941.99
945.09
942.95
962.97
948.91
953.91
947.00
963.93
949.86
941.04
953.91
16997.10
1026.87
975.85
981.09
981.09
977.99
984.91
989.91
979.19
976.09
979.90
980.85
980.85
967.98
977.99
983.95
975.13
17101.05
1028.06
1012.09
1016.14
1016.14
1019.95
1028.06
1036.88
1034.02
1037.84
1031.88
1004.93
980.14
973.94
976.80
17019.03
