1057.15
1032.11
1015.19
998.02
972.99
976.09
968.93
25016.07
1024.01
975.85
967.03
980.14
964.88
962.02
956.06
24991.99
1015.90
961.78
964.88
955.82
983.95
1005.17
997.07
25027.04
1036.88
978.95
973.94
962.97
1023.05
1022.10
1019.95
25044.92
1016.86
958.92
973.22
961.07
1024.01
1024.01
1031.88
25059.94
1001.12
960.11
958.92
957.97
1029.97
1018.05
1030.92
25052.79
994.92
953.91
948.91
973.94
1024.01
1015.90
1005.17
25048.02
1039.03
990.87
978.23
997.07
1024.96
1022.82
1020.91
25062.80
1035.93
991.82
987.05
998.02
1014.95
1019.00
1028.06
25099.04
1007.80
977.99
978.95
1003.03
994.92
984.19
988.96
25071.86
1013.99
972.03
972.99
991.82
964.88
963.93
972.03
25056.12
1032.11
1003.03
1001.83
987.05
979.90
979.19
969.89
25095.94
1015.90
997.07
992.06
971.79
990.87
993.97
998.97
25103.81
988.96
980.14
967.03
956.06
1002.79
1015.90
994.92
25098.09
979.19
965.12
966.07
958.92
1019.00
1013.99
1014.95
25093.08
970.13
962.97
951.05
958.92
1001.83
1534.94
25017.02
1044.03
985.15
982.05
970.13
1009.94
996.83
998.97
25010.11
1075.03
1028.06
1018.05
1018.05
1003.03
990.87
982.05
25032.04
1019.00
966.07
957.01
961.07
968.93
969.89
976.80
25007.96
1042.84
1007.80
988.96
983.95
996.83
997.07
998.02
25038.00
1025.92
979.19
969.89
966.07
1010.89
995.87
1010.18
25053.98
1021.86
984.91
973.94
972.99
975.85
980.85
993.97
25040.15
1022.10
974.18
969.89
956.06
1017.09
1006.84
1011.85
25045.87
1014.95
986.10
977.04
967.98
988.01
981.81
969.89
25010.82
1019.95
975.13
978.95
951.05
960.11
954.87
948.91
950.81
1100.06
1019.00
1005.89
1003.03
952.96
965.83
952.96
951.05
25093.08
1009.94
1009.94
1013.99
948.91
944.85
949.86
941.99
25090.93
998.97
993.97
987.05
955.10
961.07
966.07
967.98
25095.94
1008.99
988.96
984.19
967.98
988.01
995.87
991.82
25079.97
982.05
969.89
966.79
993.97
1021.15
1014.95
1012.80
25069.00
981.09
977.04
965.12
963.93
954.87
965.83
953.91
25067.09
983.00
954.87
957.97
956.06
1003.03
1006.84
1006.13
25160.07
992.06
982.05
971.79
995.87
1024.96
1029.97
1019.00
25082.11
1000.88
982.05
976.09
983.00
981.09
985.15
981.09
25056.12
972.99
965.83
959.87
950.10
949.14
956.06
958.92
25099.99
1016.14
998.02
990.87
966.07
964.88
963.21
973.94
25105.00
1029.97
1005.17
1014.95
953.91
957.97
968.93
972.99
25095.94
986.81
973.94
972.03
955.82
989.91
1001.12
998.97
25094.03
981.09
972.99
972.03
950.10
999.93
996.83
1019.95
25089.03
974.89
959.16
977.99
984.91
1019.00
1019.00
1014.95
25070.91
976.09
962.02
957.01
979.90
988.96
985.15
977.99
25084.02
1009.94
1006.13
996.11
999.93
970.84
958.92
958.92
25072.10
1023.05
1003.98
1019.00
986.10
950.10
964.16
963.93
25112.87
1024.96
1014.95
1006.84
968.93
995.16
990.15
993.97
25099.04
992.06
971.08
977.99
993.01
1007.08
998.02
1000.17
25074.96
978.95
966.07
960.11
957.01
948.19
946.04
942.95
25063.99
1001.12
973.94
977.99
966.07
1001.12
998.97
1003.98
25106.91
1044.99
966.07
959.16
977.04
1019.95
1018.05
1008.03
25118.11
1008.99
998.02
983.00
1013.99
1013.99
1001.12
995.87
25105.00
1000.17
983.95
976.09
977.04
969.89
967.98
973.94
25063.99
977.04
975.13
971.08
968.93
953.91
944.14
945.09
25110.96
1066.92
1042.84
1041.89
958.20
951.05
945.09
951.05
25094.99
1001.83
986.10
970.13
942.95
983.95
988.01
997.07
25090.93
976.09
967.03
953.91
998.97
1008.03
1008.03
1007.80
25075.91
976.80
960.83
964.88
989.91
990.15
977.99
969.17
25063.04
1008.99
993.97
994.92
988.01
956.06
960.11
944.85
25082.83
1047.85
1025.92
1027.82
988.96
955.10
954.15
957.97
25085.93
993.97
976.80
965.83
954.87
946.04
956.06
966.07
25074.96
995.16
974.89
977.99
992.06
997.07
998.02
1006.13
25090.93
2295.02
1003.03
977.99
977.04
988.96
983.00
25063.04
967.03
947.00
962.97
1011.13
1004.93
1003.03
1005.89
25095.94
989.91
981.09
978.95
964.88
951.05
954.87
945.81
25112.87
1047.85
1044.99
1054.05
962.02
949.86
953.91
948.91
25119.07
1011.13
990.15
984.91
956.06
953.91
957.01
948.91
25038.96
913.14
1037.12
1044.99
965.12
957.97
962.97
965.12
25105.00
1012.09
998.02
982.05
936.99
879.05
973.94
986.10
25069.95
998.97
988.96
980.14
988.96
948.91
958.92
963.93
25066.14
1050.00
1044.99
1040.94
987.05
994.92
989.91
983.95
25129.08
1019.95
1002.07
995.87
977.99
1002.07
1019.00
1003.03
25091.89
983.00
967.03
962.97
988.01
983.00
977.04
977.99
25063.04
980.14
982.05
985.15
999.93
965.83
961.07
959.87
25076.87
1020.91
1003.98
1012.09
991.11
964.16
957.97
956.06
25088.79
1045.94
1023.05
1021.86
970.13
951.05
956.06
952.01
25079.97
989.20
971.08
965.12
950.10
988.01
998.02
999.93
25094.03
986.10
969.17
977.04
995.16
1003.03
1014.95
1002.07
25084.02
983.00
980.85
974.89
1001.12
1002.07
994.21
984.91
25075.91
997.78
992.06
986.10
977.04
952.96
952.01
957.97
25096.18
1042.13
1030.92
1029.97
961.07
974.18
971.08
978.95
25113.82
1004.93
987.05
983.00
975.85
1009.94
1004.93
1004.93
25114.77
1029.01
980.14
1003.98
1005.17
1003.03
997.07
25012.97
1070.98
1001.12
985.15
982.05
982.05
981.09
982.05
25002.00
1039.98
966.07
960.83
962.97
963.93
967.98
970.13
972.03
25094.99
1005.89
996.83
996.83
962.97
967.03
973.94
972.03
25125.03
1041.89
1042.84
1042.84
964.16
973.94
970.84
972.03
25085.93
1005.89
993.01
987.05
967.03
973.94
964.88
969.89
25075.20
981.09
977.04
971.08
960.11
975.85
970.84
974.89
25084.02
983.00
983.95
982.05
981.09
967.98
972.03
972.99
25104.05
1024.01
1015.90
1017.81
985.86
983.95
971.08
975.13
25138.14
1048.09
1030.92
1032.83
1016.86
1012.80
1008.99
25056.12
1080.04
1047.85
1046.90
1030.21
1044.03
1039.98
1039.03
21105.05
1023.05
1024.01
1019.00
1036.88
1013.99
1018.05
1024.01
25121.93
1031.88
1016.14
1009.94
987.05
990.87
989.91
25011.06
1130.10
1082.18
1045.94
1014.95
993.97
987.05
983.00
25027.99
1042.84
1003.03
988.96
984.19
1002.07
988.01
994.92
25035.14
1019.95
977.04
970.13
962.02
994.92
988.96
989.91
25032.04
1050.00
1008.03
1008.03
1003.03
996.83
991.82
988.96
25048.02
1066.92
1034.98
1046.90
1019.95
993.01
994.92
988.01
25096.89
1039.03
1021.86
1013.99
1011.13
994.92
990.87
994.92
25106.19
1018.05
1006.13
1001.12
1013.99
1003.03
1004.93
993.97
25098.09
1008.03
997.07
983.00
1015.90
1018.05
1027.82
25054.93
1044.03
990.87
984.91
980.14
1028.06
1036.17
1015.90
25060.89
1024.01
986.10
974.89
972.99
1019.95
1019.95
1019.95
25061.85
1018.05
970.13
958.92
964.88
1005.89
1007.08
996.11
25043.01
1035.93
994.21
998.02
990.15
994.92
989.91
982.05
25040.86
1070.02
1029.01
1029.01
1019.95
998.97
991.11
988.96
25091.17
1031.16
1026.87
1008.03
1007.08
988.96
986.81
975.85
25100.95
1009.23
993.97
985.15
993.97
984.91
981.81
972.99
25074.01
980.85
965.83
959.87
968.93
960.11
967.98
967.03
25084.02
1024.01
1003.03
1008.99
995.16
968.93
973.94
969.17
25115.01
1055.00
1043.08
1038.07
988.01
972.99
974.89
975.85
25105.95
1033.07
1024.01
1021.86
991.82
988.96
993.01
984.91
25097.85
1019.95
999.93
996.83
1008.03
1003.03
995.16
29037.95
1055.00
1023.05
1016.14
1011.13
993.01
995.16
998.97
25028.23
1053.09
1011.13
1000.88
988.01
992.06
978.95
972.03
25022.03
1069.07
1010.18
1005.89
998.97
978.95
977.04
977.99
25031.09
1044.99
1008.99
998.97
983.95
975.13
970.13
965.12
25008.92
1015.90
989.91
983.00
972.03
968.93
962.97
966.07
25009.16
1027.11
977.04
969.17
961.07
967.03
971.08
967.98
25000.10
1060.01
1020.91
1010.18
997.07
962.97
969.89
964.16
24996.04
1047.85
997.78
989.91
981.81
980.85
985.86
981.81
25014.88
1030.92
969.89
965.12
960.11
998.02
994.92
1003.98
25021.79
1050.95
983.00
973.94
963.93
1005.17
998.97
1016.86
25034.90
1053.81
994.92
992.06
979.90
992.06
1004.22
1007.08
25032.04
1051.19
1008.99
1003.98
1001.83
969.89
973.94
974.18
25008.92
1077.89
1014.95
1008.99
1011.85
970.84
966.07
968.93
24998.90
1056.91
1004.93
1000.17
993.97
975.13
977.04
973.22
25002.96
1034.98
988.96
983.95
975.13
978.95
980.85
984.91
25014.88
1024.96
978.95
977.04
971.08
966.07
977.99
979.90
25009.16
1032.11
980.14
972.99
966.79
958.92
972.99
976.09
972.03
25069.00
981.81
966.07
962.02
967.98
966.79
973.94
977.04
25115.97
1012.09
1003.98
994.92
972.03
967.98
970.13
969.89
25110.96
1017.09
1012.09
1017.09
965.12
967.03
966.79
964.88
25099.99
1001.12
993.97
990.87
977.99
976.09
975.13
978.95
25072.10
981.09
972.03
969.89
985.86
980.85
976.80
977.99
25068.04
972.99
967.98
969.17
972.99
967.03
970.13
969.17
25081.87
1009.94
992.06
983.95
989.91
977.04
975.13
973.94
25101.90
1027.82
1019.00
1008.99
993.97
967.03
972.03
975.13
25105.95
1021.86
1006.84
999.93
977.99
968.93
967.98
968.93
25096.18
1003.03
993.97
992.06
962.02
971.08
975.13
968.93
25094.99
983.00
974.18
966.07
956.06
1002.07
998.02
999.93
25084.02
977.99
963.93
958.92
983.95
1019.00
1033.07
1012.09
25096.18
993.97
974.89
977.04
1026.15
1028.06
1034.02
1024.96
25115.01
1019.00
1025.92
1025.92
1001.12
996.11
991.11
25023.94
1077.89
1016.86
1008.03
1001.12
967.03
971.08
973.94
25018.93
1050.95
1013.04
1000.17
1002.07
1018.05
1011.13
1017.09
25054.93
1044.99
1000.88
1003.03
988.96
1002.07
994.21
990.87
25043.01
1022.10
987.05
987.05
982.05
992.06
1003.03
988.01
25064.95
1014.95
986.10
980.14
976.09
963.93
967.03
961.07
25002.00
1011.85
968.93
976.09
985.15
990.87
991.82
1005.89
25035.14
1050.00
1008.99
1005.17
1014.95
1011.85
1009.94
1028.06
25117.16
1039.98
1024.96
1023.05
1034.98
1043.80
1032.83
1044.03
25146.96
1053.81
1050.95
1058.10
1047.13
1048.09
1043.08
25090.93
1091.96
1050.00
1040.94
1055.00
1041.17
1040.94
1042.84
25148.87
1057.86
1048.09
1051.19
1044.99
1039.98
1042.84
25087.83
1092.91
1050.00
1046.90
1055.00
1042.84
1047.85
1046.90
25147.91
1057.86
1048.09
1049.04
1044.99
1044.03
1042.13
25089.98
1092.91
1055.00
1041.89
1047.85
1052.86
1044.03
1044.99
25149.11
1064.06
1044.99
1051.90
1051.90
1046.90
1044.03
25068.04
1102.92
1049.04
1047.85
1047.85
1047.85
1044.03
1044.99
25139.09
1060.96
1040.94
1048.09
1047.13
1044.99
1043.08
25073.05
1100.06
1052.86
1038.79
1051.90
1042.84
1039.03
1041.89
25146.01
1060.01
1044.99
1047.13
1054.05
1049.04
1044.03
25070.91
1099.82
1050.00
1044.03
1051.19
1048.09
1039.03
1039.98
25119.78
1066.92
1044.99
1042.13
1050.00
1048.09
1044.03
1036.88
25142.19
1053.09
1045.94
1052.14
1045.94
1040.94
1042.13
25083.07
1092.20
1046.90
1051.90
1053.09
1044.99
1040.94
1045.94
25148.87
1050.95
1044.99
1049.04
1043.08
1038.07
1045.94
25084.97
1090.05
1053.09
1044.03
1046.18
1043.08
1044.03
1036.88
25150.06
1060.96
1044.99
1048.80
1047.85
1044.99
1043.08
25077.10
1100.06
1048.09
1039.03
1055.00
1039.98
1043.08
1039.98
25148.87
1060.01
1045.94
1049.04
1050.95
1040.94
1040.94
25077.82
1101.97
1051.19
1044.99
1046.90
1047.13
1037.12
1040.94
25146.96
1066.21
1043.08
1044.99
1052.14
1042.13
1047.13
25072.10
1056.91
1005.89
993.01
994.92
1014.95
1026.15
1013.04
25048.02
1070.98
1015.19
1013.04
1013.99
1005.89
1004.22
993.01
25048.97
1038.07
986.10
977.99
976.09
960.11
970.13
978.95
25032.04
1026.15
978.95
971.08
971.08
1035.93
1019.00
1019.00
25058.98
1019.00
977.99
967.98
957.97
962.97
951.05
962.97
25021.08
1041.17
994.92
982.05
976.09
1013.04
1013.99
1016.86
25063.04
1019.95
983.00
972.99
959.16
977.99
975.13
965.12
25011.06
1024.01
980.85
972.99
970.84
998.02
997.07
1001.12
25048.02
1027.82
981.09
977.99
977.99
1034.98
1045.23
1045.94
25086.16
1038.07
1012.09
1008.03
996.11
1011.13
1003.98
996.83
25111.91
1031.16
1009.94
1005.89
983.00
965.83
958.92
963.21
25099.04
1029.97
1013.99
1004.93
970.84
1003.98
1005.17
1014.95
25141.00
1043.08
1030.92
1019.95
1016.14
1024.96
1020.91
25058.03
1069.07
1008.03
1008.03
1013.99
1018.05
1019.00
1017.09
25066.14
1034.02
984.19
982.05
968.93
961.07
962.97
972.03
25024.89
1045.94
994.21
992.06
981.09
1025.92
1025.92
1015.19
25073.05
1022.10
977.99
977.04
972.03
1004.93
1003.03
1001.12
25053.02
1013.99
977.04
977.04
964.88
965.83
979.90
981.81
25025.84
1019.00
967.98
968.93
972.99
1033.07
1020.91
1013.04
25058.98
1013.99
967.98
963.93
955.10
976.09
967.03
962.02
25005.82
1029.97
992.77
982.05
968.93
979.90
989.91
993.97
25041.82
1028.06
979.90
969.89
974.89
1048.09
1029.01
1035.93
25076.15
1036.17
999.93
995.87
989.91
987.05
977.04
971.08
25019.88
1046.90
1008.03
1004.93
998.02
986.10
994.21
1001.83
25095.94
1024.01
1008.99
997.07
990.87
1028.78
1024.01
1034.98
25129.08
1030.92
1007.08
1008.03
1030.92
1047.13
1044.03
25074.01
1096.96
1041.17
1029.97
1013.04
1036.88
1037.84
1043.08
25086.16
1065.97
1033.07
1020.91
1023.05
1023.05
1024.96
1010.89
25123.12
1042.13
1021.15
1012.09
999.93
980.85
977.04
969.89
25110.01
1044.03
1027.11
1019.00
959.16
965.12
973.94
977.04
25114.06
1033.07
1033.07
1019.00
985.86
995.87
1001.83
25034.90
1055.00
1019.00
981.09
993.01
978.95
977.04
967.98
25007.96
1093.86
1033.78
1029.01
1029.01
1033.78
1029.01
1032.11
25115.01
1020.91
1008.99
1001.83
1009.94
1000.88
988.96
985.86
25074.01
1003.98
983.00
982.05
980.14
964.88
972.99
970.13
25082.11
1002.07
985.15
978.95
977.99
1009.94
1017.81
1015.90
25096.18
993.01
967.98
977.99
989.20
986.10
981.09
971.08
25072.10
987.05
977.04
972.99
963.93
1010.18
1003.03
1003.98
25126.93
998.97
993.01
987.05
977.99
1019.00
1017.09
1021.15
25129.08
1022.10
1018.05
1014.95
1034.02
1029.97
1037.84
25066.85
1066.92
1039.03
1018.05
1019.95
1010.89
1007.08
999.93
25043.01
1056.91
1016.86
1000.88
992.06
961.07
959.16
968.93
21027.09
1056.91
1024.96
1007.08
1023.05
1004.93
1011.13
1008.03
25114.06
1011.85
993.97
981.09
979.90
1024.96
1019.00
1023.05
25097.85
994.92
973.94
975.13
1003.03
993.01
995.16
981.09
25080.92
993.01
977.99
968.93
958.20
999.93
996.11
1001.12
25109.05
989.20
979.90
979.90
1012.80
1033.07
1038.07
1030.92
25114.06
1025.92
1019.00
1009.94
1041.89
1034.02
1034.98
25077.10
1070.02
1014.95
1029.01
1009.23
1025.92
1019.00
1007.08
25093.08
1008.03
987.05
984.19
977.04
971.08
967.98
965.12
25018.93
1039.03
997.07
988.96
987.05
998.97
1011.85
1007.08
25103.09
999.21
975.85
973.94
977.04
1003.03
998.97
993.97
25091.89
1001.83
983.00
972.03
979.19
969.89
959.87
957.97
25054.93
1026.87
993.97
991.11
979.19
977.99
997.07
999.21
25096.89
1002.07
983.95
971.79
969.89
1024.01
1019.95
1022.10
25119.07
1005.89
989.91
992.06
986.81
1003.03
995.87
992.06
25110.96
1016.86
1005.89
1005.89
971.08
965.12
959.16
957.97
25117.16
1019.00
1007.80
1008.03
951.05
972.03
994.92
993.97
25124.07
1020.19
1009.94
1008.03
995.87
1006.84
1005.89
25050.16
1092.20
1040.94
1046.90
1025.20
1029.97
1035.93
1038.07
25084.02
1044.03
1008.99
998.02
981.09
981.09
972.99
972.99
25027.99
1061.92
1020.91
1016.14
1012.09
978.95
986.81
983.00
25098.09
1042.13
1013.99
1007.08
986.10
1008.99
1013.04
1018.05
25105.00
993.97
974.89
966.07
975.13
962.02
962.97
962.02
29081.11
980.14
966.07
966.07
951.05
991.11
999.93
994.92
25110.01
978.95
967.03
963.93
967.98
1008.03
1009.94
998.02
25101.90
985.86
982.05
973.94
970.13
959.87
962.02
971.08
25079.01
985.15
962.02
955.10
967.98
994.92
1013.04
1005.89
25103.81
993.01
974.89
969.89
977.04
989.91
984.91
977.04
25086.88
1020.91
997.07
1000.17
998.02
958.20
958.92
963.93
25078.06
1042.84
1024.01
1017.09
992.06
977.04
986.10
985.15
25117.87
1002.07
998.02
982.05
1001.12
1046.18
1044.99
1039.98
25105.00
1013.04
988.01
993.97
1021.15
1028.06
1008.99
25039.91
1040.94
987.05
980.14
970.13
959.87
964.88
971.79
974.89
25062.80
972.03
962.97
963.93
1028.06
1031.16
1049.04
25066.14
1039.03
985.86
986.81
987.05
1020.91
1008.99
1004.93
25037.05
1052.14
997.07
991.11
984.91
961.07
967.03
963.93
25007.01
1034.98
978.95
974.18
966.07
1017.09
1024.96
1034.98
25069.95
1036.88
985.86
981.81
977.04
1019.00
1007.08
1003.03
25043.96
1032.11
980.14
971.08
960.11
971.08
981.09
982.05
25027.99
1018.05
967.98
963.93
969.17
1021.86
1015.90
1012.80
25048.97
1019.00
964.88
959.87
953.91
977.99
972.99
965.12
24995.09
1057.15
1002.07
993.01
985.15
984.91
993.97
987.05
25029.18
1074.08
1013.04
1008.03
1003.03
1026.87
1030.92
1034.02
25081.87
1035.93
992.06
981.09
975.13
993.01
985.86
985.86
25031.09
1038.79
987.05
981.09
972.03
968.22
977.04
981.09
25048.02
1044.99
998.97
993.97
977.99
1000.88
999.21
1006.84
25091.89
1034.02
999.93
994.92
990.15
1029.97
1021.86
1039.98
25110.96
1017.09
998.97
986.10
1013.99
996.11
993.01
987.05
25103.09
1004.93
989.91
1008.99
978.95
962.97
967.98
966.79
25120.97
1024.96
998.97
1003.98
975.85
989.91
996.83
1003.03
25099.99
1006.13
1008.99
1001.83
1011.85
1016.86
1018.05
25058.98
1049.04
998.02
985.86
989.91
1004.93
995.16
992.06
25027.04
1047.13
989.91
983.00
980.14
962.02
956.06
969.17
25003.91
1070.02
1011.13
1004.93
1016.86
978.95
983.00
983.00
25031.09
1080.99
1029.01
1027.11
1019.00
1013.04
1010.18
1009.94
25061.85
1070.98
1034.02
1024.96
1006.13
998.02
1013.04
1010.89
25132.18
1027.11
1008.99
990.15
979.90
1009.94
1000.17
998.02
25108.10
1003.98
993.01
985.86
994.92
1004.93
1017.09
1003.03
25079.01
990.87
978.95
970.13
1013.99
1003.98
1016.86
25038.96
1034.98
979.90
974.89
964.16
1012.09
1011.13
1006.84
25034.90
1036.88
974.89
970.84
970.84
1006.84
1013.99
1010.89
25044.92
1055.00
1011.13
996.11
1003.98
1016.14
1001.12
1002.07
25051.12
1054.05
1019.00
1024.01
1014.95
968.93
977.04
974.89
25027.04
1084.80
1049.04
1048.09
1019.95
986.10
982.05
987.05
25084.02
1034.02
1001.12
992.06
982.05
981.09
988.96
983.95
25076.15
988.01
966.07
962.97
972.03
962.97
967.03
962.97
25021.08
1043.80
1006.84
1019.00
1012.09
967.03
972.03
967.03
25047.06
1053.09
1039.98
1039.98
1013.99
982.05
979.19
979.90
25087.83
1042.84
1019.95
1017.09
992.06
979.90
982.05
977.99
25084.97
998.02
981.09
974.89
958.92
965.83
967.03
963.93
25063.04
1003.98
999.93
992.06
992.06
960.11
958.92
956.77
25094.99
1048.09
1039.03
1031.88
997.78
977.04
977.99
975.13
25102.14
1022.10
1007.08
1000.17
974.89
972.99
980.14
975.13
25088.07
987.05
966.07
967.03
969.89
967.03
962.02
963.93
25070.91
1000.17
1001.12
993.97
1002.79
972.03
968.93
964.88
25102.85
1050.00
1028.06
1039.98
995.16
981.09
980.14
983.95
25115.01
1040.94
1020.91
1016.14
990.15
988.01
986.10
25007.96
1048.09
1002.07
988.96
988.01
981.81
979.90
986.81
25008.92
1035.93
975.13
972.03
983.00
989.91
983.95
987.05
988.01
25102.85
1010.89
1024.96
1024.01
1003.03
1008.03
1002.07
25042.06
1066.21
1021.86
1013.99
999.93
1013.04
1013.99
1012.09
25058.98
1063.82
1030.92
1029.01
1013.04
1003.98
1019.00
1001.12
25141.00
1042.13
1032.11
1036.17
1004.93
1014.95
1003.98
994.92
25115.01
1031.88
1009.94
1013.04
991.82
1008.99
995.16
25033.00
1062.87
1008.03
1004.93
1008.03
1012.80
1008.99
1011.13
25049.92
1059.06
1011.13
998.02
997.07
1006.13
1003.98
1007.80
25040.86
1050.00
1016.14
1009.94
1002.07
994.92
988.01
1001.83
25081.87
1039.03
1029.97
1013.99
1016.86
1012.80
1013.04
1004.93
25102.85
1011.85
1019.00
1019.95
1024.96
1036.17
1039.98
25066.14
1060.96
993.01
982.05
976.09
1034.98
1026.87
1022.82
25056.84
1029.97
972.99
961.78
964.88
1008.99
1002.07
994.92
25028.94
1031.16
988.01
988.01
975.85
983.00
982.05
980.14
25007.01
1052.86
1016.86
1011.85
999.93
983.00
972.03
971.08
25011.06
1041.89
1007.08
996.11
986.10
967.98
966.07
964.88
25014.88
1022.82
973.94
969.17
960.11
992.06
1006.13
1004.93
25027.99
1022.10
980.14
968.93
966.07
1009.94
1002.79
1015.90
25044.92
1033.07
995.16
981.09
977.99
1000.88
1007.08
1000.88
25040.15
1029.97
983.00
977.04
974.18
1014.95
1008.99
997.07
25043.96
1018.05
974.89
972.03
967.98
1004.93
1003.98
1008.99
