1245.02
1232.15
1220.94
1160.86
1178.03
1202.11
1188.99
1163.01
1136.06
25192.98
1214.03
1189.95
1194.00
1205.92
1215.22
1210.93
1191.85
1137.02
1130.10
25182.01
1170.16
1141.07
1136.06
1141.07
1142.02
1132.01
1142.98
1135.11
1132.97
1132.97
25240.18
1154.90
1141.07
1147.03
1146.08
1147.03
1158.95
1170.87
1158.00
1157.05
25207.04
1181.84
1159.91
1157.05
1167.06
1153.95
1148.94
1158.95
1155.85
1149.89
25180.10
1196.15
1152.04
1150.13
1155.14
1147.99
1150.85
1163.01
1149.89
1152.99
25771.14
1198.05
1173.97
1180.89
1168.97
1160.14
1153.95
1157.05
1148.94
1172.07
25228.98
1202.11
1156.09
1146.08
1153.95
1150.13
1144.17
1146.08
1146.08
1157.05
1147.99
25251.87
1165.87
1154.90
1157.05
1147.03
1153.95
1145.84
1173.02
1152.04
1147.03
25219.92
1190.19
1157.05
1158.95
1152.99
1162.05
1154.18
1163.96
1160.14
1144.17
25195.84
1188.04
1159.91
1158.00
1172.07
1158.00
1174.93
1175.88
1173.97
1175.88
1184.94
25287.15
1199.01
1193.05
1208.07
1183.99
1178.98
1202.11
1190.19
1178.98
1180.17
25280.00
1202.11
1197.10
1199.01
1098.87
1138.93
1140.83
1162.05
1154.90
1137.97
25255.92
1153.95
1131.06
1139.16
1141.07
1136.06
1135.11
1150.13
1133.92
1133.92
25213.00
1173.02
1146.08
1142.02
1147.99
1141.79
1137.97
1143.93
1147.99
1144.89
1142.98
25258.06
1162.05
1147.03
1159.91
1147.99
1149.89
1150.85
1151.80
1151.08
1152.99
25252.10
1169.92
1152.99
1158.00
1147.99
1148.94
1145.84
1158.95
1144.89
1157.05
25213.96
1183.99
1167.06
1155.14
1155.85
1153.95
1160.14
1162.05
1149.18
1164.91
29200.79
1246.93
1196.86
1185.89
1192.09
1181.13
1178.03
1174.21
1234.05
1191.14
25223.97
1211.17
1184.94
1154.90
1163.01
1165.87
1163.96
1156.09
1152.04
1152.99
1149.89
25257.83
1159.91
1144.17
1142.02
1151.08
1150.13
1131.06
1142.02
1137.97
1140.12
25218.01
1174.21
1144.89
1144.89
1137.97
1137.97
1146.79
1145.84
1139.88
1138.93
25161.98
1199.01
1157.05
1139.16
1154.90
1140.83
1134.87
1146.79
1137.97
1136.06
1146.08
25278.09
1243.11
1204.97
1191.85
1154.18
1147.99
1151.08
1154.18
1157.05
1144.17
25216.10
1214.98
1195.91
1195.19
1137.97
1130.10
1158.00
1147.99
1128.91
1137.02
25205.85
1235.01
1222.13
1189.95
1152.04
1147.99
1152.04
1154.18
1163.96
1156.81
25200.84
1262.90
1194.00
1189.95
1209.97
1185.18
1187.09
1193.05
1181.13
1178.03
25243.04
1200.91
1158.00
1152.04
1165.87
1187.09
1185.89
1194.00
1193.05
1185.18
25224.92
1235.96
1183.99
1170.87
1151.80
1176.83
1182.08
1187.09
1185.89
1189.95
1183.03
1184.94
1178.03
1181.84
25229.22
1209.97
1189.95
1190.90
1194.95
1186.13
1180.17
1184.94
1171.83
1160.86
25218.96
1200.91
1161.10
1188.99
1155.85
1155.14
1153.95
1159.91
1152.99
1147.99
25208.00
1183.99
1153.95
1152.04
1160.86
1152.04
1143.93
1160.86
1149.89
1147.03
1143.93
25249.96
1141.07
1138.93
1140.83
1138.93
1142.02
1137.97
1143.93
1140.83
1137.97
25196.08
1171.11
1140.12
1144.89
1152.99
1149.18
1137.97
1151.08
1150.13
1143.93
25184.87
1180.89
1147.99
1150.13
1158.95
1155.85
1155.85
1156.81
1152.99
1156.09
1157.05
25276.90
1169.92
1159.91
1172.07
1160.86
1158.00
1168.97
1176.83
1163.96
1166.11
25268.08
1187.09
1183.99
1196.15
1175.88
1183.03
1177.07
1183.03
1165.15
1166.11
25218.01
1186.13
1166.11
1158.95
1171.83
1162.05
1163.96
1175.17
1168.97
1166.11
25221.11
1194.00
1175.17
1182.08
1193.05
1184.94
1188.04
1199.01
1192.09
1197.10
25249.00
1219.03
1205.92
1187.09
1203.06
1194.00
2473.12
1194.00
1193.05
25241.14
1199.01
1184.94
1171.11
1165.15
1172.07
1168.97
1177.07
1163.01
1158.00
25212.05
1195.91
1160.86
1156.81
1172.07
1157.05
1142.98
1148.94
1142.02
1144.89
1148.94
25245.19
1159.91
1142.02
1144.17
1168.01
1207.11
1147.03
1138.93
1141.07
1156.09
25256.16
1173.02
1158.00
1158.00
1161.10
1159.91
1154.90
1134.87
1148.94
1147.03
25210.86
1182.79
1157.05
1143.93
1167.06
1158.00
1147.99
1157.05
1153.95
1150.85
25172.95
1203.06
1157.05
1154.90
1163.01
1160.14
1152.99
1162.05
1080.99
1126.05
1138.93
25256.87
1153.95
1142.98
1148.94
1142.98
1142.98
1137.02
1153.95
1132.01
1224.04
25287.15
1219.99
1191.85
1188.99
1178.98
1177.07
1171.83
1180.89
1165.15
1163.96
25210.86
1184.94
1164.20
1163.96
1163.96
1152.04
1160.14
1174.93
1172.07
1168.97
25222.06
1223.09
1214.98
1208.07
1208.07
1204.97
1205.92
1219.99
1216.89
1223.80
25270.94
1252.89
1219.99
1225.95
1219.03
1219.03
1216.17
1220.94
1212.84
1215.93
25280.00
1246.93
1224.99
1227.86
1216.89
1216.17
1229.05
1213.07
1214.03
1216.17
25329.83
1227.86
1215.93
1226.19
1215.93
1214.98
1220.94
1216.89
1214.98
1211.88
25310.04
1229.05
1219.99
1228.81
1214.98
1219.99
1223.80
1219.99
1219.03
25269.99
1251.94
1224.04
1224.04
1219.99
1214.03
1221.18
1222.85
1219.99
1217.13
25272.85
1245.02
1227.14
1225.95
1219.99
1219.99
1219.03
1219.99
1215.93
1219.99
25335.79
1234.05
1221.90
1227.86
1222.85
1219.03
1227.86
1219.99
1218.08
25247.10
1274.11
1224.99
1219.99
1226.90
1218.08
1218.08
1224.99
1211.88
1214.98
25271.89
1255.04
1224.99
1229.05
1222.13
1217.13
1218.08
1224.04
1222.13
1218.08
25295.02
1240.02
1219.99
1227.14
1222.85
1224.04
1221.90
1219.99
1218.08
1214.03
25335.07
1228.81
1220.94
1229.05
1221.18
1215.93
1221.90
1222.13
1216.89
25271.89
1258.13
1223.09
1219.03
1226.90
1217.13
1220.94
1224.04
1218.08
1215.93
25263.79
1250.98
1226.19
1232.86
1224.99
1229.05
1222.13
1232.15
1225.95
1222.13
25333.17
1235.01
1228.09
1232.15
1230.00
1226.90
1229.05
1222.85
1224.99
1224.99
25325.06
1234.05
1221.90
1230.96
1221.90
1226.90
1233.10
1219.99
1220.94
25280.95
1258.13
1231.91
1230.96
1224.99
1224.99
1224.04
1237.15
1224.04
1224.99
25314.81
1232.86
1224.04
1233.10
1225.95
1224.04
1229.05
1229.05
1229.05
1227.14
25332.93
1228.81
1221.90
1239.06
1224.99
1224.04
1234.05
1229.05
1233.10
25280.00
1257.18
1225.95
1230.00
1234.05
1223.09
1228.09
1234.05
1222.13
1223.09
25304.08
1242.16
1192.09
1154.90
1152.99
1150.85
1150.85
1173.97
1164.91
1162.05
25225.88
1194.95
1174.93
1182.08
1180.17
1183.99
1188.04
1205.92
1194.00
1191.14
25252.10
1231.91
1199.96
1209.97
1219.99
1225.95
1241.21
1221.90
1216.89
1216.17
25318.86
1232.86
1222.13
1228.09
1220.94
1219.99
1219.99
1221.18
1219.03
1218.08
25330.07
1229.05
1213.07
13318.78
1225.95
1232.86
1238.82
1230.00
1233.10
1234.05
1178.98
1186.85
1194.95
25303.13
1193.05
1186.13
1197.10
1183.03
1185.18
1195.91
1193.05
1179.93
1185.18
25297.88
1194.95
1181.13
1207.11
1186.13
1184.94
1194.00
1192.09
1183.03
1186.85
25279.05
1198.05
1193.05
1199.96
1184.94
1188.04
1201.87
1178.03
1191.85
1184.94
25278.09
1198.05
1187.09
1198.05
1187.09
1183.03
1200.91
1188.99
1183.99
1183.99
25282.86
1189.23
1193.05
1194.95
1183.99
1183.03
1198.05
1193.05
1189.95
1179.93
25276.90
1190.90
1194.00
1190.90
1190.90
1180.17
1197.10
1178.03
1193.05
1186.13
25275.95
1194.95
1182.08
1199.01
1188.04
1183.99
1189.95
1185.89
1182.79
1196.86
25278.81
1190.90
1180.89
1209.02
1181.84
1188.99
1191.85
1190.90
1188.99
1187.09
25271.89
1199.01
1189.95
1199.96
1185.89
1188.04
1189.95
1189.95
1188.99
25194.88
1254.08
1198.05
1184.94
1195.91
1191.85
1180.89
1194.95
1192.09
1184.94
25213.00
1247.17
1196.15
1188.99
1193.05
1192.81
1183.99
1194.95
1185.89
1185.18
25209.90
1255.04
1199.96
1189.95
1195.91
1186.85
1190.90
1197.10
1194.00
1188.04
25218.96
1241.92
1200.20
1194.95
1195.91
1193.05
1182.79
1195.91
1187.80
1189.95
25218.01
1245.98
1203.06
1186.13
1197.10
1196.15
1184.94
1197.81
1190.90
1191.85
25227.79
1229.05
1198.05
1191.14
1197.10
1187.09
1191.14
1194.95
1187.80
1188.04
25239.94
1232.86
1196.86
1186.85
1195.91
1191.14
1188.04
1197.10
1194.00
1182.08
25244.95
1219.99
1202.11
1191.14
1200.91
1194.95
1199.96
1199.96
1187.09
1188.04
25244.00
1220.94
1194.95
1190.90
1198.05
1185.89
1194.00
1195.91
1188.04
1183.99
25246.86
1213.79
1188.99
1196.15
1194.95
1186.13
1185.18
1196.86
1188.04
1188.99
25246.14
1220.94
1190.90
1195.91
1197.10
1185.18
1184.94
1191.14
1186.13
1188.99
25236.13
1238.11
1188.99
1187.09
1199.01
1184.94
1184.23
1201.87
1183.03
1190.90
25244.95
1219.03
1195.91
1188.99
1200.91
1189.95
1187.09
1199.96
1187.09
1191.14
25238.99
1224.99
1191.85
1189.95
1205.92
1184.94
1192.81
1197.81
1191.85
1180.89
25251.87
1219.99
1193.05
1191.85
1195.91
1188.04
1192.81
1190.90
1182.79
1186.85
25249.00
1259.09
1219.03
1206.16
1204.01
1200.91
1199.96
1207.11
1199.96
1201.15
25257.11
1232.15
1206.87
1207.83
1203.78
1200.91
1199.01
1209.97
1199.96
1199.96
25258.06
1226.19
1204.97
1207.11
1204.97
1204.97
1196.15
1204.01
1199.96
1203.06
29281.85
1158.00
1144.17
1145.12
1141.07
1142.98
1133.92
1158.00
1200.20
1194.95
25250.91
1190.19
1167.06
1163.96
1176.83
1169.92
1175.17
1189.95
1181.84
1189.95
25263.07
1226.19
1204.01
1206.16
1214.98
1204.01
1205.92
1231.19
1239.06
1219.03
25285.01
1247.88
1223.09
1229.05
1215.22
1219.99
1223.09
1224.99
1221.90
1219.03
25333.88
1231.91
1218.08
1228.09
1220.94
1216.89
1226.90
1223.09
1214.98
25231.84
1291.99
1227.14
1220.94
1232.86
1217.13
1215.93
1222.85
1216.89
1217.84
25274.99
1261.95
1223.80
1230.00
1218.08
1217.13
1217.84
1230.00
1217.13
1216.89
25283.81
1243.11
1224.04
1227.14
1219.99
1219.99
1222.85
1214.98
1216.17
1216.89
25326.01
1231.91
1219.99
1228.09
1216.89
1219.99
1219.99
1219.99
1215.93
25248.05
1279.12
1226.19
1219.99
1227.14
1220.94
1220.94
1224.99
1218.08
1221.18
25279.05
1254.08
1219.99
1222.85
1217.84
1220.94
1223.09
1227.14
1217.13
1215.93
25322.20
1235.96
1223.80
1228.81
1219.03
1214.98
1224.99
1216.89
1221.90
1217.13
25331.02
1233.82
1221.90
1229.05
1214.98
1249.07
1246.93
1226.90
1221.18
25274.04
1259.09
1226.90
1225.95
1223.09
1219.03
1219.03
1226.90
1219.99
1220.94
25283.10
1250.98
1223.09
1225.95
1224.04
1222.13
1223.09
1220.94
1218.08
1217.13
25336.98
1230.00
1221.90
1226.90
1222.13
1215.93
1221.90
1219.03
1219.03
25250.91
1286.98
1224.99
1219.99
1226.90
1219.99
1218.80
1224.99
1221.90
1219.99
25287.15
1250.98
1224.99
1225.95
1221.18
1216.89
1220.94
1228.09
1219.03
1219.03
25312.90
1236.20
1225.95
1225.95
1217.13
1216.89
1220.94
1222.13
1219.99
1218.08
25346.04
1227.14
1224.99
1235.01
1220.94
1217.84
1222.85
1224.04
1219.99
25277.85
1257.90
1224.99
1219.99
1226.19
1219.03
1219.99
1230.96
1220.94
1219.99
25277.85
1251.94
1221.90
1222.13
1219.03
1219.99
1214.98
1220.94
1219.03
1216.89
25326.01
1235.01
1221.18
1223.09
1215.93
1216.89
1225.95
1219.99
1216.89
1218.08
25331.97
1225.95
1218.08
1230.00
1217.84
1217.84
1219.03
1219.99
1219.03
25276.90
1255.99
1224.04
1224.99
1219.99
1216.89
1219.03
1225.95
1219.03
1217.13
25282.14
1249.07
1219.99
1223.80
1219.99
1219.03
1218.80
1219.99
1220.94
1214.03
25331.97
1230.00
1218.80
1225.95
1218.08
1217.84
1224.99
1222.85
1219.99
25248.05
1284.12
1224.99
1223.09
1235.01
1217.84
1219.99
1224.04
1215.93
1218.08
1202.82
1222.85
1222.85
25259.97
1251.22
1188.04
1171.11
1173.02
1163.96
1162.77
1144.89
1224.04
1244.07
25275.95
1261.00
1204.97
1199.96
1196.15
1186.13
1178.03
1173.02
1175.17
1164.91
1163.96
25244.00
1163.01
1159.91
1168.01
1152.99
1158.95
1172.07
1167.06
1168.01
1173.97
25290.97
1201.15
1188.04
1204.01
1196.86
1201.87
1201.15
1209.02
1204.01
1205.92
25315.05
1240.02
1242.88
1228.81
1219.99
1213.07
1219.99
1215.93
1216.17
25278.09
1255.99
1223.80
1219.99
1226.90
1219.99
1214.03
1227.14
1223.09
1215.93
25275.95
1250.03
1223.09
1224.99
1219.99
1219.99
1217.13
1227.14
1218.08
1220.94
25333.17
1235.96
1219.03
1229.05
1217.13
1216.89
1221.90
1219.99
1215.93
1215.93
25318.15
1232.15
1220.94
1227.14
1216.89
1219.03
1224.99
1221.18
1224.04
25271.89
1200.91
1156.81
1161.81
1143.93
1177.79
1179.93
1153.95
1162.05
1174.93
29212.95
1216.17
1183.03
1177.07
1154.18
1142.02
1148.94
1144.89
1212.84
1210.93
1194.00
25277.85
1174.93
1175.17
1184.94
1178.03
1173.02
1163.01
1149.89
1163.01
1154.90
25316.95
1199.01
1178.98
1183.99
1178.98
1173.97
1171.11
1168.01
1176.83
1180.89
25291.20
1199.96
1185.18
1187.09
1178.03
1177.07
1173.02
1212.12
1229.05
1220.94
25317.91
1201.87
1197.81
1204.01
1194.00
1215.22
1198.05
1160.86
1164.91
1158.95
25308.13
1199.96
1188.99
1172.07
1189.95
1222.13
1219.99
1202.82
1204.01
1197.10
25300.03
1198.05
1180.17
1184.94
1176.83
1178.03
1181.84
1168.01
1163.96
1171.83
25295.97
1204.97
1177.07
1188.04
1183.99
1183.03
1186.85
1163.01
1166.11
1171.11
25295.97
1188.99
1178.03
1192.09
1183.99
1181.84
1185.89
1209.02
1203.06
1226.90
25321.96
1192.09
1183.03
1183.99
1179.93
1165.87
1165.87
1175.88
1178.98
1185.89
25290.97
1173.02
1158.00
1168.01
1162.05
1142.98
1147.99
1148.94
1151.08
1152.04
25258.06
1190.90
1168.01
1176.83
1160.86
1154.90
1156.09
1183.99
1175.17
1182.08
25243.04
1194.00
1163.01
1162.05
1147.03
1147.03
1144.89
1146.79
1163.01
1169.92
25230.88
1184.94
1152.99
1144.17
1152.04
1142.02
1141.07
1133.92
1149.18
1159.91
1165.15
25257.11
1157.05
1144.17
1147.03
1145.12
1142.02
1142.02
1146.79
1150.85
1155.85
25214.91
1183.99
1142.98
1154.90
1149.89
1157.05
1155.85
1147.99
1166.11
1163.01
25216.10
1200.20
1162.05
1163.01
1166.82
1168.97
1157.05
1166.11
1166.11
1167.06
1165.15
25244.95
1165.87
1153.95
1172.07
1159.91
1162.05
1162.05
1154.90
1162.05
1158.95
25287.87
1166.82
1158.95
1169.92
1157.05
1158.00
1162.05
1166.11
1163.01
1161.10
25219.20
1178.03
1163.96
1163.01
1161.10
1158.00
1151.08
1161.10
1157.05
1158.95
25212.05
1203.06
1164.20
1163.01
1168.97
1161.81
1159.91
1173.02
1163.01
1157.05
25182.01
1214.03
1173.02
1175.17
1177.07
1163.96
1168.97
1179.93
1178.03
1169.92
1173.02
25298.83
1183.03
1173.02
1177.07
1158.00
1162.05
1166.82
1153.95
1151.08
1153.95
25280.95
1172.07
1166.11
1158.00
1152.99
1152.99
1158.00
1158.00
1157.05
1156.09
25248.05
1184.94
1160.86
1163.96
1162.05
1156.09
1156.09
1173.02
1169.92
1168.01
25238.99
1183.99
1151.80
1147.03
1156.09
1146.08
1156.09
1165.87
1158.00
1158.00
25173.90
1245.98
1167.06
1147.99
1166.82
1158.95
1160.14
1161.10
1156.09
1156.09
1159.91
25268.79
1168.97
1142.98
1147.99
1151.08
1155.14
1149.89
1159.91
1161.81
1158.00
25223.97
1199.96
1164.91
1169.92
1146.08
1158.00
1163.01
1161.10
1152.04
1150.13
25213.00
1230.96
1199.96
1190.19
1158.95
1156.09
1155.14
1166.11
1157.05
1152.99
25187.02
1240.97
1190.90
1194.00
1194.95
1180.17
1183.03
1191.14
1183.03
1190.90
25219.92
1235.96
1178.03
1168.97
1181.13
1199.01
1194.00
1199.96
1199.96
1195.91
25228.02
1229.05
1180.89
1169.92
1188.99
1185.89
1184.94
1203.06
1192.09
1193.05
25228.02
1220.94
1163.96
1168.97
1181.84
1197.81
1204.01
1204.97
1191.85
1194.95
25200.13
1250.03
1183.03
1168.01
1180.17
1168.01
1171.11
1177.07
1158.95
1166.82
1167.06
25260.93
1173.97
1158.95
1163.01
1158.00
1158.00
1160.86
1157.05
1152.99
1154.90
25246.86
1163.01
1143.93
1147.99
1141.07
1139.16
1142.02
1152.99
1140.83
1137.97
25195.12
1173.02
1142.02
1142.98
1147.99
1138.93
1144.89
1147.99
1147.99
1142.98
1143.93
25260.21
1156.09
1144.89
1153.95
1144.17
1148.94
1149.89
1164.20
1149.89
1157.05
25214.91
1179.93
1158.00
1157.05
1152.99
1149.18
1152.04
1178.03
1156.09
1161.10
25217.06
1195.91
1166.11
1168.01
1168.97
1163.96
1158.95
1172.07
1165.15
1160.86
25187.97
1223.09
1173.02
1164.91
1183.99
1178.03
1171.11
1173.02
1168.97
1165.87
1166.82
25280.95
1187.09
1177.07
1183.03
1175.17
1173.02
1185.89
1176.83
1173.02
1173.97
25301.93
1184.94
1178.03
1189.95
1174.93
1192.09
1196.15
1185.89
1183.03
1194.00
25298.83
1194.00
1188.99
1208.07
1190.19
1188.04
1194.00
1204.97
1204.97
1190.90
29280.19
1151.08
1147.99
1152.04
1139.88
1137.97
1143.93
1171.83
1174.21
1177.07
25286.91
1210.93
1188.99
1184.94
1193.05
1188.99
1184.94
1186.13
1183.03
1186.13
25295.02
1199.01
1188.04
1189.95
1180.89
1182.08
1177.07
1188.99
1185.89
1179.93
25290.01
1199.01
1188.04
1198.05
1191.14
1191.14
1178.03
1183.99
1173.97
1168.97
25269.99
1185.89
1173.02
1181.13
1161.10
1166.11
1172.07
1167.06
1160.14
1157.05
25219.92
1181.84
1163.96
1165.15
1151.08
1157.05
1150.85
1163.01
1152.99
1144.89
25200.13
1183.03
1154.18
1157.05
1167.06
1154.18
1152.04
1155.85
1143.93
1147.03
1147.99
25257.83
1152.99
1142.98
1150.85
1148.94
1142.02
1142.02
1152.99
1139.88
1143.93
25201.08
1169.20
1149.89
1154.90
1147.99
1142.98
1142.98
1152.99
1140.12
1141.07
25190.11
1192.09
1163.01
1154.90
1161.10
1157.05
1150.13
1167.06
1158.00
1159.19
1156.09
25269.03
1178.03
1164.20
1168.01
1163.01
1159.91
1169.20
1166.11
1163.01
1163.96
25274.04
1188.04
1172.07
1177.07
1167.06
1167.06
1166.82
1171.83
1173.02
1167.06
25218.96
1189.95
1164.20
1178.03
1166.11
1172.07
1165.15
1173.02
1168.01
1158.95
25233.98
1209.97
1182.08
1178.03
1182.08
1171.11
1175.17
1177.07
1173.97
1171.11
25225.16
1213.07
1180.17
1175.88
1184.94
1182.08
1180.17
1188.04
1179.93
1174.93
25231.12
1214.98
1181.84
1175.88
1188.04
1179.93
1175.88
1186.13
1176.12
1176.12
25208.95
1240.02
1200.91
1188.99
1194.00
1180.89
1185.89
1188.04
1186.13
1181.13
25211.10
1250.98
1204.01
1188.99
1198.05
1204.97
1189.95
1195.91
1195.19
1187.09
25223.97
1240.02
1200.91
1188.99
1204.01
1199.96
1186.85
1194.00
1190.90
1199.96
25238.04
1235.01
1214.98
1202.11
1211.17
1204.97
1204.01
1206.87
1199.96
1199.96
25253.06
1235.01
1203.06
1204.01
1209.97
1202.11
1202.11
1208.07
1201.15
1196.86
25259.97
1235.96
1203.06
1209.97
1201.15
1199.01
1199.01
1208.07
1200.91
1203.06
25261.16
1229.05
1199.96
1211.88
1204.01
1201.87
1201.87
1207.11
1201.15
1200.91
25295.97
1222.85
1207.83
1207.83
1204.97
1183.99
1164.91
1185.18
1178.98
1173.02
25280.00
1196.86
1182.08
1192.09
1204.01
1212.12
1211.88
1158.00
1164.91
1173.02
25269.03
1214.98
1197.81
1181.84
1154.90
1155.14
1151.08
1161.10
1157.05
1155.14
25216.10
1227.14
1183.99
1186.85
1173.02
1167.06
1173.02
1190.19
1174.93
1188.99
25248.05
1198.05
1163.01
1170.87
1219.99
1206.87
1211.88
1221.90
1209.02
1222.85
1219.03
1217.13
1215.93
25281.91
1257.18
1230.00
1229.05
1230.96
1227.14
1225.95
1254.80
1263.86
1246.93
25345.09
1268.15
1249.07
1255.04
1250.03
1246.21
1255.04
1250.03
1245.98
25295.97
1293.18
1255.04
1253.13
1255.04
1249.07
1244.07
1251.94
1249.07
1245.98
25335.79
1262.90
1246.93
1258.13
1250.03
1243.11
1257.18
1247.88
1247.17
25275.95
1301.05
1252.89
1245.98
1254.08
1250.98
1250.03
1254.08
1249.07
1240.97
25315.05
1274.11
1250.03
1255.04
1249.07
1248.12
1254.08
1244.07
1248.12
25274.99
1313.92
1248.84
1243.83
1255.99
1248.12
1245.98
1253.84
1247.88
1242.88
25315.05
1281.02
1250.98
1250.03
1249.07
1244.78
1256.94
1248.12
1248.12
1250.03
25337.93
1258.85
1248.84
1257.90
1248.84
1245.98
1255.99
1248.84
1248.12
25309.09
1273.87
1249.07
1256.94
1250.03
1254.08
1256.94
1243.83
1247.88
1251.22
25339.84
1255.04
1245.98
1261.00
1240.02
1246.93
1257.18
1246.93
1245.02
25305.03
1280.07
1252.17
1255.99
1252.17
1250.03
1255.04
1250.98
1246.93
1246.93
25346.99
1259.80
1250.98
1254.08
1248.12
1248.12
1255.04
1244.07
1244.07
25307.18
1276.02
1251.94
1256.94
1251.94
1250.03
1252.89
1250.98
1250.98
1245.98
25350.81
1258.85
1251.94
1254.08
1245.98
1249.07
1252.89
1250.03
1243.11
25307.89
1279.83
1255.04
1255.99
1252.89
1251.94
1260.04
1245.98
1243.83
1247.88
25350.81
1251.94
1255.04
1255.99
1250.98
1243.11
1255.99
1247.88
1246.93
25306.94
1275.06
1250.03
1261.00
1247.88
1252.89
1250.03
1251.22
1250.98
1244.07
25349.86
1256.94
1250.98
1255.99
1248.12
1246.93
1251.94
1245.98
1248.84
25309.09
1274.11
1255.04
1259.80
1249.07
1245.98
1258.13
1248.12
1247.88
1237.87
25352.00
1255.99
1253.84
1253.84
1246.93
1245.02
1253.84
1243.83
1247.88
25308.85
1274.82
1252.89
1257.18
1250.03
1245.98
1247.88
1252.89
1247.88
1249.07
25356.77
1256.94
1248.84
1257.90
1248.84
1250.03
1255.04
1251.94
1250.98
25305.03
1271.96
1248.84
1255.99
1251.94
1248.84
1251.94
1248.12
1245.98
1247.88
25352.95
1257.18
1250.98
1257.18
1245.98
1243.11
1255.99
1247.17
1250.03
25305.03
1278.16
1250.98
1251.94
1250.98
1248.84
1254.80
1251.94
1246.93
1245.98
25355.10
1256.94
1250.98
1255.04
1252.17
1254.08
1258.13
1252.89
1247.88
29299.97
1190.90
1163.96
1160.14
1159.91
1157.05
1163.96
1159.91
1205.21
1210.93
25266.17
1234.05
1209.02
1203.78
1199.01
1203.06
1197.10
1214.98
1204.01
1207.11
25267.12
1239.06
1223.09
1219.03
1208.07
1212.12
1209.97
1222.13
1223.09
1224.99
25318.86
1235.96
1234.05
1253.13
1235.96
1261.00
1252.89
1249.07
1250.98
25290.01
1297.00
1255.04
1245.98
1250.98
1248.84
1248.84
1255.99
1247.88
1246.93
25336.03
1269.82
1243.83
1253.84
1247.88
1221.90
1246.93
1244.07
1244.07
25254.96
1310.83
1250.98
1245.02
1254.08
1242.16
1249.07
1255.04
1245.02
1245.02
25312.90
1276.02
1250.03
1254.08
1245.02
1250.03
1254.80
1245.02
1240.97
1247.17
25346.04
1254.80
1250.03
1252.89
1247.88
1248.84
1251.94
1245.02
1246.93
25304.08
1280.78
1247.88
1255.04
1250.98
1247.17
1249.07
1249.07
1245.98
1250.03
25311.95
1204.01
1214.98
13306.86
1188.99
1184.94
1196.86
1188.04
1204.01
1207.11
1204.97
1207.11
1214.98
25338.89
1215.93
1235.96
1226.90
1218.08
1221.90
1222.13
1215.93
1216.89
25264.98
1262.19
1224.99
1219.03
1232.86
1215.93
1219.03
1225.95
1223.09
1219.99
25278.09
1250.98
1221.90
1225.23
1220.94
1219.99
1221.90
1228.81
1217.84
1220.23
25321.01
1234.05
1219.99
1231.91
1223.09
1214.03
1223.80
1214.98
1219.03
1216.17
25325.06
1233.10
1223.09
1224.99
1218.08
1214.98
1226.90
1218.80
1219.99
25269.99
1258.85
1222.85
1216.89
1225.95
1217.13
1214.03
1227.14
1224.04
1219.03
25275.95
1250.03
1224.04
1224.99
1224.99
1215.93
1217.13
1224.99
1221.90
1220.94
25328.87
1230.00
1219.99
1224.99
1214.98
1219.03
1223.80
1216.89
1219.99
1220.94
25323.87
1230.96
1223.09
1227.14
1218.08
1216.89
1221.90
1219.03
1220.94
25275.95
1257.90
1221.90
1224.99
1221.90
1222.85
1216.89
1226.90
1216.17
1219.03
25275.95
1247.17
1225.95
1228.81
1220.94
1223.09
1227.14
1219.99
1220.23
1215.93
25330.07
1231.91
1220.94
1230.00
1223.09
1217.13
1221.90
1219.99
1217.13
25249.96
1274.82
1226.90
1221.18
1228.09
1220.94
1221.90
1226.19
1219.99
1215.93
25275.95
1255.04
1224.99
1228.09
1216.17
1216.89
1215.93
1227.14
1219.99
1215.93
25307.89
1238.82
1222.85
1222.85
1221.18
1218.08
1225.95
1217.84
1219.03
1214.03
25326.97
1230.96
1219.99
1226.90
1228.09
1219.99
1223.80
1215.93
1217.13
25272.13
1262.19
1224.04
1223.09
1227.14
1215.93
1219.03
1224.99
1218.08
1219.99
25279.05
1254.80
1226.90
1227.86
1219.03
1219.99
1214.03
1224.99
1216.89
1219.99
25333.88
1230.96
1222.13
1229.05
1217.13
1215.93
1224.04
1214.98
1218.08
1219.03
25332.93
1230.00
1220.94
1230.00
1220.94
1219.03
1224.04
1219.99
1214.98
25277.85
1257.90
1224.99
1226.19
1219.03
1215.93
1221.90
1228.09
1219.03
1217.13
25287.15
1246.93
1219.99
1230.96
1224.04
1219.99
1225.95
1214.03
1216.89
1215.93
25339.13
1238.11
1219.99
1230.00
1216.89
1218.80
1222.85
1216.89
1221.18
25247.10
1285.08
1224.04
1217.13
1231.91
1219.99
1213.07
1224.04
1219.99
1218.80
25274.04
1182.08
1155.14
1154.90
1216.89
1204.01
1204.01
1193.05
1193.05
1191.14
25247.10
1187.09
1162.05
1155.14
1198.05
1196.15
1208.07
1211.17
1203.06
1208.07
25271.89
