1102.92
1094.82
1078.84
1064.06
1060.96
1055.00
21157.03
1106.02
1088.86
1083.85
1087.90
1070.02
1075.98
1073.12
1074.08
1075.98
1089.81
33179.04
1059.06
1051.19
1039.03
1060.01
1034.02
1029.97
1034.02
1111.03
1102.92
1109.84
25148.87
1101.02
1058.10
1056.91
1061.92
1065.02
1054.05
1049.04
25214.20
1152.99
1111.98
1123.91
1121.04
1121.04
1106.98
1116.99
1122.00
1089.81
25146.01
1143.22
1086.95
1085.04
1086.00
1091.96
1096.96
1088.14
1085.04
1086.95
1083.85
25123.83
1136.06
1101.02
1088.14
1106.98
1082.90
1091.00
1087.90
1034.02
1031.88
1046.90
29083.97
1111.03
1075.98
1072.88
1101.97
1065.97
1076.94
1076.22
25156.97
1088.86
1076.94
1074.08
1074.08
1065.02
1071.93
25166.99
1068.83
1055.00
1047.13
1082.90
1085.04
1084.09
21132.95
1111.98
1086.00
1062.87
1093.86
1096.96
1092.91
1110.08
1090.05
1090.05
1096.01
25143.86
1119.85
1110.79
1093.86
1119.85
1106.98
1108.17
1125.10
1101.02
1102.92
1100.06
25175.09
1089.10
1078.13
1061.92
1118.90
1108.17
1107.93
1013.04
1045.94
1039.98
1034.98
25124.07
1121.04
1090.05
1101.97
1092.91
1071.93
1065.02
1067.88
1062.15
1065.02
1074.08
25146.01
1109.84
1080.04
1075.98
1071.93
1058.10
1065.02
1064.78
1060.01
1054.05
1061.20
25090.93
1095.06
1039.03
1034.02
1060.96
1048.09
1042.13
1039.98
1055.96
1039.98
1039.98
1035.93
25195.84
1092.91
1098.16
1080.99
1075.98
1074.08
1075.03
1097.20
1175.88
1091.00
25118.11
1188.04
1101.97
1098.87
1079.80
1100.06
1087.90
1091.96
1100.06
1098.87
1089.81
25125.98
1155.14
1095.06
1088.14
1068.12
1071.93
1078.84
1073.84
1091.96
1085.04
1070.98
25128.13
1135.11
1116.99
1118.18
1058.10
1073.12
1071.93
1081.94
1069.07
1093.15
1080.99
25123.83
1128.91
1102.92
1079.08
1082.90
1095.06
1094.10
1101.02
1086.00
1089.10
1090.05
25144.10
1088.14
1050.95
1040.94
1099.11
1122.95
1118.90
1117.94
1129.15
1111.98
1104.83
25206.80
1118.90
1113.89
1108.17
1073.12
1096.01
1094.10
1097.20
1083.85
1091.00
1086.95
21175.86
1073.84
1061.92
1073.12
1053.09
1059.06
1047.13
17120.12
1137.97
1126.05
1106.02
1106.98
1097.92
1105.07
25132.18
1173.02
1129.15
1115.08
1110.08
1105.07
1105.07
1103.16
1106.02
1100.06
1104.12
33161.16
1131.06
1094.10
1086.95
1564.03
1060.96
1058.10
1082.18
1075.98
1069.07
1080.04
21227.84
1100.06
1090.05
1094.10
1105.07
1082.18
1089.10
25192.98
1105.07
1089.81
1092.91
1082.18
1086.95
1087.19
17154.93
1067.88
1065.97
1080.99
9166.00
1106.98
1099.82
1098.87
1097.92
1096.01
1093.86
33197.16
1158.95
1039.98
1050.00
1040.94
1039.98
1051.90
21080.02
1136.06
1086.95
1075.03
1075.98
1076.94
1053.81
1065.97
1079.08
1078.13
1073.12
29113.05
1095.06
1043.80
1035.93
1025.92
1057.15
1049.04
1051.19
1054.05
1050.00
1051.19
1050.00
25177.96
1101.02
1081.94
1085.04
1064.06
1062.15
1055.00
1065.97
1062.87
1067.88
1065.02
25172.00
1093.86
1079.80
1073.84
1082.90
1093.86
1087.90
1093.15
1078.13
1084.09
1091.00
25222.06
1094.82
1075.98
1065.02
1108.17
1100.06
1095.06
1101.02
1097.92
1102.21
1092.91
17133.00
1042.84
1047.85
1035.93
1033.07
1027.82
1031.88
25080.92
1136.78
1106.98
1098.16
1039.03
1054.05
1055.00
1046.90
1083.85
1079.80
1070.98
25107.15
1188.04
1154.18
1142.02
1075.03
1075.98
1091.00
1101.02
1085.04
1074.08
1079.80
25131.94
1166.82
1117.94
1106.02
1076.94
1080.04
1077.89
1086.00
1092.91
1093.86
1085.04
17181.87
1092.91
1079.80
1068.83
1083.85
1063.82
1066.92
25097.85
1131.06
1078.84
1072.88
1092.20
1082.90
1069.07
1070.98
1080.04
1061.92
1068.12
25108.10
1136.06
1085.04
1082.90
1086.00
1095.06
1091.96
1091.00
1089.10
1080.04
1081.94
25117.87
1149.89
1087.90
1094.10
1098.16
1101.97
1103.88
1102.21
1106.98
1092.20
1102.92
25137.90
1126.05
1089.81
1085.04
1112.94
1099.82
1086.00
1094.10
1095.06
1093.15
1081.94
25149.82
1065.97
1039.98
1034.98
1045.94
1039.03
1044.99
1048.09
25202.04
1101.97
1088.14
1080.04
1075.03
1065.97
1095.06
1103.88
1086.24
1082.90
1088.86
25184.87
1106.02
1091.00
1091.00
1084.09
1073.12
1070.98
1082.90
1065.02
1058.10
1051.90
25125.03
1047.13
1038.07
1034.98
1060.01
1071.93
1062.87
1076.94
1057.15
1058.10
1060.96
17186.88
1102.92
1086.00
1086.00
1080.99
1080.04
1080.99
25137.19
1113.89
1080.04
1080.04
1084.09
1078.13
1075.98
25107.15
1104.12
1056.91
1051.19
1045.94
1066.92
1059.06
1055.96
17156.84
1103.88
1102.92
1093.15
1091.96
1086.00
1090.05
13149.02
1163.01
1131.06
1126.05
1133.92
1116.99
1127.00
17159.94
1142.02
1091.00
1086.95
13183.12
1100.06
1090.05
1098.16
1091.96
1089.10
1086.00
1070.02
1079.08
1075.98
1088.14
29150.96
1052.86
1042.84
1042.84
1034.98
1034.98
1030.92
25064.95
1126.05
1087.19
1090.05
1100.06
1085.04
1080.04
1086.95
1088.14
1089.10
1095.06
29135.94
1095.06
1040.94
1034.98
1039.98
1038.07
1034.02
1029.97
25146.01
1052.14
1039.98
1037.12
1034.98
1034.98
1029.97
1032.83
1065.97
1070.98
1065.97
25122.17
1086.00
1046.18
1044.99
1046.90
1043.08
1032.11
1034.02
25166.03
1072.88
1053.81
1056.91
1044.03
1055.00
1044.99
1083.14
1118.90
1124.86
1118.90
25174.86
1065.02
1060.01
1067.16
1056.91
1050.00
1053.09
1054.05
1126.05
1128.20
1136.06
25232.08
1116.04
1096.01
1097.92
1091.00
1091.00
1083.14
21198.03
1088.14
1073.12
1075.03
1069.07
1066.21
1074.08
1071.93
1068.83
1070.98
1064.06
25179.15
1091.00
1075.03
1077.89
1065.97
1062.15
1061.92
17106.06
1141.07
1099.11
1090.05
1109.12
1094.10
1094.10
25121.93
1133.92
1081.94
1065.97
1078.84
1076.94
1078.13
1075.03
33147.10
1074.08
1055.00
1054.05
1086.00
1085.04
1083.85
1096.01
1101.97
1103.16
1085.04
25191.78
1101.02
1078.13
1078.13
1060.96
1066.92
1074.08
1082.18
1075.98
1073.12
1075.03
25182.96
1103.16
1107.93
1106.02
1099.11
1101.97
1101.02
17221.93
1080.04
1066.92
1059.06
1063.11
1058.10
1055.00
21092.89
1110.08
1045.94
1031.88
1047.13
1043.08
1047.13
1046.90
1055.96
1050.95
1052.86
1045.94
25161.98
1074.08
1059.06
1055.96
1050.00
1049.04
1044.99
25084.02
1086.95
1050.00
1049.04
1057.15
1047.85
1044.99
1044.03
1050.95
1060.96
1060.01
25075.91
1135.11
1073.84
1060.96
1064.06
1061.20
1059.06
1057.15
31481.98
1082.90
1053.09
1042.13
1044.99
1047.85
1044.03
1036.88
1044.03
21134.85
1076.94
1057.86
1056.19
1066.92
1060.01
1073.12
1066.92
1103.88
1100.06
1092.91
29153.11
1111.98
1067.88
1061.92
9196.04
1101.97
1075.98
1087.90
1067.16
1070.02
1070.98
1065.97
1033.07
1032.11
1028.06
25142.19
1070.02
1052.86
1062.87
1059.06
1050.00
1055.96
25089.98
1144.17
1101.97
1097.20
1082.90
1060.96
1064.06
1061.20
1065.02
1060.01
1060.96
25084.97
1113.89
1092.91
1056.91
1070.02
1063.82
1060.01
1061.92
1070.02
1069.07
1066.92
1055.00
25164.13
1096.96
1076.94
1082.18
1070.98
1063.11
1070.02
1063.11
1088.14
1081.94
1070.98
33178.09
1096.96
1078.13
1077.89
1090.05
1080.99
1091.00
25172.00
1079.08
1070.98
1055.96
1060.01
1057.15
1050.95
25086.88
1132.01
1079.08
1075.98
1092.91
1072.17
1060.96
1068.83
25205.85
1122.00
1114.13
1116.99
1104.83
1086.00
1085.04
1080.04
1057.15
1054.05
1055.00
25177.00
1104.12
1096.96
1114.85
1107.93
1110.08
1111.98
25204.90
1117.94
1091.00
1091.00
1060.96
1053.09
1054.05
1081.94
1063.11
1068.12
1060.01
25232.08
1168.97
1114.85
1111.98
1100.06
1084.09
1075.03
1067.88
1035.93
1037.12
1037.12
23637.06
1135.11
1096.01
1088.14
1067.16
1064.06
1050.00
1061.20
33112.05
1132.01
1090.05
1072.88
1095.06
1112.94
1110.79
1097.92
21205.90
1116.99
1100.06
1103.88
1045.94
1052.14
1057.15
29174.09
1050.95
1038.07
1039.03
1049.04
1044.03
1039.98
17078.88
1141.07
1115.08
1110.08
1106.02
1104.12
1090.05
1098.87
17163.99
1069.07
1059.06
1063.11
1063.11
1058.10
1060.96
17145.87
1059.06
1043.80
1030.92
5144.83
1087.90
1078.13
1086.00
1075.98
1070.02
1074.08
21103.14
1079.08
1053.09
1053.09
1053.09
1049.04
1055.00
1045.94
1060.96
1056.91
1053.09
25079.01
1122.00
1075.03
1081.23
1074.08
1088.86
1083.85
1077.89
1093.15
1073.12
1088.86
25121.93
1131.06
1093.86
1087.90
1111.98
1080.04
1092.20
1083.85
1091.96
1100.06
1097.92
25130.03
1133.20
1106.98
1106.02
1108.88
1081.94
1095.06
1091.00
1096.96
1099.11
1081.94
25130.99
1157.05
1100.06
1091.96
1106.02
1091.00
1091.96
1101.02
1091.00
1096.96
1092.20
25191.07
1111.98
1092.91
1096.96
1111.98
1093.15
1099.11
1087.90
1092.91
1097.92
1101.02
25192.98
1078.13
1070.98
1065.02
1056.91
1059.77
1052.86
1052.86
1050.00
1044.99
1052.86
25117.87
1078.84
1060.01
1050.95
1057.86
1055.00
1050.95
1045.94
1057.15
1050.00
1050.00
25088.07
1145.84
1103.88
1093.86
1096.96
1091.00
1088.86
1089.10
17155.17
1088.14
1065.02
1072.17
1064.06
1065.97
1056.91
25152.92
1065.02
1052.86
1042.84
1054.05
1040.94
1039.98
1038.07
1091.00
1081.94
1086.00
25130.03
1082.90
1049.04
1032.83
1039.03
1038.07
1032.83
1044.03
1086.00
1078.84
1069.78
25111.91
1112.94
1069.07
1057.86
1070.02
1060.01
1062.15
1060.01
1090.05
1066.21
1071.93
1073.84
25166.03
1083.14
1071.93
1055.00
1055.96
1083.14
1109.12
1141.07
1096.01
1066.92
1038.07
25132.18
1050.95
1039.03
1034.98
1093.15
1060.01
1029.97
25093.08
1114.13
1069.07
1070.98
1093.86
1067.88
1075.03
25088.07
1171.11
1107.93
1074.08
1039.03
1100.06
1092.91
1097.92
1106.98
1100.06
1096.96
25135.04
1155.14
1103.88
1098.87
1106.98
1091.96
1096.01
1098.16
1034.02
1044.03
1041.17
25085.93
1133.92
1082.90
1080.04
1072.88
1038.07
1033.07
1044.03
1054.05
1047.13
1042.13
1044.03
21192.07
1108.88
1086.95
1089.10
1087.19
1080.04
1070.98
21178.96
1093.15
1080.04
1077.18
1080.99
1074.08
1075.98
1055.00
1085.04
1071.93
1070.02
25154.83
1082.90
1070.98
1069.07
1080.04
1070.02
1070.02
33110.86
1154.90
1122.95
1099.11
9203.20
1132.01
1116.04
1125.81
1118.90
1115.08
1113.18
17199.99
1068.12
1058.10
1060.01
1051.19
1050.00
1050.00
1045.94
1045.94
1053.09
1058.10
33131.12
1122.95
1090.05
1086.00
1094.10
1070.02
1071.93
1057.15
1111.98
1126.05
1132.97
21196.13
1127.96
1106.02
1169.92
1110.08
1103.88
1096.01
25193.93
1075.98
1047.13
1038.07
1136.06
1103.16
1118.90
1122.95
1111.03
1111.03
1112.94
25263.07
1096.01
1075.03
1075.98
1067.16
1060.01
1056.19
1051.90
1080.99
1049.04
1037.12
25187.97
1071.93
1050.00
1041.89
1050.00
1052.14
1060.01
1053.09
1117.94
1103.88
1088.14
25148.15
1111.03
1067.16
1034.98
1068.83
1093.86
1116.04
1118.90
1108.88
1071.93
1049.04
25137.90
1062.87
1040.22
1031.88
1060.96
1036.17
1048.09
1090.05
1114.13
1106.98
1111.98
25124.07
1130.10
1086.00
1091.96
1079.08
1119.14
1109.12
1091.00
1056.91
1034.02
1057.86
25138.85
1119.85
1083.85
1076.94
1086.00
1039.98
1052.14
1086.95
1093.86
1116.99
1103.88
25126.93
1114.85
1055.96
1042.13
1068.12
1089.10
1110.08
1101.97
1094.82
1098.87
1072.88
25099.99
1096.01
1053.09
1044.03
1096.01
1058.10
1039.03
1069.07
17165.18
1063.11
1049.04
1043.08
1116.04
1098.87
1092.91
25172.95
1064.06
1050.00
1046.18
1050.95
1045.94
1047.13
1044.03
1042.13
1038.07
1044.99
25091.89
1132.01
1093.86
1122.00
1100.06
1096.01
1091.96
1093.86
1044.99
1058.10
1061.92
25117.87
1102.92
1057.86
1048.80
1047.85
1122.00
1112.94
1091.96
1073.12
1037.12
1050.95
25147.20
1110.08
1057.15
1053.09
1050.95
1030.92
1075.98
1097.92
1127.96
1111.03
1091.00
25099.99
1130.10
1084.09
1063.11
1074.08
1106.02
1088.14
1055.00
1047.85
1057.86
1091.00
25161.98
1136.06
1101.97
1089.10
1091.00
1045.94
1069.07
1119.14
1101.02
1107.22
1102.92
29156.21
1152.99
1130.10
1114.13
1116.04
1102.21
1110.08
21142.96
1179.93
1123.19
1106.98
1107.93
1048.09
1048.09
1051.90
1056.91
1058.82
1095.06
25166.03
1175.17
1141.07
1119.14
1091.00
1092.91
1060.96
1092.91
1113.18
1131.06
1120.09
1125.10
1114.13
1116.99
1116.99
25210.86
1132.97
1119.14
1134.16
1128.91
1129.87
1122.00
25208.95
1142.98
1122.95
1127.96
1124.14
1116.04
1120.09
25206.09
1122.95
1114.85
1122.00
1111.03
1118.18
1115.08
25186.06
1109.12
1121.04
1129.15
1110.08
1110.08
1104.12
25195.12
1079.08
1088.14
1121.04
1133.20
1123.91
1112.94
1085.04
1104.12
1091.96
1091.96
25216.10
1140.12
1137.97
1129.87
1088.14
1065.97
1047.85
1116.99
1121.04
1122.00
25166.03
1134.16
1109.12
1095.06
1100.06
1125.10
1127.96
1137.97
1114.13
1086.95
1057.86
25101.90
1113.89
1125.10
1132.01
1142.02
1115.08
1094.10
1071.93
1057.86
1072.88
1106.98
25238.04
1149.18
1121.04
1099.11
1065.97
1050.95
1075.03
1122.00
1132.01
1130.10
1116.04
25223.97
1116.04
1073.84
1056.91
1071.93
1105.07
1123.19
1120.09
1118.90
1126.05
25158.88
1110.08
1068.12
1090.05
1123.91
1130.82
1123.91
1118.90
1110.08
1111.98
1113.89
25157.93
1111.03
1106.02
1113.18
1125.10
1111.98
1111.98
1109.84
1113.89
1113.89
1124.86
25221.82
1116.04
1086.95
1060.96
1120.09
1132.97
1122.95
1131.06
1122.95
1126.05
25151.97
1107.93
1073.12
1101.02
1138.93
1138.21
1128.91
1115.08
1108.88
1065.02
1050.95
25116.21
1163.01
1139.88
1131.06
1120.81
1095.06
1063.11
1054.05
1084.09
1111.98
1118.90
25181.06
1175.88
1128.20
1133.92
1082.90
1087.90
1083.14
1082.90
1086.95
1083.85
1080.99
25223.02
1119.14
1075.03
1057.15
1044.99
1060.01
1050.00
1054.05
1046.90
1046.18
1054.05
25108.10
1164.91
1133.92
1103.16
1039.03
1058.10
1059.06
1056.91
1055.00
1055.00
1048.09
25092.12
1126.05
1125.10
1122.00
1108.88
1096.01
1087.90
1112.94
1112.94
1101.97
1099.11
21214.96
1122.00
1111.03
1107.93
1105.07
1123.19
1101.02
25201.08
1089.10
1065.02
1060.01
1087.90
1098.87
1101.02
25145.05
1125.10
1080.04
1075.98
1065.02
1083.14
1078.13
1080.99
25192.02
1076.94
1060.01
1060.96
1054.05
1054.05
1051.19
29170.99
1091.00
1059.06
1061.92
1087.90
1075.03
1075.03
17116.07
1122.00
1068.12
1055.96
1072.88
1064.06
1060.01
1065.97
21165.13
1080.04
1067.16
1060.96
1060.01
1063.11
1059.06
17102.96
1106.98
1075.98
1072.88
1078.84
1066.92
1063.11
1068.12
21155.12
1072.17
1072.88
1067.88
1053.81
1064.06
1053.09
25162.94
1076.94
1058.82
1063.82
1066.92
1049.04
1056.91
25104.05
1169.92
1118.90
1121.04
1113.89
1078.13
1067.16
1066.92
25192.98
1111.98
1087.90
1078.13
1052.14
1056.91
1052.86
25161.98
1075.98
1065.97
1052.14
1055.96
1054.05
1050.95
1061.92
1111.98
1120.09
1116.99
33252.95
1149.18
1132.01
1149.18
1127.96
1151.08
1137.97
21226.88
1114.85
1097.92
1099.11
1095.06
1091.00
1091.96
25189.16
1077.18
1065.02
1056.91
1059.06
1053.09
1054.05
21086.93
1166.82
1126.05
1117.94
1142.98
1121.04
1116.99
17151.83
1158.95
1108.88
1089.81
1102.92
1107.22
1086.95
1095.06
25168.90
1061.20
1032.11
1110.08
1096.96
1109.84
1092.91
25200.13
1105.07
1091.00
1087.90
1098.87
1114.85
1104.83
25146.01
1105.07
1069.07
1066.21
1075.98
1063.11
1060.01
1065.02
1068.12
1072.88
1067.88
41118.86
1109.84
1073.84
1061.92
1070.98
1058.10
1056.91
1056.91
21198.99
1132.01
1119.14
1114.13
1094.10
1089.10
1089.10
17175.91
1103.88
1086.00
1105.07
1084.09
1096.01
1086.00
21208.05
1109.12
1084.09
1084.09
1086.00
1078.84
1070.98
25112.15
1110.08
1082.18
1065.97
1080.99
1079.08
1071.93
1067.88
25206.09
1116.04
1100.06
1101.02
1086.00
1081.94
1084.09
25204.18
1081.94
1068.83
1062.87
1124.86
1122.95
1122.00
25224.92
1104.12
1094.10
1096.01
1105.07
1110.08
1092.91
25141.95
1146.08
1097.92
1102.92
1070.98
1052.86
1055.00
25097.13
1163.96
1092.91
1092.91
1101.02
1067.88
1073.84
1071.93
25199.17
1101.02
1088.14
1078.13
1072.88
1074.08
1072.88
25170.80
1132.01
1114.13
1131.06
1110.08
1101.97
1100.78
1111.98
1085.04
1087.19
1079.08
1087.90
1070.02
1076.94
13095.86
1151.08
1102.92
1092.91
1113.18
7997.04
1122.95
1097.20
1084.09
1118.90
1090.05
1087.90
21150.83
1166.11
1127.96
1103.88
1112.22
1106.98
1096.01
8360.86
1161.10
1113.89
1101.97
1100.06
1168.01
1092.91
1105.07
9140.01
1133.92
1091.00
1086.95
1116.04
1091.00
1098.16
17131.09
1165.15
1184.94
1108.17
1122.95
1116.99
1101.02
13135.19
1115.08
1066.92
1045.94
1044.99
1101.02
1086.00
1110.08
1130.82
1107.93
1109.12
28509.14
1170.16
1080.99
1067.16
1071.93
1095.06
1075.98
1084.09
17134.19
1163.96
1114.85
1108.88
1131.06
1103.88
1099.11
1094.10
1096.01
1092.91
1086.00
1096.96
1097.92
1087.90
1086.95
10620.12
1118.90
1116.04
1128.91
1137.97
1150.13
1146.08
1147.99
1150.85
37252.90
1080.99
1070.02
1096.96
1114.85
1116.99
1115.08
21203.99
1141.07
1128.91
1122.00
1126.05
1132.97
1106.98
1084.09
1053.09
1064.06
1103.16
33200.03
1083.14
1106.02
1118.90
1116.04
1122.95
1111.98
1114.85
1109.84
1116.04
25167.94
1178.03
1143.93
1134.87
1129.87
1127.96
1115.08
25155.07
1147.99
1101.97
1104.83
1111.03
1101.97
1106.98
1106.02
1106.98
1115.08
1103.88
25164.13
1161.10
1127.00
1118.90
1122.95
1112.94
1113.89
33154.96
1132.01
1099.82
1096.96
1136.06
1089.10
1093.15
25120.02
1167.06
1096.96
1104.12
1115.08
1077.18
1049.04
1077.18
1112.94
1132.01
1133.92
17170.91
1149.89
1096.01
1057.86
1080.04
1095.06
1110.08
25170.09
1162.05
1110.79
1097.92
1097.20
1050.00
1084.09
1118.18
25194.88
1090.05
1072.17
1080.04
1071.93
1062.87
1065.02
25180.10
1111.03
1096.96
1101.97
1083.85
1091.00
1102.92
25195.84
1152.04
1107.93
1113.89
1139.88
1112.94
1122.95
17185.93
1158.95
1107.93
1098.87
1100.78
1091.00
1070.98
33121.82
1147.03
1080.99
1052.14
1091.00
1116.99
1136.06
13146.16
1160.14
1096.01
1088.14
1085.04
1079.08
1083.14
1088.14
1091.00
1075.03
1077.89
25119.07
1127.96
1083.14
1080.04
1088.14
1063.11
1074.08
1066.92
1077.89
1065.02
1061.92
1057.86
13193.85
1101.02
1060.01
1056.19
1055.96
1053.81
1060.01
1065.02
1064.06
1061.92
1063.11
33205.03
1127.96
1109.12
1115.08
1112.94
1098.87
1105.79
1123.91
1070.98
1075.98
17122.98
1153.95
1075.98
1058.10
1065.02
1100.78
1093.86
1088.86
17205.95
1125.10
1107.93
1119.85
1137.02
1122.00
1110.79
21194.93
1116.04
1091.00
1101.02
1101.02
1079.08
1084.09
17189.98
1152.04
1107.93
1097.92
1067.16
1065.02
1092.20
17174.01
1142.02
1086.00
1085.04
1086.95
1073.12
1064.06
17102.00
1156.81
1098.87
1088.86
1076.94
1096.96
1107.93
1102.92
1116.99
1116.99
1121.04
25175.09
1160.14
1112.94
1110.79
1118.90
1123.91
1106.02
1122.95
1098.16
1101.02
1111.03
33195.97
1106.98
1127.00
1136.06
1130.10
1116.04
1096.96
13157.84
1070.02
1086.95
1116.99
1132.01
1127.00
1111.98
1096.96
1065.97
1055.96
1075.98
25226.12
1152.04
1131.06
1125.10
1103.16
1075.03
1055.96
1084.80
1102.92
1127.96
1122.00
25227.07
1115.08
1076.94
1055.96
1072.88
1113.89
1125.81
1070.02
1064.06
1070.02
25094.99
1181.13
1121.04
10720.97
1093.86
1103.88
1134.87
1133.92
1132.01
1108.88
1080.99
1111.03
1097.92
25141.00
1159.19
1133.92
1129.87
1091.96
1085.04
1086.95
1089.10
1085.04
1077.18
1080.04
25138.14
1154.18
1117.94
1125.10
1127.00
1101.97
1106.02
17155.89
1155.85
1089.81
1056.91
1066.92
1093.15
1122.00
25170.09
1188.04
1111.03
1088.86
1065.02
1069.07
1098.16
1119.14
1148.94
1097.92
1096.01
25145.05
1105.07
1078.13
1101.02
1132.01
1122.95
1122.95
1106.98
1106.98
1106.98
1104.12
25223.97
1143.93
1135.11
1123.19
1125.10
1091.96
1064.78
25096.89
1129.87
1118.90
1131.06
1135.83
1116.99
1092.91
1062.87
1114.85
1113.89
1096.96
25237.08
1133.20
1132.97
1124.86
1108.88
1106.98
1106.02
21200.90
1086.00
1065.02
1070.98
1086.95
1093.86
1083.85
1092.91
1055.00
1065.02
1066.92
25188.92
1075.98
1080.04
1114.13
1131.06
1126.05
1128.20
25196.08
1116.99
1065.97
1062.15
1101.02
1116.04
1128.91
25164.13
1170.16
1105.07
1106.02
1095.06
1065.97
1091.96
29227.97
1114.13
1063.11
1063.11
1067.88
1060.01
1065.02
1067.16
9220.12
1105.07
1086.00
1089.10
1079.08
1083.14
1074.08
25177.00
1086.95
1081.23
1069.07
1077.89
1071.93
1066.92
25182.01
1134.87
1077.89
1066.21
1067.88
1080.04
1073.12
1084.09
25164.13
1092.91
1081.94
1097.20
1085.04
1101.02
1099.11
1151.08
11260.99
1164.91
1112.94
1091.96
1104.12
1096.96
1086.95
1080.99
1082.90
1067.16
1068.12
25109.05
1119.14
1068.12
1065.97
1070.02
1064.06
1062.87
1061.92
1069.78
1060.96
1070.02
29093.98
1155.14
1083.14
1070.02
1068.12
1058.10
1060.96
1056.91
1062.15
1048.09
1050.00
1057.15
25237.08
1080.04
1066.21
1071.93
1067.88
1066.92
1072.17
1070.98
1049.04
1051.90
1058.10
21201.13
1132.97
1119.85
1122.95
1116.04
1117.94
1105.07
1111.03
1107.93
1106.98
29151.20
1131.06
1091.96
1080.99
1096.01
1089.10
1090.05
1085.04
1083.85
1084.80
1077.89
25132.89
1144.89
1093.86
1091.96
1151.08
1100.06
1099.11
1105.07
1101.02
1105.79
1113.89
1101.97
1106.02
1102.92
1115.08
37225.01
1111.98
1114.13
1116.04
1093.15
1110.08
1091.96
1124.14
1096.01
1098.16
13137.10
1167.06
1111.98
1096.96
1088.86
1113.18
1106.98
1098.16
1116.99
1092.91
1096.01
25141.95
1112.22
1075.98
1055.96
1061.92
1103.88
1098.16
1106.02
1120.09
1097.20
1092.91
25145.05
1116.99
1080.99
1075.03
1051.90
1087.90
1091.00
1099.11
1095.06
1092.91
1081.94
25130.03
1132.97
1098.16
1098.16
1048.09
1075.03
1080.04
21174.19
1166.11
1115.08
1114.13
1140.12
1106.98
1108.88
1114.13
1122.00
1105.79
1118.90
25195.84
1101.97
1096.01
1080.99
1099.11
1090.05
1091.96
1092.91
1080.04
1083.85
1086.00
37184.95
1101.97
1074.08
1076.22
1112.94
1098.87
1099.11
21142.01
1168.01
1116.99
1109.84
1175.88
1103.16
1100.06
1101.97
1061.92
1060.96
1057.86
29154.06
1103.16
1074.08
1071.93
1082.90
1068.12
1065.02
25105.00
1124.14
1069.07
1070.02
1074.08
1067.88
1061.20
1061.92
1098.87
1091.00
1076.94
29125.93
1169.92
1123.19
1116.99
1169.92
1056.91
1042.84
1044.03
1043.08
1039.03
1043.08
1044.99
1065.97
1060.01
1088.86
33168.79
1116.04
1086.00
1086.95
1101.02
1094.82
1086.95
21129.13
1161.10
1136.06
1112.22
1113.89
1091.00
1058.10
1074.08
21165.13
1115.08
1107.93
1108.88
1099.82
1101.02
1105.07
17213.11
1114.13
1108.17
1094.10
1053.09
1061.92
1065.97
1070.02
1055.96
1059.06
1056.91
25192.02
1085.04
1063.11
1064.06
1088.14
1094.10
1085.04
1093.15
1089.10
1083.14
1079.08
25211.10
1100.06
1094.10
1096.96
1091.00
1086.95
1083.85
1082.90
1065.02
1065.97
1066.92
29217.96
1115.08
1101.02
1099.11
1106.02
1132.97
1134.16
25197.98
1097.92
1075.03
1075.03
1054.05
1093.15
1116.99
25228.02
1093.86
1072.88
1066.21
1076.94
1073.84
1067.88
21112.92
1155.14
1137.97
1104.83
1088.86
1091.00
1090.05
1094.10
1081.94
1088.86
1079.80
21141.05
1150.13
1099.11
1096.96
1106.98
1091.00
1096.01
25140.05
1125.10
1087.19
1082.18
1080.04
1101.02
1101.02
25136.95
1144.89
1108.17
1096.01
1115.08
1107.93
1107.93
1113.89
25202.99
1106.02
1093.15
1094.10
1094.10
1092.91
1080.99
21203.99
1096.96
1070.98
1062.87
1086.24
1085.04
1100.06
25156.02
1097.92
1064.06
1061.92
1062.15
1053.09
1056.91
1050.95
25192.02
1096.96
1079.08
1086.00
1119.85
1124.86
1122.00
1128.91
1123.91
1119.85
29204.85
1129.87
1090.05
1086.95
1078.84
1086.00
1084.09
25113.11
1139.16
1093.86
1096.96
1096.01
1092.91
1095.06
1088.14
1080.04
1074.79
1070.98
25113.11
1156.09
1106.02
1106.98
1093.15
1123.91
1109.84
1101.02
1114.13
1117.94
1112.94
17161.13
1155.14
1122.00
1114.13
5042.08
1099.11
1101.02
1089.81
1080.99
1091.96
1095.06
1122.00
1098.16
1108.88
1106.02
25228.98
1134.87
1135.11
1132.01
1097.92
1097.20
1110.08
1113.18
1096.96
1114.13
25146.01
1153.95
1110.08
1095.06
1095.06
1108.88
1101.97
1117.94
1091.96
1087.90
1087.90
25181.06
1123.91
1108.17
1091.00
1121.04
1099.82
1086.95
1088.14
1086.00
1080.99
1086.95
21187.07
1093.86
1081.94
1081.94
1136.06
1135.11
1142.98
1142.02
1118.90
1119.14
25134.09
1152.04
1091.00
1085.04
1099.82
1091.96
1087.19
1097.92
1087.90
1082.90
1081.94
33110.86
1173.02
1132.97
1117.94
1120.09
1127.00
1126.05
1118.90
1112.94
1107.22
1100.06
25142.91
1153.95
1109.12
1108.17
1112.94
1101.02
1100.06
1093.86
1103.88
1107.93
1114.13
25213.00
1096.96
1080.04
1086.00
12572.05
1075.03
1065.97
1064.06
1076.94
1060.96
