1293.90
1261.95
1268.86
1237.87
1220.94
25290.01
1311.06
1283.88
1281.98
1231.91
1219.03
1214.98
25383.00
1289.84
1265.05
1254.80
1237.87
1249.79
24074.08
1291.04
1290.08
1266.00
1263.86
1260.04
1256.94
33329.96
1328.95
1295.09
1290.08
1269.10
1268.15
25342.94
1317.98
1299.14
1269.10
1248.12
1246.93
20177.84
1317.98
1264.10
1278.16
1281.02
1285.08
1276.02
33303.98
1297.95
1253.84
1250.98
1257.18
1252.89
1251.94
25361.06
1274.82
1258.85
1266.00
1241.92
1240.02
20329.95
1333.95
1284.12
1276.02
1275.06
1259.09
1253.13
25327.92
1311.06
1277.92
1271.01
1276.97
1258.13
25323.87
1301.05
1270.06
1291.99
1250.98
1252.17
25280.00
1326.80
1255.99
26232.00
1293.90
1272.92
1253.13
1237.15
1229.05
18537.04
1311.78
1269.82
1214.98
1215.22
1231.91
25341.99
1266.00
1267.91
1239.06
1214.03
1214.98
21335.12
1255.04
1240.02
1244.78
1230.96
1219.99
25282.86
1293.90
1259.09
1257.90
1223.09
1230.00
1223.80
25388.00
1269.10
1281.02
1262.19
1240.97
1233.82
20809.89
1228.81
1216.89
1241.92
1221.18
1209.97
1211.17
33365.01
1286.03
1298.90
1296.04
1277.92
1303.20
25396.11
1291.99
1284.84
1286.03
1775.03
1255.99
20990.85
1253.84
1239.06
25290.97
1258.13
1246.93
1254.80
1288.89
1293.90
21320.10
1289.13
1282.93
1263.14
1235.96
1234.05
1250.03
25372.98
1280.07
1262.90
1281.98
1257.90
1257.90
21352.05
1279.83
1265.05
1276.97
1263.14
1268.15
25321.96
7505.18
1270.06
1231.19
1224.99
1231.19
1224.04
1224.04
25343.18
1254.08
1255.04
1273.87
1258.13
1275.06
29329.06
1333.00
1289.84
1287.94
1289.13
1279.12
19330.02
1281.98
1269.10
1266.00
1254.08
25320.05
1256.94
1257.18
1247.88
1259.80
1237.87
21296.98
1284.12
1255.99
1239.06
1192.09
1207.11
1205.21
25343.89
1305.10
1259.09
1260.04
1226.90
1225.95
29293.06
1289.13
1258.13
1261.95
1263.86
1260.04
25308.13
1292.94
1283.88
1281.02
1266.00
1255.99
1262.19
25357.96
1286.98
1283.88
1296.04
1265.05
1256.94
29392.96
1296.04
1281.98
1289.13
1264.10
1270.06
21377.09
1315.12
1307.01
1312.02
1297.95
1298.19
25405.88
1292.94
1275.06
1268.86
1266.00
1261.00
25320.05
1342.06
1291.04
1270.06
1242.88
1254.80
25315.05
1412.15
1288.89
1291.04
1204.97
1220.94
1227.86
25410.89
1331.09
1328.95
1238.82
1242.88
1248.12
21394.97
1327.04
1369.95
1312.02
1330.85
1328.95
17395.02
1287.94
1280.07
1290.08
1284.12
1273.16
25381.09
1291.04
1276.02
1272.92
1263.14
1267.91
28079.03
1273.87
1247.88
1237.15
1248.12
1234.05
1239.06
41301.01
1343.97
1245.98
1236.92
1239.06
1242.16
1238.11
25357.01
1250.03
1245.02
1263.86
1235.96
1250.03
21357.06
1317.02
1294.85
1292.23
1252.89
1253.84
21318.91
1290.08
1258.13
1273.16
1273.87
1263.86
29338.84
1334.91
1293.90
1290.80
1215.93
1232.15
1229.05
20387.17
1281.98
1263.86
1277.92
1313.21
1275.06
1267.91
25328.87
1248.84
1244.07
1259.80
1277.92
1268.86
33371.93
1291.04
1282.93
1269.10
1264.10
1266.00
20474.91
1264.10
1260.04
1261.95
1262.90
1250.03
1248.12
25310.99
1274.11
1247.17
1287.94
1250.98
1236.92
25305.03
1281.02
1251.94
1255.04
1250.03
1241.92
1243.11
36779.88
1298.90
1281.02
1281.02
1289.13
1287.94
21358.97
1300.10
1271.01
1273.16
1277.92
1259.80
25316.00
1302.00
1266.00
1265.05
1271.01
1259.80
1258.85
24837.02
1225.95
1219.03
1220.94
1217.13
1217.13
1214.98
33375.98
1330.85
1373.05
1265.05
1260.04
1264.10
25371.07
1270.06
1259.80
1265.05
1255.04
1251.94
20973.92
1245.98
1217.84
1219.03
1244.07
1250.03
1247.17
25331.97
1230.96
1223.09
1255.99
1249.79
1248.84
25346.04
1240.97
1217.13
1204.01
1266.96
1264.10
25310.04
1271.01
1244.07
17539.98
1312.97
1322.03
1298.19
1234.05
1231.91
25254.96
1318.22
1333.00
1227.14
1234.05
1227.14
1238.11
25336.03
1240.02
1230.00
1234.05
1228.09
1228.09
21291.02
1300.10
1271.96
1254.80
1249.79
1249.07
25284.05
1322.03
1297.00
1302.96
1295.80
1297.00
1301.05
29366.97
1255.04
1242.88
1269.82
1289.84
1302.96
25411.13
1276.97
1271.96
1281.02
1255.04
1254.80
25360.11
1291.04
1275.06
1222.85
1267.91
1271.01
29367.21
1357.08
1326.08
1295.09
1255.04
1263.86
17552.85
1287.94
1253.13
1251.94
1243.11
1761.20
25322.91
1277.92
1257.18
1249.07
1240.02
1240.02
21301.98
1249.07
1227.14
1234.05
1244.07
1225.95
1221.90
17323.02
1261.95
1257.90
1266.96
1266.00
1255.04
25305.99
1274.11
1253.13
1246.93
1249.07
1250.98
25302.17
1276.02
26965.86
1374.96
1265.05
1231.19
1231.91
1224.99
25258.06
1300.10
1235.96
1234.05
1224.99
1214.03
1207.83
25322.91
1228.09
1219.99
1211.88
1245.98
1249.07
13322.11
1266.00
1231.91
1233.10
1221.90
1228.81
1221.90
25341.99
1235.96
1225.95
1233.10
1224.99
1216.17
25285.01
1269.10
1252.17
1239.06
1236.92
1241.92
1242.16
20150.90
1302.96
1278.16
1277.92
1245.02
1223.09
1227.14
41390.90
1285.79
1267.91
1266.96
1261.00
1291.04
21378.04
1271.96
1248.12
1255.99
1245.98
1247.88
25312.90
1281.98
1240.97
1288.89
1250.98
1239.06
1240.02
17398.12
1317.98
1337.05
1317.02
1338.01
25350.09
1388.07
1325.85
1327.99
1321.08
1316.07
28409.00
17343.04
1279.12
1239.06
1242.16
1238.82
1257.90
25275.95
1360.18
1248.12
1241.92
1237.87
1225.95
1235.01
25349.86
1294.14
1261.95
1263.86
1239.06
1235.01
13312.10
1285.08
1254.08
1261.00
1241.92
1244.07
25298.83
1287.94
1247.17
1220.94
1235.01
1229.05
1228.09
25341.99
1283.88
1280.07
1258.85
1194.95
1199.96
25276.90
1270.06
1242.88
18010.85
1236.92
1217.84
1231.91
1221.90
1219.99
21285.06
1316.79
1256.94
1265.05
19860.03
1308.92
1276.97
1268.15
1259.09
1261.95
1260.04
24892.09
1230.96
1215.93
1223.09
1213.07
1212.12
25247.10
1277.21
1226.90
1221.90
1235.96
1223.09
1220.94
25322.91
1284.84
1261.00
1251.94
1224.04
1235.01
25288.11
1312.02
1268.15
9708.17
1317.98
1313.92
1321.08
1324.89
1321.08
25388.96
1356.12
1327.99
1333.95
1327.99
1322.98
25388.00
1356.12
1325.13
1337.05
1327.99
1320.84
21224.98
1306.06
1267.19
1257.90
1268.86
1265.05
25347.95
1318.93
1298.19
1297.95
1281.02
1287.94
25338.89
1326.80
1297.00
1290.08
1296.04
1316.79
25328.87
1353.03
1281.02
25383.00
1328.95
1298.90
1269.10
1278.16
1274.11
1274.11
19392.97
1264.81
1258.85
1257.90
25321.96
1250.98
1219.03
1213.07
1217.13
1236.92
1238.82
17375.95
1242.88
1223.80
21352.05
1281.98
1257.18
1265.05
1243.11
1253.13
25321.96
1284.84
1256.94
1269.10
1230.00
1235.96
17302.99
1281.02
1245.02
1238.11
1228.09
1219.99
1219.99
25356.05
1268.15
1248.12
1250.98
1248.12
1238.11
25316.00
1277.21
17112.02
1261.95
1250.03
1256.94
1262.90
1264.10
1263.14
1260.04
25446.18
1265.05
1267.91
17391.92
1274.11
1267.19
1275.06
1264.10
1267.91
23797.04
1275.06
1236.92
1230.00
1240.97
1236.20
1228.09
1228.09
25352.95
1266.00
1249.07
1214.98
1216.89
1215.93
21321.06
1237.15
1219.99
1224.99
1219.03
1219.99
25270.22
1248.12
1223.09
1220.94
1228.09
1224.04
26780.84
1227.86
1212.84
1226.90
1213.79
1211.88
21292.92
1264.10
1242.16
1230.96
1238.11
1261.00
25296.93
1319.89
1258.13
1242.16
1286.98
1291.04
1282.93
33375.98
1286.03
1266.00
1294.14
1266.96
1272.92
21390.91
1239.78
1219.99
1213.07
1248.12
1250.98
25323.87
1256.94
1230.00
1219.03
1224.99
1223.09
1219.99
25404.93
1293.18
1271.01
1240.02
1214.03
1205.92
25318.86
1359.94
1270.06
1256.94
1251.94
1246.93
29318.09
1291.04
1257.90
1250.98
1241.92
1238.11
25276.18
1313.92
1253.84
1240.02
1259.09
1255.04
1254.08
25357.01
1323.94
1279.12
1292.94
1282.93
1264.10
25365.11
1276.97
1267.91
1270.06
1260.04
1276.97
21315.81
1304.86
1261.00
1276.02
1291.99
1297.00
25353.19
1302.00
1275.06
1265.05
1276.97
1292.94
25341.99
1324.18
1276.02
1264.10
1282.93
1280.07
1291.99
20669.94
1268.86
1262.90
1257.18
1265.05
1265.05
33304.21
1256.94
1227.86
1215.93
1276.97
1258.85
1260.04
29380.08
1303.91
1291.04
1302.96
1288.89
1290.08
25395.15
1297.00
1289.13
1309.16
1293.90
1292.94
17380.00
1240.02
1229.05
1233.10
1224.99
1230.00
29299.02
1298.19
1270.06
1266.00
1285.08
1289.13
1281.02
24961.23
1242.88
1235.96
1236.20
1221.90
1227.86
25282.86
1268.86
1237.87
1235.96
1238.11
1237.87
1246.93
21327.97
1226.90
1216.89
1221.18
1210.93
1215.93
25272.13
1242.16
1215.93
1224.04
1214.03
1209.02
33504.01
1285.08
1266.96
1269.10
1262.19
1259.09
1259.09
21377.09
1267.91
1261.95
1285.08
1291.99
1297.00
29371.98
1262.90
1242.16
9433.03
1236.20
1216.89
1224.99
1214.03
1206.16
25264.98
1240.02
1222.85
1219.99
1224.99
1219.99
1219.99
29354.10
1236.20
1215.93
1222.13
1255.04
1252.17
25322.91
1250.03
1215.93
1220.94
1260.04
1261.95
25290.01
1297.95
1222.13
1214.98
1268.15
1262.90
1266.00
29380.08
1301.05
1295.09
1310.11
1294.14
1292.94
1273.16
1246.93
1258.85
29316.90
1269.10
1242.16
1244.07
1239.06
1244.07
25273.08
1300.81
3037.93
1240.02
1235.01
1244.07
1272.20
1285.08
25328.87
1317.02
1255.99
1250.98
1270.06
1280.07
1281.98
25364.88
1231.91
1220.23
1214.03
1286.03
1281.02
27822.02
9356.98
1251.94
1224.04
1219.03
1260.04
1261.95
1269.10
1310.11
1230.00
1221.18
1253.84
1261.95
1278.16
25361.06
1266.00
1240.02
1230.96
1257.90
1265.05
19948.96
1322.98
1265.05
1261.00
1250.98
1236.92
1254.08
33275.13
1322.98
1258.85
1250.03
1302.96
1327.99
1332.04
25370.12
1276.97
1266.00
1296.04
1318.93
1327.04
20128.01
1286.03
1288.89
1277.92
1286.03
1278.88
1274.11
33385.04
1257.90
1255.04
1256.94
1258.13
1244.07
25310.04
1283.17
1261.00
1265.05
1270.06
1259.80
20245.08
1307.01
1286.03
1269.82
1264.81
1272.92
1278.16
33326.15
1322.03
1286.98
1281.02
1271.96
1266.96
1281.98
33334.02
1224.99
1214.03
1216.17
1214.03
1212.12
13284.92
1280.07
1251.94
1255.04
1258.85
1258.85
25317.91
1305.82
1261.00
1276.97
1270.77
1270.06
1265.05
25390.15
1302.96
1277.92
1295.09
1283.17
1282.93
25381.80
1281.98
26149.03
1302.00
1266.96
1271.96
1261.00
1259.09
18610.00
1326.08
1281.98
1279.83
1278.88
1272.92
33365.96
1288.89
1278.88
1286.98
1280.07
1274.11
5362.99
1246.93
1234.05
1230.00
1210.93
1210.21
25295.97
1362.09
1321.08
1297.00
1208.07
1214.98
25269.99
1283.88
1260.04
1256.94
1212.84
1234.05
1233.10
36926.03
1246.93
1224.99
1236.92
1230.96
1235.01
25290.01
1281.02
1245.98
1240.97
1250.03
1245.02
1245.02
25366.07
1263.14
1255.04
1272.20
1261.00
1255.04
21008.01
1265.05
1242.16
1230.00
1230.96
1247.88
1245.02
25359.87
1235.01
1221.90
1206.87
1256.94
1271.01
25345.80
1297.00
1263.14
1235.96
1255.99
1254.08
25340.08
1297.95
1283.88
13622.05
1305.82
1292.94
1274.11
1245.98
1243.83
25301.93
1324.18
1297.00
1288.18
1261.00
15548.94
1265.05
1254.08
1255.99
1230.96
1232.86
25292.87
1307.01
1268.15
17435.07
1266.00
1241.92
1240.97
1240.97
1234.05
25274.04
1292.94
7350.92
1241.92
1223.80
1236.92
1235.01
1231.19
25301.93
1276.02
1238.11
1240.97
1257.18
1254.08
1245.98
29351.95
1230.96
1219.99
1238.11
1221.90
1219.99
19361.97
1287.94
1228.09
1213.07
1213.07
25336.98
1255.04
1253.84
1236.92
1207.11
1213.07
21268.13
1247.17
1224.99
1231.19
1224.99
1226.90
1235.96
25343.89
1240.97
1230.00
1237.15
1224.99
1224.04
25290.01
1251.94
1236.92
1240.02
1233.82
1228.81
1227.86
21655.08
1254.08
17301.80
1266.96
1245.98
1242.88
1248.84
1230.00
1234.05
23699.05
9308.10
1249.79
1217.84
1216.89
1271.01
1308.92
25384.90
1269.82
1233.82
1230.96
1271.01
1260.04
1250.03
29379.13
1241.92
1230.96
1259.09
1247.17
1271.01
17405.03
1226.90
1217.13
1224.99
1217.13
1222.13
25285.96
1250.03
1235.96
1242.16
1237.87
1231.91
1227.86
29350.04
1239.06
1219.03
1255.04
1249.07
1232.15
23897.89
9347.92
1335.86
1384.02
1296.04
1266.96
1258.85
1273.87
1262.90
1269.10
30024.05
1299.86
1281.02
9377.00
1292.94
1286.03
1292.94
1279.83
1281.02
25345.09
1316.07
1287.94
1289.84
1286.03
26618.96
1293.90
1273.87
1289.13
1285.08
1281.98
25341.03
1323.94
1293.90
1294.14
1286.98
1286.03
25331.02
1336.10
1290.08
1285.08
1285.79
1282.93
1280.07
29381.04
1270.06
1262.19
1264.10
1312.02
1320.12
21403.07
1275.06
1279.12
1281.98
1268.86
1269.10
25390.15
1279.12
1269.10
1274.11
1260.04
1299.14
25374.89
1305.10
1262.90
1245.98
1269.10
1263.14
25337.93
1366.85
1262.90
9322.88
1246.21
1224.04
1221.90
1221.90
1222.13
1219.99
25333.17
1240.02
1224.99
1237.87
1221.90
26166.92
1269.82
1250.03
1239.06
1250.03
1239.06
1244.78
18620.01
1279.12
21358.01
1232.15
1215.93
1219.99
1214.98
1209.97
20521.88
1321.08
1255.99
1270.06
17328.02
1258.85
1230.00
1240.02
1232.15
1233.10
22653.10
1263.14
9269.95
1323.22
1272.92
1281.98
1281.02
1258.13
1249.07
25350.09
1246.93
1245.98
1264.10
1271.01
25981.90
1284.84
1240.02
1230.00
1263.14
1266.00
1286.98
18893.00
1284.12
1276.02
1261.00
1261.00
25366.07
1276.97
1262.90
1275.06
1258.13
1263.14
21358.01
1247.17
1225.95
1216.17
1225.95
1219.99
25277.14
1261.00
1233.10
1231.19
1199.01
1229.05
1224.04
29344.08
1225.95
1215.93
1222.85
1220.94
1219.03
25280.00
1261.00
1224.99
1219.99
1240.02
1238.11
1244.07
25345.09
1231.19
1224.99
1209.02
1274.82
1281.02
29323.10
1300.10
1251.94
1276.02
1255.99
1269.82
25321.96
1307.96
1282.93
1290.80
1277.92
1275.06
25328.16
1321.08
1280.07
1298.19
1272.92
1276.97
1279.12
25388.96
1289.84
1280.07
1287.94
1277.21
1275.06
21291.97
1256.94
1250.98
1245.02
1247.88
1240.97
29307.13
1318.93
1282.93
1285.79
1273.87
1278.88
25335.07
1319.17
1280.07
1291.99
1273.16
1279.12
25326.97
1327.04
1285.08
1286.03
1280.07
1278.16
1276.02
25387.05
1281.02
1280.07
1291.99
1278.16
1280.07
25650.02
1322.98
1236.92
1246.93
1239.06
1228.81
17362.83
1262.90
1250.03
1254.08
1239.78
1241.92
29294.97
1294.14
1272.92
1277.92
1274.11
1268.15
21336.08
1291.04
1260.04
1268.86
1232.86
1238.11
1242.16
25377.99
1271.01
1264.10
1250.03
1248.12
1252.89
25365.83
1283.88
1266.00
1261.00
1245.02
1240.02
25314.09
1291.99
11015.18
1274.11
1251.94
1256.94
1249.07
1250.03
25300.03
1245.02
1258.85
1266.96
1248.12
1265.05
1254.08
25376.08
1281.02
1271.96
1266.96
1265.05
1262.19
19882.92
1281.98
1273.16
1268.15
1281.98
1274.11
1265.05
33312.08
1304.86
1280.78
1276.02
1273.16
1278.88
25335.07
1322.98
1288.18
1290.08
1286.03
1280.07
19953.01
1283.88
1225.95
1219.03
1213.07
1226.19
1224.04
1219.03
41287.18
1267.91
1224.04
1211.88
1265.05
1280.07
25331.97
1270.06
1224.99
1223.09
1297.00
1293.18
1310.11
21329.88
1245.98
1230.96
1241.92
1225.95
1220.94
17290.83
1289.84
1262.90
17320.87
1326.80
1279.83
1290.08
1223.09
1225.95
25282.86
1355.89
1322.98
1314.88
1217.84
1224.04
1230.96
33346.18
1230.96
1219.99
1240.97
1276.97
1275.06
18296.00
1261.95
1238.11
1286.98
1286.03
21335.12
1266.00
1233.10
1231.19
1240.02
1228.09
1230.96
21384.00
1240.97
1227.86
21348.00
1279.12
1270.06
1257.90
1214.03
1220.94
25281.91
1271.01
1235.96
1235.01
1209.02
1220.94
1215.93
25349.14
1231.91
1209.97
1208.07
1220.94
18179.89
1263.86
1218.08
1210.93
1250.98
1236.92
1232.86
25331.02
8203.03
19399.17
1285.08
1261.95
1278.88
1269.82
1261.00
16623.02
1325.13
1250.03
1236.20
1240.97
1212.12
1218.08
25274.04
1299.14
1261.95
1265.05
1286.98
1291.04
25308.85
1353.03
1300.10
1283.17
1295.09
1299.86
1304.86
25375.84
1278.88
9949.92
1267.91
1238.11
1240.02
1231.91
1222.13
1226.19
25323.87
1231.91
1212.84
1229.05
1218.08
1207.83
25279.05
1240.97
1211.88
1219.99
1209.02
1218.08
1214.03
28980.02
1276.02
1264.10
1255.99
1229.05
1224.99
25290.01
1297.00
1266.96
1272.92
1228.09
1235.01
25264.98
1342.06
1276.02
1268.15
1250.03
1242.16
1240.97
21049.02
1226.90
1214.98
1219.03
1213.07
1207.11
25238.99
1261.00
1221.90
1220.94
1241.92
1235.96
1229.05
29351.00
1229.05
1220.94
1229.05
1227.14
1214.98
25112.87
1277.92
1250.98
1252.89
1266.00
1253.84
1245.98
25336.98
1255.99
1249.79
1258.85
1247.88
1241.92
25299.07
1283.88
1249.79
1261.00
1248.12
1247.88
25292.87
1255.99
1230.00
1217.84
17430.07
1224.04
1215.93
1258.13
1268.15
1255.99
25373.22
7348.06
1276.02
1240.97
1235.01
1302.96
1302.00
1306.06
25349.14
1255.99
1250.98
1268.86
1291.04
1296.04
29362.92
1256.94
1245.02
1256.94
1238.11
1244.07
19378.19
1251.94
1294.85
1273.87
1277.92
1281.98
1281.98
1271.96
33390.05
1303.91
1297.00
1282.93
1263.86
1270.06
25359.87
1295.80
1286.03
1250.03
1266.00
1261.95
19526.96
1313.92
1248.84
1246.93
1244.07
1258.13
1248.12
1245.98
33342.12
1234.05
1214.03
1215.93
1213.07
1208.07
29277.09
1266.00
1231.19
1228.09
1281.02
1295.09
1281.02
25353.91
1240.02
1230.96
1242.16
1227.86
1227.86
17293.93
1250.03
1221.18
1212.12
1219.03
1209.97
1209.97
25341.03
1230.00
1221.18
1230.96
1209.97
1209.97
25305.99
1269.10
18911.12
1296.04
1279.12
1291.04
1276.02
1276.97
17339.94
1297.00
1258.13
1291.99
1269.10
1266.00
29335.98
1264.10
1245.02
1247.88
1240.02
1237.87
1244.07
25331.97
1249.07
1238.11
1253.13
1239.06
1238.11
25350.09
