1267.91
1304.86
1261.00
1225.95
1234.05
25303.13
1286.98
1263.86
1243.83
1227.86
1219.99
1230.00
1217.84
1214.98
1225.95
25348.90
1240.97
1231.19
1251.94
1233.82
1221.90
25292.87
1259.80
1210.93
1221.90
1229.05
1189.95
20380.97
1329.90
1224.99
1255.04
1240.97
1227.86
1240.02
1231.91
25357.01
1261.95
1255.04
1269.10
1259.09
1256.94
25372.98
1266.00
1255.99
1258.85
1248.84
1250.03
1254.08
1210.93
1243.83
25307.89
1291.04
1255.99
1250.03
1273.16
1289.13
1286.03
1292.94
1277.92
1280.07
25404.93
1294.14
1287.94
1289.84
1282.93
1273.16
25408.98
1299.86
1281.98
1276.02
1264.10
1269.10
25398.02
1292.94
1301.05
1299.86
1286.03
1289.84
25346.99
1322.98
1295.80
1304.86
1734.97
1240.97
29353.86
1263.86
1260.04
1278.88
1261.00
15348.91
1209.02
1247.88
1323.94
1300.10
1283.17
17379.05
1257.18
1244.07
1243.11
1266.96
1255.99
17326.83
1250.98
1246.93
1235.96
1246.93
1233.10
21312.95
1265.05
1222.13
1211.88
5352.97
11144.16
1274.11
1259.09
1249.07
1247.88
1246.93
21279.81
1301.05
1230.00
1240.02
1234.05
1261.95
1269.82
21390.20
1254.08
1214.98
1230.96
1218.08
1215.93
17287.97
1268.15
1234.05
1244.07
1238.11
1232.15
1250.03
25366.07
1268.86
1259.80
1271.01
1261.00
1244.07
25378.94
1241.92
1217.84
1206.87
1237.15
1235.96
25303.84
1271.96
1266.00
1327.04
1220.94
1221.90
1224.99
25355.10
1279.12
1269.10
1276.02
1264.81
1286.98
25392.06
1299.14
1286.03
1293.18
1278.88
1277.92
21383.05
1267.19
1265.05
1267.91
1253.84
1260.04
1251.94
1253.84
1255.04
25316.00
1309.16
1271.01
1288.18
1232.86
1244.07
1245.02
1245.98
1236.92
1240.02
29366.02
1266.00
1250.98
1246.93
1219.99
1220.94
25290.01
1261.00
1216.17
1214.03
1214.03
1231.91
1228.81
25331.97
1245.98
1231.91
1230.00
1229.05
1237.15
25330.07
1298.19
1282.93
1270.77
1232.86
1233.10
17349.00
1331.81
1291.04
1287.94
1206.87
1220.94
1219.03
1211.17
1212.12
1208.07
17390.01
1290.08
1280.07
1291.04
1271.01
1286.98
17402.17
1325.13
1287.94
1289.13
1259.09
1261.00
25332.93
1319.17
1291.04
1295.09
1282.93
1281.98
25335.07
1322.03
1294.14
1305.10
1290.08
1296.04
25335.07
1297.00
1271.96
17318.96
1294.85
1271.01
1251.94
1257.90
1261.23
1255.04
25330.07
1230.96
1214.03
1224.99
1214.98
1209.97
1219.99
1226.90
1238.11
25294.07
1288.89
1267.19
1281.02
1281.02
1274.82
1261.00
1235.01
1261.95
1250.98
25388.00
1288.89
1272.92
1281.98
1267.91
1262.90
25365.83
1286.03
1272.92
1272.92
1275.06
1269.82
25337.93
1311.78
1280.07
1270.06
1266.00
1275.06
25322.91
1307.01
1299.86
1288.89
1262.90
1268.86
1273.16
1235.01
1244.07
1241.21
25374.89
1276.97
1263.86
1274.82
1233.10
1228.09
1239.06
1240.02
1235.01
25310.04
1329.18
1282.93
1280.78
1270.06
1275.06
25326.97
1335.86
1303.91
1314.88
1297.00
1306.06
25340.08
1343.97
1286.98
1263.14
1351.12
1353.03
25375.13
1322.03
1259.09
1246.21
1246.93
1266.00
1283.88
29382.94
1296.04
1255.04
1266.96
1258.13
1239.06
25298.12
1297.00
1275.78
1297.00
1261.95
1268.86
25336.98
1276.97
1248.84
1255.04
1245.98
1249.07
1249.07
25368.93
1291.04
1292.94
1284.12
1270.06
1256.94
25393.96
1267.19
1256.94
1266.00
1254.08
1268.86
25381.09
1257.90
1235.01
1240.97
1234.05
1235.01
21278.86
1307.96
1275.06
1276.97
1271.96
1280.07
1271.01
1273.87
1292.94
1276.02
25408.98
1345.16
1323.94
1243.11
1245.02
1245.02
1263.86
1252.89
1251.94
21398.07
1294.14
1276.02
1538.99
1339.91
1327.99
25403.98
1292.94
1292.94
1304.86
1338.01
1340.87
25415.90
1282.93
1272.92
1266.96
1268.86
1289.84
25403.98
1292.94
1278.88
1274.82
1283.88
1284.84
21340.85
1302.00
1270.06
1267.91
1271.01
1264.81
1267.91
1259.80
1261.95
25314.09
1293.90
1772.88
1245.02
1235.96
1239.78
1245.02
1243.11
1235.01
1235.01
29366.97
1286.98
1279.83
1224.04
1236.92
1235.96
25371.07
1281.02
1268.86
1269.82
1260.04
1265.05
25319.10
1293.90
1271.96
1273.16
1264.10
1275.06
25335.07
1255.04
1227.86
1250.98
1297.95
1225.95
1223.09
22427.08
1314.88
1281.98
1209.02
1209.97
1232.86
1214.03
1214.03
17277.00
1281.98
1257.90
1246.93
1240.02
1251.22
1241.92
17415.05
1312.97
1299.14
1250.98
1230.00
1216.89
25352.95
1290.08
1269.10
1264.10
1245.02
1235.01
25300.98
1312.02
1286.03
1280.07
1262.19
1261.95
25300.98
1286.98
1275.78
1270.06
1260.04
1261.95
1264.81
25400.88
1323.94
1294.85
1276.02
1281.98
1262.19
25358.92
1226.90
1225.95
1207.11
1224.04
1222.13
25295.97
1258.85
1222.85
1215.93
1228.09
1306.06
1254.08
1252.17
1234.05
1240.97
22465.94
1275.06
1233.10
1281.02
1269.10
1285.08
1256.94
1275.06
25321.01
1320.12
1270.06
1278.16
1277.92
1268.86
1272.92
1275.06
1293.18
1281.02
25377.04
1284.84
1271.96
1285.08
1290.08
1281.02
1285.08
1276.02
1276.97
25391.10
1290.08
1262.19
1264.10
1247.88
1249.79
25316.00
1291.04
1274.82
1250.03
1246.93
1214.03
41286.95
1258.85
1241.92
1247.17
1249.07
1246.93
1262.90
21350.86
1219.99
1214.98
1215.93
1210.93
1205.92
25270.94
1265.05
1239.06
1218.80
1212.84
1225.95
1223.09
25383.00
1278.88
1271.01
1287.94
1282.93
1274.11
1264.10
1205.92
1207.83
25275.95
1245.02
1221.90
1219.99
1210.93
1209.02
1208.07
1270.06
1268.15
1256.94
25352.00
1235.01
1214.98
1230.96
1286.03
1277.92
25346.99
1252.89
1221.18
1229.05
1214.98
1217.84
1211.88
25334.84
1250.98
1249.07
1250.98
1237.87
1237.87
25368.93
1326.08
1317.98
1285.08
1240.97
1253.13
29314.99
1294.85
1269.82
1281.02
1270.06
1265.05
25329.83
1297.95
1250.98
1236.92
1261.95
1256.94
1262.90
25367.02
1259.09
1249.07
1276.97
1263.86
1250.98
1268.15
1254.08
1247.88
21368.03
1291.99
1276.97
1266.96
1239.06
1237.87
1248.84
1239.06
1235.01
21291.02
1309.16
1281.02
1266.96
1210.93
1204.01
1212.84
17329.93
1224.99
1211.88
1204.97
1250.03
1253.84
21306.04
1271.01
1254.08
1266.00
1241.92
1250.98
25264.02
1297.95
1221.90
1213.07
1229.05
19232.03
1307.01
1267.19
1262.90
1237.15
1239.06
1239.06
21329.16
1232.15
1224.04
1237.15
1244.07
1238.11
1250.03
1240.97
1235.01
25300.98
1275.06
1236.92
1235.01
1229.05
1229.05
1222.13
1197.10
1230.00
1243.11
25338.17
1245.98
1220.94
1219.99
1262.90
1266.96
21339.89
1282.93
1261.00
1262.90
1270.77
1261.00
1263.14
1274.11
1271.96
1267.19
41368.01
1316.07
1269.10
1276.02
1290.08
1281.02
25377.99
1250.03
1240.97
1255.99
1255.99
1252.17
1248.12
1255.99
1260.04
25320.05
1316.07
1286.98
1297.00
1281.98
1283.17
1286.03
1276.97
1282.93
1280.07
1266.96
1263.86
1260.04
29376.03
1282.93
1270.06
1276.02
1266.96
1284.84
17401.93
1281.02
1260.04
1273.87
1255.04
1261.95
1242.88
1268.15
1233.10
33307.08
1281.02
1239.78
1246.93
1245.02
1250.03
1240.02
25376.08
1269.10
1250.03
1291.04
1261.00
1260.04
25382.04
1287.94
1261.95
1269.10
1271.01
1267.91
1276.97
1265.05
1267.91
21342.99
1313.21
1293.90
1286.03
1267.91
1266.00
1266.00
1255.99
1266.00
1270.06
16223.91
1280.07
1271.96
1278.88
1274.82
1255.99
1257.90
25395.87
1283.88
1274.11
1281.02
1267.91
1271.01
1283.88
1249.79
1250.03
25327.92
1307.01
1281.98
1283.88
1263.86
1266.00
24369.96
1276.02
1291.99
1287.94
1304.15
1287.94
1276.97
25346.04
1276.02
1249.07
1233.10
1268.86
1271.01
1287.94
1286.98
1271.01
25294.07
1351.83
1286.03
1274.11
1281.98
1280.07
1269.82
1271.01
1219.03
1223.09
21342.99
1283.88
1266.00
1271.01
1266.00
1263.86
21335.84
1322.03
1289.13
1297.00
1260.04
1250.98
25316.95
1318.93
1289.13
1283.88
1271.01
1271.01
25298.12
1340.15
1291.99
1271.96
1300.10
1276.02
22040.13
1313.21
1281.02
1291.99
1287.22
1276.97
1282.22
1266.96
1266.96
25316.00
1346.83
1297.95
1293.18
1290.08
1298.90
1302.96
1291.04
1293.18
1291.04
25402.07
1313.92
1317.98
1313.92
1307.01
9916.07
1245.98
1224.99
1220.94
1214.98
1212.84
1209.97
17391.92
1287.94
1269.82
1245.02
1209.02
1210.93
25320.05
1324.18
1290.08
1294.14
1290.08
1282.93
25351.05
1328.95
1292.94
9805.92
1255.99
1236.92
1235.01
1242.16
1240.02
1249.07
1243.11
1247.17
25387.05
1266.00
1231.91
1229.05
1278.16
1265.05
1265.05
1275.78
1267.91
1276.02
29375.79
1255.99
1235.96
1281.98
1276.02
1269.82
1286.98
1282.93
1278.88
13357.88
1301.05
1262.90
1250.98
1288.18
1286.98
25350.09
1308.20
1281.98
1270.06
1269.82
1260.04
25331.02
1301.05
1271.96
1273.16
1281.02
1265.05
1271.01
21324.16
1274.11
1275.06
1270.06
1260.04
1256.94
17390.97
1335.86
1312.02
1288.89
1245.98
1241.92
17324.92
1303.91
1285.08
1277.92
1252.89
1255.99
1265.05
1263.14
1257.90
37312.98
1317.98
1282.93
1325.13
1266.96
1268.86
1266.96
9418.01
1314.16
1302.00
1317.98
1307.96
1308.20
25419.95
1320.84
1308.20
1313.92
1304.86
1297.95
25377.99
1258.85
1264.81
1261.95
1295.09
1297.00
1309.87
1287.94
1291.04
25406.12
1302.96
1290.08
1297.00
1278.88
1293.18
17374.04
1278.16
1261.95
1252.17
1246.93
1248.84
21316.05
1296.04
1267.19
1260.04
1234.05
1230.96
1230.00
1250.98
1240.97
1238.82
25423.05
1269.10
1252.89
1272.92
1271.01
1253.84
17349.00
1274.11
1265.05
1254.08
1267.91
1281.02
25346.99
1266.00
1251.94
1248.12
1243.11
1240.02
1243.83
21327.02
1254.08
1240.02
1254.08
1239.06
1231.19
1229.05
1254.08
1263.14
21332.98
1303.20
1261.00
17343.04
1260.04
1243.11
1250.03
1255.04
1258.85
21310.81
1266.00
1223.09
1218.08
1231.19
1219.03
1223.09
1225.95
1272.92
1263.86
21327.97
1269.10
1249.07
1264.10
16769.89
1261.00
1252.89
1256.94
1247.17
1250.03
21373.03
1281.98
1264.10
1257.90
1237.87
1232.86
21310.09
1267.91
1236.20
1226.90
1240.97
1250.98
1245.98
1259.09
1245.02
1245.98
29376.98
1238.82
1230.96
1230.00
1273.87
1281.98
1280.07
1275.06
1274.11
25333.17
1304.86
1276.02
1282.93
1270.06
1271.01
1276.97
1255.99
1255.04
1267.19
25375.13
1281.98
1264.10
1280.07
1266.96
1263.86
17392.87
1261.00
1266.00
1276.97
1259.09
1259.09
25357.96
1261.00
1252.89
1248.84
1242.88
1238.82
33307.08
1266.96
1241.92
1252.17
1236.92
1230.96
1230.00
1266.96
1248.12
1242.16
10442.97
1276.02
1257.18
1219.99
1214.98
1224.04
1217.13
1220.94
1226.90
25362.01
1261.00
1265.05
1267.91
1297.95
1297.00
1288.18
1282.93
1278.88
25409.94
1312.97
1293.90
1328.95
1297.00
1296.04
22624.97
1266.00
25361.06
1319.89
1288.89
1273.87
1262.90
1260.04
17325.88
1291.99
1271.01
1260.04
1269.10
1263.14
1270.06
1252.89
1266.00
1268.15
25381.09
1277.92
1267.91
1291.99
1276.97
1279.12
1284.12
1275.06
1276.02
21405.94
1290.80
1281.02
1287.94
1276.97
1275.06
17343.04
1280.07
1248.12
1255.04
1249.79
1249.07
33313.04
1360.18
1322.03
1335.14
1337.05
1348.02
10916.95
1302.00
1292.94
1286.98
1282.93
17347.10
1281.02
1246.93
1240.02
1248.84
1250.98
21285.06
1302.00
1223.09
1219.99
1272.20
1316.07
1326.08
1333.95
1321.79
1320.84
21420.00
1289.13
1282.93
1307.01
1321.08
1320.12
1322.98
1317.02
1315.83
25454.04
1341.10
1333.95
1343.97
1333.00
1348.02
17364.98
1247.88
1226.19
1230.96
1225.95
1224.04
29303.07
1307.01
1286.98
1290.08
1338.01
1334.91
21384.00
1322.03
1287.94
17351.87
1343.01
1307.96
1299.86
1257.90
1280.07
1255.99
1267.91
1258.85
25313.85
1312.97
1265.05
1261.00
1267.91
1263.86
1253.84
1250.98
1261.00
1259.09
25386.81
1333.00
1266.96
1297.00
1245.02
1245.98
1249.07
1247.88
1253.84
21315.81
1302.00
1273.16
1254.08
1239.06
1256.94
17269.85
1328.95
1243.83
1240.02
1243.11
1233.10
1224.04
25326.01
1240.02
1227.14
1230.96
1221.18
1219.03
25290.97
1286.98
1245.98
1255.04
1212.12
1223.09
1219.03
17400.03
1317.98
1300.10
1290.08
1297.00
1300.10
1312.02
1298.90
1298.19
1269.10
1216.89
1216.17
33289.91
1317.98
1284.12
1265.05
1224.99
1222.85
1226.90
1216.17
19052.03
1307.96
1284.12
1286.98
1268.15
1268.15
21321.06
1325.13
1282.93
1272.92
1263.86
1261.00
1262.90
25372.03
1271.96
1261.00
1260.04
1264.10
1255.99
25408.03
1312.97
1308.92
1281.02
1226.19
1223.09
1236.92
1224.04
1219.03
25285.96
1257.90
1237.87
1237.87
1233.10
1230.00
1231.91
1258.13
1219.03
1223.09
25316.95
1276.02
1245.02
1239.06
1245.98
1246.93
1258.13
1242.16
1254.08
29288.05
1338.01
1255.04
1256.94
1274.82
1258.85
1262.19
1245.98
1232.15
1230.00
25325.06
1463.89
1276.02
1288.89
1274.11
1280.07
25326.01
1304.86
1283.88
1294.85
1278.88
1277.21
25348.90
1270.06
1224.99
1228.09
1229.05
1223.80
1224.99
1241.92
1236.92
1236.92
29371.02
1298.19
1307.96
1275.06
1247.17
1246.93
1257.90
1241.92
1243.11
25306.94
1291.04
1323.94
1278.16
1275.06
1275.06
1271.01
1227.86
1224.99
1233.10
17354.97
1248.84
1232.86
1242.88
1238.82
1232.86
25320.05
1294.14
1257.90
1240.97
1239.06
1237.15
29299.02
1270.06
1227.86
1230.96
1250.98
1248.84
10383.84
1237.87
1230.96
1237.15
1278.88
1291.04
13350.96
1252.89
1237.87
1244.07
1237.87
1235.01
21268.84
1358.99
1268.86
1264.10
1258.13
1255.04
1269.82
1272.92
1264.10
1279.12
25387.05
1286.98
1257.90
1289.84
1268.86
10203.12
1255.04
1224.99
1220.94
1230.96
1223.09
1221.18
25337.93
1236.20
1221.90
1232.86
1219.99
1227.14
25294.07
1279.12
1238.11
1238.11
1215.93
1216.89
1220.94
20674.94
1237.87
1224.99
1219.03
1230.00
1245.98
1245.98
25328.87
1240.02
1224.04
1244.07
1236.92
1227.86
1235.01
1215.93
1215.93
25284.05
1277.92
1237.15
1251.94
1220.94
1215.93
1217.84
1231.91
1221.90
1226.19
20822.05
1240.97
1217.84
1220.94
1268.15
1266.00
1264.81
25335.79
1218.08
1218.08
1219.99
1214.03
1209.02
29284.95
1255.99
1212.12
1231.91
1212.84
1211.88
1214.98
24975.06
1250.03
1248.84
1262.90
1212.12
1238.11
9315.01
1236.92
1220.23
1226.90
1231.91
1224.99
1219.99
1286.98
1271.01
1275.78
25361.06
1246.93
1225.95
1225.95
1247.88
1245.02
1255.04
1248.84
1248.84
25318.86
1306.06
1261.00
1261.00
1258.85
1252.89
1249.07
1213.79
1231.91
1240.02
33612.97
1228.09
1216.17
1231.91
1218.08
1205.92
25303.84
1260.04
1224.04
1217.13
1212.84
1230.00
25252.10
1298.19
1233.10
1221.90
1304.86
1257.90
1264.10
1270.06
1258.85
1261.00
17368.08
1269.10
1256.94
9320.97
1271.01
1235.96
1255.99
1248.84
1257.90
21316.05
1303.91
1291.99
1286.03
1269.10
1266.96
1267.19
1276.02
1286.98
1276.02
21386.15
1268.86
1257.90
17385.01
1276.02
1261.00
1271.01
1255.99
1271.01
21413.80
1326.08
1300.10
1291.99
1239.06
1246.93
29323.10
1265.05
1226.19
1223.09
1223.09
1218.08
1219.03
25313.14
1230.96
1219.99
1230.00
1217.13
1218.08
25300.98
1302.96
1281.02
1268.86
1224.04
1224.99
25291.92
1312.97
1282.93
1263.86
1204.01
1214.03
1217.13
17368.08
1220.94
1210.93
1233.10
1214.03
1214.98
1222.13
1213.07
1219.03
25265.93
1254.08
1220.94
1215.93
1223.09
1217.13
1212.12
1235.01
1271.96
1273.87
29355.05
1256.94
1242.88
1237.15
1234.05
1238.11
25310.04
1316.07
1269.10
1265.05
1241.92
1239.06
1241.21
25372.98
1260.04
1247.88
1283.88
1248.12
1244.07
25362.01
1276.97
1268.15
1267.91
1279.83
1263.14
1261.00
1278.88
1289.84
25353.91
1288.89
1261.00
1247.88
1202.82
1209.97
1214.98
1230.96
1220.94
1215.93
25332.21
1230.96
1222.85
1237.87
1273.87
1277.21
25345.09
1312.02
1276.97
1276.97
1281.98
1274.82
25337.93
1287.94
1250.98
1252.17
1270.06
1281.02
1273.16
25393.96
1276.02
1277.21
1286.03
1276.97
1272.92
33364.06
1240.02
1224.99
1236.20
1224.99
1221.18
21286.96
1297.24
1272.92
1257.90
1233.10
1240.02
25269.99
1321.08
1288.18
1266.96
1221.90
1222.85
1225.95
1235.01
1223.09
1223.80
25287.87
1252.89
1230.96
1230.00
1222.85
1224.04
18347.98
1331.81
1273.87
1291.04
1275.06
1271.96
1277.92
1290.08
1289.13
13386.96
1279.83
1269.82
1280.07
1280.07
1276.02
21342.04
1314.88
1273.87
1278.16
1254.08
1256.94
25329.83
1313.92
1277.21
1281.02
1299.14
1281.02
21320.10
1343.01
1287.94
1297.00
1271.01
1271.01
1286.03
21357.06
1236.92
1231.91
1235.01
1224.99
1223.09
1237.15
1224.04
1228.09
29288.05
1313.92
1281.02
1271.01
1221.18
1218.08
1219.03
1235.96
1230.00
1230.96
21364.93
1266.00
1250.98
1245.02
1219.03
1216.89
17293.93
1322.98
1286.98
13363.12
1307.96
1282.93
1291.99
1272.92
1284.84
25336.98
1322.98
1296.04
1291.99
1284.12
1285.08
25321.96
1363.99
1302.00
1299.86
1264.10
1267.19
1259.09
25402.07
1295.09
1279.12
1293.90
1281.02
1282.93
1275.06
12274.03
1297.95
1296.04
1261.00
1244.07
1243.11
1251.94
1246.93
1258.85
23010.97
1313.92
9361.03
1260.04
1273.16
1264.10
1250.98
1257.18
17313.00
1294.14
1270.06
1269.10
1259.09
1260.04
25321.96
1302.96
1268.86
1275.78
1265.05
1261.95
1266.00
21357.06
1244.07
1230.00
1235.96
19500.97
1327.99
1294.14
1297.00
1264.10
1266.00
17331.84
1302.00
1269.10
1280.07
1277.21
1277.92
1273.87
1271.96
1262.90
1270.06
25409.94
1279.83
1270.06
1285.08
1281.98
1296.04
1270.06
1232.15
1235.01
21316.05
1281.98
1255.04
1258.13
1246.93
1256.94
25305.03
1322.03
1269.82
1262.90
1250.03
1256.94
17276.05
1315.83
1250.03
1240.97
1245.02
1236.92
1229.05
25359.87
11208.06
1277.92
1222.85
1218.80
1288.89
1293.18
1284.12
1290.08
1281.02
1281.02
25395.87
1300.10
1286.03
1295.09
1283.17
1285.08
1271.96
1250.03
1256.94
1269.10
1262.19
1257.90
25319.81
1297.00
1271.96
1270.06
1266.96
1263.86
1257.90
1281.98
1265.05
1255.99
29419.18
1306.06
1297.00
1306.06
1293.90
1292.94
25406.12
1307.01
1293.18
1286.03
1290.08
1275.06
29402.97
1308.92
1279.83
1261.00
1234.05
2942.09
1251.22
1241.92
1230.00
1209.02
1214.98
17295.84
1310.11
1293.90
1271.96
1240.02
1247.17
21308.90
1299.86
1253.84
1255.99
1271.96
1256.94
1259.09
1276.97
1302.96
1291.99
25396.11
1296.04
1282.22
1297.00
1296.04
1291.99
1297.95
1290.08
26868.10
1303.91
1283.88
1279.12
1255.04
1257.90
25338.17
1343.97
1300.10
1305.10
1297.00
1293.90
33370.02
1297.00
1253.13
1233.10
1238.11
1244.07
25298.12
1291.04
1245.02
1242.88
1224.99
1220.94
1207.83
25348.90
1267.91
1258.85
1268.15
1261.95
1265.05
25331.97
1291.99
1276.97
1278.88
1287.94
1274.11
21302.94
1333.95
1308.92
1276.02
1228.81
1224.04
1234.05
1232.15
1235.01
1235.01
25351.05
1250.98
1244.07
1240.02
1245.98
1235.96
1250.98
1247.88
1243.83
29316.90
1360.18
1265.05
1259.09
1264.10
1266.00
25302.17
1291.04
1214.98
1217.84
1260.04
1233.10
1236.92
25337.93
1238.82
1236.92
1237.87
1228.09
1232.15
25295.97
1262.90
1219.99
1214.98
1209.02
1220.94
1213.79
25372.03
1252.89
1240.97
1245.02
1235.01
1233.10
1240.02
1242.16
1240.97
25311.95
1260.04
1221.18
1217.84
1257.90
1264.81
1262.90
1275.78
1266.00
1269.10
17343.04
1238.11
1221.18
1240.97
1227.86
1219.99
25310.04
1251.94
1212.84
1214.03
1260.04
1259.09
1261.95
25405.88
1309.87
1297.00
1228.09
1240.97
1239.06
25437.12
1347.06
1342.06
1349.93
1347.06
1345.16
25403.02
1297.95
1293.90
1303.91
1285.08
1282.93
1232.15
1247.88
1245.98
25349.14
1263.14
1260.04
1261.95
1252.89
1262.19
1250.03
1255.04
1250.98
25332.93
1289.13
1264.10
1273.16
1261.00
1255.99
1251.94
25404.93
1320.12
1296.04
1240.02
1220.94
1220.94
25353.91
1300.10
1279.12
1286.98
1280.07
1279.83
25336.03
1316.07
1285.08
1288.18
1276.02
1281.02
1281.98
1281.98
1280.07
25327.92
1312.97
1277.92
1272.92
1265.05
1259.09
1271.01
1262.90
1275.06
1271.01
25399.92
1283.88
1266.00
1281.02
1268.86
1268.15
25382.04
1230.00
1219.99
1220.94
1268.86
1261.00
25329.11
1297.00
1269.10
1273.16
1218.08
1219.99
25259.97
1346.83
1272.92
1271.96
1271.96
1264.10
1267.19
29366.97
1277.92
1273.16
1273.16
1265.05
1261.00
9381.06
1248.84
1224.04
1234.05
1229.05
1227.86
25290.01
1266.00
1245.98
1256.94
1247.88
1227.14
1234.05
21389.01
1297.00
1279.12
1288.89
1286.98
1279.12
1254.08
1245.98
1250.03
25424.00
1319.89
1293.90
9393.93
1286.98
1266.00
1281.98
1266.00
1261.95
17325.16
1263.14
1239.06
1245.02
1242.16
1244.07
25283.10
1310.11
1250.03
1244.07
1261.00
1251.94
1245.98
17382.86
