1227.14
1215.22
1224.04
1214.03
1218.08
1224.99
1221.90
1223.80
1224.99
1234.05
1233.10
1245.98
17324.92
1224.04
1209.97
1219.03
1213.07
1209.97
1219.03
1230.96
1219.99
1228.09
1224.04
1218.08
1216.89
17328.98
1260.04
1240.97
1250.98
1225.95
1759.05
1262.90
1247.88
1251.94
1251.94
1253.84
1242.88
17344.00
1271.01
1251.94
1263.14
1247.88
1251.94
1254.80
1262.90
1250.98
1247.88
1255.04
1250.03
1245.02
25339.13
1240.02
1231.19
1244.07
1219.03
1219.03
1223.09
1212.12
1252.17
9284.02
1300.10
1276.02
1283.17
1281.98
1276.97
9310.96
1292.94
1238.11
1232.15
1245.02
1229.05
1229.05
9331.23
1237.87
1219.99
1235.96
1217.84
1214.98
1227.14
1210.93
1212.12
1217.13
1220.94
1211.17
1217.13
17340.90
1231.91
1222.85
1230.00
1224.04
1226.19
1235.01
1229.05
1236.92
1239.06
1240.02
1240.02
1230.96
17322.06
1244.78
1221.90
1243.83
1231.91
1231.91
1244.07
1228.09
1242.16
1246.93
1245.98
1234.05
1240.02
25357.96
1244.07
1237.15
1238.11
1229.05
1227.86
1235.01
1230.96
1232.86
1263.14
1261.00
1223.80
9268.05
1287.94
1268.86
1271.01
1254.08
1252.17
1254.08
1259.09
1255.99
1254.08
1255.99
1250.03
1250.03
17330.17
1272.92
1234.05
1244.07
1230.00
1228.81
1231.91
1233.10
1238.11
1227.14
1235.96
1229.05
1235.01
17349.00
1233.82
1224.99
1230.96
1235.01
1235.96
1251.94
1245.98
1242.88
1255.99
1250.98
1250.03
1251.94
17345.91
1200.20
1209.97
1217.13
1210.93
1208.78
1220.94
1212.12
1209.97
1215.22
1204.97
1210.21
1213.07
17356.87
1261.00
1240.02
1235.96
1268.86
1271.01
1276.97
1272.92
1268.15
1275.06
1268.15
1273.87
1273.87
1266.96
1261.95
1269.82
1279.83
1273.87
1286.03
1292.94
1281.02
1279.83
1291.99
1276.97
1281.02
1283.88
1279.83
1278.88
1267.19
1209.02
1209.97
1217.84
1207.83
1207.83
1214.03
1211.88
1210.93
1214.03
1216.89
1209.97
1204.97
1200.91
1257.18
1259.09
1254.08
1250.03
1249.07
1260.04
1248.12
1248.12
1245.02
1261.00
1250.98
1255.04
1245.02
1209.02
1216.89
1230.00
1214.03
1218.08
1218.80
1211.88
1214.03
1213.07
1220.94
1215.22
1213.07
1210.93
1214.03
1220.94
1223.09
1215.93
1219.03
1212.84
1224.04
1215.93
1217.13
1223.09
1216.89
1216.89
1205.92
1217.13
1219.99
1235.01
1231.91
1229.05
1223.09
1241.92
1222.85
1235.96
1235.01
1235.96
1220.94
1225.95
1211.17
1224.99
1226.19
1224.99
1228.09
1230.00
1246.93
1233.10
1226.90
1250.03
1241.92
1232.15
17304.90
1321.08
1290.08
1288.89
1276.02
1282.93
1282.93
1280.07
1285.08
1290.08
1281.02
1278.16
17310.14
1344.92
1280.07
1271.01
1274.11
1262.90
1254.80
1270.06
1248.84
1254.08
1261.00
1273.16
1269.10
1237.87
1243.83
1247.88
1247.88
1242.16
1239.06
1240.97
1269.82
1245.02
1247.17
1252.89
1242.88
1245.98
1236.92
1235.01
1241.92
1250.98
1248.12
1241.92
1252.17
1253.13
1249.07
1251.94
1243.83
1251.94
1248.12
1281.02
1264.10
1271.01
1267.91
1262.19
1263.86
1268.86
1266.00
1263.14
1266.96
1259.09
1258.13
1258.13
1203.06
1213.07
1215.93
1220.94
1217.13
1219.03
1225.95
1219.03
1218.08
1220.94
1224.99
1222.13
1216.89
1230.00
1225.95
1230.96
1240.97
1232.86
1234.05
1238.82
1234.05
1235.01
1245.98
1238.82
1232.86
1233.82
1219.99
1221.90
1218.08
1230.96
1216.17
1215.93
1231.91
1219.99
1224.04
1230.96
1223.80
1226.90
1233.82
1232.86
1232.86
1249.07
1204.01
1235.01
1235.96
1240.97
1243.11
1245.98
1238.11
1267.19
1273.87
1286.03
1279.12
1276.02
1279.12
1269.10
1271.96
1291.99
1291.04
1281.02
1279.12
17369.99
1283.88
1283.88
1271.96
1266.00
1263.14
1279.12
1271.96
1266.00
1275.06
1266.96
1267.91
17327.07
1274.11
1246.21
1250.98
1246.93
1244.07
1250.98
1250.03
1251.94
1255.99
1273.87
1248.84
1245.98
17336.13
1229.05
1218.08
1223.09
1209.02
1214.98
1226.90
1219.03
1219.03
1217.84
1216.89
1213.07
1214.03
17331.84
1240.97
1239.06
1244.07
1235.01
1236.92
1247.17
1235.01
1229.05
1233.82
1235.01
1232.86
1230.96
5326.99
1250.98
1249.07
1255.04
1244.07
1253.84
1256.94
1255.99
1257.90
1262.19
1260.04
1260.04
17328.02
1316.79
1286.98
1300.10
1297.95
1287.94
1291.04
1284.84
1283.88
1285.79
1288.89
1284.12
1284.12
17394.07
1297.00
1284.12
1293.90
1276.02
1280.07
1289.13
1282.93
1276.97
1283.88
1279.83
1277.92
17357.83
1276.02
1261.00
1271.01
1261.95
1253.13
1266.96
1258.85
1254.08
1266.00
1255.04
1255.99
1256.94
17385.01
1305.10
1282.93
1291.04
1278.88
1280.07
9355.07
1254.08
1230.96
1248.84
1235.96
1235.96
1244.07
1231.91
1236.92
1247.17
1235.96
1236.92
17265.08
1360.89
1300.81
1303.91
1295.09
1295.09
1293.18
1308.92
1298.90
1295.09
1284.12
1238.11
1234.05
1245.02
1232.86
1237.87
1238.11
1237.15
1230.96
1242.88
1238.82
1235.01
1235.96
1286.03
1278.88
1301.05
1291.99
1288.89
1291.99
1289.13
1281.98
1281.02
1291.99
1281.02
1280.07
1271.96
1255.04
1246.93
1263.86
1246.93
1255.99
1255.04
1251.94
1241.92
1252.17
1251.94
1251.22
1249.07
1245.02
1267.91
1266.96
1283.17
1271.01
1268.15
1271.01
1271.01
1264.81
1276.97
1271.01
1267.19
1281.02
1207.11
1208.07
1214.98
17326.83
1236.92
1232.86
1245.02
1235.01
1232.86
1245.02
1236.92
1234.05
1241.92
1236.92
1234.05
17283.92
1267.19
1234.05
1223.09
1236.92
1230.96
1228.09
1243.11
1230.96
1235.96
1245.98
1232.86
1230.00
17298.94
1262.90
1229.05
1224.04
1214.98
1205.92
1214.98
1221.90
1214.03
1211.88
1217.84
1212.84
1218.80
17268.90
1284.84
1250.03
1235.96
1277.92
1263.14
1256.94
1277.92
1255.04
1253.84
1271.01
1255.04
1259.09
1261.00
1258.85
1257.90
1253.13
1276.02
1281.02
1278.88
1275.06
1280.07
1287.94
1273.87
1275.06
1266.00
1283.88
1273.87
1273.16
1235.96
1209.02
1211.88
1221.90
1214.03
1210.93
1217.84
1215.93
1209.02
1211.17
1218.08
1209.97
1210.21
1229.05
1266.00
1264.81
1270.06
1265.05
1267.91
1268.86
1266.96
1263.14
1273.16
1264.10
1265.05
1320.12
1271.01
1266.00
1260.04
1276.97
1255.99
1265.05
1290.80
1262.90
1266.00
1271.01
1260.04
1257.90
17337.08
1297.95
1285.08
1276.02
1265.05
1261.00
1271.01
1265.05
1264.10
1272.20
1262.90
1263.86
1261.00
17344.95
1257.18
1239.06
1255.04
1240.02
1236.92
1256.94
1245.02
1231.91
1384.97
1221.18
1224.99
1234.05
1232.15
1228.09
1235.96
1222.85
1237.87
1215.93
1238.11
1230.96
1227.14
17332.08
1281.02
1258.85
1259.80
1257.90
1254.80
1259.09
1255.99
1256.94
1260.04
1254.08
1259.09
1253.13
17366.89
1288.89
1271.96
1286.03
1280.07
1278.16
1277.92
1271.96
1268.15
1281.02
1270.06
1274.11
17347.10
1332.04
1306.06
1321.08
1301.05
1297.00
1299.86
1297.00
1300.10
1298.90
1298.90
1297.00
17360.93
1263.14
1242.88
1244.07
1230.96
1231.19
1240.02
1251.94
1240.97
1245.98
1247.17
1239.06
1235.96
17320.87
1260.04
1235.96
1232.15
1223.09
1224.99
1226.19
1235.01
1230.00
1233.10
1234.05
1226.19
1223.09
17339.94
1280.07
1266.00
1273.16
1270.06
1261.00
1273.87
1264.81
1262.19
1266.96
1280.07
1261.00
17317.06
1319.17
1276.02
1281.98
1267.91
1262.19
1262.90
1272.92
1266.96
1263.86
1272.92
1269.10
1264.10
17371.18
1274.11
1260.04
1266.96
1253.13
1253.13
1260.04
1258.13
1261.95
1271.01
1255.04
1256.94
1258.85
17388.82
1281.02
1277.92
1287.94
1276.97
1276.97
1289.13
1276.02
1280.07
1276.97
1281.98
1276.97
17380.00
1268.15
1257.90
1257.90
1253.13
1245.98
1258.85
1251.94
1245.98
1257.90
1250.03
1255.04
1252.89
17320.87
1224.99
1214.98
1236.20
1220.94
1217.84
1216.89
1219.99
1212.84
1227.86
1219.99
1225.95
1224.99
17333.03
1229.05
1219.03
1230.00
1215.93
1223.09
1225.23
1219.03
1222.13
1230.96
1221.90
1222.13
1220.94
17341.85
1244.07
1228.09
1240.97
1233.10
1233.10
1233.10
1233.10
1228.09
1232.15
1232.86
1231.91
17282.96
1322.98
1297.00
1282.93
1277.21
1280.07
1277.92
1289.84
1279.12
1280.07
1287.94
1276.02
1276.97
17391.20
1291.99
1275.78
1272.92
1255.99
1254.08
1261.95
1259.80
1261.95
1270.06
1265.05
1246.93
17321.11
1300.10
1274.11
1280.07
1264.10
1261.95
1262.90
1270.06
1266.00
1266.96
1279.83
1276.97
1266.00
17370.94
1278.16
1256.94
1271.96
1261.00
1264.10
1263.14
1271.96
1263.14
1264.10
1265.05
1265.05
17318.01
1308.92
1280.07
1267.91
1260.04
1257.90
1257.90
1266.96
1259.09
1259.09
1266.00
1261.00
1255.04
17369.03
1297.00
1268.86
1276.97
1265.05
1265.05
1274.11
1264.10
1264.10
1274.11
1268.15
1266.96
17318.01
1322.98
1286.98
1284.84
1276.97
1277.92
1276.97
1281.98
1277.92
1275.06
1288.18
1271.01
1274.11
17389.06
1294.14
1274.11
1284.84
1276.97
1274.11
1281.02
1272.92
1271.01
1278.88
1276.97
1275.06
17328.98
1256.94
1225.95
1230.00
1234.05
1229.05
1230.00
1245.02
1232.15
1230.96
1236.20
1238.11
1235.96
17307.04
1302.00
1276.97
1273.16
1261.95
1266.96
1270.06
1266.96
1265.05
1267.91
1274.82
1262.90
1263.86
17391.92
1286.98
1271.96
1275.06
1276.97
1280.07
1275.06
1266.00
1265.05
1278.88
1266.00
1268.86
17338.04
1278.88
1249.79
1255.99
1255.04
1246.93
1249.07
1243.11
1244.07
1245.02
1266.00
1257.90
1251.94
29381.04
1293.90
1278.88
1284.12
1276.97
1276.02
1311.06
1276.97
1276.97
1277.92
1278.88
1267.91
1284.12
1274.11
1276.02
1275.06
1274.11
1276.97
17330.88
1319.17
1278.88
1282.93
1279.83
1281.02
1278.88
1273.16
1269.10
1266.96
1239.78
1224.04
1219.03
1224.99
1224.99
1222.13
1231.91
1231.91
1230.00
1222.13
1230.96
1220.94
1233.82
1252.17
1259.09
1253.13
1262.90
1257.90
1257.18
1269.10
1250.98
1249.07
1255.99
1256.94
1251.22
1255.99
1257.18
1266.96
1261.95
1212.12
1224.99
1227.14
1239.06
1224.99
1225.95
1232.15
1239.06
1225.95
1229.05
1233.82
1233.82
1224.99
1276.97
1244.78
1250.03
1265.05
1253.13
1245.98
1254.08
1255.04
1261.23
1272.92
1256.94
1263.14
1265.05
1216.17
1213.07
1214.03
1222.13
1214.98
1215.93
1222.13
1213.07
1213.07
1219.99
1215.93
1208.07
1217.13
1218.08
1219.03
1216.89
1230.00
1219.99
1220.94
1228.81
1220.94
1221.18
1224.99
1221.18
1224.99
1223.09
1197.10
1222.13
1222.13
1225.95
1236.92
1244.07
1254.08
1238.11
1243.11
1246.93
1213.07
1236.92
1245.98
1256.94
1246.93
1253.84
1244.78
1229.05
1233.10
1235.01
1230.96
1240.02
1246.93
1245.02
1240.97
1257.90
1251.94
1250.03
1246.93
1241.21
1255.99
1250.98
1251.94
1243.11
1246.21
1262.90
1247.17
1243.11
1249.07
1246.93
1254.08
1235.96
1224.99
1240.02
1239.06
1244.07
1245.98
1242.88
1255.99
1255.04
1246.93
1261.00
1248.84
1249.07
1241.92
1219.03
1235.96
1248.12
1235.96
1248.12
1233.10
1261.95
1232.15
1243.11
1255.99
1239.06
1233.10
1247.17
1235.01
1249.07
1260.04
1252.89
1255.04
1254.08
1253.13
1258.13
1251.94
1256.94
1258.13
1256.94
1246.93
1209.97
1209.97
1226.19
1209.02
1212.12
1224.99
1213.07
1214.03
1206.87
1218.80
1213.07
1210.93
1230.00
1276.97
1278.88
1297.00
1283.88
1277.92
1301.05
1274.82
1283.88
1288.18
1286.98
1279.83
1293.90
1274.11
1281.98
1264.81
1276.02
1265.05
1264.10
1269.10
1266.96
1262.19
1271.96
1268.86
1264.81
1272.92
1214.98
1238.11
1237.87
1239.06
1235.96
1244.78
1251.94
1252.17
1245.02
1252.17
1240.02
1246.93
1261.95
1277.92
1277.92
1281.98
1280.07
1272.92
1283.88
1276.97
1272.92
1282.93
1278.16
1276.97
1279.83
1243.83
1251.94
1245.02
1251.94
1237.15
1241.92
1276.02
1249.07
1254.08
1261.00
1253.13
1256.94
1247.88
1258.85
1264.81
1275.06
1265.05
1261.95
1263.14
1259.09
1255.04
1257.18
1280.07
1261.95
1261.95
1302.00
1299.86
1297.00
1302.96
1301.05
1295.09
1304.15
1300.10
1292.94
1302.00
1296.04
1296.04
1306.06
1294.85
1298.90
16433.00
1276.02
1228.09
1224.99
1236.92
1224.04
1228.09
1235.01
1233.82
1225.95
17264.13
1363.99
1281.02
1275.06
1300.10
1277.21
1268.86
1277.92
1272.92
1271.96
1276.97
1243.11
1236.92
1246.93
1236.92
1241.92
1246.93
1244.07
1240.97
1246.93
1243.11
1235.96
1239.06
1245.02
1276.97
1265.05
1281.02
1274.82
1266.96
1278.88
1266.96
1269.10
1271.96
1271.96
1262.90
1267.91
1259.09
1260.04
1267.91
1273.16
1274.11
1266.96
1273.16
1264.10
1265.05
1271.96
1268.86
1263.86
1260.04
1216.89
1219.99
1228.09
1211.17
1220.94
1219.99
1216.89
1216.89
1214.98
1228.09
1215.93
1213.07
1214.03
1253.13
1264.10
1265.05
1266.96
1255.99
1261.00
1264.10
1260.04
1260.04
1258.85
1253.84
1257.90
1261.00
1257.90
1251.94
1266.96
1252.89
1262.19
1271.01
1261.00
1258.85
1262.90
1258.13
1256.94
1249.07
1251.94
1258.13
1275.06
1266.00
1262.90
1264.10
1274.11
1264.10
1261.00
1268.15
1273.16
1260.04
1273.16
1275.06
1277.92
1301.05
1288.89
1287.94
1286.98
1272.92
1280.07
1286.98
1278.88
1276.97
17334.94
1309.87
1265.05
1267.91
1266.00
1250.98
1251.94
1256.94
1247.88
1247.88
1257.90
1252.17
1250.03
17312.05
1252.89
1224.04
1243.11
1219.03
1222.85
1220.94
1223.09
1228.09
1220.94
1225.95
1227.14
1216.17
1209.02
1233.10
1227.14
1240.97
1229.05
1231.19
1233.82
1235.96
1233.10
1242.16
1245.98
1230.96
1217.13
1219.99
1212.12
1212.12
1220.94
1215.93
1214.03
1218.80
1227.86
1220.94
1218.08
1233.10
1223.09
1219.03
1210.93
1225.95
1231.19
1241.92
1242.88
1237.15
1232.15
1247.88
1240.02
1239.06
1245.02
1230.96
1240.97
1241.92
1219.99
1219.03
1228.09
1220.94
1220.94
1218.08
1224.04
1218.08
1218.80
1230.96
1224.99
1216.89
1210.93
1257.18
1261.00
1274.11
1267.91
1267.91
1274.82
1266.96
1265.05
1261.23
1282.93
1268.15
1266.00
1274.82
1263.86
1272.92
1276.02
1265.05
1267.19
1272.92
1266.00
1261.95
1271.01
1266.00
1263.14
1259.09
1218.08
1218.08
1224.04
1239.06
1230.00
1231.91
1243.11
1224.99
1226.90
1241.21
1230.00
1234.05
1228.81
1253.84
1250.98
1275.06
1261.95
1251.94
1253.13
1265.05
1254.08
1264.10
1266.96
1261.95
1260.04
17359.97
1304.15
1281.98
1284.12
1269.10
1271.96
1271.01
1271.01
1266.96
1271.96
1264.10
1265.05
17318.01
1267.91
1231.19
1224.04
1250.98
1220.94
1217.13
1234.05
1226.90
1226.90
1228.81
1217.84
1219.99
1217.13
1224.99
1236.92
1235.96
1244.07
1234.05
1230.96
1242.16
1233.10
1235.96
1245.02
1235.01
1232.86
1228.81
1227.86
1228.09
1216.17
1231.91
1224.04
1222.85
1230.96
1228.09
1226.19
1239.06
1235.01
1245.98
1239.78
1232.86
1247.88
1271.01
1271.01
1262.90
1260.04
1257.90
1251.94
1261.00
1260.04
1257.90
1249.79
1253.84
1270.06
1272.92
1284.84
1266.00
1266.00
1270.06
1275.78
1273.87
1285.79
1271.01
1269.10
1266.00
1209.97
1213.07
1208.07
1221.90
1219.99
1212.12
1219.99
1216.89
1210.21
1219.03
1218.08
1214.98
1212.84
1232.86
1233.82
1238.82
1251.94
1240.97
1240.97
1243.11
1240.97
1245.02
1248.12
1250.98
1245.98
1255.99
1228.09
1219.03
1219.03
1230.96
1219.99
1210.93
1224.99
1217.84
1218.08
1219.03
1223.09
1224.04
1223.09
1223.09
1221.90
1223.09
1250.98
1228.09
1225.95
1240.02
1235.96
1238.11
1253.13
1239.06
1248.12
1241.92
17325.88
1237.87
1226.90
1234.05
1223.80
1224.04
1234.05
1227.14
1230.96
1231.91
1234.05
1229.05
17278.19
1348.97
1289.84
1288.89
1277.21
1265.05
1256.94
1266.00
1276.97
1261.00
1266.00
1258.13
1260.04
1244.07
1218.80
1214.98
1234.05
1227.14
1224.04
1235.01
1234.05
1229.05
1223.09
1240.02
1229.05
1233.82
1379.01
1250.98
1264.81
1263.86
1250.98
1253.13
1254.08
1254.08
1258.13
1251.94
1263.86
1253.84
1250.98
1246.93
1237.87
1236.92
1244.78
1230.00
1234.05
1240.97
1232.86
1230.00
1235.96
1235.01
1232.15
1230.00
1249.79
1270.06
1269.10
1281.02
1279.12
1272.92
1284.84
1265.05
1269.82
1272.92
1268.86
1264.81
1255.04
1264.10
1275.06
1286.98
1274.82
1276.97
1287.94
1277.92
1275.06
1286.03
1281.02
1280.07
1280.78
1245.98
1230.00
1226.90
1250.03
1232.86
1236.92
1246.93
1240.97
1245.02
1252.89
1243.11
1247.17
1248.12
1257.90
1270.06
1272.92
1281.02
1265.05
1274.11
1270.06
1261.00
1263.14
1274.11
1261.95
1263.86
1267.91
1277.92
1301.05
1311.06
1293.90
1295.09
1303.20
1296.04
1298.90
1302.96
1302.00
1293.18
9356.02
1266.00
1242.88
1250.03
1217.13
1223.09
1219.03
9362.94
1297.95
1318.93
1304.15
1293.90
1297.00
9376.05
1237.15
1221.90
1230.96
1220.94
1222.85
9270.91
1321.08
1297.95
1294.85
1287.94
1290.80
1287.94
1285.08
1285.08
1290.08
1288.18
1286.03
1286.98
17385.01
1279.12
1282.93
1266.96
1255.04
1254.08
1267.19
1255.04
1256.94
1271.01
1260.04
1255.04
17328.02
1335.86
1300.81
1302.96
1295.09
1300.10
1286.03
1230.00
1225.95
1232.15
1230.00
1224.99
1231.91
1213.07
1218.08
1222.85
1230.96
1234.05
1230.00
1236.92
1224.99
1228.81
1237.87
1228.81
1230.00
1234.05
1250.98
1214.98
1219.99
1225.95
1221.18
1218.08
1224.04
1218.08
1219.03
1219.03
1235.96
1223.09
1224.99
1204.01
1279.83
1267.91
1271.96
1272.92
1269.10
1278.16
1266.00
1266.96
1291.04
1274.11
1269.10
17319.92
1327.99
1297.00
1286.98
1266.00
1268.15
1258.85
1277.92
1266.00
1271.01
1280.07
1280.07
1262.19
17400.98
1307.01
1293.90
1299.86
1297.00
1293.90
1307.01
1295.09
1297.95
1305.82
1297.95
1294.14
5321.98
1287.22
1286.98
1273.16
1276.02
1276.97
1271.96
1266.00
1266.00
1266.96
1268.86
1271.01
1291.04
17370.94
1281.98
1286.03
1273.87
1266.00
1266.96
1274.11
1266.00
1265.05
1275.78
1262.90
1266.00
17333.03
1278.16
1256.94
1257.90
1247.17
1245.02
1252.17
1250.03
1245.98
1250.03
1255.04
1250.03
1249.07
17341.85
1227.86
1220.94
1229.05
1221.18
1219.03
1224.04
1216.17
1210.93
1222.85
1221.18
1220.94
1215.22
17374.99
1275.06
1263.86
1269.10
1250.03
1255.99
1260.04
1251.94
1247.88
1259.80
1246.93
1250.98
17302.04
1300.10
1257.90
1255.04
1253.84
1253.84
1250.03
1261.95
1250.98
1245.98
1258.13
1250.03
1250.03
17295.84
1261.00
1248.12
1260.04
1258.13
1252.17
1255.99
1249.07
1250.98
1245.98
1259.09
1246.93
1250.03
17360.93
1261.00
1247.88
1254.80
1245.98
1242.16
1250.03
1245.98
1238.82
1247.88
1248.84
1253.13
17308.95
1258.85
1219.03
1214.98
1226.19
1220.94
1214.98
1224.99
1209.97
1214.98
1220.23
1215.93
1215.93
25244.95
1325.85
1270.06
1266.96
1271.01
1258.85
1262.90
1263.86
1266.96
1261.95
1269.82
1261.95
1262.19
17332.08
1284.12
1266.00
1252.17
1251.94
1252.89
1255.04
1257.90
1248.12
1255.99
1254.08
1252.17
1250.98
17330.88
1224.99
1216.89
1224.99
1213.07
1214.98
1222.85
1215.93
1215.93
1221.90
1216.17
1218.08
1213.07
17357.11
1265.05
1249.07
1250.03
1240.02
1241.92
1251.94
1239.06
1246.21
1245.02
1246.93
1240.97
17290.12
1305.10
1275.06
1275.06
1269.10
1267.91
1266.96
1286.98
1266.00
1261.95
1291.99
1291.99
1280.07
17377.14
1281.98
1278.88
1285.79
1276.97
1276.02
1284.84
1278.88
1278.16
1285.08
1277.92
1279.12
21335.12
1301.05
1272.92
1266.00
1260.04
1249.79
1253.84
1262.90
1256.94
1250.03
1238.82
1220.94
1244.07
1263.14
1261.00
1251.22
1240.02
1225.95
1234.05
1235.01
1230.96
1230.00
1228.09
1253.13
1237.87
1233.82
1242.88
1235.96
1240.97
1239.06
1256.94
1254.80
1266.96
1261.00
1263.86
1263.86
1257.18
1250.98
1274.11
1279.12
1266.96
1260.04
1260.04
1255.99
1255.04
1264.81
1254.80
1250.98
1243.11
1209.02
1224.04
1232.15
1230.00
1228.09
1224.04
1234.77
1230.96
1228.09
1234.05
1228.81
1232.86
1230.00
1286.03
1286.03
1297.00
1281.02
1269.10
17337.08
1327.04
1278.88
1280.07
1272.20
1272.92
1276.97
1276.97
1267.91
1276.02
1279.83
1272.92
1276.97
17396.93
1291.04
1286.98
1291.04
1273.87
1276.02
1280.07
1271.01
1275.06
1287.94
1267.91
1268.86
17337.80
1317.98
1300.10
1310.11
1296.04
1298.19
1307.96
1303.20
1298.90
1303.91
1297.00
1296.04
1301.05
1297.00
1294.85
17325.88
1324.89
1271.01
1269.10
1270.06
1255.99
1259.09
1267.91
1255.04
1255.04
1247.88
1236.20
1234.05
1247.88
1245.02
1242.88
1245.02
1240.97
1235.01
1245.02
1242.88
1240.02
1239.06
1271.96
1258.85
1271.01
1271.01
1263.14
1258.13
1271.96
1268.15
1261.95
1264.10
1266.00
1262.90
1266.96
1212.12
1215.93
1214.98
1222.13
1214.03
1212.12
1224.04
1213.07
1210.93
1220.94
1214.98
1211.88
1215.93
1230.96
1218.08
1224.04
1239.06
1226.90
1230.00
1374.96
1257.90
1246.93
1271.01
1261.00
1250.98
1259.09
1249.07
1253.13
1261.00
1255.04
1252.89
1253.13
17374.99
1296.04
1287.94
1291.99
1281.98
1285.08
1286.98
1282.93
1281.02
1292.23
1280.07
1286.98
17365.22
1280.07
1258.13
1272.92
1265.05
1261.95
1271.01
1260.04
1260.04
1259.09
1260.04
1259.09
1264.10
17343.04
1259.09
1256.94
1271.01
1255.99
1252.17
1261.00
1245.98
1246.93
1257.18
1253.13
1247.88
17312.05
1302.96
1266.00
1277.92
1264.81
1266.00
1271.96
1262.90
1261.95
1264.10
1272.92
1266.00
1266.00
17384.05
1302.96
1301.05
1308.92
1295.80
1298.90
1306.06
1298.19
1296.04
1307.96
1297.00
1297.95
17385.96
1301.05
1276.97
1300.10
1284.12
1281.02
9341.00
1266.96
1243.11
1250.03
1237.15
1244.07
17289.16
1267.91
1226.90
1216.89
1227.86
1220.94
1218.08
1230.96
1219.99
1214.98
1224.99
1214.98
1218.08
13268.95
1317.02
1279.12
1270.06
1264.10
1250.98
1261.95
1266.96
1261.95
1262.19
1265.05
1266.00
1262.90
17334.94
1291.04
1278.88
1275.06
1270.06
1265.05
1271.01
1265.05
1261.00
1271.01
1265.05
1265.05
17285.11
1343.97
1267.19
1266.96
1272.20
1270.06
1261.00
1297.00
1307.01
1297.95
1303.91
1298.19
1292.94
1303.91
1296.04
1298.19
1302.96
1294.14
1296.04
1264.10
1232.15
1224.99
1232.86
1225.95
1235.01
1236.20
1236.92
1232.15
1235.01
1241.21
1231.91
1231.91
1243.11
1291.99
1286.98
1293.90
1283.17
1282.93
1286.98
1285.08
1282.93
1290.08
1288.89
1286.98
1285.08
1255.04
1268.15
1259.09
1282.93
1256.94
1266.96
1276.02
1273.87
1272.92
1268.86
1261.00
1261.95
1259.80
1249.79
1246.93
1261.95
1257.90
1255.99
1262.90
1251.94
1244.07
1250.98
1261.95
1253.13
1250.03
1235.96
1236.92
1242.16
1247.88
1236.92
1247.17
1244.07
1243.11
1250.98
1245.98
1245.02
1236.92
1248.12
1222.13
1235.96
1247.88
1249.07
1239.06
1245.02
1255.04
1250.03
1238.11
1256.94
1246.21
1241.92
1250.98
1228.09
1240.02
1243.11
1261.00
1229.05
1236.92
1240.97
1228.09
1233.10
17294.88
1292.94
1276.97
1270.06
1264.10
1266.96
1269.82
1266.00
1264.10
1264.10
1264.10
1266.00
1260.04
17359.97
1244.07
1231.91
1246.93
1238.11
1229.05
1250.98
1224.04
1232.15
1235.96
1230.00
1229.05
1224.99
1261.00
1253.84
1252.89
1261.00
1250.03
1252.89
1262.90
1258.85
1255.99
1256.94
1252.17
1251.94
1254.80
1205.92
1209.97
1210.93
1224.99
1206.87
1216.17
1218.08
1209.97
1208.78
1224.99
1214.03
1214.03
1216.89
1215.93
1216.17
1216.89
1209.02
1264.10
1269.82
1272.92
1258.13
1261.00
1253.84
1262.90
1258.13
1264.10
1253.13
1253.84
1257.90
1230.00
1235.96
1235.96
1240.97
1230.00
1230.00
1243.11
1234.05
1231.91
1236.92
1235.01
1230.96
1233.10
1255.04
1280.07
1283.88
1273.87
1272.92
1272.92
1276.02
1268.15
1266.96
1288.89
1277.92
1284.12
1254.08
1260.04
1264.10
1271.96
1267.91
1270.06
1271.96
1272.92
1262.19
1271.96
1266.00
1269.82
1270.06
1208.07
1219.99
1213.07
1224.04
1218.08
1213.07
1219.03
1215.93
1214.03
1224.99
1224.99
1223.09
1222.13
1270.06
1268.15
1272.92
1297.00
1266.00
1266.00
1271.96
1266.00
1261.95
1272.92
1262.90
1269.10
17330.17
1266.00
1238.11
1240.97
1231.19
1232.86
1235.01
1248.12
1232.86
1230.96
1240.02
1231.91
1232.15
17306.09
1243.11
1214.03
1234.05
1216.89
1213.07
1222.85
1213.79
1215.93
1218.08
1224.04
1212.84
1212.84
1210.93
1288.18
1280.07
1284.12
1284.12
1273.87
1288.89
1280.07
1279.83
1279.83
1276.02
1285.08
1275.06
1261.00
1256.94
1259.09
1266.00
1261.00
1256.94
1262.90
1260.04
1257.90
1260.04
1266.96
1250.98
1257.18
1224.99
1248.12
1271.96
1252.89
1258.85
1258.85
1258.85
1254.08
1247.17
1261.00
1252.17
1250.03
1230.00
1281.02
1281.98
1290.08
1281.02
1278.16
1283.88
1281.02
1275.06
1286.03
1278.88
1276.97
1281.98
1241.92
1249.79
1245.02
1255.99
1250.98
1242.88
1253.84
1242.88
1242.16
1248.12
1245.98
1246.93
1242.16
1262.90
1261.95
1276.97
1270.06
1261.95
1262.19
1265.05
1271.01
1260.04
1268.15
1269.10
1260.04
1264.10
1302.00
1300.81
1302.96
1295.09
1297.00
1300.81
1294.85
1297.00
1301.05
1297.00
1298.90
1281.98
1229.05
1238.11
1254.08
1239.06
1241.92
1236.92
1247.17
1239.06
1235.96
1250.03
1236.92
1236.92
17406.94
1302.96
1271.96
1283.17
1271.96
1276.97
1284.84
1261.00
1266.96
1266.00
1265.05
1269.10
1264.10
17371.89
1273.87
1257.90
1282.93
1246.93
1250.03
1260.04
1257.18
1249.07
1249.07
1245.98
1245.02
1250.03
1251.94
1247.88
1258.13
1248.12
1240.97
1248.84
1240.97
1219.03
1216.89
1229.05
1222.85
1223.80
1244.07
1221.90
1224.99
1234.05
1228.09
1221.18
1224.04
1230.00
1222.85
1227.86
1235.96
1239.06
1235.96
1230.96
1232.15
1228.09
1230.00
1226.19
1224.99
1228.09
1243.11
1228.09
1231.91
1240.97
1228.09
1234.05
1233.10
1228.09
1222.13
1234.05
1225.95
1226.90
1230.00
1235.01
1223.09
1230.96
1244.78
1231.91
1235.01
1228.81
1219.99
1211.88
1226.90
1217.13
1217.13
1214.98
1229.05
1214.98
1225.95
1226.19
1219.03
1224.04
1225.95
1214.98
1219.99
1230.00
1224.04
1224.99
1223.09
1230.96
1228.81
1227.86
1199.96
1209.02
1213.07
1224.99
1210.93
1208.07
1221.90
1211.17
1213.07
1220.94
1221.90
1216.17
1219.03
1214.98
1277.92
1271.01
1280.07
1268.15
1276.02
1276.02
1245.98
1261.00
1258.13
1274.11
1266.00
1261.00
1272.20
1256.94
1261.00
1266.96
1261.00
1258.85
1260.04
1209.97
1217.84
1218.08
1219.03
1220.94
1214.98
1226.90
1224.99
1222.85
1237.87
1222.85
1220.94
1217.13
1286.98
1279.83
1282.93
1279.12
1279.12
1285.08
1279.83
1276.02
1284.12
1283.88
1278.88
1279.12
1274.11
1278.16
1271.01
1279.12
1266.96
1270.06
1273.87
1267.91
1263.86
1271.96
1266.96
1267.91
1281.02
1216.89
1227.14
17284.15
1306.06
1278.16
1276.02
1261.00
1258.85
1257.90
1261.95
1265.05
1264.10
1267.19
1261.95
1261.00
17369.99
1232.15
1220.94
1228.81
1219.99
1216.17
1230.00
1221.18
1223.09
1224.04
1244.07
1219.99
1226.19
5345.11
1288.89
1281.02
1291.99
1279.12
1280.07
1291.04
1274.82
1277.92
1281.98
1281.02
1280.07
17340.90
1296.04
1261.95
1266.96
1257.90
1264.10
1263.14
1271.01
1257.90
1259.09
1269.10
1256.94
1250.98
17380.00
1291.99
1286.98
1298.90
1286.98
1279.83
1284.84
1279.83
1277.92
1289.84
1286.03
1276.97
17348.05
1311.06
1272.92
1280.07
1276.02
1269.10
1280.07
1276.97
1271.96
1266.00
1275.06
1274.11
1271.96
17371.18
1261.95
1268.86
1271.96
1256.94
1255.99
1261.95
1254.80
1252.89
1259.80
1252.89
1255.04
17318.01
1257.18
1232.15
1235.96
1227.14
1230.96
1225.95
1242.16
1234.05
1235.01
1243.11
1234.05
1234.77
17298.94
1269.82
1241.92
1245.02
1230.96
1234.05
1241.92
1239.06
1241.92
1235.96
1244.07
1231.91
1240.02
17349.00
1304.86
1293.18
1297.00
1286.03
1282.93
1294.14
1286.98
1284.12
1291.04
1284.12
1282.93
17352.10
1294.85
1256.94
1255.04
1248.12
1243.11
1245.98
1260.04
1247.88
1245.98
1255.04
1244.07
1245.02
17353.06
1240.02
1230.96
1234.05
1230.96
1232.86
1241.92
1240.02
1241.92
1242.16
1253.84
1246.93
1250.98
17354.01
1250.03
1241.92
1250.98
1236.92
1245.98
1239.06
1235.96
1240.02
1250.03
1249.07
1244.07
17266.04
1288.18
1224.99
1211.88
1226.19
1214.98
1217.13
1219.03
1210.21
1214.98
1220.94
1215.93
1218.08
1214.98
17339.94
1255.04
1240.97
1240.97
1239.06
1231.91
1246.93
1236.20
1235.01
1236.20
1203.06
1239.06
17292.02
1264.81
1230.00
1228.09
1235.01
1237.15
1238.11
1242.88
1231.91
1241.21
1241.92
1232.86
1233.82
17305.85
1265.05
1229.05
1233.10
1224.99
1224.04
1219.03
1231.91
1226.90
1227.86
1237.87
1220.23
1229.05
17297.98
1280.78
1255.99
1259.09
1240.97
1250.98
1253.13
1252.89
1255.04
1248.84
1255.99
1251.94
1250.03
17395.97
1259.09
1253.13
1251.94
1238.82
1240.02
1250.03
1240.97
1243.83
1245.98
1246.93
1241.92
1242.16
17342.09
1261.95
1248.84
1252.89
1244.07
1245.02
1250.98
1244.07
1241.92
1249.79
1242.88
1243.83
17309.90
1258.13
1227.14
1230.96
1216.17
1220.94
1214.98
1225.95
1214.03
1212.12
1224.99
1221.18
1219.99
17275.09
1297.95
1284.12
1286.03
1272.92
1266.00
1269.82
1263.86
1261.00
1261.95
1271.96
1266.96
1264.81
17359.97
1266.96
1246.93
1247.88
1244.07
1244.07
1248.84
1252.89
1246.93
1250.98
1242.88
1252.17
17271.04
1301.05
1230.00
1224.04
1235.96
1224.99
1226.90
1240.02
1230.00
1224.99
1237.15
1232.86
1237.87
21285.06
1311.06
1274.11
1274.11
1276.02
1266.96
1256.94
1268.15
1261.95
1258.85
1273.87
1253.84
1264.81
17362.83
1230.00
1214.98
1216.89
1208.07
1209.02
1217.84
1210.93
1208.78
1213.07
1219.99
1210.93
1214.03
17291.07
1309.16
1290.08
1283.88
1286.03
1275.06
1281.98
1274.82
1276.02
1282.93
1283.88
1276.97
17326.12
1307.01
1255.04
1252.89
1263.14
1250.98
1250.03
1261.00
1250.03
1252.89
1261.00
1245.98
1248.12
17310.14
1302.00
1283.88
1432.18
1250.03
1247.88
1241.92
1250.98
1239.06
1245.02
1239.06
1245.02
1251.22
1260.04
1241.92
1249.07
17354.97
1255.04
1240.97
1243.11
1230.00
1245.02
1243.83
1240.02
1236.92
1245.98
1243.11
1237.87
1242.88
17360.21
1247.88
1249.07
1249.07
1240.97
1242.16
1250.03
1242.16
1238.11
1249.07
1252.89
1250.03
17304.90
1317.02
1302.00
1285.08
1286.03
1272.92
1281.02
1284.84
1281.02
1274.82
1297.00
1276.02
1274.82
17388.82
1282.93
1284.12
1285.08
1277.92
1277.92
1295.09
1293.18
1289.84
1302.00
1297.00
1298.90
17342.09
1326.80
1310.83
1312.97
1297.95
1297.00
1303.91
1297.00
1294.14
1306.06
1302.00
1298.19
17359.02
1333.95
1292.94
1302.00
1297.00
1295.09
1304.15
1301.05
1294.14
1302.00
1300.10
1300.10
17326.12
1330.14
1269.10
1276.02
1281.02
1267.19
1269.10
1276.97
1261.00
1268.86
1269.82
1266.00
1262.90
21344.90
1293.90
1272.20
1270.06
1266.96
1266.00
1276.02
1270.06
1266.00
1272.92
1271.96
1262.90
17293.93
1295.09
1244.07
1232.86
1249.79
1241.92
1239.06
1245.02
1239.06
1244.07
1267.91
1240.97
1239.06
17301.08
1258.13
1219.03
1221.90
1214.03
1220.94
1213.07
1221.18
1211.88
1209.97
1219.99
1212.12
1209.97
17269.85
1275.06
1231.91
1227.86
1231.91
1223.09
1225.23
1236.92
1225.95
1224.99
1238.82
1223.80
1230.96
13289.21
1300.10
1284.12
1277.92
1269.82
1268.86
1278.88
1267.19
1266.96
1264.81
1278.88
1270.77
1272.92
17396.93
1286.03
1279.83
1269.10
1260.04
1253.84
1268.86
1254.08
1257.18
1263.14
1256.94
1250.98
17317.06
1296.04
1250.03
1250.03
1257.90
1249.07
1250.03
1255.04
1251.94
1248.12
1261.00
1252.17
1253.13
17363.07
1307.01
1276.02
1287.94
1284.12
1281.98
1293.90
1280.78
1282.93
1286.03
1283.88
1280.07
17344.00
1276.97
1249.07
1238.82
1243.83
1246.93
1247.17
1250.03
1244.07
1248.12
1255.04
1239.06
1235.96
17296.79
1295.09
1260.04
1271.96
1268.86
1264.81
1272.92
1268.15
1266.96
1278.88
1261.95
1266.00
1262.90
17385.01
1294.85
1292.94
1285.08
1283.17
1278.88
1289.84
1281.02
1273.87
1286.03
1283.88
1279.12
17388.11
1316.07
1302.00
1310.83
1296.04
1295.80
1302.00
1297.95
1299.86
1304.86
1298.19
1297.95
17348.05
1287.94
1259.09
1266.96
1268.86
1260.04
1259.09
1270.06
1259.09
1259.09
1267.91
1258.85
1252.89
17356.16
1237.87
1232.86
1237.87
1232.86
1237.87
1248.12
1243.11
1240.97
1251.94
1241.92
1247.88
1247.17
17328.98
1230.96
1224.99
1231.91
1218.80
1216.89
1225.95
1225.95
1219.99
1230.96
1224.99
1220.94
17246.01
1316.07
1258.13
1258.13
1275.06
1256.94
1251.94
1276.02
1261.00
1256.94
1268.15
1259.09
1260.04
17321.11
1294.14
1265.05
1271.96
1266.96
1261.00
1269.10
1258.13
1263.14
1261.00
1259.09
1258.13
1260.04
17338.99
1235.96
1223.09
1234.05
1225.23
1223.09
1232.86
1224.04
1228.09
1240.02
1244.07
1242.16
1242.88
17318.96
1250.03
1243.83
1255.04
1245.02
1242.16
17349.96
1238.11
1222.13
1229.05
1222.13
1219.99
1230.00
1226.90
1219.99
1215.93
1224.04
1216.89
1219.99
21348.00
1273.87
1251.94
1250.98
1247.88
1243.83
1251.94
1250.98
1247.88
1248.84
1255.04
1241.92
1240.97
17359.97
1297.00
1276.02
1281.98
1276.97
1276.97
1283.88
1276.02
1279.12
1286.98
1278.16
1279.12
13376.00
1235.96
1224.99
1232.15
1230.96
1230.00
1242.88
1238.11
1238.11
1247.17
1253.84
1237.87
1245.98
17357.11
1260.04
1250.98
1262.19
1257.90
1260.04
1261.00
1255.99
1260.04
1267.91
1265.05
1259.09
17322.06
1261.95
1224.99
1230.00
1234.05
1232.15
1233.10
1245.98
1240.02
1243.83
1249.07
1240.97
1243.11
17325.16
1266.96
1240.02
1239.06
1235.01
1236.92
1230.96
1236.20
1233.10
1232.86
1245.98
1231.19
1230.96
17299.89
1312.97
1289.84
1283.88
1276.02
1280.07
1283.88
1276.02
1277.92
1282.93
1277.92
1279.12
17322.06
1312.02
1279.83
1267.91
1267.19
1265.05
1269.10
1276.02
1259.80
1260.04
1275.06
1262.90
1262.90
17375.95
1291.04
1282.93
1291.99
1288.89
1271.96
1278.16
1276.02
1276.02
1278.88
1273.16
1273.16
17333.98
1322.98
1286.03
1285.08
1277.92
1273.87
1269.82
1281.02
1274.11
1272.92
1281.02
1267.91
1273.87
17382.86
1268.86
1256.94
1265.05
1244.07
1254.08
1259.09
1254.08
1258.13
1267.91
1255.04
1267.91
17323.02
1261.95
1230.96
1227.86
1235.01
1234.05
1237.15
1246.93
1237.87
1241.92
1250.98
1247.88
1236.92
17319.20
1268.15
1241.92
1235.96
1224.04
1228.09
1228.09
1235.01
1233.82
1231.91
1235.01
1229.05
1219.99
17284.87
1308.92
1267.91
1270.06
1271.96
1261.95
1274.82
1261.00
1261.95
1273.87
1267.91
1263.86
1266.00
17385.01
1274.11
1268.86
1261.00
1261.95
1259.80
1261.95
1256.94
1261.00
1256.94
1261.95
1254.08
17331.12
1306.06
1293.18
1287.94
1273.87
1272.92
1285.08
1276.97
1273.87
1285.08
1271.96
1276.02
1277.92
17401.93
1300.10
1294.14
1303.91
1297.00
1297.00
1306.06
1299.86
1298.19
1304.86
1296.04
1295.09
17389.06
1291.04
1275.78
1286.03
1281.02
1267.19
1274.11
1282.93
1273.16
1272.92
1266.00
1261.95
17322.06
1305.82
1278.88
1292.94
1277.92
1281.98
1287.94
1278.88
1282.93
1276.97
1286.03
1272.92
1277.92
17385.96
1268.86
1263.14
1276.97
1265.05
1258.85
1271.01
1276.97
1267.19
1280.07
1274.11
1271.96
17337.08
1266.00
1236.92
1237.15
1232.15
1234.05
1242.88
1246.93
1238.11
1232.15
1245.02
1239.06
1240.02
17300.13
1250.98
1221.90
1227.14
1219.03
1215.93
1217.13
1221.90
1214.98
1224.04
1224.04
1214.98
1221.90
17289.88
1275.06
1247.88
1258.85
1249.79
1251.94
1250.98
1250.98
1257.18
1257.90
1262.90
1255.99
1257.90
17373.09
1289.13
1275.06
1285.08
1267.91
1263.86
1271.96
1266.96
1261.00
1270.06
1267.91
1261.95
17323.97
1269.10
1237.87
1236.92
1235.96
1235.96
1230.96
1245.98
1240.02
1235.01
1240.02
1232.15
1228.09
17308.00
1297.00
1277.92
1272.20
1261.95
1266.96
1275.06
1268.15
1271.01
1273.16
1271.96
1282.93
17398.12
1337.05
1266.00
1260.04
1270.06
1259.09
1258.13
1266.96
1256.94
1254.08
1271.01
1256.23
1255.99
17327.07
1336.10
1298.19
1302.96
1297.00
1295.80
1302.96
1296.04
1297.00
1307.01
1299.14
1296.04
17349.96
1291.99
1259.09
1264.10
1266.00
1253.84
1247.88
1259.80
1253.84
1251.94
1267.19
1257.90
1257.90
17374.99
1245.98
1246.93
1248.84
1245.98
1250.03
1249.79
1241.92
1240.97
1256.94
1250.98
1250.98
1255.99
17336.13
1235.01
1219.03
1221.90
1212.12
1222.13
1217.13
1214.03
1218.08
1228.09
1217.13
1219.03
1223.09
21336.08
1240.97
1234.05
1242.88
1224.99
1220.94
1235.01
1227.14
1229.05
1228.09
1227.14
1225.95
17269.85
1363.04
1297.00
1299.14
1290.08
1283.17
1284.84
1290.80
1286.03
1288.89
1297.00
1282.93
1285.08
17397.88
1295.09
1277.92
1294.85
1276.02
1284.12
1286.03
1280.07
1278.16
1286.98
1280.07
1281.98
17351.87
1301.05
1280.07
1273.87
1265.05
1269.10
1275.06
1266.96
1263.14
1274.11
1264.10
1259.09
1265.05
21403.07
1297.00
1281.02
1288.89
1281.02
1282.93
1282.93
1273.16
1271.96
1281.98
1276.97
1271.01
17344.95
1307.96
1276.02
1283.88
1272.20
1253.84
1266.00
1255.99
1255.04
1261.00
1266.00
1256.23
1255.04
17354.01
1261.00
1248.84
1250.03
1254.08
1243.11
1265.05
1248.12
1244.07
1245.02
1248.12
1250.98
17304.18
1304.15
1281.02
1284.12
1255.99
1270.06
1275.78
1281.02
1280.07
1275.06
1282.93
1284.12
1274.11
17405.03
1315.83
1306.06
1303.91
1296.04
1294.14
1301.05
1296.04
1294.14
1285.08
1286.98
1291.99
17392.87
1301.05
1296.04
1305.10
1297.00
1294.85
1295.80
1297.00
1296.04
1305.10
1297.00
1292.94
17355.20
1321.08
1317.98
1301.77
1297.95
1296.04
1306.06
1301.05
1298.19
1301.05
1294.14
1293.90
9337.90
1291.04
1250.03
1239.06
1250.03
1242.16
1244.07
1245.02
1244.07
1240.02
1251.22
1235.96
1243.11
17313.00
1284.84
1250.98
1255.99
1253.84
1247.17
1241.92
1251.94
1251.22
1241.92
1263.86
1261.00
1248.12
17376.90
1281.98
1278.88
1286.03
1268.86
1265.05
1273.87
1269.82
1262.90
1273.16
1271.01
1260.04
17329.93
1268.15
1238.11
1240.97
1238.11
1238.11
1248.12
1255.99
1248.12
1245.98
1259.09
1241.21
1246.93
17322.06
1255.04
1225.95
1232.15
1224.04
1226.19
1224.99
1240.02
1225.95
1232.15
1245.02
1238.11
1239.06
17328.02
1283.88
1266.00
1267.91
1254.80
1253.84
1266.96
1265.05
1255.99
1266.00
1258.13
1259.09
1255.04
21317.96
1229.05
1223.09
1230.00
1221.18
1228.09
1229.05
1230.96
1226.90
1235.01
1234.05
1234.05
17256.98
1298.90
1235.96
1224.04
1235.01
1227.86
1226.90
1233.82
1216.89
1222.85
1234.05
1223.80
1231.91
13273.95
1303.91
1280.07
1287.94
1282.22
1264.10
1266.00
1279.12
1275.06
1269.10
1274.11
1266.00
1268.15
17380.00
1330.85
1297.95
1312.02
1299.14
1297.95
1300.81
1294.85
1296.04
1305.10
1297.95
1294.85
17349.00
1286.03
1256.94
1270.06
1266.96
1255.99
1263.86
1254.80
1255.99
1256.94
1261.00
1261.95
1255.04
17337.80
1236.92
1221.90
1232.15
1221.90
1220.94
1222.13
1222.13
1218.08
1229.05
1218.08
1218.08
1217.13
17374.04
1269.10
1255.99
1261.95
1255.04
1253.84
17359.02
1264.10
1235.01
1253.13
1235.96
1235.96
1240.97
1246.93
1233.10
1245.02
1246.21
1234.05
1240.02
17360.21
1241.92
1230.00
1240.02
1230.96
1221.90
1236.20
1234.05
1230.96
1221.90
1249.79
1275.06
1271.01
1275.06
1271.96
1266.96
1279.12
1266.96
1265.05
1281.02
1271.01
1262.19
1270.06
1233.10
1239.06
1241.92
1237.87
1243.83
1255.99
1236.92
1240.02
1235.96
1249.07
1240.02
1239.06
1217.84
1276.97
1266.00
1274.82
1266.00
1262.90
1270.06
1266.96
1261.95
1271.01
1264.10
1271.01
1264.10
1273.16
1257.90
1266.96
1275.06
1272.92
1261.95
1283.17
1271.96
1267.91
1283.17
1261.00
1265.05
1283.88
1219.03
1222.13
1229.05
1223.09
1224.99
1224.04
1221.90
1230.00
1224.04
1242.16
1235.96
1240.02
1237.87
1267.91
1270.06
1271.01
1263.86
1266.96
1269.10
1266.00
1261.23
1276.02
1266.96
1270.06
1263.86
1284.84
1283.88
1279.83
1288.89
1281.98
1277.92
1285.08
1281.98
1276.97
1286.98
1279.12
1276.97
1270.06
1206.87
1215.22
1236.92
1220.94
1209.02
1213.07
1224.04
1211.88
1213.79
1222.85
1213.07
1214.98
17290.12
1250.03
1213.07
1222.13
1214.03
1215.93
1219.03
1225.23
1213.07
1216.89
1222.85
1213.07
1213.07
17374.99
1278.16
1244.07
1255.04
1246.21
1239.06
1243.11
1246.93
1245.98
1243.11
1260.04
1248.12
1250.03
1247.17
1224.99
1233.82
1240.97
1238.11
1231.91
1246.93
1233.10
1232.15
1237.15
1250.98
1240.97
1235.01
1229.05
1240.97
1255.04
1256.94
1257.90
1255.04
1261.95
1254.08
1251.94
1259.09
1250.03
1252.89
1254.08
1218.08
1219.03
1219.03
1228.81
1222.85
1216.89
1218.08
1219.03
1215.93
1224.04
1224.99
1221.90
1214.03
1268.86
1266.00
1270.06
1276.02
1271.01
1272.92
1286.98
1268.86
1264.10
1277.21
1269.10
1267.91
1276.02
1269.10
1265.05
1283.88
1269.82
1266.96
1271.01
1267.91
1271.96
1273.87
1286.03
1270.06
1267.91
1230.00
1240.02
1240.02
1245.02
1238.82
1236.92
1246.93
1240.02
1236.92
1241.92
1245.98
1241.92
1241.92
1294.85
1271.96
1281.02
1279.12
1271.96
1269.82
1261.00
1266.00
1271.01
1271.01
1265.05
1265.76
1271.96
1265.05
1266.00
1292.94
1276.02
1266.96
17303.94
1316.07
1267.91
1276.97
1274.11
1263.86
1273.87
1274.82
1268.86
1274.82
1292.94
1266.00
1267.19
17365.93
1278.88
1263.86
1267.91
1263.14
1260.04
1268.15
1265.05
1261.95
1280.07
1273.87
1267.91
17294.88
1338.01
1279.83
1267.91
1273.87
1284.12
1266.00
1283.88
1264.81
1265.05
1272.92
1266.96
1264.10
17366.17
1264.10
1252.89
1256.94
1252.17
1254.08
1253.13
1249.07
1246.93
1259.80
1255.04
1246.93
1252.17
5321.03
1241.92
1237.15
1248.12
1241.92
1245.98
9299.99
1293.90
1266.00
1263.86
1258.85
1258.85
1272.92
1267.19
1262.90
1263.86
1256.94
1259.09
1255.99
17382.86
1291.99
1287.94
1300.81
1277.92
1276.97
1301.05
1281.98
1274.82
1282.93
1250.03
1253.84
1261.00
1255.99
1256.23
1261.95
1251.94
1251.94
1262.90
1250.03
1251.94
1254.80
1261.00
1274.11
1277.92
1291.99
1271.96
1281.98
1286.98
1279.83
1280.07
1279.83
1278.88
1273.87
1262.19
1235.96
1243.83
1265.05
1254.08
1245.98
1263.14
1249.07
1250.98
1244.07
1254.80
1246.93
1243.11
1248.12
1254.08
1264.10
1271.96
1266.00
1262.90
1267.91
1268.15
1272.92
1274.82
1267.91
1250.98
1291.99
1264.10
1263.14
1264.10
17380.95
1271.01
1253.84
1258.85
1254.80
1256.94
1261.00
1250.03
1255.99
1255.99
1255.04
1250.03
17325.16
1271.96
1238.82
1232.86
1224.99
1230.00
1223.09
1237.87
1228.09
1224.99
1251.94
1227.14
1225.95
17292.98
1248.12
1224.99
1220.94
1211.17
1215.93
1214.03
1219.03
1210.93
1210.21
1219.03
1214.03
1213.07
17280.82
1272.92
1252.89
1257.18
1245.02
1242.16
1245.02
1247.17
1244.07
1242.16
1252.89
1240.02
1244.07
1245.02
1280.07
1273.87
1281.98
1276.02
1271.01
1281.02
1275.78
1273.87
1276.02
1273.87
1273.87
1274.82
1255.99
1263.14
1266.96
1283.17
1264.10
1266.96
1272.92
1262.19
1266.96
1271.01
1260.04
1265.05
1261.95
1210.93
1214.98
1229.05
1214.98
1216.89
1222.13
1234.05
1224.99
1224.99
1229.05
1220.94
1219.99
1218.08
1264.10
1267.91
1273.87
1265.05
1268.86
1268.86
1270.06
1262.90
1268.86
1297.95
1261.95
1266.00
17380.95
1286.03
1279.83
1277.92
1269.82
1265.05
1271.01
1272.92
1276.02
1286.03
1267.19
1266.00
17335.18
1276.02
1250.98
1259.80
1251.94
1245.02
1247.17
1246.93
1243.83
1241.92
1276.97
1253.13
1249.07
17350.91
1235.01
1218.08
1221.90
1214.03
1214.98
1219.99
1217.84
1217.84
1212.84
1221.90
1215.93
1214.98
17321.83
1245.02
1230.00
1232.86
1234.05
1235.96
1242.88
1235.01
1234.05
1245.98
1236.92
1240.02
1232.15
1240.02
1230.96
1236.92
1243.83
1238.82
1240.02
1224.99
1247.17
1240.02
1245.98
1252.89
1248.84
1248.84
1256.94
