1306.06
1277.21
1275.06
1240.97
1237.87
1245.98
25406.12
1277.92
1283.88
1284.84
1244.78
1252.89
25357.01
1295.09
1259.09
1281.98
1280.07
1269.82
25336.03
1308.92
1288.89
1275.78
1312.02
1276.97
25342.23
1293.90
1270.06
1276.97
1257.90
1253.13
25318.15
1332.04
1295.09
1303.20
1225.95
1240.02
1245.02
25397.06
1291.04
1273.87
1274.82
1250.03
1256.94
25393.01
1308.92
1298.90
1281.98
1269.82
1266.00
25341.99
1314.88
1270.06
1276.97
1294.14
1299.86
25359.87
1301.05
1260.04
1293.18
1290.08
1305.10
25352.00
1340.87
1302.00
1301.05
1280.07
1278.16
25331.02
1351.83
1350.88
1300.81
1317.98
1286.98
25371.07
1285.08
1256.94
1250.98
1297.00
1281.02
1279.12
25386.10
1275.06
1293.90
1291.99
1312.97
1283.88
25424.96
1292.94
1276.02
1286.03
1274.11
1289.13
25331.02
1267.91
1265.05
1249.07
1250.03
1251.94
25326.97
1296.04
1286.03
1276.02
1261.00
1266.96
25306.94
1271.01
1251.94
1262.90
1233.10
1267.19
1271.01
25388.96
1272.92
1276.97
1265.05
1250.03
1243.11
25335.07
1241.92
1224.99
1227.14
1235.01
1239.06
25301.93
1283.17
1250.03
1252.17
1263.14
1249.07
1245.98
25398.97
1309.16
1288.89
1271.96
1290.08
1285.08
25867.94
1258.13
1301.05
1302.00
1316.07
25362.01
1295.80
1238.11
1282.93
1312.97
1293.90
1204.97
25370.12
1261.95
1255.04
1251.94
1250.03
1234.77
25327.92
1268.86
1250.03
1266.00
1240.02
1269.82
25336.03
1266.96
1230.00
1240.02
1234.05
1230.96
1235.01
25358.92
1260.04
1250.03
1253.13
1254.08
1250.03
25379.18
1279.12
1261.95
1258.85
1266.96
1259.09
25333.17
1322.98
1294.14
1269.10
1271.01
1287.94
25351.05
1323.94
1275.06
1281.98
1289.13
1265.05
25320.05
1325.85
1282.93
1266.00
1291.99
1290.08
1265.05
25403.02
1283.17
1277.92
1285.08
1276.02
1269.10
25417.09
1356.12
1286.03
1300.10
1275.06
1270.06
25394.20
1293.90
1289.84
1276.02
1292.94
1271.01
25331.97
1300.10
1301.05
1269.82
1281.98
1268.15
25326.97
1330.85
1281.02
1284.12
1246.93
1250.98
25297.88
1303.91
1277.92
1278.16
1265.05
1270.06
1278.16
25362.01
1261.00
1246.93
1257.18
1240.97
1244.78
25359.87
1271.96
1254.08
1250.98
1245.98
1247.88
25316.95
1289.13
1269.10
1281.02
1264.10
1269.10
25319.10
1315.12
1274.11
1269.10
1264.10
1300.10
1275.06
25348.90
1255.04
1241.92
1251.94
1269.10
1266.00
25370.12
1270.06
1253.84
1268.86
1266.00
1266.96
25331.02
1266.96
1229.05
1232.86
1227.14
1231.91
25254.96
1369.95
1291.99
1294.85
1312.02
1312.02
1316.07
25362.97
1280.07
1293.90
1289.84
1289.13
1278.16
25382.04
1307.01
1268.86
1271.96
1265.05
1271.01
25383.95
1280.78
1266.96
1258.13
1273.16
1274.11
25340.08
1317.02
1283.17
1260.04
1264.10
1257.90
25326.01
1350.16
1318.93
1312.97
1279.12
1276.02
25264.98
1371.15
1315.12
1314.88
1315.83
1323.94
25384.90
1353.98
1325.13
1324.89
1320.84
1347.06
25400.88
1369.95
1342.06
1328.95
1329.90
1323.94
25399.21
1279.12
1252.89
1229.05
1297.00
1309.16
25326.97
1319.89
1275.06
1276.02
1259.09
1266.96
1266.00
25379.18
1277.92
1289.84
1271.96
1243.11
1245.02
25319.10
1296.04
1255.99
1268.15
1277.92
1248.84
25322.91
1269.10
1278.16
1284.12
1275.06
1274.11
25336.03
1310.11
1279.12
1301.05
1286.98
1282.93
1285.08
25360.11
1259.80
1239.78
1279.83
1318.93
1325.13
25426.15
1307.96
1297.00
1321.08
1270.06
1230.96
25366.07
1273.87
1252.89
1231.91
1278.16
1241.92
25297.88
1307.96
1270.06
1272.20
1266.00
1271.01
25336.03
1332.04
1275.06
1284.12
1314.16
1295.09
25341.03
1279.12
1265.05
1257.90
1261.95
1259.80
1261.95
25407.08
1293.18
1282.93
1224.99
1241.92
1240.97
25365.11
1301.05
1279.12
1267.91
1215.93
1280.07
25318.15
1315.12
1285.08
1276.97
1298.90
1294.14
25377.04
1341.82
1291.04
1274.82
1286.03
1271.96
25314.81
1307.01
1265.05
1267.91
1266.00
1254.80
1255.99
25372.03
1240.02
1224.04
1218.08
1297.00
1291.04
25385.86
1276.02
1254.08
1256.94
1292.94
1353.98
25331.97
1323.94
1306.06
1313.21
1300.10
1295.09
25358.92
1317.98
1285.08
1281.98
1272.20
1273.87
25341.03
1293.18
1256.94
1266.96
1260.04
1251.94
1281.02
25383.95
1281.02
1278.88
1296.04
1281.02
1281.98
25389.91
1261.00
1254.08
1261.95
1255.04
1250.98
25341.99
1803.87
1258.85
1281.02
1248.12
1240.97
25377.99
1314.88
1297.00
1243.11
1272.92
1278.88
25352.95
1348.97
1331.81
1334.91
1324.89
1323.22
25429.96
1343.01
1323.94
1338.01
1315.83
1317.98
25432.11
1337.05
1322.03
1344.92
1319.17
1316.07
25397.06
1284.12
1260.04
1259.09
1259.09
1250.98
25327.92
1345.16
1322.03
1291.99
1220.94
1235.96
25292.87
1323.94
1292.94
1281.02
1249.07
1250.03
25279.05
1333.00
1281.98
1275.06
9364.13
1301.05
1289.84
1279.12
1261.95
1263.86
25387.05
1325.85
1297.95
1315.12
1311.06
1306.06
25431.16
1324.89
1319.89
1324.89
1336.81
1328.95
25377.99
1254.80
1239.06
1265.05
1305.10
1301.05
25393.96
1299.86
1295.80
1278.88
1317.02
1307.96
25409.94
1320.12
1291.99
17410.99
1268.86
1255.99
1239.06
1276.02
1330.85
25298.83
1279.12
1242.88
1228.81
1302.00
1291.99
25349.86
1294.85
1254.80
1257.90
1246.93
1245.98
1252.89
25370.84
1285.79
1255.99
1266.96
1256.94
1261.95
25358.92
1284.12
1273.87
1266.96
1235.96
1250.03
25309.09
1305.10
1279.12
1278.16
1226.90
1249.07
25300.03
1322.03
1271.01
1289.84
1243.83
1254.80
1251.94
25393.01
1280.07
1274.11
1297.00
1277.21
1248.84
25372.98
1264.10
1255.99
1255.99
1249.07
1245.98
25305.99
1273.16
1246.93
1256.94
1246.21
1240.97
25288.11
1356.12
1316.07
1326.08
1333.00
1322.98
25376.08
1369.00
1328.95
1331.09
1325.13
1318.93
25372.98
1311.06
1276.02
1298.90
1288.18
1266.96
1291.04
25321.01
1236.92
1234.05
1239.06
1232.86
1232.86
25335.07
1264.81
1245.02
1262.90
1253.84
1248.84
25321.01
1291.99
1266.96
1289.13
1277.92
1285.08
25328.87
1353.03
1307.01
1283.88
1230.96
1245.98
1241.92
25352.00
1263.86
1258.85
1283.88
1273.87
1276.97
25372.98
1278.88
1267.91
1271.96
1266.00
1257.18
25311.95
1271.01
1256.94
1267.91
1257.18
1245.98
25290.01
1327.99
1295.09
1281.98
1292.94
1280.07
1276.02
25338.89
1269.10
1245.02
1268.86
1254.80
1236.92
25346.99
1255.04
1263.14
1265.05
1235.96
1263.86
25329.83
1317.02
1312.02
1291.99
1286.03
1281.98
25341.99
1317.98
1281.98
1267.91
1255.99
1253.84
25285.01
1358.99
1323.94
1306.06
1283.17
1286.03
1281.98
25358.92
1279.12
1268.15
1251.94
1257.90
1257.90
25379.18
1281.02
1239.06
1255.99
1243.83
1236.92
25310.99
1286.03
1259.09
1260.04
1262.19
1267.91
25331.97
1290.08
1263.14
1271.96
1261.00
1250.98
1245.02
25404.93
1292.94
1279.12
1254.08
1243.11
1245.02
25367.98
1292.94
1276.02
1280.07
1251.94
1245.98
25331.97
1312.97
1283.17
1271.01
1253.13
1253.13
25336.03
1333.95
1289.84
1286.03
1291.99
1276.02
25355.82
1329.90
1283.88
1282.93
1245.98
1256.94
1255.99
25369.88
1276.02
1269.10
1273.87
1271.96
1293.18
25424.00
1297.00
1293.90
1263.86
1263.86
1276.02
25376.08
1260.04
1248.84
1247.17
1243.11
1234.05
25300.98
1306.06
1279.12
1291.04
1282.93
1291.99
25335.07
1329.18
1284.12
1286.98
1272.92
1295.09
1273.16
25381.09
1286.98
1274.82
1282.93
1276.97
1274.82
25398.97
1297.00
1294.85
1284.84
1253.84
1250.98
25403.98
1351.83
1340.87
1346.83
1340.87
1336.10
25400.16
1299.14
1281.02
1279.12
1284.12
1271.01
25400.88
1255.99
1276.02
1297.95
1309.16
1314.88
25398.97
1281.02
1265.05
1241.92
1231.19
1235.01
25289.06
1298.19
1266.00
1272.20
1281.02
1302.00
25326.01
1328.95
1288.18
1271.96
1315.83
1312.97
1275.06
25386.10
1288.18
1271.96
1283.17
1261.00
1263.86
25366.78
1271.96
1257.18
1255.99
1250.98
1244.07
25305.99
1276.02
1246.93
1245.98
1230.00
1230.96
25285.01
1277.21
1239.06
1240.02
1258.13
1248.12
1259.09
25377.04
1286.03
1267.91
1275.06
1267.91
1271.01
25362.01
1291.99
1276.02
1276.97
1271.01
1281.02
25332.93
1317.02
1282.93
1307.96
1280.07
1281.98
25345.09
1322.98
1290.08
1298.19
1291.04
1286.03
25300.03
1291.99
1266.00
1254.08
1258.13
1264.10
1245.02
25390.86
1271.96
1261.95
1266.00
1266.96
1266.00
25373.94
1289.13
1276.97
1281.98
1265.05
1266.96
25334.84
1304.86
1280.07
1282.93
1313.92
1312.97
25368.93
1331.81
1299.86
1301.05
1300.10
1303.91
25353.19
1317.98
1286.98
1286.98
1262.90
1234.05
25249.96
1343.01
1278.16
1281.02
1286.03
1290.80
1272.92
25371.79
1284.84
1308.92
1274.82
1271.01
1287.94
25389.91
1268.15
1255.04
1259.09
1279.12
1292.94
25358.20
1311.06
1288.18
1283.88
1284.84
1278.88
25349.86
1321.79
1301.05
1301.05
1296.04
1270.06
25346.99
1343.97
1287.94
1291.04
1265.05
1258.85
25326.01
1305.10
1264.10
1266.96
1266.96
1252.89
1251.94
25390.15
1272.92
1281.02
1254.08
1238.11
1239.06
25345.09
1289.13
1267.91
1251.94
1281.98
1287.94
25342.23
1306.06
1290.08
1271.96
1259.80
1266.00
25341.99
1325.85
1314.88
1295.80
1267.91
1277.92
25287.15
1315.12
1266.96
1262.90
1280.78
1270.06
1262.90
25383.00
1285.08
1296.04
1304.15
1295.09
1274.11
25391.10
1255.04
1246.93
1240.02
1261.00
1261.95
25331.02
1327.99
1279.12
1279.12
1292.94
1275.06
25330.07
1293.90
1276.97
1265.05
1275.06
1296.04
25339.84
1308.92
1297.00
1277.92
1288.89
1290.80
1287.94
25360.11
1260.04
1240.02
1234.05
1259.09
1265.05
25396.11
1269.10
1270.06
1265.05
1273.16
1265.05
25330.07
1279.12
1261.95
1274.82
1261.00
1261.00
25333.88
1282.22
1246.93
9293.79
1321.08
1299.14
1286.03
1282.93
1282.93
1280.78
25346.99
1243.11
1237.15
1246.93
1235.01
1238.82
25338.89
1266.00
1261.95
1269.82
1263.86
1255.04
25322.91
1312.02
1278.88
1293.90
1283.88
1290.80
25331.02
1312.97
1291.04
1279.12
1250.98
1285.08
1260.04
25387.76
1291.99
1293.18
1236.92
1243.83
1243.83
25372.03
1266.00
1258.85
1230.00
1244.07
1250.03
25316.00
1302.00
1284.12
1279.12
1229.05
1235.01
25292.87
1281.02
1256.94
1267.19
1256.94
1254.08
1265.05
29392.96
1286.98
1281.02
1290.08
1276.97
1284.12
25395.15
1285.08
1281.98
1279.12
1262.19
1276.97
25379.18
1307.01
1299.14
1322.98
1307.96
1298.90
25367.98
1273.87
1261.00
1237.87
1265.05
1281.98
25346.04
1286.03
1270.06
1256.94
1281.98
1267.91
25315.05
1341.10
1292.94
1279.83
1255.04
1250.98
1255.04
25362.97
1248.84
1243.83
1258.85
1258.85
1255.04
25357.96
1276.97
1266.96
1281.98
1285.08
1279.12
25346.04
1321.08
1284.12
1297.00
1283.17
1291.04
25323.15
1297.00
1268.15
1275.06
1281.02
1266.96
25300.03
1332.04
1278.88
1271.01
1289.13
1281.98
1278.88
25421.14
1335.14
1324.89
1271.01
1277.92
1268.15
25419.95
1240.02
1242.16
1235.96
1248.12
1247.17
25332.93
1329.90
1303.91
1298.19
1230.00
1235.01
25301.93
1286.98
1260.04
1267.19
1270.06
1270.06
21315.10
1350.16
1292.94
1285.79
1251.94
1265.05
1267.19
25419.95
1319.89
1308.20
1276.02
1260.04
1251.94
25394.92
1297.00
1281.02
1284.12
1291.99
1293.90
25416.14
1301.05
1321.08
1280.07
1280.78
1256.94
25330.07
1306.06
1282.93
1291.04
1282.22
1281.02
25357.96
1325.85
1286.98
1307.01
1266.00
1264.10
25351.05
1367.09
1341.10
1328.95
1307.01
1329.90
25390.15
1285.08
1317.02
1260.04
1245.98
1243.11
25272.13
1302.00
1262.90
1255.04
1270.06
1266.00
1261.95
25381.80
1279.83
1270.06
1283.88
1256.94
1251.94
25363.92
1302.00
1280.07
1287.94
1294.14
1286.03
25335.07
1321.08
1299.14
1289.84
1286.98
1292.94
25355.82
1319.89
1292.94
1302.00
1273.87
1271.96
25336.98
1279.83
1249.07
1244.07
1319.89
1328.95
25358.20
1322.98
1263.86
1261.95
1307.96
1301.05
1314.88
25380.13
1275.78
1270.06
1276.02
1271.01
1277.21
21389.01
1280.07
1283.88
1295.80
1293.90
1289.84
25393.01
1316.07
1305.10
1297.00
1266.00
1262.90
25331.97
1266.00
1254.80
1257.90
1256.94
1258.13
25316.95
1306.06
1279.12
1276.97
1289.13
1250.98
1278.88
25386.81
1295.09
1290.08
1301.05
1291.04
1279.83
25375.84
1263.86
1247.88
1258.85
1238.82
1230.96
25314.09
1259.09
1240.97
1242.88
1236.92
1235.01
25297.88
1283.88
1259.80
1250.98
1262.90
1263.86
1255.99
25377.99
1260.04
1306.06
1327.99
1313.21
1315.12
25400.88
1291.99
1271.01
1276.97
1259.09
1249.07
25385.14
1309.16
1297.95
1302.00
1307.96
1287.94
25403.02
1306.06
1290.08
25417.09
1305.10
1276.97
1297.00
1305.10
1310.11
25383.95
1303.91
1284.12
1309.16
1277.92
1276.02
25346.99
1300.10
1281.02
1271.01
1271.01
1266.96
25316.95
1294.14
1266.96
1263.86
1257.90
1252.17
1248.12
25386.10
1319.89
1293.90
1305.82
1296.04
1285.08
25398.02
1296.04
1281.98
1264.10
1276.02
1315.12
25420.19
1281.02
1275.06
1291.04
1305.82
1312.97
25423.05
1303.20
1295.09
1297.00
1257.18
1260.04
25316.95
1281.98
1250.98
1252.89
1245.02
1245.02
25295.02
1272.92
1253.13
1243.11
1240.02
1245.02
1250.98
25397.06
1298.90
1287.94
1306.06
1291.99
1294.85
25387.05
1270.06
1250.98
1268.15
1269.10
1276.97
25363.92
1311.06
1294.14
1296.04
1234.05
1237.15
25309.09
1311.06
1281.02
1304.15
1297.95
1277.92
25330.07
1372.81
1343.97
1346.11
1340.15
1342.06
25392.06
1327.04
1309.87
1302.00
1295.09
1293.90
25357.01
1347.06
1307.01
1307.01
1296.04
1299.14
25354.86
1330.85
1317.98
1309.16
1284.12
1298.90
25335.79
1353.98
1328.95
1288.89
1266.00
1268.15
1269.82
25377.04
1297.00
1286.98
1303.91
1287.94
1281.02
25362.01
1265.05
1255.04
1261.95
1250.03
1241.92
25307.89
1267.91
1244.07
1239.78
1244.07
1235.96
21331.79
1288.89
1260.04
1262.90
1263.86
1261.95
1285.08
25382.04
1305.82
1286.03
9403.94
1307.96
1302.96
1308.92
1299.14
1294.14
25412.08
1327.99
1299.86
1255.99
1250.98
1255.99
25383.00
1294.14
1291.99
1309.16
1287.94
1285.79
25424.96
1296.04
1292.94
1271.96
1266.00
1259.09
25352.95
1333.95
1317.02
1292.94
1281.02
1278.16
25313.14
1314.88
1282.93
1285.08
1280.07
1276.02
25332.93
1333.00
1304.15
1302.96
1298.90
1306.06
25361.78
1348.97
1326.80
1353.98
1328.95
1324.89
25390.15
1314.16
1282.93
1282.93
1306.06
1303.20
25378.94
1309.87
1281.02
1282.93
1240.97
1261.00
1259.09
25398.97
1291.04
1284.12
1282.93
1262.90
1259.09
25362.01
1277.92
1268.15
1275.06
1265.05
1255.99
25322.91
1232.86
1281.98
1311.06
1305.10
1302.96
25362.97
1317.02
1290.08
1293.90
1290.08
1240.02
25285.96
1367.09
1314.16
1341.10
1245.02
1250.98
1262.19
1365.18
1245.02
1248.12
1289.13
1272.92
1246.21
25383.95
1266.96
1259.09
1245.98
1255.99
1251.94
25315.05
1312.97
1269.82
1279.83
1272.92
1261.95
25323.15
1276.02
1260.04
1271.01
1262.90
1277.21
25314.09
1382.11
1322.98
1328.95
1228.09
1234.05
1234.05
25398.97
1292.94
1271.96
1266.96
1247.17
1248.12
25363.92
1317.98
1280.07
1284.12
1276.97
1298.19
25389.91
1281.98
1275.06
1263.14
1265.05
1276.02
25339.84
1309.87
1286.03
1286.98
1286.03
1301.05
25355.82
1333.95
1305.10
1320.12
1322.03
1330.14
25394.92
1271.96
1246.93
1253.13
1254.08
1258.13
1257.90
25367.98
1289.13
1284.12
1281.98
1232.15
1235.96
25384.90
1297.00
1278.88
1277.92
1250.98
1261.95
25336.98
1307.96
1299.14
1281.98
1248.12
1255.04
25306.22
1308.92
1274.11
17342.09
1344.20
1327.99
1310.11
1264.10
1265.05
25326.01
1355.89
1302.00
1307.96
1302.96
1286.98
25259.02
1359.94
1307.96
1310.11
1229.05
1237.15
1235.01
25365.11
1276.02
1259.80
1299.86
1327.99
1326.08
25427.10
1286.03
1270.06
1271.01
1289.84
1260.04
25336.03
1326.08
1297.95
1291.99
1286.03
1261.95
25355.10
1347.06
1317.98
1304.86
1261.95
1255.99
25317.91
1267.91
1241.21
1255.04
1251.94
1248.12
1258.13
25400.16
1306.06
1315.12
1252.89
1255.04
1254.08
25386.10
1287.94
1276.97
1273.16
1271.01
1258.13
25367.98
1272.92
1248.12
1252.17
1235.96
1237.15
25309.09
1295.09
1255.99
1249.07
1257.90
1258.85
25281.91
1323.94
1257.90
1250.98
1245.98
1250.03
1252.89
25371.07
1264.81
1255.99
1270.06
1264.10
1271.01
25334.12
1310.11
1290.08
1289.13
1239.06
1246.93
25326.01
1290.08
1259.09
1246.93
1278.88
1273.87
25291.92
1379.01
1322.03
1322.03
1317.98
1312.97
25331.97
1371.86
1328.95
1317.98
1314.88
1310.83
25343.89
1394.03
1311.06
1323.94
1311.06
1312.97
25338.17
1362.09
1305.10
1291.99
1351.83
1343.01
25366.07
1313.21
1266.96
1266.96
1279.12
1271.96
1270.06
25388.00
1290.08
1296.04
1297.95
1291.99
1291.99
25402.07
1308.92
1302.96
1307.96
1297.00
1309.87
25416.85
1331.81
1291.04
1236.92
1240.02
1245.02
25316.95
1283.88
1262.90
1280.07
1261.00
1261.95
25329.11
1356.12
1339.91
1325.85
1322.98
1312.97
25377.99
1382.11
1322.03
1300.10
1249.07
1248.12
25292.16
1292.94
1260.04
1254.08
1271.96
1279.83
1269.82
25368.93
1258.13
1238.11
1266.96
1272.92
1286.98
25393.01
1255.04
1249.79
1255.99
1280.07
1275.06
25299.79
1302.96
1282.93
1288.89
1278.88
1289.84
25350.81
1297.95
1261.00
1260.04
1265.05
1264.10
25295.97
1331.09
1280.07
1281.98
1291.04
1288.89
1288.89
25434.97
