1151.80
1112.94
1101.02
1116.99
1094.10
1080.99
1080.99
1033.07
1040.94
1040.94
1036.17
1029.97
1040.94
1034.02
17071.01
1161.10
1115.08
1126.05
1143.93
1134.16
1138.93
1142.98
1142.98
1137.97
1136.06
1070.98
1041.89
1039.98
25073.05
1145.12
1122.95
1147.99
1091.96
1055.00
1040.94
1040.94
1044.99
1036.88
1031.88
1023.05
25169.85
1089.81
1067.88
1074.08
1060.01
1056.91
1051.19
1055.00
1041.17
1029.97
1016.86
1058.82
1056.91
1047.85
1058.10
17166.14
1093.15
1078.13
24800.06
1149.18
1086.95
1080.04
1080.99
1072.17
1074.08
1068.12
1089.10
1070.98
1086.00
1075.98
1095.06
1101.97
1090.05
25136.95
1123.91
1086.00
1080.99
1099.82
1066.92
1067.88
1072.17
1073.12
1066.92
1063.11
33127.07
1111.03
1079.08
1071.93
1077.89
1075.98
1083.14
1070.02
1083.14
1079.08
1086.95
9114.98
1095.06
1060.01
1050.95
1065.97
1050.95
1048.09
1058.10
1056.19
1052.86
1045.94
1050.00
9202.00
1138.21
1147.03
1102.92
1041.89
1050.95
1055.96
21179.91
1090.05
1078.84
1066.92
1113.18
1111.98
1110.79
9181.98
1088.14
1063.11
1069.07
1064.06
1055.00
1622.92
9205.10
1091.96
1076.94
1066.92
1075.98
1086.00
1070.98
13134.96
1120.09
1066.92
1062.87
1075.98
1073.12
1079.08
17104.15
1130.10
1065.02
1063.11
1044.99
1067.88
1081.94
1058.82
1084.09
1109.12
1101.02
1087.90
1194.00
1132.01
1137.02
1142.98
1128.91
1127.00
1132.01
1120.09
1137.02
1132.97
1119.85
12418.99
1096.01
1081.94
1071.93
1086.00
1071.21
1071.93
1076.94
1070.02
1061.92
1067.88
37176.13
1105.07
1085.04
1087.90
1075.03
1072.88
1070.98
1091.00
1085.04
1074.08
1072.17
17172.10
1070.98
1065.02
1075.03
1073.12
1079.08
1073.12
1081.94
1077.89
1079.08
1073.12
1091.00
1096.01
1104.12
17123.94
1146.08
1096.01
1089.10
1104.12
1072.17
1070.02
1069.07
1071.21
1069.07
1060.01
17083.17
1132.01
1156.81
1049.04
1050.00
1053.09
1048.09
1047.13
1076.94
1075.98
1075.03
1087.19
1082.90
1086.00
1080.99
17126.80
1117.94
1082.90
1073.84
1087.19
1076.94
1071.93
1075.03
1074.79
1071.93
1070.98
17102.00
1098.87
1063.82
1050.00
1071.93
1051.90
1056.19
1047.85
1142.02
1142.02
1152.99
1144.89
1144.17
1140.12
1142.02
17173.05
1067.16
1055.00
1072.88
1051.19
1043.08
1040.94
1052.86
1047.85
1044.03
1036.88
41107.89
1106.98
1075.98
1077.89
1094.10
1093.15
1085.04
1090.05
15932.80
1122.00
1069.07
1059.77
1062.87
1057.86
1053.81
1046.90
1057.86
1060.96
1063.11
1065.02
25192.98
1114.85
1106.02
1107.93
1078.84
1083.85
1070.98
1084.09
1074.08
1072.17
1075.03
17156.12
1071.93
1057.86
1060.01
1060.96
1065.02
1060.96
1060.01
1044.99
1038.07
1038.07
1060.01
1030.92
1026.15
1029.01
17163.99
1073.84
1061.92
1050.00
1055.00
1066.92
1055.00
1068.12
1076.94
1078.84
1095.06
33176.90
1060.96
1049.04
1053.81
1050.95
1048.09
1050.00
1040.94
1053.09
1049.04
1060.01
1061.92
1059.06
1057.86
1060.01
17183.07
1116.99
1085.04
1089.10
1086.00
1081.94
1073.84
1091.96
1075.03
1085.04
1080.04
1112.94
1106.98
1132.97
25169.85
1153.95
1116.99
1111.98
1094.10
1047.13
1043.08
1043.08
1044.03
1033.07
1027.11
25058.03
1094.10
1054.05
1046.18
1070.02
1054.05
1048.80
1057.86
1066.92
1070.02
1075.98
1073.12
1086.95
1044.99
1049.04
22742.03
1154.90
1089.81
1101.02
1086.95
1078.84
1082.90
1103.88
1111.98
1097.92
25190.11
1092.20
1091.00
1076.94
1071.93
1099.11
1102.21
1096.01
1091.00
1089.81
1091.00
17193.08
1093.15
1091.96
1087.90
1089.81
1098.87
1086.95
1106.98
1080.99
1098.87
1098.87
1140.83
1122.00
1122.00
25166.99
1125.10
1084.09
1070.98
1082.18
1070.02
1071.93
1078.84
1076.94
1071.93
1079.08
1076.22
1081.94
1093.15
1079.08
17184.02
1075.98
1061.92
1055.00
1137.97
1116.99
1116.99
1119.14
1117.94
1116.99
1116.99
1122.95
1117.94
1116.04
13144.97
1119.85
1090.05
1088.86
1068.83
1103.88
1109.12
1110.08
1098.16
1099.11
1096.01
17148.97
1172.07
1142.98
1129.87
1137.97
1126.05
1130.10
1127.96
1128.91
1055.96
1055.96
1070.98
1055.00
1062.87
17095.80
1098.87
1055.96
1050.00
1040.94
1100.06
1107.93
1099.11
1107.93
1101.02
1100.06
17126.08
1140.12
1094.10
1084.09
1086.00
1039.98
1048.09
1049.04
1055.00
1050.95
1044.99
1046.90
1056.19
1053.09
1041.89
17083.88
1123.91
1066.92
1065.02
1055.00
1061.92
1045.94
1048.09
1048.09
1034.02
1039.03
1040.94
17176.87
1087.19
1076.94
1078.84
1078.84
1070.98
1074.08
1075.03
1071.93
1070.98
1070.02
1035.93
1052.86
1064.06
1057.86
17139.91
1055.96
1039.03
1036.88
1130.82
1121.04
1131.06
1137.02
1132.97
1122.95
33164.02
1137.97
1113.18
1091.96
1094.10
1092.20
1091.00
1086.00
1096.01
1084.09
1096.96
29134.99
1105.07
1069.07
1056.19
1055.00
1049.04
1044.03
1041.89
1037.84
1033.07
1035.93
1042.84
1106.02
1084.09
1087.90
17130.85
1147.99
1102.21
1100.06
1127.96
1150.85
1147.99
1152.99
1146.79
1146.79
1148.94
9176.02
1055.00
1049.04
1049.04
1051.19
1044.99
1049.04
15517.00
1145.12
1127.96
1099.82
1100.06
1094.10
1031.88
1043.80
1044.03
25095.94
1096.01
1061.92
1062.87
1097.92
1052.14
1050.95
1041.89
1042.84
1043.80
1039.98
1043.08
1126.05
1116.99
1119.85
13206.01
1081.94
1070.02
1063.11
1068.12
1057.86
1059.06
1054.05
1079.08
1078.13
1076.94
25166.03
1123.91
14626.03
1113.18
1074.08
1086.95
1084.09
1082.18
1074.08
1070.02
1123.19
1106.98
1111.03
25155.78
1096.96
1053.09
1044.99
1071.93
1081.23
1066.92
1070.02
1085.04
1071.93
1073.84
17122.03
1093.15
1042.13
1035.93
1046.90
1024.96
1039.98
1042.13
1075.98
1048.80
1056.91
1051.90
11877.06
1128.20
1073.12
1065.97
1074.08
1073.12
1068.12
1065.97
9099.01
1133.92
1097.92
1099.11
1106.02
1089.81
1091.00
1101.02
1087.90
1088.14
1091.00
17166.14
1073.12
1059.06
1049.04
1078.84
1050.00
1046.90
1050.95
1054.05
1044.99
1050.00
25105.00
1152.99
1122.95
1110.08
1116.04
1111.03
1105.07
1108.88
1111.98
1102.92
1114.85
21200.90
1060.01
1040.94
1040.94
1060.96
1057.86
1059.06
1050.95
1079.08
1091.00
1083.85
13116.84
1085.04
1042.13
1046.18
1041.89
1034.02
1044.99
1056.19
1054.05
1053.09
1056.91
17080.07
1140.12
1089.10
1084.09
1083.14
1084.09
1078.13
1080.04
1087.19
1076.94
1079.80
1096.96
1096.01
1091.00
1085.04
29125.93
1139.88
1096.01
1101.97
1102.92
1099.11
1098.16
1101.02
1099.11
1098.16
1097.92
17176.87
1054.05
1040.94
1039.98
1075.98
1046.18
1046.90
1055.96
1058.10
1057.15
1060.01
25114.06
1087.90
1039.98
1036.88
1054.05
1055.00
1054.05
1049.04
1061.92
1054.05
1067.16
16250.13
1151.08
1105.07
1083.14
1085.04
1119.85
1079.80
1076.94
17100.10
1116.04
1051.90
1044.03
1032.11
1089.10
1081.94
1075.98
1087.90
1074.08
1091.00
1086.00
33211.95
1145.12
1133.92
1140.12
1129.15
1130.10
1128.91
1040.94
1034.02
1047.85
1055.96
1054.05
1056.91
1055.00
17114.88
1199.96
1147.03
1143.93
1152.99
1143.93
1146.08
1113.89
1096.96
1086.00
1093.86
25177.96
1079.08
1052.14
1058.10
1091.00
1079.08
1090.05
1086.95
1078.13
1083.85
1082.90
25144.82
1060.01
1041.17
1034.98
1039.03
1042.84
1040.94
1045.94
1047.13
1040.94
1044.99
1032.11
1098.87
1082.90
1099.82
21211.86
1092.91
1098.87
1081.94
1103.16
1092.91
1098.87
1111.03
1100.06
1094.10
1095.06
37173.99
1096.96
1083.14
1075.98
1102.21
1093.86
1091.96
1100.06
1090.05
1083.85
1088.14
1095.06
1094.10
1090.05
17134.19
1147.03
1103.88
1104.12
1115.08
1111.03
1103.88
1101.97
1075.03
1083.14
1083.14
1060.01
1091.00
1093.86
1104.83
37210.94
1141.79
1116.99
1129.15
1132.01
1118.18
1122.00
1076.94
1075.03
1086.00
25120.97
1142.98
1099.82
1091.00
1107.93
1030.92
1038.79
1040.94
1049.04
1047.85
1044.99
1045.94
17162.80
1070.02
1055.96
1044.03
1055.96
1047.85
1050.95
1054.05
1055.96
1050.95
1051.19
1065.02
1046.90
1044.03
1049.04
17181.16
1082.90
1070.02
1080.04
1074.08
1075.03
1084.80
1081.94
1077.18
1086.00
1072.17
17167.09
1096.96
1089.10
1087.19
1086.00
1091.00
1081.94
1100.06
1039.03
1032.83
1041.89
1042.84
1034.02
1041.89
1047.85
17161.85
1078.84
1060.96
1055.96
1054.05
1050.95
1051.90
1064.06
1048.80
1047.85
1042.84
17163.99
1110.08
1094.10
1070.98
1066.92
1074.08
1071.93
1070.02
1064.06
1065.97
1065.02
1078.13
1057.15
1055.96
1055.96
17142.06
1065.02
1053.81
1072.88
1032.83
1046.90
1050.95
1064.06
1053.09
1062.15
1062.15
33230.07
1111.03
1098.16
1105.07
1086.00
1083.85
1080.04
1087.90
1086.00
1084.09
1080.99
29182.91
1108.88
1092.20
1080.04
1087.90
1085.04
1079.08
1086.00
1059.06
1065.97
1060.96
1073.12
1057.15
1064.06
17079.11
1168.01
1127.96
1131.06
1148.94
1126.05
1127.96
1131.06
1137.97
1126.05
1127.00
1113.18
1096.96
1105.79
1087.90
21200.90
1091.00
1081.94
17134.19
1127.96
1077.89
1080.04
1066.92
1083.14
1084.09
1083.14
17169.95
1088.86
1076.94
1080.04
1069.78
1062.87
1052.86
1055.00
1048.09
1047.13
1044.03
1055.96
1047.85
1045.94
1052.14
25161.98
1102.92
1065.02
1072.88
1065.02
1067.88
1066.21
17215.01
1144.17
1123.91
1124.86
1045.94
1058.10
1052.14
1059.06
1050.00
1055.96
1043.08
9156.94
1087.90
1063.82
1060.96
1072.17
1060.01
1060.01
25100.95
1120.09
1078.13
1072.17
1082.90
1065.02
1070.02
1066.21
1077.89
1065.97
1068.12
17091.04
1157.05
1097.20
1091.96
4710.91
1071.93
1044.99
1046.90
1048.09
1097.20
1080.99
1079.08
17171.14
1060.96
1055.96
21078.11
1139.16
1100.06
1078.13
1091.00
1083.14
1081.94
1085.04
1081.94
1082.90
1080.04
17107.01
1140.12
1087.90
1083.85
1082.90
1077.18
1075.03
1077.18
1107.93
1111.98
1114.13
1117.94
1109.84
1110.79
1110.08
17181.87
1082.90
1061.92
1062.87
1074.79
1064.06
1065.02
1056.91
1040.94
1043.08
1042.13
17086.03
1092.91
1059.06
1050.95
1051.90
1050.00
1050.95
1047.13
1049.04
1043.08
1040.22
1046.90
1027.82
1041.89
1037.84
17097.95
1105.79
1050.95
1035.21
1040.94
1088.86
1089.81
1085.04
1089.10
1077.89
1077.89
17133.95
1146.08
1088.86
1088.86
1098.16
1086.00
1077.89
1085.04
1081.94
1089.10
1080.04
1082.90
1065.02
1071.21
1080.04
17122.03
1134.16
1082.18
1085.04
1091.96
1089.81
1091.96
1104.12
1104.12
1101.97
1100.06
41196.82
1117.94
1106.98
1094.10
1087.90
1087.90
1080.99
1090.05
1085.04
1080.99
1083.85
9153.84
1060.01
1050.00
1036.17
1049.04
1043.08
1036.17
13081.07
1135.11
1095.06
1094.10
1104.12
1095.06
1081.94
1080.04
17194.99
1088.86
1086.00
1084.09
1079.08
1070.02
1063.11
21151.07
1093.86
1087.90
1081.23
1088.86
1081.94
1080.99
1092.91
1131.77
1133.92
1122.00
1129.87
1119.85
1124.86
17163.04
1120.09
1073.12
1070.98
1065.02
1059.06
1066.92
1052.86
1065.97
1057.15
1061.92
1069.78
1061.92
1064.06
1063.11
13105.15
1152.04
1093.15
1094.10
1100.06
1104.12
1096.96
1086.95
1141.07
1156.09
1147.03
17200.95
1060.01
1031.88
1036.17
1096.96
1098.87
1086.00
1095.06
1091.00
1092.20
1092.91
1091.96
1086.95
1085.04
1080.04
25182.01
1099.11
1089.10
1089.10
1075.98
1075.03
1066.92
1058.82
1107.93
1115.08
1123.91
1132.01
1122.00
1117.94
17172.81
1118.90
1090.05
1092.91
1050.95
1056.19
1056.91
1077.89
1064.06
1072.17
1062.15
1079.08
1059.06
1065.97
1062.87
13170.96
1065.97
1046.90
1050.00
1064.06
1058.10
1063.11
1065.02
1063.11
1059.06
1051.90
17094.14
1158.00
1111.03
1097.92
1108.88
1099.82
1097.92
1109.12
1096.01
1073.84
1094.82
1090.05
1086.00
1091.00
1086.00
17163.99
1075.98
1068.12
1065.02
1099.11
1091.96
1087.90
1124.86
1115.80
1119.85
17138.96
1125.10
1065.97
1071.93
1075.03
1069.07
1065.02
1073.12
1051.19
1086.00
1093.15
1089.10
1090.05
1088.14
1091.96
17136.81
1096.96
1065.02
1058.82
1064.06
1059.06
1058.10
1056.91
1067.88
1052.86
1057.86
17089.84
1143.93
1103.88
1086.00
1091.96
1094.10
1095.06
1094.10
1105.07
1096.01
1096.01
1093.86
1076.94
1079.08
1092.20
17183.07
1073.12
1047.13
1053.09
1085.04
1032.11
1029.97
1040.94
1034.02
1045.94
1044.03
21080.02
1126.05
1082.90
1076.94
1094.10
1075.03
1078.13
1073.12
1083.14
1072.88
1075.98
25114.06
1183.99
1152.04
1138.93
1106.02
1065.97
1069.07
1079.80
1069.07
1060.01
1070.98
1070.02
1075.03
1064.06
1067.16
29165.98
1113.89
1088.14
1075.03
1092.91
1076.22
1070.98
1068.12
1060.01
1055.00
1048.09
17134.90
1081.94
1072.88
1058.82
1101.02
1079.08
1074.08
1077.89
1072.88
1082.90
1080.04
1101.02
1082.90
1080.99
1070.98
25147.91
1057.86
1041.17
1042.13
1034.02
1039.98
1034.98
1044.03
1040.22
1041.89
1040.94
17076.97
1132.01
1103.16
1095.06
1104.12
1075.98
1073.12
1099.11
1150.13
1147.99
1143.22
13216.02
1086.00
1070.02
1069.07
1064.06
1063.11
1068.12
1065.97
1052.14
1058.10
1063.11
33145.90
1071.93
1046.90
1037.12
1047.13
1029.01
1039.98
1043.08
1162.05
1148.94
1153.95
1151.08
1145.12
1147.99
13169.05
1091.00
1053.81
1044.99
1060.01
1063.11
1066.92
1062.87
9165.05
1120.09
1090.05
1090.05
1118.18
1092.91
1080.04
17152.07
1136.06
1093.15
1084.09
1099.11
1085.04
1085.04
1091.00
1082.90
1082.90
1080.99
41131.02
1076.94
1038.07
1035.93
1050.00
1045.94
1053.81
1044.99
1063.11
1055.96
1068.83
17109.87
1133.92
1096.01
1080.04
1089.10
1071.93
1072.88
1070.98
1068.12
1054.05
1051.90
1052.86
1040.94
1055.96
1057.86
17106.06
1148.94
1101.97
1081.94
1104.83
1083.85
1081.94
1081.23
1087.90
1081.94
1077.18
17114.88
1126.05
1085.04
1085.04
1096.01
1082.90
1081.94
1089.10
1080.99
1078.13
1078.13
1086.95
1114.85
1113.89
1112.94
17187.12
1068.12
1054.05
1055.96
1055.00
1053.09
1050.95
1051.90
1125.10
1127.00
1121.04
17211.91
1109.84
1091.00
1093.15
1080.04
1079.08
1080.04
1074.08
1082.90
1065.97
1060.96
1063.11
1052.14
1044.99
1035.93
17203.09
1122.00
1109.84
1101.97
1065.97
1051.90
1057.86
1071.93
1063.11
1056.91
1055.96
21173.95
1103.88
1085.04
1097.92
1078.84
1082.90
1065.97
1070.98
1079.80
1080.99
1078.13
25190.11
1111.03
1101.97
1097.92
1056.91
1047.13
1053.09
1057.86
1054.05
1044.03
1037.12
1058.10
1047.13
34553.05
1133.92
1105.07
1096.96
1102.21
1096.96
1091.96
1103.88
1098.87
1096.96
1088.86
17220.02
1166.11
1155.14
1149.89
1150.13
1146.08
1145.12
1165.87
1141.07
1144.89
13176.92
1144.89
1082.18
1088.86
1092.91
1081.94
1077.18
1086.00
1042.13
1061.92
1056.91
37107.23
1142.02
1095.06
1093.86
1090.05
1052.86
1055.00
1055.00
1058.10
1055.00
1051.90
1055.00
1050.95
1048.80
1051.90
17099.86
1114.85
1076.94
1068.12
1074.08
1072.17
1078.13
1070.02
1069.07
1080.04
1099.82
1107.93
1090.05
1084.80
1093.86
20057.92
1101.02
1077.89
1062.87
1058.82
1060.96
1044.99
1049.04
25075.91
1144.17
1094.10
1095.06
1086.00
1076.94
1065.02
1062.87
1060.96
1107.93
1122.00
1122.95
1120.81
1121.04
1112.94
17206.91
1075.98
1057.86
1052.86
1086.95
1101.97
1096.01
1109.12
1102.92
1104.83
1103.88
24192.81
9157.90
1070.02
1055.96
1060.01
1092.91
1081.94
1086.95
9167.19
1109.12
1106.02
1099.11
1113.89
1098.87
1101.97
21145.11
1095.06
1044.99
1035.93
1057.15
1033.07
1032.11
1039.98
1053.09
1049.04
1058.82
17071.01
1113.18
1044.99
1041.17
1035.93
1092.91
1083.85
1079.80
1111.03
1091.00
1080.04
1082.90
17174.01
1093.86
1093.86
1084.80
1080.99
1078.13
1077.89
1054.05
1091.96
1088.14
1080.99
25153.88
1069.07
1050.95
1050.95
1111.98
1091.96
1096.96
1099.11
1095.06
1101.02
1088.86
1093.86
1091.00
1086.00
17117.98
1152.04
1111.98
1106.02
1113.89
1101.97
1094.10
1094.10
1039.03
1035.21
1038.07
1044.99
1052.14
1051.90
1046.90
25158.17
1077.89
1045.94
1044.03
1050.95
1034.02
1034.98
1031.88
1054.05
1042.84
1046.90
1043.08
1042.13
1034.98
1037.84
17082.93
1111.98
1071.93
1068.83
1067.88
1053.81
1044.99
1043.08
1052.14
1044.03
1039.03
1047.85
1100.78
1093.86
1086.00
25131.94
1085.04
1050.00
1042.13
1038.07
1116.99
1113.89
1124.86
1125.81
1127.00
1112.94
17757.89
1097.92
1088.86
17139.91
1120.09
1091.00
1077.89
1070.98
1092.91
1087.90
1089.81
1086.00
1075.98
1072.88
1068.83
1065.02
1053.09
1065.02
17166.14
1060.96
1039.03
1047.13
1074.08
1080.04
1077.18
1080.99
1080.99
1086.00
1102.92
1101.02
1103.88
1101.02
1098.87
25179.86
1095.06
1070.98
1086.00
1090.05
1093.15
1077.89
1067.88
1065.02
1075.98
1071.21
1079.08
1066.92
1070.98
17119.88
1111.98
1082.18
1079.08
1080.99
1060.96
1080.04
1065.97
1095.77
1107.93
1106.98
1133.92
1097.92
1101.02
1096.96
29213.19
1102.92
1083.85
1086.95
1089.10
1086.95
1080.99
17141.10
1095.06
1050.00
1043.08
1055.96
1038.07
1035.21
1031.88
9165.05
1099.11
1071.93
1081.94
1073.12
1100.06
1093.15
9224.89
1151.08
1141.07
1127.96
1079.08
1079.08
1086.00
25179.86
1070.98
1060.01
1053.81
1097.92
1068.83
1075.98
1080.04
1075.03
1070.98
1070.02
1079.08
1073.12
1069.07
1070.02
13070.82
1092.91
1083.85
1082.90
1081.23
1086.00
1075.03
25141.00
1189.95
1152.99
1142.98
1156.09
1147.03
1146.79
1150.85
1147.99
1146.08
1142.98
17164.95
1093.15
1085.04
1105.07
1100.78
1086.95
1086.00
1088.86
1087.90
1081.94
13113.98
1146.08
1091.96
1094.82
1101.97
1096.96
1100.78
1097.92
1041.17
1060.01
1048.09
37078.14
1152.04
1101.02
1090.05
1086.95
1019.95
1036.17
1045.94
1050.00
1055.00
1069.07
1055.96
25176.05
1086.00
1054.76
1061.92
1048.80
1041.89
1039.98
1035.93
1029.97
1037.12
1045.94
1066.92
1080.99
1073.84
1065.02
29181.00
1094.10
1085.04
1087.90
1086.00
1085.04
1082.90
1086.00
1086.95
1085.04
1081.94
25151.01
1065.97
1051.90
1055.00
1046.90
1060.96
1059.06
1070.02
1070.02
1075.03
1091.96
1083.85
1090.05
1086.95
17125.84
1109.84
1052.86
1050.00
1050.00
1039.03
1031.88
1034.02
1039.03
1078.13
1075.03
1082.90
1080.99
1071.93
1090.05
13107.06
1181.84
1152.99
1141.07
1112.94
1097.92
1100.06
1103.88
1091.00
1090.05
1089.10
17125.13
1131.06
1096.01
1088.86
1097.92
1084.09
1089.10
1093.86
1126.77
1118.90
1121.04
1126.05
1121.04
1117.94
17143.96
1107.93
1060.96
1062.15
1065.02
1058.10
1065.02
1060.96
1069.07
1039.03
1037.12
1036.17
17148.97
1087.90
1062.87
1070.02
1087.90
1051.90
1044.03
1040.94
1038.07
1037.12
1033.07
1059.06
1040.22
1045.94
1044.99
17158.99
1062.15
1050.00
1068.12
1054.05
1050.23
1051.90
1056.91
1051.19
1054.05
1054.05
17103.20
1122.00
1091.00
1083.85
1098.87
1086.95
1080.99
1094.82
1083.85
1087.90
1076.94
1085.04
1083.14
1080.99
1072.88
29173.85
1108.88
1075.98
1084.09
1135.11
1137.02
1125.10
1141.07
1133.20
1129.87
17165.90
1182.08
1133.92
1134.87
1138.93
1132.97
1132.01
1117.94
1037.84
1042.84
1044.03
1030.92
1080.99
1079.08
1084.09
21171.09
1083.14
1065.97
1055.00
1084.80
1077.89
1079.80
1087.90
1064.06
1063.11
1065.02
17159.94
1106.98
1091.00
1096.01
1048.80
1047.85
1044.03
1050.00
1063.11
1127.00
1132.97
1131.06
1122.00
1123.91
25144.10
1123.91
1069.07
1054.05
1061.92
1059.06
1060.01
1053.09
1055.00
1050.95
1046.90
1047.13
1054.05
1037.12
1049.04
1037.12
17138.00
1047.85
1039.98
1034.98
1102.21
1096.96
1107.93
1104.12
1105.07
1092.91
1097.92
1105.07
1101.02
1091.00
25149.11
1178.03
1123.91
1123.19
1140.12
1121.04
1124.14
1125.10
1060.01
1064.06
1072.17
1073.12
1069.07
1069.07
1079.08
17187.12
1072.17
1066.92
1101.02
1070.98
1061.92
1072.17
1072.88
1069.07
1067.88
1061.92
1079.80
1054.05
1050.95
1047.85
13178.11
1122.95
1106.98
1117.94
1116.99
1106.02
1102.92
1112.22
1101.97
1106.02
1097.92
1099.11
1096.01
1096.96
17179.97
1105.07
1101.97
1091.96
1047.13
1045.94
1055.00
1053.09
1069.07
1068.12
1063.11
1059.06
1065.97
1068.83
1054.05
29171.94
1097.92
1085.04
1080.99
1079.08
1077.89
1082.90
21162.99
1110.08
1100.06
1096.01
1055.00
1039.98
1025.20
1034.02
1042.13
1039.03
1048.09
1065.02
1060.01
1065.97
1065.97
18383.98
1077.89
1055.96
1062.15
1053.09
1055.96
1069.78
1061.92
1065.97
1066.92
25121.93
1114.13
1082.18
1080.04
1107.93
1081.94
1081.23
1089.10
1075.03
1084.09
1070.98
1086.00
1073.12
1075.98
1075.98
13156.89
1096.01
1078.13
1074.08
1070.98
1070.02
1069.07
1067.16
1101.97
1101.02
1094.10
26586.06
1108.17
1091.96
1107.93
1109.12
1103.88
1113.89
1104.83
1102.92
1112.22
1105.07
1106.02
1104.12
37190.91
1096.01
1088.14
1080.04
1071.93
1070.02
1070.02
1066.21
1060.96
1047.13
1051.19
17148.97
1089.81
1076.94
1084.09
1084.09
1073.12
1079.08
1097.20
1075.98
1072.17
1075.98
21194.93
1110.08
1084.09
1088.14
1086.00
1080.99
1076.94
1077.89
1029.01
1031.88
1039.03
17132.04
1108.17
1080.04
1080.99
1034.02
1043.08
1039.03
1047.13
1042.13
1041.89
1042.84
1064.06
1040.94
1040.94
1038.07
25091.17
1120.09
1086.95
1076.94
1087.19
1091.00
1086.00
1095.06
1086.95
1081.94
1080.99
10798.93
1143.93
1103.16
1106.02
1096.01
1098.87
1101.02
1090.05
1097.92
9130.95
1122.00
1076.94
1087.19
1077.89
1077.89
1068.83
1065.02
21201.13
1111.98
1088.86
1089.81
1085.04
1080.04
1080.99
9171.96
1091.96
1076.94
1080.99
1082.90
1071.93
1070.98
1079.80
1072.88
1072.88
1072.88
1060.01
1035.93
1034.02
1036.88
23007.15
1152.99
9161.00
1060.01
1057.86
1058.82
1067.88
1060.01
1063.82
9135.01
1171.11
1138.93
1142.98
1155.14
1142.02
1147.99
9207.01
1096.01
1086.95
1073.12
1079.08
1055.00
1061.20
21095.99
1148.94
1088.14
1086.95
1091.96
1093.15
1091.96
1086.95
17168.05
1084.80
1081.94
1082.90
1075.03
1144.89
1086.95
1096.96
1084.80
1086.95
1095.06
1122.00
1085.04
1080.04
17129.18
1140.12
1100.06
1096.01
1101.02
1095.06
1096.01
17141.10
1147.99
1085.04
1085.04
1083.14
1085.04
1088.14
1077.89
1093.86
1072.88
1070.02
1066.92
1065.02
1056.91
1048.09
25091.17
1136.06
1096.96
1096.96
1113.89
1105.07
1081.94
1103.88
1093.15
15077.11
1101.02
1063.82
1060.96
1049.04
1070.02
1068.83
1078.84
1087.90
1080.99
1081.94
17119.88
1148.94
1101.97
1092.91
1096.01
1091.00
1091.96
1080.99
1094.10
1086.95
1087.90
1085.04
1039.03
1034.98
1040.22
17095.09
1127.00
1089.10
1084.09
1046.18
1066.92
1067.16
1070.98
1066.92
1070.98
1065.02
37119.15
1131.06
1091.96
1086.95
1102.21
1079.08
1090.05
1075.98
1058.82
1065.02
1063.11
13094.90
1139.88
1113.89
1101.97
1111.98
1104.12
1105.07
9150.98
1117.94
1094.82
1076.94
1082.18
1071.93
1072.88
1073.12
25187.97
1089.10
1080.99
1078.13
1077.18
1127.96
1083.14
9175.06
1112.22
1091.00
1101.02
1097.92
1098.16
1097.92
9167.91
1113.89
1075.98
1095.06
1091.00
1075.98
1090.05
21115.06
1178.98
1116.99
1109.12
1122.95
1118.90
1122.95
1116.99
1120.81
1116.99
1117.94
17229.80
1130.10
1101.97
1100.06
1092.91
1096.01
1094.82
1113.89
1075.98
1075.98
1077.89
29180.05
1092.91
1086.95
1087.90
1095.06
1076.94
1072.88
1086.24
1080.99
1077.89
1073.84
17184.97
1100.06
1080.04
1104.83
1091.00
1087.90
1076.94
1097.20
1087.90
1080.99
1084.09
25169.13
1095.06
1060.01
1068.83
1065.02
1064.06
1064.06
1069.07
1069.07
1058.82
1063.82
13172.86
1091.96
1097.20
1095.06
1095.06
1075.03
1081.94
17192.13
1152.04
1127.00
1133.92
1124.86
1123.19
1127.96
17197.85
1152.99
1129.15
1132.01
1139.16
1126.05
1119.14
1132.97
1123.91
1122.95
1129.87
1091.00
1075.98
1068.83
1075.03
1070.98
1071.93
1077.89
33162.83
1096.96
1091.00
1091.00
1106.02
1078.13
1070.98
25117.87
1106.98
1069.07
1062.15
1052.86
1033.07
1038.07
1040.94
1049.04
1039.98
1035.93
1036.88
1056.91
1088.14
1082.18
17119.88
1139.88
1097.92
1086.00
1074.08
1084.09
1087.90
1081.94
1083.85
1078.84
1081.94
9126.90
1154.90
1103.88
1101.02
1070.98
1068.83
1091.00
1086.95
1091.00
1080.99
1085.04
17138.00
1123.91
1086.00
1088.14
1086.95
1088.86
1092.91
1090.05
1084.09
1087.19
1080.04
1089.10
1086.00
1086.95
1080.04
17205.95
1097.92
1078.84
1087.90
1082.18
1075.03
1066.92
1066.92
1061.20
1050.95
1048.80
17166.85
1149.89
1134.87
1129.87
1127.96
1126.05
1119.14
1096.01
1031.88
1032.11
1036.17
1053.09
1051.90
1056.91
17084.84
1196.15
1136.06
1131.06
1157.05
1162.05
1143.93
1148.94
1144.89
1142.98
1137.97
33193.11
1093.15
1080.04
1071.93
1071.93
1055.00
1055.00
1069.07
1045.94
1050.00
1052.14
29083.97
1121.04
1084.09
1070.98
1070.98
1064.06
1063.11
1070.02
1064.06
1065.97
1060.01
1055.96
1067.88
1065.02
1067.88
17184.02
1060.01
1050.00
1044.99
1101.97
1132.97
1134.16
1152.99
1146.79
1144.89
1140.12
1156.09
1147.03
1141.07
29164.79
1086.00
1053.09
1047.13
1050.00
1041.89
1043.08
1047.85
1060.01
1050.95
1047.13
25091.17
1135.11
1095.06
1080.04
1082.90
1084.09
1082.18
1080.04
5176.07
1096.01
1082.18
1069.07
1075.03
1072.17
1070.02
21116.02
1125.81
1077.89
1069.78
1085.04
1082.90
1080.04
1091.96
1081.94
1082.18
1090.05
29148.10
1127.96
1103.88
1096.96
1106.98
1097.92
1096.01
1096.01
1095.06
1097.92
1091.00
1039.98
1034.98
1039.03
1039.03
17175.20
1101.02
1080.04
1075.03
1044.99
1039.03
1037.12
1042.13
1039.03
1037.12
1034.98
1030.92
1088.86
1088.86
1084.80
29148.82
1060.96
1050.00
1060.96
1043.08
1049.04
1060.96
17122.03
1128.20
1086.95
1082.90
1091.00
1086.00
1068.12
13085.13
1136.06
1086.00
1082.90
1055.96
1099.11
1106.98
1100.06
1102.92
1100.06
1094.10
17125.13
1121.04
1086.00
1076.94
1087.90
1082.18
1086.95
1099.82
1055.96
1068.12
1056.19
1060.96
1049.04
1055.00
1057.86
17088.89
1104.83
1070.98
1071.93
1068.83
1052.86
1050.95
1051.19
1061.92
1050.95
1063.11
17090.08
1112.94
1070.98
1066.21
1048.09
1045.94
1045.94
1042.13
1063.11
1040.94
1045.94
1042.13
1091.96
1088.86
1076.94
17117.98
1199.01
1145.12
1127.00
1110.08
1080.99
1079.08
1075.03
1086.95
1074.08
1071.93
17103.91
1088.86
1046.90
1039.03
1047.85
1039.98
1045.23
1043.08
1061.92
1044.03
1055.00
1061.92
1054.05
1091.96
1081.94
17122.98
1093.86
1055.96
1044.99
1055.96
1080.04
1072.17
1063.11
1070.02
1057.15
1053.09
1044.99
29130.94
1054.05
1046.18
1053.09
1053.09
1050.00
1049.04
21123.89
1179.93
1146.08
1143.22
1080.04
1081.94
1082.90
1089.81
1081.94
1086.00
1087.90
1101.02
1076.94
1078.13
1080.04
25179.15
1096.96
1066.92
1136.06
1057.15
1053.09
1044.99
9158.85
1119.85
1097.92
1104.12
1101.02
1096.01
1101.97
13143.06
1123.91
1103.16
1090.05
1115.08
1096.01
1092.91
17152.07
1128.91
1100.06
1084.80
1092.91
1084.80
1082.90
1086.00
1089.81
1101.02
1100.06
25151.01
1091.00
1047.13
1044.03
1060.01
1120.81
1142.02
1132.01
1070.98
1038.07
1041.89
17084.84
1112.94
1086.24
1080.99
1096.01
1081.94
1082.18
1072.88
1101.97
1098.16
1096.01
1107.93
1096.96
1100.06
1092.91
17180.92
1061.92
1054.05
1050.95
1120.09
1139.88
1122.00
1141.07
1138.93
1133.92
1128.91
17165.18
1086.00
1068.12
1079.08
1075.98
1078.84
1065.97
1080.04
1092.20
1082.90
1093.86
1097.92
1091.00
1086.95
17134.19
1159.91
1113.89
1112.94
1113.18
1097.92
1101.97
1106.02
1096.01
1095.06
1099.11
17182.11
1111.03
1093.15
1090.05
1096.01
1084.80
1085.04
1093.86
1091.96
1085.04
1090.76
1096.96
1058.10
1060.01
1061.92
17171.14
1090.05
1071.93
1104.12
1107.93
1116.99
1110.08
1106.98
1106.98
1106.02
17775.06
1103.88
1051.19
1049.04
17147.06
1070.02
1065.97
1075.98
1065.97
1065.02
1063.82
1065.02
1065.97
1064.06
1062.87
17154.93
1061.20
1054.05
1055.96
1050.95
1045.94
1050.00
1043.08
1090.05
1090.05
1086.00
1115.08
1085.04
1096.01
25097.85
1147.03
1106.98
1108.17
1110.08
1101.02
1103.16
1092.91
1109.84
1103.88
1104.83
29146.91
1114.85
1075.98
1081.94
1091.96
1080.99
1075.03
1074.08
1078.13
1070.98
1070.98
25107.86
1096.01
1053.09
1050.95
1050.95
1047.13
1043.08
1044.03
1050.95
1045.94
1042.13
1043.08
1094.10
1085.04
1094.82
13132.81
1096.01
1053.09
1042.13
1053.09
1038.07
1033.07
1041.89
1050.00
24297.00
1098.87
1067.88
1066.92
1055.00
1046.18
1049.04
1040.94
1055.00
1060.96
1062.87
1067.88
1062.15
1060.01
1057.86
17152.79
1047.85
1040.94
1046.18
1038.07
1039.98
1046.90
1059.06
1052.86
1055.96
1058.10
25149.11
1070.02
1048.09
1037.12
1039.98
1082.90
1090.05
1084.80
4040.96
1072.17
1063.11
1056.91
1066.92
1059.06
1053.09
1055.00
17180.92
1112.94
1092.91
1087.90
1048.09
1063.11
1064.06
17129.18
1120.09
1075.98
1066.92
1086.00
1060.96
1059.06
1055.00
13174.06
1086.95
1081.94
1078.13
1048.09
1038.07
1039.98
17144.20
1144.89
1116.04
1131.06
1114.13
1171.11
1101.02
13198.85
1110.79
1098.87
1076.94
1087.19
1082.90
1085.04
1075.98
1050.95
1049.04
1040.94
1053.81
1055.00
1052.14
1055.96
13186.22
1094.10
1084.09
1089.10
1065.02
1070.02
1082.90
21132.95
1135.11
1091.00
1083.85
1086.00
1078.13
1066.92
1070.02
1062.87
1055.00
1048.09
17083.17
1186.13
1096.96
1089.81
1119.85
1099.82
1080.99
1122.00
1109.84
1111.98
1103.88
13196.95
1104.83
1108.17
1089.10
1106.02
1100.06
1100.06
17156.84
1122.00
1101.97
1091.96
1070.98
1086.00
1080.99
1082.18
1075.98
1072.88
1067.16
1069.07
1055.00
1050.00
1044.03
37142.99
1179.93
1100.06
1101.02
1096.96
1086.95
1084.09
1094.10
1091.00
1081.23
1089.10
9155.99
1068.12
1053.09
9088.04
1170.16
1136.06
1129.15
1126.05
1039.98
1038.07
1045.94
9159.09
1086.95
1092.91
1083.85
1050.00
1065.02
1055.00
21117.93
1118.90
1091.00
1082.90
1084.80
1091.00
1090.05
1068.12
1088.14
1096.01
1106.02
1113.89
1098.87
1099.11
1093.15
10822.06
1052.14
1059.06
1044.99
1052.86
1057.86
1066.92
1050.00
1057.86
25106.91
1103.88
1058.82
1052.86
1054.05
1050.95
1067.88
1055.00
1098.87
1111.03
1120.09
1135.11
1123.91
1119.85
1117.94
17214.06
1109.84
1093.86
1096.96
1100.06
1095.06
1096.96
1106.02
1083.14
1092.91
1080.99
22997.14
1091.96
1105.79
1084.80
1083.85
1091.96
1104.12
1082.18
1080.99
1084.09
1075.03
1067.16
1060.96
17174.96
1121.04
1091.00
1076.94
1060.96
1066.92
1052.86
1065.97
1060.01
1055.96
1057.15
25194.88
1134.87
1118.90
1123.91
1129.15
1116.99
1119.14
1096.96
1082.90
1074.08
1077.18
1086.00
1071.21
1058.10
19083.98
1124.86
1087.90
1037.12
1035.93
1037.84
1040.94
1054.05
1047.85
1046.90
25195.84
1096.96
1084.09
1076.94
1066.92
1064.78
1057.86
1064.06
1055.96
1054.05
1045.94
1065.02
1106.02
1107.93
25141.95
1105.07
1046.18
1041.89
1044.99
1074.08
1086.00
1082.90
1076.22
1075.03
1076.94
1074.08
33164.98
1096.01
1073.84
1059.06
1081.94
1097.20
1085.04
1100.06
1097.92
1102.92
1102.92
1105.07
1096.01
1091.96
17132.04
1140.83
1092.91
1093.86
1084.09
1096.01
1086.00
1100.06
1090.05
1087.19
1087.90
37174.94
1088.14
1131.06
1059.06
1079.08
1060.01
1056.91
1047.13
1060.96
1076.94
1076.22
9124.04
1137.02
1104.12
1102.92
1100.06
1099.11
1111.03
13159.99
1158.00
1097.92
1096.96
1104.12
1096.01
1101.02
9135.01
1134.16
1096.96
1097.92
1105.07
1095.06
1096.01
1096.01
1096.01
1068.83
1072.88
25113.82
1136.06
1078.13
1070.98
1062.15
1106.98
1115.80
1096.96
1104.12
1096.01
10857.82
1155.85
1128.91
1132.97
1131.06
1130.10
1125.10
21234.04
1130.10
1096.96
1106.02
1102.92
1092.91
1101.02
1107.93
1101.02
1092.91
17122.03
1118.90
1102.92
1079.08
1089.10
1089.10
1080.04
1070.98
1086.95
1091.00
1096.01
23699.05
1131.06
1101.97
1079.08
1087.90
13116.84
1142.98
1087.19
1090.05
1086.00
1086.00
1083.85
1081.94
1050.00
1036.88
1043.08
1044.99
1034.02
1030.92
1035.93
13090.85
1173.02
1143.93
1143.93
1152.99
1142.98
1142.98
1123.91
1088.14
1075.03
1070.02
25167.94
1116.04
1093.86
1082.90
1084.09
1083.14
1079.08
1075.98
1044.03
1050.95
1057.86
1059.77
1050.00
1044.99
1037.84
25188.92
1109.12
1094.10
1076.94
1081.94
1080.04
1082.18
1085.04
1070.98
1080.04
1080.04
29173.85
1096.96
1080.04
1084.09
1088.14
1083.14
1101.02
1089.10
1101.97
1094.82
1096.96
1111.98
1081.94
1090.05
17125.84
1097.92
1044.99
1034.02
1050.95
1033.78
1038.07
1055.96
1067.88
1054.05
1060.01
1073.84
1081.94
1078.13
1073.12
29128.07
