1303.91
1277.21
1290.08
1279.83
1281.02
1259.09
1219.99
1235.96
25314.09
1317.98
1272.92
1281.98
1274.11
1286.03
1271.01
1245.02
1256.94
1268.86
25395.87
1271.01
1266.00
1270.06
1274.82
1262.90
1261.00
1287.94
1281.02
25372.98
1276.02
1732.83
1286.03
1269.10
1282.93
1282.93
1276.97
1270.06
25382.04
1294.85
1305.82
1384.97
1283.88
1276.97
1275.06
1272.20
1271.96
25340.08
1309.16
1283.17
1266.00
1270.06
1253.84
1262.19
1267.91
1255.04
37297.96
1287.94
1234.05
1224.99
1220.94
1217.13
1212.12
25327.92
1252.89
1221.90
1240.02
1219.03
1221.90
25286.91
1265.05
1226.90
1222.13
1232.15
1232.86
1215.93
25365.83
1266.96
1252.17
1261.00
1223.09
1209.02
1231.91
1224.04
1216.89
25267.84
1255.04
1235.96
1212.84
1228.81
1222.85
1224.04
1219.03
1240.97
1244.07
25301.93
1250.98
1225.95
1238.82
1211.88
1253.84
25308.85
1280.07
1250.03
1231.19
1236.92
1242.88
1247.88
25348.19
1269.10
1255.04
1275.06
1259.80
1270.06
1260.04
1256.94
1270.06
25331.97
1314.16
1279.12
1300.10
1272.92
1294.85
1283.88
1273.16
1271.01
25298.12
1349.21
1280.07
1278.16
1321.08
1289.84
1304.86
1310.83
1284.84
1291.04
25413.04
1311.06
1299.14
1312.97
1297.00
1295.09
1298.90
1290.08
1291.99
25406.12
1306.06
1299.14
1306.06
1290.08
1295.09
1302.00
1297.00
1292.94
17466.07
1284.12
1263.14
1273.87
1281.98
1282.93
1266.00
1302.96
1269.82
25326.97
1297.00
1266.00
1270.06
1266.96
1260.04
1270.06
1268.15
1266.00
1270.06
25327.21
1240.02
1224.04
1263.86
1285.08
1288.18
1290.08
12365.10
1267.91
1259.80
1271.01
1255.99
1247.17
1250.98
1240.97
1237.87
25311.95
1293.90
1257.18
1255.99
1280.07
1213.07
1217.13
1217.13
1245.02
1217.13
25335.07
1235.01
1237.15
1233.10
1226.90
1230.00
1229.05
1212.12
1228.09
25285.01
1302.96
1271.96
1259.80
1268.86
1270.06
1261.00
1230.00
1228.81
1222.85
25359.87
1307.96
1284.12
1277.92
1322.98
1382.11
1251.94
1216.89
1237.87
25326.97
1299.14
1260.04
1248.12
1234.05
1240.02
1243.83
1253.13
1244.07
1249.79
29361.96
1242.16
1222.13
1216.89
1230.00
1232.15
1236.92
1235.01
1248.12
29285.91
1312.02
1267.91
1272.92
1277.92
1263.14
25312.90
1280.07
1230.96
1219.03
1255.04
1276.97
1277.92
21372.08
1286.03
1281.98
1291.04
1285.08
1282.93
25387.05
1302.00
1287.94
1295.80
1298.90
1280.07
25352.00
1276.02
1245.98
1255.99
1248.12
1240.97
1239.06
1282.93
1287.94
25352.95
1285.08
1223.09
1245.98
1276.97
1308.92
1301.05
1310.11
1309.16
1294.85
25407.79
1326.08
1307.96
1302.00
1301.05
1295.09
1278.88
1230.00
1221.90
25305.03
1336.10
1312.97
1301.05
1225.95
1238.11
1241.92
1227.86
1238.11
25268.08
1293.90
1237.15
1240.97
1245.98
1232.15
1235.01
25349.14
1300.10
1279.12
1282.93
1226.90
1226.19
25296.93
1332.04
1297.95
1297.95
1273.16
1276.97
25348.19
1312.97
1276.02
1281.98
1274.11
1271.96
1268.86
1267.91
1298.90
1296.04
25360.82
1284.84
1274.82
1282.93
1266.00
1275.06
1296.04
1289.13
1330.14
25475.98
1261.95
1244.07
1282.93
1299.86
1291.99
17421.96
1330.85
1338.96
1272.92
1245.02
1288.18
25379.90
1312.02
1296.04
1300.10
1290.08
1294.14
25356.05
1327.99
1309.87
1308.92
1302.00
1292.94
25357.01
1243.83
1296.04
1286.98
1292.94
1292.94
1306.06
1295.80
1762.87
25333.88
1295.09
1269.10
1275.06
1266.00
1257.18
1257.90
1224.04
1224.04
25261.16
1347.06
1276.02
1271.96
1266.96
1242.88
1252.89
21384.00
1333.95
1306.06
1312.97
1297.00
1299.14
25404.93
1289.84
1262.90
1260.04
1281.02
1268.15
25381.09
1263.14
1233.10
1232.86
1224.04
1235.96
33283.00
1296.04
1295.09
1272.20
1265.05
1260.04
1269.10
25291.92
1222.85
1224.99
1247.17
1246.93
1242.88
25360.82
1246.93
1218.80
1224.04
1227.86
1232.86
1231.91
1227.86
1230.00
1225.95
25336.98
1243.83
1226.90
1255.04
1237.87
1235.01
1243.11
1314.88
1303.91
25362.01
1284.84
1255.99
1261.00
1300.10
1305.10
1328.95
1333.00
1330.85
25390.86
1367.81
1331.81
1338.01
1332.04
1331.09
1317.02
1263.14
1269.10
25341.99
1330.14
1313.92
1312.02
1334.19
1369.95
21344.90
1314.88
1268.86
1281.98
1295.09
1286.03
1322.03
1297.00
1301.05
25341.99
1297.00
1257.90
1255.04
1291.04
1302.00
1299.86
1308.20
1301.05
1320.12
25397.06
1289.13
1269.10
1244.07
1270.06
1288.89
1294.85
1276.02
1265.05
25383.00
1296.04
1269.10
1275.06
1259.09
1255.99
1277.92
1261.95
1272.92
25326.01
1305.10
1286.03
1261.00
1255.99
1245.02
1282.22
1276.02
1286.03
1279.12
25377.04
1259.09
1239.06
1250.98
1256.94
1265.05
1264.81
1262.90
1252.17
25322.91
1261.00
1226.19
1219.99
1251.94
1258.85
1271.01
1255.99
1259.09
1257.18
25346.99
1239.06
1227.86
1224.99
1260.04
1261.00
1266.00
1262.90
1259.80
25313.85
1276.97
1243.11
1235.96
1245.98
1253.13
1258.13
1249.07
1245.02
1250.03
25383.00
1290.08
1271.96
1252.89
1244.07
1251.94
1255.99
1246.21
1240.02
25310.99
1325.13
1274.11
1271.96
1241.92
1236.20
1244.07
1249.07
1237.15
1240.02
18172.98
1278.88
1297.00
1257.90
1255.04
1261.95
1260.04
1252.89
33312.08
1310.11
1275.06
1283.17
1262.90
1255.99
1275.06
25424.96
1334.91
1330.14
1240.97
1249.07
1255.04
25424.00
1310.83
1297.95
1316.07
1301.05
1299.14
25410.18
1317.02
1301.05
1317.98
1299.86
1298.90
1271.96
1243.11
1245.02
25375.13
1333.95
1299.86
1303.91
1272.92
1268.15
1277.92
1267.91
1269.10
25327.92
1312.02
1305.10
1301.05
1281.98
1276.02
1271.01
1207.11
1229.05
1221.90
25375.13
1284.12
1281.98
1216.17
1235.96
1226.90
1253.13
1245.98
1237.87
25321.96
1260.04
1228.09
1230.96
1230.96
1233.10
29262.07
1284.84
1235.01
1225.95
1244.78
1224.99
1223.09
21327.02
1261.95
1248.12
1250.98
1242.88
1243.11
1235.96
1256.94
1273.87
25332.21
1294.14
1250.03
1250.03
1298.19
1306.06
1296.04
1297.00
1295.80
1288.89
25398.97
1312.02
1291.99
1302.00
1289.13
1291.99
1268.15
1228.09
1226.90
25342.94
1334.91
1298.19
1307.96
1302.00
1302.00
25366.07
1329.90
1317.98
1308.92
1308.20
1291.99
21368.03
1255.99
1230.96
1231.91
1231.91
1222.13
1230.00
1274.82
1291.04
1280.07
25336.98
1245.98
1230.96
1238.82
1224.04
1219.03
1230.96
1243.83
1246.93
25318.15
1263.14
1230.96
1239.06
1229.05
1230.00
1225.95
1223.09
1271.01
1266.00
25383.95
1258.85
1251.94
1258.13
1240.97
1242.88
1240.02
1276.97
1281.02
25339.13
1283.17
1251.94
1252.89
1244.07
1245.02
1235.01
1293.90
1291.99
1300.10
25371.07
1271.96
1251.94
1259.80
1245.02
1245.98
1251.94
1307.96
1313.92
25401.12
1271.01
1258.85
1261.95
1264.10
1253.13
1256.94
1293.90
1293.90
25374.17
1290.08
1265.05
1273.16
1247.17
1257.90
1252.89
1260.04
1248.12
1248.12
33390.05
1290.08
1268.15
1273.16
1251.94
1249.07
25348.19
1285.08
1251.94
1260.04
1267.91
1255.04
25321.96
1284.12
1262.19
1255.99
1252.17
1255.99
25276.90
1314.88
1254.08
1245.98
1266.00
1254.08
1255.99
1257.18
1240.02
1247.17
25355.82
1296.04
1281.02
1257.90
1253.13
1255.99
1247.88
1250.98
1250.03
25303.13
1310.11
1280.07
1270.06
1261.00
1250.03
1246.93
1261.95
1244.07
1253.13
21378.04
1296.04
1289.84
1284.84
1276.97
1278.16
1256.94
1235.96
1233.10
21288.87
1276.97
1249.79
1251.94
1250.98
1248.84
1247.88
33385.99
1292.94
1274.82
1281.02
1272.92
1270.06
25377.04
1277.92
1266.96
1279.12
1269.10
1271.01
17371.18
1307.96
1286.98
1297.00
1289.13
1286.03
33341.88
1257.90
1237.15
1248.12
1248.12
1243.11
17307.04
1291.04
1249.07
1259.09
1250.98
1242.88
1240.02
25364.88
1264.81
1250.98
1269.10
1247.17
1246.93
25344.13
1235.96
1223.80
9290.93
1266.00
1234.05
1225.95
1256.94
1253.13
1263.14
1250.03
1257.18
1241.92
25360.11
1250.03
1243.83
1234.05
1245.98
1245.02
1248.84
1247.88
1238.82
33324.96
1312.02
1274.82
1268.86
1265.05
1263.86
17311.10
1285.08
1249.07
1243.11
1260.04
1245.02
1248.84
21375.89
1264.10
1261.00
1257.90
1246.93
1247.17
1241.92
1219.99
1220.94
25286.20
1304.15
1260.04
1255.04
1246.21
1250.03
1249.07
1224.04
1220.23
1220.94
25350.81
1272.92
1279.12
1270.06
1258.13
1264.10
1264.10
1264.10
1261.00
25326.97
1309.87
1277.92
1273.16
1271.01
1266.00
1265.05
1269.10
1282.93
1271.96
25378.94
1280.78
1282.93
1278.88
1276.02
1259.80
1241.92
1247.17
1242.88
25348.90
1277.92
1270.06
1273.16
1250.98
1256.94
1248.84
1232.86
1240.02
25289.06
1298.19
1241.92
1241.92
1252.17
1234.05
1231.91
1229.05
1255.99
1259.09
25346.04
1257.90
1227.14
1237.15
1235.01
1224.99
1235.01
1267.19
1284.12
25285.96
1291.99
1234.05
1232.15
1238.11
1228.09
1219.99
1238.11
1235.96
1240.02
25305.03
1273.16
1250.03
1259.09
1252.89
1250.98
1260.04
1258.85
1250.03
1261.95
25377.99
1292.94
1271.01
1279.12
1261.00
1261.00
1266.00
1259.09
1254.08
25325.06
1285.08
1268.15
1275.06
1259.09
1254.08
1247.17
1255.99
1254.08
25326.97
1312.02
1276.02
1270.06
1246.93
1261.00
1266.00
13386.96
1279.83
1263.86
1278.88
1281.02
1266.96
17384.05
1280.07
1275.06
1274.82
1263.86
1268.86
17338.04
1300.10
1268.86
1281.98
1275.06
1289.13
17351.15
1282.93
1255.04
1271.01
1247.17
1249.07
25286.91
1343.01
1264.10
1253.13
1295.09
1274.11
1274.11
21362.07
1255.04
1241.21
1264.10
1255.04
1240.97
25324.82
1281.98
1248.12
1244.07
1229.05
1230.00
29302.84
1319.89
1303.91
1302.96
1303.91
1302.00
1303.91
1239.06
1265.05
1271.01
25360.11
1239.06
1235.96
1252.89
1293.18
1283.88
1291.99
1267.91
1263.86
29342.89
1268.15
1244.07
1248.12
1241.92
1230.96
29294.01
1297.95
1270.06
1273.87
1284.12
1299.14
25297.88
1354.93
1288.89
1266.96
1280.07
1271.01
1273.16
25362.01
1236.20
1230.00
1231.19
1218.08
1221.90
17278.91
1307.01
1277.92
1270.06
23926.02
1276.97
1230.96
17279.15
1271.01
1236.92
1230.00
1261.95
1235.96
1231.91
1244.07
1252.17
1245.02
1250.98
1249.07
1245.02
17313.00
1297.00
1260.04
1274.11
1260.04
1261.00
1266.00
1291.04
1280.07
1277.92
13371.94
1266.00
1221.90
1227.86
1220.94
1222.13
1230.96
1219.99
1215.93
25285.01
1258.13
1225.95
1231.91
1224.99
1231.91
1229.05
1245.98
1236.92
1240.02
25357.96
1282.93
1255.99
1256.94
1217.13
1224.04
1238.11
1218.08
1219.03
29265.17
1291.99
1235.96
1228.09
1266.00
1261.00
1251.94
7341.86
9352.92
1300.10
1250.98
1245.02
1253.13
1251.94
1267.19
17334.94
1236.92
1234.05
1245.02
1249.07
1239.06
17365.93
1271.01
1255.04
1227.14
1274.11
1272.92
33355.00
1280.07
1251.94
1258.85
1250.98
1255.04
25292.16
1297.95
1267.91
1247.17
1263.14
1247.88
1250.98
25372.98
1277.92
1278.16
1276.97
1273.16
1256.94
25368.21
1303.91
1264.81
1291.04
1281.98
1270.06
21334.89
1299.86
1266.00
1255.04
1218.08
1225.95
1231.91
1221.90
1224.99
1230.00
25346.04
1245.02
1230.96
1250.03
1233.10
1239.06
1232.86
1300.10
1300.10
25346.99
1303.91
1262.90
1266.00
1304.86
1298.90
1309.16
1296.04
1297.00
29340.03
1288.89
1260.04
1270.06
1252.89
1248.84
1242.88
25364.88
1284.84
1268.86
1267.91
1228.09
1224.99
25336.98
1291.99
1283.88
1278.16
1280.07
1270.06
1264.10
1255.04
1267.91
25341.99
1294.14
1277.21
1275.06
1260.04
1281.98
1268.86
1265.05
1257.90
1260.04
25397.06
1303.91
1287.94
1234.05
1252.17
1240.02
1261.00
1247.17
1239.06
25313.14
1434.09
1235.96
1227.14
1221.18
1224.04
1224.04
1219.99
1219.99
1224.04
25377.04
1272.92
1272.20
1240.97
1245.02
1241.92
1248.12
1243.83
1244.07
25310.99
1276.02
1249.07
1239.06
1240.97
1247.88
1257.18
1247.88
1244.07
1244.07
25378.94
1292.94
1277.92
1271.96
1248.12
1249.07
1257.90
1240.97
1245.02
25323.87
1281.02
1245.98
1246.21
1245.98
1247.17
1250.98
1245.98
1245.98
1248.84
25389.19
1302.96
1277.21
1283.88
1283.88
1271.96
1277.92
1269.82
1266.00
25388.00
1286.03
1254.08
1249.07
1302.00
1294.14
1297.00
1288.89
1290.08
25346.99
1273.87
1250.98
1255.99
1271.96
1281.98
1271.01
1276.02
1277.92
25294.07
1356.12
1291.99
1270.06
1269.82
1271.01
1265.05
1277.92
1264.81
1266.00
21395.92
1267.91
1256.94
1259.09
1241.92
1230.96
1228.09
1270.06
1285.08
29340.03
1286.03
1250.03
1255.99
1242.16
1239.06
1236.92
25384.90
1285.79
1266.00
1276.02
1228.81
1220.94
25348.19
1283.88
1267.91
1258.85
1259.80
1250.98
25311.95
1286.03
1242.16
1240.02
1229.05
1224.99
21245.96
1337.05
1281.02
1269.10
1282.93
1270.06
1271.96
1236.92
1245.98
1253.84
25403.02
1300.10
1295.09
1281.02
1244.07
1236.92
21312.00
1334.91
1298.19
1275.06
1214.98
1236.92
1239.06
1237.87
1247.17
1240.97
25369.17
1265.05
1266.00
1305.82
1268.86
1264.81
21403.07
1282.93
1253.84
1270.06
1255.99
1255.04
1245.98
1272.92
1271.01
25333.17
1265.05
1231.19
1248.84
1263.86
1271.01
21307.95
1278.88
1235.01
1225.95
1275.06
1271.96
1266.96
1289.84
1274.82
1274.82
25389.91
1278.88
1286.03
1277.92
1219.03
1224.04
1227.14
1224.99
1231.19
25289.06
1296.04
1271.01
1281.02
1270.06
1259.09
1259.09
1264.10
1274.11
1270.06
25381.09
1284.12
1274.11
1277.92
1251.94
1254.08
1258.13
1249.07
1246.93
21327.97
1322.98
1277.92
1282.22
1273.87
1258.85
13336.90
1281.02
1269.10
1262.90
1254.80
1257.90
1265.05
17377.85
1280.78
1278.88
1270.06
1257.90
1254.08
17396.21
1247.88
1255.04
1272.92
1271.96
1258.13
25331.02
1312.02
1276.97
1282.93
1270.06
1265.05
1262.90
1268.86
1256.94
25310.04
1361.85
1338.96
1280.07
1227.14
1240.02
1240.02
1251.94
1243.11
1245.98
25366.78
1270.06
1267.91
1250.98
1221.90
1222.85
1230.00
1227.14
1234.05
25290.01
1276.97
1245.02
1239.06
1264.10
1252.17
1248.84
1263.86
1246.21
1261.95
25364.16
1280.07
1275.06
1274.11
1271.01
1271.96
1275.06
1274.11
1266.96
17341.14
1299.14
1271.96
1272.20
1266.00
1250.03
21287.20
1320.12
1256.94
1252.89
1250.98
1250.03
1240.02
25342.94
1251.94
1240.02
1250.98
1233.82
1232.86
25286.91
1274.82
1231.91
1236.20
1226.90
1226.19
1224.04
25340.08
1235.01
1218.08
1214.03
1227.14
1240.97
29343.13
1239.06
1219.03
1229.05
1220.94
1217.13
17277.00
1345.87
1308.92
1311.06
1305.10
1302.96
25362.97
1342.06
1289.13
1292.94
1299.86
1316.07
17333.98
1352.07
1306.06
1291.04
1291.99
1294.85
1280.07
21367.07
1247.88
1230.00
1239.06
1242.88
1244.78
25346.04
1239.06
1224.99
1231.91
1235.01
1239.78
25306.94
1279.12
1266.00
1270.06
1252.89
1261.95
1263.14
25335.07
1240.02
1232.86
1245.98
1273.87
1275.06
1277.92
1266.00
1262.90
25321.96
1297.00
1255.04
1256.94
1249.79
1243.83
1240.02
1267.91
1281.98
17300.13
1351.12
1275.06
1271.01
1214.98
1228.09
1240.97
21393.78
1329.90
1304.86
1339.91
1299.86
1297.95
1307.96
1296.04
1303.91
25399.21
1322.03
1291.04
1307.01
1293.90
1295.09
1300.10
1286.03
1295.09
25359.15
1318.93
1300.81
1299.86
1287.94
1286.03
1301.05
1293.90
1292.94
25352.95
1322.03
1301.05
1298.90
1296.04
1296.04
1297.00
1295.09
1291.04
25344.13
1327.99
1306.06
1302.96
1291.99
1296.04
1299.14
1265.05
1267.91
1261.00
25387.05
1274.11
1283.88
1292.94
1287.94
1283.88
1263.86
1224.99
1224.04
25290.97
1286.98
1261.00
1253.84
1243.83
1245.98
1243.11
1216.17
1221.90
1222.85
25345.80
1246.93
1232.15
1249.07
1243.11
1240.02
1259.80
1217.84
1221.90
25285.96
1304.15
1270.06
1273.16
1296.04
1286.03
1281.02
1237.87
1255.99
1240.97
25357.96
1281.98
1259.09
1270.06
1246.93
1241.92
1249.79
1261.00
1265.05
41332.96
1272.92
1255.04
1246.93
1301.05
1299.86
25375.84
1297.00
1275.06
1273.16
1257.90
1262.19
25310.99
1310.83
1281.98
1277.92
1268.86
1261.95
1268.15
17380.95
1273.87
1265.05
1271.96
1255.99
1261.00
1269.82
1258.85
1250.03
25330.07
1281.02
1250.98
1235.96
1255.99
1250.03
1259.09
1241.92
1240.97
1240.97
29326.92
1245.98
1231.91
1244.07
1243.11
1239.06
25345.09
1241.92
1221.90
1217.13
1250.98
1258.85
21333.93
1315.83
1274.82
1260.04
1245.98
1253.13
1255.99
25388.96
1294.85
1274.82
1284.84
1277.92
1277.21
21363.02
1245.02
1239.78
1245.02
1231.91
1247.88
25301.22
1291.99
1261.00
1265.05
1263.86
1269.10
21339.18
1278.16
1249.07
1266.96
1261.00
1267.91
1266.96
17364.98
1284.84
1291.99
1295.09
1279.12
1276.02
29357.91
1255.04
1241.92
1253.84
1237.87
1240.97
1236.92
1214.98
1230.96
25277.85
1266.96
1228.81
1236.92
1221.90
1219.03
1224.99
1266.00
1278.16
1270.06
21367.07
1248.12
1230.96
1240.02
1258.13
1247.88
1251.94
1240.02
1239.06
25294.78
1327.99
1297.00
1298.90
1294.85
1291.99
1299.14
1232.86
1245.98
1245.02
25396.11
1296.04
1295.80
1235.96
1247.17
1246.93
25358.92
1285.08
1280.07
1277.21
1276.02
1286.03
21339.18
1257.90
1221.90
1230.00
1226.90
1230.00
25263.07
1297.00
1248.84
1245.98
1260.04
1243.11
1250.98
21397.83
1287.94
1281.02
1286.98
1274.11
1275.06
17388.11
1302.96
1307.01
1304.86
1294.85
1282.93
25361.06
1289.84
1268.86
1262.90
1271.01
1270.06
25326.01
1300.10
1270.06
1261.95
1299.14
1286.03
1290.08
1281.02
1279.12
1295.09
21362.07
1280.07
1279.12
1290.08
1278.16
1276.97
25396.11
1276.97
1278.88
1267.19
1270.06
1260.04
1271.96
1248.84
1251.94
21324.87
1291.04
1251.94
1259.09
1217.13
1222.85
25274.04
1303.91
1246.93
1242.16
1226.90
1253.84
1255.04
1266.00
1259.09
1253.13
21363.97
1245.02
1234.05
1239.06
1225.95
1223.09
25283.10
1300.10
1280.07
1286.98
1281.02
1270.06
1273.16
1273.16
1271.01
1269.10
21398.07
1291.99
1282.93
1268.15
1282.93
1278.88
25380.13
1292.94
1280.07
1273.87
1267.91
1274.11
1280.07
1260.04
1253.84
21325.83
1285.08
1261.95
1263.14
1269.10
1262.90
25330.07
1291.04
1258.13
1255.99
1243.11
1235.01
1231.91
28377.06
1317.02
1261.00
1255.04
1271.01
1273.87
1267.19
1247.88
1266.96
1275.06
25393.96
1275.06
1276.02
1263.14
1266.00
1276.97
1276.02
1266.00
1265.05
21327.02
1301.05
1270.06
1274.11
1271.96
1270.06
1266.00
1297.95
1273.16
1275.06
25357.01
1266.96
1260.04
1279.12
1252.89
1249.07
1259.09
1249.07
1243.11
25337.93
1303.91
1271.96
1264.81
1224.99
1225.95
25280.00
1343.97
1308.92
1303.20
1301.05
1289.13
25352.95
1326.80
1313.92
1307.01
1293.90
1297.00
25340.08
1331.09
1304.15
1298.90
1293.90
1291.04
1294.85
25359.87
1259.80
1245.98
1281.98
1276.02
1265.05
25394.92
1281.02
1277.92
1292.94
1285.08
1281.02
25408.98
1282.93
1271.96
1272.20
1292.94
1283.88
25377.04
1297.95
1285.08
1274.11
1268.15
1274.11
25353.91
1314.88
1286.98
1297.00
1287.94
1276.02
1280.07
1274.82
1287.94
25312.19
1343.01
1284.12
1294.14
1276.02
1269.10
1269.10
1269.10
1251.94
1251.94
21382.09
1295.09
1287.22
1273.87
1266.96
1272.92
26277.07
1281.02
1267.91
1262.90
1269.10
29287.10
1333.00
1292.94
1280.07
1277.21
1271.01
1261.95
17385.96
1281.02
1271.96
1281.98
1266.00
1272.92
1271.96
1235.96
1235.01
17308.95
1299.86
1281.02
1260.04
1227.14
1230.00
25303.13
1316.07
1279.12
1266.00
1217.13
1240.97
1240.97
24471.04
1243.11
1224.04
1221.18
1322.03
1327.99
1328.95
25377.04
1294.14
1288.89
1240.02
1253.13
1254.08
20568.13
1266.00
1243.11
1250.03
1264.10
1269.10
1256.94
25395.87
1279.83
1275.78
9378.91
1269.82
1258.85
1243.83
1223.09
1220.94
17302.04
1286.03
1255.04
1248.12
1271.96
1275.78
24688.96
1314.16
1262.90
1245.02
1275.06
1246.93
1242.88
25302.89
1275.06
1250.98
1255.04
1241.92
1250.03
1268.86
1237.87
1233.10
1224.99
1297.00
1296.04
1302.96
25375.84
1291.99
1283.17
1279.12
1271.01
1278.16
1266.96
1253.84
1247.88
25327.21
1280.07
1257.18
1255.04
1322.98
1330.85
1333.00
1323.94
1325.85
20889.04
1323.94
1304.86
1290.08
1274.82
1291.99
1272.92
25402.07
1312.02
1277.92
1291.99
1277.92
1283.88
1263.86
1224.99
1227.14
25304.08
1318.93
1279.83
1288.89
1280.07
1270.06
1268.15
1227.14
1226.90
20915.03
1285.08
1250.98
1239.06
1255.04
1242.88
1237.87
21323.20
1287.94
1255.99
1263.14
1259.09
1259.09
15013.93
1281.98
1262.90
1246.93
1246.93
1244.07
1248.12
1254.08
21574.02
1361.85
1331.81
1333.95
1331.09
1325.13
1321.08
1274.11
1281.02
29324.05
1261.00
1227.14
1224.04
1233.10
1227.86
1221.90
1245.98
1240.02
1243.83
19140.01
1322.98
1316.07
1293.90
1317.98
1286.98
1295.09
1300.10
21480.08
1280.07
1266.00
9349.11
1274.11
1255.04
1273.16
1245.02
1250.98
25452.85
1249.07
1239.06
1250.03
1241.92
1240.02
19260.88
1345.16
1317.98
1304.86
1298.19
25397.06
1265.05
1255.04
1261.95
1245.98
1247.17
17320.87
1297.00
1277.92
1275.78
1286.98
1284.12
1285.08
1276.02
1277.92
41332.96
1275.06
1255.04
1243.11
1255.99
1244.07
1247.17
25390.15
1275.06
1283.88
1276.97
1230.96
1235.01
17312.05
1285.08
1271.96
21034.96
1275.06
1256.23
1242.88
1245.98
1236.92
1222.85
25358.92
1289.84
1267.19
1264.10
1229.05
1220.94
1226.90
1211.88
1214.98
25281.91
1243.83
1222.85
1232.86
1230.00
1230.00
1236.20
17360.93
1248.84
1230.96
1249.07
1233.10
1240.02
29315.95
