1116.99
1111.03
1093.15
1075.03
1083.14
1080.99
1090.05
1079.80
1080.04
1087.90
33231.02
1164.91
1153.95
1171.11
1166.11
1160.14
1152.99
1075.03
1080.99
1072.88
21142.01
1146.08
1101.97
1092.91
1110.08
1103.88
1103.16
1090.05
1086.95
1081.94
1088.86
25155.07
1101.02
1065.02
6548.17
1117.94
1106.02
1080.04
1106.02
1101.97
1100.06
20280.12
1155.14
1122.95
1116.04
1107.93
1104.83
1178.03
21129.13
1158.95
1116.99
1121.04
1131.06
1104.83
1114.85
1112.22
1152.99
1144.17
1159.91
25228.98
1090.05
1064.06
1084.80
1070.02
1061.92
1062.87
1071.93
4288.91
1160.86
1138.93
1144.89
1147.03
1146.79
1139.88
17221.93
1081.23
1067.88
1055.96
1078.13
1083.14
1070.98
17119.88
1127.96
1107.93
1090.05
1089.10
1071.93
1075.98
1075.98
20228.86
1097.92
1066.92
1071.93
1055.96
1112.94
1096.96
1112.94
25220.87
1114.13
1098.16
1079.08
1111.03
1111.03
1107.22
1113.89
1103.88
1122.00
22818.09
1131.06
1106.98
1106.02
1086.95
1092.91
1098.87
1122.00
1085.04
1086.95
25178.91
1111.03
1088.14
1078.13
1080.04
1100.06
1081.23
1106.02
1084.09
1092.91
1096.96
25205.85
1108.88
1111.98
1105.07
1096.01
1093.15
1092.91
9167.91
1073.84
1064.06
1085.04
1075.03
1077.18
1076.94
21118.88
1126.05
1094.10
1096.96
5168.20
1095.06
1105.07
1105.07
1104.12
1106.02
1089.81
1101.02
1106.98
1094.10
1094.10
25199.17
1127.00
1098.87
1111.03
1118.90
1096.01
1101.02
21199.94
1118.18
1097.92
1122.95
1194.00
1086.00
1095.06
1130.10
1070.02
1070.02
25104.05
1163.96
1095.06
1107.93
1094.10
1086.00
1080.99
1081.94
1104.83
1095.06
1097.92
22663.83
1161.10
1101.02
1111.03
1105.07
1099.11
1091.00
24188.04
1105.07
1100.06
1109.12
1060.01
1072.17
1082.90
1074.08
1075.03
1073.12
1070.98
19193.89
1153.95
1158.95
1142.98
1136.06
1146.08
1147.03
1137.02
1138.93
25274.04
1143.93
1136.06
1160.14
3537.89
1129.87
1114.85
1116.99
1095.06
1085.04
1074.79
1071.93
17211.91
1108.17
1086.00
15336.04
1155.85
1124.86
1119.14
1092.91
1092.91
1086.00
1103.88
1097.92
21198.99
1080.99
1062.15
1065.97
1070.98
1057.15
1055.00
13348.10
1157.05
1101.02
1091.00
9238.96
1171.83
1160.86
1119.85
1060.01
1066.92
1069.78
1096.01
1077.89
1090.05
25099.04
1188.99
10850.91
1139.88
1086.24
10046.01
1133.92
1102.92
1553.77
1055.00
1049.04
1050.00
1050.95
1083.85
1080.99
1078.13
17548.08
1112.94
1111.98
1090.05
1050.00
23229.84
1090.05
1064.06
1066.92
1091.00
1069.07
1055.96
1076.94
1062.15
1063.11
1061.92
21177.05
1240.02
1153.95
1153.95
1107.93
1110.08
1098.87
1112.22
1091.96
1085.04
1083.85
25216.82
1148.94
1137.02
6777.05
1155.14
1101.97
1113.89
1101.02
1106.02
1088.86
1072.88
1061.92
25101.90
1138.93
1109.12
1083.14
1100.06
1074.08
1070.02
1072.17
1109.12
1085.04
22604.94
1115.80
1096.01
1109.12
1112.94
1110.79
1096.01
1101.97
1075.98
1089.10
1069.07
17820.12
1152.04
1118.90
1132.01
1133.92
18990.04
1120.81
1114.85
1113.89
1107.93
1121.04
1096.01
1108.88
1086.00
1091.00
15805.96
1160.86
1111.98
1071.93
1066.92
1053.81
1056.91
1059.06
1053.09
25108.10
1101.02
1066.92
1066.21
1077.89
1073.84
1061.92
1072.88
1086.00
1091.00
1093.15
33134.94
1101.97
1063.11
1055.00
1071.21
1056.91
1067.88
1073.84
1075.98
1081.94
1087.90
21137.95
1164.20
1126.05
1096.96
1098.87
1089.81
1096.01
1116.04
1096.01
1098.16
1089.10
21171.09
1098.16
1065.97
1058.10
1070.02
1054.05
1056.91
1056.91
16221.05
1191.85
1163.01
1153.95
1153.95
1152.99
1150.85
1133.92
1092.91
1093.86
1086.00
24157.05
1156.09
1132.01
1132.97
1132.01
1137.02
1134.87
1135.83
25224.92
1148.94
1147.99
1138.93
1131.06
1136.78
1131.06
1142.02
1136.06
1135.11
21188.97
1122.95
1073.84
1065.97
1084.09
1079.08
1086.00
25116.92
1114.85
1071.93
1077.18
1058.10
1048.09
1044.99
1050.00
1046.90
1114.85
1127.00
25145.05
1106.98
1060.01
1058.10
1065.02
1054.05
1060.96
1054.05
10290.15
1090.05
1080.04
1093.86
1091.96
10329.96
1071.93
1051.19
1054.05
1063.11
1055.96
1050.00
1055.96
21167.99
1117.94
1117.94
1094.10
1090.05
1079.08
9974.00
1114.85
1096.96
1094.10
1070.02
1067.16
1065.02
1071.21
1063.11
1060.01
1059.06
25100.95
1162.05
1125.10
1122.95
1122.95
13195.04
1091.00
9108.07
1173.02
1139.88
1128.20
1145.12
1128.91
1129.87
17157.79
1132.01
1103.16
5778.07
1132.01
1096.96
1089.10
1137.02
1128.20
1132.97
25176.05
1164.91
1122.00
1122.95
1096.96
1116.99
1101.02
1104.12
1096.96
1096.96
1096.01
17211.20
1100.06
1100.06
1106.98
1103.88
1101.02
1091.00
21126.99
1104.83
1067.88
1066.92
1089.10
1073.12
1080.99
9701.97
1101.97
1086.00
1077.18
1077.89
1069.07
1066.92
1070.02
1062.87
1058.82
1057.86
25131.94
1116.99
1083.85
1083.85
1078.84
15638.83
1086.95
1073.12
1075.03
1087.90
1099.11
1096.01
17140.15
1129.15
1088.14
1079.08
1057.86
1076.94
1069.07
1069.78
1085.04
1060.96
1060.96
33566.95
1074.08
1065.02
1064.06
1071.21
1066.92
1067.16
1090.05
1080.99
1067.88
1088.86
21134.85
1156.81
1131.06
1127.00
1087.19
1092.91
1086.95
21134.14
1129.15
1096.96
1075.03
1088.14
1075.03
1077.18
9397.03
1098.16
1072.17
1070.02
1082.90
1078.84
1076.94
1077.89
1086.00
1080.99
1093.86
25116.92
1132.01
1084.09
1085.04
1079.08
1104.12
15407.09
1104.12
1092.91
1098.87
1094.82
1095.06
1111.98
1114.13
1089.10
1107.93
24991.04
1150.13
1106.98
1101.02
1107.93
1100.06
1095.77
1097.92
25237.08
1145.12
1147.99
1132.01
1099.11
1082.90
1093.86
1096.01
1078.13
1071.93
12847.90
1166.82
1105.07
1102.92
1079.80
23727.89
1116.99
1094.10
1088.14
1102.92
1098.87
1102.92
1098.16
1113.89
1097.92
1118.90
21139.14
1144.17
1107.93
1112.94
1080.04
1078.84
1088.86
1096.01
1094.10
1096.01
1106.02
23183.82
1122.00
1078.13
1065.97
1060.96
9228.94
1149.89
1107.93
1100.78
1106.02
1070.98
1071.93
1073.12
1095.06
1074.08
1073.12
21123.17
1157.05
1087.90
1090.05
21045.21
1116.99
1096.01
1091.00
1098.16
1106.02
1095.06
4278.90
1119.85
1077.89
1083.14
1089.10
15354.16
1091.96
1112.22
1096.01
1098.16
13194.08
1122.95
1108.88
1097.92
1086.95
1091.00
1080.04
1081.23
1082.90
1086.00
1086.00
21413.80
1124.86
1104.83
1108.88
1106.02
1092.91
1085.04
1105.07
1080.99
1081.23
33694.98
1103.16
1073.12
1064.06
1122.00
1118.18
7110.12
1151.08
1152.99
1113.89
1057.15
1053.09
1062.15
1069.07
1064.06
1059.06
25103.09
1135.83
1102.92
1095.06
1079.08
1078.13
1073.12
1076.94
24832.96
1106.98
1081.94
1084.09
1074.08
1075.98
1068.83
13109.92
1135.83
1101.02
1090.05
1090.05
1110.79
7117.03
1086.00
1075.03
1073.84
1086.95
1092.20
1095.06
1096.01
1070.02
1060.96
1060.01
25195.12
1111.98
1112.94
1123.91
1106.02
1101.97
1102.92
24643.18
1117.94
1081.94
1081.94
1081.94
1070.98
1070.98
1067.88
1080.99
1070.98
1070.02
21594.05
1141.07
1087.19
1090.05
1078.13
23698.09
1176.12
1165.87
1164.20
1158.95
1160.14
1159.91
1163.01
1158.00
1156.81
13191.94
1136.78
1102.92
1096.96
1111.98
7174.97
1122.95
1091.00
1096.96
1099.82
1090.05
1086.95
1087.90
23868.08
1128.91
1095.06
1100.06
1091.96
12578.01
1080.04
1063.82
1070.98
1078.13
1072.88
1075.98
25116.92
1173.02
1116.04
1113.89
1065.02
1075.03
1077.89
1082.90
1075.98
1070.02
1064.06
25115.97
1146.08
1110.08
1097.20
1060.01
1079.08
1083.14
1068.12
1076.94
1068.83
1061.92
21108.15
1147.99
1124.86
1109.84
1116.04
1101.97
1103.88
1104.83
1095.06
1093.86
1099.82
22058.01
1121.04
1098.87
1125.10
1162.05
1161.10
1163.96
1158.95
1163.01
21593.81
1185.89
1147.99
1142.98
1075.03
1090.05
1075.98
1089.81
1072.88
1071.93
1065.02
25110.01
1146.08
1115.08
1106.98
1124.86
1094.82
1102.92
1091.00
1076.94
1083.14
1081.94
22181.99
1163.96
1149.89
1138.93
1135.11
1129.15
1129.87
1062.87
1060.01
1065.02
25186.06
1116.04
1111.98
1091.96
1060.01
1063.11
1060.96
1063.11
1050.00
1050.00
1055.00
33197.88
1108.88
1098.87
1106.02
1096.01
1104.12
1096.01
1085.04
1107.93
1106.98
1103.88
21190.17
1099.11
1093.15
1090.05
1080.04
1082.18
1068.12
1080.04
1067.16
1061.92
1067.88
25147.91
1068.12
1064.06
7200.00
1114.85
1094.82
1081.94
3474.00
1114.85
1093.86
1105.79
1095.06
1100.06
1089.10
21188.97
1106.02
1094.82
1082.90
1106.98
1100.06
1100.06
1106.02
23918.15
1110.08
1100.06
1088.14
1106.98
1093.15
1096.01
1082.90
1108.17
1122.00
1110.79
16525.03
1099.11
1090.05
1083.14
17143.01
1132.01
1110.08
1101.02
1115.08
1103.16
1101.97
17152.07
1107.93
1069.07
1057.86
1061.20
11729.00
1120.81
1075.03
1073.12
1106.98
1103.16
1107.93
1107.93
1101.97
1106.98
1107.93
28630.97
1177.07
1168.01
1157.05
1168.01
11716.84
1110.08
1070.02
1059.06
1065.97
1051.90
1057.86
1055.96
1086.00
1084.09
1086.95
22639.04
1131.06
1096.01
1091.96
1088.14
1072.88
1070.98
1073.12
1068.12
1061.92
21481.99
1116.04
1094.82
1089.81
1105.07
1096.96
1096.01
1100.06
1090.05
1089.10
25130.03
1133.92
1089.10
1088.14
1087.90
1091.00
1091.00
1086.00
1111.03
1088.14
1075.03
22758.01
1165.87
1119.85
1101.97
1101.02
1100.06
1087.90
1062.87
1067.16
1054.05
25200.13
1116.99
1112.22
1111.03
1104.12
1095.06
1096.01
1108.88
1062.15
1057.15
1065.02
21176.10
1094.10
1083.14
1084.09
1081.94
1083.85
1077.89
1086.95
1085.04
1088.14
1081.94
22956.85
1110.79
1098.87
1097.92
1082.90
1080.99
1076.94
1079.08
1066.92
25171.04
1077.89
1062.87
1070.98
1050.00
1051.19
1058.10
1058.10
1055.00
1054.05
1054.05
37106.99
1141.07
1111.98
1112.94
1139.88
1112.94
1109.84
1115.80
1112.94
1109.12
1111.03
17166.14
1134.16
1104.12
1078.13
1066.92
1076.94
1078.13
1091.00
1061.20
1070.02
1079.08
25187.97
1097.92
1087.19
7265.09
1142.98
1122.00
1106.02
1110.08
1098.16
1101.97
1091.00
1096.01
25126.93
1142.02
1104.12
1096.01
1102.21
1098.87
1097.92
1100.06
1095.77
23118.97
1116.99
1085.04
1081.94
1088.86
1070.98
1072.88
1061.92
1067.88
1054.05
1060.01
17119.88
1142.98
1090.05
1089.81
1083.85
1075.03
10976.08
1114.13
1094.10
1094.10
1080.04
1086.00
1077.89
1093.15
1075.98
1075.03
1076.94
23366.93
1160.14
1137.02
1138.93
1135.11
1093.15
1060.96
1065.97
1056.91
33273.94
1087.19
1076.94
1078.84
1077.89
1092.91
1091.96
7371.90
1101.02
1075.98
1080.04
1067.88
1072.88
1068.83
1064.06
1065.97
25181.06
1123.91
1109.12
1120.09
1069.07
1070.02
1068.83
1070.02
1060.96
22839.07
1167.77
1114.85
1110.08
1131.06
1102.92
1093.86
1093.86
1049.04
1051.90
1046.90
23652.79
1116.04
1075.98
1076.94
1085.04
1084.09
1085.04
1086.00
1080.99
25188.21
1108.88
1107.93
1110.08
1097.20
1101.97
1107.93
1106.02
1111.98
22758.01
1155.85
1114.85
1135.83
1109.84
1112.94
1099.11
1110.08
1116.04
1096.96
1103.16
17673.97
1130.82
1139.88
1169.92
1178.98
26582.96
1146.08
1114.13
1096.96
1091.96
1099.11
1094.10
1093.15
1092.91
1093.86
1089.10
17229.08
1116.04
1098.87
1081.94
1101.97
1109.84
1095.06
1093.86
1083.85
1087.90
1088.86
25239.94
1183.99
1168.01
7464.17
1173.97
1113.89
1131.06
1118.90
1136.06
1110.08
1095.77
1100.06
25192.02
1114.13
1085.04
1088.86
1080.99
1079.08
1081.94
1096.01
1080.04
22478.10
1166.11
1130.10
1126.05
1152.99
1135.83
1122.00
9941.10
1133.92
1119.85
1132.01
1132.97
1127.96
1122.95
1144.89
1114.85
1101.97
25151.97
1148.94
1096.96
1088.14
1101.02
1087.90
1087.19
19923.93
1194.95
1145.12
1122.95
1117.94
1086.00
1133.20
1132.97
17169.00
1181.13
1116.99
1129.87
1129.87
1110.79
1123.91
17174.96
1213.79
1136.06
1118.90
1142.02
1123.91
1123.91
10152.82
1158.00
1146.08
1135.11
1112.94
1113.89
1110.79
1108.88
1109.84
1116.04
24094.10
1177.07
1135.11
1143.93
1144.89
1176.83
1181.84
1181.84
29263.02
1158.00
1142.02
1163.96
1177.07
1185.18
1178.98
1190.19
1164.91
1159.91
17207.86
1168.97
1147.03
1119.85
1123.91
1114.13
1135.11
1121.04
1130.10
1111.98
1105.79
24297.95
1115.80
1113.89
1108.88
1115.80
1128.91
1123.91
1119.14
25225.88
1132.97
1143.93
1130.10
1132.01
1111.98
1108.88
1115.08
1101.97
1099.11
15228.03
1153.95
25215.15
1127.00
1136.78
1168.01
1151.08
1160.14
1181.13
1168.97
1179.93
1181.13
1166.11
1118.90
1111.03
18049.00
1103.88
1096.96
1095.06
1096.01
1117.94
1130.10
25233.03
1187.09
1137.97
1132.97
1126.05
1121.04
1122.95
1188.99
1168.01
1162.05
1152.99
1158.00
1142.02
1127.00
29227.02
1139.16
1121.04
1119.14
1122.95
1122.95
9872.91
1158.00
1140.83
1137.02
1122.95
1125.81
1124.86
1120.09
1108.88
1110.08
1101.97
25242.09
1152.04
1127.96
1118.18
1071.93
15863.90
1164.91
1158.95
1187.09
1187.09
1185.89
1175.88
1114.85
1129.87
1137.97
24636.98
1104.83
1093.86
1091.00
1091.96
1096.01
1094.10
25115.01
1228.09
1189.95
1179.93
1192.81
1184.94
1167.06
1165.87
1118.90
1132.97
1117.94
13101.10
1106.98
1091.00
25139.09
1180.89
1142.98
1116.99
1132.97
1128.91
1116.04
1129.87
1120.81
1119.85
1122.95
1130.10
1126.05
1133.92
21656.04
1122.00
1088.14
1089.10
1110.08
1127.96
1127.00
17176.87
1214.98
1182.79
1188.99
1098.16
3535.03
1131.06
1129.15
13157.13
1176.12
1106.98
1087.90
1093.15
1141.07
1160.14
17209.05
1175.17
1108.88
1090.05
1092.91
1080.04
1086.95
17452.96
1183.03
1139.88
1117.94
1113.89
1086.00
1086.95
1097.20
21195.89
1137.02
1124.14
1132.97
1127.96
7621.05
10967.97
1158.95
1128.91
1140.83
1139.88
1123.91
1122.00
1130.82
1123.91
1128.20
1122.00
21064.04
1166.82
1149.89
1161.10
1176.12
1188.99
1175.88
25274.99
1182.08
1164.20
1167.06
1151.08
1137.02
1128.91
1128.20
1106.02
1101.02
25146.96
1160.14
1145.12
1160.86
1152.04
1163.01
1174.21
1195.91
1173.97
1182.08
21161.08
1185.18
1132.97
1127.96
1127.00
1142.02
1163.96
20568.13
1151.08
1123.19
1106.02
1106.98
1090.05
1082.90
1075.03
15141.96
1201.87
1160.86
1118.18
1120.09
1141.07
12753.96
1098.87
1090.05
1092.91
1088.86
1090.05
1090.05
1106.98
1165.87
1161.81
21277.90
1149.89
1101.97
1091.96
1103.88
1084.80
1078.84
1082.90
24907.83
1109.84
1096.01
1086.95
1112.94
1104.83
1094.82
1102.92
1086.00
1080.99
1079.80
25240.90
1133.92
1128.20
1132.97
1113.89
1122.00
1117.94
1145.12
1123.19
1126.05
21384.95
1163.96
1129.15
1132.01
1123.91
1135.11
1137.97
1136.78
1133.92
1132.01
25161.03
1156.09
1104.12
1088.14
1095.06
1089.10
1094.10
1094.10
1110.08
1105.07
1105.07
33124.21
1178.03
1127.00
1124.86
1139.88
1113.89
1135.83
1133.92
1124.86
1120.81
1121.04
21225.93
1118.90
1113.89
1111.98
1087.90
1096.96
1099.11
1115.08
1106.02
1111.03
1111.03
25206.09
1134.16
1164.91
1125.81
1137.97
1120.09
1126.05
12284.99
1227.14
1184.94
1176.83
1170.87
1151.80
1155.85
1129.87
1116.04
1123.91
1118.90
21652.94
1129.15
1130.10
1150.13
1148.94
1145.84
1161.81
1180.89
35298.82
1107.93
1098.87
1103.88
1122.00
1137.02
7780.08
1122.00
1142.02
1125.10
1122.95
1118.90
1098.87
1109.84
1099.82
25137.90
1154.90
1127.00
1106.02
1107.93
1098.87
1094.82
25115.97
1126.05
1093.86
1091.00
1091.00
1090.05
1097.92
1096.96
1124.86
1111.98
1106.02
16369.82
1227.86
1168.97
1158.00
1152.99
24009.94
1177.07
1144.89
1133.92
1146.79
1101.02
1104.12
1115.08
1132.97
1137.02
1142.98
17646.07
1114.13
1098.16
1101.97
1088.86
1086.00
1090.05
1105.07
1103.16
1109.12
25158.88
1153.95
1123.19
1117.94
1127.00
1126.05
1119.14
7226.94
1115.08
1131.06
1127.00
1138.21
1154.90
1163.01
1158.95
1179.93
21291.97
1129.87
1129.87
1112.94
1099.11
1108.17
1118.90
25244.95
1164.20
1132.97
1139.88
1122.00
1102.92
1102.92
1120.09
1172.07
1158.95
20653.96
1147.99
1101.02
1092.91
1103.16
1104.12
23756.98
1129.15
1122.95
1134.87
1126.05
1127.96
1126.05
1139.16
1130.10
1128.91
21183.01
1124.14
1105.07
1105.07
1131.06
1101.97
1111.98
1125.10
1117.94
1113.89
1119.85
25236.85
1152.99
1116.04
1144.17
1111.98
1108.88
1096.01
1097.20
11564.97
1122.95
1093.15
1096.01
1112.94
1104.12
1102.92
1103.88
1120.81
1111.03
1120.09
22835.02
1185.89
1140.12
1129.15
1122.95
1123.91
1133.92
1125.10
1127.96
25176.05
1207.11
1158.00
1145.84
1078.84
1092.91
1083.14
1109.12
1082.90
1082.90
1087.90
33203.12
1135.11
1123.91
1152.99
1126.05
1127.00
1126.05
9202.00
1110.79
1096.01
1095.06
1147.03
15440.94
1111.03
1101.02
1104.83
1106.98
1105.07
1111.03
21165.85
1199.01
1163.01
1156.81
1092.91
1100.06
1092.91
7287.98
1108.88
1106.02
1090.05
1088.14
1089.10
1096.96
1096.01
1103.88
25194.88
1124.86
1090.05
1084.09
1138.93
1132.01
1117.94
1128.91
1122.00
31338.93
1142.02
1132.01
1128.91
1133.92
1129.87
1117.23
1127.96
1139.16
1111.03
15270.95
1156.09
1121.04
1116.99
1119.14
1116.04
1119.14
1121.04
1120.09
25196.08
1152.99
1133.92
1153.95
1115.08
1131.06
1131.06
17208.81
1169.92
1173.02
1187.09
1187.09
1183.99
1183.03
9246.11
1136.06
1119.14
1138.93
1132.01
1126.05
1122.95
17271.04
2990.01
1138.93
1115.08
1111.03
1107.93
1087.19
1085.04
1085.04
17261.03
1195.91
1198.05
1187.80
1173.02
1162.05
17188.07
1178.98
1131.06
1123.19
1121.04
1100.06
1089.10
17107.01
1137.02
1093.86
1090.05
1098.87
1097.92
1103.16
1102.92
19881.96
1195.19
1157.05
1155.14
1147.99
1137.02
1128.91
1112.94
25238.04
1191.14
1170.16
1158.00
1147.03
1132.97
1126.05
1101.02
1135.83
30959.84
1167.06
1158.95
1162.05
1081.94
1092.91
1099.11
1114.13
1111.03
1120.09
15721.08
1155.85
1127.00
1110.08
1110.08
1123.91
1124.86
1142.02
1142.98
25225.88
1140.83
1124.86
1142.98
1159.91
1186.85
1195.91
1183.99
22824.05
1155.14
1101.02
1092.91
1100.06
1094.10
1101.02
1106.02
1096.96
1123.91
1132.01
17678.98
1136.06
1090.05
1075.03
1136.06
1126.05
22567.03
1130.10
1109.12
1136.78
1105.07
1096.96
1090.05
1091.00
1087.90
1086.00
17817.02
1137.02
1095.06
1103.16
1095.06
1090.05
1098.16
1122.00
1114.85
1122.95
25146.96
1188.04
1126.05
1138.21
1149.89
1135.83
1127.00
1121.04
16663.79
1121.04
1096.01
1093.86
1091.00
1096.96
1091.00
1096.96
1082.18
1083.85
1085.04
23854.97
1120.81
1100.06
1089.10
1092.91
17225.98
1173.02
1176.83
1194.00
1178.98
1186.13
17212.15
1146.08
1111.98
1110.08
1140.12
1128.91
1116.99
1142.98
1129.87
1118.90
22281.89
1147.99
1129.87
1123.91
1083.85
1077.89
1078.13
1083.14
1082.18
1080.99
1087.19
21203.99
1132.01
1097.92
1091.00
1093.86
1088.86
1083.85
1078.84
1112.94
1109.12
1104.12
25182.96
1108.88
1099.11
1091.00
7148.98
1126.05
1159.19
1163.96
1173.97
1173.02
1177.07
1176.12
25197.03
1105.07
1084.09
1094.10
1092.91
1089.81
1097.92
1106.02
1103.88
1111.98
22266.15
1129.15
1118.90
1126.05
1116.99
1123.19
1120.09
1075.03
1076.94
1082.90
24415.97
1164.91
1099.11
1091.00
1106.98
1090.05
1096.01
1093.86
25161.03
1158.95
1111.03
1101.97
1106.98
1092.91
1091.00
1078.84
1127.96
1155.14
22207.02
1136.78
1122.95
1151.08
1114.85
1132.97
1138.93
1133.92
1121.04
1117.94
18278.12
1186.13
1131.06
1137.02
1131.77
1120.09
21845.10
1197.10
1171.11
1168.01
1109.12
1101.97
1091.00
1096.96
1091.00
1086.00
1082.90
18072.13
1187.09
1199.01
1176.83
1183.03
1165.87
1174.93
1150.85
1149.89
25236.13
1146.08
1117.94
1126.05
1106.02
1101.02
1113.18
17202.85
1101.02
1079.08
1080.04
1099.11
1089.10
1101.02
17140.87
1160.86
1129.87
1123.91
1130.82
1128.91
1129.87
17188.07
1155.85
1137.97
1146.08
5229.00
1120.09
1101.97
1111.03
1105.07
1106.98
1110.08
17220.97
1132.01
1125.10
1108.17
11796.00
1128.20
1089.10
1080.99
1108.17
1093.86
1098.87
1101.02
1122.95
1112.94
1116.04
25156.97
1158.00
1127.00
9723.90
1131.06
1111.98
1102.92
1096.01
1085.04
1075.98
1091.00
1081.94
1091.00
1090.05
25138.14
1137.02
1117.94
1110.08
1146.08
7565.98
1162.05
1168.01
1163.96
1125.10
1117.94
1114.85
25168.90
1141.79
1107.93
1114.85
1086.00
1096.01
1092.20
1092.91
1086.00
1092.91
29535.06
1217.13
1160.14
1145.12
1143.93
1132.01
1112.94
1105.07
1124.14
1115.08
1110.08
17184.02
1206.87
1167.77
1159.91
1150.85
1149.89
1127.00
1096.96
1078.13
1080.99
1084.80
25200.84
1112.94
1109.12
1110.08
1080.04
1077.89
21412.13
1248.12
1181.13
1170.16
1157.05
1145.12
1147.03
1146.08
1126.05
1119.14
1106.02
25421.14
1142.98
1126.05
1108.88
1109.12
1116.04
1117.94
1148.94
1143.93
1147.99
25218.96
1165.87
1118.18
1083.14
1093.86
1080.04
1084.09
17318.96
1185.89
1158.95
1170.16
1134.16
1118.90
1128.91
1132.01
1137.97
1129.15
1131.06
23112.06
1141.79
1121.04
1127.96
1120.81
12879.85
1226.90
1188.04
1183.99
1189.23
1168.01
1163.96
1159.91
1146.79
1132.01
21135.09
1178.98
1129.87
1132.97
1137.02
1183.99
1173.02
25226.12
1177.79
1116.99
1100.06
1106.02
1081.94
1091.00
1098.87
1101.97
1133.92
1144.89
25241.85
1163.96
1153.95
1175.17
1092.91
1103.88
1103.16
1132.01
1128.20
1111.98
1111.03
21257.88
1109.12
1101.02
1102.92
1130.10
1116.99
1118.90
1127.96
1125.10
1120.09
25179.86
1131.06
1101.97
1108.88
1102.92
1105.07
1119.85
1134.87
1131.06
1132.97
1147.99
29244.90
1117.94
1115.08
1126.05
1134.16
1138.93
1146.08
17270.09
1139.16
1121.04
1127.00
1122.95
1116.99
1122.95
1142.02
1122.00
1134.87
25162.94
1173.97
1135.11
1125.10
1139.88
1116.04
1110.08
1119.14
1095.06
1095.06
1085.04
17192.13
1105.07
1092.20
1107.93
1100.06
1101.02
1104.83
25151.01
1143.22
1111.98
1125.10
1161.10
1122.00
1122.95
1134.87
1120.09
1137.02
1108.88
1142.02
1127.96
1122.00
21177.05
1122.00
1084.09
1081.94
1106.98
1096.96
1098.16
1111.03
1109.12
1111.98
1107.22
33205.03
1131.06
1105.07
1096.01
1131.06
1131.06
1121.04
17676.83
1142.02
1134.16
1134.16
12146.95
1141.79
1121.04
1131.06
1124.86
1124.86
1123.19
1137.02
1126.05
1127.00
1121.04
23716.93
1123.91
1129.87
1125.81
1131.06
12151.96
1176.83
1149.89
1143.93
1163.01
1175.88
1186.85
1167.06
1111.03
1122.00
1117.94
21879.91
1175.88
1177.07
1149.89
1147.99
1132.97
25202.04
1128.91
1104.12
1086.00
1132.01
1147.03
1168.01
1189.95
1184.94
1178.98
25223.02
1224.99
1170.16
1170.87
1153.95
1120.09
1132.01
1150.85
1102.92
1109.84
1135.83
21966.93
1152.99
1134.87
1126.05
1118.90
1103.88
1095.06
1143.93
1163.96
21223.07
1181.84
1148.94
1132.01
1138.93
1122.95
1124.14
16325.00
1180.89
1170.87
1121.04
1112.94
1124.86
1115.80
1117.94
17167.09
1211.88
1188.99
1183.03
1194.95
1194.95
1178.98
19264.94
1112.94
1110.08
1089.10
1095.06
1091.00
1142.98
1129.15
1122.95
1113.89
1101.97
1111.98
25153.88
1163.96
1140.12
1127.96
1137.97
1139.16
18254.04
1151.80
1114.85
1105.07
1128.91
1100.06
1110.08
17166.85
1144.89
1091.96
1106.02
1106.02
1089.10
1086.00
1085.04
1119.85
24226.90
1149.89
1128.20
1127.00
1135.11
1129.15
1126.05
1132.01
1127.00
1127.00
22803.07
1166.11
1152.99
1127.96
1132.01
1107.93
1123.91
1099.82
1096.96
25134.09
1120.09
1089.81
1077.89
1127.96
1130.10
1116.99
9166.00
1173.02
1125.10
1127.00
1134.87
1128.20
1136.06
17177.10
1155.14
1116.04
1103.16
1102.92
1086.95
1084.09
1082.18
19052.98
1173.97
1153.95
1137.02
1129.15
1081.94
1125.81
1127.96
25150.06
1190.90
1163.96
1168.97
1178.03
1178.03
1180.17
1165.87
23913.86
1203.06
1157.05
1142.98
1142.02
1126.05
1110.79
1102.92
1087.19
1081.94
1086.00
16524.08
1134.16
1110.08
1122.00
1142.98
1101.97
23360.01
1191.85
1183.99
1187.09
1168.01
1158.95
1155.14
1126.05
1135.11
1115.08
21228.08
1173.02
1175.88
1185.18
1178.98
1183.99
1177.07
1171.11
1161.10
1157.05
25191.07
1168.97
1138.93
5008.94
1194.00
11132.96
1132.01
1091.96
1094.82
1106.98
1104.12
1122.00
1122.95
1132.97
1107.93
1115.08
22671.22
1141.07
1132.97
1129.87
1119.85
1112.94
1144.17
1136.06
1122.00
17169.95
1181.13
1131.06
1118.18
1104.12
1114.13
1121.04
16728.16
1181.13
1117.94
1109.84
1105.79
1090.05
22922.04
1162.05
1132.01
1131.06
1134.16
1106.02
1108.17
1111.03
1115.08
1110.08
1113.89
21239.04
1113.89
1087.19
1097.92
1092.91
1099.11
1108.17
1112.94
1082.90
1080.99
29232.03
1239.06
1181.84
1168.01
1154.90
1086.95
10792.02
1173.02
1145.12
1122.00
1141.07
1129.87
1122.95
1116.04
1109.12
1105.07
1112.94
22999.05
1127.96
1108.88
11871.81
1147.03
1131.06
1162.05
1170.16
1168.01
1181.13
17231.23
1127.96
1111.98
1122.00
1115.08
1119.85
1125.81
11796.00
1127.96
1124.86
1113.89
1147.03
1121.04
1122.95
1119.85
17244.82
1134.87
1119.85
1123.91
1106.98
1116.04
1124.14
21240.00
1106.98
1094.10
1105.07
1106.98
1104.83
1110.08
1116.04
1112.94
1127.96
1146.08
29151.20
1112.94
1101.97
1114.13
1132.97
22539.85
1208.07
1181.13
1178.03
1149.89
1122.00
1119.85
1139.88
1116.04
1129.87
1127.00
21241.90
1163.01
1152.99
1160.86
1186.85
1183.99
1183.99
1137.97
1125.10
1122.00
25181.06
1178.98
1145.12
1123.91
1164.91
1118.18
1109.12
4587.89
1108.88
1093.86
1098.87
17157.79
1174.93
1160.86
1142.98
1162.05
1176.12
1186.85
1184.94
1180.17
1168.97
25208.00
1207.11
1157.05
1150.13
1142.02
1120.09
1122.00
1106.98
1105.07
1108.17
1123.91
25251.87
1151.08
1147.99
1154.18
1166.11
1182.08
22324.09
1132.01
1114.85
1118.90
1119.14
1110.08
1121.04
1109.84
1172.78
1188.04
21210.91
1125.10
1085.04
1089.10
1105.07
1096.96
1096.01
1105.07
1106.98
1106.02
1113.18
25157.93
1157.05
1125.10
1122.00
4877.81
1123.91
1106.98
6135.94
1155.85
1142.98
17201.19
1137.97
1116.99
1127.00
1118.90
1119.14
1121.04
11624.10
1173.97
1150.85
3732.92
1146.79
1126.05
1131.06
1130.10
1127.96
1128.20
17223.83
1152.99
1147.03
1152.99
1160.86
1181.84
20501.85
1143.93
1096.01
1089.10
1091.00
1103.16
1110.08
1106.98
17154.93
1152.04
1096.96
1091.96
1100.06
1089.10
1092.91
17138.00
