1417.88
1374.01
11596.92
1451.97
1409.77
1368.05
11714.22
1407.86
1389.03
11585.00
1440.05
1374.01
1407.86
11689.90
1386.88
1390.93
11595.01
1444.10
1420.02
1383.07
11680.84
1414.06
1402.14
11587.14
1456.02
1384.97
1394.03
11693.00
1420.97
1379.97
11605.02
1452.92
1397.85
1384.02
11796.95
1414.06
1386.17
10173.08
6597.04
1453.88
1409.05
1382.11
11660.10
1413.82
1369.95
11585.00
1456.98
1379.97
1378.06
11611.22
1413.11
1365.90
11574.98
1475.10
1379.97
1361.13
6520.03
1420.02
1382.11
1374.01
11682.99
1394.99
1409.05
11603.12
1451.97
1407.15
1394.03
11708.02
1414.06
1384.02
11615.99
1456.98
1398.09
1385.93
11677.03
1415.97
1394.03
11591.91
1433.85
13185.02
1508.00
1372.10
1380.92
11586.90
1456.02
1363.04
1362.09
11672.97
1402.85
1367.09
9053.95
1423.12
11668.92
1414.06
1378.06
11590.00
1456.02
1384.02
1363.99
11603.12
1458.17
1387.12
11548.04
1497.98
1398.09
1389.98
11622.91
1447.92
1384.97
1428.13
1527.07
1398.80
1374.01
6547.21
1430.99
1386.88
1364.95
11675.12
1397.85
1381.87
11641.98
1456.02
1372.81
1387.83
11729.96
1400.95
1359.22
16711.95
1480.10
2216.82
11626.96
1456.02
1371.15
1374.96
11674.88
1407.86
1382.11
11626.96
1454.11
1413.11
1425.98
11760.00
1510.86
1397.85
11698.01
1418.11
1362.09
11585.00
1465.08
1379.97
1370.19
9906.05
1453.16
1399.04
1374.96
1354.93
11657.00
1379.97
1406.91
11521.82
1435.04
1372.10
1413.11
11669.16
1382.11
1358.03
16666.89
1489.88
1406.91
1381.87
11662.96
1421.93
1391.89
11564.02
1482.01
1405.95
1378.06
11573.08
1439.09
1395.94
11554.00
1503.94
1416.92
1397.85
11601.92
1438.86
1368.05
1364.95
6569.86
1409.05
1362.09
11573.79
1439.09
1389.03
1401.90
11704.92
1402.14
1383.07
11594.77
1446.96
1374.96
1412.87
16874.07
1425.98
1379.97
11620.04
1455.07
1389.03
1416.92
11722.80
1390.93
1394.99
11597.87
1445.06
1394.99
1385.93
11696.82
1386.17
1389.03
8204.94
1444.10
11574.03
1472.00
1402.14
1374.96
11594.06
1427.89
3211.98
1438.86
1416.92
1373.05
11649.85
1419.07
1389.98
11565.92
1441.96
1388.07
12820.96
1447.92
1384.02
1375.91
11699.91
1419.07
1384.97
11608.84
1441.00
1398.80
1369.00
11690.86
1420.02
1446.96
11490.11
1440.05
1380.92
1381.16
11712.07
1399.99
1384.97
11597.16
1468.18
1385.93
1412.87
9991.88
6608.96
1430.03
1376.15
11590.96
1445.06
1402.14
1382.11
11627.91
1412.87
1385.21
11531.11
1474.14
1393.08
7910.01
1446.96
1363.99
1372.10
11659.15
1407.86
1386.88
11610.98
1424.07
1388.79
1390.93
11657.00
1392.13
1455.07
11716.84
1443.86
1389.98
1380.21
11662.96
1421.93
1367.81
11599.06
1430.03
1410.96
1371.15
11678.93
1390.93
8451.94
1421.93
1376.87
11600.02
1445.06
1387.83
1385.93
10353.09
6628.99
1395.94
1371.15
11584.04
1444.10
1420.02
1377.82
11687.99
1420.97
1396.89
11605.98
1460.08
1459.12
1494.17
11701.11
1387.12
1385.93
11617.90
1434.09
1387.12
1370.19
11667.97
1420.02
1383.07
11586.90
1425.03
1373.77
1382.11
11668.92
1384.02
1376.15
6509.07
1434.80
1399.04
1369.00
11615.99
1434.09
1407.86
11532.07
1474.14
1379.01
13085.84
1442.91
1379.97
1396.89
11666.06
1394.99
1377.82
11605.98
1439.81
1394.03
1376.15
11668.92
1389.98
1387.83
11601.92
1436.00
1384.02
1391.17
11718.03
1405.00
1377.11
11613.13
1446.01
1384.02
1384.02
9743.21
6538.15
1436.00
1369.00
11608.12
1482.01
1446.96
1395.94
10200.02
6616.83
1420.02
1387.12
11564.02
1456.02
1398.09
1386.17
11574.98
1433.85
1415.01
1371.86
11653.90
1394.99
1388.07
11576.18
1439.09
1387.12
1383.07
11687.99
1406.19
1378.06
11595.96
1443.15
1400.95
1377.11
11692.05
1407.15
1405.95
11602.88
1446.96
1378.06
1377.11
11712.07
1406.91
1362.80
11585.00
1437.90
1377.82
1363.99
11676.07
1410.01
1376.87
11585.00
1432.90
1374.01
1371.86
11632.92
1415.97
1373.05
11555.91
1480.82
1386.88
1370.91
6533.86
1430.03
1388.07
1372.10
11654.14
1384.02
1428.84
11674.88
1439.09
1387.12
1393.08
20736.93
1454.11
1404.05
1382.83
11656.05
1401.19
2624.99
1463.89
1399.04
1373.05
11599.06
1427.89
1394.03
1386.17
11720.90
1396.89
1384.97
11614.80
1461.03
1405.00
1373.05
11723.04
1444.82
1364.95
11612.89
1446.96
2190.83
11640.07
1434.09
1388.79
1401.90
11652.95
1381.87
1372.81
11615.04
1440.05
1386.88
1366.85
11698.01
1399.99
1384.02
11614.08
1443.86
1410.96
1374.96
11682.03
1420.02
1389.98
11622.91
1451.02
1387.12
1385.93
11709.93
1400.95
1394.99
11605.02
1477.00
1464.84
1375.91
11687.99
1420.02
13864.99
1410.01
1391.89
11615.04
1435.04
1363.99
1363.04
11718.03
1392.84
1374.01
11605.02
1437.90
1400.95
1363.04
11686.09
1397.13
1394.99
11598.11
1436.23
1380.92
1379.01
11696.10
1397.85
1370.91
11598.83
1436.95
1382.83
1360.89
11675.83
1430.99
1357.08
11579.99
1435.04
1386.88
1383.07
11602.88
1422.88
1379.97
2784.01
1395.94
1374.96
11573.08
1432.90
9410.86
1397.85
1378.06
11571.17
1441.96
1393.08
1378.06
11657.00
1408.10
1379.01
11586.90
1441.00
1384.97
12857.20
1446.01
1379.97
1374.01
11664.87
1410.01
1377.11
11612.18
1449.11
1400.95
1399.04
11731.15
1384.02
1391.89
11579.99
1441.96
1384.02
2715.11
1387.12
1384.02
11589.05
1435.04
1390.93
1389.03
11687.99
1414.06
1372.81
11605.02
1454.11
1383.78
1374.96
11638.88
1436.00
1389.03
11549.95
1473.90
1407.86
1376.87
11591.91
1436.00
12974.02
1512.05
1389.03
1363.04
11604.07
1451.02
1380.92
1369.95
11677.03
1405.00
1382.11
11579.99
1446.01
1410.01
1384.97
11687.04
1394.03
1400.95
11610.98
1443.86
1375.91
1387.83
11693.95
1406.91
1376.87
11575.94
1428.84
1425.98
1497.03
11660.81
1394.03
1398.09
11595.96
1437.90
1377.82
1384.97
11698.01
1405.95
1389.03
11605.98
1432.90
1385.93
1365.90
11662.96
1409.05
1379.01
11585.95
1444.10
1407.15
1383.07
11677.98
1405.95
12837.89
1492.02
1394.03
1379.97
11610.98
1466.04
1379.97
1374.96
11651.99
1409.05
1392.13
11602.16
1436.00
1389.03
1372.10
11698.01
1408.10
1414.06
11609.08
1436.00
1381.16
1379.97
11673.93
1401.90
1380.92
11610.98
1430.99
1411.91
1367.81
11682.99
1403.09
1399.04
11607.89
1440.05
1378.06
1395.94
11708.02
1400.95
1388.07
6546.02
1430.03
1386.88
1367.09
11665.82
1403.09
1382.11
11595.96
1447.92
1376.87
1392.84
11686.09
1423.12
1384.02
6619.93
1449.11
1403.81
1374.01
11667.01
1419.07
13026.00
1456.98
1383.07
1384.97
11670.11
1420.02
1389.03
11584.04
1430.03
1401.90
1383.78
11636.97
1420.97
1400.95
11580.94
1467.94
1379.97
12980.94
1441.96
1378.06
1402.85
11660.10
1404.05
1383.07
11623.14
1450.06
1391.89
1382.11
11651.99
1405.00
1412.87
11595.01
1425.98
1384.97
1412.15
11696.10
1405.00
1376.87
11604.07
1446.01
1383.07
1369.00
11685.13
1408.10
1389.03
11594.06
1436.00
1394.99
1369.95
11674.88
1411.91
1392.84
11595.96
1450.06
1379.01
1388.07
11693.00
1430.99
1381.16
11603.12
1449.11
1399.99
1379.97
11689.90
1405.95
1397.13
11593.10
1437.19
1389.98
1400.95
11675.12
1405.00
1365.90
11594.06
1453.16
1395.94
1381.87
11654.14
1425.03
1386.88
11566.88
1470.09
1378.06
1386.17
11610.98
1451.97
1390.93
11585.00
1499.89
1378.06
1379.97
11602.88
1452.92
1394.99
1382.11
11667.97
1413.11
1378.06
11590.96
1430.03
1399.04
1386.88
11605.98
1415.01
1399.04
11591.91
1453.88
1379.01
1406.91
6596.09
1401.90
1393.08
11597.16
1438.14
1377.11
1395.94
11702.06
1402.14
1374.01
11596.92
1451.97
1391.17
1369.95
11749.98
1426.22
1380.92
10199.07
11673.93
1450.06
1377.11
1394.03
11672.02
1410.01
1379.97
11596.92
1450.06
1404.05
1382.11
11643.17
1402.14
1385.93
11590.00
1466.04
1381.87
1412.87
11690.86
1416.92
1361.85
11592.86
1465.08
1384.02
1391.17
11670.11
1420.97
1381.87
11574.98
1451.97
1401.19
1372.10
11617.18
1422.17
1380.92
11580.94
1497.98
1394.03
1386.88
11599.06
1439.81
1386.88
1369.95
11652.95
1420.02
1393.08
11594.06
1441.96
1399.04
1380.92
11672.02
1406.91
1397.85
11610.03
1443.86
1384.97
1379.97
11670.11
1395.94
1374.96
11611.94
1434.09
1412.87
1387.83
11687.04
1412.15
1389.03
11598.83
1430.03
1379.97
1404.05
8357.05
1399.99
6515.98
1432.90
1394.03
1383.07
11697.05
1383.78
1363.99
11593.10
1433.85
1390.93
1382.83
11688.95
1416.21
1387.12
11577.13
1441.00
1409.05
1381.16
11702.06
1394.99
13015.99
1447.92
1393.08
1375.91
11671.07
1425.03
1374.01
11577.13
1443.15
1392.13
1371.15
11662.96
1395.94
1399.99
11595.96
1446.96
1393.08
1421.93
11685.13
1413.11
1381.87
11602.88
1455.07
1404.05
1365.18
11664.15
1420.97
1390.93
11567.12
1455.07
1389.03
1384.02
11603.83
1441.96
1386.88
11575.94
1498.94
1383.07
1376.87
11618.85
1436.00
1374.96
1369.95
11687.99
1411.91
1377.82
11583.09
1430.99
1399.99
1381.87
11677.03
1403.09
1409.77
11594.06
1451.02
1390.93
1436.00
11725.90
1408.82
1386.88
11600.97
1436.00
1394.99
1370.91
11699.91
1399.04
1394.99
11580.94
1429.08
1388.79
1401.90
11689.90
1397.85
1378.06
11600.97
1440.05
1393.08
1369.00
8687.02
1412.15
6587.03
1410.01
1388.07
11593.10
1438.14
1407.15
1384.02
10456.09
6598.00
1413.11
1374.01
11595.96
1432.18
1393.08
1374.01
11666.06
1400.95
1397.85
11591.91
1446.01
1369.95
1394.03
11691.81
1401.90
1374.96
11694.91
1437.90
1372.10
1369.00
10255.10
1430.03
1375.91
1386.88
11579.99
1446.01
1384.97
1401.19
11667.01
1405.95
1384.97
11587.14
1466.04
1378.06
1370.91
11708.97
1424.07
1382.83
10178.09
11667.97
1470.09
1399.04
1397.13
11663.91
1427.89
1374.96
11582.85
1442.91
1400.95
1374.01
11629.82
1412.87
1394.03
11549.00
1489.88
1388.07
1400.95
11614.08
1428.13
1378.06
1405.95
11676.07
1397.13
1378.06
11591.20
1434.09
1402.14
1359.94
11688.95
1396.89
1387.83
11600.02
1442.19
1385.93
1405.95
11703.01
1389.98
1381.16
11613.13
1454.11
1387.12
1371.15
11677.98
1405.00
1388.07
11585.00
1439.09
1398.09
1376.15
11670.11
1404.05
1385.93
11590.00
1450.06
1401.19
1382.11
6607.06
1416.21
1392.13
11585.95
1446.96
1381.87
1400.95
11703.01
1423.12
1374.96
11594.06
1451.97
1422.88
1498.94
16788.96
1434.80
1395.94
11600.02
1456.02
1396.18
1378.06
11686.09
1415.01
1384.97
11597.87
1451.02
1397.13
1388.07
11585.95
1413.11
1376.15
11592.15
1470.09
1392.13
1368.05
6559.85
1419.07
1393.08
11530.16
1482.96
1386.88
1386.88
11616.95
1443.86
1378.06
1399.04
11675.12
1404.05
1363.04
11659.86
1461.98
1385.93
1374.96
20471.10
1500.84
1394.03
1369.95
11618.85
1465.08
1389.03
1393.08
11658.91
1421.93
1371.86
11596.92
1430.03
1391.89
1374.96
11675.83
1410.96
1401.90
11607.89
1454.83
1391.89
1378.06
6613.02
1407.86
1384.02
11593.10
1446.01
1405.95
1382.83
11695.86
1401.90
1379.01
11583.09
1446.01
1410.96
1513.00
11687.99
1409.05
1380.21
11599.06
1435.04
1399.99
1375.20
11686.09
1394.03
1396.89
11617.90
1435.04
1384.97
1386.88
11713.03
1394.99
1389.98
11614.08
1447.92
1393.80
1378.06
11695.15
1424.07
1385.21
11599.06
1449.11
1394.03
8342.03
1396.18
1373.05
11586.90
1446.01
1392.84
1371.86
15597.11
1436.95
1420.97
7073.16
1472.95
1389.03
1405.95
11613.85
1431.94
1380.92
1390.93
11670.11
1405.00
1380.92
11597.16
1450.06
1390.93
1375.91
11671.07
1408.82
1394.03
11599.06
1440.05
1394.03
1400.95
11700.15
1405.95
1383.07
16696.93
1462.94
1389.03
1394.99
11706.83
1403.09
1382.11
11657.00
1446.96
1394.99
1363.04
10324.95
1425.98
1396.89
1365.90
11605.02
1440.05
1374.01
1394.99
11703.01
1402.85
1380.92
11619.81
1461.03
1394.03
1384.02
11691.09
1418.11
1379.97
11609.08
1441.00
1403.09
1382.11
11687.04
1414.06
1391.89
11604.07
1449.11
1394.99
1388.07
16762.02
1418.83
1385.93
11615.99
1461.98
1392.84
1374.01
6612.06
1394.03
1405.95
11589.05
1451.97
1382.11
1408.10
11679.17
1415.01
1388.07
11595.01
1461.03
1393.08
1369.95
11667.97
1428.84
1389.98
11580.94
1449.11
1387.83
1386.88
11652.23
1420.97
1400.95
11578.80
1480.10
1394.03
1376.87
16681.91
1466.04
1387.83
11575.94
1494.88
1394.03
1362.09
6534.10
1430.03
1412.15
1377.11
11667.97
1399.04
1404.05
11602.88
1426.94
1377.11
1392.84
11703.97
1419.07
1382.11
11609.08
1444.82
1401.90
1377.82
11687.04
1400.95
1389.03
11615.99
1447.92
1384.02
1385.21
11703.01
1391.17
1378.06
11626.01
1450.06
1388.07
1379.01
9722.95
11564.02
1441.96
1380.92
1395.94
11664.87
1394.03
1387.12
6525.04
1429.08
1418.83
1384.02
11689.19
1398.09
1392.13
11615.04
1432.90
1394.99
1394.03
11709.93
1406.19
1372.10
11605.98
1451.02
1386.17
1368.05
11695.15
1413.82
1371.86
11588.10
1444.10
1384.02
1394.03
11683.94
1387.83
1371.86
16690.02
1450.06
1392.84
1399.99
11698.01
1415.97
1389.98
6527.19
1425.03
1396.89
1394.99
11665.11
1402.14
1390.93
11606.93
1477.96
1397.13
1389.98
11662.01
1431.94
1377.11
11587.86
1446.01
1420.97
1378.06
11649.13
1405.00
1401.90
11570.93
1464.84
1394.99
1399.99
11600.97
1433.85
1382.83
1389.98
11644.84
1399.04
1388.07
9575.13
11507.03
1464.84
1396.89
1403.09
11600.97
1453.88
1386.88
1384.97
6596.80
1394.03
1382.11
11592.86
1452.92
1389.03
1377.11
11697.05
1400.95
1391.89
16579.87
1455.07
1381.16
1402.14
11691.09
1404.05
1367.09
11626.96
1461.98
1399.99
1369.00
11694.91
1407.86
1399.99
11598.83
1447.92
1399.99
1367.09
11673.93
1399.04
1376.15
11605.98
1456.98
1382.83
1369.00
11687.04
1421.93
1388.79
11597.87
1444.10
1409.05
1389.03
11669.87
1407.86
1399.04
11567.12
1444.10
1384.97
1387.12
11598.11
1447.20
1383.07
1374.96
11648.89
1411.91
1380.92
11601.92
1428.84
1399.99
1373.05
11677.03
1399.04
1404.05
11598.83
1443.86
1385.93
1400.95
11701.11
1402.14
1362.09
11592.15
1444.10
1383.07
1363.99
11660.10
1406.19
1368.05
11585.00
1440.05
1391.17
1375.91
11677.03
1405.95
1375.91
11603.83
1456.98
1400.95
1373.05
6599.90
1387.83
1395.94
11557.10
1465.80
1389.98
1404.05
11614.80
1436.00
1388.79
11550.90
1499.89
1391.89
1379.01
11602.16
1450.06
1393.08
1369.00
11649.13
1407.15
1389.98
11585.00
1436.95
1384.97
1386.17
11697.05
1397.13
1382.11
11604.07
1448.87
1381.87
1362.09
11665.11
1414.06
1387.83
11586.90
1438.86
1409.05
1378.06
11665.82
1398.09
1403.09
11595.01
1473.90
1388.07
1390.93
11674.88
1420.02
1384.97
11582.85
1436.95
1399.99
1372.81
11665.82
1415.97
1387.83
16650.92
1576.90
1402.85
1396.18
11694.91
1422.88
1406.91
11621.95
1463.89
1375.91
1390.93
11697.05
1417.88
1381.87
11607.89
1448.87
1394.99
1373.05
11687.99
1403.09
1402.85
11586.90
1463.89
1387.83
1406.91
11679.89
1399.99
1373.05
11596.92
1467.94
1385.21
1374.96
11646.99
1422.17
1382.11
11548.04
1475.81
1406.91
1379.97
11597.87
1438.86
1395.94
1378.77
11675.12
1395.94
1379.01
11607.17
1464.13
1390.93
1373.05
11685.13
1424.07
1383.78
10333.06
1461.98
1389.03
1404.05
1369.95
11651.99
1384.97
1385.93
11605.02
1431.94
1380.21
1390.93
11682.03
1389.03
1378.06
11606.93
1442.91
1397.85
1368.05
20620.11
1495.84
1401.90
1379.01
11595.96
1446.96
1379.01
1378.06
11674.88
1430.03
1379.01
11602.88
1430.99
1382.83
1382.83
11592.86
1399.99
1419.07
11713.03
1448.15
1373.05
1394.99
11689.90
1415.01
1379.97
2341.99
1382.11
1377.11
11603.12
1453.16
1384.02
1372.10
11686.09
1420.02
1390.93
11590.00
1430.99
1386.88
1379.97
11688.95
1405.00
1397.13
11612.18
1444.10
1389.03
1380.92
11673.21
1420.02
1381.87
11590.96
1441.00
1399.99
1384.97
11641.98
1399.99
1399.04
11595.01
1447.20
1391.89
13006.93
1421.93
1377.11
11569.02
1456.98
1379.97
1378.06
11600.02
1444.82
1395.94
1362.80
11647.94
1399.99
1389.98
11582.85
1445.06
1394.99
12990.00
1407.15
1385.21
11605.02
1461.98
1383.07
1375.20
11688.95
1413.82
1375.91
11619.09
1456.02
1399.99
1363.04
11674.17
1405.00
1406.91
11592.86
1477.00
1385.21
1379.97
11672.97
1433.85
1372.81
11589.05
1446.01
1410.01
1393.08
11667.01
1401.90
1399.99
11597.16
1451.97
1384.02
1398.09
11688.95
1420.97
1384.02
11588.10
1461.98
1396.89
1376.87
11673.93
1411.91
1388.07
11569.02
1458.17
1394.03
1397.85
11537.79
1427.89
1369.95
1389.03
11682.99
1401.19
1372.10
11610.03
1451.02
1412.87
1360.89
11704.92
1419.07
1394.03
11603.12
1428.84
1393.08
1373.05
11707.07
1397.85
1382.83
11592.86
1447.92
1383.07
1420.97
11744.02
1415.01
1394.03
11602.16
1448.15
1399.04
1363.99
6640.91
1405.95
1384.02
11605.98
1437.90
1387.12
1374.96
11695.86
1425.98
1378.06
10270.83
6581.07
1438.14
1383.07
1369.95
11669.16
1418.11
1389.98
11595.96
1427.89
1382.83
1369.95
11701.82
1403.09
1394.03
11598.11
1447.92
1384.02
1416.92
11816.98
1418.11
1376.15
11595.96
1434.09
1394.99
1370.91
11682.03
1395.94
1394.99
11619.81
1441.00
1389.03
1392.13
11705.88
1414.06
1401.19
11615.04
1446.96
1387.12
1369.95
11687.04
1418.11
1389.98
11608.12
1436.95
1389.98
1388.79
11706.11
1400.95
1379.01
11603.12
1466.99
1382.11
1390.93
11690.86
1417.88
1392.13
11584.04
1439.09
1397.85
1381.87
11677.03
1403.09
1389.03
11598.11
1450.06
1395.94
1388.07
11685.13
1419.07
1377.11
11703.01
1456.98
1408.82
1373.05
11666.06
1408.82
1430.99
11598.11
1446.96
1384.97
1384.97
11689.90
1415.97
1377.11
11609.08
1461.03
1386.88
1365.90
8214.00
1436.00
11590.00
1453.88
1378.06
1386.88
11680.84
1425.98
1377.82
11604.07
1465.08
1399.99
1377.11
11672.97
1430.03
1400.95
11554.96
1448.15
1394.03
1379.01
11662.01
1401.19
12868.88
1490.12
1393.08
1374.96
11609.08
1464.13
1389.98
1377.82
11650.09
1415.97
1380.21
11610.98
1448.87
1394.03
1377.11
11660.81
1398.09
1415.01
11608.84
1453.88
1377.11
1378.06
11672.02
1430.03
1389.98
11602.88
1451.02
1410.96
1386.88
11682.99
1389.98
1405.95
11605.02
1439.09
1388.07
2750.87
1399.99
1388.07
11582.14
1431.94
1392.84
1401.90
11651.99
1409.05
1384.97
11575.94
1473.90
1394.99
1377.11
11600.02
1450.06
1398.09
1378.06
20658.02
1458.88
1389.98
1378.06
11680.13
1430.03
1384.02
11601.92
1438.86
1415.01
1373.05
11667.97
1400.95
1389.03
11499.17
1466.99
1393.08
1394.03
11625.05
1426.94
1373.05
6508.83
1477.96
1405.00
1399.99
11596.92
1441.96
1400.95
1382.11
11689.19
1415.01
1394.03
11598.11
1460.08
1401.90
1387.12
11718.03
1418.83
1382.11
10235.07
11694.19
1420.97
1378.06
11542.08
1493.93
1395.94
1423.84
11784.08
1433.13
1389.03
11567.83
1459.84
1404.05
1384.02
11398.79
1420.02
1383.78
1400.95
11684.89
1409.05
1371.86
11600.97
1454.11
1384.02
1373.05
11687.04
1412.87
1405.00
11595.96
1456.02
1394.03
1368.05
11677.98
1394.99
1408.10
11598.11
1449.11
1403.81
1386.88
11674.88
1420.02
1383.07
11601.92
1446.01
1404.05
1394.03
11681.08
1415.97
1407.86
11591.91
1445.06
1388.07
1412.87
11692.05
1405.00
1381.16
11596.92
1463.89
1388.07
1375.91
11673.93
1411.91
1391.89
11587.86
1458.88
1399.99
1379.97
11665.11
1404.05
1384.97
11573.08
1455.78
1386.88
1378.06
6518.13
1419.07
1408.82
1375.91
11653.90
1388.79
1394.03
11608.12
1435.04
1394.99
1378.77
11682.99
1404.05
1374.01
11675.83
1476.05
1389.98
1376.87
10256.05
1486.06
1415.97
1387.12
11597.16
1445.06
1415.01
1381.87
11673.93
1394.03
1389.03
11555.19
1439.09
1373.05
1377.11
11699.91
1399.99
1385.93
11600.97
1456.98
1384.02
1369.95
11686.09
1415.01
1379.97
11582.85
1447.92
1412.87
1394.99
11685.85
1394.03
1380.92
11606.93
1464.84
1379.01
1382.11
11690.14
1414.06
1383.07
11582.85
1445.06
1416.21
1379.01
11692.05
1414.06
1399.04
11613.85
1450.06
1388.07
1387.12
11676.07
1411.91
1375.20
11604.07
1443.15
1397.13
1394.03
10176.18
6611.11
1414.06
1382.83
11591.91
1450.06
1407.15
1384.02
11650.09
1419.07
1384.97
11536.12
1480.10
1397.13
12843.13
1440.05
1382.11
1389.03
11689.90
1425.03
1384.97
11614.80
1420.97
1422.88
1379.97
11678.93
1392.13
1392.13
11610.03
1438.86
1375.91
1395.94
11695.15
1419.07
1388.07
6532.91
1425.03
1388.07
1367.09
11662.01
1407.15
1405.95
11602.88
1440.05
1376.87
1399.99
11680.13
1413.11
1385.93
11703.97
1471.04
1393.08
1377.11
10236.98
6628.04
1408.10
1384.02
11590.96
1448.87
1405.00
1384.97
11682.03
1404.05
1417.88
16626.83
1456.02
1405.00
1420.97
11781.93
1405.00
1394.03
11610.98
1436.00
1374.96
1386.88
6600.86
1415.97
1378.77
11589.05
1449.11
1398.80
1383.07
11657.95
1396.89
1376.87
11608.12
1481.06
1391.17
1384.02
11679.17
1422.17
1385.93
11578.08
1453.16
1398.09
1387.12
16034.13
1447.20
1416.92
1384.97
11667.01
1413.82
1389.98
11588.10
1462.94
1379.97
1390.93
11657.95
