1150.85
1150.85
1147.03
25211.10
1178.98
1152.04
1148.94
1161.81
1150.85
1155.85
1156.81
1154.90
1160.86
25179.86
1226.90
1176.12
1170.16
1179.93
1173.02
1168.97
1154.18
1137.02
1147.03
1148.22
25321.96
1248.12
1240.02
1227.86
1194.00
1185.89
1188.04
1168.97
1162.05
1162.05
25300.98
1204.97
1194.00
1198.05
1193.05
1181.84
1171.83
1180.89
1178.98
1182.08
17272.95
1182.08
1160.14
1162.05
1162.05
1162.05
1163.01
1185.89
1204.97
1194.00
1209.02
1192.09
1194.95
17263.89
1183.99
1160.14
1177.07
1165.15
1161.10
1158.00
1146.08
1189.95
1194.95
1191.14
1169.92
1173.97
1171.11
17287.02
1209.97
1193.05
1208.07
1202.11
1195.91
1199.96
1192.09
1191.14
1195.91
1105.79
1136.06
1149.89
29227.02
1189.95
1163.01
1153.95
1118.90
1128.91
1122.00
1137.97
1132.01
1127.96
1137.97
1129.15
1125.10
1127.96
17203.09
1234.05
1215.93
1202.11
1158.95
1157.05
1163.96
1168.97
1166.11
1188.99
1250.03
1185.89
1187.80
17246.01
1261.00
1219.99
1219.99
1210.93
1207.11
1224.04
1208.07
1192.81
1199.96
1212.12
1199.96
1185.89
1188.04
25228.98
1155.14
1141.07
1142.02
1159.19
1168.97
1180.89
1161.10
1168.97
1158.95
25286.20
1235.01
1219.99
1216.89
1219.03
1220.94
1224.99
1224.99
1223.09
1215.93
25310.99
1230.00
1220.94
1240.97
1235.01
1224.99
1227.14
1219.03
1063.11
25285.01
1283.17
1267.91
1271.96
1272.20
1271.01
1261.95
1158.00
1133.92
1132.97
25212.05
1184.94
1161.10
1180.17
1140.12
1090.05
1111.03
1158.00
1154.90
1147.03
29181.96
1271.01
1237.87
1230.00
1250.03
1254.80
1245.02
1204.97
1182.08
1183.99
1186.85
1179.93
1181.13
1183.99
17274.86
1189.95
1194.00
1194.00
1190.90
1183.99
1199.96
1198.05
1180.89
1187.80
1169.92
1174.21
1163.96
17251.01
1200.91
1184.94
1173.02
1137.97
1156.09
1158.95
1174.93
1158.95
1162.05
1183.03
1165.15
1159.91
1153.95
17345.19
1242.88
1248.84
1260.04
1243.11
1251.94
1245.98
1240.02
1234.05
1252.17
1259.09
1244.07
17297.03
1195.19
1209.02
1280.07
1218.08
1197.10
1192.09
1213.07
1194.00
1195.91
1181.84
1134.87
1139.88
1142.98
17256.02
1142.02
1135.11
1147.99
1221.90
1209.97
1217.13
1204.01
1199.01
1199.01
1214.03
1201.15
1199.01
25261.16
1172.07
1150.13
1148.94
1222.85
1248.12
1260.04
1270.06
1258.85
1264.81
25327.92
1200.91
1201.15
1200.91
1194.95
1193.05
1216.89
1205.92
1198.05
1201.87
25299.07
1206.87
1194.95
1208.07
1198.05
1193.05
1199.01
1207.11
1204.97
1198.05
25287.87
1201.87
1188.99
1199.01
1192.09
1229.05
1190.19
1212.84
1230.00
25244.95
1269.10
1204.97
1194.00
1180.89
1199.96
1223.09
1217.13
1210.93
1205.21
37273.88
1207.11
1169.92
1178.03
1174.93
1067.88
1097.20
1132.01
1173.02
1176.83
1178.03
13274.91
1196.86
1186.85
1186.85
1185.89
1176.83
1182.79
2421.86
1148.94
37299.87
1204.01
1194.00
1204.01
1203.06
1200.20
1200.91
1199.01
1197.10
1199.96
25273.08
1181.84
1178.03
1187.09
1173.97
1178.03
1181.13
1177.07
1174.93
1175.88
25261.88
1153.95
1145.12
1151.08
1147.99
1145.84
1148.22
1159.91
1203.78
1241.92
9281.16
1171.11
1163.01
1167.06
1154.90
1152.99
1161.81
1170.87
1163.01
1130.10
25224.92
1185.89
1161.10
1152.99
1159.91
1156.81
1158.95
1156.09
1143.22
1138.93
25188.92
1242.16
1200.91
1204.97
1158.95
1163.96
1162.05
1166.11
1152.04
1150.13
1148.94
25211.81
1152.04
1147.99
1160.14
1151.08
1161.10
1173.02
1171.11
1163.01
1177.07
25321.01
1236.92
1224.99
1224.99
1210.93
1212.12
1219.99
1209.97
1212.12
1213.07
25304.08
1219.99
1221.90
1222.13
1217.13
1224.04
1216.89
1215.93
1213.07
17264.84
1168.97
1139.16
1133.92
25259.02
1176.12
1162.05
1146.08
1152.04
1171.11
1170.16
1174.93
1178.03
1178.03
25288.11
1194.95
1183.03
1178.98
1178.03
1184.94
1182.08
1188.04
1194.95
1188.99
25303.84
1205.92
1183.99
1194.00
1186.85
1183.03
1185.89
1192.81
1186.85
1188.04
25295.02
1194.95
1186.13
1185.89
1183.99
1180.17
1177.07
1111.98
1145.84
1142.98
25222.06
1177.07
1152.99
1146.08
1158.95
1176.83
1173.97
1176.12
1168.97
1169.92
1186.13
1167.06
1176.12
1168.97
17338.04
1242.16
1256.94
1281.98
1265.05
1264.81
1205.92
1176.12
1178.03
1187.09
1173.02
1171.83
1173.02
17291.07
1210.93
1195.91
1206.16
1196.86
1191.85
1201.87
1188.04
1192.09
1192.09
1158.00
1174.93
1182.08
17242.91
1185.89
1158.95
1152.04
1156.09
1170.87
1169.92
1174.93
1173.97
1175.88
1168.01
1168.01
1174.93
1166.82
17318.01
1198.05
1186.85
1194.00
1184.94
1186.13
1178.03
1179.93
1183.99
1186.13
1200.91
1194.00
1194.00
17257.93
1199.01
1180.89
1175.88
1172.78
1173.97
1175.17
1178.03
1174.93
1172.07
1178.98
1268.15
1265.05
17297.98
1210.93
1187.09
1178.98
1154.90
1142.98
1131.06
1140.12
1130.10
1125.10
1129.87
1150.85
1127.96
1129.15
25212.05
1184.94
1163.96
1158.00
1154.90
1150.85
1161.81
1166.82
1162.05
1168.97
25233.03
1218.08
1200.91
1190.90
1191.14
1187.09
1183.03
1178.98
1183.99
1183.99
25244.00
1228.09
1199.96
1192.81
1189.95
1170.16
1179.93
1190.90
1178.98
1175.88
25219.92
1171.83
1145.84
1139.88
1140.83
1132.01
1132.01
1136.06
1128.20
1134.87
1129.87
25245.90
1152.04
1137.02
1142.02
1133.92
1134.87
1135.11
1146.08
1136.06
1133.92
25202.04
1188.99
1162.05
1168.01
1173.02
1155.85
1159.19
1152.99
1131.06
1135.83
1145.84
21250.96
1157.05
1150.13
1152.99
1141.79
1141.79
1137.02
1127.00
1128.20
1132.01
1137.97
1132.01
1130.10
1133.92
17215.97
1137.97
1137.02
1142.02
1136.06
1141.07
1137.02
1135.83
1137.02
1132.01
1121.04
1142.02
1149.89
17172.10
1269.82
1200.91
1184.94
1194.00
1153.95
1148.94
1155.85
1148.94
1152.04
1148.22
1159.91
1145.84
1152.04
17219.07
1204.01
1180.89
1181.13
1168.97
1171.83
1165.87
1150.85
1165.87
1173.02
1179.93
1169.92
1168.01
1170.87
17261.98
1169.20
1162.05
1171.11
1175.88
1177.07
1179.93
1179.93
1181.13
1186.13
1136.06
1176.12
1179.93
17258.17
1178.98
1151.80
1144.89
1226.90
1208.78
1209.02
1215.93
1212.84
1217.84
1230.00
1217.13
1213.07
13264.89
1168.01
1133.20
1132.01
1139.16
1132.01
1133.92
1137.02
1137.97
1139.88
1145.12
1150.13
1167.06
1177.07
37230.97
1163.01
1134.87
1133.92
1145.12
1137.97
1134.87
1142.98
1142.02
1137.97
1143.93
25285.01
1185.89
1165.87
1168.97
1163.01
1164.20
1168.01
1171.11
1161.10
1163.01
25282.14
1213.07
1204.97
1210.93
1204.01
1204.01
1214.03
1210.93
1203.06
1204.97
25316.95
1209.02
1185.89
1194.00
1183.99
1179.93
13240.10
1202.11
1163.96
1163.01
1134.87
1128.91
1132.97
1142.02
1134.16
1138.93
1142.02
25293.11
1233.10
1208.07
1213.07
1203.06
1209.02
1208.07
1152.99
1162.05
1164.91
1170.87
1162.05
1169.92
17230.03
1194.95
1178.98
1183.99
1177.07
1181.13
1177.07
1192.09
1182.08
1190.19
1173.97
1124.14
1127.00
1126.05
17283.92
1188.04
1182.79
1168.97
1148.94
1163.96
1167.06
1172.07
1170.16
1163.01
1183.03
1173.97
1187.09
17241.00
1171.11
1137.02
1142.02
1144.89
1138.93
1135.83
1138.93
1165.15
1183.03
1187.09
1197.10
1187.09
1188.04
17290.12
1167.06
1156.09
1154.90
1157.05
1153.95
1149.89
1160.14
1147.99
1152.04
1140.83
1196.86
1209.02
1209.97
17276.05
1205.21
1194.00
1185.18
1188.99
1194.00
1199.01
1188.04
1185.18
1194.00
1187.09
1192.09
1187.09
9310.01
1205.92
1195.19
1188.99
1137.02
1132.01
1130.10
1137.02
1133.92
1131.06
25188.92
1206.87
1186.85
1208.07
1205.92
1217.13
1209.97
1213.79
1203.06
1210.93
33248.90
1163.01
1138.93
1144.89
1145.12
1149.18
1143.93
1158.00
1155.85
1149.89
25202.04
1223.09
1174.93
1168.97
1183.99
1183.99
1177.07
1192.09
1183.03
1181.13
25218.96
1242.88
1194.95
1183.99
1191.85
1185.89
1181.13
1177.07
1128.91
1144.89
1147.99
25298.83
1193.05
1183.99
1173.02
1130.82
1131.06
1137.02
1128.91
1127.96
1130.10
25244.00
1148.22
1141.07
1142.98
1139.88
1141.07
1136.78
1154.90
1146.79
1144.89
17206.91
1219.99
1192.09
1190.90
1131.06
1131.06
1140.12
1152.04
1137.02
1142.02
1143.93
1150.13
1147.99
1142.02
17220.02
1220.94
1186.85
1194.00
1187.09
1188.99
1183.99
1168.01
1140.12
1136.06
1145.12
1138.93
1134.87
1132.01
17291.07
1200.20
1189.95
1200.91
1186.13
1188.04
1188.99
1188.04
1183.99
1185.18
1184.94
1183.99
1191.14
17250.06
1188.99
1152.99
1164.91
1186.85
1203.06
1207.83
1209.97
1201.15
1194.00
1214.03
1212.12
1208.07
17263.17
1194.95
1163.01
1162.05
1166.11
1154.18
1152.99
1163.01
1163.01
1168.97
1185.18
1198.05
1184.94
1194.00
21320.10
1238.11
1215.93
1214.03
1215.93
1214.98
1205.92
1127.96
1152.04
1147.99
1159.91
1154.90
1155.14
17212.15
1261.95
1230.96
1232.15
1225.95
1225.23
1224.99
1234.05
1227.14
1225.95
1197.10
1185.18
1181.13
17221.93
1221.90
1184.94
1173.97
1183.99
1204.97
1213.79
1215.93
1217.84
1209.02
1216.89
1219.99
1207.11
1214.03
17274.14
1168.01
1163.96
1174.93
1159.91
1157.05
1168.97
1158.00
1152.99
1154.90
25257.83
1147.99
1132.97
1136.06
1133.92
1132.97
1135.11
1142.98
1142.98
1140.12
25197.03
1223.09
1188.99
1174.93
1140.12
1152.99
1154.90
1161.81
1166.82
1169.92
29212.00
1199.01
1162.05
1157.05
1168.97
1158.00
1158.95
1163.96
1167.77
1163.96
1166.11
25299.07
1186.13
1178.98
1197.81
1178.03
1171.11
1177.07
1182.08
1189.95
1189.95
1192.09
1183.99
1185.18
25242.09
1182.08
1155.14
1154.90
1152.04
1147.99
1147.99
1166.11
1152.99
1146.08
25198.94
1220.94
1197.10
1188.04
1199.96
1194.00
1188.99
1196.86
1193.05
1191.85
17266.99
1177.07
1150.13
1147.99
17299.18
1208.07
1202.11
1213.07
1204.01
1204.01
1206.87
1194.00
1192.09
1184.94
1194.95
1184.94
1178.03
17235.04
1179.93
1163.96
1171.11
1165.87
1162.05
1159.91
1168.97
1163.96
1159.19
1168.97
1199.01
1191.85
1193.05
17241.00
1155.14
1147.99
1142.98
1178.98
1186.85
1191.85
1185.89
1182.08
1182.79
1188.04
1183.99
1188.04
17249.11
1205.92
1185.18
1185.89
1172.07
1168.01
1163.01
1147.99
1188.04
1197.10
1199.01
1190.19
1190.90
1182.79
17265.08
1201.87
1194.00
1198.05
1201.15
1204.97
1213.07
1204.97
1204.97
1209.02
1126.05
1131.06
1127.96
17207.86
1197.81
1171.83
1163.96
1182.08
1193.05
1194.00
1214.98
1206.87
1205.21
1214.03
1202.11
1204.97
13258.93
1192.09
1155.14
1151.08
1156.09
1182.08
1198.05
1202.11
1193.05
1198.05
17260.79
1178.98
1135.11
1132.01
1150.85
1137.02
1137.97
1132.97
1192.81
1210.93
1208.07
25322.20
1215.93
1207.11
1197.10
1223.09
1233.10
1235.96
1227.86
1226.90
25280.00
1206.87
1181.84
1164.91
1175.88
1166.11
1162.05
1168.97
1162.05
1155.85
1156.81
25259.97
1152.04
1146.79
1149.89
1150.85
1152.04
1152.04
1155.14
1158.00
1158.00
25277.85
1194.00
1183.03
1188.99
1180.89
1183.99
1183.03
1187.80
1196.86
1207.83
1215.93
1207.11
1203.06
17259.12
1183.03
1150.85
1157.05
1151.08
1142.98
1142.98
1149.89
1147.03
1145.84
1140.83
1194.00
1198.05
1207.11
9282.11
1197.10
1193.05
1197.10
1195.91
1188.04
1191.85
1190.90
1188.04
1187.09
1191.14
1219.03
1224.04
17267.94
1232.86
1209.02
1197.81
1170.87
1176.83
1175.17
1183.03
1188.04
1186.85
1191.85
1183.99
1191.14
17243.86
1215.93
1183.99
1176.83
1180.89
1175.88
1173.97
1195.91
1240.02
1245.98
1245.98
1238.82
1240.97
1264.10
17251.01
1175.88
1169.20
1173.97
1159.91
1170.16
1168.01
1170.16
1163.96
1165.15
1147.03
1191.14
1200.91
17259.84
1261.95
1246.93
1231.91
1182.79
1178.98
1181.13
1188.04
1186.13
1182.08
1194.00
1187.09
1181.13
37255.05
1268.86
1266.00
1273.87
1270.06
1269.10
1264.10
1273.87
1271.01
1268.15
33313.99
1194.00
1186.85
1191.85
1187.80
1185.89
1184.94
1182.08
1180.17
1180.89
25290.97
1173.97
1159.91
1164.91
1157.05
1155.14
1157.05
1168.97
1153.95
1156.09
25227.07
1171.83
1149.89
1157.05
1150.85
1149.89
1147.99
1184.94
1224.04
1238.11
25295.02
1197.81
1168.97
1167.06
1240.97
1272.92
1262.90
1278.88
1267.19
1265.05
1274.11
1266.00
1265.05
17308.00
1179.93
1165.15
1167.06
1170.16
1164.91
1168.97
1195.91
1213.07
1213.07
1217.13
1206.87
1209.02
17249.82
1178.98
1145.84
1140.83
1168.01
1141.07
1135.11
1146.08
1137.97
1131.06
1132.01
1188.99
1240.02
1242.16
1250.03
1244.07
1245.98
17271.04
1221.90
1187.09
1190.90
1185.89
1191.85
1180.89
1191.14
1186.13
1185.89
1183.99
1178.98
1182.08
13210.06
1221.90
1168.97
1161.10
17292.98
1252.89
1254.08
1250.98
1242.88
1247.88
1279.83
1266.96
1265.05
1245.98
1140.83
1142.02
1143.93
17259.84
1158.95
1148.94
1142.02
1229.05
1234.05
1250.98
1247.88
1245.02
1241.92
1244.07
1240.97
1243.11
13340.95
1242.88
1230.00
1232.86
1225.95
1228.09
1230.00
1276.02
1271.01
17313.00
1230.00
1193.05
1188.99
1199.96
1186.85
1187.09
1190.19
1189.95
1186.85
33254.86
1306.77
1271.01
1278.16
1271.01
1268.15
1271.01
1281.02
1272.20
1272.92
25352.00
1279.12
1270.06
1279.12
1266.96
1267.91
1271.96
1266.00
1266.00
25306.94
1267.91
1244.07
1251.22
1250.03
1244.07
1249.07
1157.05
1173.02
1191.85
29304.98
1173.02
1163.01
1154.90
1153.95
1152.99
1154.18
1152.99
1148.22
1144.89
1149.89
1144.89
1147.99
1146.79
17258.88
1167.77
1160.86
1160.86
1152.99
1156.09
1154.90
1153.95
1149.18
1148.94
1154.18
1144.89
1147.99
17210.01
1244.07
1214.98
1225.95
1183.99
1182.08
1177.07
1184.94
1171.83
1173.02
1186.13
1174.93
1165.87
1161.10
1186.13
1224.04
1233.10
1228.09
1223.09
1230.96
1229.05
1228.81
1224.99
1224.99
17280.82
1185.89
1183.99
1193.05
1174.93
1185.89
1174.93
1182.08
1212.12
1210.93
1219.03
1209.02
1199.01
17283.20
1147.03
1135.11
1138.93
1142.98
1147.03
1140.12
1152.99
1143.93
1147.03
1142.98
1188.04
1201.15
1202.11
17277.96
1183.03
1163.01
1148.94
1135.83
1134.87
1134.16
1132.97
1130.82
1127.96
1137.02
1128.91
1130.10
17174.96
1255.99
1203.06
1195.19
1200.91
1191.85
1194.00
1166.82
1158.00
1156.09
1158.95
1152.99
1146.08
1147.03
17219.07
1202.11
1181.13
1191.14
1177.07
1177.07
1174.93
1184.94
1176.12
1174.93
1157.05
1142.98
1146.08
1142.98
13323.07
1230.00
1206.87
1220.94
1209.02
1209.02
1199.96
1186.13
1192.09
37240.03
1200.91
1165.87
1159.91
1168.97
1157.05
1164.91
1150.85
1149.89
1163.96
1163.01
25341.03
1223.80
1208.07
1187.09
1220.94
1214.03
1216.89
1214.98
1211.88
25272.85
1245.98
1227.14
1223.09
1230.96
1220.94
1218.08
1230.00
1224.04
1220.94
13291.84
1224.04
1192.09
1199.01
1189.95
1179.93
1179.93
1201.87
1178.98
1173.97
37237.17
1223.09
1199.01
1193.05
1196.15
1197.10
1188.99
1199.01
1186.85
1191.85
1195.91
1231.19
1236.92
5285.02
1193.05
1168.01
1165.15
1166.11
1136.06
1134.87
1138.93
1137.97
1138.93
1133.20
1145.84
1134.87
1138.93
17196.89
1241.92
1201.15
1204.97
1196.86
1200.20
1193.05
1209.97
1175.88
1182.79
1178.03
1169.92
1168.97
1172.07
17231.94
1161.10
1158.00
1163.96
1165.87
1166.82
1172.07
1168.97
1174.21
1169.92
1188.99
1168.97
1173.02
17232.89
1243.83
1209.97
1214.03
1142.02
1142.02
1146.08
1161.10
1144.89
1143.93
1150.85
1142.98
1151.08
1156.09
17282.96
1186.85
1169.92
1178.98
1168.97
1167.06
1171.11
1153.95
1141.07
1144.89
1154.90
1150.85
1148.22
17170.91
1216.89
1169.92
1164.20
1167.06
1147.99
1147.03
1152.99
1146.08
1147.03
1146.08
25284.05
1224.99
1211.88
13272.05
1221.90
1203.06
1203.78
1206.87
1199.01
1204.01
1212.12
1214.98
1209.97
25314.09
1202.11
1207.11
1203.06
1208.07
1206.16
1214.98
1209.97
1220.94
1213.07
29301.17
1203.06
1181.13
1174.93
1142.98
1143.93
1153.95
1156.09
1158.00
1156.81
25275.95
1159.19
1152.99
1151.08
1148.22
1144.89
1149.18
1148.94
1142.02
1149.89
13229.85
1248.84
1230.96
1224.04
1128.20
1138.93
1132.97
1144.17
1137.97
1135.11
1147.03
1133.20
1132.01
1132.01
21250.96
1202.11
1178.98
1158.95
1183.99
1185.89
1191.14
1203.06
1187.09
1174.93
1197.81
1184.94
1180.17
17262.94
1209.97
1185.18
1174.93
1200.91
1190.19
1184.94
1169.92
1155.14
1163.01
1168.97
1168.97
1162.05
1175.17
17339.94
1250.03
1245.02
1244.07
1263.14
1284.12
1280.07
1271.96
1269.82
1236.92
1177.07
1176.83
1180.89
17327.07
1251.94
1250.98
1194.95
1158.95
1168.97
1168.01
1157.05
1158.00
1156.09
1168.01
1163.01
1159.91
17235.99
1264.10
1222.13
1230.96
1225.95
1221.18
1233.10
1248.12
1240.97
1245.02
1261.00
1276.97
1268.86
17344.95
1198.05
1178.98
1194.00
1180.89
1169.92
1175.88
1169.92
1165.15
1163.01
13262.99
1174.93
1163.96
1164.91
1163.96
1162.05
1162.05
1163.01
1214.98
1204.97
21294.83
1198.05
1183.99
1181.84
1179.93
1173.97
1173.02
1215.93
1185.18
1181.84
25254.96
1212.12
1192.09
1179.93
1143.93
1143.22
1144.89
1149.89
1142.02
1149.89
25208.00
1188.99
1168.01
1173.02
1183.99
1179.22
1184.94
1190.90
1188.99
1179.93
25233.03
1267.91
1223.09
1216.17
1228.09
1224.04
1220.94
1229.05
1214.98
1222.13
17275.09
1214.98
1182.79
1188.99
1183.99
1175.88
1168.01
1176.12
1172.07
1164.91
25228.98
1173.02
1146.79
1137.02
1148.94
1144.89
1135.83
1134.87
1183.99
1199.01
29226.06
1195.19
1146.08
1132.01
1141.07
1133.20
1134.87
1142.02
1133.92
1134.87
1137.02
25232.08
1182.08
1180.89
1176.83
1175.88
1171.11
1173.97
1175.88
1171.83
1173.97
25228.98
1218.08
1192.09
1199.01
1193.05
1194.95
1193.05
1202.11
1193.05
1191.14
25268.08
1223.09
1200.91
1199.01
1197.10
1196.15
1185.89
1183.99
1187.09
1196.15
21307.95
1235.96
1218.08
1218.08
1219.03
1217.13
1219.03
1220.94
1216.89
1216.89
25341.99
1241.92
1246.93
1271.01
1275.78
1267.91
1227.86
1155.85
1149.89
37205.22
1188.04
1155.14
1151.08
1152.04
1149.18
1137.97
1150.85
1170.16
1178.03
1178.03
25266.89
1161.10
1147.99
1145.84
1211.88
1212.84
1219.03
1218.08
1212.12
1208.07
25325.06
1240.97
1233.82
1243.83
1235.96
1258.13
1247.17
1250.98
1249.07
1279.12
1269.10
1267.91
17323.02
1203.06
1169.92
1160.86
1170.87
1158.95
1159.19
1136.06
1147.03
1147.03
1143.93
1150.13
1142.02
1137.97
17205.00
1187.09
1166.11
1173.02
1171.11
1178.98
1178.03
1180.89
1178.98
1181.13
1178.98
1153.95
1158.00
1160.14
29278.99
1188.99
1184.94
1154.90
1160.86
1156.09
1165.15
1152.99
1153.23
1148.94
1157.05
1147.99
1147.03
17203.09
1202.11
1163.96
1152.04
1173.02
1157.05
1158.00
1143.93
1154.18
1159.91
1150.85
1158.95
1154.18
1156.09
17220.97
1197.10
1172.07
1172.78
1165.87
1173.97
1174.93
1179.93
1178.03
1173.02
1178.03
1165.15
1169.92
1169.92
17256.98
1160.86
1145.84
1152.99
1204.01
1201.15
1203.06
1204.97
1198.05
1195.91
25338.89
1255.99
1251.94
1194.00
1180.89
1186.85
1199.96
1192.09
1186.13
1189.95
21249.06
1152.99
1148.94
1139.88
1210.93
1210.21
1215.93
1215.93
1210.93
1209.02
33293.96
1220.94
1214.98
1224.04
1220.94
1222.13
1219.99
1206.87
1215.93
25264.98
1220.94
1191.85
1191.85
1139.88
1146.08
1147.03
1149.89
1144.89
1143.22
1147.03
25308.13
1209.02
1213.07
1219.03
1212.84
1203.78
1222.85
1201.87
1216.89
1212.12
1167.06
1178.03
1168.01
17297.03
1220.94
1202.82
1180.89
1132.97
1141.07
1156.09
1153.95
1162.05
1160.86
1172.07
1167.77
1165.87
17225.03
1213.07
1170.16
1173.97
1181.13
1164.91
1155.85
1142.98
1140.12
1146.08
1152.04
1152.99
1158.00
1163.96
17230.03
1185.89
1163.96
1163.96
1163.96
1163.01
1164.91
1192.09
1173.02
1175.88
1171.11
1132.97
1145.84
1150.85
1165.87
1158.95
1154.90
1168.01
1163.96
1169.92
1163.96
17292.02
1207.11
1200.91
1225.95
1209.02
1223.09
1204.97
1177.07
1164.91
1170.87
1165.87
1160.86
1158.95
25272.13
1234.05
1228.09
1212.12
1199.01
1188.99
1196.86
1185.89
1185.89
1178.98
1190.90
1183.03
1176.83
17240.05
1231.91
1200.91
1196.86
1194.00
1194.95
1188.04
1225.95
1255.04
1235.01
1248.12
1246.93
1249.07
17293.93
1250.03
1227.14
1246.93
1224.99
1231.91
1241.92
1263.14
1240.97
1277.92
1211.88
1173.97
1168.97
21234.99
1209.97
1188.99
1192.81
1183.03
1183.99
1176.12
1178.03
1246.93
1213.07
17286.06
1196.86
1163.01
1167.06
1158.95
1163.01
1158.00
1178.03
1177.07
1178.03
25233.03
1234.05
1216.89
1201.87
1217.84
1209.02
1211.88
1167.06
1224.04
1218.08
25290.01
1250.98
1224.04
1203.06
1251.94
1205.92
1210.21
1209.97
1199.96
1200.91
25294.07
1228.81
1212.84
1224.04
1219.99
1218.08
1220.94
1209.02
1218.08
1207.11
25352.00
1271.01
1255.04
1263.14
1250.98
1246.21
1201.87
1142.98
1163.96
1163.01
1158.95
1163.96
1159.91
17314.91
1231.91
1230.96
1224.04
1224.99
1224.04
1223.09
1223.09
1224.04
1223.09
1163.01
1152.99
1157.05
9222.98
1221.90
1196.86
1214.98
1195.91
1195.91
1173.02
1199.01
1200.91
1204.01
1199.01
1160.14
1167.06
17224.07
1175.17
1133.92
1130.10
1137.02
1194.95
1197.10
1198.05
1205.92
1199.96
1202.11
1194.95
1199.01
1199.01
17308.95
1201.87
1189.95
1197.10
1192.09
1186.13
1187.09
1133.92
1144.89
1140.83
1153.95
1149.18
1146.08
17197.85
1220.94
1194.00
1189.95
1201.15
1192.09
1188.04
1188.99
1187.80
1190.90
1192.81
1173.02
1169.92
1169.92
17270.09
1177.07
1165.15
1136.06
1181.13
1184.94
1184.94
1199.96
1194.95
1194.95
1214.03
1204.01
1206.16
37266.02
1244.07
1213.07
1223.09
1218.08
1218.08
1204.01
1212.12
1211.17
1199.01
21289.11
1185.89
1183.99
1185.18
1182.08
1179.93
1180.89
1192.81
1188.99
1194.00
25266.17
1199.96
1180.89
1187.09
1188.99
1183.99
1187.09
1211.17
1194.00
1204.01
29276.85
1208.07
1188.99
1165.15
1219.03
1214.03
1227.86
1223.80
1220.94
1230.00
25307.18
1177.07
1166.11
1172.07
1168.97
1164.91
1172.07
1176.83
1164.20
1176.12
25305.99
1256.94
1247.88
1255.04
1250.98
1250.03
25295.97
1204.01
1168.97
1163.96
1176.12
1163.01
1158.00
1196.86
1240.02
1238.11
1250.98
1244.78
1240.02
1249.07
1247.17
1262.90
1266.00
1188.99
1175.17
1179.93
17262.94
1182.08
1158.00
1158.00
1209.97
1215.22
1209.97
1213.07
1205.92
1205.92
1214.98
1208.07
1198.05
17275.81
1266.00
1231.91
1230.96
1227.14
1223.09
1225.95
1205.92
1183.99
1183.99
1199.96
1197.10
1191.14
17246.96
1224.99
1199.96
1211.88
1216.17
1200.91
1198.05
1210.93
1197.10
1199.01
1212.84
1178.98
1201.15
1196.86
17295.84
1184.94
1173.02
1178.03
1146.08
1141.07
1147.99
1154.18
1156.09
1156.09
1167.06
1160.14
1161.10
17221.93
1217.84
1175.88
1168.01
1178.03
1170.16
1163.96
1166.82
1137.02
1142.98
1151.08
1147.03
1150.85
1148.94
17226.93
1194.00
1167.06
1178.03
1166.82
1168.01
1159.91
13263.94
1173.97
1158.00
1167.06
1158.95
1159.91
1163.96
1168.97
1170.87
1175.17
29279.95
1189.95
1168.01
1165.87
1142.98
1157.05
1167.06
1181.13
1163.96
1163.96
25220.16
1222.13
1209.02
1213.07
1208.07
1207.11
1203.06
1219.03
1207.11
1203.06
25290.01
1178.98
1169.92
1165.87
1164.91
1158.95
1163.96
1170.87
1156.81
1158.00
25221.11
1232.15
1197.10
1210.93
1194.95
1194.00
1194.00
1206.87
1256.23
1250.03
25310.04
1237.87
1224.99
1250.03
1220.94
1227.86
1240.97
1224.99
1234.05
1226.90
1236.92
1229.05
1224.99
1236.92
1249.79
1257.90
17278.19
1176.12
1153.95
1160.86
1150.85
1148.94
1147.99
1158.95
1147.03
1142.98
1147.03
1276.97
1271.01
1271.01
17273.90
1183.99
1195.19
1218.08
1228.09
1235.01
1235.96
1226.90
1223.80
1230.00
1228.09
1229.05
1224.04
17240.05
1147.03
1133.92
1140.83
1134.87
1134.87
1137.97
1223.09
1228.09
1223.09
1239.06
1223.09
1229.05
17254.11
1224.99
1197.10
1199.01
1196.15
1196.86
1194.00
1203.06
1192.09
1199.01
1193.05
1173.97
1183.99
17250.06
1197.81
1173.02
1168.01
1143.22
1180.89
1178.98
1188.99
1192.09
1184.23
1190.90
1174.93
1186.13
1185.89
25318.86
1182.08
1165.87
1167.06
1158.95
1163.01
1165.87
1132.01
1173.97
1183.03
25267.12
1156.09
1136.06
1142.98
1193.05
1188.04
1183.03
1202.11
1189.95
1175.88
25236.85
1183.03
1152.99
1150.13
1148.94
1153.95
1152.99
1156.09
1149.18
1145.12
25195.84
1209.97
1167.06
1172.07
1177.79
1164.91
1170.16
1177.07
1172.07
1176.12
1170.16
25305.03
1219.99
1210.93
1214.03
1215.93
1210.93
1189.95
1136.06
1130.10
1132.97
9279.01
1192.09
1191.14
1197.10
1194.00
1198.05
1207.11
1208.07
1194.00
1200.91
1153.95
1188.99
1190.90
17305.14
1198.05
1185.18
17250.06
1190.90
1168.97
1176.12
1167.06
1165.15
1173.02
1149.89
1153.95
1171.11
1170.16
1178.98
1171.11
1178.98
17272.95
1156.09
1146.08
1155.14
1142.98
1145.84
1151.80
1160.86
1152.99
1157.05
1140.12
1174.93
1179.93
17244.10
1196.15
1158.95
1159.91
1164.91
1152.04
1144.17
1152.99
1149.18
1149.89
1140.83
1149.89
1148.94
1148.94
13217.93
1207.83
1179.93
1176.12
1177.07
1156.09
1166.11
1162.05
1158.95
1151.08
37209.99
1204.01
1172.07
1163.96
1173.97
1168.01
1168.01
1176.83
1171.11
1176.12
1176.12
25243.04
1146.79
1138.93
1145.84
1129.87
1132.01
1147.99
1136.06
1129.15
1135.11
1140.12
1137.02
1133.20
1132.01
1144.17
1136.06
1131.06
17214.06
1178.98
1152.99
1152.99
1147.99
1145.12
1152.04
1156.09
1144.17
1142.02
1150.13
1175.88
1181.84
1169.92
17271.04
1165.15
1157.05
1155.14
1152.04
1152.04
1147.03
1151.80
1145.84
1145.84
1140.83
1173.97
1181.13
25208.95
1262.90
1209.97
1208.07
1217.13
1209.97
1206.16
1213.07
1211.17
1208.07
25268.08
1217.13
1178.03
1171.11
1181.13
1172.07
1168.01
1179.93
1168.01
1168.97
25221.11
1226.90
1194.95
1194.95
1199.01
1189.95
1189.95
1196.15
1190.90
1188.04
25239.94
1204.97
1161.10
1157.05
1161.10
1158.00
1156.81
1156.81
1136.06
1146.08
1146.08
17260.07
1151.08
1134.16
1136.06
1243.11
1254.08
1255.99
1255.04
1253.13
1249.07
1257.18
1249.07
1255.99
17302.99
1184.94
1171.11
1186.13
1170.87
1174.93
1180.89
1182.08
1203.06
1206.16
1214.98
1198.05
1198.05
17246.01
1160.86
1143.93
1142.02
1137.02
1132.97
1138.93
1141.07
1134.87
1138.93
1133.92
1214.98
1235.01
1235.01
17330.17
1202.11
1209.97
1179.93
1219.99
1211.88
1214.98
1205.92
1209.97
1205.92
1215.93
1205.21
1207.83
17299.89
1149.89
1137.97
1147.99
1145.12
1147.99
1146.79
1147.03
1208.07
1208.07
1218.08
1209.97
1213.07
17258.88
1229.05
1204.01
1194.00
1207.83
1195.91
1192.81
1181.84
1158.00
1158.95
25213.00
1219.03
1191.85
1173.97
1146.08
1163.01
1158.95
1158.95
1164.91
1166.11
1165.15
25315.05
1219.03
1214.98
1217.84
1209.02
1213.07
1213.07
1215.93
1209.97
25268.08
1203.06
1163.01
1157.05
1169.92
1155.14
1161.10
1168.01
1157.05
1160.14
1158.00
25277.14
1161.10
1147.03
1152.04
1149.18
1148.94
1143.93
1178.98
1189.95
1181.13
25301.93
1194.95
1193.05
1202.11
1186.13
1182.08
1193.05
1187.09
1183.99
1191.14
25310.04
1201.87
1199.01
1185.89
1154.90
1162.05
1169.92
1168.01
1163.96
1163.96
25290.97
1204.01
1190.90
1201.15
1190.90
1190.90
1192.81
1193.05
1190.90
1188.99
17261.03
1176.12
1178.03
1173.02
1170.87
1165.87
1165.87
1183.03
1163.96
1172.07
1163.96
1173.97
1183.99
17251.97
1183.99
1146.08
1139.88
1132.01
1145.84
1149.89
1159.91
1158.00
1153.95
1156.09
1168.01
1158.95
1152.99
17241.00
1173.02
1149.18
1147.03
1156.09
1147.03
1152.04
1139.88
1149.18
1151.08
1157.05
1152.04
1156.09
1157.05
17250.06
1170.16
1159.91
1161.81
1158.00
1168.97
1166.11
1178.98
1167.77
1164.91
1159.91
1123.19
1135.11
1145.84
17309.90
1194.00
1185.89
1199.96
1183.03
1183.03
1186.13
1135.11
1136.06
1134.16
1147.03
1145.12
1143.93
17200.95
1211.88
1194.95
1189.95
1191.85
1195.91
1196.15
1199.01
1189.95
1191.14
1185.89
1194.00
1199.96
1194.00
25269.99
1177.07
1165.15
1162.05
1188.04
1178.03
1184.94
1178.03
1178.03
1182.79
25300.98
1185.18
1183.03
1202.11
1178.03
1182.08
25236.13
1197.10
1185.18
1164.91
1181.84
1159.91
1158.95
1163.01
1156.09
1155.14
1158.00
25228.02
1152.99
1148.94
1138.93
1140.12
1140.12
1145.12
1140.12
1137.02
1140.12
25233.03
1157.05
1147.03
1147.99
1146.08
1142.98
1150.13
1153.95
1147.99
1147.03
25216.10
1197.10
1154.18
1152.99
1160.14
1156.09
1157.05
1165.15
1151.08
1152.99
1154.18
25272.85
1183.03
1168.01
1178.03
1178.03
1168.97
1159.19
1151.08
1155.14
1155.85
25316.95
1235.96
1219.99
1202.11
1160.14
1163.96
1172.78
1177.07
1173.97
1176.12
25300.03
1201.15
1188.99
1197.81
1188.99
1189.95
1198.05
1190.90
1183.99
1193.05
25269.03
1152.04
1142.02
1160.86
1132.01
1139.88
1137.97
1145.12
1132.97
1132.97
1132.97
1182.79
1181.84
25213.00
1200.20
1138.93
1137.02
1147.99
1164.20
1158.00
1163.96
1153.95
1147.99
1147.03
25251.87
1177.07
1163.96
1171.83
1163.01
1171.11
1176.83
1183.03
1177.07
1175.88
33248.90
1199.01
1193.05
1197.10
1182.08
1194.00
1183.99
1199.01
1183.03
1188.99
25281.91
1201.87
1195.91
1195.19
1184.94
1184.94
1183.99
1197.10
1186.13
1188.04
25284.05
1175.88
1163.96
1168.97
1170.87
1160.86
1163.01
1168.01
1162.05
1167.06
25223.02
1217.84
1184.94
1195.19
1184.94
1189.95
1183.99
1199.01
1183.03
1183.03
25267.12
1214.98
1194.00
1175.88
1179.93
1187.09
1177.07
1186.13
1176.83
1179.93
25232.79
1188.99
1158.95
1152.99
1162.05
1152.04
1157.05
1162.05
1156.81
1159.91
25206.80
1182.08
1142.98
1139.16
1148.94
1137.02
1134.87
1147.03
1140.83
1142.02
1138.93
41275.98
1233.10
1204.97
1209.97
1204.97
1200.91
1204.01
1202.82
1202.82
1204.97
5294.08
1190.19
1179.93
1190.90
1185.89
1173.02
1183.03
1169.92
1165.87
1163.96
25221.11
1143.93
1132.97
1140.12
1143.93
1137.02
1146.08
1178.03
1155.14
1147.03
25202.99
