1462.22
1373.05
1374.01
1365.90
1375.91
1375.91
1365.18
1348.02
13449.19
1444.10
1377.82
1391.89
1377.82
1363.99
17544.03
1389.98
1368.05
1374.01
1357.08
17445.09
1459.12
1376.15
1389.03
1380.92
1378.06
21484.85
1461.03
1394.99
1414.06
1375.91
1399.99
1391.89
1374.96
1374.01
1376.87
1374.96
1360.18
13554.10
1403.09
1425.98
1379.97
1365.18
1397.13
1373.05
1388.07
13626.81
1431.94
1392.84
1385.93
1359.22
1354.93
1371.86
1343.01
1364.23
13531.92
1374.01
1382.11
1367.09
1360.18
1407.86
1443.86
1384.02
13473.99
1451.02
1384.02
1386.88
1385.93
1374.01
1384.97
1379.97
1381.87
13563.16
1425.98
1392.13
1363.04
1391.89
1370.91
1370.91
1375.91
13468.03
1438.86
1389.03
1395.94
1360.89
1375.91
1376.87
1369.95
1365.90
13561.01
1409.05
1384.97
1374.96
1363.04
1382.11
1372.10
1374.01
21482.94
1478.91
1405.95
1385.93
1394.03
1371.15
17581.94
1439.09
1383.07
1401.19
1374.01
17410.04
1552.82
1396.89
1384.97
1375.91
1379.01
17483.95
1461.03
1384.97
1411.91
1367.09
1367.81
17614.84
1442.91
1416.92
1368.05
1389.03
17475.84
1467.94
1378.06
1385.93
1374.01
1377.11
17511.13
1447.20
1377.11
1393.08
1379.97
1389.03
17579.08
1412.15
1402.14
1375.91
1385.93
17496.82
1481.06
1398.09
1394.99
1400.95
1378.06
1382.11
1364.95
1362.09
13618.95
1395.94
1400.95
1386.17
1364.95
1371.86
1374.01
1362.09
13447.05
1423.12
1374.96
1373.05
1374.01
1359.94
1370.91
1350.88
1348.02
13535.98
1410.01
1362.09
1374.96
1366.85
1378.06
1371.15
1378.06
13417.96
1492.02
1405.95
1381.87
1383.07
1360.89
1422.88
1464.84
1373.05
13490.92
1415.01
1376.87
1374.96
1358.99
1349.93
1367.81
1343.01
1353.98
13548.85
1394.99
1386.17
1379.97
1352.07
1387.12
1366.14
1348.97
13463.97
1441.00
1370.19
1384.02
1374.01
1355.89
1384.02
1360.18
1362.09
13523.10
1397.13
1374.01
1374.96
1366.14
1363.99
1395.94
1379.97
13442.04
1446.96
1373.05
1378.06
1375.91
1386.17
1390.93
1364.95
1362.09
13469.22
1448.15
1374.01
1388.07
1399.99
1372.10
1375.91
1371.86
1368.05
13537.17
1394.03
1390.93
1372.10
1358.99
1420.02
1381.87
1362.09
13457.06
1451.02
1384.02
1368.05
1370.91
1360.89
1376.87
1369.00
1380.92
13525.01
1399.99
1395.94
1386.88
1381.87
1389.98
1384.97
1368.05
13456.11
1459.84
1400.95
1401.90
1382.83
1369.95
1398.09
1387.12
1384.02
13557.91
1399.04
1365.18
1389.98
1353.98
1354.93
1380.92
1367.81
13433.93
1443.86
1379.97
1384.97
1369.00
1353.98
1380.92
1355.17
1359.94
13449.91
1448.87
1380.92
1395.94
1369.95
1387.12
1379.97
1363.99
1371.15
13541.94
1398.09
1396.18
1377.11
1376.15
1367.09
1382.11
1399.04
13581.04
1438.86
1369.95
1417.88
1369.95
1348.97
1383.07
1358.99
1378.06
13566.02
1391.89
1386.88
1349.93
1361.85
1367.81
1379.97
1365.90
13453.01
1441.00
1363.99
1379.97
1356.12
1357.08
1359.94
1365.90
1365.90
13520.96
1423.12
1374.01
1394.99
2147.91
1384.02
1379.01
1371.15
13546.94
1421.93
1401.90
1384.02
1370.91
1354.93
1379.97
1361.13
13447.05
1463.89
1378.06
1377.11
1371.86
1364.95
1363.99
1359.94
1348.97
13468.98
1441.96
1380.92
1389.98
1360.89
1365.90
1389.03
1372.10
1415.97
13578.89
1399.04
1388.07
1365.90
1381.16
1388.07
1391.89
1357.08
13467.07
1446.96
1384.02
1381.87
1403.09
1380.21
1401.90
1374.01
1370.91
13587.00
1405.95
1377.82
1383.07
1372.10
1389.98
1394.99
1363.99
13468.03
1439.81
1390.93
1382.83
1364.95
1365.18
1384.97
1398.80
1364.95
13541.22
1368.05
1361.13
1381.16
1404.05
1486.06
1366.85
1354.93
13446.81
1442.91
1367.09
1374.96
1370.91
1360.18
1378.06
1361.13
1358.03
13471.84
1446.96
1384.97
1384.02
1365.90
1350.88
1369.00
1348.02
1344.92
13558.86
1379.01
1377.82
1370.91
1375.91
1362.80
1374.01
1355.17
13467.07
1438.14
1384.02
1389.03
1362.09
1363.04
1374.01
1362.09
1344.20
13530.97
1394.03
1373.05
1384.97
1356.12
1358.03
1368.05
1348.02
13390.06
1473.90
1372.81
1392.84
1370.91
1370.91
1380.92
1372.81
1344.92
13444.90
1416.92
1358.03
1366.14
1355.17
1347.06
1358.03
1348.02
1345.16
13523.10
1394.99
1372.10
1374.96
1360.89
1363.04
1374.96
1357.08
13414.14
1495.12
1393.08
1372.10
1381.16
1363.99
1379.97
1361.13
1361.13
13449.19
1440.05
1377.11
1377.11
1363.99
1363.04
1368.05
1358.03
1360.89
13546.94
1410.01
1394.03
1377.11
1353.03
1368.05
1371.86
1339.91
13438.94
1456.02
1370.19
1374.01
1363.04
1352.07
1372.10
1375.91
1346.83
13444.90
1428.13
1374.01
1379.97
1356.12
1344.20
1365.90
1349.93
1350.88
13535.98
1384.97
1368.05
1384.97
1359.94
1373.05
1360.89
1361.85
13453.96
1444.10
1374.01
1371.86
1361.85
1354.93
1373.05
1352.79
1350.88
13443.95
1411.91
1379.01
1369.95
1363.99
1366.14
1382.11
1357.08
1342.06
13532.88
1387.83
1379.01
1371.15
1363.99
1359.94
1372.10
1392.13
9426.12
1434.09
1377.82
1394.03
1367.09
1368.05
1369.95
1353.03
1343.01
17514.94
1417.88
1363.99
1375.20
1360.89
1355.89
17575.98
1384.97
1394.03
1360.89
1374.96
17456.05
1450.78
1370.91
1378.06
1352.07
1362.09
17474.17
1443.15
1365.18
1376.87
1359.94
1358.03
17549.99
1381.87
1378.06
1364.95
1358.99
1369.00
1356.84
1353.03
13444.19
1446.01
1356.84
1384.97
1358.03
1350.88
1354.93
1358.99
1350.88
13465.88
1426.94
1381.16
1392.13
1348.02
1351.12
1361.85
1369.95
1354.93
13544.08
1389.03
1381.87
1369.95
1355.89
1371.15
1353.98
1360.89
13440.85
1433.85
1370.91
1375.91
1365.90
1358.03
1369.95
1367.09
1360.89
13483.05
1410.01
1379.97
1373.05
1375.91
1358.99
1394.03
1362.09
1349.93
13528.82
1393.08
1377.11
1370.91
1348.02
1368.05
1365.90
1366.14
13453.96
1429.08
1359.94
1377.11
1364.95
1353.98
1369.00
1357.08
1353.98
13530.97
1392.13
1371.86
1374.01
1374.01
1374.01
1374.01
1348.97
13395.07
1477.96
1389.03
1369.95
1379.97
1364.95
1364.95
1354.22
1369.95
13455.87
1435.04
1365.90
1374.96
1363.99
1369.00
1367.09
1360.89
1347.06
13543.84
1408.10
1367.09
1375.91
1363.99
1360.89
1369.95
1350.16
13415.10
1451.02
1386.88
1379.97
1363.99
1359.94
1368.05
1404.05
1483.20
13478.04
1405.00
1383.07
1374.96
1356.84
1362.09
1373.05
1352.07
1358.03
13524.06
1386.17
1386.17
1346.11
1364.95
1361.85
1362.09
1363.99
13445.85
1451.02
1370.19
1374.01
1356.84
1352.07
1375.91
1358.03
1360.89
13499.02
1420.02
1384.02
1387.12
1369.00
1366.14
1367.09
1363.99
1354.93
13528.82
1396.89
1379.97
1369.00
1365.90
1368.05
1358.99
1365.18
13459.92
1430.99
1379.97
1387.12
1367.09
1371.86
1373.05
1361.13
1354.22
13515.00
1400.95
1387.12
1371.15
1365.90
1372.10
1355.89
1344.92
13432.98
1442.91
1381.16
1389.03
1363.99
1358.03
1362.09
1355.17
1368.05
13454.91
1432.90
1368.05
1374.96
1365.18
1367.09
1374.01
1363.04
1367.81
13541.94
1390.93
1374.96
1366.14
1358.99
1364.95
1361.85
1365.90
13429.88
1425.03
1368.05
1386.88
1363.99
1354.93
1375.91
1370.19
1367.09
13448.95
1420.02
1378.77
1384.02
1367.09
1367.09
1376.15
1352.07
1359.94
13550.04
1386.17
1379.01
1373.05
1374.01
1374.96
1364.95
1351.83
13437.03
1438.14
1378.06
1389.03
1370.91
1354.93
1369.95
1353.98
1364.95
13507.84
1399.04
1360.18
1377.11
1369.95
1369.95
1373.05
1347.06
1350.88
13485.91
1386.88
1381.16
1368.05
1365.18
1371.15
1364.95
1351.83
13453.01
1433.13
1390.93
1379.97
1358.99
1369.00
1375.20
1364.95
1363.04
13530.97
1410.96
1379.01
1381.87
1368.05
1374.96
1366.85
1360.89
13427.97
1439.09
1393.80
1379.01
1358.03
1355.89
1381.87
1363.99
1348.97
13442.99
1431.94
1370.91
1386.88
1369.00
1358.99
1374.96
1360.18
1357.08
13531.92
1394.99
1378.06
1366.85
1363.04
1377.82
1374.96
1359.94
13429.88
1443.86
1374.96
1389.98
1370.91
1347.78
1369.95
1373.05
1347.06
13436.79
1430.03
1391.17
1377.11
1372.10
1363.04
1367.09
1357.79
1346.11
13539.08
1397.13
1379.01
1358.03
1352.07
1369.00
1374.96
1364.95
13456.82
1444.10
1389.98
1392.84
1379.97
1367.09
1391.17
1368.05
1360.18
13534.07
1389.03
1365.90
1387.83
1363.99
1359.94
1384.97
1348.97
13387.20
1473.19
1393.08
1378.06
1374.96
1370.91
1369.95
1362.09
1358.03
13451.81
1428.13
1374.01
1383.07
1364.95
1358.99
1376.87
1363.99
1356.12
13530.97
1400.95
1363.04
1367.09
1363.99
1383.07
1358.99
1381.16
13457.06
1433.13
1378.06
1389.03
1351.12
1362.09
1369.00
1349.93
1351.12
13442.99
1431.94
1365.90
1379.97
1363.04
1358.99
1387.12
1352.07
1356.12
13540.98
1392.84
1382.83
1388.07
1359.94
1361.85
1360.89
1362.09
13442.04
1442.19
1379.01
1376.87
1362.80
1368.05
1374.96
1359.94
1349.93
13486.15
1422.17
1383.07
1383.07
1365.18
1363.99
1374.01
1363.99
1356.12
13526.20
1393.08
1381.16
1374.96
1357.08
1374.96
1364.95
1372.10
13452.05
1436.00
1386.17
1379.01
1376.15
1369.00
1371.86
1370.91
1347.78
13530.02
1398.09
1377.11
1393.08
1356.12
1368.05
1355.89
1366.85
13417.96
1451.97
1375.20
1386.88
1365.90
1360.89
1369.95
1356.84
1358.03
13451.10
1427.17
1375.91
1406.91
1441.00
1377.11
1377.11
1361.13
1358.99
13542.89
1393.80
1379.97
1385.93
1357.08
1360.89
1385.21
1367.09
13449.91
1435.04
1374.01
1378.06
1366.14
1369.95
1371.86
1361.85
1368.05
13529.06
1396.18
1379.01
1387.83
1360.89
1369.00
1367.09
1354.93
13401.03
1477.96
1377.82
1379.01
1367.09
1358.03
1358.03
1374.96
1347.78
13448.95
1416.92
1371.86
1375.91
1361.85
1353.03
1374.01
1375.91
1363.04
13532.88
1397.85
1363.99
1389.03
1356.84
1378.06
1359.94
1363.04
13433.93
1427.89
1384.02
1388.07
1361.85
1375.91
1370.91
1360.18
1348.97
13460.87
1439.09
1369.00
1384.02
1374.96
1353.03
17547.13
1397.13
1361.13
1396.18
1362.09
17436.98
1446.96
1394.03
1377.11
1371.15
1358.99
17478.94
1459.84
1378.06
1385.93
1365.90
1354.93
17567.87
1399.99
1365.90
1382.83
1358.03
17407.18
1494.17
1392.13
1384.97
1374.96
1362.09
1378.06
1373.05
1363.04
13460.16
1439.09
1382.11
1394.03
1371.86
1374.96
1372.81
1370.91
1363.04
13547.90
1390.93
1381.87
1383.07
1357.08
1372.10
1360.18
1353.98
13456.82
1446.01
1375.91
1382.11
1358.99
1352.07
1379.01
1369.00
1357.08
13522.15
1408.10
1366.85
1399.99
1368.05
1365.90
1368.05
1363.04
13373.14
1484.16
1394.99
1377.82
1368.05
1360.89
1377.11
1361.13
1348.02
13443.23
1426.94
1385.93
1377.82
1367.09
1384.97
1374.96
1370.19
1364.95
13546.94
1424.07
1393.80
1379.97
1359.22
1364.95
1353.03
1352.07
13436.08
1441.00
1383.07
1374.96
1356.84
1358.99
1366.14
1366.14
1354.93
13446.09
1434.09
1375.20
1383.07
1369.00
1358.99
1377.11
1369.00
1353.98
13537.17
1387.12
1369.95
1374.01
1370.19
1369.95
1365.90
1374.01
13439.89
1442.91
1376.87
1381.87
1397.85
1492.98
1389.03
1358.99
1365.90
13539.08
1398.80
1363.04
1379.97
1410.01
1493.93
1363.04
1357.08
13453.96
1429.08
1404.05
1392.13
1367.09
1360.18
1369.95
1362.09
1359.94
13533.12
1405.00
1369.00
1380.92
1356.12
1353.98
1383.07
1397.85
13557.91
1436.00
1376.87
1382.83
1382.83
1365.90
1384.02
1363.04
1379.97
13458.01
1420.02
1369.95
1384.97
1375.91
1355.89
1375.20
1371.15
1364.95
13533.83
1389.03
1387.12
1374.01
1358.03
1374.01
1375.91
1357.08
13453.01
1442.19
1370.91
1391.89
1363.99
1361.13
1370.19
1358.99
1357.08
13524.06
1402.85
1369.95
1379.97
1365.18
1358.99
17572.16
1408.10
1392.13
1369.00
1369.00
17575.03
1464.84
1374.01
1379.97
1373.05
1371.15
17542.12
1407.15
1362.09
1375.91
1384.97
17401.22
1525.16
1386.17
1379.01
1380.21
1379.97
17469.88
1446.01
1374.01
1382.83
1370.91
1366.85
1374.01
1364.95
1369.00
13540.98
1391.89
1374.01
1401.90
1367.09
1359.94
1360.18
1387.12
13580.08
1428.13
1379.97
1388.07
1360.18
1353.98
1370.91
1361.85
1357.79
9507.89
1397.85
1364.95
9512.90
1386.17
9414.20
1471.04
1386.17
9445.91
1427.89
1379.01
9449.96
1426.94
1382.83
9493.83
1411.91
1369.95
9496.93
1393.08
9404.90
1461.03
1389.98
9438.99
1432.18
1389.03
9444.00
1416.92
1369.00
1398.09
1354.93
1373.05
1380.92
1360.89
1363.99
1373.05
1363.04
1353.03
13530.02
1380.92
1363.99
1369.00
1354.22
1358.99
1389.98
1463.89
13432.03
1437.19
1388.07
1367.09
1355.89
1374.96
1372.81
1352.07
1346.11
13498.07
1405.95
1361.13
1381.16
1355.17
1329.18
17535.92
1380.92
1374.01
1364.95
1399.04
17574.07
1438.14
1358.03
1374.01
1361.13
1349.93
17462.02
1441.96
1371.86
1377.11
1358.99
1356.12
17543.08
1390.93
1395.94
1377.11
1358.03
17467.98
1450.06
1374.96
1374.01
1384.97
1358.03
17474.17
1435.04
1375.91
1388.07
1355.89
1351.83
17549.04
1413.11
1358.99
1371.86
1363.04
17395.02
1510.86
1384.02
9457.11
1436.00
1381.16
13465.88
1447.92
1376.87
1382.83
1378.06
1365.18
13542.89
1399.04
9383.20
1481.06
1398.80
13472.08
1436.00
1385.93
1382.11
1386.17
1362.09
13453.01
1444.82
1380.92
9522.91
1395.94
1374.01
13541.94
1406.91
13469.22
1446.01
1369.00
1386.17
1373.05
1368.05
13445.85
1420.97
1394.03
9533.17
1394.99
1385.93
21567.82
1399.99
1395.94
1374.01
1369.95
1386.17
1369.95
1368.05
13468.03
1436.95
1370.91
1394.99
1379.97
1364.95
1385.93
1369.00
1357.08
13551.95
1413.82
1369.00
1377.11
1357.79
1378.06
1366.14
1363.04
13448.95
1455.07
1370.91
1375.91
1374.96
1363.04
1374.96
1376.87
1358.03
13507.84
1413.11
1372.10
1374.96
1357.08
1368.05
1378.06
1368.05
1344.92
13533.12
1382.83
1385.93
1369.95
1379.01
1377.82
1343.97
1355.89
13454.91
1431.94
1383.07
1388.79
1358.03
1358.03
1360.89
1353.98
1350.16
1383.07
1359.94
1363.04
1381.16
1369.95
1363.04
1373.05
1361.13
1357.08
13553.14
1394.99
1395.94
1365.90
1353.03
1374.01
1363.99
1360.18
13455.15
1435.04
1380.21
1380.92
1363.99
1372.10
1408.10
1478.91
1365.90
13546.94
1404.05
1391.89
1379.97
1371.15
1382.11
1384.97
1362.80
13434.89
1443.15
1399.04
1375.20
1369.00
1353.98
1378.06
1374.01
1374.96
13530.97
1398.80
1369.95
1374.01
1374.96
1376.87
1366.85
1345.87
21401.88
1492.02
1387.83
1398.80
1383.07
1366.14
1375.91
1379.01
1363.99
1379.97
1366.85
1361.85
13459.92
1425.03
1375.91
1378.06
1374.01
1374.01
1374.96
1356.12
1358.99
13544.08
1379.97
1369.00
1366.85
1365.90
1384.97
1369.95
1358.03
25484.09
1474.86
1382.83
1379.97
1377.82
1353.98
17560.01
1451.02
1513.96
1380.21
1371.15
17468.93
1471.04
1383.07
1389.03
1361.13
1379.97
17477.04
1443.15
1374.01
1384.97
1369.00
1368.05
17563.10
1399.99
1375.91
1382.83
1363.04
17465.11
1460.08
1384.02
1379.97
1367.09
1377.82
1373.05
1362.09
1366.14
13444.19
1433.13
1374.01
1400.95
1363.99
1365.90
1383.78
1370.91
1368.05
13543.13
1384.02
1386.88
1374.01
1367.09
1371.15
1362.09
1356.12
9426.12
1415.97
1365.90
9454.97
1428.84
1389.03
9514.09
1393.08
1385.93
9526.01
1388.07
9442.09
1446.01
1385.93
9447.10
1425.03
1364.95
9436.85
1432.90
1371.86
9523.87
1381.87
1384.97
9538.17
1394.99
9423.02
1423.84
1387.83
1399.04
1389.98
1369.00
1377.11
1369.00
1344.92
1378.06
1358.99
1350.16
13458.97
1415.97
1367.09
1388.79
1358.03
1357.08
1381.16
1366.14
1363.04
13528.11
1392.84
1394.99
1377.11
1383.07
1370.91
1361.85
1366.85
21458.86
1452.92
1386.17
9458.07
1428.13
1383.07
9538.89
1389.98
1378.06
9510.04
1377.82
9438.04
1445.06
1377.82
9435.89
1441.96
1381.16
5446.91
1421.93
1384.97
1377.11
1370.19
1363.04
21568.06
1396.89
9430.89
1448.87
1380.92
1393.80
1378.06
1364.95
1383.07
1363.99
1374.96
1369.95
1373.05
1351.12
13458.01
1426.94
1384.02
1381.87
1365.90
1359.94
1372.10
1364.95
1371.86
13530.02
1391.17
1364.95
1407.86
1482.96
1371.86
1374.01
1349.93
21466.02
1442.91
1385.93
9526.01
1399.99
1359.94
9527.92
1394.03
9409.19
1470.09
1387.12
9431.12
1437.19
1379.97
9434.94
1428.13
1377.11
9502.17
1397.13
1364.95
9510.04
1394.99
9393.93
1461.03
1382.11
9438.04
1436.00
1381.16
9440.90
1422.88
1369.95
9470.94
1409.05
1370.91
9509.80
1394.99
1375.20
9507.89
1389.03
9422.78
1432.90
1385.93
13457.06
1424.07
1380.92
1400.23
1370.91
1383.07
1382.11
1358.03
1351.12
13520.00
1406.91
1401.90
1492.98
1360.18
1373.05
1371.15
1368.05
13431.07
1433.13
1375.91
1373.05
1368.05
1374.96
1374.01
1377.82
1369.95
13523.10
1406.91
1386.17
1372.10
1364.95
1410.96
1489.88
1357.79
13437.99
1441.96
1379.01
1385.93
1365.90
1368.05
1380.92
1378.06
1350.16
13448.00
1438.86
1380.92
1395.94
1370.19
1357.08
1389.98
1360.89
1361.85
13545.99
1394.03
1389.03
1368.05
1358.99
1383.07
1358.99
1369.95
13435.84
1437.90
1370.91
1379.97
1363.04
1366.85
1369.95
1361.13
1361.13
13518.10
1386.17
1369.00
1377.82
1349.93
1369.00
1373.05
1366.14
1353.03
13509.99
1399.04
1378.06
1380.21
1362.09
1358.99
1367.81
1362.09
13445.14
1433.13
1374.96
1384.97
1363.04
1353.03
1366.14
1363.99
1367.81
13545.99
1397.85
1379.01
1385.21
1373.05
1369.00
1373.05
1363.04
13442.04
1449.11
1372.10
1379.01
1378.06
1353.03
1374.96
1359.94
1353.98
13442.99
1438.86
1373.05
1379.97
1359.94
1352.79
1379.97
1365.90
1394.03
13594.87
1389.03
1392.13
1389.98
1365.90
1374.96
1363.04
1359.94
13458.01
1434.09
1376.87
1374.01
1376.15
1363.04
1379.01
1363.99
1373.05
13528.82
1414.06
1369.00
1381.16
1369.00
1347.06
5507.95
1375.91
1379.01
1376.87
1371.86
17471.08
1443.15
1376.15
1380.92
1362.09
1353.98
17513.99
1406.91
1372.10
1389.98
1365.90
1356.12
17557.14
1386.17
1384.02
1380.92
1375.20
17464.88
1466.99
1394.03
1384.02
1378.06
1358.03
17477.04
1436.00
1384.97
1394.99
1369.95
1367.81
1390.93
1363.04
1367.81
13532.88
1397.85
1384.97
1379.01
1363.99
1367.09
1367.09
1348.02
13453.01
1441.00
1387.12
1398.09
1368.05
1363.04
1379.01
1368.05
1365.18
13553.14
1395.94
1380.92
1372.10
1369.00
17432.93
1462.94
1394.99
1381.16
1372.10
1367.09
17472.03
1439.09
1400.95
1390.93
1361.85
1359.94
17580.03
1415.01
1395.23
1384.02
1369.00
17451.05
1457.93
1379.01
1369.00
1382.11
1376.15
17478.94
1451.97
1374.01
1376.87
1357.08
1366.14
1389.98
1366.85
1374.96
13559.82
1397.13
1389.03
1369.95
1358.99
1369.95
1362.09
1355.89
13443.95
1451.02
1395.94
1395.94
1372.10
1353.03
1390.93
1372.10
1352.79
9510.04
1399.04
1378.06
9520.05
1397.13
13444.19
1456.98
1384.02
1384.97
1376.87
1378.06
13452.05
1452.21
1383.07
9497.17
1404.05
1380.21
13571.02
1399.04
1387.83
1370.91
1366.14
13431.07
1446.01
1369.00
9447.81
1418.11
1374.96
13474.94
1433.85
1370.91
1384.97
1369.00
1356.84
17570.02
1397.85
1386.88
1365.90
1364.95
13445.85
1446.01
1385.93
13456.11
1428.13
1376.15
1383.07
1366.14
1364.95
1370.91
1400.95
1482.96
13542.18
1389.98
1392.84
1383.07
1363.04
1381.16
1354.93
1394.03
13566.02
1434.09
1372.10
1382.11
1369.00
1364.95
1386.17
1357.08
1358.03
13524.06
1399.04
1378.06
1405.00
1359.94
1375.91
1358.99
1353.03
13442.99
1441.00
1375.91
1382.83
1374.01
1352.07
1381.87
1362.80
1369.95
13448.00
1431.94
1375.91
1374.96
1361.85
1364.95
1370.19
1351.12
1362.09
13545.99
1397.85
1379.97
1364.95
1358.03
1381.87
1370.91
1367.81
13440.85
1447.92
1377.11
1390.93
1374.96
1369.00
1424.07
1486.06
1370.19
13540.03
1401.90
1374.01
1379.01
1372.81
1373.05
1359.94
1372.81
13447.05
1428.84
1378.06
1382.11
1369.00
1370.19
1374.01
1358.99
1348.97
13455.87
1420.97
1372.81
1387.83
1374.96
1358.99
1382.11
1356.12
1356.12
13533.12
1408.10
1387.12
1363.99
1363.99
1389.98
1361.13
1369.95
13459.21
1441.00
1379.97
1395.94
1372.10
1351.12
1360.18
1368.05
1368.05
13558.86
1405.95
1374.96
1375.91
1364.95
1374.01
1374.96
1376.87
13437.03
1438.14
1369.95
1386.88
1381.16
1371.15
1363.99
1359.94
1371.15
13442.04
1436.00
1379.01
1389.98
1375.91
1369.00
1364.95
1358.99
1378.06
13539.08
1401.90
1391.89
1383.07
1368.05
13441.09
1451.02
1379.01
9451.15
1425.98
1394.03
9504.08
1405.00
1384.97
9536.03
1398.09
9428.98
1453.88
1387.83
9444.95
1441.96
1383.07
9446.14
1426.94
1379.97
9521.96
1402.14
1366.14
9535.07
1385.93
1399.04
1374.96
1368.05
1382.11
1369.00
1362.09
1379.01
1351.12
1353.98
13439.89
1416.92
1381.87
1391.89
1360.89
1356.12
1379.01
1369.00
1361.85
13535.02
1421.93
1368.05
1393.08
1363.04
1365.18
1377.11
1374.01
21451.00
1458.17
1386.88
9458.07
1443.15
1379.01
9490.97
1414.06
1384.97
9527.92
1394.99
9387.97
1492.98
1393.08
9428.02
1436.00
1385.93
9444.95
1431.94
1365.18
9491.92
1401.90
1372.10
9531.02
1389.98
9417.06
1473.19
1382.11
1397.13
1368.05
1355.89
1367.09
1361.85
1358.99
1378.06
1360.89
1360.18
13453.01
1430.99
1373.05
1390.93
1378.06
1357.79
1372.10
1367.09
1360.18
13540.03
1384.97
1377.11
1379.01
1353.03
1374.01
1364.95
1351.12
13443.95
1440.05
1381.16
1374.96
1358.99
1360.18
17475.13
1436.00
1389.03
1386.88
1375.91
1370.91
17560.96
1402.14
1389.98
1374.01
1359.94
17452.00
1479.86
1381.87
1391.89
1365.90
1363.04
17479.90
1460.08
1374.96
1387.83
1358.99
1369.00
21584.99
1407.15
1348.02
1361.85
1355.89
17462.97
1448.15
1376.15
1363.04
1369.95
1373.05
17467.02
1441.96
1391.89
1371.86
1370.91
1370.19
17573.12
1410.01
1375.91
1376.15
1358.03
1380.92
1360.89
1358.99
13442.99
1451.02
1383.07
1376.15
1378.06
1358.03
1379.97
1362.09
1358.03
13455.87
1422.88
1374.96
1377.11
1357.79
1358.03
1372.10
1363.99
1343.97
13560.06
1387.12
1367.09
1371.15
1368.05
1379.97
1355.89
1362.80
13443.95
1439.09
1368.05
1377.11
1360.18
1366.14
1374.01
1379.01
1355.17
9506.94
1401.90
1370.91
9515.76
1383.07
9389.16
1516.10
1378.06
9428.98
1438.14
1375.20
9443.04
1415.01
1380.92
9489.06
1421.93
1383.07
1406.91
1363.99
1368.05
1385.93
1365.90
1363.99
1376.87
1363.99
13412.95
1440.05
1371.15
1388.07
1368.05
1365.90
1373.05
1361.13
1373.05
13453.96
1436.95
1377.11
1402.14
1369.00
1394.99
1491.07
1361.85
1358.99
13522.15
1386.17
1380.92
1363.99
1375.20
1369.00
1361.85
1368.05
13460.16
1425.03
1362.80
1374.01
1365.18
1353.03
1384.02
1358.99
1362.80
13530.02
1408.82
1369.95
1387.83
1373.05
1363.99
1521.11
1388.79
1379.01
1361.85
1363.04
17477.99
1447.92
1390.93
1391.17
1357.08
1384.02
21575.93
1409.05
1379.97
1390.93
1362.09
1363.04
1367.09
1367.09
1379.01
1349.21
1353.03
13442.99
1442.91
1388.07
1375.91
1363.99
1368.05
1367.09
1376.15
1352.07
13456.11
1421.93
1379.01
1378.06
1367.09
1410.96
1493.93
1353.03
13429.16
1477.00
1389.98
1379.01
1363.99
1353.98
1373.05
1365.90
1353.03
13458.01
1437.90
1379.01
1415.97
1489.88
1366.85
1405.00
1480.10
1355.17
13520.00
1384.97
1386.17
1373.05
1376.15
1369.95
1370.91
1354.93
13476.13
1437.90
1386.17
1383.07
1380.92
1356.12
1384.02
1343.01
1374.96
13539.08
1405.95
1379.97
1382.11
1379.97
1379.01
1363.04
1374.01
20956.99
1473.90
1390.93
1385.21
11675.12
1425.98
1376.87
11604.07
1439.09
1404.05
1363.99
11644.12
1415.97
1407.86
11574.98
1446.96
1384.02
1407.86
11602.88
1449.11
1372.10
11545.18
1486.06
1399.99
1362.09
11585.95
1430.03
1400.23
1372.10
11677.98
1399.04
1384.97
11574.98
1423.12
1369.95
1395.94
11673.93
1380.21
1374.01
8977.89
1444.82
6527.90
1424.07
1375.91
1383.07
12819.05
1386.17
5454.06
1435.04
1374.01
1386.17
1371.15
1358.03
21481.99
1443.15
1374.96
9517.91
1409.05
1371.15
9545.09
1384.02
9434.94
1447.20
1384.02
9433.98
1441.00
1379.01
9446.14
1430.99
1377.82
9510.99
1420.97
1374.01
1408.10
1371.15
1352.07
1381.16
1377.11
1367.09
1378.06
1366.14
13436.08
1428.13
1375.91
1397.13
1359.94
1367.09
1371.15
1357.08
1358.99
13439.89
1438.86
1378.06
1382.11
1366.14
1357.08
1374.96
1358.03
1360.89
13561.01
1395.94
1380.92
1367.81
1364.95
13435.13
1448.87
1384.02
9449.01
1416.92
1368.05
13490.20
1425.03
1371.15
1378.06
1366.85
1366.85
13540.98
1386.88
9415.86
1446.01
1367.09
13462.07
1430.03
1404.05
1503.94
1368.05
1357.79
13539.08
1405.95
1366.85
1405.00
1379.01
1369.00
1364.95
1351.12
1365.18
1363.99
1348.02
13443.95
1440.05
1383.07
1385.21
1367.09
1359.94
1370.91
1363.99
1355.89
13460.87
1425.98
1374.01
1377.11
1374.96
1363.99
1383.07
1353.03
1350.88
13553.86
1385.93
1380.21
1363.99
1373.05
1384.02
1373.05
1369.00
13423.92
1433.85
1381.87
1380.92
1363.99
1369.00
1369.95
1354.93
1349.21
13499.98
1420.02
1363.04
1374.01
1372.10
1364.95
1367.09
1369.00
1361.13
13517.86
1379.97
1390.93
1363.99
1380.92
1385.93
1368.05
1369.00
13456.11
1441.96
1376.15
1382.11
1355.17
1366.14
1369.00
1367.81
1356.84
13535.98
1408.10
1371.15
1386.17
1374.96
1362.09
1367.09
1352.07
13425.11
1441.00
1374.96
1383.07
1366.14
1365.90
1369.95
1369.95
1364.95
13455.87
1420.02
1367.09
1370.19
1363.04
1367.09
1371.15
1358.99
1352.07
13561.01
1414.06
1383.07
1379.01
1364.95
1369.95
1364.95
1358.03
13436.08
1439.09
1376.87
1385.93
1373.05
1351.83
1360.89
1363.99
1355.89
13487.82
1413.11
1374.96
1380.92
1371.86
1369.95
1363.99
1360.89
1356.84
13524.06
1397.13
1381.16
1363.99
1353.03
1364.95
1357.08
1348.02
13446.81
1430.99
1384.02
1384.02
1348.97
1355.89
1377.11
1360.18
1358.03
13532.16
1409.05
1378.06
1391.17
1399.04
1487.02
1372.10
1352.07
13442.99
1444.82
1383.07
1380.92
1369.95
1363.99
1373.05
1359.94
1375.20
13451.10
1421.93
1373.05
1376.15
1364.95
1397.85
1493.93
1360.89
13424.87
1488.92
1384.97
1378.06
1375.91
1355.89
17488.00
1435.04
1382.11
1371.15
1374.01
1367.81
17549.99
1423.84
1380.92
1384.02
1353.98
1359.94
17535.21
1407.15
1387.12
1386.17
1368.05
17477.04
1443.86
1386.88
1373.05
1378.06
1360.18
25598.05
1428.13
1389.98
1394.03
1363.04
13401.99
1500.84
1394.03
9442.09
1436.95
1386.88
13475.89
1435.04
1381.87
1373.05
1364.95
1350.88
5519.87
1401.90
1401.90
1502.04
1363.99
1384.02
1368.05
1348.97
13437.03
1441.96
1394.99
1374.01
1371.15
1374.96
1383.07
1363.04
1358.99
13530.97
1407.86
1374.01
1385.93
1369.00
1374.96
1382.83
1355.89
13399.84
1478.91
1379.97
1371.86
1366.85
1371.86
1374.96
1366.14
1363.99
13453.01
1419.07
1379.97
1378.06
1362.09
1363.99
1380.92
1370.91
1361.85
13532.88
1399.99
1365.90
17547.85
1391.89
13473.99
1452.92
1378.06
1391.89
1374.96
1364.95
17474.89
1430.99
1387.83
1394.99
1365.18
1378.06
5545.14
1399.04
1380.21
1364.95
1367.09
1382.11
1367.09
1366.14
13445.14
1435.04
1380.92
1375.20
1369.00
1366.85
1405.95
1482.01
1358.99
13520.00
1398.09
1368.05
1375.91
1369.00
1374.01
1360.89
1372.10
13439.89
1443.86
1367.81
1373.05
1376.15
1363.99
1361.13
1358.99
1367.09
13438.94
1433.85
1373.05
1376.15
1374.96
1363.99
1369.00
1363.99
1357.08
13548.14
1391.17
1399.99
1368.05
1370.91
17462.02
1453.16
1378.06
1371.86
1379.97
1366.14
17478.94
1438.86
1390.93
1392.84
1369.95
1360.18
25587.08
1402.85
1402.85
1363.99
1374.96
1374.96
1381.87
1364.95
13437.99
1447.20
1379.01
1384.02
1376.87
1370.91
1396.18
1356.12
1362.09
13525.01
1412.15
1363.99
1378.77
1360.89
1354.93
1372.10
1360.89
13398.89
1478.91
1384.02
1369.00
1371.86
1368.05
1373.05
1364.95
1363.04
13457.06
1445.06
1374.96
1379.01
1358.99
1378.06
1371.15
1357.08
1358.03
8269.07
1407.15
1382.11
13422.01
1441.96
1393.08
1380.92
1377.11
1363.99
1369.00
1375.91
1359.94
13450.15
1425.98
1374.96
1370.91
1379.01
1363.99
1379.97
1358.03
1358.99
13558.86
1403.81
1387.12
1379.97
1362.09
17449.86
1465.08
1391.89
1387.83
1369.95
1360.89
1373.77
1368.05
1352.07
13481.14
1427.17
1383.07
1372.81
1369.95
1358.03
1374.01
1363.99
1352.07
13531.92
1379.01
1370.19
1374.01
1361.85
1371.86
1370.91
1358.99
13444.19
1449.11
1366.14
1388.07
1361.85
1365.90
1369.95
1365.18
