1202.82
1185.89
1197.81
1181.84
1183.03
1183.99
1182.79
1181.84
1178.03
25285.96
1186.13
1182.08
1188.04
1174.93
1185.18
1179.93
1169.20
1167.06
1174.93
25270.94
1191.14
1173.02
1180.89
1183.99
1178.03
1192.09
1193.05
1192.09
1176.12
25280.95
1184.94
1171.11
1178.03
1173.02
1170.16
1166.11
1159.91
1168.97
1155.14
25295.97
1174.21
1159.91
1162.77
1158.00
1166.11
1162.05
1137.02
1120.81
1118.90
25187.02
1738.07
1159.91
1162.05
1164.91
1165.87
1165.87
1169.92
1162.05
1080.04
25216.10
1207.83
1169.92
1201.15
1250.98
1176.12
1148.94
1132.97
1146.08
1152.04
25231.12
1209.97
1174.93
1172.78
1162.05
1163.96
1142.02
1111.03
1168.01
1155.14
25210.14
1184.94
1150.85
1129.87
1143.93
1133.92
1134.87
1129.87
1173.97
1167.06
1179.93
25286.91
1187.80
1188.99
1168.97
1111.98
1112.94
1127.00
1128.91
1132.97
1126.05
25201.08
1151.08
1131.06
1123.91
1134.16
1155.85
1160.86
1168.01
1158.95
1157.05
1142.98
25229.93
1141.79
1142.98
1142.02
1133.92
1135.11
1135.11
1138.93
1125.81
1127.96
29198.17
1220.94
1176.83
1171.83
1181.84
1178.98
1182.08
1169.92
1199.96
1197.10
25255.20
1216.89
1178.03
1178.03
1165.87
1165.87
1158.00
1152.04
1148.94
1142.98
25193.93
1158.95
1133.20
1152.04
1152.99
1140.12
1136.06
1126.05
1133.92
1131.06
1141.07
25249.96
1167.06
1155.14
1165.87
1168.97
1183.99
1182.79
1137.97
1146.08
1141.07
25226.12
1227.14
1204.97
1211.88
1201.15
1209.02
1226.19
1160.86
1173.02
1190.90
25297.88
1225.23
1214.03
1220.94
1213.79
1211.88
1209.02
1156.81
1167.06
1164.91
25292.87
1212.84
1221.90
1201.87
1195.91
1196.15
1181.13
1141.07
1152.04
1158.00
25309.09
1206.16
1191.14
1193.05
1183.03
1177.07
1175.88
1134.87
1149.89
1160.14
25264.98
1201.87
1180.89
1183.99
1163.96
1167.06
1173.02
1174.93
1166.82
1159.91
25233.98
1194.00
1164.91
1166.11
1155.14
1156.09
1157.05
25286.91
1215.93
1199.96
1187.09
1142.98
1147.99
1147.99
1153.95
1144.89
1154.90
25222.06
1233.82
1204.97
1209.97
1136.78
1143.93
1143.22
1158.00
1141.07
1142.98
25211.81
1220.94
1191.14
1204.01
1111.03
1144.89
1121.04
1137.02
1128.91
1134.87
1134.16
25248.05
1155.14
1150.13
1127.00
1131.06
1142.02
1147.99
1143.93
1146.08
1135.11
25202.99
1237.15
1210.93
1199.01
1109.12
1121.04
1119.14
1131.06
1124.14
1127.00
25182.01
1169.92
1132.97
1138.93
1127.96
1135.11
1142.02
1147.99
1142.98
1155.14
1138.93
25287.87
1204.97
1191.14
1173.97
1119.14
1124.86
1118.90
1139.16
1127.00
1132.01
25203.94
1214.98
1178.03
1178.03
1142.98
1166.82
1168.97
1171.11
1167.06
1172.07
25226.12
1210.93
1176.12
1163.96
1149.89
1182.79
1173.97
1171.11
1173.02
1168.97
25213.96
1161.10
1122.95
1122.00
1137.02
1140.12
1132.01
1134.87
1134.87
1139.16
1135.11
25233.98
1156.09
1136.06
1147.99
1152.04
1140.12
1142.98
1142.98
1135.83
1132.97
25175.09
1165.15
1142.02
1126.05
1132.97
1121.04
1121.04
1125.10
1123.91
1117.94
1122.95
25215.86
1134.87
1119.85
1122.95
1116.99
1123.91
1117.94
1126.05
1122.00
1120.09
25135.99
1188.99
1130.10
1124.14
1127.00
1119.14
1122.95
1133.92
1134.87
1128.20
1122.00
25182.96
1143.93
1122.95
1150.13
1207.11
1117.94
1130.82
1135.83
1119.85
1119.85
1122.95
25249.00
1151.80
1137.97
1140.12
1130.10
1132.01
1132.01
1110.08
1111.98
1122.00
25210.14
1184.94
1155.85
1175.88
1178.98
1190.90
1178.03
1179.93
1188.99
1183.99
25202.99
1131.06
2382.99
1123.91
1112.94
1121.04
1116.04
1110.08
1111.98
1116.99
18898.01
1175.17
5254.98
1184.94
1173.97
5270.00
1195.91
1183.99
9259.94
1204.97
1172.07
1164.91
9251.12
1175.17
1179.93
17281.06
1170.87
1150.85
1143.93
1182.08
1188.04
1192.09
1208.07
1227.14
1209.97
25319.81
1140.12
1132.01
1137.02
1132.97
1150.85
1153.95
1172.07
1125.10
1161.10
25226.12
1188.04
1178.03
1176.83
1179.93
1187.09
1187.09
1201.15
1199.01
1203.78
25254.96
1232.15
1204.97
1213.07
1211.17
1210.93
1214.98
1230.00
1235.01
1235.96
25293.11
1264.10
1236.92
1240.97
1235.96
1235.01
1241.92
1237.87
1236.20
1234.05
25346.99
1247.88
1242.16
1244.07
1239.06
1233.10
1246.93
1232.86
1235.01
25295.97
1270.06
1239.06
1240.02
1236.92
1233.82
1231.91
1165.87
1168.97
1165.87
25237.80
1185.89
1158.95
1159.91
1152.99
1140.12
1153.95
1142.02
1172.07
1180.89
25229.93
1162.05
1127.96
1121.04
1132.97
1122.00
1115.08
1112.94
1170.87
1168.01
1173.97
25255.92
1129.87
1122.95
1126.05
1116.99
1113.89
1111.98
1144.89
1157.05
1158.95
25225.16
1146.08
1120.09
1113.18
1129.87
1116.04
1112.94
1111.98
1147.03
1137.97
1137.02
25232.08
1141.07
1121.04
1134.16
1128.91
1132.01
1128.91
1147.03
1119.14
1121.04
25183.92
1164.91
1132.97
1141.07
1173.02
1146.79
1137.97
1132.97
1122.95
1130.10
1132.97
25267.84
1185.89
1188.99
1171.11
1125.10
1130.10
1124.86
1134.87
1132.01
1138.93
25209.90
1149.18
1122.00
1125.10
1163.01
1169.92
1172.07
1187.09
1186.13
1189.95
25262.83
1151.80
1118.90
1114.13
1162.05
1188.99
1181.84
1180.89
1168.01
1168.97
1167.77
25233.98
1139.16
1129.87
1132.01
1146.08
1137.97
1135.11
1126.05
1127.00
1121.04
25191.07
1213.07
1186.13
1178.98
1128.20
1137.02
1137.02
1142.98
1128.91
1131.06
25187.02
1162.05
1140.12
1159.19
1162.05
1162.05
1166.11
1178.03
1177.07
1179.93
1183.99
25292.87
1202.82
1196.86
1224.99
1214.03
1214.03
1226.90
1226.19
1231.91
25296.93
1280.07
1243.83
1247.17
1245.98
1243.11
1240.97
1250.98
1245.02
1241.92
25344.13
1255.99
1239.06
1250.03
1240.02
1239.06
1245.02
1245.98
1239.06
25264.98
1301.05
1248.12
1240.02
1250.98
1240.02
1242.16
1250.03
1242.16
1241.92
25269.99
1154.90
1133.92
1137.97
1142.02
1145.12
1146.08
1142.98
1170.16
1173.97
25220.87
1188.04
1162.05
1161.10
1179.93
1165.15
1173.97
1178.03
1170.87
1178.03
1166.82
25289.06
1178.03
1224.99
1172.78
1121.04
1112.94
1119.14
1118.18
1123.91
1115.80
21229.98
1150.13
1136.06
1136.06
1130.10
1131.06
1130.10
1143.93
1147.03
1143.93
25208.95
1190.19
1157.05
1154.90
1161.81
1165.87
1161.10
1163.96
1134.87
1135.83
1142.02
25250.91
1155.85
1133.92
1147.03
1138.93
1135.11
1137.97
1144.89
1134.87
1130.10
25202.99
1195.91
1169.92
1168.01
1178.98
1168.97
1168.01
1157.05
1161.10
1162.05
25237.08
1219.03
1184.94
1183.99
1197.10
1187.09
1189.95
1163.01
1168.97
1183.03
25244.00
1206.16
1188.04
1186.13
1190.90
1183.03
1183.99
1166.82
1162.05
1158.95
25220.16
1205.92
1188.04
1188.04
1191.14
1183.03
1184.94
1166.82
1138.93
1147.03
1135.83
25284.05
1190.90
1186.85
1195.91
1186.85
1185.89
1175.17
1106.98
1116.04
1131.77
25295.02
1181.13
1172.07
1160.14
1142.98
1138.21
1132.97
1147.03
1133.92
1132.01
25189.88
1161.10
1133.20
1123.91
1132.97
1122.95
1111.03
1107.93
1106.98
1114.13
1118.90
25241.85
1135.83
1130.82
1131.06
1122.00
1134.16
1142.02
1149.18
1153.95
1150.13
25205.14
1180.89
1159.91
1164.20
1163.96
1161.10
1166.11
1142.02
1124.86
1122.00
25143.86
1239.06
1182.08
1170.87
1159.91
1133.20
1128.91
1135.83
1127.96
1121.04
1122.95
29226.06
1134.16
1111.03
1108.17
1197.10
1230.00
1238.11
25280.00
1181.84
1178.98
1182.08
1158.95
1170.87
25222.78
1183.99
1150.13
1146.08
1111.98
1152.99
1163.01
25244.00
1146.08
1118.90
1115.08
1129.87
1115.08
1115.08
25166.03
1141.07
1128.20
1131.06
1138.93
1130.82
1127.96
25201.08
1227.14
1196.15
1204.97
1137.02
1165.15
1161.10
25229.93
1187.09
1158.95
1161.10
1146.08
1146.79
1141.79
29222.97
1124.14
1115.08
1122.95
1122.00
1117.94
1117.94
1117.23
1120.09
1129.87
25178.91
1184.94
1155.14
1142.02
1155.14
1148.94
1157.05
1168.97
1165.15
1158.95
1160.14
25279.05
1173.02
1159.91
1177.07
1168.01
1155.85
1155.85
1139.88
1134.16
1127.96
25187.97
1198.05
1167.06
1178.98
1116.99
1136.06
1152.04
1158.00
1145.84
1163.01
25232.08
1205.92
1165.87
1182.79
1183.99
1179.93
1173.02
25244.00
1185.89
1158.24
1153.95
1146.79
1153.95
1146.08
1140.12
1116.04
1108.17
25163.89
1206.87
1185.89
1185.18
1138.93
1127.96
1131.06
1135.83
1125.10
1133.20
1122.00
25285.01
1181.84
1163.01
1149.89
1129.87
1137.97
1142.98
1142.98
1147.03
1146.08
25226.12
1266.00
1245.98
1249.07
1241.92
1244.07
1245.98
1244.07
1240.97
1240.97
29280.90
1157.05
1153.95
1153.95
1163.96
1168.97
1178.98
1101.97
1111.98
1111.03
25180.82
1188.99
1176.12
1173.97
1167.06
1168.97
1172.07
1168.97
1174.93
1175.17
25242.09
1157.05
1116.04
1119.85
1123.91
1116.99
1116.99
1106.02
1185.18
1188.99
1186.13
25263.07
1142.02
1134.16
1135.11
1131.06
1122.95
1122.95
1128.20
1129.87
1133.20
25204.90
1152.99
1122.95
1116.99
1122.00
1114.13
1111.98
1103.88
1114.85
1127.96
1128.91
25254.96
1146.08
1127.00
1128.91
1133.20
1135.83
1128.91
1122.95
1136.06
1145.12
25213.96
1167.06
1139.88
1129.87
1111.98
1135.11
1139.88
1155.85
1146.79
1142.02
1151.08
25252.10
1135.11
1131.06
1122.00
1143.93
1162.05
1158.00
1164.91
1154.90
1159.19
25218.01
1186.13
1171.11
1176.12
1123.91
1137.97
1147.99
1164.91
1150.13
1152.99
25215.86
1179.93
1143.93
1137.97
1101.97
1145.84
1142.98
1163.01
1151.08
1152.99
1152.99
25280.00
1166.82
1158.95
1141.07
1150.13
1158.95
1170.87
1160.14
1165.15
1164.91
25274.99
1184.94
1171.83
1153.95
1157.05
1163.96
1168.97
1170.87
1179.93
1163.01
25222.06
1168.97
1136.06
1138.93
1173.02
1169.92
1179.93
1183.99
1176.83
1173.97
25236.13
1152.99
1142.98
1138.93
1144.89
1128.20
1143.93
1144.89
1145.12
1128.91
1141.07
25249.96
1145.12
1137.02
1139.88
1136.78
1141.07
1133.92
1147.99
1133.92
1132.97
25197.03
1154.18
1143.93
1147.03
1149.89
1150.85
1137.97
1156.09
1146.08
1146.08
1143.93
25241.85
1158.00
1150.13
1161.10
1143.93
1153.23
1160.86
1163.96
1145.12
1148.94
25250.20
1149.89
1152.99
1152.04
1148.94
1149.18
1157.05
1152.99
1142.98
1149.89
25212.05
1171.11
1152.99
1156.09
1172.07
1147.99
1154.90
1156.81
1149.89
1147.99
25185.11
1215.93
1158.00
1142.02
1151.08
1147.99
1139.88
1132.01
1121.04
1142.02
1147.03
25269.03
1142.02
1134.87
1135.83
1127.96
1124.14
1127.00
1125.10
1141.07
1143.93
25208.00
1157.05
1121.04
1119.14
1119.14
1113.89
1114.85
1109.12
1160.14
1167.06
1163.96
25279.05
1127.00
1118.18
1123.91
1113.18
1117.94
1106.02
1116.99
1107.93
1112.94
25164.13
1171.11
1132.01
1121.04
1131.06
1127.00
1122.95
1119.14
1167.06
1166.11
1177.07
25266.17
1127.00
1116.99
1105.79
1162.05
1171.11
1183.03
1193.05
1187.09
1179.93
25246.86
1147.03
1123.91
1121.04
1172.07
1167.06
1166.11
1177.07
1168.97
1163.96
25223.97
1152.04
1125.10
1113.89
1114.85
1106.02
1113.89
1122.95
1119.14
1116.99
1116.99
25178.91
1140.83
1116.04
1113.89
1132.01
1117.94
1114.85
1124.86
1119.85
1113.89
1113.18
1156.09
1147.03
1147.03
25200.84
1165.87
1134.87
1125.81
1137.97
1130.10
1127.00
1135.83
1140.12
1156.09
1160.14
25283.10
1181.13
1173.02
1192.09
1185.18
1188.99
1198.05
1206.87
1229.05
25257.83
1208.07
1141.07
1142.02
1154.18
1153.95
1159.91
1163.01
1130.82
1123.91
1126.05
25253.06
1232.86
1214.98
1228.09
1219.03
1214.03
1218.80
1141.07
1139.88
1130.82
25266.89
1203.06
1170.87
1174.93
1161.81
1153.95
1149.18
1122.95
1114.13
1112.94
25176.05
1163.01
1135.11
1132.01
1135.11
1132.97
1141.07
1143.22
1101.97
1114.13
1120.09
25285.01
1194.95
1191.85
1193.05
1187.09
1193.05
1201.87
1132.01
1135.11
1132.01
25269.03
1235.01
1220.94
1192.09
1102.21
1122.95
1125.10
1131.06
1123.91
1121.04
25201.08
1180.89
1141.07
1152.99
1129.87
1146.08
1142.02
1161.10
1153.95
1147.03
1152.99
33253.19
1181.13
1161.10
1168.01
1129.15
1132.01
1135.11
1124.86
1127.96
1135.11
25238.04
1132.01
1116.04
1116.04
1165.15
1174.93
1192.81
1199.01
1197.10
1203.06
25270.94
1138.93
1111.98
1116.04
1176.12
1168.01
1158.95
1227.86
1209.97
1158.95
25213.00
1184.94
1152.04
1153.95
1154.18
1150.13
1139.88
1142.98
1127.00
1129.15
1127.96
25260.21
1146.08
1139.88
1141.07
1123.91
1135.83
1147.99
1162.05
1163.01
1155.14
25225.88
1160.86
1134.87
1134.87
1171.11
1194.00
1191.85
1216.89
1225.95
1229.05
25269.99
1173.02
1148.94
1146.79
1201.87
1189.95
1184.94
1188.04
1168.97
1169.92
25228.02
1164.91
1132.01
1129.87
1132.01
1128.91
1126.05
1142.02
1122.95
1124.86
1139.88
25270.22
1140.12
1122.95
1132.01
1156.09
1168.97
1175.17
1188.99
1179.93
1187.09
25268.08
1147.99
1123.91
1138.93
1128.91
1100.06
1137.02
1159.91
1154.90
1168.97
25223.97
1207.83
1181.84
1190.90
1198.77
1201.87
1205.92
1235.01
1240.02
1237.87
25302.89
1277.21
1241.92
1249.07
1243.83
1243.83
1238.82
1244.07
1235.96
1239.78
25343.89
1250.03
1235.96
1250.03
1237.87
1240.97
1244.07
1239.06
1240.02
25295.97
1259.09
1227.14
1238.11
1240.97
1235.96
1237.87
1245.02
1235.96
1240.02
25324.82
1253.84
1243.83
1245.02
1240.97
1234.77
1245.98
1240.02
1237.87
1240.02
25227.79
1129.87
1118.90
1130.82
1126.05
1122.95
1128.20
1209.02
1192.09
1187.09
25268.08
1131.06
1112.94
1124.86
1122.95
1119.14
1117.94
1140.83
1127.96
1130.10
25180.10
1204.01
1167.06
1158.00
1147.03
1163.96
1163.96
1173.02
1166.82
1168.01
1168.01
33293.01
1183.03
1166.11
1173.97
1167.06
1166.82
1159.91
1123.91
1129.15
1127.96
25238.99
1137.97
1128.91
1142.98
1137.97
1147.03
1147.99
1167.06
1163.01
1168.97
25255.92
1177.79
1141.07
1132.01
1136.06
1130.10
1126.05
1117.94
1178.03
1183.03
1171.83
25231.84
1134.87
1127.96
1142.02
1132.01
1143.93
1149.89
1127.96
1137.02
1132.01
25214.20
1214.98
1185.89
1199.01
1189.95
1192.09
1206.16
1174.93
1147.99
1147.99
25223.02
1211.88
1168.01
1181.13
1170.87
1156.81
1147.99
1129.15
1153.95
1150.85
25209.90
1166.82
1133.92
1133.92
1150.13
1138.93
1149.89
1152.99
1142.02
1141.07
1135.11
25263.07
1161.10
1142.02
1126.77
1132.01
1131.06
1137.02
1143.93
1147.99
1143.93
25215.15
1196.15
1162.05
1163.96
1148.94
1163.01
1163.96
1170.16
1166.11
1159.91
25221.82
1250.03
1212.12
1213.07
1116.99
1127.00
1118.90
1134.87
1132.01
1132.01
1133.92
25265.22
1136.06
1131.06
1112.94
1124.14
1132.97
1142.02
1156.09
1142.98
1140.83
25224.21
1209.97
1184.23
1184.94
1147.99
1152.99
1159.91
1174.93
1159.91
1161.10
25227.07
1237.15
1214.98
1215.93
1149.89
1160.86
1163.01
1177.07
1161.10
1174.93
25218.01
1139.16
1124.86
1117.94
1133.20
1125.10
1117.94
1132.97
1122.95
1127.96
1128.91
25193.93
1154.90
1128.91
1143.93
1145.84
1140.83
1143.93
1151.08
1152.04
1147.99
25199.89
1178.98
1165.15
1170.87
1178.98
1160.14
1156.09
1163.96
1162.77
1160.86
1149.89
25273.08
1177.79
1164.91
1171.11
1171.11
1158.00
1178.98
1171.83
1173.02
1169.92
25281.91
1167.06
1163.96
1179.93
1177.79
1178.03
1179.93
1173.02
1164.91
1168.97
25283.10
1198.05
1189.95
1191.85
1190.90
1187.09
1186.13
1193.05
1190.19
1183.99
25291.20
1179.93
1165.15
1170.16
1164.91
1162.77
1160.86
1137.97
1172.07
1158.00
25233.03
1179.93
1147.03
1152.04
1133.92
1138.93
1140.12
1129.15
1122.00
1117.94
1124.86
25211.10
1124.14
1114.13
1123.91
1111.98
1113.89
1111.03
1152.04
1172.07
1178.98
25233.03
1144.17
1117.94
1122.00
1115.08
1116.04
1107.93
1107.93
1106.02
1111.98
1111.98
25280.00
1171.83
1155.85
1165.87
1159.91
1164.20
1156.09
1113.89
1140.83
1147.03
25249.96
1184.94
1168.01
1152.99
1104.12
1118.90
1116.99
1124.86
1116.04
1117.94
25174.86
1255.99
1248.12
1238.11
1137.02
1122.00
1113.89
1119.14
1110.08
1114.13
1113.89
25241.85
1141.07
1127.00
1122.95
1113.89
1122.00
1131.06
1134.87
1126.05
1129.87
25182.01
1167.06
1137.97
1139.88
1166.82
1135.83
1135.83
1145.84
1134.87
1142.98
1146.08
1146.08
1123.91
1121.04
25176.05
1192.09
1158.00
1170.87
1170.87
1169.20
1163.01
1152.99
1123.91
1123.91
1126.05
25226.12
1139.16
1136.06
1135.11
1130.10
1128.91
1137.02
1127.96
1126.77
1125.81
25193.93
1187.09
1173.02
1173.02
1185.89
1215.93
1231.19
1249.07
1245.98
1238.82
25317.91
1174.93
1153.95
1154.90
1219.03
1202.82
1211.88
1214.98
1213.07
1209.02
25300.98
1178.03
1171.11
1182.08
1199.01
1190.19
1189.95
1191.14
1178.03
1169.20
25270.94
1177.79
1165.87
1167.06
1153.95
1155.14
1147.99
1147.03
1139.88
1134.87
25200.13
1209.02
1170.87
1182.08
1138.21
1140.83
1133.92
1129.15
1127.96
1128.20
1127.96
25242.09
1142.02
1135.83
1141.07
1116.99
1133.92
1145.12
1147.03
1146.79
1164.91
25238.04
1134.87
1113.89
1111.03
1184.94
1215.93
1211.88
1237.87
1238.82
1238.82
25291.92
1182.08
1163.01
1147.03
1212.12
1214.98
1231.19
1247.88
1241.92
1236.20
25290.01
1147.03
1128.20
1131.06
1202.11
1198.05
1189.95
1194.00
1184.94
1184.94
25264.98
1163.96
1147.99
1145.84
1163.01
1157.05
1143.93
1154.18
1143.93
1134.87
25185.82
1200.91
1158.95
1153.95
1144.89
1133.20
1128.91
1138.93
1122.95
1124.86
1116.99
25264.02
1166.11
1158.00
1163.01
1163.96
1159.19
1158.00
1160.14
1152.99
1154.90
25233.03
1170.87
1158.00
1160.14
1156.09
1147.03
1153.95
1160.86
1150.85
1149.89
25213.00
1187.09
1152.99
1143.22
1158.95
1148.94
1143.93
1140.12
1133.92
1139.88
1137.97
25254.96
1159.91
1147.99
1164.91
1150.13
1153.95
1152.04
1144.89
1145.84
1139.88
25205.85
1158.95
1141.07
1146.08
1139.88
1137.02
1142.02
1138.93
1165.87
1168.97
25238.04
1158.95
1117.94
1114.85
1132.97
1120.09
1112.94
1111.03
1214.03
1222.13
1239.06
25269.03
1141.07
1132.01
1132.01
1132.97
1125.81
1127.00
1173.02
1159.19
1154.90
25209.90
1177.07
1148.22
1150.85
1147.03
1142.98
1140.12
1145.12
1127.96
1136.06
25194.88
1185.89
1149.89
1139.88
1146.79
1139.88
1134.87
1132.97
1194.00
1202.11
1229.05
25311.23
1179.93
1168.01
1173.97
1167.06
1171.11
1162.05
1214.98
1199.96
1209.02
25294.07
1170.87
1173.97
1188.99
1168.97
1174.93
1181.84
1175.88
1175.17
1167.06
25248.05
1147.03
1130.10
1124.14
1209.97
1217.13
1234.05
1245.02
1240.97
1240.02
25270.94
1132.01
1124.86
1133.92
1186.13
1197.10
1182.08
1183.03
1173.02
1165.87
25251.15
1183.03
1176.12
1190.19
1187.09
1188.04
1193.05
1199.96
1210.93
1225.95
29304.03
1152.04
1142.98
1152.99
1150.13
1156.09
1152.04
1171.11
1164.91
1163.01
25228.98
1201.87
1178.03
1179.93
1176.83
1168.97
1170.16
1178.03
1173.02
1168.01
25229.93
1215.22
1173.97
1173.02
1176.83
1174.93
1168.01
1152.99
1106.02
1111.98
1111.98
25273.08
1155.14
1158.00
1151.08
1147.03
1140.83
1144.89
1114.85
1138.21
1135.83
25229.93
1155.85
1127.00
1137.02
1127.96
1129.87
1122.95
1120.09
1162.05
1158.00
25238.04
1156.09
1121.04
1116.04
1132.01
1117.94
1111.03
1113.18
1124.86
1131.06
1131.06
25207.04
1141.79
1121.04
1126.05
1122.00
1124.14
1126.05
1118.18
1131.06
1141.07
25168.90
1210.93
1139.88
1133.20
1126.05
1125.10
1129.15
1132.97
1127.00
1127.96
1122.95
25208.00
1173.97
1153.95
1155.14
1121.04
1140.12
1142.02
1145.12
1145.12
1146.08
25201.08
1201.87
1178.98
1182.08
1166.11
1165.15
1159.91
1183.03
1175.88
1168.97
1167.06
25273.08
1188.04
1181.13
1175.17
1188.04
1184.94
1195.91
1185.18
1183.99
1183.03
25249.96
1149.18
1132.97
1132.01
1192.81
1185.89
1195.91
1183.99
1187.09
1187.09
25258.06
1129.15
1123.91
1112.94
1142.98
1147.03
1146.08
1152.04
1141.07
1142.98
25211.10
1201.15
1161.10
1167.06
1106.98
1119.14
1109.12
1118.90
1110.08
1112.94
1114.85
25226.83
1124.86
1121.04
1132.97
1123.19
1123.91
1123.91
1132.01
1127.96
1124.14
25184.87
1163.01
1131.06
1141.07
1142.98
1132.97
1137.97
1140.83
1135.11
1130.10
1144.17
25253.06
1146.08
1141.07
1138.93
1132.97
1137.97
1140.83
1137.97
1137.02
1132.01
25197.98
1158.00
1139.88
1133.92
1141.79
1133.92
1137.97
1144.89
1140.83
1142.98
1131.06
25244.95
1150.13
1143.93
1155.85
1154.90
1139.16
1154.90
1151.80
1139.88
1153.95
25249.96
1149.89
1142.02
1144.89
1130.10
1135.11
1133.92
1124.86
1163.01
1164.91
25237.80
1157.05
1126.05
1119.14
1131.06
1122.00
1118.90
1119.14
1153.95
1147.99
1148.94
25246.86
1130.10
1120.09
1131.06
1117.94
1122.00
1120.09
1116.99
1111.98
1111.98
25172.95
1178.03
1142.02
1132.01
1137.97
1142.98
1141.07
1138.93
1112.94
1115.08
1116.04
25232.08
1164.20
1157.05
1163.96
1158.00
1162.05
1162.05
1150.13
1125.10
1127.96
25199.17
1199.96
1170.16
1162.05
1173.97
1168.01
1163.96
1156.09
1126.05
1122.95
1116.99
25226.83
1145.84
1130.82
1135.11
1139.16
1142.02
1147.99
1142.98
1137.02
1139.16
25228.98
1143.93
1129.15
1131.06
1117.94
1128.91
1126.05
1133.92
1120.09
1122.95
25141.95
1247.88
1177.79
1173.97
1183.99
1178.98
1174.93
1179.93
1167.06
1170.16
1169.92
29290.91
1168.97
1143.93
1158.95
1158.00
1159.91
1154.18
1174.93
1174.21
1167.06
25246.86
1146.08
1142.98
1151.08
1160.14
1168.01
1158.00
1170.87
1176.12
1173.97
25251.87
1159.91
1145.84
1153.95
1158.00
1150.13
1151.08
1148.94
1105.79
1116.04
25141.00
1296.04
1244.07
1239.06
1245.98
1243.11
1239.06
1180.17
1163.96
1157.05
25239.23
1185.89
1152.04
1139.88
1178.03
1203.06
1209.02
1235.96
1240.02
1234.05
25305.99
1147.99
1117.94
1113.89
1165.87
1188.99
1157.05
1171.11
1163.01
1151.08
1149.18
25213.96
1117.23
1116.99
1106.98
1124.86
1122.00
1117.94
1127.00
1127.00
1125.10
25198.94
1142.02
1114.85
1111.03
1133.92
1167.06
1178.03
1184.94
1178.98
1184.23
25244.95
1178.03
1135.11
1132.97
1152.04
1245.02
1237.87
1240.97
1238.11
1238.11
21288.87
1200.91
1164.91
1173.02
1204.01
1196.86
1183.03
1190.90
1178.98
1173.02
25218.96
1204.01
1163.96
1163.96
1169.92
1144.89
1137.97
1140.83
1127.96
1125.10
1126.05
25233.03
1127.96
1111.03
1110.79
1148.94
1178.03
1175.88
1187.09
1192.09
1191.14
25249.00
1142.98
1117.94
1111.98
1224.99
1214.03
1211.88
1221.18
1219.99
1210.21
25265.93
1194.95
1166.11
1163.96
1173.97
1168.01
1155.14
1161.10
1149.89
1142.98
25200.13
1211.17
1168.01
1163.01
1147.99
1127.96
1123.91
1126.05
1127.00
1122.95
1132.01
25283.81
1175.88
1161.81
1148.94
1157.05
1173.02
1178.98
1178.98
1188.99
1193.05
25300.98
1180.89
1163.96
1151.08
1235.96
1241.92
1243.83
1235.01
1241.92
1237.87
25265.93
1142.02
1132.01
1120.09
1158.00
1147.99
1153.95
1157.05
1137.97
1136.06
25192.02
1144.17
1113.89
1111.98
1142.98
1165.87
1164.91
1177.07
1175.88
1178.03
25240.18
1153.95
1124.86
1116.99
1121.04
1115.08
1116.99
1129.87
1119.85
1118.90
1116.99
25188.92
1146.79
1123.91
1131.06
1117.94
1119.14
1118.90
1124.86
1122.95
1120.09
1116.99
25216.82
1133.92
1129.87
1131.06
1125.81
1123.91
1124.86
1131.77
1124.86
1129.87
25180.82
1148.94
1122.00
1118.90
1125.81
1112.94
1120.09
1124.14
1122.95
1118.90
1113.18
25229.93
1135.83
1127.96
1129.15
1126.05
1128.91
1132.97
1141.07
1127.96
1131.06
25190.11
1162.05
1132.97
1128.91
1144.89
1132.01
1136.06
1130.10
1182.08
1174.93
1166.82
25280.00
1185.89
1174.93
1182.79
1173.97
1170.16
1173.97
1159.19
1158.00
1150.13
25254.01
1195.19
1194.00
1191.14
1187.09
1187.09
1183.03
1120.09
1132.97
1130.82
25215.15
1147.03
1129.87
1129.87
1168.01
1168.01
1168.01
13273.00
1179.93
1167.06
1182.08
1157.05
1160.86
1161.81
1159.91
1170.87
1181.13
25278.09
1204.97
1178.98
1183.03
1163.01
1158.00
1152.99
1155.85
1146.79
1142.02
25195.12
1161.10
1138.93
1130.82
1136.06
1125.10
1128.91
1117.23
1167.06
1168.97
1177.07
25295.02
1180.89
1169.92
1164.20
1107.93
1109.84
1116.04
1114.85
1118.90
1118.90
25202.04
1185.89
1152.99
1146.08
1127.96
1148.22
1149.89
1163.96
1147.99
1160.86
25222.06
1183.99
1161.81
1148.94
1166.11
1173.97
1164.91
1186.13
1188.04
1186.13
25215.15
1280.07
1202.11
1200.91
1179.93
1167.06
1182.79
1196.86
1185.89
1185.89
25220.16
1251.94
1188.99
1169.92
1152.99
1172.07
1183.03
1178.03
1178.03
1174.93
1169.92
25256.16
1153.95
1140.83
1123.91
1159.91
1152.99
1155.85
1148.94
1137.97
1142.02
25259.02
1161.10
1151.08
1146.08
1126.05
1128.20
1122.95
1136.06
1116.99
1116.99
25170.09
1231.19
1193.05
1187.09
1142.98
1129.15
1136.06
1137.97
1133.20
1128.91
1124.86
25253.77
1163.01
1142.98
1126.05
1110.08
1112.94
1106.98
1127.00
1118.90
1117.94
25179.86
1187.80
1158.00
1152.99
1135.83
1109.12
1118.18
1123.91
1121.04
1122.95
1118.18
25287.87
1234.05
1220.94
1184.23
1116.04
1115.08
1115.08
1119.14
1115.08
1115.08
25172.00
1138.93
1111.98
1117.94
1116.99
1114.85
1111.03
1118.90
1117.94
1122.00
1124.86
25229.93
1137.97
1127.00
1130.10
1128.20
1132.01
1132.01
1141.07
1127.96
1132.01
25182.01
