1186.13
1165.87
1158.00
1146.08
1148.22
17205.95
1291.99
1169.92
1174.93
1171.83
1157.05
1152.99
17229.08
1262.19
1197.10
1193.05
1168.01
1158.95
1142.98
17359.02
1201.87
1156.81
1158.00
1148.22
1143.93
1136.06
17359.02
1180.89
1168.97
1165.87
1155.85
1141.79
17219.07
1270.77
1168.01
1161.81
1161.10
1137.02
1152.99
17236.95
1248.84
1178.03
1171.11
1170.16
1167.06
1151.08
17379.05
1204.01
1160.14
1173.02
1158.95
1172.07
17207.15
1281.02
1184.94
1160.86
1158.00
1142.02
1137.97
17229.08
1264.81
1163.96
1160.86
1152.99
1137.02
1142.98
17332.08
1195.91
1179.93
1984.12
1161.10
1144.89
17346.86
1199.01
1201.15
1223.09
1163.01
1152.04
17228.13
1288.18
1190.90
1154.90
1170.87
1159.91
1152.99
17254.11
1276.97
1177.07
13238.91
1286.98
1182.08
1147.99
1160.86
1148.94
1159.91
13248.92
1276.97
1184.94
1163.01
1147.99
1163.01
1154.90
17369.03
1206.16
1178.98
1169.92
1140.83
1136.06
1132.01
17350.91
1175.17
1159.19
1168.01
1163.96
1172.07
17249.11
1276.02
1189.95
1183.99
1158.00
1150.85
1157.05
17368.08
1218.08
1164.91
1170.87
1164.91
1152.99
1147.03
17331.12
1189.23
1168.01
1178.98
1150.13
1162.05
33044.82
1302.96
1177.07
1155.14
11359.93
1291.99
1156.09
1167.06
11371.85
1281.98
1194.00
1163.96
1165.87
10135.89
1219.03
1171.11
1173.97
1164.91
11456.97
1200.20
1178.98
1166.82
11383.06
1227.14
1156.09
1158.00
11354.21
1256.94
1178.98
1152.99
11326.07
1264.10
1179.93
1154.90
1149.18
11460.07
1173.97
1167.06
1142.02
11430.98
1183.99
1155.85
1152.99
11343.00
1244.07
1158.00
1163.01
11345.15
1251.94
1169.92
1158.95
1157.05
21436.93
1185.89
1173.02
7595.06
1207.11
1169.92
1166.11
11410.00
1230.00
1209.02
1193.05
11338.00
1245.02
1166.11
1169.20
11353.02
1242.88
1172.07
1166.11
1158.95
11450.05
1186.13
1147.99
1148.94
11555.91
1181.13
1158.00
1144.89
10009.05
6356.95
1199.01
1175.88
1164.91
11340.14
1231.91
1175.17
1166.11
11334.18
1252.17
1167.06
1173.02
1158.95
11402.13
1188.99
1161.10
1173.02
11449.10
1201.87
1158.00
1152.99
11379.00
1224.04
1158.00
1152.99
11348.96
1235.01
1192.09
1168.97
11318.92
1264.10
1166.11
1176.12
1152.04
11436.94
1188.99
1158.00
1181.13
11449.10
1204.01
1189.95
1252.89
11432.89
1214.98
1180.89
1154.90
11348.01
1231.19
1197.10
1172.07
11343.96
1255.99
1167.06
1161.10
11312.01
1281.02
1186.85
1151.80
1152.04
11435.99
1183.03
1158.00
1142.02
11428.12
1201.15
1159.19
1156.09
11336.09
1233.10
1185.89
1165.15
11323.93
1250.03
1178.03
1187.09
1160.14
19559.14
1199.96
1168.97
1169.20
1159.91
1158.00
25242.09
1268.86
1194.95
13198.14
1285.08
1177.07
1158.00
1163.01
1148.94
1149.89
25229.93
1267.91
1185.89
1161.10
1302.00
1167.06
1151.08
1163.96
1172.07
1158.00
21231.89
1254.08
1174.21
1151.08
1163.96
1144.89
1154.18
37342.07
1240.97
1182.08
9235.86
1251.94
1172.07
9221.08
1286.98
1172.07
1168.01
9322.88
1185.89
1172.07
9270.91
1200.91
1178.98
9191.04
1244.07
1168.01
1150.85
9284.02
1164.20
1166.11
9293.08
1200.20
1157.05
9206.06
1224.04
1158.95
1153.95
9310.96
1168.01
1144.17
9297.13
1190.90
1149.89
5219.94
1221.90
1164.91
1149.89
9287.12
1189.95
1168.97
13314.96
1199.96
1166.11
9226.08
1239.06
1170.16
5201.10
1244.07
1171.11
1173.97
1186.13
1155.14
1140.12
21220.92
1254.08
1163.96
9189.13
1255.99
1160.86
1151.08
9310.96
1185.89
1170.87
9207.96
1228.81
1178.98
9195.09
1238.82
1159.91
1143.93
9289.03
1188.04
1153.95
9221.08
1345.16
1193.05
9190.08
1235.96
1166.82
1154.90
9305.00
1173.97
1163.96
9284.02
1204.01
1163.96
9201.05
1233.10
1945.02
9302.14
1187.09
1166.82
9201.05
1228.09
1153.95
1147.03
9264.95
1174.21
1160.14
9291.89
1178.03
1152.04
13226.99
1240.97
1166.11
1166.11
1158.00
1156.09
1142.98
17322.06
1230.96
1159.91
1162.05
1152.04
1152.04
1133.92
17340.90
1193.05
1157.05
1165.15
1152.99
1161.81
17215.97
1276.02
1186.13
1158.95
1179.93
1159.91
1148.94
17224.07
1262.90
1175.88
1167.06
1156.09
1141.07
1147.03
17349.00
1201.87
1160.86
1159.91
1149.89
1158.95
1158.00
17339.94
1178.03
1173.02
1168.97
1149.18
1147.03
17224.79
1243.11
1157.05
1142.02
1150.85
1138.93
1135.83
25265.93
1273.16
1152.99
1147.99
1150.13
11489.15
1174.21
1142.98
1151.80
11445.05
1198.05
1141.79
1146.08
11360.88
1234.05
1167.06
1146.08
11324.88
1247.88
1153.95
1152.99
1142.02
11440.99
1168.97
12806.89
1295.09
1163.96
1145.84
1153.95
11430.03
1194.00
1157.05
1142.02
11421.92
1183.03
1163.96
1142.98
11328.94
1231.19
1157.05
1156.09
11322.98
1246.21
1173.02
2617.12
1223.09
1160.86
1161.10
1142.02
11407.14
1178.98
1168.97
1150.85
11424.78
1182.08
1151.08
1154.18
11333.94
1251.94
1155.85
1147.03
11404.99
1239.06
1177.07
1150.85
1142.98
11444.09
1183.99
1179.93
1148.94
11430.98
1190.19
1161.10
13088.94
1183.03
1152.04
1158.00
11425.02
1209.02
1158.95
1152.04
11387.11
1219.03
1159.19
1158.95
10013.82
1247.88
1167.06
1152.04
1158.95
1143.22
11425.02
1160.14
1152.99
1152.04
11435.99
1182.08
1147.99
1150.85
11333.94
1245.02
1156.81
1149.89
11325.84
1240.02
1178.98
1147.99
1143.93
16508.82
1188.04
1160.14
1151.08
9899.14
6342.17
1208.07
1173.97
1163.96
11339.19
1224.04
1173.97
1161.10
11321.07
1244.07
1168.01
1178.03
1154.90
11435.03
1173.02
1161.10
12670.99
1194.95
1154.90
1152.99
11389.97
1216.89
1166.11
1146.08
11332.99
1235.01
1186.13
1152.99
11317.01
1249.07
1161.81
1162.05
1151.08
11348.96
1178.03
1146.08
1157.05
11337.04
1235.01
1168.01
1147.99
11353.97
1234.05
1171.83
1144.89
1149.89
11399.98
1181.84
1164.91
1157.05
11422.87
1184.94
1163.96
1146.08
11340.14
1207.11
1156.09
12445.93
1262.19
1173.02
1153.95
1153.95
6330.01
1160.86
1171.83
1146.08
11409.04
1176.12
1144.89
1158.00
11344.91
1220.94
1158.95
1157.05
11332.99
1239.06
1168.01
1152.99
1152.04
11414.05
1189.23
1152.04
1142.98
11420.01
1176.12
1163.96
1148.94
11337.04
1219.03
1156.09
13010.98
1199.96
1156.81
1154.90
11338.00
1243.11
1169.20
1146.08
16379.12
1252.89
1163.96
1148.22
1157.05
11423.11
1182.08
1151.08
1147.99
11415.96
1180.89
1168.97
1135.83
11322.02
1219.99
1157.05
1150.13
11328.94
1240.02
1157.05
1145.84
1160.86
8319.85
1169.92
11333.94
1227.14
1163.96
1154.90
11327.98
1235.96
1158.95
1152.99
1142.02
6352.90
1188.99
1154.18
1145.12
11379.00
1190.90
1169.92
1155.85
11326.79
1213.07
1161.10
1162.05
11187.08
1281.98
1173.97
1140.83
1152.04
11430.03
1188.99
1156.09
1142.02
16855.00
1174.93
1143.93
1158.00
11394.02
1205.92
1162.05
1149.89
11339.90
1222.85
1173.02
1163.96
11304.86
1250.03
1154.90
1163.01
1152.99
11441.95
1168.01
1152.99
1162.05
11418.10
1192.81
1165.15
1160.14
11350.87
1248.12
1168.01
1153.23
9447.10
1232.15
11435.03
1176.83
1144.89
1157.05
6274.94
1214.03
1168.01
1151.80
9994.03
6339.79
1228.09
1181.13
1155.14
1146.08
11418.10
1163.96
1162.05
1152.04
11410.95
1184.94
1162.05
1159.91
15382.05
1245.98
1161.10
1168.01
1148.94
1147.03
1149.18
25316.95
1207.11
1165.15
13242.01
1255.04
1163.96
1164.91
1159.91
1149.89
1140.83
25329.83
1206.16
1159.91
13242.96
1257.90
1168.01
1173.02
1149.18
1146.08
1143.93
21329.16
1200.91
1158.00
1160.86
1152.99
1137.02
1143.93
29370.07
1192.09
1161.10
1171.11
1158.95
1147.03
17215.01
1278.88
1173.97
1147.99
1165.87
1146.79
1133.92
17230.03
1257.18
1162.05
1154.18
1150.13
1142.02
1137.02
17328.02
1195.19
1161.10
1172.07
1152.04
1147.03
1152.04
17351.15
1183.03
1160.86
1159.91
1145.84
1139.88
17219.78
1272.20
1177.07
1152.99
1163.01
1147.03
1148.94
17232.18
1238.11
1167.06
1153.95
1147.03
1143.93
1136.06
25330.07
1190.90
1158.95
9214.88
1244.07
1173.02
9200.81
1258.13
1158.95
1152.99
9286.17
1178.98
1157.05
9206.06
1226.19
1156.09
13198.14
1244.07
1165.87
1151.80
1163.01
1145.12
1138.93
13203.86
1230.00
1168.01
1157.05
9285.93
1170.16
1150.13
13309.00
1189.95
1152.04
1175.17
1152.99
1142.02
1142.98
13314.96
1168.97
1141.07
9264.95
1192.09
1150.13
13211.01
1262.90
1167.06
1149.89
1158.95
1143.93
1142.02
25220.87
1252.89
1170.87
9197.95
1255.99
1160.14
1143.93
9309.05
1170.16
1152.99
9202.00
1216.89
1155.14
9186.98
1232.15
1162.05
1150.13
9298.09
1172.07
1154.90
9196.04
1234.05
1165.87
9181.02
1228.81
1158.95
1151.08
9291.89
1180.89
1161.81
9212.97
1227.14
1156.09
5198.96
1240.97
1158.95
1153.95
13287.78
1177.07
1160.14
9196.04
1227.14
1151.08
9176.02
1227.86
1162.05
1145.12
9306.19
1178.98
1149.89
13201.00
1220.94
1162.05
1159.91
1145.12
1147.03
1139.88
29337.88
1222.85
1162.05
1161.10
1156.09
1152.04
1147.99
17359.97
1182.08
1157.05
1168.97
1152.04
1137.97
17210.01
1277.92
1165.87
1158.00
1152.99
1147.03
1130.10
17235.99
1254.08
1161.10
1163.01
1149.89
1150.13
1136.06
17324.92
1197.81
1173.97
1156.09
1151.08
1145.84
1137.97
17343.04
1181.84
1152.99
1155.85
1147.03
1137.02
17215.01
1271.01
1161.81
1149.89
1157.05
1145.12
1137.97
17227.17
1258.13
1166.82
1160.86
1154.90
1137.02
1152.04
25211.10
1209.97
1158.00
1164.20
11355.16
1260.04
1163.01
1155.85
11456.97
1241.92
1178.03
1155.85
11317.01
1252.89
1163.01
1158.95
1142.98
11443.14
1181.13
1158.00
1153.95
11433.84
1182.08
1156.09
1156.09
11343.96
1247.88
1162.05
1148.94
11331.80
1245.02
1178.03
1151.08
1136.06
11448.14
1176.12
1173.02
1147.99
11430.98
1173.97
1157.05
1159.91
11354.92
1225.95
1160.14
1140.12
11339.90
1235.96
1163.01
1158.00
1145.84
11410.00
1187.80
1159.91
1162.05
18128.16
1178.03
1156.81
1160.86
1150.85
1147.03
1141.07
25303.84
1178.03
1147.99
13345.96
1184.94
1155.14
1167.06
1151.08
1149.18
1151.08
25325.06
1190.90
1161.81
13347.86
1191.14
1167.77
1158.00
1161.10
1153.95
1147.03
21333.93
1178.03
1153.95
1173.97
1148.94
1141.07
25219.92
1262.90
1162.05
1151.08
9302.14
1177.07
1151.08
9306.19
1188.04
1147.03
9199.86
1235.01
1158.00
1151.80
9280.92
1175.88
1148.94
9292.84
1188.04
1156.09
9202.00
1225.95
1162.05
9181.02
1250.98
1179.22
1143.93
9270.91
1183.99
1159.19
9201.05
1218.08
1150.13
1156.09
9265.18
1173.97
1152.04
9279.01
1185.89
1153.95
9199.14
1224.04
1164.91
1152.04
9300.95
1167.77
1152.04
13301.13
1181.13
1160.14
1157.05
1142.98
1133.92
1139.16
29369.12
1194.95
1168.97
1164.91
1145.84
1142.02
17208.81
1266.96
1164.91
1153.95
1158.95
1145.12
1147.03
17222.88
1247.88
1171.11
1156.09
1151.08
1140.12
1149.18
17329.93
1194.95
1162.05
1151.08
1147.99
1140.83
1131.06
17326.12
1182.08
1149.89
1158.95
1150.13
1145.12
17202.14
1257.18
1168.01
1147.03
1156.09
1142.02
1137.02
17220.97
1247.88
1168.97
1144.89
1157.05
1141.07
1141.07
17260.07
1231.91
1152.99
1158.95
1148.22
1153.95
1141.79
21348.95
1199.01
1163.01
1162.77
11347.06
1268.15
1170.16
1151.08
11325.12
1275.06
1171.83
1158.00
1142.98
11440.99
1185.89
1162.05
1152.99
11418.10
1188.99
1165.87
1154.90
11348.01
1231.19
1159.91
1164.91
11337.04
1255.99
1167.06
1146.08
1147.99
11430.03
1183.99
1162.05
1150.13
11415.00
1188.99
1162.05
1148.94
11335.13
1230.00
1173.02
1156.81
11326.07
1239.06
1163.01
1168.97
1162.05
11444.09
1180.17
1158.95
1153.95
11424.06
1190.90
1165.87
1144.89
16456.84
1224.04
1164.20
1163.96
11346.82
1230.96
1173.97
1153.95
11326.07
1240.02
1168.97
1173.02
1146.79
11436.94
1178.03
1163.01
1168.97
11440.99
1179.22
1152.04
1165.15
11348.96
1233.82
1161.10
1147.99
11327.03
1246.93
1177.07
1157.05
1145.12
11427.88
1180.17
1168.97
1147.99
11405.23
1177.07
1168.01
1173.02
11363.03
1217.13
1158.95
1150.13
11353.02
1245.02
1163.96
1147.99
11299.13
1266.96
1187.09
1167.77
1149.89
11435.03
1179.93
1168.97
1147.03
11415.00
1190.90
1157.05
1170.16
11348.01
1230.00
1156.09
1158.00
11332.99
1246.93
1163.96
1157.05
1140.83
11548.04
1194.95
1159.91
1142.98
11435.03
1180.89
1163.96
1155.14
11400.94
1194.95
1148.94
12815.00
1208.07
1162.05
1141.07
11332.04
1238.11
1173.02
1153.95
11322.02
1235.96
1179.93
1151.08
1142.02
11423.11
1183.03
1165.87
1158.00
11435.03
1190.19
1154.18
1174.93
11337.04
1243.11
1163.96
1154.90
16435.86
1250.03
1163.96
1161.10
1165.15
11421.92
1173.97
1154.90
1146.79
11419.06
1183.99
1162.05
1149.18
11347.06
1217.84
1160.86
1150.85
11319.88
1235.96
1164.91
1160.86
1152.04
11429.07
1159.91
1153.23
1154.90
11415.96
1188.04
1152.04
1148.94
11334.90
1224.99
1168.97
1152.99
10038.14
1252.17
1167.06
1149.89
8702.04
1169.92
1147.03
1151.08
11418.10
1196.15
1162.05
1153.95
11349.92
1227.86
1176.12
1153.95
11323.93
1237.87
1162.05
1161.10
1142.02
23304.94
1186.85
1154.90
13326.88
1192.09
1155.14
1162.05
1140.12
1144.17
1145.12
25335.07
1193.05
1158.95
13331.17
1194.95
1152.99
1165.15
1151.08
1140.12
1139.16
25339.13
1184.94
1161.10
13332.13
1183.03
1146.08
1154.90
1143.93
1134.87
1127.96
17344.00
1173.02
1147.99
1166.82
1139.88
1133.92
17185.21
1262.19
1163.96
1145.84
1166.82
1146.08
1143.93
25221.11
1259.09
1165.15
1152.04
9294.99
1170.16
1140.12
13303.04
1175.88
1154.18
1161.10
1149.89
1138.93
1139.88
25342.94
1184.23
1147.99
13314.01
1192.09
1159.91
1155.14
1151.08
1141.07
1137.02
25321.96
1178.03
1155.14
9236.10
1215.93
1152.04
9194.14
1232.15
1160.14
1150.13
9279.01
1163.96
1151.08
9203.91
1222.13
1158.00
9186.03
1233.82
1149.89
1156.09
9294.99
1173.97
1142.98
13202.91
1238.82
1162.05
1163.01
1149.89
1142.02
1133.92
25321.01
1194.95
1167.06
13218.88
1250.03
1158.95
1152.99
1150.85
1132.97
1125.10
25271.18
1227.14
1158.95
13231.04
1253.13
1164.20
1141.07
1158.00
1144.89
1136.78
17222.88
1248.12
1157.05
1150.85
1149.89
1141.07
1135.11
17320.16
1192.09
1159.19
1157.05
1144.17
1145.12
1132.97
17338.99
1183.03
1155.85
1166.82
1150.13
1127.00
25200.84
1281.02
1169.92
1153.23
13345.96
1182.08
1158.00
1163.96
1147.99
1148.94
25196.08
1281.98
1177.79
1153.95
13344.05
1178.03
1152.99
1169.92
1145.84
1142.02
25197.98
1286.98
1171.11
1146.79
9309.05
1173.97
1149.89
9209.87
1228.09
1158.95
9183.88
1239.06
1170.16
1154.18
9289.03
1176.83
1157.05
9207.96
1210.93
1158.95
9200.10
1227.86
1163.01
1157.05
13322.11
1187.09
1154.90
1160.14
1142.98
1152.04
25165.08
1299.14
1173.97
1153.95
13332.13
1187.09
1158.24
1159.91
1148.94
1138.93
1139.16
25325.06
1181.84
1162.05
13327.12
1197.10
1160.14
1157.05
1145.12
1136.06
1137.97
17334.94
1183.99
1163.01
1153.95
1140.12
1144.89
17217.87
1258.85
1183.99
1156.81
1159.91
1158.00
1139.16
17232.18
1251.94
1168.01
1162.05
1158.00
1142.98
1134.87
29372.93
1200.91
1167.06
1153.95
1155.14
1152.04
1144.89
25330.07
1173.02
1162.05
13343.81
1197.10
1163.96
1163.01
1155.14
1142.98
1142.98
25337.93
1183.03
1161.10
13347.15
1188.99
1158.95
1158.95
1158.00
1136.06
1138.93
17305.85
1185.89
1161.81
1168.01
1145.12
1142.98
17194.99
1271.01
1178.03
1154.18
1158.00
1149.89
1136.06
25233.03
1271.01
1164.91
9202.00
1253.84
1162.05
1153.95
13340.95
1175.17
1160.14
1158.00
1147.99
1141.07
25202.99
1276.02
1167.06
1159.91
13359.07
1183.99
1160.86
1173.97
1150.13
1142.02
25197.98
1288.18
1178.03
1153.95
9307.15
1178.98
1157.05
9264.95
1193.05
1152.04
9194.14
1245.98
1160.14
1150.13
9286.88
1178.98
1154.90
9262.08
1182.79
1157.05
9206.06
1233.82
1158.95
1158.24
13318.06
1171.11
1157.05
1160.86
1149.89
1144.89
25194.88
1271.96
1173.02
1153.95
13345.00
1178.98
1155.85
1156.81
1143.93
1143.93
25191.07
1283.88
1162.05
1156.09
13345.96
1192.09
1157.05
1164.91
1152.99
1142.02
17179.01
1283.88
1168.97
1150.85
1162.05
1151.08
1131.06
17222.88
1256.94
1163.01
1152.04
1161.10
1150.85
1145.84
17243.86
1250.98
1165.87
1164.91
1154.90
1141.79
1144.89
29361.01
1205.21
1163.96
1166.82
1152.04
1148.94
25200.13
1298.19
1161.10
1156.09
13354.06
1194.00
1163.01
1168.97
1163.01
1137.97
25194.88
1296.04
1174.21
1152.99
13355.02
1188.99
1157.05
1164.91
1145.84
1140.83
17200.95
1276.02
1170.87
1155.14
1161.10
1140.12
1136.06
17214.06
1271.01
1166.11
1168.01
1147.99
1142.02
1134.87
25284.05
1225.95
1163.96
9219.88
1239.06
1167.06
1149.18
13317.11
1177.07
1158.00
1165.87
1147.03
1142.02
25202.99
1281.02
1179.93
1151.80
13344.05
1180.17
1158.00
1170.16
1145.12
1147.03
25192.02
1275.78
1177.07
1158.00
9314.06
1178.98
1158.00
9283.07
1190.90
1158.95
9198.19
1237.15
1164.91
1149.89
9297.85
1175.88
1154.90
9286.88
1180.89
1150.85
9199.86
1219.99
1163.96
1152.04
13309.96
1176.83
1153.95
1163.01
1145.84
1140.83
25203.94
1266.00
1176.12
1159.19
13330.94
1187.09
1157.05
1173.02
1148.94
1145.12
25199.89
1285.08
1168.97
1143.93
13347.15
1172.07
1152.99
1169.92
1148.94
1148.94
17208.10
1278.88
1169.92
1158.00
1161.10
1142.02
1139.88
17228.84
1251.94
1162.05
1157.05
1147.03
1149.89
1140.83
17319.92
1205.92
1170.16
1160.14
1148.94
1143.93
1142.98
29382.94
1191.85
1159.91
1163.01
1142.98
1142.02
25196.08
1296.04
1172.07
1161.10
13364.08
1183.99
1168.01
1176.12
1152.04
1145.12
25216.10
1291.04
1163.01
1154.90
13342.86
1175.88
1153.95
1152.04
1153.95
1143.93
17194.99
1276.97
1175.88
1158.95
1168.97
1148.94
1140.83
17217.87
1250.03
1155.14
1152.99
1156.09
1143.93
1138.93
25326.01
1199.96
1165.87
9212.02
1235.96
1165.87
13183.12
1272.92
1172.07
1155.85
1169.92
1146.79
1142.98
25205.85
1275.06
1171.11
1154.18
13321.16
1172.07
1154.18
1163.96
1145.84
1138.93
25208.95
1286.03
1183.99
1159.91
9320.02
1182.08
1152.99
9286.88
1185.89
1150.85
9202.00
1231.19
1158.00
1150.85
9273.05
1179.93
1148.94
9284.97
1175.17
1162.05
9207.01
1217.13
1163.96
1145.84
13288.97
1177.07
1146.79
1163.01
1152.99
1140.83
25200.13
1261.00
1158.95
1150.85
13345.96
1170.87
1155.85
1169.92
1148.94
1139.16
25192.98
1286.98
1168.01
1152.99
13336.90
1177.79
1152.04
1163.01
1149.89
1147.99
17204.05
1274.11
1163.96
1147.99
1163.01
1157.05
1140.83
17217.87
1245.02
1155.14
1150.13
1167.06
1146.08
1132.01
17234.09
1240.02
1153.95
1159.91
1152.99
1147.99
1142.02
29359.10
1194.00
1155.85
1163.01
1151.80
1137.02
1141.07
25327.21
1176.12
1155.14
13344.05
1187.80
1158.00
1164.20
1148.94
1146.79
1136.06
25339.13
1186.13
1158.95
13348.10
1197.81
1147.99
1170.16
1145.12
1142.02
1135.83
17309.90
1180.89
1150.85
1152.99
1140.12
1143.93
17207.86
1262.90
1170.87
1153.95
1161.81
1147.03
1147.03
25222.06
1258.85
1161.10
9191.04
1250.03
1163.96
1152.04
13315.92
1183.99
1152.04
1157.05
1149.89
1140.83
1142.98
1303.91
1171.11
1155.14
13331.17
1188.04
1161.81
1152.99
1146.08
1137.02
1136.06
25326.01
1188.99
1154.90
9305.00
1186.13
1146.08
9199.14
1231.91
1159.19
1148.94
9275.91
1158.95
1160.14
9287.12
1178.98
1150.13
9193.18
1220.23
1158.95
1152.99
9261.13
1166.11
1151.08
13291.12
1183.99
1152.99
1159.91
1143.93
1141.07
1134.87
25336.03
1184.94
1147.99
13276.10
1209.97
1156.09
1156.09
1152.04
1144.89
1140.83
25342.94
1187.09
1168.01
13260.84
1235.96
1154.18
1159.91
1152.04
1142.02
1135.11
17338.04
1192.09
1155.14
1170.16
1150.13
1142.98
1134.87
17308.95
1180.89
1156.81
1164.91
1144.89
1140.12
17206.19
1274.11
1168.01
1149.89
1152.99
1145.12
1139.88
29242.99
1270.06
1160.14
1168.01
1157.05
1143.93
1149.89
25355.82
1204.01
1161.10
13244.15
1249.07
1153.95
1158.00
1163.96
1153.95
1140.12
25352.00
1204.01
1158.95
13242.01
1259.09
1160.86
1158.00
1142.98
1135.83
1132.97
17337.08
1192.81
1152.99
1166.82
1145.12
1136.06
1137.97
17314.91
1182.08
1162.05
1166.11
1144.17
1142.02
25197.98
1275.06
1178.98
1157.05
9316.92
1175.88
1153.95
13318.06
1201.15
1158.95
1159.91
1148.22
1141.07
1136.06
25349.14
1190.19
1161.10
13327.12
1182.08
1158.00
1154.90
1144.89
1135.11
1138.21
25331.97
1182.79
1152.99
9271.14
1202.11
1149.18
9191.04
1246.93
1162.05
1146.79
9300.95
1178.98
1151.08
9270.19
1188.99
1150.85
9192.94
1234.77
1159.91
1147.03
9287.12
1170.16
1152.04
13271.09
1192.81
1148.94
1155.85
1154.90
1137.97
1142.02
25322.91
1187.09
1158.00
13225.08
1247.17
1156.09
1163.01
1150.85
1144.89
1141.79
25331.97
1196.15
1156.09
13233.90
1247.88
1172.07
1172.07
1156.09
1141.07
1145.84
17323.97
1186.85
1152.99
1159.91
1149.18
1147.99
1144.89
17345.19
1180.17
1165.87
1166.11
1150.13
1141.07
17199.99
1275.06
1175.17
1154.18
1152.99
1150.13
1145.12
29239.18
1279.83
1175.88
1161.10
1163.01
1143.93
1137.02
25348.19
1192.09
1160.14
13231.04
1252.89
1158.95
1159.19
1153.95
1149.89
1146.08
29371.02
1204.01
1164.91
1158.00
1148.94
1144.17
1140.12
17346.14
1181.13
1149.18
1167.06
1153.95
1152.04
17223.12
1261.00
1168.01
1153.95
1158.00
1145.84
1152.04
17246.01
1243.83
1170.87
1158.95
1151.08
1149.18
1146.08
25346.99
1194.00
1166.11
13269.90
1232.86
1159.91
1166.11
1147.99
1145.84
1135.83
25345.09
1192.09
1165.15
13252.02
1249.07
1163.96
1168.97
1155.85
1143.93
1143.93
25345.09
1193.05
1152.99
9215.83
1232.15
1156.09
9182.93
1246.93
1163.01
1152.04
9284.97
1173.97
1152.04
9194.14
1219.99
1158.00
9179.12
1231.19
1158.95
1149.89
9294.03
1173.02
1152.04
13197.90
1236.92
1158.95
1164.91
1155.14
1141.07
1148.94
25314.09
1196.86
1164.91
13231.99
1243.11
1163.96
1163.01
1147.99
1146.08
1147.99
25325.06
1203.06
1168.01
13231.04
1254.08
1161.10
1148.94
1154.90
1144.89
1139.88
17284.87
1218.08
1156.09
1159.91
1163.96
1134.87
1141.79
17336.85
1181.13
1156.09
1160.86
1149.89
1132.97
1133.92
17298.94
1164.20
1150.13
1153.95
1138.93
1132.01
29218.91
1281.02
1170.87
1147.03
1152.04
1139.16
1130.10
25217.06
1265.05
1152.04
13206.96
1268.86
1163.01
1150.13
1161.10
1139.16
1138.93
25222.06
