1514.20
1402.85
13517.86
1478.91
1408.10
1403.09
1389.03
1386.88
29644.97
1430.03
17538.07
1484.87
1389.98
13561.96
1472.95
1397.85
1389.03
1373.05
1369.95
29618.02
1417.88
1411.91
1391.89
1375.91
25539.16
1478.91
1424.79
13639.93
1446.01
1402.85
1391.89
1383.07
25499.11
1500.13
1417.16
13551.00
1481.06
1394.99
13621.09
1414.06
17513.99
1486.06
1392.13
17524.96
1467.94
1395.94
21615.03
1434.09
9421.11
1527.07
1415.97
13496.16
1475.10
1397.13
1404.05
1389.98
1389.98
25620.94
1438.86
13505.94
1502.04
1412.87
1426.94
1410.01
1387.12
25548.93
1476.05
1405.00
17652.99
1424.07
17544.98
1500.13
1395.94
17527.10
1470.09
1396.89
17628.91
1420.02
17515.90
1490.12
1408.10
17511.13
1486.78
1423.12
17652.99
1434.09
17493.96
1554.97
1517.06
17575.03
1498.94
1410.01
17611.98
1407.86
17508.03
1487.02
1390.93
17511.84
1478.91
1406.91
17607.93
1447.92
17489.91
1499.89
1391.89
17528.06
1494.17
1402.14
17620.09
1432.18
1389.98
17611.03
1419.78
17523.05
1478.91
1419.78
17611.03
1435.04
1391.89
17637.97
1413.11
1394.03
1397.85
1374.01
25516.99
1483.92
1384.97
13598.92
1424.07
1394.99
1398.09
1367.09
25418.04
1548.05
1397.85
13466.84
1472.00
1389.03
17573.83
1430.99
1388.07
9569.88
1401.90
13494.97
1491.07
1407.86
1399.99
1427.89
1488.92
25630.95
1466.04
13442.99
1537.08
1405.95
17519.00
1490.12
1415.97
17588.85
1430.03
1388.79
17615.08
1419.78
1405.95
1382.83
1374.96
25536.06
1477.00
1401.90
13594.87
1433.13
1397.13
1394.03
1378.06
25464.77
1511.81
1398.09
13520.96
1480.10
1423.12
1419.07
1382.83
1385.93
25632.86
1429.08
17517.09
1522.06
1411.91
17527.10
1474.86
1418.83
17618.89
1419.07
13504.98
1472.00
1406.91
1405.00
1377.11
1374.01
25512.93
1501.08
1398.09
13619.18
1417.88
1418.83
1397.85
1378.06
25498.87
1497.03
1425.03
13605.12
1438.14
1393.08
1398.80
1390.93
29440.88
1563.07
1405.00
17544.03
1503.94
1403.09
13632.06
1442.91
1396.18
1427.17
1378.06
29510.97
1511.10
1392.13
1402.14
1382.11
1376.15
25532.01
1452.92
1383.78
13638.02
1417.88
1415.01
1378.06
1375.91
25524.14
1479.15
1398.09
17553.81
1460.08
1378.06
13604.16
1411.20
17494.92
1485.11
1410.96
17535.92
1492.98
1402.85
17624.86
1432.90
17480.85
1508.95
1416.92
17516.85
1466.99
18309.12
1482.96
1389.98
17513.99
1474.86
1392.84
17618.89
1435.04
17564.06
1492.98
1398.80
17521.86
1466.04
1389.98
17587.90
1410.96
17456.05
1533.99
1413.11
17505.17
1486.06
1413.82
17620.09
1434.09
1387.83
17603.87
1420.02
16629.93
1496.08
1398.80
1421.93
25624.04
1417.88
17506.84
1472.95
1414.06
17549.99
1449.82
1387.12
17600.06
1414.06
17498.02
1485.82
1396.89
17529.01
1502.04
1403.81
17613.89
1428.13
17437.93
1549.01
1405.00
17540.93
1487.02
1389.03
17624.86
1430.03
1398.09
17588.14
1415.01
17513.04
1506.81
1401.90
1392.84
1400.95
1374.96
25605.92
1448.87
13449.91
1590.01
1423.84
1395.94
1370.91
1364.95
25541.07
1472.00
1393.08
13596.06
1405.00
1413.11
1394.99
1369.00
25492.91
1490.12
1390.93
13515.00
1473.90
1403.81
1389.98
1370.19
1363.04
25622.13
1415.01
13501.88
1508.00
1413.82
1405.95
1382.83
1392.84
25637.87
1443.15
1395.94
13602.02
1427.17
1399.04
1389.03
1371.86
25503.87
1490.12
1401.90
13602.02
1416.92
1397.85
1387.83
1353.98
25490.05
1502.99
1390.93
13513.80
1466.04
1402.85
1398.80
1372.10
1363.04
25619.03
1437.90
17508.03
1509.19
1413.11
17565.97
1532.08
1522.06
13598.92
1423.84
17503.02
1497.98
1408.10
17498.97
1476.05
1412.15
17599.11
1422.88
17454.15
1541.85
1400.95
17508.98
1488.21
1399.04
17576.93
1430.99
1390.93
17615.08
1413.11
17528.77
1482.96
1401.90
17513.04
1472.00
1395.94
17620.09
1415.01
17483.95
1493.93
1407.86
17514.94
1486.06
1401.19
17597.91
1446.01
17431.02
1547.10
1406.91
17529.01
1471.04
1405.95
17590.05
1439.81
1401.90
21642.92
1437.90
17512.08
1489.16
1398.09
17499.21
1476.05
1402.14
17608.17
1418.83
17493.01
1477.00
1394.03
17568.83
1471.04
1386.88
17600.06
1429.08
17395.97
1557.83
1410.96
17531.87
1492.98
1402.85
17606.97
1461.03
1413.11
13571.02
1430.03
17531.87
1493.93
1410.01
17532.83
1462.94
1385.93
17602.92
1409.05
17490.15
1504.18
1410.01
17521.86
1482.96
1396.89
17624.86
1436.95
17472.03
1559.02
1399.99
17513.04
1476.05
1392.84
17612.93
1431.94
1385.93
17599.82
1405.95
17534.02
1492.98
1398.09
17538.07
1451.02
1384.97
17621.99
1441.96
17518.04
1494.88
1405.95
17519.00
1491.07
1401.90
17640.83
1418.11
17524.00
1494.88
1978.87
17637.01
1413.11
17494.92
1478.91
1403.81
17511.84
1478.91
1390.93
17594.81
1421.93
17436.03
1552.82
1404.05
17513.99
1487.97
1391.89
17581.94
1433.85
1392.84
17601.97
1422.88
17504.93
1487.97
1422.17
17527.10
1477.96
1404.05
17616.99
1424.79
17527.10
1515.87
1405.00
17529.96
1483.92
1395.94
17606.97
1440.05
17497.06
1497.03
1392.13
17504.93
1492.02
1394.99
17595.05
1442.19
1408.10
17593.15
1406.19
17519.95
1477.96
1396.89
17514.94
1473.90
1380.92
17615.08
1436.00
17498.02
1482.01
1382.83
17516.85
1514.91
1390.93
17603.87
1413.11
17437.93
1533.03
1396.18
17515.90
1487.02
1392.84
17564.06
1446.01
1395.94
17619.85
1421.93
17503.98
1528.98
1410.01
17552.85
1477.96
1400.95
17616.03
1408.10
17495.16
1508.95
1418.11
17521.86
1478.91
1399.99
17620.09
1420.02
17432.93
1530.17
1418.11
18401.15
1421.21
17502.07
1497.98
1389.03
17524.00
1476.05
1393.08
17626.05
1427.17
17513.99
1494.88
1403.09
17522.10
1511.81
1415.01
17626.05
1432.90
17477.04
1536.13
1410.01
17536.88
1482.01
1406.91
17635.82
1420.97
17472.03
1610.04
1428.13
17529.96
1472.00
1397.85
17607.93
1425.98
17400.98
1560.93
1400.95
17502.07
1482.96
1400.95
17536.16
1455.07
1387.12
17604.11
1419.07
17474.89
1493.93
1399.99
17516.14
1464.84
1394.99
17597.91
1425.98
17437.93
1583.81
1413.11
17516.14
1493.93
1405.00
17598.15
1446.01
1389.98
17610.07
1400.95
17516.14
1451.02
1377.82
17490.86
1466.04
1386.88
17598.15
1401.90
17406.94
1539.95
1398.80
17492.06
1481.06
1386.88
17505.88
1454.11
1377.11
17616.99
1421.93
17477.99
1489.88
1391.17
17503.02
1467.94
1384.97
17603.87
1421.93
1381.87
1389.98
1363.04
25438.79
1658.92
1400.95
13518.10
1468.90
1388.79
1386.88
1374.96
1374.01
25630.00
1413.11
13494.97
1480.10
1398.09
1394.03
1384.02
1364.95
25519.85
1474.14
1398.09
13611.79
1421.93
1407.86
1385.93
1379.01
25507.93
1492.98
1389.98
13509.99
1462.94
1383.07
1387.12
1374.01
1374.01
25629.04
1415.97
13494.97
1482.96
1389.03
1389.98
1367.09
1371.15
25520.09
1473.90
1385.93
13614.89
1421.93
1389.03
1380.92
1374.01
25501.97
1490.83
1394.99
13514.04
1468.90
1389.03
1398.09
1375.91
1369.00
25623.08
1421.93
13501.17
1478.20
1397.13
17508.98
1461.98
1423.12
17660.14
1400.95
17483.95
1482.96
1385.93
17493.01
1480.10
1378.06
17600.77
1424.07
1389.03
17597.91
1418.83
17500.88
1479.15
1390.93
17498.97
1464.13
1389.98
25609.02
1414.06
9469.03
1480.10
1394.03
17503.98
1451.97
1383.07
17542.84
1435.04
1379.01
17610.07
1400.95
17481.80
1470.09
1392.13
17494.92
1461.98
1387.83
17591.00
1427.89
1363.99
17580.99
1401.19
17491.10
1473.19
1388.07
17506.84
1456.02
1388.07
17578.84
1410.96
17402.89
1547.10
1401.19
17493.01
1472.00
1396.18
17498.97
1451.02
1384.02
17601.97
1413.82
17477.99
1478.91
1387.12
17501.12
1460.08
1385.93
17547.13
1434.09
1389.03
17601.97
1415.97
21486.04
1472.00
1385.21
1385.93
1378.06
1356.12
25502.92
1467.94
1380.92
9560.82
1405.00
13424.87
1525.88
1388.07
1375.91
1368.05
1367.09
25503.16
1472.00
1381.87
13570.79
1420.97
1379.01
1385.93
1363.99
1365.18
25592.09
1394.03
13495.92
1456.02
1377.11
1386.88
1365.90
1367.81
21555.90
1436.95
1374.01
17614.84
1415.01
17498.02
1477.96
1409.05
21507.98
1470.09
1385.93
9574.89
1405.95
1374.01
13559.10
1400.95
1388.07
1373.05
1355.89
25536.06
1484.16
1402.14
13592.96
1414.06
1378.06
1393.08
1364.95
25409.94
1545.19
1399.04
17512.80
1479.15
1391.89
13545.99
1433.13
1384.97
17598.15
1407.15
17492.06
1478.20
1394.03
1392.84
1376.87
1374.96
25509.12
1466.99
1376.15
13587.00
1410.01
1388.07
1393.08
1377.82
25480.99
1473.90
1385.93
13495.21
1461.98
1392.84
1400.95
1378.06
1362.80
25603.06
1419.78
13480.90
1486.06
1389.03
17506.84
1465.08
1382.83
17581.94
1425.03
1377.11
1383.07
1369.95
1362.09
25579.93
1410.01
1390.93
1377.11
1367.09
29509.07
1472.95
1385.93
1396.89
1365.90
1370.91
25606.87
1428.84
13482.09
1520.16
1382.11
1382.11
1374.96
1370.91
25514.84
1476.05
1395.94
17613.17
1425.98
17431.97
1543.05
1409.05
21523.00
1474.86
1397.85
1394.03
1374.01
1369.00
25619.98
1422.88
9423.97
1513.96
1402.85
13503.79
1456.02
1384.97
1389.98
1374.96
1370.91
25604.01
1437.19
1399.99
13585.09
1410.01
1417.16
1393.08
1384.97
29529.81
1490.12
1398.09
17613.17
1428.13
21429.06
1564.98
1401.90
9494.07
1453.88
1384.97
13502.12
1446.96
1384.02
1392.13
1369.95
1371.86
25609.97
1425.98
13505.94
1472.95
1393.08
1398.80
1374.96
1410.96
25597.10
1434.80
1374.96
13596.06
1401.90
13491.87
1474.86
1392.84
17507.08
1461.03
1392.84
17585.04
1418.11
13433.22
1530.17
1399.04
17513.99
1469.14
1393.08
17528.06
1451.97
1386.17
17591.95
1420.02
17495.16
1477.96
1398.09
21526.10
1473.19
1403.09
17592.19
1428.13
1386.17
9543.90
1389.98
13505.22
1470.09
1393.08
1399.99
1385.93
1376.15
25594.95
1451.02
1390.93
13597.97
1407.15
1394.03
1393.08
1377.82
25504.83
1481.06
1396.89
13599.87
1436.00
1386.17
1400.95
1375.91
25471.93
1522.06
1409.05
17515.90
1479.86
1389.98
1412.87
1381.87
1375.91
25622.84
1420.02
1392.13
1386.88
1385.21
25510.07
1496.79
1394.03
13520.96
1459.12
1393.08
1393.08
1372.10
1371.86
25630.95
1426.94
13512.13
1478.91
1388.79
1400.95
1376.87
1374.01
25588.04
1428.84
1381.87
13608.93
1408.82
1394.03
1384.02
1369.95
29524.80
1476.05
1402.14
1392.13
1384.02
1371.86
25640.01
1434.09
13473.99
1502.04
1401.90
1398.80
1378.06
1371.15
25515.08
1486.06
1388.79
13594.87
1411.91
1399.99
1389.98
1369.00
25493.14
1494.88
1396.18
13515.95
1469.85
1401.90
1398.09
1377.11
1371.15
29359.10
1434.09
1388.07
11662.96
1487.97
1399.99
1368.05
21656.04
1411.91
1415.97
16245.13
1469.14
1401.19
1400.95
16697.88
1460.08
1405.00
16628.03
1509.90
1414.06
1390.93
15448.81
1472.95
1378.06
1397.13
16688.11
1468.18
1410.01
1385.21
16764.88
1435.04
1376.15
16685.01
1466.99
1423.84
1384.02
16780.14
1437.19
1389.03
16679.05
1488.92
1405.95
1388.07
16789.20
1427.89
1395.94
16690.97
1472.00
1394.03
1382.11
16909.12
1412.15
1394.03
12059.93
1425.98
1389.98
16680.96
1477.96
1396.89
1380.92
16779.90
1412.87
1381.87
16731.02
1490.83
1393.08
1380.92
21586.89
1414.06
9483.10
1456.02
1388.07
17506.12
1455.78
1390.93
17580.99
1420.97
17439.13
1526.83
1399.99
17506.84
1460.08
1394.99
17560.96
1424.07
1392.84
17598.87
1415.01
17474.17
1484.16
1391.17
17503.98
1465.80
1384.97
17586.95
1424.79
1394.03
17554.04
1418.83
17509.94
1477.00
1389.03
17515.90
1468.90
1391.89
17589.81
1422.88
17472.03
1501.08
1437.90
17633.91
1460.08
1397.13
17585.04
1429.08
17466.07
1497.98
1397.85
17509.94
1466.04
1393.08
17566.20
1431.94
1389.03
13600.11
1414.06
1394.03
1385.93
1375.91
25516.99
1476.05
1394.03
13572.93
1425.03
1389.98
1382.11
1389.98
1372.10
25589.94
1425.03
13508.80
1472.00
1399.99
1394.03
1383.78
1374.01
29622.08
1439.09
1391.17
1389.98
1388.07
25502.20
1530.17
1404.05
9512.19
1468.18
1397.13
17596.96
1434.09
17453.91
1530.17
1399.04
17515.18
1473.90
1389.03
17574.07
1427.17
1386.17
17611.98
1419.07
17499.92
1472.95
1397.85
17502.07
1463.17
1398.09
17600.06
1421.93
17436.98
1534.22
1409.05
17508.98
1463.89
1396.89
17571.93
1438.86
1384.97
21610.98
1420.02
17512.80
1485.11
1399.99
17523.05
1480.10
1396.18
17597.91
1416.92
17477.99
1497.03
1407.15
17510.89
1466.04
1402.14
17604.11
1422.88
1393.08
17599.11
1411.91
13501.88
1473.90
1394.99
1399.99
1382.11
1378.06
25595.90
1432.90
1396.89
13582.94
1410.96
1389.03
1374.96
1379.01
25510.07
1485.11
1388.07
13592.00
1425.98
1389.03
1397.13
1373.05
25421.14
1556.87
1405.00
13515.00
1474.14
1390.93
1398.09
1388.07
1361.13
25624.04
1434.80
17443.90
1538.99
1394.99
17520.90
1472.95
1392.13
17564.06
1437.90
1380.21
13608.93
1417.88
1405.00
1422.88
1492.98
25516.03
1496.08
1399.99
13623.00
1425.03
1398.09
1383.07
1379.97
25500.06
1500.13
1391.17
13515.00
1465.08
1399.04
1405.95
1374.01
1378.06
29627.08
1418.11
17510.18
1486.06
1389.98
13517.14
1475.81
1395.94
1401.90
1391.89
1371.15
29663.09
1431.94
1399.04
1374.96
1374.96
25523.19
1487.02
1391.89
13603.93
1436.00
1387.12
1395.94
1381.87
25444.03
1541.85
1395.94
17510.89
1477.00
1389.98
13576.98
1424.07
1393.08
17611.98
1417.16
17492.06
1474.14
1397.13
17518.04
1451.97
1398.80
17593.86
1418.11
17442.94
1525.16
1404.05
17506.12
1470.80
1393.08
17545.94
1430.03
1388.07
13600.83
1409.05
1394.03
1388.07
1375.91
29513.84
1494.17
1387.12
1403.09
1377.11
1378.06
25599.96
1426.94
1386.88
13573.17
1406.19
17513.99
1478.91
1395.94
17498.02
1472.00
1389.03
17601.97
1427.89
17468.93
1489.16
1389.98
17503.02
