1204.01
1178.03
1162.05
1129.87
1145.84
1133.92
25253.06
1171.83
1173.02
1153.95
1161.81
1163.01
1163.96
25280.95
1202.11
1179.93
1171.83
1166.11
1163.96
25211.10
1219.99
1193.05
1172.07
1178.98
1169.92
1167.06
25233.98
1181.13
1135.11
1128.91
1186.85
1178.03
1171.11
25270.94
1145.84
1119.14
1111.03
1111.03
1133.92
1124.14
25222.06
1167.06
1160.14
1137.02
1131.06
1161.10
1142.98
25282.86
1186.13
1163.01
1150.85
1127.96
1142.02
1122.00
25264.98
1176.12
1169.92
1154.90
1109.84
1131.06
1122.00
25230.17
1126.05
1120.09
1107.93
1160.86
1168.01
25213.00
1188.99
1142.98
1133.20
1129.87
1159.91
1158.00
25233.03
1174.93
1138.93
1127.00
1138.93
1138.21
1136.06
25198.94
1205.92
1185.18
1203.06
1243.11
1213.07
1200.91
25305.99
1200.20
1188.99
1168.01
1135.11
1131.06
1123.19
25263.07
1162.05
1160.14
1142.98
1157.05
1171.83
25200.84
1187.09
1147.03
1141.07
1137.02
1163.96
1154.90
25198.94
1183.99
1157.05
1143.93
1142.98
1132.01
1123.91
25189.16
1183.03
1147.99
1138.93
1113.89
1119.14
1127.00
25196.79
1173.02
1157.05
1137.97
1118.90
1120.81
1124.86
25197.03
1182.08
1146.08
1156.09
1113.18
1131.06
1132.01
25205.14
1167.06
1143.93
1142.02
1163.01
1162.05
1164.91
25277.85
1173.02
1178.98
1199.01
1168.97
1177.07
1188.04
25259.02
1154.90
1140.83
1116.99
1180.89
1190.90
25248.05
1217.13
1150.13
1141.07
1143.93
1173.02
1178.98
25235.89
1202.82
1178.03
1168.97
1175.17
1177.07
1162.05
25275.95
1214.98
1196.15
1177.07
1172.07
1178.03
1164.20
25309.09
1210.93
1214.03
1168.01
1161.10
1164.91
25238.99
1176.12
1157.05
1137.97
1163.01
1182.08
1172.07
25246.14
1164.91
1144.89
1141.79
1132.01
1132.97
25760.89
1262.90
1206.87
1217.13
1125.10
1142.02
1137.02
25218.01
1232.15
1214.98
1240.97
1116.99
1137.02
1132.97
25238.99
1205.92
1194.95
1201.15
1152.99
1114.13
1132.01
25286.91
1222.85
1195.19
1175.88
1178.03
1169.92
25234.22
1223.09
1192.09
1182.08
1143.93
1136.06
1158.95
25228.02
1218.08
1172.07
1174.93
1128.91
1132.01
1152.04
25241.14
1181.13
1163.01
1159.91
1114.85
1128.91
1135.11
25269.99
1194.00
1168.97
1157.05
1116.99
1142.98
1131.06
25296.93
1201.15
1183.99
1168.01
1138.93
1141.07
25188.21
1238.11
1228.09
1228.09
1122.95
1133.92
1132.01
25213.00
1227.14
1199.96
1214.03
1147.99
1113.89
1118.90
25223.97
1194.00
1174.93
1165.15
1113.89
1115.80
1118.90
25254.01
1165.15
1152.04
1160.14
1171.11
1174.93
1173.02
25258.06
1143.93
1132.97
1133.92
1190.90
1185.18
25229.93
1178.03
1153.95
1116.99
1131.06
1124.14
1116.04
25187.02
1150.85
1142.98
1130.10
1134.87
1188.04
1172.07
25243.04
1163.01
1142.98
1121.04
1166.11
1163.01
1158.95
25213.96
1173.02
1160.14
1141.07
1141.07
1141.07
1140.12
25209.90
1185.89
1163.96
1151.08
1131.06
1152.04
1143.93
25249.96
1157.05
1175.88
1158.95
1142.98
1145.84
1149.89
25264.02
1152.99
1136.06
1142.02
1158.95
1158.00
1149.89
25223.02
1137.02
1122.95
1142.02
1139.88
1142.02
25172.00
1207.83
1138.93
1126.05
1132.01
1146.08
1168.01
25212.05
1168.01
1137.02
1121.04
1142.02
1178.98
1185.89
25281.19
1149.18
1122.95
1116.04
1160.86
1215.22
1209.97
25254.01
1169.92
1149.89
1143.93
1199.01
1217.84
1242.88
25305.99
1193.05
1177.07
1199.96
1225.95
1226.19
25280.00
1191.85
1163.01
1182.08
1219.99
1224.04
1224.99
25298.83
1157.05
1182.08
1241.92
1264.81
1261.00
25309.09
1152.04
1125.10
1116.99
1168.97
1184.94
1188.04
25264.02
1157.05
1138.93
1128.91
1164.91
1168.97
1159.91
25255.92
1149.89
1145.84
1142.02
1139.88
1152.04
1146.08
25268.08
1165.15
1137.02
1137.02
1142.98
1148.94
1153.95
25261.16
1164.91
1154.90
1148.94
1145.12
1147.99
25175.09
1212.12
1157.05
1158.00
1161.81
1159.91
1154.90
25213.00
1173.02
1142.02
1129.87
1137.02
1148.94
1146.08
25204.90
1149.89
1122.95
1124.86
1144.89
1141.07
1151.08
25202.99
1155.85
1147.03
1115.08
1130.10
1143.93
1149.89
25208.95
1143.93
1124.86
1109.84
1162.05
1188.99
1189.95
25249.96
1166.11
1135.11
1139.16
1214.98
1247.17
1256.94
25316.95
1186.13
1189.95
1174.93
1185.18
1188.04
25252.10
1198.05
1168.97
1178.98
1132.01
1163.01
1168.01
25216.10
1173.02
1156.09
1166.11
1145.12
1158.00
1150.85
25250.20
1166.11
1145.84
1147.99
1159.91
1174.21
1177.07
25289.06
1166.11
1161.10
1160.14
1199.96
1209.02
25273.08
1188.04
1153.95
1144.17
1201.87
1265.05
1266.96
25312.90
1199.01
1189.95
1239.06
1160.86
1156.09
1157.05
25268.08
1172.07
1159.91
1168.01
1189.95
1178.03
25244.00
1188.04
1138.93
1135.11
1193.05
1188.04
1184.94
25231.84
1170.87
1118.90
1125.10
1196.15
1065.02
1105.07
25204.90
1149.89
1116.99
1127.96
1136.06
1148.94
1152.99
26561.98
1143.22
1131.06
1141.07
1152.04
1158.00
25261.88
1138.93
1134.16
1125.10
1161.10
1177.07
1167.06
25239.94
1129.87
1086.00
1101.97
1227.86
1231.91
25280.00
1158.00
1131.06
1119.85
1137.97
1193.05
1204.97
25260.93
1173.02
1141.07
1154.18
1188.99
1198.05
1183.03
25281.91
1159.91
1142.02
25191.78
1210.93
1163.96
1171.11
1166.11
1116.99
1135.11
25197.03
1204.01
1163.01
1160.14
1133.92
1140.83
1136.06
25191.07
1173.97
1145.84
1137.02
1127.96
1137.02
1140.83
25194.88
1174.93
1152.04
1158.00
1141.07
1137.02
1136.78
25239.94
1174.21
1163.96
1155.85
1142.98
1142.98
1144.17
25257.11
1178.98
1165.87
1164.20
1142.02
1145.12
1147.03
25276.18
1182.08
1182.08
1184.94
1141.07
1145.84
25202.99
1214.03
1187.09
1178.03
1186.85
1159.91
1158.00
25216.82
1189.95
1176.83
1163.96
1161.10
1171.11
1167.06
25264.02
1163.96
1152.04
1147.03
1176.12
1171.11
1177.07
25249.00
1145.84
1132.01
1135.11
1188.04
1180.89
25226.83
1183.99
1141.07
1136.06
1168.01
1183.99
1183.99
25252.10
1160.14
1131.06
1123.19
1190.90
1186.85
1194.00
25257.11
1157.05
1132.01
1134.87
1199.01
1187.80
1209.97
25259.97
1128.91
1121.04
1122.00
1205.92
1216.17
25233.98
1215.93
1156.09
1144.89
1163.01
1250.98
1261.00
25296.93
1207.83
1173.02
1168.97
1201.15
1207.11
1214.03
25299.07
1187.09
1182.08
1180.17
1214.03
1206.16
25271.89
1204.97
1163.96
1161.81
1196.86
1206.87
1223.09
25287.15
1182.08
1157.05
1168.97
1227.86
1251.94
1260.04
25231.12
1160.14
1146.08
1156.09
1147.03
1152.04
25202.99
1165.15
1142.02
1143.93
1149.89
1132.01
1133.92
1127.96
1134.16
1146.08
1147.03
25254.01
1149.89
1130.10
1119.14
1160.14
1163.01
1168.01
25253.06
1130.82
1117.94
1106.98
1191.85
1188.04
1203.06
25212.05
1131.06
1113.89
1116.99
1220.94
1228.09
25285.96
1155.85
1120.81
1117.94
1161.10
1202.11
1204.97
25266.89
1150.85
1120.09
1116.99
1198.05
1206.87
1203.06
25285.01
1136.78
1118.90
1113.89
1202.11
1202.11
1206.16
25238.99
1119.14
1111.98
1120.09
1173.97
1183.99
1173.02
25218.96
1123.91
1120.09
1122.00
1147.99
1147.99
25179.86
1179.93
1127.00
1115.80
1121.04
1136.06
1131.06
25156.02
1194.00
1125.10
1116.99
1121.04
1136.06
1134.16
25165.08
1213.07
1142.98
1134.87
1140.83
1137.02
1144.89
25185.11
1210.93
1175.17
1156.09
1161.10
1152.04
1152.99
25211.81
1207.83
1177.07
1167.06
1147.99
1172.78
1170.87
25235.89
1188.04
1163.96
1159.91
1185.18
1187.09
1195.91
25296.93
1171.83
1166.82
1160.86
1180.89
1183.03
25235.89
1184.94
1152.04
1146.79
1167.06
1234.05
1231.91
25264.02
1183.03
1152.99
1144.89
1206.87
1190.19
1198.05
25299.07
1166.11
1150.13
1156.09
1179.93
1184.94
1179.93
25233.98
1141.07
1140.12
1147.99
1150.13
1158.95
25198.94
1161.10
1120.09
1118.18
1126.05
1128.91
1130.82
25185.82
1188.04
1153.95
1133.92
1168.01
1139.88
1142.02
25205.14
1187.09
1156.09
1155.14
1101.97
1135.11
1135.11
25197.03
1187.80
1159.91
1158.00
1103.88
1134.16
1137.97
25209.90
1180.17
1147.03
1147.03
1111.98
1136.78
1139.88
25220.87
1168.01
1145.12
1132.97
1161.10
1168.97
1166.82
25283.81
1178.98
1178.03
1171.11
1168.97
1174.93
1169.92
25281.19
1183.03
1178.98
1178.03
1185.89
1176.12
25223.02
1236.92
1171.11
1155.14
1194.95
1180.89
1180.17
25240.90
1173.97
1150.13
1132.97
1153.95
1156.09
1152.99
25259.02
1174.93
1167.06
1163.01
1133.20
1136.06
1138.93
25287.87
1172.07
1163.01
1158.00
1120.09
1122.95
1118.90
25250.91
1160.14
1152.04
1154.18
1127.96
1127.96
25162.94
1215.93
1151.80
1145.84
1143.93
1117.94
1122.95
25174.86
1194.95
1147.03
1141.79
1133.92
1122.00
1121.04
25176.05
1190.90
1152.04
1145.12
1134.16
1118.90
1118.90
25174.14
1176.12
1148.94
1135.83
1130.82
1134.87
1132.01
25202.04
1169.20
1134.87
1129.87
1136.06
1133.92
1137.02
25216.10
1152.04
1121.04
1116.99
1120.09
1117.94
1131.06
25172.00
1174.93
1142.02
1133.92
1155.14
1137.02
1139.16
25197.98
1200.20
1178.03
1169.92
1161.81
1164.91
1154.90
25238.04
1189.95
1176.12
1169.92
1163.96
1173.97
1161.81
25285.01
1177.07
1163.01
1161.81
1183.03
1174.93
25208.95
1186.13
1158.95
1142.02
1144.89
1164.20
1154.90
25210.86
1163.01
1126.05
1125.10
1132.97
1132.97
1137.97
25191.78
1155.85
1122.95
1122.00
1122.95
1124.14
1120.09
25185.11
1197.10
1174.93
1169.20
1183.99
1172.07
1168.01
25226.12
1203.06
1179.22
1179.93
1166.82
1168.01
1163.01
25271.18
1183.03
1169.92
1178.03
1172.78
1169.92
25201.80
1226.90
1183.03
1177.07
1186.13
1169.92
1167.77
25232.08
1200.91
1170.87
1167.06
1174.93
1170.87
1163.96
25254.96
1180.17
1168.01
1179.22
1167.06
1164.91
1165.87
25269.99
1182.08
1165.15
1175.17
1164.91
1164.91
25191.07
1212.84
1168.97
1168.01
1178.03
1168.01
1162.05
25218.01
1196.86
1173.97
1157.05
1170.16
1167.06
1159.91
25220.87
1194.00
1163.01
1167.06
1161.10
1165.87
1160.86
25271.89
1179.22
1163.01
1168.97
1160.86
1160.86
1158.95
25263.07
1178.03
1163.96
1171.11
1172.07
1164.91
25228.98
1197.10
1181.13
1168.97
1173.97
1167.06
1162.05
25223.97
1203.06
1170.16
1178.03
1170.16
1164.91
1165.87
25269.03
1174.93
1170.87
1173.97
1163.96
1168.97
1164.91
25260.93
1183.03
1161.81
1160.86
1163.96
1156.09
25227.07
1178.98
1152.04
1147.03
1166.11
1176.12
1181.13
25240.90
1172.07
1147.99
1147.03
1183.99
1180.89
1188.99
25276.90
1159.91
1152.99
1151.08
1209.97
1216.89
1213.07
25267.12
1189.95
1176.83
1163.01
1214.98
1210.93
25279.05
1255.04
1235.01
1222.85
1137.97
1154.18
1152.99
25287.15
1207.11
1198.05
1199.01
1139.88
1141.07
1134.87
25301.22
1210.93
1204.97
1194.95
1144.89
1142.02
25203.94
1234.77
1200.91
1214.03
1150.85
1159.91
1156.09
25258.06
1201.15
1196.15
1195.91
1159.91
1160.14
1163.01
25298.12
1187.80
1184.94
1192.09
1180.17
1173.97
25238.04
1218.80
1187.09
1178.98
1226.19
1216.89
1210.93
25292.87
1157.05
1138.93
1150.13
1234.05
1238.11
25259.02
1212.84
1158.00
1153.95
1177.07
1264.10
1265.05
25305.99
1225.95
1185.89
1174.93
1232.15
1258.13
1261.00
25302.17
1219.03
1213.07
1177.07
1200.20
1200.91
25256.87
1237.87
1207.83
1200.20
1172.07
1179.93
1195.91
25318.86
1219.99
1209.02
1190.19
1152.04
1156.09
25218.01
1228.09
1188.04
1177.79
1133.92
1156.81
1160.86
25247.10
1188.99
1159.19
1152.99
1158.00
1200.91
1189.95
25305.99
1173.97
1155.85
1146.79
1177.07
1188.99
1188.04
25247.81
1149.89
1144.89
1141.07
1208.78
1209.02
25281.91
1206.87
1184.94
1175.17
1188.99
1213.07
1214.03
25332.93
1234.05
1231.19
1204.97
1184.23
1185.89
25244.95
1228.81
1194.95
1196.15
1158.00
1171.11
1188.04
25245.19
1232.15
1198.05
1196.15
1157.05
1173.97
1170.16
25315.05
1205.21
1199.01
1188.04
1146.08
1158.95
25207.04
1255.04
1221.90
1211.88
1152.99
1144.89
1142.02
25217.06
1219.99
1200.91
1183.99
1132.97
1158.00
1153.95
25274.99
1193.05
1185.18
1173.97
1138.93
1175.17
1165.87
25297.88
1188.04
1176.83
1159.91
1165.15
1157.05
25225.16
1202.11
1178.03
1168.97
1129.87
1164.20
1171.11
25247.10
1204.01
1181.13
1190.19
1194.95
1198.77
1194.00
25300.03
1214.98
1206.87
1215.93
1224.99
1232.86
25280.00
1239.06
1203.06
1216.89
1182.08
1195.19
1203.06
25316.95
1199.01
1188.04
1179.93
1160.86
1168.01
25198.94
1262.90
1196.86
1196.15
1166.11
1166.11
1173.97
25246.86
1230.00
1202.11
1211.88
1146.79
1169.92
1167.06
25312.90
1219.99
1205.92
1186.13
1134.16
1157.05
1145.12
25269.03
1184.94
1175.88
1152.99
1151.08
1153.95
25212.05
1183.99
1164.91
1156.81
1132.01
1150.13
1146.08
25233.03
1176.12
1141.07
1138.93
1135.83
1144.89
1142.98
25217.06
1175.17
1146.08
25169.13
1264.10
1224.04
1229.05
1174.93
1206.16
1200.91
25269.99
1230.00
1201.87
1221.18
1158.00
1176.83
1185.89
25313.14
1199.01
1199.01
1192.09
1154.90
1157.05
25223.97
1235.96
1207.11
1205.92
1124.86
1160.86
1149.18
25225.88
1235.96
1205.92
1197.10
1142.02
1142.98
1142.02
25279.05
1204.01
1193.05
1182.08
1156.09
1158.95
25182.01
1239.06
1191.14
1183.03
1178.03
1166.11
1158.95
25233.03
1209.02
1177.79
1177.07
1172.07
1168.97
1173.02
25276.90
1193.05
1175.17
1176.12
1178.03
1182.08
1182.08
25302.17
1204.01
1194.00
1199.01
1213.07
1215.93
25272.85
1247.88
1235.96
1224.99
1199.01
1215.22
1216.89
25306.94
1194.95
1193.05
1188.04
1199.01
1189.95
25264.98
1188.99
1163.01
1159.91
1201.87
1212.84
1212.84
25318.86
1175.88
1159.19
1146.08
1234.05
1250.03
25308.13
1234.77
1209.02
1203.06
1208.07
1227.14
1228.09
25306.94
1213.07
1200.91
1183.99
1198.05
1207.11
25244.00
1239.06
1170.87
1168.01
1163.01
1207.11
1202.11
25273.08
1177.07
1145.12
1137.02
1208.07
1219.03
1231.91
25320.05
1184.94
1176.12
1166.11
1218.08
1248.12
25310.04
1235.96
1204.01
1202.11
1179.93
1204.97
1204.97
25316.00
1168.97
1158.95
1163.01
1158.00
1152.99
1154.18
25232.08
1147.03
1137.97
1147.03
1131.06
1132.01
1119.85
1156.81
1185.89
1185.89
25252.10
1157.05
1136.06
1135.11
1170.16
1179.93
1179.93
25288.11
1172.78
1133.92
1132.97
1173.97
1194.00
1183.99
25262.12
1165.87
1160.86
1148.94
1173.02
1159.91
25238.04
1186.85
1147.03
1143.93
1151.08
1199.01
1205.21
25269.99
1190.90
1173.97
1158.95
1203.06
1203.06
1199.96
25285.01
1171.11
1152.99
1173.02
1179.93
1196.15
25222.06
1224.04
1169.20
1170.87
1187.09
1178.98
1173.02
25238.04
1163.01
1125.81
1118.90
1158.00
1137.97
1137.97
25208.95
1160.86
1123.19
1121.04
1132.01
1142.98
1137.97
25197.98
1153.95
1125.10
1124.14
1134.16
1137.02
1127.00
25193.93
1161.10
1125.10
1122.95
1149.89
1163.01
1167.06
25227.07
1158.95
1137.97
1129.15
1185.89
1189.95
1200.20
25292.87
1178.03
1169.92
1149.89
1204.97
1219.99
25280.00
1208.07
1160.14
1158.00
1183.03
1186.13
1187.09
25252.10
1188.99
1164.91
1159.19
1178.98
1172.07
1170.87
25264.02
1149.89
1127.00
1119.85
1145.84
1141.07
1137.02
25242.09
1152.99
1133.92
1127.00
1129.87
1140.83
1143.22
25272.85
1158.00
1133.92
1147.03
1131.06
1152.04
1149.18
25249.96
1142.98
1138.93
1127.00
1135.83
1139.88
25172.95
1193.05
1128.91
1126.05
1120.09
1156.09
1156.09
25217.06
1169.20
1132.97
1116.99
1117.23
1203.06
1204.01
25268.08
1159.91
1131.06
1124.86
1166.82
1170.87
1175.88
25224.21
1178.03
1145.12
1156.09
1150.13
1152.04
1154.18
25244.95
1187.80
1173.97
1162.05
1141.07
1145.12
1142.02
25274.04
1191.85
1177.07
1183.03
1138.93
1139.16
1140.12
25273.08
1188.99
1174.21
1172.07
1152.04
1156.09
25219.92
1194.00
1168.01
1167.06
1179.93
1174.93
1164.91
25238.99
1172.07
1132.97
1130.82
1149.89
1152.99
1153.95
25256.16
1139.16
1127.00
1120.09
1132.01
1140.12
1142.98
25249.00
1183.03
1176.12
1158.95
1137.02
1157.05
1153.95
25296.93
1178.03
1189.95
1177.07
1192.09
1193.05
25247.10
1205.21
1168.97
1162.05
1207.83
1190.90
1188.99
25280.95
1179.93
1170.16
1178.03
1207.11
1222.13
1209.97
25250.20
1132.01
1126.05
1133.92
1181.13
1198.05
25244.00
1162.05
1116.99
1122.95
1132.97
1151.08
1152.99
25213.96
1158.00
1120.81
1122.95
1139.16
1135.83
1137.02
25197.03
1180.17
1146.08
1134.87
1147.03
1132.97
1138.93
25187.02
1196.86
1153.95
1144.17
1149.89
1140.83
1138.93
25197.98
1183.99
1166.82
1159.91
1133.92
1134.16
1140.12
25193.93
1184.94
1163.01
1164.91
1132.01
1142.98
1137.02
25256.16
1187.09
1163.01
1168.97
1140.12
1151.08
1142.98
25300.03
1240.02
1209.97
1162.05
1147.03
1156.09
25206.09
1196.15
1176.12
1162.05
1149.18
1175.88
1173.97
25236.13
1192.09
1168.01
1163.96
1214.03
1223.09
1228.09
25325.06
1196.15
1183.99
1157.05
1107.93
1111.98
1111.03
25258.78
1159.91
1156.81
1135.83
1113.89
1113.18
1114.13
25253.06
1154.90
1144.89
1127.00
1113.89
1114.85
25142.91
1264.81
1190.90
1191.85
1158.95
1116.99
1113.89
25182.96
1163.01
1124.14
1115.08
1163.01
1209.02
1214.98
25259.02
1163.96
1137.02
1131.06
1179.93
1184.94
1188.04
25274.99
1184.94
1162.05
1158.00
1167.06
1174.93
1169.92
25266.17
1183.99
1191.14
1185.18
1169.92
1169.92
25233.98
1175.88
1147.03
1138.93
1128.91
1168.97
1173.97
25242.09
1183.99
1162.05
1150.13
1173.97
1190.90
1184.94
25276.90
1204.01
1199.96
1170.87
1196.15
1183.99
1181.84
25299.79
1221.90
1226.90
1154.18
1158.95
1168.01
25246.86
1200.91
1168.97
1163.01
1173.02
1190.90
1192.09
25305.03
1178.98
1169.92
1152.04
1194.00
1199.01
1210.93
25279.05
1178.03
1169.92
1168.97
1193.05
1196.15
25278.09
1217.13
1177.07
1175.17
1190.90
1201.87
1221.90
25291.92
1142.98
1143.93
1157.05
1171.11
1168.01
1158.00
25267.12
1158.95
1134.87
1131.06
1164.91
1176.12
25196.08
1219.03
1152.04
1144.89
1137.97
1158.95
1158.95
25223.97
1193.05
1156.09
1153.95
1153.95
1140.12
1137.97
25217.77
1209.02
1179.93
1163.01
1127.96
1134.87
1132.97
25222.06
1245.98
1231.91
1221.18
1150.13
1163.01
1154.90
25307.89
1219.99
1209.97
1174.93
1168.97
1158.00
25238.99
1238.82
1219.03
1200.91
1123.91
1132.97
1136.06
25213.96
1223.09
1192.09
1194.95
1118.90
1129.15
1122.00
25251.15
1207.11
1189.95
1178.98
1111.03
1121.04
1127.00
25295.02
1214.03
1201.87
1177.79
1149.89
1151.80
25207.04
1235.96
1209.02
1196.86
1160.86
1159.91
1165.87
25244.00
1230.00
1206.16
1195.91
1155.85
1169.92
1162.05
25316.00
1236.92
1229.76
1185.89
1130.82
1134.87
25182.01
1243.11
1230.00
1241.21
1134.87
1123.91
1121.04
25197.03
1236.92
1219.99
1214.98
1131.06
1131.77
1134.87
25264.98
1236.20
1231.91
1199.96
1168.01
1168.97
1163.96
25295.97
1224.04
1229.05
1152.04
1149.89
1140.12
25203.94
1227.86
1187.09
1180.89
1106.98
1135.11
1132.01
25214.91
1190.19
1168.97
1165.15
1125.10
1136.06
1136.06
25252.10
