1019.00
972.99
964.16
967.98
973.22
969.89
967.03
967.98
977.99
970.84
958.92
965.83
974.89
968.22
967.03
965.12
17058.13
980.14
962.02
954.15
962.97
958.92
954.15
960.11
958.92
962.97
957.01
960.11
956.06
958.92
955.10
959.16
16981.84
1014.95
967.98
963.93
969.89
967.98
965.12
962.97
964.88
967.03
962.97
962.02
958.92
977.99
958.92
953.20
955.82
17052.89
978.95
957.97
953.91
958.92
955.10
952.01
950.81
958.92
958.92
958.20
952.01
967.98
958.92
960.11
960.11
16978.98
1018.05
967.03
962.02
957.97
962.02
952.96
957.97
957.97
971.79
959.87
962.97
957.01
969.89
966.07
959.87
956.06
17045.97
975.13
958.92
955.82
967.03
962.02
951.05
952.01
16995.91
1044.99
1010.18
1000.88
1003.98
1007.08
1001.12
1003.03
993.01
972.03
964.88
967.98
971.08
967.03
964.16
961.07
16991.85
1065.02
1014.95
1009.94
998.02
1009.94
993.01
993.97
992.06
954.87
952.96
953.91
958.92
954.87
958.92
954.15
955.10
17097.95
1012.80
1004.93
1003.98
1016.86
996.83
1003.98
1000.17
952.96
958.92
960.11
966.07
967.03
960.11
957.01
961.07
17103.91
1026.15
1028.06
1026.15
1018.05
1007.08
1028.06
1015.19
1004.93
1006.13
1008.99
1015.19
1009.94
1010.89
1008.99
17040.01
1056.91
1009.94
1010.89
1000.17
1007.08
999.93
1005.17
994.92
982.05
982.05
993.97
995.87
987.05
983.00
980.85
17021.89
1058.82
1004.93
1015.19
1008.99
1000.17
996.11
998.97
994.21
998.97
992.06
995.16
996.11
988.01
992.06
990.87
9044.17
1043.08
1003.98
996.83
1004.93
998.97
993.97
993.97
998.97
1000.88
999.93
995.16
999.93
994.92
1001.83
998.97
17034.05
1055.00
1006.84
1007.80
1003.03
998.02
997.07
994.92
1001.12
998.02
998.02
1008.99
1013.04
997.07
1005.17
993.97
17071.01
1025.92
1002.79
998.02
1003.98
996.11
1000.17
1002.07
1003.98
1007.80
993.97
1003.98
1005.89
1004.93
1003.98
999.93
21094.08
1002.07
991.11
988.96
996.83
988.01
991.11
986.10
998.97
888.11
926.02
976.09
972.99
986.10
985.86
986.81
17034.05
1048.09
993.01
994.92
997.07
988.01
982.05
972.99
972.99
962.97
969.17
968.93
957.97
957.01
957.01
957.97
16994.00
1050.95
1007.80
1008.03
992.06
969.17
969.89
975.85
969.89
974.89
967.98
970.84
971.08
974.89
967.98
971.08
971.08
17081.02
993.01
977.04
966.07
1008.03
989.91
985.15
983.00
984.19
977.04
981.09
979.90
983.00
976.09
978.95
974.89
982.05
977.04
980.14
977.99
17060.04
985.15
977.99
977.99
983.00
977.99
976.80
981.81
980.85
968.93
969.17
972.99
981.81
970.84
968.93
964.88
16999.01
999.93
967.98
957.97
968.93
961.07
966.07
960.83
962.97
962.02
961.07
962.97
968.93
964.16
958.92
956.06
963.93
17049.07
967.98
959.87
960.83
966.07
958.92
955.82
961.07
967.03
951.05
956.06
956.06
965.12
957.01
955.10
954.15
16988.99
1005.17
962.97
962.02
955.10
961.07
952.96
953.91
953.20
958.92
962.02
955.10
957.97
966.79
957.01
958.92
952.96
17055.99
972.03
961.07
957.97
966.07
961.07
952.01
958.92
959.87
953.91
954.15
955.10
961.07
952.01
952.01
949.86
16983.03
1008.03
967.03
951.05
960.11
955.10
958.92
952.01
956.06
17062.19
973.94
971.79
974.89
972.03
964.88
963.93
959.16
967.98
994.92
998.97
993.01
1003.03
991.11
993.97
992.06
17093.18
985.15
974.89
977.99
986.10
972.99
973.94
971.08
954.15
979.90
977.04
977.99
977.99
977.04
967.98
972.99
17052.89
1025.20
999.93
999.93
1011.13
1007.08
997.07
998.97
985.86
962.97
971.08
971.08
988.01
970.84
973.94
972.99
17015.93
1006.13
969.17
962.97
966.07
972.99
967.98
965.12
955.10
977.04
982.05
977.04
983.00
972.99
975.85
976.80
17006.87
1050.00
998.02
1003.98
988.96
987.05
988.01
978.95
980.14
993.01
995.87
998.02
994.92
996.11
997.07
992.06
17023.09
1030.92
982.05
971.08
972.99
969.89
970.84
970.84
968.93
991.82
991.82
988.96
982.05
996.83
988.96
981.09
993.01
9054.18
976.09
980.14
969.89
983.95
968.22
971.08
964.88
972.99
969.17
964.88
966.07
968.93
968.22
956.06
965.12
17031.91
983.95
963.21
958.92
962.97
958.92
957.01
962.97
962.02
955.82
958.92
957.97
962.02
965.12
959.16
957.97
957.97
17033.10
978.95
962.02
963.93
978.23
957.97
954.15
960.11
960.11
962.02
957.97
955.82
959.87
949.86
957.97
961.07
16999.01
1003.98
962.02
963.93
962.02
955.82
954.87
958.20
962.02
956.06
960.11
959.16
957.97
967.98
962.02
954.15
957.97
17058.13
967.98
959.87
957.01
969.89
954.87
958.92
955.10
965.12
962.97
962.97
960.11
961.07
957.97
961.07
956.77
16991.85
999.93
963.93
959.16
967.98
967.03
962.02
957.97
960.83
966.07
962.02
955.82
957.01
966.07
951.05
951.05
953.20
17060.04
972.99
960.83
959.87
968.93
961.07
950.10
960.11
17069.10
1024.01
1008.03
1000.17
1009.94
1007.80
1013.99
1008.03
970.13
972.99
979.19
977.99
984.19
976.09
973.94
975.85
17084.84
997.07
983.95
972.03
991.11
978.95
975.85
966.07
975.13
965.12
971.08
964.16
968.93
967.98
968.93
963.93
16999.01
1019.95
977.99
964.88
972.99
965.12
965.12
967.03
964.16
962.97
979.19
963.93
978.95
975.13
974.89
974.89
968.93
17095.09
1008.03
1002.07
1010.18
1003.03
990.15
993.01
993.97
1003.98
998.97
1007.08
1022.10
998.97
991.11
998.02
17022.85
1046.90
988.96
974.89
975.13
972.99
967.98
968.93
970.84
988.01
978.95
981.81
982.05
984.91
977.99
973.94
974.89
17089.13
1024.01
1007.08
1007.08
1003.03
990.15
993.97
989.91
1007.08
1010.89
1003.98
1004.93
1013.04
998.02
1002.07
9027.96
1031.16
1011.85
992.06
997.07
988.01
989.20
988.96
995.87
991.11
992.06
988.96
991.11
988.96
993.97
987.05
993.97
17083.88
1002.79
992.06
1002.07
993.97
995.87
993.01
993.01
989.91
992.06
983.95
995.87
987.77
988.01
988.96
987.05
17076.97
1001.83
993.97
1007.08
997.07
998.02
1000.88
998.97
993.97
981.09
997.07
993.01
990.87
984.91
987.05
21000.86
1059.06
992.06
979.19
984.91
974.89
978.95
969.89
972.99
974.89
965.83
970.84
966.79
967.03
988.01
983.95
980.14
17083.88
989.91
973.94
970.13
972.99
961.07
962.02
962.02
966.07
965.12
962.02
960.11
972.99
1014.95
1010.18
1002.07
13087.03
981.09
962.97
964.88
965.83
960.83
957.01
957.01
960.11
1005.17
993.01
998.97
998.02
1001.12
993.97
997.07
17026.19
1036.88
998.97
991.82
978.95
983.00
981.81
967.98
17018.08
1046.90
1006.13
1008.99
997.78
1000.88
994.92
984.19
973.94
955.82
958.92
950.81
952.01
957.97
957.01
952.01
16976.12
1038.07
964.16
962.02
958.20
972.03
966.07
962.97
958.92
974.89
991.11
993.97
988.96
1001.12
990.15
988.01
988.96
17077.92
966.79
959.87
951.05
960.83
960.11
959.16
952.96
967.03
1000.88
989.91
997.07
999.21
993.01
995.16
993.01
17085.08
1016.14
1004.93
1005.89
1003.98
1003.98
998.02
1003.98
987.05
977.04
977.04
977.99
986.10
975.13
982.05
978.95
17061.95
1004.93
988.96
977.04
988.96
983.00
980.14
975.13
972.99
951.05
957.01
959.87
959.87
956.77
962.97
956.06
16997.10
1051.90
1016.14
1003.98
1005.89
1005.89
1001.12
1003.98
990.87
965.83
966.07
977.04
978.95
976.80
972.99
970.13
9008.88
1018.05
988.96
983.00
988.01
977.99
979.90
982.05
983.00
976.09
970.13
972.03
976.09
979.90
976.09
966.07
967.03
17076.97
987.05
972.03
973.94
988.01
977.04
972.99
972.03
983.00
974.18
969.89
973.94
977.99
975.85
972.99
972.03
17068.15
988.96
982.05
974.89
978.95
975.13
977.99
972.99
975.13
974.89
976.80
982.05
974.89
977.99
977.99
970.13
25019.17
1009.94
968.93
957.97
962.02
966.07
955.10
962.02
952.01
986.81
988.96
996.11
990.15
992.06
983.95
983.95
17013.07
1034.98
977.99
965.83
962.02
961.07
956.06
957.01
952.96
998.02
996.11
978.95
987.05
987.05
982.05
975.13
982.05
17094.14
1029.97
1003.03
1001.83
1009.94
1005.17
1005.89
988.96
1017.09
1013.04
1008.03
1010.89
1013.99
1008.99
1012.09
17038.11
1077.18
1015.90
1002.07
1008.03
1001.12
1003.98
1003.98
994.92
991.82
994.92
999.21
1004.93
998.97
992.06
993.01
17035.96
1010.18
968.93
955.82
964.88
955.82
953.91
956.77
951.05
1006.13
1010.89
1003.98
1013.04
1013.99
1008.03
1008.03
17026.90
1049.04
1005.17
982.05
996.11
988.96
987.05
976.80
989.91
1005.89
999.21
1003.03
1002.07
995.87
1002.07
996.83
17024.99
1019.00
966.07
959.87
957.97
970.13
960.11
960.11
954.87
952.96
953.20
952.96
952.01
967.03
953.91
956.77
957.97
17019.03
1019.95
986.10
988.96
994.92
985.15
978.95
977.99
977.99
969.17
964.88
967.03
962.02
957.01
960.11
954.87
16996.86
1050.00
1013.04
998.02
998.97
996.11
1002.07
995.16
991.11
1000.88
1002.07
1002.07
1010.89
999.93
998.97
999.93
17039.78
1004.93
968.93
965.12
966.07
964.16
957.01
954.15
974.89
974.89
972.03
970.13
965.12
965.12
962.97
962.02
958.92
962.02
956.06
956.06
956.06
966.07
957.01
958.92
957.01
17014.98
982.05
962.02
955.10
959.16
955.10
958.92
952.96
959.16
957.01
951.05
952.96
957.97
950.10
957.01
952.01
949.86
17048.84
960.83
957.97
952.96
962.02
955.10
949.14
958.92
967.98
962.02
957.01
957.97
971.08
959.16
963.93
956.06
16994.00
1003.03
966.79
960.83
970.84
963.93
961.07
967.98
962.97
960.11
957.01
963.21
962.97
958.92
961.07
964.16
960.11
17056.94
971.08
959.16
957.97
965.83
960.83
960.83
964.88
964.88
964.16
958.92
962.02
972.99
959.87
958.92
962.02
16996.86
1013.99
972.99
964.88
968.22
968.93
962.97
966.07
964.16
962.02
962.02
963.93
957.97
967.98
957.97
960.83
955.82
17050.98
967.98
952.96
960.11
971.08
962.97
958.92
958.92
17088.17
1015.90
998.97
997.07
1001.12
996.11
992.06
999.93
962.02
977.99
987.05
981.81
992.06
984.91
977.99
976.09
17099.14
1025.92
1013.04
999.93
990.87
985.86
994.92
984.19
969.89
967.98
966.07
970.13
969.89
963.93
963.93
959.87
17016.89
1037.84
999.93
993.01
1014.95
994.92
989.91
993.01
987.05
956.06
947.00
955.10
964.16
952.96
949.86
950.81
962.02
957.97
964.88
958.92
16972.06
1037.12
983.95
980.85
978.95
949.14
952.01
952.01
952.01
966.07
957.01
953.91
957.01
966.07
957.97
960.11
960.11
17062.19
1013.04
993.97
987.05
988.01
955.10
947.95
956.77
956.06
952.01
959.16
960.11
962.97
965.12
957.97
959.87
16988.99
1043.08
1005.17
1000.88
992.06
967.98
978.23
976.09
978.95
977.99
970.84
968.93
972.99
977.04
966.07
967.03
970.13
21057.13
979.90
970.84
963.93
969.17
962.02
958.20
964.88
973.94
957.97
957.97
966.07
964.16
962.97
955.10
957.01
16997.81
1003.03
972.99
961.07
962.02
967.98
965.83
961.07
967.03
966.07
962.97
965.83
962.97
959.16
963.93
965.12
960.11
17046.93
964.88
963.21
967.03
961.07
961.07
951.05
958.20
962.97
964.16
958.92
959.87
962.97
955.10
960.11
959.87
16995.91
999.21
967.98
962.02
967.98
966.07
956.06
960.11
962.97
962.02
960.11
962.02
964.16
961.07
956.06
963.93
953.91
17061.95
972.03
961.07
961.07
971.08
961.07
956.06
957.01
967.98
958.92
964.88
961.07
965.83
963.93
957.01
959.87
17000.91
1002.79
967.98
963.93
968.93
967.98
962.97
961.07
965.12
966.07
963.93
959.87
963.93
958.20
956.06
957.97
964.88
9088.99
986.10
979.90
974.89
981.81
976.80
966.07
972.03
962.97
989.91
990.15
975.13
988.01
984.19
978.95
981.81
17093.90
1010.89
988.01
982.05
989.91
977.99
979.90
968.93
979.19
957.97
959.16
957.01
957.97
958.92
957.01
950.81
17000.91
1047.85
1015.90
1007.08
1010.18
1000.88
1004.93
1007.08
998.02
973.94
972.99
967.98
972.03
962.02
960.11
960.11
16994.95
1019.95
979.90
975.13
976.09
973.94
971.08
972.99
969.17
951.05
962.02
959.16
961.07
972.03
964.16
962.02
963.21
17096.04
1019.95
1016.86
1009.94
1007.08
1003.98
1000.88
1001.83
941.04
965.83
967.98
967.03
969.89
964.16
962.02
964.88
17091.04
1024.01
1013.04
1005.89
1006.13
1002.07
1006.13
998.02
971.08
953.91
954.87
952.01
966.07
956.06
953.20
956.06
17063.14
985.15
967.98
963.93
973.94
967.98
962.97
962.97
16999.96
1005.89
972.03
962.02
968.93
970.13
963.93
963.93
971.08
962.02
965.83
960.83
967.03
958.92
959.87
964.88
955.82
17055.03
972.03
971.08
965.12
968.93
964.16
960.11
961.07
966.07
965.12
962.97
959.87
966.79
957.01
957.97
956.06
17002.82
994.92
969.89
965.83
970.84
964.88
964.88
964.16
963.93
961.07
967.03
963.93
962.97
964.16
962.02
961.07
957.01
17045.02
974.89
967.03
961.78
981.81
963.93
961.78
964.88
963.93
964.16
958.92
958.92
965.12
962.97
957.97
961.07
17007.11
998.97
967.98
958.92
967.98
965.12
965.12
962.02
967.03
952.96
961.07
954.15
962.02
960.11
952.96
957.97
959.16
17045.02
971.08
959.16
962.97
977.99
969.89
959.87
960.83
964.88
962.97
962.02
960.11
963.93
961.07
956.06
954.87
9003.88
1052.86
1012.80
1009.94
1016.14
1018.05
1011.13
1012.09
998.02
967.03
964.16
963.93
966.07
960.83
961.07
964.88
17004.97
1023.05
985.15
981.09
983.95
983.95
972.99
969.89
962.02
1000.88
1005.89
1005.89
1003.98
1005.89
995.87
988.01
17036.91
1008.03
965.83
957.01
962.02
960.11
956.06
952.96
950.81
976.09
981.09
978.95
981.81
983.95
980.14
987.05
987.05
17081.98
983.95
977.99
977.99
977.99
970.13
966.07
964.16
966.07
993.97
994.21
996.11
1000.88
1001.83
993.97
992.06
17084.12
976.09
966.07
967.98
964.16
958.92
958.92
957.01
950.81
1002.07
1008.03
1003.03
1010.18
999.93
1007.08
999.21
17102.00
1013.99
1003.03
993.97
1006.84
1000.88
994.21
989.91
995.87
1004.93
1003.98
1003.98
1011.13
998.02
998.97
996.83
17096.04
1032.11
1007.08
1002.07
1009.94
1004.93
1003.98
1008.03
17086.03
1018.05
1011.85
1012.80
1009.94
1006.13
1008.03
1008.03
1007.80
1005.89
1004.93
1012.09
1003.98
1005.17
1007.08
17033.10
1060.01
1022.82
1009.94
1013.04
1004.93
1013.04
1003.03
1011.85
1013.04
1005.89
1001.83
1014.95
1003.03
1005.89
1002.07
17044.78
1045.94
1013.04
1013.04
1030.92
1003.03
1006.84
1003.98
1009.94
1013.99
1003.98
1005.89
1016.14
1006.13
1007.08
1003.98
996.83
954.87
952.01
958.92
17066.96
1013.99
1002.07
990.15
1001.12
988.01
988.01
985.86
990.87
985.15
978.95
982.05
977.04
976.09
972.03
966.79
17014.98
1024.01
990.87
980.85
986.10
976.09
972.03
973.94
972.03
977.99
971.08
962.97
963.93
960.11
960.11
957.01
16992.09
1032.83
985.86
972.99
971.08
955.10
962.02
967.03
964.88
974.89
957.01
962.02
962.97
972.03
958.92
962.02
955.82
21067.86
972.03
965.12
957.01
966.07
957.01
957.01
957.01
957.01
953.20
952.96
954.15
961.07
954.87
951.05
952.01
16983.99
1017.09
971.08
965.12
968.93
959.87
953.91
964.16
962.02
972.03
962.02
962.02
963.93
968.93
961.07
962.02
956.06
17056.94
975.85
961.07
953.91
967.03
957.01
957.01
962.02
962.02
962.02
959.87
962.97
972.03
958.20
952.01
957.01
16994.00
1013.04
970.13
962.97
962.97
969.17
960.11
959.87
958.92
967.98
965.12
959.87
962.02
972.03
960.11
960.11
960.11
17051.94
969.89
968.93
957.97
964.88
959.16
956.06
962.02
966.79
958.92
967.03
964.88
974.89
958.92
956.06
958.20
16992.09
1013.04
976.09
968.22
967.03
959.16
958.92
958.92
961.07
969.89
966.07
959.16
962.97
967.98
956.06
957.01
961.07
9078.98
1019.00
1020.19
1002.07
1008.03
1003.98
1003.03
1003.03
972.99
953.91
949.14
957.01
968.22
955.10
961.07
953.91
17029.05
1038.07
1012.09
1002.07
1012.09
990.15
998.02
995.16
981.09
966.07
963.93
969.89
970.84
972.03
963.93
967.03
17008.07
1056.91
1017.81
1013.99
1015.90
1012.80
1013.04
1009.94
997.07
964.88
960.11
957.01
959.87
952.96
952.01
955.82
16999.01
1039.98
1001.83
989.91
993.01
995.87
994.92
993.97
976.09
969.89
964.88
962.02
964.88
963.21
958.92
954.87
957.01
17061.95
977.04
966.07
957.97
967.03
958.92
953.91
952.01
946.04
986.10
992.06
992.06
1001.12
990.87
988.01
991.11
17086.98
994.92
974.18
967.03
969.17
957.97
961.07
961.07
963.21
987.05
990.15
976.09
989.91
981.81
977.99
977.04
17011.88
1044.03
1003.98
1004.93
1006.84
1000.88
1001.83
1002.79
17078.88
1018.05
1004.93
1004.93
1010.18
1005.89
1004.93
1000.17
1005.89
1004.93
1003.98
998.97
1012.09
1002.07
1003.03
1003.03
17102.96
1018.05
1010.89
1000.17
1008.99
1003.03
1003.98
1004.93
1004.93
1005.89
1001.12
1003.98
1008.99
1002.07
1003.98
1001.83
17099.14
1017.09
1004.93
1009.94
1002.79
1006.84
1004.93
1005.17
1003.98
1006.13
998.02
1007.08
1001.12
1002.07
1003.98
17026.90
1050.95
1010.18
1004.93
1008.03
1005.89
1003.03
1004.93
1013.99
1000.88
998.97
1007.08
1006.13
1004.93
1002.79
1005.89
17038.82
1050.00
1010.18
1005.89
1003.98
1003.03
1005.89
1004.93
1005.89
1008.03
999.93
1005.17
1005.89
1005.89
998.02
1002.79
17077.92
1038.07
1005.17
1005.89
1014.95
1003.98
1000.88
1008.03
1005.89
1000.17
999.93
1003.03
1003.98
1001.83
996.83
1003.98
9083.99
1012.80
1012.09
1009.94
1025.20
1013.04
1011.13
1009.94
992.06
1014.95
1018.05
1018.05
1032.11
1012.09
1013.04
1006.13
17095.09
1015.90
1012.80
1019.00
1014.95
1011.85
1010.89
1010.18
1008.03
1012.09
1003.98
1011.85
1003.03
1007.08
1004.93
17045.97
1058.10
1007.08
1007.08
1002.07
1003.03
987.05
982.05
977.99
971.79
967.98
965.12
967.03
962.02
965.83
967.03
16992.09
1060.01
1025.20
1011.85
1014.95
1019.00
1013.99
1003.98
1001.12
962.02
956.77
958.92
959.87
952.96
955.10
955.10
957.97
17047.17
975.13
962.97
954.87
964.16
963.93
959.87
962.02
973.94
1010.89
1001.83
1003.03
1006.84
998.97
1003.03
1002.07
17101.05
1017.81
998.97
999.93
1005.89
999.21
998.02
1001.12
1000.88
999.93
1005.89
1001.12
1006.13
1002.07
998.02
1003.03
17092.94
1017.09
1003.98
1016.86
1006.84
1004.93
1003.03
17033.10
1055.00
1008.03
1003.98
1007.80
1003.03
1009.94
999.93
1003.98
998.02
999.93
999.93
1008.03
1003.98
998.02
1003.03
17035.01
1044.99
1003.03
1004.93
1011.85
1003.03
1003.98
1006.13
1003.03
1004.93
997.07
1000.17
1002.07
995.87
999.93
1000.17
17036.91
1025.92
999.21
993.97
1011.13
990.15
986.10
992.06
995.16
976.09
990.87
988.01
983.95
977.99
983.00
977.04
971.08
969.89
975.13
969.89
17005.92
1015.90
967.03
963.93
965.12
957.97
952.96
955.10
966.07
957.97
955.10
957.01
953.91
975.13
1002.07
994.92
994.92
17069.82
967.03
958.92
953.91
965.12
1000.17
987.05
987.05
995.16
1000.88
989.91
993.01
996.83
985.86
977.04
971.08
17093.90
1014.95
984.91
994.21
958.92
968.93
970.13
967.98
976.80
969.89
965.83
963.93
970.13
962.02
958.20
963.93
20994.90
1009.94
976.09
972.99
979.90
973.94
967.03
964.16
976.09
973.94
967.03
971.08
967.98
955.10
963.93
960.83
962.02
17040.97
976.80
968.93
956.77
974.89
962.02
958.92
948.91
967.98
955.10
958.92
953.20
967.03
954.15
956.06
959.16
16993.05
997.07
965.12
966.07
964.16
958.92
957.97
957.01
963.93
960.11
956.06
956.06
961.07
957.01
959.87
959.87
952.96
17055.99
972.03
957.97
967.03
975.85
965.83
960.83
957.97
969.17
962.02
952.96
963.93
965.12
957.01
960.11
958.92
16994.00
1000.17
965.12
962.02
962.02
964.88
957.01
962.97
963.21
959.87
962.97
964.16
959.87
970.84
962.97
963.93
958.92
17063.14
976.09
966.07
959.16
978.95
963.93
964.16
961.07
971.08
971.08
958.20
967.98
967.03
967.03
967.03
964.16
9011.03
1008.99
977.99
972.03
974.18
969.89
971.08
966.07
964.88
972.03
978.95
975.85
983.00
978.95
971.79
972.03
17004.97
1055.96
997.07
993.01
997.07
983.95
985.86
988.01
976.80
957.01
967.03
965.12
960.11
970.13
957.97
954.87
956.06
17097.95
1021.15
1007.08
1007.08
1012.09
1003.98
1002.79
1010.89
1001.12
998.02
996.11
1010.18
1001.12
1000.88
998.02
17015.93
1070.02
1022.10
1018.05
1013.99
1017.09
1016.14
1011.13
1008.03
988.96
993.97
993.01
1004.93
1005.17
991.11
993.01
17035.96
1068.83
1020.91
1002.79
1007.08
1009.94
1004.93
996.11
1006.13
957.01
965.12
965.12
966.07
958.92
964.88
958.92
16987.09
1043.08
1006.13
989.91
992.06
989.91
988.96
983.00
981.81
993.97
993.01
996.83
998.97
998.02
1012.09
996.11
17030.00
1030.92
981.09
976.09
981.09
973.22
971.08
966.07
16981.12
1029.01
969.17
962.97
960.83
972.03
961.07
961.07
957.01
962.97
958.92
959.87
955.82
962.02
962.02
950.10
957.01
17016.17
988.96
957.01
952.01
959.16
959.87
956.06
952.96
951.05
959.87
958.92
955.10
960.11
960.11
952.01
955.10
961.07
17045.97
972.03
959.16
962.97
966.79
962.02
963.93
962.97
967.03
962.02
959.87
958.92
962.02
952.01
958.92
962.97
16999.01
998.97
970.84
967.98
967.03
961.78
966.07
957.97
969.17
958.92
967.98
962.97
967.03
965.12
957.97
954.87
959.16
17051.94
968.93
963.93
962.02
966.79
963.93
961.07
962.02
967.98
960.11
951.05
966.07
966.07
957.97
958.92
964.88
16999.96
999.93
965.83
967.98
972.03
960.11
962.97
962.97
962.97
966.07
960.11
958.20
963.93
958.92
962.02
958.92
961.07
9056.09
971.08
966.07
961.78
968.93
961.78
959.87
961.78
956.06
1003.98
998.02
993.01
1003.98
997.07
997.78
993.97
17109.16
996.11
988.01
985.15
984.91
987.05
978.95
980.85
976.80
1005.89
1003.98
994.92
1008.99
996.11
1002.07
988.96
17064.81
987.05
972.99
965.12
977.04
957.01
957.97
957.01
962.97
955.10
957.01
957.97
966.07
964.88
957.97
958.92
16994.00
1053.09
1019.95
1010.89
1011.13
1009.94
1008.03
1012.09
993.01
979.19
972.99
967.03
970.13
962.97
963.93
954.15
16990.90
1054.05
998.02
996.11
999.93
999.93
992.06
994.21
993.97
980.85
979.90
973.94
980.85
983.00
967.98
972.99
17003.06
1038.07
1005.17
987.05
985.15
982.05
984.91
972.99
988.96
967.03
967.03
965.12
957.97
964.16
957.01
955.82
955.82
17083.88
1034.02
1008.99
1011.13
1013.04
1009.23
1013.99
1011.13
17110.82
1024.01
1017.09
1024.96
1009.94
1016.14
1009.94
1016.14
1012.09
1008.99
1010.89
1013.99
1011.85
1013.04
1011.85
17050.98
1054.05
1020.91
1017.09
1020.91
1013.04
1013.04
1010.18
1014.95
1014.95
1011.13
1009.94
1016.86
1010.89
1011.13
1010.18
17104.86
1025.92
1019.00
1014.95
1024.96
1014.95
1012.09
1008.03
1018.05
1010.89
1011.13
1012.09
1018.05
1009.94
1007.08
1013.04
973.94
963.93
960.11
957.01
17094.85
1011.85
998.02
998.97
1005.17
1002.07
1002.07
998.02
1001.12
1001.12
1001.12
998.02
946.04
957.97
965.12
969.89
17112.02
1004.93
998.02
995.87
983.00
969.17
968.93
964.88
973.22
966.07
961.07
952.96
962.02
957.97
960.11
955.10
17018.08
1006.13
981.09
972.03
966.07
954.87
960.83
967.98
965.12
965.12
966.07
967.98
967.98
964.88
959.87
963.21
20992.04
1019.00
965.83
962.97
963.93
970.84
957.97
954.15
955.10
964.88
949.86
952.96
959.16
962.97
957.01
956.06
952.01
17012.12
989.20
957.97
952.01
959.87
955.82
952.01
955.10
961.07
952.01
953.20
952.96
958.92
961.07
959.16
959.87
957.01
17051.94
970.84
955.82
955.82
970.84
962.02
961.07
957.97
967.03
962.02
961.07
959.87
965.12
961.07
958.20
961.07
16996.15
1002.07
969.89
962.02
968.93
962.02
959.87
966.07
962.02
960.11
959.16
966.07
968.93
960.11
959.16
957.01
962.02
17064.09
964.88
956.06
959.16
965.12
957.01
954.15
957.97
967.03
958.92
962.97
957.97
970.13
959.16
959.87
956.06
16992.09
1005.89
972.03
967.03
969.17
967.98
957.01
957.01
964.88
964.88
961.78
959.87
958.92
966.07
962.02
960.11
957.97
9073.97
981.09
967.98
965.83
975.85
958.92
957.01
965.83
954.87
993.01
996.11
997.07
1004.93
1003.98
986.10
990.87
17097.00
982.05
969.17
962.97
973.94
965.12
967.03
962.97
962.97
998.97
1000.88
994.92
998.97
994.92
992.77
990.87
17073.87
993.01
979.90
963.93
971.08
966.07
962.02
957.01
953.91
998.02
1000.88
998.02
1000.88
993.97
993.97
995.87
25038.96
1025.20
974.89
964.88
968.93
962.97
963.93
961.07
965.12
1001.12
997.07
990.15
998.02
983.00
986.81
978.95
17014.98
1068.12
1008.99
1007.08
1008.03
990.87
994.92
990.15
984.91
1003.98
1004.93
1005.17
1009.94
1006.84
1006.84
1003.98
17039.06
1041.17
1008.03
1000.17
1007.08
1003.03
1001.12
1002.07
994.92
993.01
1001.12
993.97
1002.07
998.02
993.01
997.78
17052.89
1013.04
970.84
968.93
970.13
963.93
956.06
957.01
959.16
970.13
976.09
967.03
972.03
966.07
959.16
967.98
964.16
17084.12
991.11
984.91
974.89
980.85
979.90
974.18
973.94
972.99
950.10
960.11
957.01
963.93
954.87
958.92
949.14
17051.94
1022.82
1007.08
1003.98
1008.03
1001.83
1004.93
998.97
1000.88
976.80
972.99
970.13
980.14
968.93
970.13
965.12
17053.13
1012.09
993.01
994.92
1003.98
998.02
995.16
995.16
983.95
981.09
977.04
975.13
977.04
978.95
967.98
972.99
17014.03
1004.93
964.88
964.88
962.02
961.07
961.07
959.16
951.05
967.03
984.19
981.09
978.95
986.81
982.05
974.89
16996.86
1074.08
1008.03
986.10
997.07
1000.17
983.00
991.11
992.06
986.10
994.92
992.06
990.87
983.00
984.91
983.00
992.06
17070.06
986.81
982.05
983.00
972.03
965.83
968.93
971.08
997.07
988.01
984.91
983.95
991.11
987.05
981.09
985.86
992.06
988.01
984.19
974.89
988.01
975.85
972.03
979.90
17067.91
992.06
979.90
975.85
983.95
967.03
969.89
964.88
980.14
972.03
969.17
972.03
972.03
963.21
972.99
967.98
17000.91
1003.03
972.03
962.97
965.83
965.83
959.87
959.87
962.97
962.97
958.20
960.11
967.03
960.11
958.92
959.87
962.97
17052.17
972.99
961.07
956.06
963.21
958.92
955.82
956.06
967.98
952.01
956.06
957.01
959.16
960.11
959.87
953.91
16987.80
998.02
970.13
964.88
967.03
960.11
962.02
958.92
964.88
960.83
962.97
961.07
962.02
964.16
960.11
962.02
960.11
17054.08
972.99
958.92
952.01
960.83
951.05
953.91
954.87
960.83
958.92
960.83
958.20
961.07
956.06
960.11
961.07
16992.09
1005.17
971.08
962.97
970.84
962.02
964.88
958.92
16986.85
1060.96
1004.93
1008.03
1003.03
1002.07
993.01
998.02
978.95
956.06
952.01
953.91
951.05
962.97
954.15
952.01
952.01
17099.86
1010.89
1003.98
1012.09
1019.00
1012.80
1009.94
1007.08
941.99
964.88
973.94
967.03
964.16
974.89
965.83
969.89
17109.87
1030.92
1008.03
1005.17
1030.92
1005.89
1003.03
1003.03
1001.12
1003.03
988.96
993.97
1003.98
988.01
988.01
985.15
992.06
988.96
987.05
983.00
17111.06
1013.04
1009.94
1018.05
999.93
1006.13
1009.94
1014.23
1005.89
1005.89
1006.84
1010.18
1008.03
1003.98
1006.84
17035.96
1052.14
1016.14
1017.09
1003.98
999.93
999.93
999.93
1010.89
1001.12
993.01
998.02
17038.82
1029.01
1001.12
987.05
993.01
988.96
983.95
987.05
974.89
1019.95
998.97
1007.80
1015.90
1004.22
1005.89
1005.89
9039.16
1021.15
992.06
993.97
990.87
991.82
981.81
989.91
990.87
990.87
992.06
989.91
997.07
982.05
986.81
984.91
17013.07
1016.86
985.86
974.89
980.85
983.00
976.09
977.99
987.05
985.15
972.99
976.80
979.90
976.80
967.98
971.08
16987.09
1024.96
980.14
977.99
968.93
976.09
970.13
972.03
967.98
975.85
967.98
970.13
971.08
977.99
965.12
967.98
970.84
17081.02
991.11
982.05
985.15
989.91
977.99
984.91
977.04
984.91
974.89
980.85
976.09
984.91
976.09
972.99
978.95
17038.11
999.93
973.94
972.99
974.18
978.95
972.99
970.84
980.85
973.94
970.84
970.84
979.90
974.18
970.13
972.03
16999.96
1015.90
975.85
968.93
981.09
969.17
969.89
967.98
972.03
972.03
964.88
967.03
965.83
977.99
960.11
971.08
961.07
17066.96
985.86
973.94
980.14
978.95
976.80
972.99
972.99
17076.02
1013.99
990.87
986.81
997.78
987.05
987.05
990.15
1005.89
979.90
988.96
987.05
1001.12
980.14
979.90
979.90
17064.09
991.82
968.93
966.07
970.13
962.97
962.97
965.12
966.07
990.87
991.82
987.05
994.92
983.00
986.10
981.09
17022.13
999.93
962.97
959.16
962.97
962.97
956.06
955.10
950.10
965.12
966.07
959.87
962.97
962.02
958.20
962.97
960.11
17083.88
1010.89
1013.99
1007.08
1002.07
995.16
999.93
999.93
966.79
958.92
962.97
964.88
968.93
955.10
960.11
962.97
17078.88
1015.90
1003.03
1004.93
1012.09
1006.13
1004.93
999.93
948.19
970.13
977.04
978.95
980.85
972.99
973.94
967.98
17090.08
999.93
986.81
990.87
999.93
990.15
986.10
981.09
960.11
1009.94
998.97
994.92
1009.94
1003.03
1003.98
988.96
9080.89
986.81
978.95
975.13
982.05
972.99
967.98
968.93
972.99
960.11
961.07
957.97
964.88
957.97
952.01
958.92
16996.15
993.01
960.11
952.01
958.92
952.96
954.87
953.91
957.01
952.01
961.07
956.06
952.96
962.02
957.97
959.87
959.87
17053.84
968.93
968.22
957.01
971.08
956.06
957.01
955.10
962.97
963.21
957.01
959.16
968.93
962.97
954.15
956.06
16988.99
1014.95
972.99
962.97
969.17
959.87
962.97
964.16
962.02
967.03
962.02
962.97
959.87
969.89
967.03
965.83
962.97
17058.13
968.93
955.10
961.07
967.98
954.87
957.97
953.91
962.02
957.97
957.97
955.10
961.07
962.02
957.01
962.97
16988.04
1017.81
969.89
965.83
967.98
959.16
961.07
963.93
957.01
970.13
960.11
960.83
959.87
971.79
967.98
961.07
961.07
17061.95
966.07
956.06
957.01
962.02
952.96
957.97
953.91
17013.07
1022.10
981.09
967.98
978.95
972.99
970.84
967.03
963.93
995.87
999.93
998.02
1006.84
995.87
993.97
998.97
17038.11
1013.04
975.13
966.07
967.98
956.77
958.92
958.92
950.10
993.97
1002.07
1007.08
1000.88
1003.98
995.16
998.02
17037.15
1050.95
1014.95
1001.12
1003.03
992.06
988.01
981.09
972.03
1008.03
1005.17
1008.03
1016.14
1003.03
1000.17
999.93
17050.98
1008.03
967.03
962.02
968.93
957.01
960.11
954.87
956.06
1009.94
1001.83
1007.80
1013.04
1008.99
1008.03
1008.03
17043.83
1038.07
988.01
982.05
972.99
977.04
970.13
970.13
967.98
999.93
1002.07
998.02
1010.89
1006.13
1004.93
1006.84
17036.91
1060.01
1013.99
993.97
1004.93
991.82
989.91
980.14
978.95
999.93
1003.98
1009.94
1013.99
1006.13
1009.94
1003.98
9047.03
1004.93
986.10
972.99
975.13
971.08
972.03
975.13
977.99
965.83
968.93
965.12
972.03
970.13
965.12
962.97
957.97
17055.99
969.17
963.93
964.88
967.03
967.98
954.15
962.97
964.16
952.96
952.01
956.06
962.97
958.92
960.11
953.20
16990.90
1005.89
967.98
965.12
976.09
966.07
962.02
956.06
964.88
963.21
961.07
957.01
953.20
962.97
955.10
960.11
957.01
21086.22
985.15
972.03
968.93
969.89
962.97
959.16
967.98
972.99
960.83
960.83
963.93
971.79
972.03
967.03
965.12
17030.00
1029.01
1005.89
1008.99
1003.03
996.83
998.97
997.07
993.97
989.91
991.11
980.14
977.99
967.98
974.89
977.04
17025.95
1039.98
1012.09
1005.89
998.97
991.11
1002.07
987.05
997.07
996.83
983.00
977.99
983.00
983.95
987.05
978.95
17035.01
1036.17
1002.07
992.06
1008.03
969.89
977.04
972.03
977.99
977.99
971.79
973.94
979.19
974.89
967.98
967.03
974.18
967.98
963.21
964.88
16981.84
1017.09
978.95
963.93
972.99
967.03
963.93
965.83
962.97
965.12
962.02
967.03
957.01
967.98
955.10
962.02
960.11
17060.04
980.14
965.12
962.97
963.93
955.10
961.07
962.02
956.77
958.92
957.97
957.01
967.03
962.02
957.01
958.20
16989.95
1010.89
967.98
961.07
967.98
964.88
953.91
957.97
954.87
964.88
962.02
956.06
962.02
961.07
955.82
957.01
961.07
17055.99
975.85
967.98
962.97
969.89
959.16
960.11
957.97
965.83
965.83
964.88
958.20
966.07
962.97
965.12
957.01
16992.09
1015.19
967.98
961.78
967.03
962.97
962.97
957.01
961.07
968.93
962.97
959.87
961.07
969.89
959.16
962.02
957.97
17058.85
981.81
970.84
972.99
973.94
963.93
965.12
963.93
17011.88
1032.83
983.00
988.96
990.87
989.20
976.09
986.10
978.95
988.96
982.05
982.05
991.11
985.15
974.89
976.09
17017.84
1018.05
978.95
975.85
983.00
976.09
967.98
967.98
962.02
995.16
993.01
985.86
994.21
987.05
995.16
994.92
17014.03
1024.96
974.18
957.97
958.92
962.02
957.01
956.06
955.82
1012.09
1002.07
1000.88
1003.03
1006.13
1001.12
1003.03
997.07
17051.94
962.97
957.01
957.97
960.11
957.97
950.81
951.05
952.96
998.02
999.21
995.87
998.97
992.06
989.20
992.06
17080.07
977.04
957.01
956.06
961.07
957.01
953.20
951.05
947.95
969.89
973.94
972.99
978.95
971.08
972.99
974.89
17010.21
1016.14
961.07
961.07
963.93
962.02
957.01
958.20
952.01
1012.09
1014.95
1010.89
1013.99
1011.85
1013.04
1012.09
9038.93
1011.85
980.85
965.83
970.84
969.89
965.83
965.83
967.98
967.03
959.87
961.07
957.01
960.83
954.87
962.02
957.97
17065.05
971.08
962.02
957.97
964.88
957.01
956.06
957.01
954.15
955.10
955.10
956.06
957.01
949.14
955.10
955.82
16979.93
1011.85
965.83
962.02
962.02
959.16
955.10
955.10
953.91
967.98
957.97
958.92
963.21
966.07
956.06
954.87
957.01
17050.98
974.89
963.93
962.97
958.92
959.16
962.97
958.20
964.88
963.93
963.21
962.02
967.98
962.97
961.07
960.11
16988.99
1022.10
977.04
972.03
974.89
967.03
966.07
958.92
958.92
962.02
960.83
961.07
953.91
965.83
957.01
957.97
958.92
17053.13
972.03
959.16
955.10
962.02
964.16
956.06
953.91
965.83
957.97
956.06
962.97
959.87
963.93
966.07
961.07
16988.04
1019.00
973.94
975.13
964.16
964.88
964.88
964.88
961.07
17105.82
1020.91
1013.04
1001.83
1005.89
1003.03
999.93
1003.98
996.83
993.97
988.96
997.07
987.05
977.99
979.90
985.15
17065.05
987.05
983.00
972.03
984.91
974.89
972.99
970.13
969.89
966.07
958.92
955.82
963.93
956.77
958.92
948.91
17058.13
1018.05
995.87
994.92
1000.17
995.87
993.97
996.11
986.10
970.13
964.88
967.98
966.07
962.97
957.97
955.10
17004.01
1012.09
964.88
959.87
963.93
962.02
960.11
962.97
957.01
977.99
990.87
989.20
987.05
982.05
981.09
980.14
17006.87
1062.87
1010.89
999.93
1011.13
1002.07
992.06
990.15
990.15
972.99
990.15
988.96
983.95
978.95
981.09
979.19
976.09
17052.89
973.94
971.08
966.07
969.17
966.07
957.97
959.16
978.95
1005.89
1006.13
1003.03
1009.94
1008.03
1000.17
999.93
9073.02
972.03
972.03
968.93
974.18
966.07
967.03
967.03
973.94
962.02
963.93
963.93
971.79
963.93
964.16
958.92
17011.88
995.87
967.98
962.02
962.97
965.83
962.02
962.02
963.93
957.97
962.02
962.02
965.83
960.83
962.02
965.12
958.92
17037.87
976.09
962.02
967.98
967.98
957.97
960.11
956.06
967.03
955.10
959.16
956.06
972.03
960.83
960.83
957.01
21003.01
1005.17
970.13
962.02
964.16
956.06
960.11
961.07
964.88
957.01
962.97
957.01
958.92
978.95
988.01
985.86
16989.95
1032.83
972.99
962.97
959.16
968.93
963.93
957.01
962.97
972.03
957.01
958.92
962.97
965.83
972.99
976.09
974.18
17066.00
996.11
981.09
973.94
974.89
957.97
957.01
951.05
961.07
952.01
951.05
957.01
959.16
951.05
950.10
952.01
16979.93
1030.21
981.09
963.93
977.99
956.06
956.06
952.01
956.06
959.87
953.91
948.91
951.05
965.12
962.97
961.78
959.87
969.89
953.20
958.92
953.91
16997.10
1003.03
967.98
964.16
965.12
962.97
965.12
957.01
967.03
953.91
963.93
958.20
957.01
962.02
957.01
958.92
957.01
17055.99
962.97
957.97
961.07
971.08
957.01
956.06
953.91
970.84
958.92
960.11
955.10
967.03
957.01
960.11
959.87
16996.86
1001.83
962.97
962.97
972.03
966.07
961.07
964.16
960.11
958.92
960.11
964.16
962.97
967.98
962.97
954.15
958.92
17066.00
972.03
959.16
957.01
966.07
955.10
955.10
955.10
965.12
953.91
963.93
952.96
962.97
955.10
956.06
956.06
16988.99
1012.09
969.89
962.97
967.03
959.87
960.83
957.01
965.12
962.97
963.21
962.97
956.06
970.13
960.11
962.02
963.93
17065.05
969.89
957.01
956.06
964.88
962.02
952.01
957.01
17055.99
987.05
976.09
962.02
974.89
964.16
963.93
962.02
952.96
985.86
984.91
989.20
993.01
991.11
988.01
990.15
17030.95
1015.90
975.85
968.93
972.99
969.89
966.07
973.22
967.03
977.99
977.99
988.96
983.00
988.01
976.09
979.90
17004.01
1056.91
1016.86
1005.89
1001.83
996.83
989.91
989.20
982.05
972.99
993.97
983.95
979.90
983.00
981.81
978.95
977.99
17050.98
972.99
964.88
962.02
973.94
959.87
967.03
962.97
959.16
993.97
990.87
995.16
998.97
989.91
988.01
992.06
17107.01
999.93
980.85
986.81
985.86
987.05
985.86
980.85
974.89
1008.99
1011.13
1014.95
1017.09
1015.19
1010.89
1009.94
17080.07
976.09
976.09
968.22
976.09
968.93
969.89
968.22
967.98
969.17
968.93
967.98
966.07
956.06
962.02
957.97
8998.87
1007.80
987.05
977.99
994.21
977.99
972.99
971.08
974.89
977.04
971.08
967.98
971.79
960.83
961.07
962.02
16988.04
1020.91
971.08
964.16
972.03
973.94
962.97
965.12
967.98
968.22
961.07
953.91
958.92
963.21
967.03
956.06
960.11
17061.95
974.89
960.83
958.92
969.17
958.92
958.92
962.97
970.13
962.97
960.11
964.16
961.07
962.02
961.07
959.87
16988.99
1015.90
969.89
962.02
967.98
964.16
962.97
964.16
962.02
962.02
961.07
963.21
963.93
968.93
959.16
960.11
957.97
17071.01
974.89
969.89
965.83
980.14
959.16
969.89
964.88
974.89
965.12
961.07
962.02
963.21
957.97
961.07
955.82
16986.85
1008.03
967.98
959.16
968.93
959.87
965.83
958.92
961.07
962.97
958.92
957.01
956.06
966.07
962.02
952.96
957.97
17065.05
973.94
962.97
963.93
971.08
965.12
956.06
961.07
17032.15
983.95
962.02
962.02
965.12
956.06
956.06
954.87
946.04
1003.98
1005.17
1003.03
1007.08
1003.03
1001.83
1000.88
17046.21
1004.93
967.98
958.92
970.84
959.87
957.97
962.02
955.10
1010.18
1015.90
1008.99
1019.00
1005.17
1007.08
1009.94
17046.21
1030.92
978.95
977.99
979.90
975.13
975.13
970.13
975.85
1002.07
993.97
1007.08
1001.12
998.97
997.07
998.02
17030.00
1033.07
979.19
977.04
972.99
974.89
968.22
964.88
962.02
955.10
971.08
968.93
969.89
983.95
967.98
960.83
964.88
17083.17
982.05
976.09
972.99
980.85
971.08
969.89
976.09
952.96
997.07
988.01
989.91
1004.93
993.01
993.01
981.09
17076.97
983.95
967.03
964.16
967.03
958.20
959.87
957.01
962.02
1000.17
1011.13
1014.95
1013.99
1008.03
1003.98
1008.03
9052.04
977.04
965.12
960.11
964.16
962.97
959.16
952.96
962.97
953.91
952.96
955.10
960.11
958.92
952.01
955.10
957.97
17045.97
964.88
960.83
959.87
968.93
957.01
954.87
952.01
960.11
952.96
956.06
948.91
956.06
955.10
951.05
952.01
16988.04
1001.12
966.07
960.11
961.07
962.97
962.02
957.01
957.97
964.88
959.87
959.87
964.88
967.03
957.01
963.93
958.92
21067.86
972.99
960.11
957.97
969.17
962.02
960.11
953.91
962.02
953.91
962.02
953.91
967.98
1000.17
1010.89
1000.17
17049.07
1012.09
968.93
967.98
960.11
965.12
962.02
962.02
959.87
959.87
963.21
963.93
959.87
1002.79
1003.98
1006.13
17040.97
1021.86
967.03
957.01
957.01
959.87
962.97
962.02
960.11
967.98
959.87
958.92
954.15
962.02
959.16
960.11
957.01
17079.11
1017.09
998.02
1002.07
1006.84
967.98
971.08
967.98
974.89
972.03
965.83
967.03
972.99
965.12
960.11
961.07
970.13
957.01
961.07
965.12
17004.01
1001.83
968.93
967.98
967.03
967.03
962.97
953.91
963.93
961.07
959.16
962.97
962.02
974.18
966.07
966.07
962.97
17061.00
971.08
964.16
963.93
976.80
967.98
969.17
962.97
974.18
971.08
962.02
961.07
969.17
965.12
959.87
962.02
17001.15
998.97
965.12
964.16
969.89
962.97
962.02
964.16
968.93
967.03
957.97
958.20
958.92
964.88
957.97
955.82
961.07
17061.95
972.99
969.17
967.98
977.04
963.21
967.03
964.16
967.98
962.97
958.92
965.12
970.13
968.93
967.98
965.12
17008.07
1008.99
965.83
967.98
968.93
965.83
962.02
963.93
962.97
967.03
961.07
962.02
970.84
958.92
956.06
958.92
957.97
17051.94
973.94
973.94
966.07
971.08
965.12
961.07
957.01
17082.93
1019.00
1009.94
1003.03
1012.09
1005.89
1008.03
1001.12
962.02
957.97
953.91
960.11
962.97
957.97
958.92
957.01
17072.92
1018.05
1003.03
1004.93
1006.84
1002.07
1008.99
1002.07
977.04
954.87
964.16
957.01
972.03
959.16
958.92
948.91
16996.86
1019.95
983.00
975.85
977.99
966.07
967.98
970.84
968.93
974.18
983.00
982.05
983.95
977.04
977.04
971.79
983.95
977.99
977.99
977.99
984.19
983.00
979.19
984.91
16990.90
1028.06
966.07
962.02
957.01
963.21
956.06
958.92
955.82
967.98
957.01
958.92
960.11
966.07
957.97
962.02
957.97
17012.83
1044.03
1013.04
1009.94
1019.00
1011.13
1010.89
1010.18
999.93
965.83
967.03
961.07
965.12
957.97
957.01
959.87
17009.97
1039.98
1013.04
1009.94
1010.89
1001.12
1007.08
1001.12
995.16
984.91
989.91
990.15
991.11
978.95
983.95
983.00
17014.03
1025.92
988.01
973.94
979.90
973.22
969.89
972.99
967.03
975.13
973.94
977.99
980.14
976.09
