1109.12
1070.02
1063.11
1075.98
1060.01
1076.94
1056.91
25185.11
1115.80
1091.00
1088.14
16789.91
1104.83
1095.06
1085.04
1085.04
1080.99
1077.89
25173.90
1106.02
1071.93
1102.21
1093.86
1080.99
1118.90
25105.95
1112.94
1068.12
1060.01
1094.10
1064.06
1069.07
1063.11
25164.13
1084.09
1059.06
1053.09
1068.12
1075.98
1073.84
19382.00
1116.04
1110.08
1083.14
1086.95
1091.00
1086.00
1088.86
1089.81
49180.03
1095.06
1075.03
1060.01
1057.86
1047.85
1039.98
25094.03
1147.99
1097.92
1108.88
1107.93
1092.20
1071.93
25094.99
1162.05
1103.16
1096.96
1096.96
1091.96
1085.04
1081.94
17176.87
1084.80
1067.88
1066.92
1056.91
1631.98
1116.04
25197.03
1150.13
1125.10
1132.01
1138.21
1151.08
25154.11
1183.99
1152.99
1141.07
1152.99
1142.02
1142.02
25173.19
1132.97
1081.94
1079.08
1060.01
1055.96
1063.11
1063.11
25165.08
1075.03
1061.20
1058.10
1061.92
1055.00
1086.95
25110.96
1129.15
1086.00
1033.78
1067.88
1068.83
1055.00
1064.06
25172.00
1100.06
1082.90
1084.09
1082.90
1079.08
1086.00
17720.94
1137.02
1101.02
1116.04
1099.11
1090.05
1091.96
25166.99
1106.98
1083.14
1091.96
1078.13
1090.05
1080.99
25178.91
1103.16
1089.10
1091.96
1051.90
1088.14
1101.02
25173.90
1165.87
1122.00
1150.13
1096.96
1065.97
1053.09
25099.99
1141.79
1102.92
1095.77
1055.00
1034.02
1030.92
1054.05
25160.07
1073.12
1074.08
1069.07
1050.95
1065.02
1060.01
25136.95
1121.04
1101.97
1087.90
1103.16
1092.91
1086.95
25140.05
1130.82
1098.87
1091.00
1100.06
1084.09
1089.10
29096.13
1119.14
1070.02
1063.11
1060.96
1061.92
1053.81
1055.00
25136.95
1102.92
1080.99
1083.85
1098.87
1075.98
1085.04
25111.91
1125.10
1073.12
1082.90
1080.99
1066.92
1080.04
1072.88
25160.07
1082.90
1068.12
1078.13
1100.06
1078.13
1060.01
25173.19
1116.04
1094.10
1095.06
1111.03
1099.11
1090.05
25138.85
1107.93
1086.00
1080.04
1116.99
1097.92
1100.06
25148.87
1111.98
1067.16
1062.15
17138.00
1078.84
1051.90
1050.00
1056.91
1048.09
1047.13
21731.85
1179.93
1136.06
1126.05
1030.92
1039.03
1050.95
25096.89
1173.02
1146.08
1137.02
1093.15
1065.02
1062.15
25111.91
1146.08
1106.02
1089.10
1088.14
1075.03
1064.06
1059.77
25182.01
1096.96
1080.04
1080.99
1076.22
1075.98
1079.08
25180.10
1130.82
1107.93
1108.17
1118.90
1199.01
1096.01
25189.16
1147.99
1112.94
9138.11
1106.98
1051.90
1047.85
1040.94
1036.17
1029.97
1037.84
25090.93
1096.96
1060.01
1053.09
1055.00
1047.85
1035.93
1045.94
25176.05
1076.94
1056.91
1057.86
1039.98
1044.03
1044.03
33101.80
1175.88
1132.97
1127.96
1055.96
1068.12
1059.06
25099.04
1102.92
1051.90
1044.99
1044.99
1100.06
1091.00
1089.81
25162.94
1070.98
1060.96
1065.02
1058.10
1060.01
1053.09
25096.18
1091.00
1060.01
1039.98
1044.03
1060.96
1070.02
1058.82
25158.88
1077.89
1057.86
1034.98
1075.03
1082.18
1076.94
25163.89
1094.10
1079.08
1075.03
1091.00
1080.99
1073.84
25095.94
1123.19
1086.95
1091.00
1112.94
1100.06
1080.04
1078.84
25195.12
1079.80
1057.86
1055.00
1102.92
1096.01
1087.90
25168.18
1063.11
1045.94
1045.94
1065.02
1057.86
1051.19
25098.09
1100.06
1013.04
1091.00
1091.96
1037.84
1041.17
1085.04
25143.15
1081.94
1072.88
1070.98
1062.87
1067.88
1076.94
25109.05
1119.85
1067.88
1061.92
1064.06
1060.01
1060.01
1067.16
25167.94
1096.01
1080.99
1096.01
1152.99
1063.11
1059.06
25189.16
1126.05
1116.99
1120.81
1112.94
1106.02
1108.88
25195.84
1022.82
1051.90
1046.90
1088.14
1075.98
1088.14
19989.97
1157.05
1067.16
1072.88
1064.06
1076.94
1066.92
1070.98
1070.98
25171.04
1115.08
1115.08
1087.19
1086.95
1070.98
1087.90
25175.81
1118.90
1621.01
1079.08
1056.91
1044.99
1049.04
25148.15
1086.00
1080.99
1065.02
1046.18
1046.90
1065.97
25094.03
1109.84
1086.00
1060.96
1071.93
1054.05
1053.09
1044.99
25216.82
1105.07
1089.10
1086.95
1064.78
1057.86
1040.94
25125.98
1098.87
1078.84
1083.85
1055.00
1034.02
1030.21
25060.89
1127.96
1067.88
1058.10
17109.16
1186.13
1138.93
1135.83
8250.95
1139.88
1103.16
1091.96
1086.00
1096.01
1079.08
1071.93
25205.14
1106.02
1096.01
1090.05
1060.01
1056.91
1060.96
25158.17
1100.06
1086.00
1068.12
1066.92
1070.98
1062.15
25109.05
1156.09
1094.82
1101.97
1119.14
1091.96
1098.87
25125.03
1136.06
1128.91
1103.88
1107.93
1094.10
1094.10
1107.93
25206.09
1103.16
1089.10
1043.08
1034.02
1032.11
1031.16
25116.92
1130.10
1086.00
1076.94
1093.15
1086.95
1095.06
25129.80
1116.99
1104.12
1085.04
1099.82
1097.20
1105.07
1101.97
29157.88
1087.90
1049.04
1051.90
1039.98
1037.84
1031.88
25120.97
1147.03
1122.95
1100.06
1034.98
1041.89
1050.00
25079.01
1152.99
1101.97
1090.05
1085.04
1059.06
1057.86
1060.01
25152.92
1071.93
1061.92
1060.01
1055.00
1069.07
1049.04
25060.18
1134.87
1085.04
1081.94
1094.82
1082.90
1081.23
25110.01
1138.21
1091.96
1082.90
1087.19
1085.04
1088.14
1079.08
25182.01
1097.92
1084.09
1090.05
1080.04
1091.00
1081.94
25164.84
1091.00
1066.92
1069.07
1070.02
1099.11
1090.05
25123.12
1124.14
1080.04
1068.12
1064.06
1067.16
1060.96
1068.83
25193.93
1096.96
1085.04
1066.92
1045.94
1047.13
1049.04
25096.18
1129.15
1101.97
1094.82
1113.89
1092.91
1095.06
25124.07
1147.03
1100.06
1104.12
1104.12
1096.01
1091.00
25116.21
1166.11
1115.08
1095.06
1106.98
1095.06
1097.92
1091.96
25177.96
1088.86
1067.88
1067.88
1093.15
1096.01
1081.94
25182.96
1097.92
1094.10
1087.19
1082.90
1093.86
1082.90
25139.81
1143.93
1106.98
10059.12
1096.01
1075.03
1071.21
1082.90
1068.83
1065.02
25115.97
1170.87
1147.03
1127.96
1065.02
1067.88
1074.08
25086.88
1143.93
1095.06
1091.96
1082.90
1080.99
1076.94
1075.03
25172.95
1065.02
1055.00
1069.07
1074.08
1088.14
1086.00
25116.21
1111.03
1074.08
1066.21
1070.98
1062.15
1064.06
1065.97
25135.99
1059.06
1052.86
1046.90
1040.22
1045.94
1042.84
25105.95
1086.95
1052.14
1046.90
1045.94
1041.17
1045.94
1036.88
29182.91
1097.92
1096.96
9119.99
1122.00
1054.05
1039.03
1047.13
1122.00
1111.98
25147.91
1104.83
1058.10
1055.00
1054.05
1097.92
1089.10
1096.96
25185.82
1086.00
1065.97
1071.21
1065.02
1075.03
1066.92
25104.05
1159.91
1118.18
1109.12
1111.98
1101.97
1102.92
25135.04
1159.91
1132.97
1111.98
1112.94
1110.08
1108.17
25139.09
1168.97
1119.85
1108.88
1114.85
1109.84
1111.03
1105.07
25154.11
1080.04
1065.97
1065.97
1087.19
1095.06
1085.04
25202.04
1090.05
1077.89
1072.88
1094.10
1100.06
1096.96
20415.07
1106.98
1085.04
1079.08
25114.06
1163.96
1122.95
1111.03
1128.91
1109.12
1113.89
25135.99
1176.12
1133.92
1108.88
1119.85
1111.98
1112.94
1107.93
25213.00
1122.95
1114.13
1120.09
1127.96
1113.89
1102.92
25211.10
1132.97
1117.94
1104.12
1084.09
1086.00
1072.88
25185.82
1136.06
1111.98
1133.20
1090.05
1104.12
1088.86
25182.96
1109.84
1087.90
1075.03
1097.20
1104.12
1111.03
25141.95
1112.94
1082.90
1074.08
1084.80
1072.88
1075.98
22460.94
1200.91
1152.04
5137.92
1058.10
1049.04
1039.98
1050.00
1055.00
1050.00
25105.00
1104.83
1065.02
1045.94
1066.92
1049.04
1048.80
1051.90
25157.93
1092.20
1076.94
1080.99
1070.02
1066.21
1070.02
25153.16
1086.00
1065.02
1067.88
1070.02
1069.07
1069.07
25098.09
1115.80
1070.98
1062.15
1065.02
1070.02
1062.87
1055.96
25159.12
1068.12
1054.05
1054.05
1043.08
1064.06
1055.00
25109.05
1104.12
1060.01
1055.96
1050.95
1054.05
1055.96
1051.19
25155.07
1065.02
1055.00
1050.00
1057.15
1060.01
1060.01
29096.84
1085.04
1044.03
1043.08
1048.09
1021.15
1112.94
1116.04
25171.04
1077.89
1071.93
1067.16
1149.89
1127.00
1132.01
25191.07
1101.02
1091.00
1070.98
1159.91
1149.18
1142.02
25200.13
1106.98
1080.99
1075.98
1122.95
1128.91
1127.96
25210.14
1080.04
1070.98
1064.06
1067.16
1063.11
1055.00
25092.12
1111.03
1076.94
1067.16
1050.95
1039.98
1040.94
1040.94
25142.19
1054.05
1048.09
1044.03
9161.95
1101.97
1102.21
1101.97
1095.06
1089.10
1082.18
22684.10
1089.10
1089.10
1132.97
1138.93
1137.97
25172.00
1086.95
1085.04
1076.94
1117.94
1114.13
1129.87
25202.99
1100.06
1113.89
1087.19
1105.07
1101.02
1111.03
25192.02
1061.92
1042.84
1042.84
1050.00
1036.17
1035.93
25069.00
1091.96
1044.03
1044.99
1045.23
1040.94
1039.03
1039.03
25115.97
1074.08
1051.19
1044.99
1058.10
1045.94
1045.94
1044.99
25192.02
1114.13
1106.02
17153.02
1079.08
1045.94
1034.98
1042.13
1116.04
1106.02
25135.99
1107.93
1066.92
1056.19
1065.02
1139.16
1137.97
25632.86
1116.99
1060.96
1055.00
1070.02
1063.11
1049.04
1043.08
25197.03
1116.04
1086.95
1095.06
1087.19
1086.00
1085.04
25172.95
1097.20
1080.04
1086.95
1080.99
1078.13
1080.99
25121.93
1124.14
1073.12
1045.94
1065.97
1063.11
1054.05
1050.95
25148.87
1068.83
1060.96
1048.09
1049.04
1048.09
1047.13
25113.11
1116.04
1060.96
1055.00
1064.78
1034.98
1039.98
1032.83
25166.03
1086.00
1075.98
1075.03
1059.06
1055.00
1086.95
25177.96
7504.94
1122.95
1091.00
1083.85
1091.96
1083.14
1086.00
1080.04
25182.96
1096.01
1082.90
1090.05
1076.94
1070.02
1074.08
25169.85
1088.86
1055.96
1035.93
1043.80
1036.88
1027.82
25062.08
1159.91
1127.00
1108.17
1096.01
1082.18
1100.06
1089.10
25177.96
1092.91
1084.80
1067.88
1060.01
1070.98
1072.17
25166.03
1075.03
1062.87
1055.96
1046.90
1070.98
1051.19
25105.00
1138.93
1100.06
1096.01
1096.01
1089.10
1095.06
1087.90
25193.93
1107.93
1095.06
1100.06
1092.91
1093.15
1091.00
21183.97
1128.91
1111.03
1102.92
1044.99
1050.00
1048.09
25085.21
1113.89
1082.90
1080.99
1086.95
1080.04
1082.90
25099.99
1151.08
1101.02
1081.94
1086.00
1076.94
1079.08
1077.18
25186.06
1104.12
1089.10
1099.11
1094.10
1085.04
1084.09
25188.92
1109.84
1098.87
1099.82
1031.88
1050.00
1044.99
25080.92
1169.92
1123.19
1111.98
1107.93
1039.98
1037.12
1042.13
25223.97
1160.86
1134.87
9183.88
1110.08
1088.86
1075.98
1096.01
1071.93
1082.90
25120.97
1115.08
1059.06
1051.19
1053.09
1087.90
15401.84
1076.94
1072.17
1066.92
1060.01
1054.05
1059.06
25109.05
1087.19
1055.96
1050.95
1070.98
1060.96
1057.15
1055.00
25152.21
1087.90
1087.90
1082.90
1052.14
1047.13
1046.90
25163.89
1108.88
1093.86
1098.16
1096.01
1110.79
1105.07
25132.89
1144.89
1101.97
1091.00
1055.00
1075.98
1084.09
29099.94
1172.07
1128.91
1106.02
1110.08
1044.99
1044.03
1036.88
25219.92
1151.08
1141.07
1114.13
1069.07
1070.02
1066.21
25193.93
1153.95
1125.10
1115.08
1073.12
1084.09
1069.07
25356.05
1101.97
1096.96
1098.87
1092.20
1093.86
1093.86
21174.91
1152.99
1124.86
1123.91
1032.83
1053.09
1044.03
25083.07
1116.99
1074.08
1070.02
1058.10
1050.00
1055.00
1050.95
25161.03
1106.02
1070.98
1071.93
1048.09
1042.13
1044.03
25082.11
1108.17
1071.93
1065.02
1074.08
1075.98
1069.78
1062.87
25157.93
1067.88
1072.88
1068.12
1078.13
1065.02
1060.96
25145.05
1075.98
1065.02
1049.04
1070.98
1050.00
1047.85
25075.91
1147.03
1086.00
1084.80
1071.93
1089.10
23285.15
1055.96
1041.17
1048.09
1048.09
1038.07
1043.08
25068.04
1091.00
1048.09
1046.90
1050.95
1048.09
1044.03
1040.94
25148.15
1093.15
1080.99
1075.98
1078.13
1098.87
1080.99
25128.13
1121.04
1071.93
1068.12
1078.13
1091.00
1086.00
25104.05
1127.00
1076.94
1057.15
1050.00
1088.86
1093.15
1096.96
25159.84
1065.02
1055.00
1042.84
1046.90
1038.07
1037.84
25090.93
1121.04
1061.92
1051.19
1056.91
1038.79
1040.94
1039.98
25137.90
1075.98
1060.01
17127.04
1141.07
1091.00
1077.18
1079.08
1076.94
1072.88
1078.84
25182.01
1106.98
1092.20
1079.08
1082.90
1090.05
1070.98
25115.01
1125.10
1075.98
1067.88
1075.03
1062.15
1063.11
25101.90
1132.01
1070.02
1064.78
1070.02
1065.97
1057.86
1066.92
25180.10
1117.23
1084.09
1079.08
1055.96
1080.99
1054.05
25110.01
1127.96
1100.06
1087.19
1055.00
1043.08
1046.18
1049.04
25174.14
1086.95
1085.04
1080.04
1035.93
1038.79
1036.88
21126.03
1096.96
1066.92
1059.06
1030.21
1061.92
1053.81
33077.00
1120.09
1071.21
1065.02
1063.11
1107.93
1108.88
1102.92
25187.97
1075.98
1067.16
1066.92
1106.02
1115.08
1101.02
25173.19
1065.97
1050.00
1049.04
1058.10
1055.00
1053.09
25067.09
1116.99
1064.06
1058.10
1061.92
1055.00
1055.96
1058.82
25153.88
1077.89
1065.97
1065.02
1073.12
1062.15
1063.11
25100.95
1103.16
1054.05
1043.08
1038.07
1115.08
1099.11
1106.02
25168.18
1072.17
1061.92
1060.96
1101.97
1089.81
1082.90
25183.92
1097.20
1070.98
1072.17
1101.97
1080.99
1083.14
25125.03
1188.04
1136.06
1141.79
1105.07
1085.04
1083.14
25119.07
1137.97
1095.06
1079.08
1079.08
1073.12
1076.94
1066.92
25186.06
1092.91
1083.14
1080.04
1065.97
1066.92
1061.92
25116.92
1162.05
1127.00
1113.18
1127.96
1108.88
1119.14
21167.04
1111.03
1082.90
1070.98
1090.05
1106.02
1101.02
25141.00
1132.97
1090.05
1094.82
1096.96
1114.13
1115.08
1119.14
29146.91
1086.00
1116.04
1119.85
1099.82
1094.82
1096.01
19374.13
1101.97
1076.94
1078.13
1070.02
13173.10
1108.17
1085.04
1091.00
1128.20
1133.92
1130.82
25159.84
1122.00
1082.18
1080.04
1123.19
1132.01
1135.11
25172.00
1111.03
1079.08
1065.97
1077.89
1067.16
1055.96
1057.86
25188.21
1096.96
1089.81
1073.84
1050.00
1059.06
1062.15
25161.98
1127.96
1120.09
1117.94
1086.00
1089.10
1086.95
25129.80
1111.98
1066.21
1067.88
1072.88
1132.97
1116.99
25162.94
1144.17
1086.95
1078.84
1080.04
1128.91
1137.02
1133.20
25166.99
1092.91
1070.98
1072.88
1113.89
1120.09
1101.02
25187.02
1060.96
1074.79
1090.05
1090.05
1078.13
1074.08
25128.13
1112.94
1086.95
1087.19
1095.06
1084.09
1080.99
25115.97
1139.16
1108.88
1086.95
1097.20
1089.10
1091.00
1075.98
25181.06
1099.11
1084.09
1086.00
1076.94
1073.12
1069.07
25195.12
1151.08
1138.21
1119.85
1086.95
1089.10
1093.15
25206.09
1157.05
1123.19
1120.09
1086.95
1087.19
1085.04
25136.95
1170.87
1127.00
1121.04
17154.22
1065.02
1061.20
1072.88
1071.93
1075.98
1075.98
33197.16
1109.12
1100.06
1101.02
1092.20
1089.10
1092.91
25128.84
1130.10
1096.96
1086.00
1096.96
1087.90
1086.95
25125.03
1132.01
1075.98
1065.02
1053.09
1084.09
1086.00
1091.00
25182.96
1071.93
1070.02
1065.97
1076.94
1082.90
1083.14
25144.10
1111.98
1105.07
1079.08
1060.96
1075.98
1071.93
25100.95
1163.01
1103.16
1101.97
1103.16
1095.06
1096.96
1095.06
25137.90
1059.06
1053.09
1056.91
1045.23
1044.99
1044.03
25128.84
1086.95
1055.00
1045.94
1053.09
1050.00
1046.90
1046.18
25145.05
1067.16
1059.06
1050.00
1069.78
1067.88
1059.06
25136.95
1093.86
1071.93
1068.12
1036.17
1065.02
1069.07
25125.03
1115.08
1070.02
1057.86
1052.14
1093.15
1097.92
1106.02
25197.03
1095.06
1083.14
1078.84
1082.90
1065.97
1063.11
25136.95
1101.97
1074.08
1074.08
1093.15
1065.97
1073.84
25096.89
1109.84
1070.02
1060.96
1061.20
1056.91
1050.95
1049.04
25154.11
1071.21
1034.98
1048.09
1067.16
1055.96
1060.01
19557.00
1130.82
1127.96
1110.08
1104.12
1122.00
1104.83
1097.92
1101.97
25200.13
1121.04
1105.07
1114.13
1106.02
1099.11
1106.98
25191.07
1127.96
1104.12
1107.93
1104.83
1102.92
1105.07
25150.78
1106.98
1066.92
1064.06
1080.04
1132.01
1124.86
25166.03
1103.16
1059.06
1045.94
9115.93
1127.00
1101.02
1097.92
1104.83
1096.96
1094.10
25135.04
1139.88
1098.87
1071.21
1095.06
1090.05
1089.10
25126.93
1152.99
1109.84
1106.02
1101.02
1087.19
1075.98
1070.98
25187.97
1116.99
1090.05
1092.20
1074.08
1074.08
1077.89
29152.87
1067.88
1057.86
1038.79
1092.91
1066.92
1075.98
25110.01
1104.12
1060.01
1044.99
1048.09
1044.99
1044.99
1041.89
25151.97
1083.85
1065.02
1055.00
1080.99
1080.99
1083.14
25149.11
1100.06
1044.99
1046.90
1065.02
1089.10
1081.94
1069.78
25184.87
1090.05
1095.06
1093.15
1091.96
1091.00
1081.94
25208.95
1091.00
1070.02
1063.11
1035.93
1036.88
1034.98
21076.92
1126.05
1093.15
1075.03
1094.82
1070.02
1078.13
1065.02
25166.03
1077.89
1075.03
1066.92
1057.86
1053.81
26622.06
1111.98
1091.00
1107.93
1082.90
1076.94
1085.04
25181.06
1083.85
1084.80
1072.88
1062.87
1063.82
1061.92
25109.05
1122.95
1090.05
1070.02
1096.01
1070.02
1073.12
1065.02
25151.97
1090.05
1075.98
1080.04
1075.03
1084.09
1080.04
25155.07
1086.95
1081.94
1081.94
1089.10
1068.12
1079.08
25119.07
1091.96
1050.00
1050.00
1056.19
1044.99
1049.04
1050.00
25165.08
1102.92
1097.92
1099.11
1101.97
1109.84
1101.02
25212.05
1099.11
1075.03
1092.91
1106.98
1097.92
1096.96
25141.00
1116.04
1106.02
1086.95
1091.00
1102.92
1108.17
25138.14
1148.94
1096.96
1099.11
1075.03
1100.78
1083.85
1081.94
25188.21
1117.94
1096.01
1108.88
1070.02
1062.87
1056.91
25177.00
1107.93
1093.86
1096.01
1091.00
1088.86
1091.96
25169.13
1111.98
1094.10
1091.00
1099.82
1091.00
1094.10
21131.04
1117.94
1080.99
1073.12
1060.96
1083.85
1089.81
1075.03
29212.95
1118.90
1107.93
1088.14
1063.11
1071.93
1065.97
19911.05
1090.05
1105.07
1090.05
1083.14
1100.06
1085.04
1075.98
25115.97
1124.86
1080.04
1067.88
1075.98
1061.92
1059.06
1045.94
25146.01
1060.01
1045.94
1050.95
1037.84
1040.94
1037.12
25077.10
1125.10
1096.01
1075.98
1117.94
1113.89
1120.81
25156.97
1127.00
1090.05
1082.90
1117.94
1145.12
1142.98
25174.86
1101.02
1048.09
1034.02
1030.21
1086.00
1080.04
1088.86
25152.92
1115.08
1105.79
1100.06
1097.92
1098.16
1097.92
25126.93
1132.01
1096.96
1087.19
1104.12
1094.10
1092.91
25126.93
1144.17
1106.02
1093.15
1099.11
1097.92
1092.91
1091.00
25199.89
1130.82
1116.99
1114.13
1079.08
1076.94
1090.05
25197.98
1096.01
1086.00
1073.12
1087.19
1102.92
1083.85
25201.80
1101.02
1084.09
1079.08
1093.15
1104.12
1091.96
25131.23
1091.00
1055.00
1047.85
1061.92
1048.09
1057.15
1050.95
25143.86
1070.98
1054.05
1055.00
1106.98
1105.07
1109.12
25186.06
1120.09
1109.12
25136.95
1150.85
1113.89
1113.89
1114.13
1106.02
1103.88
1104.12
25205.14
1120.09
1109.12
1117.94
1102.92
1105.07
1097.20
25213.96
1112.94
1111.98
1116.99
1107.93
1102.92
1103.16
25202.99
1128.91
1108.17
1112.94
1103.88
1031.88
1041.17
25100.95
1113.89
1088.86
1086.00
1061.92
1050.00
1052.14
25082.11
1107.93
1061.92
1050.00
1044.03
1053.09
1050.00
1047.13
25152.92
1071.93
1050.95
1044.99
1072.88
1047.13
1042.13
25074.96
1129.87
1080.99
1075.03
1079.08
1073.12
1065.02
1072.17
25171.04
1093.15
1076.94
1078.84
1070.98
1071.93
1070.02
25103.09
1124.14
1074.08
1068.12
1080.99
1063.11
1067.16
1065.02
25154.11
1057.15
1052.14
1033.07
1101.02
1096.96
1086.95
25191.07
1075.98
1068.12
1064.06
1086.00
1091.96
1091.96
25142.19
1111.03
1075.98
1070.98
1065.97
1093.86
1096.01
1086.95
1137.02
1072.88
1070.02
1077.89
1073.84
1066.92
1065.97
25170.09
1091.00
1082.18
1072.88
1070.98
1065.02
1061.92
25101.18
1091.96
1050.00
1048.09
1050.00
1039.98
1036.88
1039.03
25161.98
1111.03
1081.94
1099.11
1117.94
1134.87
1119.85
29213.91
1084.09
1059.06
1062.15
1073.12
1058.10
1055.96
25089.98
1110.08
1067.16
1059.06
1070.02
1055.00
1055.00
1060.96
25168.90
1106.98
1089.10
1084.09
1045.94
1051.90
1047.13
25115.01
1142.98
1101.02
1094.10
1061.20
1066.92
1065.97
25111.91
1145.12
1094.10
1086.95
1079.08
1073.12
1074.08
1075.03
25218.01
1152.04
1127.96
1111.03
1055.96
1063.82
1073.84
25189.88
1077.89
1055.00
1060.01
1059.06
1052.14
1050.95
21083.83
1126.05
1086.00
1078.84
1076.94
8126.02
1132.01
1122.00
1116.99
1039.98
1039.98
1039.98
25075.91
1116.99
1078.13
1074.08
1090.05
1081.23
1085.04
1066.92
25189.88
1102.92
1085.04
1109.12
1096.01
1085.04
1081.94
25182.96
1100.06
1086.00
1086.95
1073.84
1080.99
1066.92
25119.07
1105.07
1065.97
1070.98
1070.98
1078.13
1078.13
25100.95
1122.95
1075.98
1076.94
1072.88
1084.80
1092.91
1088.86
25146.01
1058.10
1038.07
1037.12
1060.01
1052.14
1050.00
29092.79
