972.03
968.93
959.87
962.02
962.97
968.93
975.13
33045.05
991.11
970.13
963.93
25288.82
993.01
972.03
981.81
983.00
1023.05
1007.08
995.16
45098.07
1016.14
998.97
998.02
962.02
956.06
947.00
952.01
25083.07
990.15
987.05
986.10
982.05
974.89
973.94
975.85
33095.84
1008.99
982.05
991.82
995.87
1021.86
1020.91
1020.19
33127.07
1049.04
1043.08
1042.13
1038.07
1036.88
1041.89
33079.15
1065.02
1015.19
1007.08
1005.89
1004.93
1005.17
999.93
29063.94
1032.11
990.15
988.96
967.03
1012.09
1022.10
1013.04
21091.94
983.00
969.89
965.83
13033.87
1027.82
1010.89
994.92
13094.19
981.09
964.88
958.92
965.12
961.07
960.11
960.11
33015.01
1007.80
970.84
965.83
958.92
1003.98
1000.88
1003.98
33033.13
952.01
1010.18
988.96
1002.79
998.97
999.93
992.06
37041.90
1057.86
1010.89
1016.86
1523.02
977.04
971.08
980.14
17090.08
1008.03
993.97
978.95
952.01
970.13
957.01
911.95
25095.94
1017.81
987.77
993.01
1025.92
1011.85
1006.84
25036.81
1040.94
993.01
981.09
986.10
986.10
971.08
968.93
965.12
33082.01
1007.80
1006.84
1005.89
958.92
960.11
957.97
958.92
33071.04
984.91
978.95
980.14
987.05
982.05
972.99
972.99
25119.07
1013.99
999.93
992.06
1002.07
1003.03
1001.83
25030.85
1064.06
1011.13
1012.09
998.02
1007.08
1012.09
1014.95
29037.95
1017.09
964.16
960.11
957.97
993.97
996.11
994.92
33015.97
1028.06
990.87
994.92
1048.09
973.22
964.88
959.87
32999.99
1047.13
972.99
982.05
976.80
974.89
976.09
969.17
968.93
33038.14
972.03
963.93
965.12
972.99
968.93
977.04
967.03
25084.97
1006.13
992.06
985.15
996.11
997.07
1002.07
989.91
25089.03
994.92
984.91
977.04
990.87
981.81
987.05
996.11
33072.95
980.85
972.99
975.13
982.05
972.99
975.85
969.89
29093.98
990.15
981.09
978.95
995.87
984.19
983.00
986.10
33064.13
969.17
962.97
960.11
979.19
976.09
988.01
972.03
25061.13
979.19
962.02
954.15
977.04
954.15
949.14
952.96
25048.02
977.99
967.98
960.11
962.97
1002.07
1003.98
995.16
1008.03
997.07
998.02
1004.93
25055.17
988.01
970.84
959.87
959.16
957.01
957.97
961.07
952.96
953.91
960.83
975.85
24999.86
1066.92
1011.85
1007.80
1001.12
959.87
958.92
950.10
958.92
958.92
959.87
948.19
946.04
25067.09
972.03
965.12
957.97
972.99
959.16
957.97
960.83
950.81
994.92
988.96
1001.12
33092.02
1011.13
997.07
1039.98
993.01
971.08
971.08
961.07
25059.94
987.05
963.93
962.02
967.98
952.01
953.91
965.12
33071.99
1010.89
995.16
992.06
983.00
964.16
962.02
961.07
33038.14
977.04
969.17
972.03
986.10
977.04
984.91
981.09
33047.91
1035.93
999.93
997.07
986.81
996.83
979.90
1001.83
25058.03
1030.92
998.97
1004.93
983.00
982.05
986.10
995.16
25099.04
1024.01
1015.19
1013.99
984.91
962.97
990.87
967.03
21083.12
983.00
974.18
977.99
973.94
957.97
978.95
960.11
954.15
957.01
957.97
952.01
25002.96
1019.95
980.14
969.89
968.93
981.81
983.00
994.92
998.02
988.96
988.01
988.01
25015.12
1037.84
1004.93
998.02
993.97
993.01
991.11
989.91
984.91
1001.12
1004.93
997.07
25039.91
1039.98
997.07
983.00
972.03
986.10
989.91
984.19
25028.94
1021.86
979.90
977.99
965.12
1004.93
1006.84
1007.08
25055.89
1013.99
967.03
967.03
952.01
999.93
996.83
1001.12
33026.93
1034.98
990.15
988.96
989.91
998.02
987.05
1008.99
33117.06
1034.98
998.97
995.87
984.19
1009.94
885.01
943.90
33015.01
1038.07
1009.94
990.87
1002.07
988.01
1000.88
986.81
25014.88
1050.00
1012.09
1015.90
1021.86
1019.00
1013.99
1020.19
25099.99
1034.02
1021.86
1013.99
1029.01
1021.86
1012.80
1024.96
33078.19
1000.88
2263.07
988.01
980.14
988.01
976.09
1009.23
1007.08
1004.93
25037.05
1076.94
1027.11
1021.15
1024.96
1022.82
1017.09
1021.86
1015.90
1016.14
1011.13
1011.13
25049.92
1020.91
983.00
982.05
967.98
1018.05
1036.88
1012.80
1023.77
1018.05
1024.01
1025.20
21110.06
985.15
962.97
957.01
962.02
979.90
978.95
968.22
25057.08
968.93
957.01
957.97
961.78
957.01
955.10
957.01
24997.00
1043.80
998.02
1003.03
1002.07
1003.98
998.97
996.11
33036.95
1050.00
1013.04
1017.81
1008.03
1009.94
1010.89
1008.03
33097.03
1022.10
1016.14
1009.94
1016.86
1010.89
1011.13
1009.94
33100.84
1014.95
1009.23
1004.93
1012.09
1010.18
1003.98
1006.13
25102.85
1014.95
1006.13
1011.13
1006.13
1007.08
1003.03
25031.09
1062.15
1009.94
987.05
998.97
1006.13
1008.03
1008.99
25053.02
1095.06
1044.03
1038.07
1016.14
961.07
963.93
962.97
972.03
959.16
956.06
957.97
24982.93
1040.22
992.06
983.00
991.11
985.15
981.09
981.09
976.09
966.07
977.04
977.04
25014.88
1068.83
1020.91
1009.94
997.07
975.13
972.99
968.93
971.08
969.17
964.88
965.83
965.83
25054.93
977.99
964.88
965.83
970.84
962.97
963.93
954.87
17071.01
982.05
967.03
957.97
970.13
960.11
956.06
956.06
25062.08
977.99
963.93
961.07
979.90
957.01
957.97
958.92
33017.87
998.97
968.22
963.93
969.89
961.07
957.97
956.06
33003.09
1021.15
963.93
961.78
967.03
965.12
964.88
963.93
32999.04
1025.92
966.07
965.12
961.07
978.23
982.05
980.85
979.90
25045.16
977.99
970.13
967.98
974.89
971.08
970.84
972.03
25066.85
983.00
977.04
972.99
980.85
968.93
970.13
972.99
33075.81
1010.89
989.91
986.10
994.21
974.89
976.80
977.04
33137.08
1019.00
1009.94
1000.17
999.93
1000.88
986.81
989.91
33103.23
1019.95
1001.12
1013.04
1012.80
1005.89
1004.93
41030.17
1009.94
964.88
965.83
1039.98
1034.02
1029.01
1030.92
25046.83
1054.05
1008.03
1002.79
1025.92
1035.93
1032.11
1034.02
33094.17
1039.98
1017.09
1016.14
1021.15
1013.99
1013.99
1013.99
33082.96
984.91
964.88
964.16
970.13
962.02
960.11
962.02
33061.03
981.81
963.93
959.87
971.08
962.02
963.21
966.07
21013.02
1014.23
973.94
979.90
959.16
957.97
958.92
960.11
28995.99
1036.88
993.97
986.10
979.90
984.91
982.05
975.85
37004.95
1022.10
971.08
966.07
953.20
1012.09
1003.98
1017.09
33055.07
1064.06
1016.14
1008.03
1005.89
1008.99
997.07
1000.88
37045.96
1038.79
1008.99
999.93
993.01
966.07
952.01
957.01
25004.86
1020.91
974.89
969.17
963.93
973.94
977.99
979.90
25022.98
1027.11
983.00
975.85
961.07
987.05
988.96
986.10
21023.04
1058.10
1017.09
1006.13
1010.89
1044.03
1038.07
1042.13
33056.97
1026.15
989.91
989.91
988.01
998.97
999.21
998.02
33066.99
1035.21
1018.05
1003.03
1011.13
998.02
998.97
996.11
33093.93
1008.03
994.92
996.83
1003.98
978.95
984.91
991.82
25077.82
991.11
980.14
983.00
992.06
973.94
972.03
965.12
25085.93
983.00
970.13
962.97
954.15
977.99
982.05
983.00
33088.92
983.95
962.97
970.84
975.85
967.03
959.87
962.97
33012.15
1017.09
970.13
962.97
967.98
967.98
967.98
967.03
37003.99
999.93
967.03
964.88
964.88
954.15
957.97
959.87
24979.83
1007.08
962.97
964.16
957.01
962.97
957.97
954.15
953.91
33087.97
1020.91
1017.09
1007.08
1017.09
1005.17
1009.94
1007.80
33092.98
1033.07
1013.04
1003.98
994.92
995.87
992.06
33022.88
1058.10
1018.05
1008.99
1005.17
1012.09
1003.03
1010.18
33026.93
1039.98
1006.13
1008.03
1008.03
1004.93
997.07
999.21
25022.03
1044.99
1000.88
1000.88
998.02
997.78
985.86
979.90
25025.84
1013.04
978.95
969.89
970.13
970.13
960.11
965.12
956.06
962.02
970.13
962.97
25000.81
1061.92
1017.09
1008.03
999.93
964.16
967.03
967.98
976.80
972.03
972.99
975.13
25004.15
1038.07
993.97
984.91
988.01
984.91
979.90
979.90
987.05
987.05
993.97
992.06
993.01
25094.99
1020.91
1011.85
1013.04
977.04
982.05
981.09
981.09
978.95
976.80
972.99
975.13
25133.13
1049.04
1044.99
1048.80
1039.98
1038.07
1039.98
25072.81
1082.90
1049.04
1040.94
1044.03
1037.84
1036.88
1036.88
29080.87
976.09
962.02
962.02
971.08
963.93
967.98
965.12
33061.98
977.99
966.07
966.07
972.03
964.88
972.99
965.83
33071.99
992.06
974.18
969.89
985.86
968.93
966.07
967.98
33018.11
1028.06
992.06
993.01
998.02
989.91
993.01
987.05
25022.98
1014.95
977.04
979.19
978.95
960.83
962.97
962.02
21006.82
1033.07
1002.07
993.01
983.00
1003.98
1013.99
1003.98
1008.03
997.07
995.16
993.01
25032.04
1031.88
988.01
983.00
998.02
986.81
982.05
977.04
972.03
966.79
961.07
958.92
24997.95
1059.06
1024.01
999.93
993.01
998.97
993.97
998.97
991.11
993.01
990.87
980.85
25024.89
1036.88
1023.05
1014.95
1016.14
1007.08
1018.05
1009.94
25089.03
995.16
968.93
967.98
977.04
1024.96
1016.86
1032.11
25115.97
1004.93
984.91
983.95
984.91
983.95
980.14
978.95
33085.82
1039.98
1016.14
1009.94
1015.90
976.09
981.81
978.95
33083.92
1008.03
983.95
977.99
988.01
975.13
968.93
963.93
33073.19
985.86
971.08
963.93
974.89
963.21
967.98
959.16
25054.93
998.97
976.09
976.09
972.99
959.87
962.02
972.03
25024.18
1039.98
990.87
988.01
987.05
968.93
973.94
966.07
29015.78
1018.05
975.85
978.95
966.07
1005.89
1003.03
994.92
33020.02
1020.91
978.23
967.98
965.12
961.07
951.05
953.20
32991.89
1035.93
984.91
980.14
993.01
984.19
991.11
984.91
21025.90
1075.98
1014.95
1008.99
1004.93
1008.99
1019.00
1024.01
33061.98
1075.98
1044.03
1042.13
998.02
977.04
975.85
971.79
25075.91
1046.18
1019.95
1029.97
1025.92
1021.86
1018.05
1025.92
33118.96
1044.03
1031.88
1041.17
1023.05
1031.16
1029.97
33056.97
1052.14
1009.94
1000.88
983.00
962.97
970.13
967.98
33002.85
1044.03
997.07
997.07
995.16
988.96
985.15
993.97
25027.04
1055.00
1026.87
1005.89
1000.17
1000.88
999.93
1006.13
25058.98
1060.01
1010.89
1008.03
1018.05
993.97
1005.89
996.83
1013.04
1003.03
1005.17
993.97
25088.07
1023.77
1009.94
1005.89
1017.09
1006.13
1007.08
1003.98
984.91
978.95
981.09
981.09
33087.02
997.07
972.99
968.93
972.99
963.93
961.07
954.87
959.87
977.99
975.85
971.08
25029.90
1024.96
983.00
969.17
967.03
988.01
983.00
987.05
988.01
978.95
969.17
969.89
25018.93
1022.10
977.04
972.99
967.98
962.97
967.03
950.10
24991.04
1064.06
1016.86
1013.04
994.92
952.01
954.15
964.16
32978.06
1025.92
983.00
981.09
971.08
971.08
969.17
962.97
961.07
33078.19
985.15
983.00
974.18
978.95
974.89
965.12
966.07
33082.01
993.01
984.91
978.95
997.07
1015.19
1003.03
1016.14
25089.98
988.01
987.05
988.01
996.11
981.09
983.95
983.00
25104.05
1014.95
1010.89
1000.88
1023.05
1019.95
1014.95
33050.06
1052.14
1027.11
1018.05
1023.05
1013.04
1013.99
1008.03
986.10
998.02
991.11
998.97
25034.90
1009.94
969.17
961.07
956.06
1029.01
1024.96
1034.98
1040.94
1044.99
1041.89
1039.03
25118.11
996.11
978.95
982.05
977.99
964.16
961.07
953.91
962.02
1007.08
993.01
998.02
25043.01
1046.90
1023.05
1007.08
1012.09
1013.99
1016.14
1013.99
17109.87
1030.92
1019.95
1008.99
1013.04
1003.03
1008.03
1005.89
25103.09
1022.10
1001.12
1008.03
991.11
987.05
984.91
976.09
33071.04
983.95
982.05
978.95
998.02
1002.07
996.83
998.02
33083.92
1019.00
1003.98
1008.99
1004.93
1007.08
1002.07
33045.05
1068.12
1029.97
1010.89
1008.03
1001.83
1018.05
1003.98
25040.15
1044.99
1013.99
1008.03
1008.99
1003.98
999.93
1005.89
25080.92
1024.01
1011.85
998.97
1011.13
1002.07
998.97
1001.83
25094.03
975.13
962.97
955.82
964.88
963.93
959.16
952.96
33008.10
1000.17
962.97
965.83
947.95
993.01
993.01
994.92
33022.17
1050.00
1020.91
1011.13
1007.08
1003.98
1003.03
993.01
33056.02
996.83
973.94
976.09
972.99
969.89
963.93
966.07
25005.10
1002.07
967.98
962.97
967.98
964.88
962.02
960.11
32998.09
1024.96
974.89
965.83
968.93
965.12
963.93
967.03
962.97
33072.95
1000.17
993.01
1001.12
1004.93
1000.88
1003.98
29047.97
1039.03
993.01
986.10
997.07
990.15
981.09
992.06
33010.96
1014.95
967.98
963.93
966.07
983.95
982.05
986.10
977.99
25050.88
973.94
960.11
957.97
968.22
961.07
958.92
959.87
29091.84
994.92
983.95
983.00
983.00
967.98
968.93
972.99
33077.00
986.10
974.89
974.89
974.89
966.79
958.92
962.02
33082.01
1018.05
1006.13
999.93
996.83
992.06
988.96
977.99
29071.81
992.06
965.12
969.89
985.86
964.88
964.88
962.02
25069.95
1008.03
990.15
983.95
983.00
962.97
975.13
977.04
25095.22
1024.01
987.05
990.15
1001.12
994.92
993.01
986.10
33085.11
988.01
967.98
967.03
987.05
1001.12
1000.17
988.96
33095.12
1023.05
1013.04
1005.89
1016.86
1005.89
1008.03
1010.89
33117.06
1022.82
1014.95
1019.00
1013.99
1011.13
1014.95
33041.00
1024.96
978.95
971.08
976.09
971.08
972.99
967.03
967.98
25040.86
974.89
968.93
968.93
993.97
968.93
966.07
963.93
29083.97
986.10
972.03
968.93
969.17
960.11
963.93
962.02
41086.91
1029.01
1013.99
1015.19
1017.09
1013.99
1011.13
1012.09
33107.04
1013.04
1006.84
998.97
948.91
962.97
963.93
973.94
25105.00
1021.86
1005.89
1003.98
951.05
962.97
968.93
972.99
25087.83
1011.85
994.92
997.07
980.85
991.82
999.93
1008.99
998.02
995.87
1003.98
25022.03
1046.90
1003.03
1003.03
13021.95
1004.93
959.16
960.11
965.12
957.97
960.11
955.10
954.87
977.99
996.11
988.96
993.01
25075.91
973.94
961.07
951.05
958.92
990.15
986.10
982.05
988.01
985.15
982.05
982.05
25079.01
995.87
983.00
988.96
996.83
996.83
994.92
992.06
985.15
990.15
979.90
993.97
41105.99
990.87
980.85
977.99
971.08
1004.93
1005.89
1002.07
25105.95
988.96
979.90
977.99
983.95
972.99
969.89
967.98
33066.99
1001.83
980.85
973.94
976.09
974.18
972.99
971.08
33086.06
985.86
972.03
968.93
957.97
999.93
1012.80
1018.05
33127.07
1023.05
1013.99
1010.89
988.01
1004.93
995.16
1015.90
17071.96
969.17
958.92
957.01
8974.08
998.97
984.91
976.09
982.05
964.16
961.07
954.15
29055.12
978.95
957.97
961.07
972.03
992.06
995.87
987.05
1001.12
985.15
986.10
984.91
25039.91
993.97
983.00
986.81
13075.83
997.07
988.96
979.19
987.05
976.09
976.09
967.03
960.83
965.12
972.03
962.02
25008.92
1009.94
965.83
954.87
951.05
970.84
981.81
980.85
986.81
985.86
980.85
977.99
25004.15
1034.98
989.91
983.00
979.90
977.99
976.80
975.85
16999.96
1029.01
995.87
998.02
999.93
993.97
999.93
990.87
25034.90
1066.92
1017.09
1010.18
1019.00
1003.98
1005.89
1003.03
25047.06
1017.09
978.95
973.94
969.17
1011.13
1010.89
1008.99
37049.06
1046.90
1019.00
1016.86
1019.95
1019.00
1013.99
1011.13
33106.09
1029.97
1008.99
1008.99
997.07
956.77
958.92
954.87
25041.82
978.95
960.11
955.10
957.01
978.95
967.98
965.12
25007.96
1015.90
972.03
961.07
947.00
956.06
952.01
947.95
24980.78
1055.96
1018.05
1010.89
994.92
986.10
988.96
985.86
983.95
979.19
981.09
981.09
25014.88
1053.09
997.07
998.97
1004.93
996.11
996.11
988.96
985.86
979.90
979.19
968.93
29012.92
1033.07
992.06
980.85
989.91
981.09
985.15
987.05
974.18
971.08
977.99
975.13
976.09
25093.08
1015.90
996.11
988.01
953.20
961.07
955.10
962.02
17103.20
1014.95
1008.99
1022.10
966.07
965.12
966.07
961.07
25061.13
967.98
963.93
964.16
951.05
977.99
978.95
981.09
41116.95
1013.04
1002.07
998.97
996.83
999.21
989.91
990.87
33099.89
1020.91
1008.03
1010.89
1011.85
1010.89
1008.03
33039.81
1071.93
1029.97
1013.04
1001.12
1012.09
1007.08
1013.99
25056.84
1048.09
1004.93
998.97
976.09
1013.99
1012.80
1014.95
25082.11
1005.17
976.09
972.03
967.03
997.07
990.87
989.91
990.15
974.89
979.90
969.17
25018.93
1029.97
985.86
974.89
976.09
972.99
977.04
965.83
957.01
968.93
965.83
969.89
25010.82
1062.87
1023.05
1009.94
1006.13
976.09
972.03
971.08
982.05
976.80
967.98
970.13
28998.14
1038.07
995.16
973.94
967.98
971.08
979.90
970.84
974.89
983.00
970.84
964.88
961.07
29082.78
990.87
980.85
974.89
996.83
1004.93
1012.09
1019.00
25077.82
995.87
1004.93
990.87
983.00
980.85
976.80
977.99
21091.22
1019.95
1009.94
1008.99
1004.93
996.11
997.07
33021.21
1024.01
974.89
974.18
967.98
1027.11
1012.09
1009.23
29057.98
1048.80
1013.04
1009.94
1002.07
977.99
985.86
979.90
33011.91
1048.09
994.21
983.00
981.09
998.02
990.87
992.06
25043.01
1022.10
991.11
977.04
967.03
994.92
1003.03
998.97
29036.05
1043.08
1019.00
1013.04
1013.99
1009.23
1009.94
1009.94
996.11
1013.99
1014.95
1008.03
25078.06
1004.93
968.93
968.93
962.02
1009.23
1015.90
1017.81
1025.92
1025.92
1014.95
1021.15
25103.09
988.01
983.00
973.94
980.85
971.79
977.04
972.03
971.08
995.16
994.92
982.05
33082.01
1017.09
1008.03
998.97
998.97
966.79
968.93
964.88
981.09
966.07
964.16
962.97
25003.91
1007.08
964.16
965.12
962.02
959.16
966.07
960.11
25002.96
1029.01
982.05
972.99
986.81
971.08
964.88
964.88
32997.85
1039.98
984.19
983.95
980.85
977.99
977.99
975.13
33008.10
1034.02
972.99
962.02
971.08
982.05
983.00
983.00
986.10
29070.85
975.85
962.02
967.03
982.05
970.84
961.78
964.88
25063.04
988.01
985.15
978.95
990.87
977.99
983.00
982.05
25079.01
988.01
986.10
982.05
981.09
980.14
972.03
976.09
25106.19
1005.17
994.92
993.01
1003.98
991.11
989.20
987.05
947.95
979.19
980.14
984.91
25117.16
1021.15
1008.99
1001.12
1009.94
983.00
983.00
980.85
990.87
985.15
981.09
984.91
25099.04
1019.95
1014.95
1017.09
1013.99
1003.98
1010.18
1003.98
1003.03
998.02
998.02
25022.98
1055.00
1001.12
996.11
996.11
1018.05
1022.10
1003.98
25044.92
1045.94
1008.99
997.07
1001.83
1022.82
1024.96
1013.04
25057.79
1049.04
1004.93
999.93
1004.93
1018.05
1009.94
1014.95
25097.13
1021.15
1000.88
1003.98
1008.99
1003.03
1003.98
1001.12
33105.13
1013.04
997.07
993.97
963.93
993.01
983.95
984.19
33087.02
1010.18
983.95
985.86
993.97
983.00
981.09
976.09
29083.01
1023.05
1003.03
1003.03
1000.88
994.21
998.97
993.97
25083.07
995.87
988.96
977.04
978.95
972.99
978.95
968.93
25122.88
1040.22
1029.97
9042.02
1004.93
967.98
962.97
959.16
970.13
961.07
955.10
958.92
33069.85
1003.98
982.05
983.95
992.06
983.00
983.95
990.15
33123.02
1027.11
1013.99
1004.93
1023.05
1014.95
1011.85
21039.01
1061.20
1019.95
1007.08
997.07
965.12
964.16
962.02
24981.98
1065.02
1012.09
1001.12
1003.03
964.16
962.97
963.93
961.07
33089.16
1018.05
1015.19
1024.01
964.16
958.92
958.92
961.07
33030.99
969.89
962.02
973.94
972.99
966.07
971.08
976.09
33085.11
989.91
977.99
987.05
991.11
985.15
992.06
982.05
25094.99
1003.03
1000.17
994.92
1008.03
992.06
1002.07
991.11
25082.11
1008.03
1011.13
1003.03
997.07
985.15
988.96
40998.94
1030.92
976.09
964.16
963.93
970.84
968.93
967.98
963.93
33068.18
980.14
969.89
964.88
983.00
965.83
960.83
962.97
33065.08
978.95
967.03
962.97
979.90
997.07
988.01
990.87
29063.94
990.87
983.00
977.99
988.01
1018.05
1019.00
1002.07
29093.03
1014.95
998.02
984.91
1001.12
983.00
988.96
978.95
25119.07
1015.90
1008.03
1008.03
965.12
971.08
968.93
973.94
33085.11
980.14
971.08
967.98
972.99
974.89
970.84
963.93
33092.02
1008.99
1003.98
998.02
1002.07
1002.07
991.11
993.01
33056.97
961.07
966.07
962.02
977.04
969.17
966.07
966.07
25069.00
996.83
974.89
981.81
1000.88
988.96
985.15
997.07
33116.10
1025.92
1010.89
1007.08
1010.18
1005.89
1005.89
1004.93
25120.02
1020.91
1010.18
1012.09
1009.94
1003.98
1003.98
33036.23
1059.06
1006.13
1004.93
1014.95
1008.99
1010.89
999.21
33049.11
1019.00
977.99
972.03
956.06
972.03
962.97
958.92
32991.89
1044.03
989.91
1001.12
996.11
990.15
988.01
994.92
25016.07
1038.07
1011.13
1003.03
998.02
998.02
993.01
994.92
988.01
1001.12
1003.98
1002.79
25038.96
