1194.95
1201.15
1198.05
1184.94
1175.88
1137.02
1132.97
1128.20
1137.02
1126.05
1130.10
17208.10
1229.05
1197.81
1219.99
1211.17
1204.01
1198.05
1158.00
1158.95
1166.11
1142.02
1168.01
1152.99
25152.92
1199.96
1133.92
1136.06
1141.07
1133.20
1126.05
1125.10
1127.96
1127.00
1117.94
1114.85
1111.98
1117.94
1117.94
17240.05
1142.98
1127.96
1124.14
1121.04
1122.00
1119.85
1122.00
1122.00
1122.00
1127.00
1113.89
1133.92
1119.85
13298.99
1194.95
1189.95
1161.10
1165.15
1157.05
1181.13
1183.03
1175.17
1174.93
1183.03
1188.04
1176.12
17246.96
1210.93
1188.04
1174.21
1165.87
1158.95
1160.14
1176.12
1162.05
1173.97
1178.03
1176.12
1177.07
1168.97
17298.94
1194.00
1181.84
1189.95
1208.07
1206.16
1188.04
1188.99
1193.05
1188.99
1180.89
1174.21
1178.03
17225.03
1192.81
1170.87
1188.04
1176.12
1178.03
1173.97
1188.04
1177.07
1184.94
9303.09
1247.17
1209.02
1218.08
1210.21
1196.86
1194.95
17282.01
1188.99
1167.06
1179.93
1170.87
1164.20
1168.01
1166.11
1182.08
1177.07
1178.03
1176.83
1167.06
17241.95
1207.11
1167.06
1181.84
2420.90
1161.81
1158.00
1173.97
1176.83
1175.88
1173.02
1168.97
1169.20
17252.92
1138.93
1123.91
1133.20
1127.96
1126.05
1132.97
1142.98
1154.18
1241.92
1168.97
1148.94
1142.02
17166.14
1235.01
1170.87
1168.01
1164.91
1168.97
1158.95
1168.97
1140.12
1135.11
1137.02
1165.87
1148.94
1147.99
17200.95
1174.21
1146.08
1150.13
1146.08
1111.98
1125.10
1125.10
1158.00
1158.95
1152.04
1161.81
1148.94
1154.18
17209.05
1147.03
1122.00
1116.99
1128.91
1133.92
1129.87
1135.11
1142.98
1158.00
1158.95
1180.17
1149.89
1169.92
21210.91
1162.05
1132.01
1127.00
1143.93
1154.90
1150.85
1165.87
1158.95
1153.95
25216.82
1207.11
1178.03
1178.03
1192.09
1173.97
1170.16
1183.99
1168.97
1163.96
25201.08
1173.97
1150.13
1154.90
1163.01
1163.01
1151.80
1158.00
1142.98
1147.99
1148.94
25272.13
1190.19
1171.11
1178.03
1173.97
1173.97
1173.02
1098.87
1112.22
1116.99
29193.16
1193.05
1171.11
1175.88
1163.96
1159.19
1152.99
1165.15
1189.95
1190.90
1202.82
1196.86
1191.85
1189.95
17267.94
1180.89
1161.81
1173.02
1183.03
1183.99
1194.00
1186.13
1180.89
1179.93
1167.06
1188.99
1188.99
1202.11
1187.09
1195.91
1194.95
1193.05
1185.89
1191.14
17262.94
1148.94
1130.10
1130.10
1126.05
1135.11
1137.97
1186.13
1203.06
1198.05
1209.02
1192.09
1198.05
25259.97
1165.15
1127.96
1123.19
1168.01
1233.10
1229.05
1235.01
1230.96
1227.14
1235.01
1229.05
1227.14
1224.99
17276.05
1165.87
1164.91
1194.00
1168.01
1156.09
1158.00
1169.20
1167.06
1161.10
13269.90
1151.08
1151.08
1133.92
1116.99
1116.04
1113.89
1134.16
1114.13
1115.08
25168.90
1147.99
1140.12
1131.06
1146.08
1135.11
1134.16
1072.88
1168.01
1168.01
1158.95
25294.07
1168.01
1163.01
1164.91
1152.99
1142.02
1133.92
1132.01
1123.91
1115.80
25182.01
1207.11
1163.01
1168.97
1158.00
1158.00
1178.98
1173.97
1147.03
1147.03
25208.00
1183.03
1144.17
1132.01
1111.98
1133.92
1142.98
1144.89
1141.79
1147.03
1148.94
17287.02
1172.07
1157.05
1168.97
1159.91
1150.13
1152.99
1157.05
1176.83
1190.90
1175.17
1175.88
1169.92
17234.80
1206.87
1180.89
1168.97
1153.95
1139.88
1137.97
1138.93
1127.96
1132.01
1133.92
1152.99
1156.81
1154.90
1158.00
1153.95
1159.91
1157.05
1161.10
1156.09
1147.03
1137.02
1111.03
1117.94
1114.85
1127.00
1121.04
1117.94
1129.87
1122.95
1124.14
1127.96
1128.91
1115.08
1123.19
1126.05
1127.00
1119.85
1122.00
1141.07
1125.10
1135.11
1129.15
1149.89
1164.91
1178.98
1186.85
1177.07
1170.87
1177.07
1160.86
1178.03
1168.01
1110.08
1123.91
1132.01
1133.92
1128.91
1131.06
1131.77
1155.85
1143.93
1139.88
1133.20
1108.88
1127.96
1125.10
1128.20
1133.92
1138.93
1140.12
1143.93
1133.92
1143.93
1193.05
1224.99
1230.00
1315.12
1198.05
1198.05
1211.17
1193.05
1197.10
1199.01
1171.83
1152.04
1146.08
5191.09
1169.92
1158.95
5194.19
1203.06
1182.08
1183.99
5285.98
1188.99
1175.17
5188.94
1193.05
1181.84
5218.03
1142.02
1122.00
1109.84
5198.96
1163.96
1160.86
5195.86
1217.84
1196.86
1199.96
5242.11
1163.96
1165.87
5217.79
1162.05
1137.02
5171.06
1151.08
1135.83
1137.97
17236.95
1170.87
1172.07
1176.83
1171.83
1170.87
1173.02
1163.96
1152.99
1151.08
1158.00
1149.18
1153.95
1154.18
25249.00
1178.03
1175.88
1182.08
1171.11
1173.02
1175.88
1171.11
1178.03
1170.16
17266.99
1173.97
1167.06
13235.09
1201.15
1183.99
1192.09
1123.19
1130.10
1128.91
1133.92
1128.20
1132.97
25182.96
1152.04
1120.81
1114.85
1129.87
1119.85
1113.18
1123.91
1111.98
1119.14
1122.95
25188.92
1156.81
1133.92
1139.16
1127.96
1137.02
1128.91
1136.06
1134.87
1136.06
25168.90
1224.04
1178.03
1166.11
1192.09
1158.95
1160.86
1163.01
1154.90
1159.91
1155.14
1162.05
1157.05
1156.09
17227.17
1194.00
1157.05
1150.85
1142.98
1135.11
1133.92
1131.77
1149.89
1152.99
1166.11
1159.91
1156.81
1152.99
17246.96
1146.08
1143.93
1153.95
1152.99
1163.01
1173.97
1199.01
1191.85
1205.92
1206.16
1213.07
1214.98
17273.90
1179.22
1144.89
1133.92
1141.07
1173.97
1194.95
1207.11
1206.16
1204.97
1239.06
1240.02
1259.09
1275.06
17285.11
1183.99
1180.17
1181.13
1170.87
1172.07
1168.01
1183.03
1190.90
1216.17
1224.04
1235.96
1266.00
17287.02
1123.19
1117.94
1127.96
1125.10
1122.95
1125.81
1142.98
1131.06
1124.14
1122.95
1152.99
1143.93
1138.93
17252.21
1221.90
1204.97
1182.08
1115.08
1111.03
1116.04
1121.04
1111.98
1121.04
1123.19
1113.89
1120.81
1123.91
17251.97
1167.06
1152.99
1155.85
1150.85
1149.89
1150.85
1160.14
1151.08
1148.94
25218.01
1193.05
1160.14
1160.14
1163.96
1150.85
1159.91
1139.16
1158.95
1154.90
21211.15
1245.02
1209.02
1205.92
1210.93
1204.97
1205.92
1184.94
1153.95
1168.97
25239.94
1253.84
1230.00
1233.10
1173.97
1172.78
1172.07
1172.07
1173.97
1171.83
25228.02
1181.13
1158.00
1146.08
1149.18
1151.08
1132.97
1143.93
1133.20
1134.87
1129.87
25228.98
1131.06
1120.81
1127.96
1129.15
1127.00
1132.01
1139.88
1128.91
1127.96
25193.93
1203.78
1163.96
1169.20
1187.09
1178.03
1175.17
1167.06
1142.02
1145.12
17178.06
1183.99
1125.81
1117.94
1115.08
1143.22
1142.98
1152.99
1148.94
1153.95
1148.94
1169.92
1158.24
1160.86
17207.86
1152.04
1122.95
1118.90
1124.14
1114.13
1116.99
1114.13
1163.01
1176.83
1183.99
1190.90
1184.94
1184.94
17234.09
1161.10
1136.06
1128.20
1132.01
1125.10
1123.19
1126.05
1121.04
1116.99
1111.98
1132.97
1129.87
1126.05
17181.87
1214.98
1188.04
1188.04
1137.02
1122.95
1125.10
1122.95
1119.14
1111.98
1118.90
1126.05
1117.94
1116.99
17169.95
1174.93
1158.95
1156.09
1161.10
1150.13
1152.04
1157.05
1149.89
1152.99
1154.90
1161.81
1165.87
1157.05
13235.09
1164.91
1133.92
1142.98
1139.88
1135.83
1129.87
1137.97
1123.91
1127.96
1125.10
25220.16
1142.98
1130.10
1132.97
1128.91
1138.93
1146.08
1138.93
1134.87
1140.83
25197.03
1214.03
1192.09
1194.95
1188.99
1183.99
1185.18
1191.14
1191.85
1183.03
17253.88
1274.82
1242.88
1221.90
1128.91
1142.98
1142.98
1151.08
1142.02
1152.99
1148.94
1147.03
1152.04
1158.00
17295.12
1219.03
1219.99
1188.04
1116.04
1122.95
1121.04
1128.91
1118.90
1132.01
1137.02
1128.91
1132.97
1142.02
1132.01
1143.93
1145.12
1137.97
1144.89
1143.22
1146.08
1149.89
1144.89
1149.89
1161.81
1152.04
1151.08
1151.08
1123.91
1163.01
1166.11
1189.95
1186.85
1195.91
1216.17
1207.11
1214.98
1230.00
1128.91
1132.01
1128.91
1132.01
1122.95
1121.04
1123.91
1121.04
1116.04
1110.79
1116.99
1183.99
1183.99
1191.14
1187.09
1183.99
1183.99
1165.87
1129.15
1131.06
1142.02
1153.95
1160.86
1180.89
1197.10
1194.00
1188.99
1193.05
1117.94
1122.00
1126.05
1136.06
1134.16
1131.06
1140.12
1132.01
1128.20
1135.11
1201.87
1203.06
1193.05
1201.87
1196.86
1194.95
1194.00
1194.00
1194.00
1196.15
1142.98
1146.08
1158.00
1176.83
1191.14
1199.96
1193.05
1214.98
1208.07
1218.08
17277.96
1128.91
1114.85
1125.81
1183.03
1183.03
1165.15
1170.87
1153.95
1146.08
1137.02
1132.97
1127.96
1133.92
1158.00
1168.01
1173.97
17230.03
1212.84
1205.92
1223.09
1234.05
1235.96
1259.80
1286.98
1275.06
1272.92
13340.00
1250.98
1241.92
1258.13
1240.02
1246.93
1245.98
1247.88
1245.02
17292.02
1181.13
1145.12
1136.06
1147.03
1132.01
1130.82
1137.02
1129.87
1128.91
1132.01
1116.04
1178.98
1197.81
17248.87
1163.01
1132.01
1139.88
1134.87
1132.97
1127.96
1141.07
1124.14
1127.96
1119.85
1117.94
1160.14
1177.07
25264.02
1193.05
1164.91
1161.81
1158.00
1153.95
1145.84
1172.07
1157.05
1147.99
25229.93
1180.89
1144.89
1144.89
1146.08
1147.99
1145.84
1156.81
1145.84
1138.93
1144.89
25278.09
1169.20
1157.05
1173.02
1154.18
1158.00
1163.01
1160.86
1163.01
1163.01
1159.19
1164.91
1178.03
17235.99
1184.94
1157.05
1152.99
1159.91
1157.05
1153.95
1160.14
1147.03
1147.99
1151.80
1155.85
1167.06
1178.98
17272.00
1173.97
1152.04
1158.00
1148.94
1147.99
1151.08
1152.04
1130.10
1147.03
1165.15
1179.93
1183.03
1185.89
1209.97
1219.03
1215.93
1204.01
1184.94
1193.05
1205.92
1204.01
1199.96
1202.11
1194.95
1205.92
1192.09
1167.06
1160.86
1183.03
1194.95
1187.09
1179.93
1183.99
1199.01
1183.03
1184.94
17241.95
1229.05
1231.91
1204.01
1154.90
1154.90
1154.90
1172.07
1180.89
1160.14
1173.02
1171.83
1166.82
1179.93
17226.93
1137.97
1142.02
1117.94
1173.97
1170.87
1175.88
1177.07
1173.97
1174.93
1189.95
1178.98
1173.02
17241.00
1221.18
1187.09
1197.10
1194.00
1194.00
1195.91
1192.09
1188.99
1183.99
1164.91
1108.88
1120.09
1113.18
17273.90
1182.08
1175.88
1188.04
1176.12
1179.93
1188.04
1181.13
1187.09
1188.04
1129.15
1126.05
1130.10
17193.08
1165.87
1154.90
1147.03
1164.20
1152.99
1151.08
1161.10
1154.18
1152.99
1152.99
1116.99
1121.04
1111.03
17179.01
1202.82
1184.94
1174.21
1209.97
1216.17
1209.97
1212.84
1209.02
1210.93
1214.03
1209.97
1207.11
17254.11
1187.09
1133.92
1136.06
1142.02
1142.02
1137.97
1131.06
1199.01
1194.95
1201.87
1208.07
1199.01
1167.06
17225.03
1186.13
1168.97
1168.97
1152.99
1155.85
1156.81
1169.92
1156.09
1161.10
1170.16
1185.89
1183.99
1187.09
17226.93
1123.91
1109.12
1117.94
1111.03
1118.90
1115.08
1124.86
1123.91
1122.00
1122.00
1147.03
1145.84
1152.99
17235.04
1152.99
1137.97
1132.97
1117.94
1130.10
1130.10
1147.99
1135.83
1132.97
1154.18
1142.98
1141.07
1145.12
13293.98
1191.85
1180.89
1185.89
1180.89
1177.07
1171.11
1149.18
1161.10
1171.11
25268.08
1168.01
1163.01
1145.12
1183.03
1178.98
1182.08
1194.95
1183.99
1179.93
25260.93
1154.90
1140.12
1139.16
1137.97
1133.20
1127.96
1141.79
1128.91
1127.96
25182.01
1162.77
1119.85
1118.90
1129.87
1125.81
1124.86
1137.97
1132.97
1123.91
1130.82
25218.96
1146.08
1142.98
1142.98
1144.17
1137.97
1134.87
1151.08
1146.08
1142.02
25204.90
1200.91
1170.16
1171.11
1183.99
1174.21
1173.97
1185.18
1187.09
1182.08
29227.97
1235.96
1186.13
1188.99
1194.00
1184.94
1194.00
1182.08
1178.03
1187.80
1184.94
1178.03
1170.87
1175.88
17248.15
1155.14
1147.03
1151.08
1152.04
1145.84
1154.90
1153.95
1146.08
1142.98
17218.11
1178.03
1144.89
1142.02
1155.14
1137.02
1129.87
1133.92
1135.11
1151.08
1143.93
1165.87
1156.81
1154.90
17197.85
1167.06
1152.99
1145.12
1142.98
1137.02
1132.97
1142.02
1129.87
1132.01
1132.97
1164.20
1172.07
1183.03
17297.98
1209.02
1194.00
1194.00
1194.95
1189.95
1190.90
1114.13
1122.00
1121.04
1124.86
1111.03
1118.90
1116.04
17314.91
1222.85
1225.95
1228.09
1224.99
1217.84
1224.99
1220.94
1219.99
1214.98
1159.91
1159.19
1162.05
17260.07
1157.05
1148.94
1146.08
1194.95
1198.05
1206.87
1203.78
1199.01
1188.99
1207.11
1193.05
1196.86
17256.98
1168.01
1142.98
1152.99
1161.10
1151.08
1149.18
1152.04
1150.13
1152.99
25187.97
1271.96
1223.09
1239.06
1240.97
1231.91
1231.91
1239.06
1231.19
1228.09
25285.01
1232.15
1210.93
1212.84
1205.92
1205.21
1209.97
1139.16
1120.09
1116.99
25179.15
1183.03
1160.14
1158.00
1160.86
1154.90
1161.10
1165.15
1158.00
1159.19
1157.05
29235.12
1142.98
1137.97
1128.91
1155.85
1166.82
1175.88
1163.96
1178.98
1173.97
1178.03
1164.91
1169.92
1170.16
1163.96
1183.03
1176.83
1194.00
1173.97
1184.94
1181.13
1182.08
1164.91
1170.87
1127.00
1129.87
1125.81
1139.88
1136.06
1128.91
1147.03
1132.97
1137.02
1137.97
1136.06
1152.04
1160.14
1158.95
1167.06
1157.05
1166.11
1171.11
1151.08
1167.06
1158.00
1164.91
1172.07
1181.13
1188.04
1187.09
1180.17
1201.87
1180.89
1185.89
1180.17
1183.03
1181.13
1188.99
1192.81
1188.04
1184.94
1188.04
1194.00
1187.09
1190.19
1163.96
1160.14
1167.06
1163.01
1169.92
1155.14
1166.11
1158.95
1151.80
1154.90
1161.81
1149.89
1150.85
1158.95
1158.00
1155.85
1154.90
1165.87
1157.05
1159.19
1158.00
1203.06
1201.87
17239.81
1236.92
1192.81
1194.95
1203.06
1195.19
1198.05
1199.01
1193.05
1196.15
1185.18
1204.01
1217.13
1214.03
17313.00
1204.01
1200.91
1190.90
1202.11
1195.19
1206.87
1194.95
1203.06
1197.10
1208.07
1198.05
1199.01
25270.94
1197.10
1182.08
1183.99
1183.03
1179.93
1186.85
1188.99
1178.98
1181.13
25258.06
1227.14
1197.10
1209.02
1196.15
1199.01
1194.00
1199.96
1202.11
1196.15
29274.94
1161.81
1155.85
1174.93
1166.11
1157.05
1172.07
1168.97
1164.91
1172.07
1173.02
1170.16
1169.92
1159.91
17246.01
1184.94
1165.15
1178.03
1160.14
1157.05
1183.99
1175.88
1175.88
1170.87
1185.89
1169.92
1177.07
13237.00
1236.92
1219.99
1212.12
1225.95
1216.17
1205.92
1221.90
1222.13
1213.07
21286.01
1160.86
1140.12
1137.97
1141.07
1137.97
1142.02
1206.87
1220.94
1225.95
1226.90
1225.95
1219.99
17277.00
1158.95
1133.92
1134.87
1137.97
1133.92
1128.91
1116.04
1147.99
1147.03
1146.08
1155.14
1142.98
1134.16
17198.09
1157.05
1121.04
1121.04
1134.16
1122.95
1121.04
1129.87
1127.96
1138.21
1132.01
25264.02
1160.14
1151.08
1169.92
1148.94
1152.04
1151.80
1158.00
1155.14
1152.99
25213.00
1168.97
1132.97
1134.87
1128.91
1131.06
1127.96
1132.01
1123.91
1116.99
1114.13
17308.95
1243.83
1242.88
1183.03
1153.95
1155.85
1170.87
1156.09
1159.19
1161.10
1168.01
1153.95
1159.91
17235.04
1270.06
1236.92
1242.16
1238.11
1234.05
1228.09
1126.05
1139.16
1135.11
1147.99
1136.78
1148.94
17173.05
1286.98
1243.11
1231.91
1244.07
1235.01
1236.92
1245.98
1242.16
1232.86
1199.01
1164.91
1176.83
17202.85
1195.91
1131.06
1133.92
1135.83
1123.91
1125.81
1124.86
1127.00
1137.02
1127.00
1137.97
1127.00
1135.11
1132.97
17208.81
1128.91
1116.99
1126.05
1121.04
1119.14
1116.04
1124.14
1121.04
1119.14
1122.95
1238.82
1242.88
9293.79
1154.90
1129.87
1124.86
1134.87
1132.01
1136.06
1142.02
1127.00
1137.97
1132.01
25255.20
1161.10
1152.99
1160.14
1147.03
1158.95
1163.01
1163.01
1158.00
1159.91
25226.12
1169.92
1141.07
1134.16
1147.99
1139.16
1142.02
1131.06
1146.08
1151.80
1153.95
25231.12
1134.16
1133.92
1113.89
1141.79
1158.00
1175.17
1158.00
1162.05
1163.01
25270.94
1192.81
1180.89
1181.84
1188.99
1188.04
1183.03
1191.14
1188.04
1183.03
25277.85
1190.90
1164.91
1175.17
1168.01
1162.05
1163.01
1169.92
1161.81
1158.00
25221.11
1167.06
1134.16
1141.07
1127.96
1127.00
1122.00
1127.96
1147.99
1151.80
1137.97
25233.98
1141.07
1132.01
1123.19
1171.11
1172.07
1173.02
1166.11
1173.97
1175.88
29292.82
1180.89
1180.89
1175.17
1168.01
1169.20
1164.91
1173.02
1172.07
1161.81
25266.89
1173.02
1168.01
1171.11
1172.07
1173.02
1181.84
1190.19
1173.02
1175.17
1163.96
1122.00
1131.06
1132.97
1196.15
1194.95
1188.04
17298.94
1152.99
1140.12
1145.84
1132.97
1135.11
1141.07
1146.08
1127.96
1131.06
1127.96
1179.93
1191.14
1183.99
17262.22
1145.12
1137.02
1147.99
1135.11
1137.97
1137.02
1143.93
1135.11
1137.97
1127.00
1138.93
1145.84
1143.93
17260.07
1151.80
1138.93
1152.99
1140.83
1135.83
1138.93
1132.01
1129.87
1132.01
1127.00
1119.14
1137.97
1142.02
17251.01
1160.14
1151.08
17261.98
1156.81
1141.79
1148.94
1143.22
1137.97
1143.22
1118.90
1145.84
1146.79
1162.05
1149.89
1149.89
1158.00
17311.10
1199.96
1189.95
1187.09
1183.99
1184.94
1188.04
1145.12
1152.99
1155.85
1161.81
1147.99
1147.99
17211.91
1235.96
1229.05
1221.18
1248.12
1230.96
1234.77
1214.98
1207.11
1210.93
1212.84
1213.07
1209.02
17272.95
1190.90
1144.89
1142.02
1150.85
1147.99
1146.08
1134.87
1201.87
1210.93
1223.09
1233.10
1219.03
1224.99
25296.93
1206.87
1187.80
1209.97
1194.00
1188.04
1202.82
1199.96
1194.00
1192.81
25305.03
1198.05
1187.09
1199.01
1194.95
1184.94
1192.09
1192.09
1184.94
1173.97
25261.16
1163.96
1149.89
1163.01
1153.95
1149.18
1166.11
1167.06
1179.93
1172.07
25263.07
1149.89
1137.02
1131.06
1151.08
1157.05
1152.99
1170.87
1147.99
1151.08
25201.08
1166.11
1142.02
1132.01
1147.03
1140.12
1136.06
1140.12
1134.87
1133.92
1134.87
1170.87
1201.15
1209.02
17270.09
1165.87
1137.02
1139.88
1163.01
1173.97
1163.96
1176.12
1171.11
1169.92
1170.16
1163.96
1168.01
1167.06
17249.11
1147.99
1139.88
1137.02
1139.88
1137.02
1129.87
1173.97
1178.98
1173.97
1184.94
1175.88
1176.83
17230.03
1182.08
1155.14
1152.99
1172.07
1153.23
1138.93
1149.89
1138.21
1131.06
1133.92
1165.15
1166.11
1168.01
1175.17
1173.02
1175.17
1177.07
1178.98
1178.98
1188.04
17287.02
1195.19
1184.94
5208.02
1147.99
1137.97
1135.83
5277.87
1233.82
1235.01
5296.95
1161.81
1152.04
1166.11
1157.05
1152.04
1155.14
1150.13
1154.90
1158.00
1163.01
1142.98
1143.93
1137.97
21299.12
1203.06
1193.05
1199.96
1199.01
1190.90
1191.14
1131.06
1135.11
1146.08
1147.99
1144.89
1153.95
17224.07
1222.13
1190.90
1204.01
1183.03
1192.09
1192.09
1198.05
1199.01
1201.87
25274.04
1241.92
1213.07
1230.00
1215.93
1227.14
1219.99
1180.89
1184.94
1189.95
25291.92
1212.12
1194.00
13264.18
1244.07
1224.99
1209.97
1183.99
1185.89
1192.09
1195.19
1194.00
1178.03
21250.96
1172.07
1142.98
1144.89
1149.18
1153.95
1148.94
1146.08
1149.18
1162.05
25197.03
1217.84
1188.04
1172.07
1141.07
1158.00
1155.14
1168.01
1156.09
1156.09
1162.05
25293.11
1187.09
1195.19
1197.10
1188.04
1184.94
1195.91
1192.09
1193.05
1187.09
25257.11
1137.97
1125.81
1136.06
1118.90
1116.99
1111.03
1114.13
1108.17
1111.03
25162.94
1219.99
1186.13
1188.04
1183.03
1188.04
1186.13
1165.15
1132.97
1129.15
25161.98
1173.97
1122.00
1120.81
1124.86
1148.94
1155.14
1171.11
1163.96
1158.00
1168.01
33304.93
1203.06
1178.98
1168.01
1152.04
1152.04
1140.12
1142.98
1132.97
1126.05
13219.12
1165.15
1134.16
1132.97
1137.02
1138.93
1145.12
21216.15
1218.08
1198.05
1198.05
1205.21
1164.91
1190.90
25252.82
1139.88
1134.87
1121.04
1117.94
1126.05
1121.04
25302.89
1229.05
1234.05
1241.92
1235.01
1231.19
25269.99
1185.89
1158.00
1164.91
1167.06
1167.77
1178.03
21292.92
1200.91
1190.19
1183.99
1176.12
1166.11
1167.06
1161.10
1154.90
1150.85
25237.08
1163.01
1163.96
1170.87
1175.88
1171.11
1176.12
1188.99
1166.11
1155.14
37220.00
1204.01
1170.87
1178.98
1178.03
1161.81
1162.05
1172.07
1173.02
1168.01
25234.94
1214.98
1180.89
1173.97
1175.17
1168.97
1173.02
1158.00
1114.85
1114.85
1124.86
25280.00
1185.89
1181.84
1157.05
1163.01
1179.22
1179.93
1170.16
1168.97
1168.97
25279.05
1168.01
1163.96
1173.97
1163.96
1167.06
1173.02
1163.01
1164.91
1163.96
25261.88
1170.87
1158.00
1157.05
1156.09
1142.02
1148.94
1154.18
1147.03
1136.06
25199.17
1152.04
1122.00
1124.86
1134.87
1119.85
1122.95
1126.05
1119.85
1120.09
1118.18
25236.85
1143.93
1132.97
1142.02
1132.97
1136.06
1128.91
1147.99
1122.00
1127.96
1137.97
1142.98
1148.94
1157.05
25290.97
1198.05
1196.86
1204.97
1207.11
1223.09
1237.15
1234.05
1233.10
25279.05
1218.08
1166.11
1159.91
1159.91
1148.94
1142.02
1137.97
1126.05
1126.05
1127.00
15870.81
1142.98
1160.14
1172.07
1192.09
1183.99
1184.94
1194.95
25316.00
1209.02
1188.99
1205.92
1187.09
1173.97
1173.02
1164.91
1163.96
1152.04
1127.00
1182.08
1193.05
17244.10
1152.99
1122.95
1122.00
1132.01
1128.91
1123.91
1130.10
1124.14
1119.85
1120.81
1139.88
1137.97
1127.96
17178.06
1232.86
1195.91
1194.95
1127.00
1132.01
1128.91
1129.87
1125.10
1129.15
1125.10
1140.12
1131.06
1130.10
17208.10
1224.99
1198.05
1194.95
1189.95
1193.05
1179.93
1168.01
1170.87
1176.83
1166.82
1170.87
1163.01
1162.05
17316.10
1223.09
1222.13
1229.05
1234.05
1233.10
1245.02
1235.01
1235.01
1216.17
1131.06
1136.06
1130.10
17274.14
1189.95
1183.99
1172.07
1192.09
1193.05
1198.05
1206.16
1214.03
1214.03
1220.94
1215.93
1219.03
17301.08
1167.06
1168.97
1172.07
1170.87
1183.99
1189.95
1193.05
1188.04
1194.00
25260.93
1231.91
1217.13
1225.95
1226.90
1235.01
1226.90
1149.18
1174.93
1188.04
25292.87
1164.91
1142.98
1142.02
1182.08
1177.07
1174.93
1174.93
1162.77
1157.05
23725.99
1202.82
1142.98
1172.07
1199.01
1200.91
1187.80
1192.81
25255.92
1218.08
1195.19
1214.03
1217.13
1224.04
1234.05
1240.02
1234.05
1232.86
25317.91
1248.12
1236.20
1240.02
1235.01
1232.15
1235.01
1231.91
1234.05
17279.15
1178.03
1138.21
1136.06
1135.11
1126.05
1129.15
1132.97
1136.06
1136.06
1144.89
1161.10
1142.02
1156.81
17211.91
1163.96
1122.95
1121.04
1141.07
1116.04
1119.14
1122.95
1172.78
1194.00
1189.95
1205.92
1200.91
1204.01
17250.06
1190.90
1162.05
1166.82
1159.91
1161.10
1163.96
1170.87
1159.91
1168.01
1146.79
1173.02
1191.14
1184.94
17254.11
1139.16
1141.07
1121.04
1178.03
1175.17
1172.07
1165.15
1168.01
1171.11
1178.03
1171.83
1171.83
17231.94
1170.87
1135.11
1134.16
1132.97
1135.11
1130.10
1130.10
1169.92
1178.03
1173.02
1181.13
1172.07
1168.97
17224.79
1157.05
1132.97
1129.15
1127.00
1132.01
1134.87
1148.94
1148.94
1166.82
1165.87
1137.02
1144.89
1140.12
13208.15
1162.05
1137.02
1134.87
1131.06
1130.82
1127.96
1136.06
1134.16
1134.87
25168.90
1251.94
1193.05
1197.10
1220.23
1208.07
1204.01
1227.14
1235.01
1236.92
25285.01
1242.16
1202.11
1206.87
1194.00
1197.10
1185.89
1163.01
1169.92
1170.16
25245.90
1169.92
1134.87
1132.01
1132.97
1178.98
1185.89
1189.95
1181.13
1183.99
1185.89
1185.18
1185.89
1182.08
17294.88
1170.87
1161.81
1147.99
1173.02
1177.07
1173.97
1179.93
1171.11
1175.17
1178.98
1175.17
1165.87
17235.04
1234.05
1189.95
1184.94
1142.98
1156.81
1178.03
1174.93
1164.91
1170.16
1188.99
1164.20
1162.05
1166.11
17270.09
1164.91
1152.04
1132.01
1171.11
1161.10
1152.99
1190.90
1160.14
14766.93
1148.94
1139.16
1152.04
1152.04
1144.17
1150.13
1163.96
1171.11
1167.06
1155.14
1166.11
1160.14
1168.97
17289.88
1206.16
1197.10
1210.93
1197.10
1193.05
1196.86
1202.82
1215.93
1222.13
1109.12
1117.94
1116.04
17195.94
1206.16
1178.03
1180.17
1164.91
1168.97
1156.09
1165.15
1149.89
1153.95
1133.92
1175.88
1183.99
1179.93
17280.82
1163.96
1153.95
1157.05
1146.08
1146.08
1143.93
1134.87
1132.97
1127.00
1117.23
1137.02
1151.08
1137.97
1232.15
1147.99
1145.12
1152.99
1154.90
1163.01
1177.07
1173.97
1174.21
1184.94
1179.93
1152.99
1155.14
17223.12
1235.96
1211.88
1214.03
1218.08
1224.99
1236.20
1236.92
1237.87
1234.05
1187.09
1145.84
1147.99
17190.93
1219.03
1188.04
1183.03
1190.90
1176.12
1172.07
1176.12
1160.14
1150.13
1146.08
1126.05
1144.89
1152.99
17215.01
1157.05
1139.88
1132.97
1131.06
1131.06
1131.06
1138.21
1136.06
1143.93
1152.99
1152.99
1157.05
1165.15
17268.90
1179.93
1170.16
1178.98
1175.88
1181.84
1187.80
1199.96
1192.09
1204.01
17282.96
1135.11
1128.91
1126.05
1175.88
1175.88
1166.82
1173.97
1161.10
1156.09
1164.91
1152.99
1142.98
1141.79
17240.05
1142.98
1127.00
1120.09
1132.97
1132.01
1137.02
1142.02
1126.05
1124.14
1137.02
1136.06
1137.02
1138.93
17266.99
1146.08
1139.88
1133.92
1142.98
1167.06
1166.11
1183.03
1175.17
1175.88
1196.86
1191.85
1188.99
17244.10
1199.01
1158.95
1175.17
1185.89
1191.85
1204.01
1230.96
1230.00
1230.00
1237.87
1235.96
1235.96
13280.87
1200.91
1170.87
1167.06
1165.87
1164.91
1178.03
1154.90
1125.10
1123.19
1130.10
25280.00
1187.09
1189.95
1163.96
1171.11
1184.94
1186.85
1190.90
1187.80
1185.89
25308.13
1178.03
1162.05
1147.99
1146.08
10653.97
1171.11
1147.99
1138.93
1151.80
1144.89
1145.12
1139.16
1138.93
1132.97
1134.16
25252.10
1136.06
1121.04
1129.15
1122.00
1122.00
1118.90
1134.16
1121.04
1120.09
25181.06
1168.97
1127.00
1122.00
1133.92
1122.00
1125.10
1116.04
1168.01
1180.89
1180.17
21306.99
1179.22
1169.92
1164.91
1213.07
1211.17
1214.98
1225.95
1229.05
1230.96
1237.87
1236.92
1237.15
17266.99
1145.12
1139.16
1143.93
1135.83
1142.98
1127.96
1197.81
1240.97
1233.10
1238.11
1229.05
1232.15
17271.04
1196.15
1164.91
1154.90
1166.82
1168.01
1163.96
1171.11
1160.14
1152.99
1162.05
1181.13
1183.03
1185.18
17278.91
1152.99
1149.18
1129.87
1131.06
1141.07
1133.92
1137.02
1137.97
1139.88
1153.95
1145.12
1128.91
1137.02
17256.98
1148.94
1147.03
1149.89
1145.12
1137.97
1152.04
1113.89
1130.82
1127.00
1135.11
1132.01
1132.01
1137.02
17259.12
1173.97
1174.21
1178.03
1179.93
1184.94
1185.18
1178.98
1179.93
1183.03
1152.99
1119.14
1117.94
17166.85
1201.87
1165.87
1161.10
1147.99
1190.90
1197.81
1210.21
1199.01
1202.11
1198.05
1196.15
1193.05
1188.99
17299.89
1210.93
1203.06
1216.89
1213.07
1221.18
1209.97
1133.92
1140.12
1132.97
1145.84
1127.96
1135.11
17194.03
1192.09
1164.91
1163.96
1125.10
1131.06
1126.05
1134.87
1128.91
1135.83
1138.93
25318.15
1212.12
1201.15
1221.90
1210.93
1205.21
1215.93
1203.06
1201.15
29263.02
1215.93
1181.13
1191.14
1189.95
1185.89
1182.79
1173.97
1178.98
1170.87
1178.03
1173.97
1171.11
1168.97
17298.94
1222.13
1214.03
1223.09
1219.99
1234.05
1219.03
1137.97
1160.86
1152.99
1161.10
1157.05
1155.14
21209.00
1215.93
1194.95
1190.90
1120.81
1121.04
1123.91
1122.95
1116.99
1122.00
1120.09
1138.93
1124.86
1123.91
17186.16
1182.08
1154.18
1149.89
1131.06
1130.82
1125.81
1138.93
1130.82
1129.87
1132.01
1147.99
1130.10
1134.16
17209.05
1168.01
1132.01
1134.87
1133.92
1122.95
1124.14
1133.92
1127.96
1129.15
1122.95
1137.02
1124.86
1134.87
17195.22
1173.97
1142.98
1142.02
1137.97
1118.90
1121.04
1125.10
1122.00
1121.04
1116.04
1126.05
1121.04
1122.00
17180.92
1232.86
1214.03
1215.93
1127.00
1128.91
1118.90
1130.82
1117.94
1120.09
1123.91
1124.86
1120.81
1119.85
17193.79
1169.92
1145.84
1133.92
1105.07
1116.04
1127.00
1132.01
1124.14
1127.96
1132.01
13294.94
1205.92
1207.11
1192.09
1184.94
1176.83
1183.99
1177.07
1168.01
1172.07
25237.08
1140.12
1134.16
1142.98
1142.02
1145.84
1155.85
1169.92
1166.82
1174.93
25250.91
1219.99
1202.11
1202.11
1187.09
1194.95
1195.91
1207.11
1202.11
1212.12
25304.08
1194.95
1169.92
1166.11
1152.04
1148.94
1152.99
1122.95
1119.85
1120.09
17176.15
1180.89
1147.03
1141.07
1158.00
1130.10
1130.10
1134.16
1127.96
1129.87
1127.96
1141.07
1136.06
1140.12
17194.03
1201.87
1161.81
1167.06
1179.93
1166.82
1163.96
1172.07
1130.10
1126.05
1129.15
1153.95
1136.78
1142.02
17194.99
1194.95
1178.03
1186.13
1183.99
1183.99
1186.13
1188.04
1184.94
1182.08
1175.88
1131.06
1132.97
1136.06
17245.05
1133.92
1127.96
1121.04
1150.13
1158.95
1161.10
1166.11
1160.14
1149.89
1164.91
1154.90
1158.00
17206.91
1178.98
1148.94
1149.89
1139.88
1130.10
1137.97
1137.97
1126.05
1127.96
1125.10
1135.11
1120.09
1116.99
17168.05
1155.85
1118.90
1116.04
1117.94
1120.09
10583.16
1194.95
1161.81
1160.86
1163.96
1158.00
1150.85
1158.95
1145.12
1142.02
1139.16
37223.10
1118.90
1118.90
1122.00
1113.89
1122.00
1122.00
1125.81
1121.04
1127.00
25188.21
1180.89
1154.90
1147.03
1161.10
1139.16
1141.07
1146.08
1132.97
1129.87
1130.82
1142.98
1135.11
1126.05
25196.08
1143.93
1121.04
1116.99
1126.05
1112.94
1111.03
1113.89
1115.08
1103.16
1111.03
1159.19
1190.90
1183.99
17240.05
1144.17
1117.94
1113.89
17255.78
1152.99
1142.98
1159.91
1162.05
1164.20
1163.96
1103.88
1115.80
1132.01
1132.01
1125.10
1127.00
17148.02
1278.88
1206.87
1190.90
1216.89
1221.18
1229.05
1183.99
1111.98
1112.94
1111.98
1116.04
1111.03
1102.92
17181.16
1168.01
1134.16
1131.06
1137.97
1129.15
1127.00
1124.86
1116.99
1129.87
1127.00
1139.88
1137.02
1130.82
17204.05
1198.05
1167.06
1178.98
1178.03
1181.13
1178.03
1160.14
1102.92
1112.94
1121.04
1132.97
1124.14
1122.95
17205.00
1178.03
1161.10
1155.14
1151.08
1147.03
1140.12
1124.14
1115.08
1121.04
1142.98
1133.92
1129.15
1131.06
17220.02
1194.95
1166.11
1177.07
1173.97
1179.93
1176.12
1137.97
1123.91
1130.10
1131.06
1134.16
1138.93
1138.93
17302.04
1190.90
1179.93
1182.08
1174.93
1167.06
1169.92
1137.02
1147.03
1160.14
1168.01
1156.09
1152.99
17226.93
1209.02
1164.91
1159.91
1163.96
1149.89
1154.18
1137.02
1163.01
1168.01
1175.88
1178.03
1173.02
1178.98
17260.07
1162.05
1136.06
1142.98
1137.02
1133.92
1132.97
1111.03
1179.93
1183.03
13226.99
1233.10
1194.95
1207.11
1217.13
1209.97
1209.97
1211.17
1215.93
1214.98
23904.09
1195.91
1165.87
1155.85
1145.84
1158.95
1142.98
1145.84
25202.04
1166.11
1140.12
1130.10
1146.08
1132.01
1132.01
1137.97
1132.01
1130.82
1127.96
25287.15
1185.89
1174.93
1186.13
1176.12
1178.03
1180.17
1166.82
1161.81
1163.96
25276.18
1197.10
1198.05
1178.98
1121.04
1122.00
1111.03
1125.10
1114.13
1116.99
25161.03
1181.13
1156.09
1151.08
1168.97
1152.99
1159.91
1168.01
1162.05
1158.00
1158.95
1131.06
1145.12
1154.18
17261.98
1135.11
1121.04
1119.85
1173.97
1199.01
1191.14
1199.96
1206.87
1216.89
1225.95
1215.93
1220.94
17298.22
1195.91
1161.81
1160.86
1173.97
1163.01
1159.91
1156.09
1180.17
1204.97
1199.01
1200.91
1199.96
1205.92
17294.88
1178.03
1168.01
1178.03
1168.97
1169.92
1169.92
1168.97
1163.01
1169.20
1250.98
1145.12
1145.12
17214.06
1248.12
1186.13
1184.94
1193.05
1182.08
1187.09
1185.89
1184.94
1181.13
17238.14
1208.07
1188.99
1188.04
1195.91
1186.85
1184.94
1192.81
1184.94
1186.13
1188.04
1179.93
1182.08
1182.08
17287.02
1197.10
1185.18
1192.09
1183.99
1181.13
1196.15
1190.90
1185.89
1183.99
1195.91
1181.84
1185.89
17241.00
1210.93
1186.85
1191.85
1184.94
1187.09
1181.13
1191.14
1184.94
1184.94
1187.09
1178.98
1176.83
17225.98
1224.04
1188.99
1188.04
1189.95
1185.89
1186.13
1190.90
1188.04
1184.94
1193.05
1179.93
1180.89
1185.18
17282.96
1194.00
1185.89
1194.00
1184.94
1181.84
1188.04
1183.99
1183.99
1188.99
1186.13
1186.13
1183.03
17241.95
1214.98
1183.99
1186.85
1190.90
1184.23
1184.94
1193.05
1183.99
1183.03
1188.99
1186.13
1183.99
1181.84
17294.88
1192.81
1185.89
1192.81
1183.03
1182.08
1207.11
1175.88
14570.95
1228.81
1179.93
1192.09
1188.04
1196.86
1187.09
1178.98
1145.84
1142.98
1149.18
1152.04
1134.16
1141.07
17213.11
1210.93
1192.81
1195.91
1191.85
1185.89
1177.07
1170.87
1175.17
1171.11
1179.93
1166.82
1178.03
1173.02
17302.04
1201.87
1196.15
1194.95
1188.99
1183.99
1171.11
1163.01
1157.05
1165.87
1163.96
1157.05
1176.12
17236.95
1188.99
1153.95
1157.05
1146.79
1144.89
1141.79
1122.95
1166.11
1173.02
1171.11
1157.05
1162.05
1164.20
17261.98
1146.08
1136.06
1138.93
1137.02
1144.17
1143.93
1153.95
1159.19
1170.87
1160.86
1178.98
1173.97
1166.82
17248.87
1155.85
1144.89
1158.00
1149.89
1150.85
1154.90
1172.07
1176.83
1173.02
1182.08
1176.83
1167.06
17243.86
1172.07
1142.98
1149.18
1164.91
1150.85
1158.95
1143.93
1144.89
1137.97
1142.02
13233.90
1160.14
1152.99
1161.81
1152.04
1144.89
1139.88
1134.87
1133.92
1132.01
25235.89
1147.99
1131.06
1142.02
1131.06
1129.87
1140.83
1144.89
1143.22
1157.05
25223.97
1243.83
1212.84
1212.84
1215.93
1211.17
1208.07
1176.12
1114.13
1116.04
25175.09
1215.93
1186.85
1182.08
1127.00
1116.99
1119.85
1122.00
1111.98
1114.13
1112.94
21235.94
1164.20
1151.08
1147.99
1171.83
1168.01
1175.88
1168.01
1167.06
1168.97
1175.17
1170.16
1172.07
17220.97
1195.91
1136.06
1138.21
1147.99
1147.99
1148.94
1136.06
1159.19
1168.01
1168.97
1184.94
1167.06
1168.01
17230.99
1155.14
1137.97
1142.98
1145.12
1137.97
1156.81
1161.81
1157.05
1164.91
1178.03
1173.02
1153.95
1152.99
17277.00
1142.02
1128.91
1124.14
1157.05
1176.12
1177.07
1192.09
1196.86
1178.98
1200.20
1194.95
1201.15
17254.11
1245.02
1212.12
1251.94
1210.93
1207.11
1223.09
1219.99
1222.13
1229.05
1241.21
1233.10
1235.01
17281.06
1272.20
1240.97
1234.77
1243.83
1234.05
1231.91
1243.83
1230.00
1230.00
1239.06
1235.96
1234.05
25285.96
