1124.14
1074.08
1060.96
1066.92
1058.10
1052.14
1071.93
25173.90
1084.09
1068.12
1075.98
1065.02
1074.08
1070.02
25135.04
1260.04
1101.02
1091.96
1090.05
1092.20
1090.05
25127.17
1148.94
1108.88
1108.17
1104.12
1091.00
1093.15
25151.01
1116.99
1073.12
1048.09
1047.85
1106.02
1110.08
1106.02
25184.15
1072.88
1071.93
1061.92
1113.18
1098.87
1121.04
25208.00
1082.18
1079.08
1070.98
1101.02
1106.02
1103.16
25152.92
1138.93
1111.03
1107.93
1105.07
1109.12
1108.17
25168.90
1132.97
1081.94
1083.14
1089.10
1091.00
1099.11
1091.00
25146.01
1058.10
1046.90
1050.00
1572.85
1055.96
1049.04
25160.79
1089.10
1091.00
1080.99
1040.94
1047.13
1046.90
25172.00
1017.09
1076.94
1085.04
1074.08
1075.03
1080.04
25147.20
1133.92
1093.86
1077.89
1073.84
1106.98
1104.12
1084.09
25135.99
1065.02
1057.86
1063.82
1051.90
1050.00
1050.00
25138.14
1080.04
1059.06
1052.14
1060.01
1044.03
1042.84
25069.00
1120.09
1070.02
1071.93
1080.99
1063.82
1076.94
1063.11
25190.11
1093.15
1070.98
1072.17
1056.91
1060.96
1062.15
25110.01
1099.82
1073.84
1064.06
1073.12
1062.87
1059.06
1060.01
25161.98
1060.96
1059.06
1058.82
1056.91
1073.84
1120.81
25110.01
1080.99
1044.99
1043.08
1057.86
1039.98
1036.17
1041.89
25172.00
1066.21
1048.09
1054.05
1040.94
1039.98
1043.08
25109.05
1145.84
1104.83
1101.02
1073.12
1078.84
1073.84
25127.89
1178.98
1119.14
1106.02
1072.17
1088.14
1067.88
1077.89
25159.12
1075.98
1054.05
1050.00
1092.91
1096.01
1098.87
25209.90
1087.90
1070.02
1068.83
1098.87
1104.12
1100.06
25132.18
1130.10
1086.95
1080.99
1091.00
1104.83
1088.86
25136.95
1158.00
1092.91
1083.14
1077.89
1096.01
1089.10
1110.08
29194.12
1091.96
1070.02
1068.12
1065.02
1066.21
1071.93
25175.81
1091.96
1075.98
1060.01
1080.99
1067.88
1067.88
25112.87
1111.98
1084.09
1068.12
1074.08
1081.94
1060.96
1059.06
25170.80
1075.03
1070.02
1070.02
1068.83
1061.92
1067.16
25156.02
1087.90
1073.12
1050.00
1075.98
1052.14
1051.90
25084.97
1116.99
1065.02
1052.14
1059.06
1049.04
1048.09
1044.03
25141.00
1066.21
1053.09
1054.05
1062.15
1044.99
1039.98
25079.01
1157.05
1122.00
1096.96
1098.16
1103.16
1095.06
1096.01
25196.08
1125.10
1204.01
1114.85
1097.92
1080.04
1101.02
25209.90
1103.88
1099.11
1077.89
1074.79
1070.02
1089.10
25210.14
1095.06
1073.12
1093.15
1080.99
1093.15
1073.12
25131.94
1117.94
1075.98
1067.88
1066.92
1095.06
1100.06
25125.98
1139.16
1086.00
1070.98
1086.00
1096.01
1107.93
1091.00
25206.80
1095.06
1084.09
1083.85
1109.84
1091.96
1096.01
25197.03
1106.98
1088.14
1085.04
1100.06
1107.93
1091.00
25151.01
1121.04
1077.18
1064.06
1085.04
1077.18
1086.00
25119.07
1111.03
1050.00
1053.09
1071.93
1048.80
1049.04
1040.94
25136.95
1065.97
1050.95
1052.14
1024.96
1050.00
1053.09
25085.93
1118.90
1062.87
1060.01
1058.10
1065.02
1063.11
1072.88
1075.98
1066.92
1067.88
1065.02
25178.91
1082.90
1070.98
1076.94
1076.94
1079.08
1069.07
25189.16
1086.00
1073.84
1078.84
1067.88
1061.92
1060.96
25115.97
1119.85
1075.98
1064.06
1074.08
1069.07
1055.96
1074.08
25166.03
1080.04
1079.80
1064.06
1059.06
1064.06
1070.98
25167.94
1072.88
1061.20
1061.92
1058.82
1049.04
1041.89
25086.88
1121.04
1087.90
1113.89
1063.82
1057.86
1050.00
1053.09
25160.07
1086.00
1060.01
1066.92
1057.86
1051.90
1049.04
25094.99
1097.20
1059.06
1056.91
1076.94
1064.06
1057.86
1047.85
25161.98
1058.10
1050.00
1050.00
1039.98
1046.18
1040.94
25087.12
1086.00
1060.01
1049.04
1059.06
1050.00
1045.94
1049.04
25164.84
1072.88
1617.91
1098.16
1084.09
1081.94
1099.82
25165.80
1101.97
1089.10
1100.06
1087.19
1089.10
1086.95
25193.93
1109.12
1093.15
1089.10
1090.05
1084.09
1084.09
25175.09
1109.12
1103.16
1115.08
1118.90
1092.91
1103.88
25126.22
1145.12
1097.92
1092.91
1103.16
1093.15
1089.10
25130.03
1133.20
1085.04
1070.02
1078.13
1087.90
1088.86
1093.86
25195.84
1088.86
1068.83
1067.88
1075.03
1075.03
1077.89
29184.82
1117.94
1116.99
1106.98
1101.97
1101.97
1102.92
25141.95
1147.03
1113.89
1108.88
1118.18
1106.98
1106.98
25146.96
1150.85
1112.94
1101.97
1113.89
1110.79
1101.97
25132.18
1158.95
1111.98
1116.04
1113.18
1103.88
1097.92
25133.13
1159.19
1106.98
1100.06
1106.02
1101.02
1097.92
1114.85
25214.91
1092.20
1091.00
1090.05
1096.96
1091.96
1088.14
25188.92
1107.93
1096.01
1117.94
1106.02
1096.96
1095.77
25179.86
1113.89
1092.91
1093.86
1092.91
1093.15
1091.96
25130.03
1145.12
1118.90
1103.88
1106.98
1100.06
1096.01
25128.13
1153.95
1104.12
1099.11
1106.98
1096.01
1097.92
1095.06
25189.16
1111.03
1100.06
1103.16
1097.92
1095.06
1096.01
25208.00
1116.99
1100.06
1101.02
1097.20
1094.10
1096.96
29199.12
1075.98
1060.01
1055.00
1058.10
1050.00
1041.17
25085.93
1098.87
1050.00
1045.94
1046.90
1042.84
1039.03
1034.02
25151.97
1064.06
1047.13
1036.88
1047.85
1041.89
1039.03
25063.99
1096.01
1050.00
1048.09
1044.03
1039.98
1034.98
1034.98
25117.87
1065.02
1050.95
1038.07
1050.00
1034.98
1036.88
1040.94
25143.15
1048.09
1052.14
1050.00
1044.99
1039.98
1043.08
25087.12
1083.14
1037.12
1039.98
1048.09
1036.17
1038.07
1037.12
25156.97
1055.96
1045.94
1056.91
1039.98
1034.98
1039.03
25082.83
1081.94
1048.09
1040.22
1048.09
1038.07
1039.98
1041.89
25148.15
1060.01
1044.03
1041.89
1051.90
1043.08
1038.07
25079.01
1094.10
1044.99
1039.03
1055.00
1036.88
1042.84
1039.98
25146.01
1062.87
1042.84
1044.99
1048.09
1035.93
1042.84
25059.94
1100.06
1050.95
1042.84
1055.96
1049.04
1042.13
1043.08
25101.18
1075.03
1051.19
1045.94
1048.80
1036.88
1042.84
1041.89
25142.19
1060.01
1044.03
1051.90
1046.18
1044.03
1040.94
25084.97
1083.14
1044.03
1042.13
1050.00
1036.88
1040.94
1031.16
25156.02
1063.11
1043.08
1052.14
1046.90
1044.99
1039.98
25087.83
1091.96
1039.03
1035.93
1047.85
1035.93
1033.07
1036.17
25151.01
1064.06
1043.80
1034.02
1050.00
1040.22
1034.02
25076.15
1090.05
1048.09
1039.98
1044.99
1041.17
1039.03
1033.07
25137.19
1060.01
1043.08
1034.98
1044.99
1037.12
1039.98
1038.07
25121.93
1055.00
1037.12
1048.09
1040.94
1041.89
1038.79
25088.07
1099.11
1045.94
1042.84
1060.96
1062.15
1060.01
1059.06
25151.97
1058.10
1044.03
1039.98
1052.86
1056.91
1046.18
25095.94
1100.06
1050.00
1045.23
1066.92
1046.90
1046.18
1042.13
25151.01
1063.11
1040.94
1039.03
1051.90
1049.04
1051.90
25095.94
1105.07
1062.15
1051.90
1059.06
1044.99
1039.98
1039.03
25164.13
1078.13
1049.04
1042.13
1039.98
1040.94
1033.07
25088.07
1104.12
1063.11
1056.91
1070.98
1027.11
1029.97
1034.02
25177.96
1083.14
1067.16
1059.06
1034.02
1041.89
1047.13
25084.97
1133.92
1096.01
1094.10
1059.06
1044.99
1045.94
1044.99
25190.83
1103.88
1092.91
1101.02
1094.10
1097.92
1086.00
25202.99
1111.98
1091.96
1105.07
1088.14
1086.95
1088.86
25195.84
1106.98
1103.88
1106.02
1088.86
1093.86
1100.06
25122.88
1143.93
1103.16
1090.05
1101.97
1091.00
1092.91
25122.88
1148.94
1111.03
1091.96
1105.07
1095.06
1091.00
1093.86
25182.01
1112.94
1101.97
1098.16
1091.96
1087.90
1091.96
25194.88
1107.22
1101.97
1098.16
1090.05
1094.10
1092.20
25193.93
1108.88
1097.92
1098.16
1090.05
1098.16
1086.95
25131.94
1134.16
1101.02
1096.01
1100.06
1090.05
1085.04
25128.13
1150.13
1095.06
1105.07
1099.11
1092.91
1091.00
1093.15
25189.88
1106.98
1095.06
1096.96
1095.06
1088.14
1089.10
25200.13
1106.98
1098.16
1100.06
1091.00
1090.05
1092.91
25193.21
1105.07
1095.06
1104.12
1097.92
1092.91
1087.19
25125.03
1141.07
1100.06
1098.16
1099.11
1087.90
1095.06
25121.93
1147.03
1099.11
1094.10
1105.07
1087.90
1092.91
1096.01
25192.02
1108.17
1101.97
1102.21
1095.06
1090.05
1086.95
25202.99
1105.07
1094.10
1101.02
1098.16
1087.90
1091.96
25197.03
1111.98
1096.96
1096.96
1094.10
1089.10
1084.09
25130.99
1142.02
1100.06
1095.06
1101.97
1096.96
1086.00
21140.81
1143.93
1062.87
1067.88
1060.01
1065.02
1058.10
1065.97
25162.94
1071.93
1044.99
1040.94
1078.13
1065.02
1075.98
25130.03
1099.82
1048.80
1045.94
1034.02
1091.96
1084.09
1078.13
25156.02
1060.96
1050.00
1038.07
1084.09
1080.99
1096.96
25187.97
1064.06
1047.85
1048.80
1077.89
1077.89
1068.83
25112.15
1111.98
1072.88
1060.96
1062.87
1057.86
1050.00
1050.95
25167.94
1080.99
1075.03
1065.02
1037.12
1039.03
1043.80
25084.02
1111.03
1070.98
1064.06
1062.15
1048.09
1048.09
1044.03
25187.02
1077.89
1063.82
1063.82
1069.07
1074.08
1069.07
25113.11
1113.18
1084.09
1079.08
1064.06
1083.14
1103.88
29132.84
1106.02
1055.96
1051.90
1055.00
1054.05
1049.04
1055.00
25162.22
1071.93
1060.01
1056.91
1066.92
1050.95
1051.90
25084.97
1100.06
1059.06
1053.81
1061.92
1052.86
1050.00
1049.04
25167.94
1069.07
1060.01
1060.01
1052.86
1050.95
1054.05
25090.93
1092.91
1055.00
1045.94
1056.91
1043.08
1051.19
1044.03
25153.16
1065.97
1050.95
1058.10
1050.00
1046.18
1043.08
25082.11
1094.10
1049.04
1038.07
1052.14
1046.90
1044.99
1039.03
25156.02
1055.96
1048.09
1043.08
1052.14
1044.99
1041.89
25071.86
1092.91
1037.12
1043.08
1044.03
1037.84
1035.93
1036.17
25136.95
1061.92
1045.94
1044.99
1044.99
1039.98
1037.84
1045.94
25130.03
1055.96
1044.03
1053.09
1099.11
1088.14
1100.06
25186.06
1103.88
1094.10
1093.15
1109.12
1097.92
1101.02
25145.05
1141.07
1105.07
1087.19
1115.08
1111.98
1124.14
25159.12
1121.04
1069.07
1058.10
1059.06
1104.12
1111.03
25122.88
1114.85
1050.00
1044.99
1046.18
1127.96
1106.98
1109.84
25183.92
1067.88
1045.94
1047.13
1096.96
1092.20
1099.11
25131.94
1097.92
1053.09
1053.09
1060.96
1056.91
1055.00
1056.91
25161.03
1068.12
1065.02
1058.82
1049.04
1049.04
1050.00
25097.85
1094.82
1055.96
1049.04
1038.79
1074.08
1075.03
1084.09
25140.05
1058.10
1049.04
1047.85
1098.87
1098.87
1101.02
25179.86
1068.83
1052.86
1052.86
1103.88
1086.00
1092.91
25123.83
1095.06
1050.95
1042.84
1053.81
1068.83
1065.97
1067.16
25161.03
1065.02
1050.95
1046.18
1132.97
1122.00
1116.99
25222.06
1085.04
1075.98
1065.02
1074.08
1066.21
1066.92
25108.81
1096.96
1050.00
1051.90
1044.99
1055.96
1063.11
1062.15
25149.11
1067.16
1059.06
1059.06
1055.96
1055.00
1050.95
25101.90
1098.87
1054.05
1041.89
1055.00
1046.90
1051.90
1042.13
25163.17
1079.08
1065.02
1050.95
1101.02
1086.95
1086.00
25162.94
1108.88
1082.90
1075.98
1112.94
1078.84
1085.04
25111.91
1148.94
1095.06
1080.99
1111.98
1069.07
1072.17
1069.07
25162.94
1096.96
1076.94
1065.02
1087.90
1100.06
1081.94
25175.09
1065.02
1050.00
1040.94
1053.81
1044.99
1044.03
25087.12
1116.99
1071.93
1064.06
1057.86
1043.08
1051.90
1049.04
25189.16
1109.12
1080.99
1079.08
1052.14
1068.12
1060.96
25111.91
1097.92
1064.78
1059.06
1068.12
1050.00
1059.06
1055.96
25166.99
1064.06
1055.00
1061.92
1050.95
1055.00
1045.94
25094.03
1089.81
1055.96
1052.14
1060.96
1045.23
1044.99
1037.12
25151.97
1062.87
1050.95
1052.14
1048.09
1044.03
1043.08
25082.11
1083.85
1042.84
1042.84
1051.90
1038.07
1039.03
1039.98
25160.07
1054.76
1044.99
1047.13
1048.09
1039.98
1042.13
29088.02
1151.80
1100.06
1079.08
1116.99
1096.01
1096.96
25134.09
1139.88
1097.20
1086.95
1097.92
1125.10
1120.09
1118.90
25165.80
1082.90
1072.88
1070.02
1106.98
1102.92
1116.99
25173.90
1068.83
1047.85
1050.95
1114.13
1098.16
1103.88
25140.05
1093.15
1053.09
1043.08
1072.88
1074.08
1065.97
1067.16
25141.95
1060.96
1041.17
1039.03
1040.94
1055.00
1055.96
25110.01
1088.86
1041.89
1047.85
1034.98
1101.97
1106.02
25133.85
1110.08
1058.10
1055.96
1053.81
1114.85
1112.94
1112.94
25205.85
1086.00
1070.02
1067.88
1112.22
1106.02
1111.03
25204.18
1107.93
1092.91
1083.85
1115.80
1116.99
1125.10
25149.11
1121.04
1096.01
1102.92
1096.01
1097.92
1091.00
25141.00
1128.20
1076.94
1067.88
1070.98
1100.06
1080.99
1098.87
25168.90
1069.78
1056.91
1053.81
1083.85
1091.96
1094.10
25200.13
1075.03
1046.90
1053.09
1085.04
1089.10
1094.10
25147.20
1104.12
1055.00
1068.83
1076.94
1096.01
1101.97
1083.14
25167.94
1080.04
1066.92
1064.06
1086.00
1099.11
1091.96
25218.96
1089.81
1078.84
1075.03
1074.08
1075.03
1083.14
25128.13
1127.00
1102.21
1087.90
1073.84
1055.00
1064.06
25105.95
1141.07
1090.05
1080.04
1075.03
1080.99
1070.02
1070.02
25188.92
1098.16
1089.10
1081.94
1091.00
1099.11
1091.00
25192.02
1106.98
1096.01
1090.05
1136.06
1122.00
1122.24
21168.95
1154.90
1110.79
1099.82
1108.17
1101.02
1093.15
25139.09
1148.22
1110.08
1101.97
1107.22
1097.92
1099.82
25136.95
1149.89
1124.14
1115.08
1110.08
1095.06
1097.20
1100.06
25206.09
1111.98
1094.82
1111.03
1097.92
1095.06
1097.92
25208.00
1121.04
1104.12
1105.07
1096.01
1099.82
1096.96
25202.04
1113.89
1105.07
1109.12
1104.12
1095.06
1097.20
25213.96
1115.08
1101.97
1104.12
1096.01
1096.96
1092.91
25146.01
1134.87
1102.92
1098.16
1103.88
1095.06
1096.96
25132.89
1154.90
1094.82
1097.92
1107.22
1091.96
1091.00
1096.01
25191.07
1109.12
1108.17
1102.92
1109.84
1093.86
1107.93
25221.11
1129.15
1097.92
1110.08
1098.87
1102.21
1096.96
25201.80
1116.04
1104.12
1106.02
1099.11
1106.02
1101.02
25195.12
1110.08
1101.02
1100.06
1103.88
1099.82
1096.01
25149.11
1147.99
1098.87
1098.87
1111.98
1094.10
1097.92
25141.95
1146.08
1098.16
1109.12
1113.89
1101.02
1104.12
25132.89
1156.09
1115.08
1101.02
1106.02
1107.93
1101.02
1096.96
25191.07
1129.15
1109.12
1112.94
1107.93
1101.02
1100.78
25213.00
1128.20
1100.06
1119.14
1116.04
1104.12
1107.93
25213.00
1129.15
1119.85
1109.84
1106.02
1102.92
1102.92
25215.15
1123.19
1110.08
1106.02
1113.18
1110.08
1105.07
25197.98
1122.00
1116.99
1113.18
1115.08
1100.06
1100.06
25144.82
1148.94
1111.03
1107.93
1116.99
1102.92
1107.22
25151.97
1153.23
1121.04
1107.93
1117.94
1110.08
1106.98
25141.95
1161.10
1116.99
1109.84
1116.99
1105.07
1101.02
25147.91
1154.90
1122.95
1101.97
1117.94
1109.12
1110.08
1115.08
25195.12
1127.00
1116.04
1122.00
1110.79
1114.85
1116.99
25220.16
1137.02
1116.04
1120.09
1112.94
1113.89
1109.12
29226.06
1116.04
1099.82
1095.06
1100.06
1105.07
1114.13
25252.10
1124.14
1111.03
1112.94
1091.96
1106.02
1111.03
25238.04
1122.00
1120.81
1114.85
1105.07
1103.88
1101.97
25231.12
1122.95
1121.04
1110.08
1084.09
1089.10
1096.01
25175.09
1147.03
1122.00
1113.89
1087.90
1092.91
1102.21
25151.01
1152.04
1127.96
1112.94
1104.83
1111.03
1111.98
1128.20
1118.90
1112.94
1116.99
25229.93
1141.07
1113.18
1128.91
1118.90
1109.84
1117.94
25231.12
1147.03
1124.86
1122.00
1121.04
1101.97
1132.01
25218.96
1130.10
1129.15
1135.11
1113.89
1121.04
1120.09
25218.01
1122.00
1122.00
1122.95
1116.04
1116.99
1119.14
25223.02
1142.98
1113.18
1113.89
1117.94
1128.20
1118.90
25214.91
1144.89
1115.80
1144.89
1116.99
1121.04
1118.18
25217.06
1137.02
1120.09
1134.16
1124.14
1118.90
1103.88
25219.92
1136.78
1128.91
1132.01
1115.08
1117.94
1116.99
25208.00
1140.12
1125.10
1114.13
1117.94
1120.81
1128.91
25213.96
1135.11
1117.94
1130.82
1122.00
1117.94
1122.00
25184.87
1157.05
1125.10
1125.10
1132.01
1118.18
1122.00
25171.04
1145.84
1133.92
1127.00
1131.06
1117.94
1115.80
25162.94
1163.96
1137.02
1123.19
1141.07
1130.10
1117.94
25170.80
1163.01
1136.06
1116.99
1139.88
1116.04
1127.00
25157.21
1173.02
1140.12
1131.06
1133.92
1135.11
1121.04
25158.17
1170.16
1136.06
1123.91
1132.97
1116.99
1118.90
25149.11
1161.81
1142.02
1132.97
1140.83
1118.90
1125.81
25169.85
1173.02
1136.06
1130.10
1139.16
1127.00
1127.96
25167.94
1173.02
1137.02
1132.97
1138.93
1134.87
1127.00
25169.85
1168.97
1127.96
1132.01
1136.06
1126.05
1128.20
25181.06
1167.06
1142.98
1132.97
1146.08
1130.82
1134.16
25196.08
1178.03
1139.88
1145.12
1141.07
1142.02
1139.88
25238.99
1164.91
1137.02
1145.12
1137.02
1140.12
1138.93
25248.05
1154.90
1141.07
1139.88
1141.07
1132.01
1136.06
25243.04
1158.95
1140.12
1143.93
1140.83
1133.92
1133.92
25248.05
1152.04
1138.93
1137.02
1134.87
1136.06
1134.16
25249.00
1151.08
1141.07
1146.08
1140.12
1135.11
25161.03
1209.97
1152.04
1141.07
1147.99
1137.02
1136.06
25172.95
1194.95
1146.08
1137.97
1158.00
1138.93
1133.92
25174.14
1192.09
1146.08
1142.02
1143.93
1137.02
1134.87
25180.10
1178.98
1145.12
1142.02
1146.08
1137.02
1135.11
25186.06
1182.08
1142.98
1137.97
1145.12
1137.97
1133.92
25186.06
1184.94
1145.12
1138.93
1155.85
1137.02
1137.02
25217.06
1163.01
1142.98
1147.99
1137.97
1134.87
1136.06
25244.95
1159.19
1142.02
1144.17
1139.88
1134.87
1132.97
25244.00
1159.91
1140.12
1142.98
1134.87
1136.06
1132.97
25251.15
1155.14
1142.02
1144.17
1137.97
1138.21
1133.92
25247.10
1155.14
1135.11
1145.12
1137.97
1135.11
1137.02
25235.89
1154.18
1136.06
1147.03
1137.02
1137.02
25172.00
1195.91
1147.03
1139.88
1146.08
1137.97
1133.92
25180.82
1194.00
1147.03
1140.83
1152.99
1137.97
1134.87
25178.19
1135.11
1081.94
1081.94
1070.02
1119.85
1108.88
1104.83
25167.23
1080.99
1072.17
1070.98
1119.85
1116.99
1111.03
25197.98
1086.00
1079.08
1070.02
1128.20
1123.91
1119.85
29232.03
1114.13
1095.06
1104.12
1103.88
1101.02
1098.16
25163.89
1127.00
1101.97
1091.00
1106.02
1092.20
1091.96
25136.95
1133.20
1106.98
1101.02
1124.86
1104.83
1098.87
25146.01
1160.14
1119.14
1102.92
1106.98
1101.97
1102.92
1100.06
25188.21
1115.08
1105.07
1101.02
1102.92
1101.97
1104.83
25171.04
1105.07
1091.00
1094.10
1095.06
1093.86
1084.09
25199.17
1110.08
1104.12
1111.98
1097.92
1102.21
1107.93
25141.00
1139.16
1117.94
1104.83
1119.85
1116.04
1108.88
25146.96
1155.14
1126.05
1116.04
1120.81
1116.04
1110.08
25156.02
1141.79
1106.98
1101.02
1104.83
1101.97
1096.96
25141.95
1146.79
1105.07
1098.87
1127.96
1105.07
1109.12
1101.02
25196.08
1128.91
1111.98
1111.98
1105.07
1103.88
1105.07
25214.20
1134.87
1106.98
1111.03
1109.84
1118.90
1119.14
25233.03
1132.01
1119.85
1123.91
1116.99
1116.99
1124.14
25226.12
1129.15
1122.00
1138.93
1122.00
1116.04
1117.23
25229.93
1131.06
1119.85
1121.04
1117.94
1120.09
1110.08
25237.08
1132.01
1121.04
1126.05
1120.09
1117.94
1111.98
25254.01
1153.95
1137.97
1140.83
1132.01
1137.97
1132.97
25249.00
1151.80
1138.93
1146.79
1127.00
1137.97
1133.20
25245.90
1150.85
1137.02
1142.98
1138.93
1135.11
1136.06
25231.12
1150.13
1136.06
1147.03
1137.02
1137.97
25170.09
1146.08
1100.78
1083.85
1083.85
1097.92
1096.96
1093.15
29185.06
1082.90
1071.93
1077.89
1075.98
1066.92
1070.98
25156.02
1106.02
1079.08
1070.98
1077.89
1067.88
1065.97
25111.91
1128.91
1083.85
1073.84
1082.90
1076.22
1075.03
1074.08
25195.12
1101.97
1086.00
1095.06
1084.09
1083.14
1085.04
25204.18
1104.12
1096.01
1101.02
1092.91
1093.15
1091.00
25142.91
1137.02
1106.02
1096.01
1108.17
1090.05
1086.00
25134.09
1148.94
1101.02
1096.96
1105.07
1096.01
1091.96
25120.02
1166.11
1116.04
1102.92
1101.97
1095.06
1095.06
1098.87
25231.84
1126.05
1106.98
1108.88
1106.02
1101.97
1104.12
25222.06
1120.09
1119.14
1120.09
1115.08
1124.14
1111.98
25214.91
1134.16
1115.08
1119.14
1116.04
1114.13
1106.02
25222.06
1127.00
1116.99
1122.95
1111.98
1109.12
1120.09
25244.00
1137.97
1116.04
1122.00
1116.99
1111.98
1113.89
25223.97
1135.11
1116.99
1119.85
1116.99
1112.94
1115.80
25210.86
1134.87
1115.08
1127.00
1118.90
1111.98
1116.04
25208.00
1137.02
1118.18
1122.00
1119.85
1131.77
1121.04
25208.00
1144.17
1126.05
1127.96
1120.09
1120.09
1115.08
25175.09
