1055.96
1018.05
1006.84
1021.86
1009.94
1012.09
1016.14
1035.93
1039.98
1029.01
1020.91
25141.00
1041.89
1036.88
1035.93
1048.09
1038.07
1036.88
1042.13
1045.94
1039.03
1025.92
25087.83
1074.08
1040.94
1036.88
1036.88
1027.11
1033.07
1024.96
1012.09
967.03
967.98
955.10
25079.01
1050.95
1034.98
1035.93
1050.00
988.96
988.01
998.97
999.93
1016.86
1074.08
1010.89
1013.99
1011.13
1030.92
1030.92
986.10
999.93
1009.23
17050.98
1082.90
1038.07
1039.03
1022.82
1054.05
1059.06
1051.90
1059.06
1050.95
1055.00
1047.85
1060.01
1044.99
1050.00
1046.90
17117.98
1029.01
1017.09
1024.01
1019.95
1009.94
1017.81
998.02
1009.94
1026.87
1019.95
1023.05
1034.02
1014.95
1019.95
17065.05
1095.06
1046.18
1048.09
1055.96
1044.03
1048.09
1043.08
1054.05
1060.01
1064.78
1055.00
1024.96
1011.85
1027.82
17056.94
1033.07
974.18
963.93
993.97
1054.05
1039.98
1050.00
1044.99
1056.91
1048.80
1013.99
1014.95
1016.86
1013.99
1013.04
17071.96
1069.07
1048.09
1034.98
1025.20
1019.95
1013.99
1005.89
1005.89
998.02
989.91
985.86
1013.04
1029.01
1011.13
1014.95
21075.01
998.97
998.02
1003.03
1020.19
1008.99
1018.05
1022.82
1027.82
2236.84
25033.95
1096.01
1055.96
1058.10
1057.15
1049.04
1071.93
1047.85
1029.01
1024.01
1013.99
1004.93
25127.89
1065.02
1055.00
1038.07
1018.05
1036.17
1036.88
1034.02
1024.96
1024.96
1026.15
25074.96
1083.85
1040.94
1021.15
1036.88
1029.01
1016.86
1025.92
1026.87
1012.09
1020.91
1025.20
25141.00
1040.94
1043.08
1029.01
1028.06
1029.01
1022.82
1046.90
1037.12
1024.01
1018.05
25053.02
1019.95
985.86
973.94
977.99
963.93
964.16
963.93
952.96
1049.04
1038.07
1034.98
1033.07
1018.05
1009.94
1007.08
1003.98
980.14
972.99
960.83
16985.89
1032.83
984.91
981.81
993.97
993.97
999.93
996.11
995.16
960.83
966.07
976.09
993.97
997.78
999.93
996.11
17040.97
1055.00
1023.05
1025.92
1034.98
1018.05
1018.05
1019.95
1022.10
1011.13
1017.09
1011.13
1011.13
1020.91
1024.96
1036.17
13102.05
993.01
963.93
965.12
5022.05
1008.03
1009.94
1020.19
5084.04
1043.08
1034.98
1027.82
5073.07
995.87
980.85
962.97
9098.05
1019.00
1015.90
5029.92
1063.82
1032.83
1030.92
5038.98
1027.11
998.02
997.07
1005.17
994.92
998.02
994.92
1013.04
996.11
997.07
1009.94
25055.89
1024.96
983.95
980.85
986.81
983.00
987.05
989.20
989.91
1014.95
1022.10
1014.95
25045.87
1059.06
1029.97
1024.96
1019.00
955.82
962.97
960.11
968.93
965.83
963.93
969.17
25007.01
1008.99
975.85
969.89
969.89
967.03
969.89
962.97
967.98
965.83
972.99
968.93
966.79
25066.85
977.99
971.08
965.12
969.17
968.93
963.93
965.12
972.99
970.84
972.99
972.99
25113.82
1034.98
1027.11
1019.00
1027.82
1019.95
1019.95
1015.90
950.81
967.98
975.13
972.99
25095.94
1005.17
997.07
993.01
1000.17
1019.00
1008.99
1019.00
1012.09
1019.95
1004.93
29054.16
1022.10
972.99
963.93
963.21
986.10
993.01
990.15
986.10
988.01
991.11
988.01
993.97
982.05
985.15
976.09
974.89
17076.97
997.07
987.05
994.21
987.05
985.15
988.01
983.95
983.00
993.97
993.01
992.06
992.06
985.15
988.96
989.91
17093.18
1001.12
1013.99
1012.09
1004.93
1005.89
1004.93
1011.13
1006.13
1003.03
1011.13
1008.99
973.22
976.09
983.00
17013.07
1076.94
1036.17
1039.03
1024.96
988.01
1004.93
1001.12
1016.14
1009.94
1001.83
1010.89
1013.04
1017.09
998.97
1006.84
17055.03
1062.87
1021.86
1007.80
1015.90
993.97
998.02
976.09
972.99
997.07
998.02
1003.98
1013.99
1003.98
998.02
1002.79
17072.92
992.06
967.03
960.11
958.92
967.03
966.07
975.13
984.91
984.91
988.01
992.06
994.92
1039.03
1047.13
1050.00
25112.87
1051.90
1029.97
1034.98
988.01
958.92
967.03
977.04
982.05
973.22
977.99
976.09
21059.99
995.87
985.86
978.23
971.08
1014.95
1013.99
1020.91
1027.82
1014.95
1015.19
1012.09
25148.87
1070.98
1053.09
1050.95
1056.91
1055.00
1050.00
1056.91
1056.91
1053.09
1052.14
25084.97
1096.96
1055.00
1055.00
1062.15
1051.90
1056.91
1050.95
1058.10
1054.05
1050.95
25084.97
1016.14
972.03
963.93
963.93
965.12
964.16
962.02
972.03
987.05
977.04
977.04
978.95
25077.10
991.11
980.14
977.99
985.15
975.13
982.05
978.95
985.86
977.99
978.95
975.85
17076.02
985.15
972.03
985.15
987.05
981.09
988.96
988.96
985.86
978.95
982.05
983.00
29159.07
1074.08
1064.06
1065.02
1061.20
1056.91
1065.02
1066.92
1058.82
1060.96
1057.15
25125.98
1008.99
994.92
988.01
987.05
982.05
972.03
973.22
973.94
970.84
964.16
970.13
25007.96
1044.99
1009.94
1000.88
1004.22
995.87
998.02
999.93
998.97
1064.06
1060.01
1037.84
25100.95
1021.86
1014.23
998.02
978.95
993.01
995.87
1003.03
1014.95
1004.93
1011.13
1024.01
25166.03
1076.94
1065.97
1065.97
1061.20
1059.06
1064.06
1064.06
1060.01
1063.11
1060.01
25146.01
1044.99
1038.79
1026.87
1022.82
1010.89
1003.98
997.07
1025.92
1032.83
1034.98
1031.16
1024.01
1031.16
1023.05
17070.06
1084.09
1057.15
1052.14
1055.96
1056.91
1054.05
1049.04
1060.96
1049.04
1047.13
1047.13
971.08
961.07
962.02
959.87
17064.09
985.86
972.99
973.94
993.97
983.95
970.84
964.88
969.17
953.91
955.82
963.93
974.18
984.91
989.20
986.10
13066.05
1018.05
1006.13
1001.12
986.10
1050.95
1060.96
1055.96
1065.02
1060.01
1060.96
1061.20
1061.92
1051.90
1061.92
17093.18
1065.97
1042.84
1030.21
1039.03
1034.98
1024.96
1031.16
1008.03
998.02
1013.04
1017.81
1020.91
1020.19
1029.01
1032.11
17131.09
1054.05
1042.13
1041.89
1040.94
1036.17
1043.08
1040.94
1032.83
1039.03
1033.07
1030.92
977.04
1003.98
1008.03
17045.97
1024.01
984.91
976.80
994.92
1062.15
1062.15
1059.06
1065.02
1055.00
1055.00
1053.09
25089.03
1015.19
1009.94
1003.03
1010.89
1001.83
1004.93
998.97
1005.89
1003.03
1003.03
1000.17
25103.09
1022.10
1017.09
1015.90
1013.99
1013.04
1016.14
1022.10
1014.95
1007.80
1013.04
25050.88
1051.90
1015.90
1015.19
1014.95
1011.85
1015.90
1003.03
1006.13
1014.95
1016.86
1000.88
25053.98
996.11
963.93
960.83
953.91
966.79
972.99
990.15
988.96
997.07
997.07
1001.12
25037.05
1035.93
988.01
974.89
972.99
960.11
947.00
956.06
982.05
979.90
977.99
974.89
25019.88
1062.87
1018.76
1013.04
1023.05
1003.98
1014.95
1025.20
1035.93
1046.18
1035.93
1035.93
25127.17
1019.00
997.07
988.96
988.96
963.93
966.07
957.97
957.01
961.07
966.07
972.03
17029.05
1069.07
1026.15
1017.09
1013.04
1058.10
1052.14
1050.95
1060.01
1053.09
1052.86
1055.00
1060.96
1055.00
1055.00
17081.02
1033.07
999.93
998.02
1010.89
998.97
1000.88
1006.84
1004.93
1043.08
1049.04
1056.19
1055.00
1050.00
1050.95
1050.95
17102.96
974.18
952.96
965.83
980.85
969.89
986.10
982.05
1000.17
998.02
1001.12
1002.07
1021.15
1020.91
1016.86
1020.91
17080.78
1014.95
1000.17
999.93
986.81
1005.89
1011.85
1010.89
1026.87
1026.15
1034.98
1026.15
1055.00
1040.22
1038.07
17070.06
1058.10
1008.03
992.77
987.05
972.99
968.22
961.07
961.07
961.07
967.03
972.03
977.99
967.98
951.05
964.16
968.93
17092.94
1017.09
998.97
993.01
1006.13
1012.09
1029.01
1024.01
1029.97
1039.03
1050.95
1054.05
1048.09
1048.09
1053.09
25089.98
1083.85
1042.84
1042.84
1039.03
1022.10
1018.05
1013.04
1013.99
1001.83
991.11
986.10
25060.89
1010.89
997.07
1009.94
1023.05
1013.99
1015.90
1020.19
979.90
955.82
954.87
957.97
19282.10
1033.07
1033.07
1024.96
1027.11
1023.05
1026.15
1040.94
1046.18
25099.99
1048.80
1000.88
990.87
991.11
972.99
967.03
962.97
950.10
981.09
998.02
993.97
25033.95
1065.97
1019.95
1019.95
1019.00
1014.95
1023.05
1032.11
1024.96
969.17
967.03
957.97
21020.89
1031.88
994.92
977.04
976.80
1000.88
991.82
1002.07
998.02
986.10
988.01
983.00
989.91
974.89
972.99
970.84
17014.03
1042.13
1005.89
1008.99
1012.09
1015.90
1029.97
1025.20
1038.07
1040.94
1044.03
1041.89
1043.80
1034.98
1039.98
1035.93
17061.23
987.05
994.92
993.97
999.93
997.07
1004.93
1013.99
1019.95
1009.94
1013.99
1021.86
1015.90
1015.19
1000.88
17014.03
1105.79
1052.86
1060.01
1036.88
988.96
1000.17
1004.93
1008.99
1007.80
1013.99
1019.00
1030.21
1030.92
1037.84
1050.00
17112.02
1024.96
1013.99
1011.13
1011.13
1003.98
1013.99
1003.03
1003.03
1031.88
1034.02
1042.84
1055.00
1059.06
1061.92
17086.03
1003.03
966.07
960.83
960.11
961.07
971.79
964.88
965.83
967.03
972.03
964.16
968.93
984.91
953.20
957.01
955.10
17076.97
1004.93
998.97
997.07
988.96
1004.93
994.92
1003.03
1015.90
1002.07
999.93
998.02
1008.99
998.02
997.78
1004.93
17078.16
1001.12
981.09
977.99
984.19
979.90
977.04
981.09
984.91
1030.92
1031.16
1024.96
1046.18
1024.01
1029.01
1030.92
29128.07
1046.18
1025.92
1023.05
1023.05
1025.92
1021.86
1017.81
952.96
958.92
967.98
25007.01
1063.82
1003.98
1006.13
1006.13
993.97
983.00
978.95
978.95
962.02
957.01
953.91
24983.17
1059.06
1024.96
1018.05
1031.16
1034.02
1032.11
1042.13
1042.84
1051.90
1038.79
1035.93
25108.81
1029.01
1001.12
1000.88
1003.98
985.15
976.09
963.93
966.79
953.91
966.07
966.07
25029.18
1095.06
1057.15
1049.04
1059.06
1046.90
1049.04
1051.90
998.97
1020.91
1020.91
1027.82
25151.01
1065.97
1065.02
1040.94
990.87
996.83
1005.89
1011.13
1003.98
998.02
996.11
1003.03
996.11
999.93
996.11
17055.03
1078.84
1039.03
1033.07
1037.12
1015.90
1003.03
1005.89
987.05
957.97
962.97
969.17
976.09
970.13
972.03
975.13
17007.11
1007.08
978.95
974.89
988.96
990.15
997.07
1000.88
1013.04
1004.93
1008.99
1013.04
998.97
995.87
1003.98
998.97
17052.89
1038.79
999.93
995.87
992.06
1024.96
1035.93
1029.01
1035.93
1044.99
1048.09
1055.96
1068.83
1062.87
1061.92
17075.06
1098.87
1047.85
1031.88
1032.11
1034.02
1031.88
1032.11
1019.00
996.11
1007.08
1009.23
1007.08
1008.03
1009.94
1018.05
17062.90
1046.90
1028.06
1019.00
1024.01
1015.90
1019.00
1010.89
1027.82
1010.89
1024.01
1015.90
983.00
996.11
1008.99
1013.99
17097.95
989.20
974.89
975.85
998.97
1047.13
1036.88
1030.92
1031.88
1034.02
1024.01
1035.93
1030.92
1026.87
1024.01
17068.86
1093.86
1065.97
1060.96
1060.96
1061.20
1060.96
1061.20
1003.98
958.20
960.11
960.83
962.02
966.07
967.03
975.13
17028.09
1010.18
968.93
972.03
972.03
967.98
959.87
958.92
964.16
957.01
952.96
952.96
24986.98
1007.08
964.88
968.93
968.22
979.90
968.93
967.03
973.94
976.09
977.99
967.03
972.99
25133.13
1056.91
1047.85
1066.92
1056.19
1061.92
1060.96
1065.02
1064.06
1064.06
1061.92
25138.14
1043.08
1022.10
1013.99
1022.10
1003.98
998.02
985.86
988.01
968.93
965.12
965.12
25099.04
1038.07
1023.05
1026.87
1028.06
1029.01
1036.88
1052.86
983.95
980.14
971.08
25004.15
1086.00
1045.94
1030.92
1008.99
959.16
962.02
971.08
977.04
967.03
967.03
972.99
16989.95
1030.92
988.01
982.05
986.10
981.09
978.95
977.99
977.04
988.01
984.19
988.01
985.15
981.09
997.07
997.07
990.15
17075.06
999.93
993.97
988.96
997.07
994.92
993.97
997.07
992.06
985.15
997.07
992.06
979.19
946.04
962.97
971.79
17112.02
1030.92
1022.10
1015.19
998.02
1006.13
1006.13
1012.09
1012.09
1007.08
1012.09
1020.91
1010.89
1012.09
1008.03
17045.02
1065.97
1011.13
1009.94
1014.95
1008.03
1011.85
1003.03
999.93
983.95
994.92
996.83
1015.90
997.07
992.77
998.97
17042.16
1053.09
1013.04
1014.95
1013.99
1028.06
1009.94
1011.85
1019.95
1014.95
1011.85
1006.84
998.02
986.10
1003.98
996.83
17097.00
1020.91
999.93
992.77
958.92
1011.85
1017.81
1030.92
1028.78
1025.92
1024.01
1020.91
1031.88
1023.05
1024.96
1028.06
17094.14
1003.98
989.20
974.89
978.95
961.07
955.10
961.07
1043.08
1039.03
1053.09
1040.94
1055.96
1039.03
1043.80
17068.86
1055.00
1012.09
1001.12
1001.12
987.05
981.09
966.07
974.89
953.91
959.16
963.93
981.81
983.00
983.00
973.94
967.98
25069.00
997.07
977.99
974.89
995.87
1001.12
990.15
988.01
994.21
972.99
977.99
973.94
25089.98
1008.03
991.11
993.97
982.05
982.05
972.03
969.89
978.95
965.12
965.12
957.01
25078.06
987.05
970.84
964.16
971.08
964.16
962.97
956.06
963.93
951.05
960.11
957.97
25023.94
1002.07
971.08
965.12
967.98
960.83
958.92
962.97
951.05
993.01
1006.13
1008.99
25055.89
1051.90
1007.08
993.97
997.07
1058.10
1053.09
1058.82
1065.97
1060.01
1064.78
1059.06
29083.01
985.15
977.04
967.98
990.87
969.89
966.07
958.92
966.07
957.01
965.83
967.03
988.96
986.10
992.06
994.92
17112.97
1024.01
1023.05
1008.99
1017.81
1009.94
1013.04
1015.19
977.04
966.07
983.95
994.21
1010.89
1008.03
1010.89
1015.19
17103.91
1024.96
1019.00
1019.00
1018.05
1014.95
1008.99
1014.95
1007.08
998.97
999.21
989.91
1024.01
1037.12
1043.08
17087.94
1091.00
1060.01
1060.01
1038.07
991.11
994.92
995.87
993.97
993.01
994.21
989.91
1005.89
1001.83
1008.99
1008.03
17095.09
1059.06
1057.15
1050.00
1049.04
1044.03
1041.89
1040.94
1009.94
1030.92
1025.92
1028.06
1023.05
1021.86
1020.91
17049.07
1064.06
1020.91
1017.09
1024.01
1019.00
1019.95
1018.05
1022.82
1018.05
1013.99
1013.04
1027.82
1024.96
1020.19
1019.95
13106.11
1031.16
1002.07
998.97
993.97
974.89
963.93
957.01
959.87
958.92
966.79
967.98
25027.99
1055.00
1029.97
1013.99
1029.97
1044.03
1033.07
1030.92
1039.03
1041.89
1042.13
1052.14
25084.02
991.11
985.15
973.94
970.84
963.93
955.10
960.11
1021.15
1008.99
1008.03
1004.93
25072.81
983.95
979.19
973.94
1044.03
1053.81
1060.01
1055.00
1052.86
1052.86
1050.95
25074.01
1043.80
1008.99
1000.17
994.92
994.92
1001.12
989.91
988.96
981.09
975.13
975.13
25012.97
1024.96
977.04
970.13
972.99
979.90
971.08
978.23
984.91
973.94
974.18
983.00
25025.13
1031.16
982.05
973.94
979.90
977.99
977.04
979.90
978.95
974.18
976.09
973.94
977.99
17061.00
991.82
989.91
990.15
991.11
993.97
989.91
997.07
998.97
994.92
992.06
994.92
1022.82
1015.90
1011.85
17019.99
1081.94
1026.87
1023.05
1029.01
1015.19
1024.01
1013.99
1018.05
1013.99
1011.13
1011.13
1013.04
1017.09
1013.04
1009.94
17056.94
1025.20
986.10
979.90
980.85
975.13
975.13
977.99
964.16
988.01
990.15
988.01
989.20
991.11
990.87
990.87
17026.90
1035.93
1001.12
996.11
994.92
986.81
994.92
983.95
17029.05
1077.89
1055.96
1047.13
1066.92
1054.05
1051.90
1055.96
1064.06
1063.82
1065.02
1066.92
1024.96
1022.10
1019.00
17041.21
1091.00
1039.98
1054.05
1057.15
1050.95
1056.91
1055.96
1071.93
1057.86
1062.15
1056.91
967.03
966.07
972.03
970.13
17128.94
1028.78
1024.01
1013.04
1056.19
1042.84
1039.03
1049.04
1031.16
1019.00
1008.03
25040.15
1008.99
975.85
974.89
986.10
992.06
993.01
1000.88
1007.80
1005.89
1007.80
1013.99
25070.91
1080.99
1043.08
1033.07
1037.12
1018.05
1013.99
1011.85
1005.89
999.93
991.11
977.04
25056.84
1042.84
1020.19
1023.05
1027.11
1030.92
1029.01
1025.92
1030.92
1020.19
1013.04
1007.08
25127.17
1056.91
1044.99
1038.07
965.12
983.95
978.95
973.22
969.89
965.83
966.07
967.98
25090.22
1009.94
1001.83
1004.93
995.16
991.11
988.96
991.82
983.00
981.09
976.09
981.09
25095.94
1023.05
1011.85
1008.03
972.03
967.98
966.07
964.16
978.95
978.23
974.89
974.18
978.95
977.99
976.09
972.99
17100.10
1011.85
1001.83
994.92
1010.18
998.02
992.06
988.01
962.97
968.93
972.03
967.98
979.19
977.04
971.08
974.18
17059.09
1015.90
993.01
998.97
1042.13
1013.04
992.77
994.92
977.99
1018.05
1012.09
1008.99
977.99
998.97
983.00
983.00
17085.08
994.92
985.15
977.04
986.10
974.18
967.98
964.16
972.99
966.07
972.03
972.03
967.03
1000.88
1011.85
1019.00
17091.99
981.09
960.11
962.02
969.89
962.02
966.79
962.97
967.03
964.88
964.16
966.07
978.95
977.99
969.89
971.79
17027.85
1086.95
1043.08
1042.84
1050.00
1043.08
1040.94
1041.89
1029.97
1029.97
1029.97
1025.92
1038.07
1023.05
1024.01
1024.01
17099.14
1024.96
1008.03
1015.90
999.93
1012.09
999.93
1005.89
1001.83
1003.03
1003.03
998.97
1019.95
1021.15
1022.10
17052.89
1070.98
1026.15
1039.03
1031.16
957.97
977.99
973.94
976.80
972.99
976.09
971.08
988.01
972.03
970.84
974.89
25005.82
1035.93
983.95
986.10
988.96
979.90
973.94
977.04
980.14
972.99
979.90
975.13
24999.86
1115.08
1056.91
1064.06
1062.87
1064.06
1060.01
1059.06
1030.21
988.96
988.01
983.95
25067.81
1031.88
1016.86
998.02
1019.95
988.96
993.01
990.87
997.78
993.97
997.07
1006.13
25093.08
993.01
982.05
980.85
993.97
993.97
991.82
996.83
1000.88
1009.94
1000.88
1000.88
21076.92
1019.00
993.97
991.11
995.87
978.95
991.11
978.95
985.86
967.98
970.13
966.07
29099.94
1034.98
1022.10
1018.05
1022.82
1011.85
1019.00
1015.90
1029.97
1003.98
1015.90
1008.99
959.87
979.90
985.15
992.06
17074.11
988.01
980.14
978.95
973.94
971.08
971.08
968.22
967.98
961.07
957.97
966.07
980.14
963.93
961.07
964.88
17073.15
1012.09
1004.93
993.97
1000.17
983.95
986.81
977.99
967.98
971.79
984.91
984.91
996.11
988.01
991.82
992.06
17057.90
1014.95
985.86
988.96
991.11
981.09
977.99
968.22
972.03
962.02
967.03
964.88
963.93
1024.01
1026.87
1034.02
17084.84
1035.93
997.07
990.87
994.92
982.05
979.19
978.95
957.97
994.92
995.87
988.96
993.97
988.96
976.09
981.09
17011.88
1019.95
994.92
985.15
1001.12
981.09
987.05
977.99
975.85
973.94
962.97
961.78
956.06
966.07
968.93
975.85
17009.97
1042.13
983.00
982.05
972.99
993.01
990.87
990.87
998.97
992.06
987.05
981.09
985.15
983.95
975.85
974.89
972.03
17136.81
1055.96
1049.04
1062.87
1051.90
1055.00
1053.81
1024.96
1019.00
1016.86
1011.85
1027.82
1015.90
1013.99
1013.99
13113.02
1024.01
1014.95
1013.04
1020.91
1018.05
1019.00
1011.13
13090.13
1014.95
1003.03
993.97
1003.98
987.05
985.15
982.05
1043.08
1024.96
1020.91
25044.92
1096.01
1055.00
1045.94
1047.85
1050.00
1039.98
1047.13
1044.03
1037.12
1044.03
1041.17
1032.11
1029.01
1016.14
1004.93
17113.92
1050.00
1046.90
1046.90
988.01
1008.99
1004.93
1014.95
1003.03
1010.18
1002.07
1005.89
1008.03
999.93
994.92
17030.00
1081.94
1016.86
1017.81
1023.05
1008.99
1011.13
1010.18
1002.07
968.93
979.90
989.20
993.97
987.05
995.16
993.97
17014.03
1059.06
1018.05
1019.95
1028.06
1019.00
1019.95
1012.09
1003.98
1001.12
1004.93
999.93
984.19
967.98
984.19
989.91
17045.02
1052.14
1018.05
1004.93
991.11
993.97
998.97
1001.12
1015.90
999.93
997.78
984.91
998.02
993.97
985.15
983.00
17032.15
1001.12
967.03
972.03
976.80
978.95
987.05
985.86
981.81
1009.94
1012.09
1002.07
1008.03
1007.08
997.07
997.78
17027.85
1034.02
1001.12
1008.03
1017.09
1017.09
1008.03
1012.80
1026.87
1026.87
1029.97
1043.08
1017.09
957.97
964.88
963.93
17048.12
977.99
970.13
962.02
958.20
983.00
976.09
970.13
972.99
961.07
957.01
958.92
976.09
971.08
984.91
981.09
17036.91
1089.10
1059.06
1055.96
1064.06
1060.01
1057.15
1056.91
1067.88
1055.00
1060.01
1055.00
25122.17
1034.98
1015.19
1016.86
1011.85
1005.89
1013.04
1014.95
955.82
964.88
962.97
32999.99
1075.03
1025.92
1022.10
1025.20
1027.11
1017.09
1017.09
1019.00
1020.19
1018.05
1016.86
25065.90
1077.89
1044.99
1050.00
1049.04
1050.00
1048.80
1049.04
992.06
966.07
967.03
961.07
25100.95
1042.13
1034.98
1019.95
1059.06
1043.80
1044.03
1054.05
1040.94
1046.18
1042.13
25075.91
1056.91
1018.05
1017.09
1025.20
1012.09
1017.09
1012.09
1014.95
1011.85
1014.95
1013.99
994.21
979.90
979.90
979.19
17076.97
1040.94
1026.15
1034.98
1023.05
1008.99
1015.90
1011.85
1014.95
1018.05
1013.04
1013.04
1018.05
1004.93
1000.88
1008.03
17111.78
1023.05
1015.90
1024.01
1017.09
1019.00
1033.07
1036.17
1064.06
1064.06
1059.06
1065.97
1065.02
1056.91
1059.06
17100.81
967.98
960.11
962.02
980.14
979.90
987.05
989.91
1000.88
999.93
1005.17
1004.93
1024.96
1029.97
1032.83
1031.88
17087.94
995.16
974.89
977.04
962.02
1013.04
1021.15
1011.13
1024.01
1030.92
1034.02
1045.94
1049.04
1054.05
1055.00
17083.88
1086.00
1054.05
1051.90
1054.05
1052.86
1051.90
1049.04
998.97
973.94
991.82
999.93
1011.13
1005.89
1015.90
1010.89
17134.19
1048.09
1042.13
1035.93
1039.03
1039.03
1032.11
1039.03
1034.98
1034.02
1037.12
25064.95
1056.91
1011.13
1007.08
1003.03
1003.98
997.07
989.91
994.92
988.01
977.99
978.95
25019.88
1075.03
1030.92
1026.87
1039.98
1043.08
1030.92
1026.87
1019.00
1019.95
1008.99
1013.04
25115.01
1031.88
1015.90
1012.09
956.06
977.99
984.91
985.15
992.06
980.14
988.01
975.85
25081.87
1022.82
1020.91
1017.09
1022.10
1018.05
1015.90
1009.94
1020.91
1021.15
1013.04
1012.09
25129.08
1041.89
1038.07
1041.89
1030.21
1043.08
1033.07
1042.13
1036.88
1037.84
1034.98
17100.10
1016.14
1002.07
998.02
1006.13
992.06
1004.93
997.07
1005.89
988.96
997.07
996.11
990.15
1034.02
1029.97
1045.94
17125.13
1039.98
1022.82
1013.04
973.94
960.83
962.97
962.97
972.03
972.99
961.78
963.93
975.13
968.93
971.08
968.93
17091.99
1056.91
1049.04
1052.14
1058.10
1052.14
1047.85
1050.00
1021.15
1018.05
1024.96
1024.96
1011.13
1014.95
1009.94
17039.06
1051.90
1020.19
1023.05
1029.01
1019.95
1011.13
1010.89
1012.80
1001.83
1003.98
996.11
17041.92
1013.04
986.10
977.99
986.10
979.19
977.99
985.15
977.99
1019.95
1018.05
1015.19
1028.06
1016.14
1019.00
1013.99
17107.96
980.14
965.12
962.02
974.18
957.97
959.16
956.06
963.93
957.97
963.93
972.03
967.98
1024.01
1022.10
1031.88
25059.94
1004.22
966.07
962.02
953.91
1028.06
1033.07
1024.96
1029.01
1021.86
1025.92
1025.92
25090.93
1031.88
1009.94
1007.08
1018.05
1016.86
1005.17
1004.93
1021.15
996.11
991.11
986.81
25112.87
1027.82
1009.94
1016.86
1006.84
991.82
995.87
989.91
993.01
973.94
981.09
977.99
25112.87
1009.94
1012.09
1002.07
1004.93
998.97
990.15
993.01
946.04
971.79
972.03
979.90
25115.01
1029.01
1015.19
1009.94
951.05
949.86
970.13
971.08
980.14
972.99
977.99
972.99
29099.94
1032.11
1022.10
1007.08
994.92
1012.80
1013.04
1012.09
967.98
975.13
967.98
972.03
1023.05
1044.99
1041.89
1047.13
17107.96
1041.89
1026.87
1020.91
1013.04
1009.94
1006.13
983.00
981.09
980.14
970.13
977.04
978.95
980.85
991.82
17014.03
1002.07
962.97
972.99
977.99
977.99
983.00
995.16
992.06
1013.99
1000.88
1006.84
1010.89
996.11
998.02
998.02
17025.95
1071.93
1021.15
1004.93
1016.86
1012.09
1010.18
1005.89
1010.89
979.19
1002.07
1012.09
1004.93
1007.80
1008.99
1020.19
17051.94
1036.88
1003.03
1003.03
1010.89
997.07
1001.83
996.83
1004.93
1002.07
997.07
994.21
989.91
1040.22
1045.94
1053.81
17115.83
1009.94
999.93
996.11
981.09
962.02
969.17
964.88
978.95
975.13
979.90
977.04
982.05
979.90
977.99
976.09
13032.91
1043.08
1007.08
1004.93
998.97
1019.00
1033.07
1029.97
1031.88
1029.01
1013.99
1012.09
25090.22
990.87
982.05
978.95
980.85
973.94
970.13
963.93
967.98
968.93
967.98
975.13
25028.94
1008.03
984.91
970.84
972.99
970.13
970.13
962.97
974.18
967.03
970.13
976.09
25015.12
1048.09
1009.94
1016.86
1017.81
1008.03
1008.03
1005.17
999.93
991.82
1005.89
1009.94
25071.14
1059.06
1028.06
1032.11
1022.10
957.97
954.87
960.83
983.95
972.03
981.09
986.10
25041.10
1033.07
994.21
990.87
985.86
968.93
971.08
957.97
966.07
958.92
975.13
971.08
25022.98
1054.05
1028.06
1030.92
1036.88
1023.05
1032.11
1042.13
1047.13
1044.03
1040.94
1040.94
25156.97
1061.92
1044.99
1048.09
1039.98
1037.12
1039.03
1048.80
1036.88
1036.88
1035.93
1034.02
1035.93
1034.02
1038.79
17099.86
1024.01
994.92
998.97
1017.09
1006.13
1004.93
1007.80
1018.05
1030.92
1021.86
1024.01
1034.02
1022.10
1025.92
1024.96
17076.97
1002.07
1000.88
1011.85
1009.94
1019.95
1012.09
1022.10
1024.96
1025.92
1038.07
1023.05
983.95
988.96
990.87
17029.05
1110.08
1066.92
1062.87
1029.01
1004.93
1009.94
998.02
1017.81
1022.82
1014.95
1022.10
1034.02
1032.83
1050.00
1044.99
17121.08
1035.93
1024.96
1019.00
1029.97
1021.86
1024.01
1019.95
1005.17
1013.04
1013.04
1029.97
1029.01
1033.07
1043.08
17090.08
1032.11
993.01
988.96
970.13
976.09
976.09
982.05
984.91
984.91
983.95
982.05
987.05
984.19
981.09
988.01
25022.03
1091.00
1055.00
1052.14
1034.98
1048.80
1038.07
1030.92
1027.82
1010.89
1008.99
1008.03
25071.14
988.96
982.05
986.81
1003.03
1002.07
1001.12
1014.95
1020.91
1012.09
1013.04
1018.05
25144.82
1050.95
1043.80
1045.94
1051.90
1044.03
1034.98
1024.01
1016.14
1008.99
1013.99
21039.01
1007.80
966.07
962.02
961.07
1050.00
1048.09
1050.00
1055.00
1050.95
1051.90
1050.00
25128.84
1026.87
1009.94
1011.13
1017.09
1003.98
1003.98
1012.09
1020.91
1013.04
1014.95
1008.03
25137.90
1053.09
1046.18
1054.05
1045.94
1045.94
1054.05
1024.96
1016.86
1022.10
1023.05
1036.17
1037.12
1039.98
1052.14
17143.01
1070.98
1065.97
1058.10
1066.21
1060.01
1063.11
1060.96
1062.87
1060.96
1061.92
1022.82
988.01
972.03
963.93
17006.87
1050.00
1019.95
1013.99
1034.02
1046.90
1050.95
1044.99
1050.00
1043.08
1044.99
1037.84
1049.04
1038.07
1042.84
1039.03
17081.02
991.11
981.09
988.01
979.90
966.07
961.07
967.98
1019.95
1012.80
1006.84
1000.88
1005.89
986.81
996.83
985.86
17056.94
982.05
980.85
981.81
1004.93
985.86
990.15
992.06
998.02
1001.12
995.16
991.11
957.01
955.10
959.16
964.88
17102.96
1035.93
1013.99
1008.99
993.97
995.16
989.91
980.85
991.82
983.00
990.15
987.05
993.01
994.21
998.02
993.97
17058.85
977.04
977.99
972.03
1020.91
981.81
980.85
981.81
984.91
975.85
979.90
979.19
25099.04
1033.07
1012.09
1012.09
1014.23
1017.09
1010.89
1019.00
1020.91
1013.04
1011.85
25040.86
1077.89
1040.94
1029.01
1036.88
1028.06
1029.97
1032.11
1034.98
1027.11
1032.11
1029.01
25100.95
1039.03
1013.99
1022.10
1015.90
1010.89
1012.80
1003.98
983.00
990.15
998.97
1006.13
25097.13
983.95
977.99
977.99
983.95
1048.09
1033.07
1044.99
1052.86
1060.96
1059.06
25084.02
1014.95
962.97
959.87
967.98
971.08
973.94
977.04
978.95
992.06
991.11
1002.07
1000.17
17127.99
1044.99
1046.90
1047.13
1050.95
1054.05
1051.90
1066.92
1062.15
1060.01
1060.01
1000.88
991.82
987.05
998.97
17121.08
1010.18
997.07
998.97
1003.98
1050.95
1049.04
1033.07
1029.97
1019.00
1013.99
1003.03
1015.90
1001.12
988.96
977.99
17101.05
1042.13
1048.09
1039.03
1034.98
1030.92
1032.83
1029.97
1030.92
1024.96
1024.01
1015.90
1010.89
1001.12
993.01
17022.85
1060.01
1035.93
1029.01
1034.02
1026.15
1024.96
1026.87
1032.83
1029.01
1026.87
1023.05
1025.92
1016.86
1010.89
1019.00
17108.92
1020.91
1013.04
1012.09
1002.07
1022.10
1012.09
1012.09
1006.84
1008.99
1005.89
1011.85
1019.95
1016.14
1003.98
17036.91
1059.06
1025.92
1013.04
1017.81
1009.94
1013.99
1013.99
1004.93
967.03
972.03
972.99
974.89
977.04
976.09
971.08
25023.22
1044.99
1006.13
1003.03
999.21
993.01
998.02
993.97
999.93
998.02
994.92
999.93
25031.09
1026.87
1002.79
1001.83
998.02
993.01
993.01
998.02
983.00
988.96
978.95
966.79
25003.91
1065.02
1014.95
1014.95
1003.98
1057.86
1062.87
1043.08
1051.19
1035.93
1032.83
1035.93
25121.93
1027.11
1022.10
1003.03
1012.09
993.01
981.09
969.17
970.84
959.87
953.20
965.12
25101.90
1019.95
1019.00
1011.85
1021.86
1011.85
1014.95
1028.06
1022.10
1038.07
1046.18
21571.87
1055.96
1026.15
1013.04
1013.04
1010.89
1011.13
1010.18
1015.90
993.97
994.92
985.86
25099.99
1023.05
1016.14
1008.03
1040.94
1045.94
1049.04
1057.15
1054.05
1056.91
1049.04
25078.06
1086.00
1062.87
1060.01
1048.09
1039.98
1042.13
1041.17
1048.09
1035.93
1037.84
25073.05
1100.06
1057.15
1043.08
1041.89
1041.89
1038.79
1041.89
1046.90
1044.03
1038.79
1033.07
25125.03
1016.14
1003.03
1010.18
1006.84
1001.83
1003.03
994.92
962.02
1013.99
1006.13
1013.04
25094.03
983.95
976.09
970.13
13056.99
975.85
972.03
969.89
1008.99
1028.06
1027.11
1024.96
1030.92
1021.86
1008.99
1020.91
25069.95
1007.08
990.15
994.92
988.96
982.05
976.09
977.04
978.95
976.09
977.99
968.93
25120.02
1029.97
1017.09
1026.15
1006.13
1007.08
994.92
1001.83
1002.07
990.15
988.96
25022.03
1075.03
1044.03
1043.08
1049.04
1032.83
1035.93
1034.98
1010.89
999.93
1007.08
1010.18
25115.97
1065.97
1049.04
1047.13
992.06
1015.90
1016.86
1022.82
1039.98
1039.03
1040.94
25059.94
1040.94
980.85
966.79
958.92
970.13
957.97
967.98
972.03
994.21
983.95
995.16
993.97
25123.83
1024.01
1019.00
1025.20
1028.06
1031.88
1029.97
1044.99
1040.94
1042.13
1044.03
41071.18
1008.03
971.08
966.07
967.03
959.16
956.06
956.06
959.16
961.07
958.92
954.87
966.07
13060.81
988.96
972.99
972.99
9090.90
970.84
958.92
962.97
5023.00
966.07
956.77
957.97
9124.99
1049.04
1044.03
17071.96
1051.90
1003.98
1000.17
1003.98
990.15
992.06
1000.17
1004.93
990.15
988.96
983.95
25019.17
1052.14
1003.98
1010.18
1006.13
1007.08
1002.07
1003.98
1011.13
1003.03
999.93
999.93
25042.06
1098.16
1065.02
1054.05
1055.96
1052.86
1050.00
1054.05
1058.10
1044.99
1055.00
29081.11
1100.06
1060.01
1055.00
1060.01
1057.15
1055.96
1050.00
1061.92
1046.90
1053.09
1055.00
1021.86
986.81
982.05
969.89
17061.95
1000.17
988.01
988.01
1045.94
1026.15
1030.92
1024.01
1037.12
1030.92
1027.82
1029.97
1031.16
1019.95
1031.88
17066.00
1068.12
1022.10
1007.08
1019.00
1015.19
1024.01
1013.04
992.06
1030.21
1039.98
1029.97
1038.79
1030.92
1040.22
1032.83
17127.99
1059.06
1049.04
1036.88
1050.00
1044.99
1038.07
1036.17
1040.94
1040.22
1039.98
1038.07
989.20
998.02
1007.08
17035.01
1058.82
1033.07
1024.96
1009.94
1029.01
1024.01
1024.01
1034.98
1025.92
1024.01
1024.96
1029.97
1024.01
1027.11
1015.90
17091.04
976.09
968.93
961.78
968.93
955.10
957.01
957.97
967.98
1011.85
1009.94
1013.99
1022.10
1011.13
1018.05
1004.22
13108.02
1044.99
1034.98
1031.88
1039.03
1031.88
1029.01
1029.97
1005.89
1009.94
1010.89
37042.14
1031.16
980.14
976.09
974.89
968.93
974.18
981.09
979.90
1013.04
1013.04
1008.03
13040.07
1013.04
986.10
979.90
978.95
980.14
973.94
983.00
980.14
983.00
982.05
979.90
976.09
37148.00
1055.00
1047.13
1050.00
1050.95
1041.89
1045.94
1050.00
1042.84
1041.89
1039.98
13123.04
1026.15
1012.09
1021.15
1016.86
1015.90
1016.14
1009.94
957.97
1016.14
1008.99
1017.81
29071.09
988.01
974.89
980.85
983.95
967.98
984.91
976.09
988.01
972.99
969.89
981.81
25072.81
990.87
978.95
977.99
981.81
975.85
967.98
972.99
975.85
972.99
977.99
974.18
29022.93
1056.91
1033.07
1030.21
1033.07
1029.01
1034.02
1027.82
1044.03
1028.06
1025.92
1025.92
1029.97
1053.81
1047.85
17089.13
1061.20
1013.04
1008.99
987.05
1005.89
1026.87
1041.17
1059.06
1052.14
1057.86
1051.90
1055.00
1053.09
1054.05
1058.10
17157.08
1070.02
1062.15
1070.98
1068.12
1060.96
1058.82
1032.83
958.92
967.03
969.89
984.91
976.09
970.13
981.09
5002.02
993.97
978.95
970.13
979.90
976.80
978.95
975.13
983.00
984.91
983.00
983.95
978.95
946.04
956.06
965.12
971.08
17130.85
1019.95
1019.00
1015.90
974.18
973.94
974.89
983.00
989.91
984.91
973.22
977.04
989.91
988.96
988.01
988.96
17066.00
984.19
977.04
977.99
983.00
977.99
977.04
974.89
989.91
967.98
972.03
961.07
969.89
974.89
969.89
966.07
17047.17
1037.12
1037.12
1014.95
1023.05
1016.86
1017.81
1016.86
1024.01
1009.94
1021.86
1018.05
1039.03
1012.09
1005.89
1009.94
17120.12
1044.99
1035.93
1028.06
972.99
989.91
988.01
994.92
993.01
987.05
995.16
998.97
992.06
990.87
997.07
17037.87
1076.94
1044.03
1037.84
1034.98
1034.98
1029.01
1031.88
1034.98
1029.97
1030.92
1033.07
25127.17
1050.95
1042.84
1040.94
1056.19
1044.03
1040.94
1041.89
1005.89
1013.99
1019.95
25048.02
1030.92
976.80
969.89
966.07
1019.95
1018.05
1016.14
1020.91
1008.99
1025.92
1019.00
25052.07
1033.78
1008.03
1003.03
1010.18
1005.89
1005.89
1008.03
1003.03
1006.13
1003.98
999.93
21054.98
1060.01
1019.00
1016.14
1027.11
1017.09
1019.95
1012.80
1028.06
1019.00
1013.99
1014.95
29140.00
1051.90
1024.96
1024.01
1005.17
1012.09
1026.87
1011.85
1039.98
1011.13
1017.09
25049.92
1117.94
1066.21
1064.06
1065.02
1065.97
1065.02
1061.92
1070.02
1060.01
1063.11
1064.06
25147.91
1065.02
1059.06
1065.02
1058.82
1060.01
1061.92
1025.20
963.93
977.99
977.99
992.06
988.96
985.15
983.00
17040.01
1062.87
1029.97
1024.96
1031.16
1023.05
1025.20
1028.06
1035.93
1022.10
1024.01
1016.86
990.15
952.96
969.89
971.79
17094.85
1033.07
1020.91
1014.95
1021.15
1009.94
1005.89
1012.09
1009.23
997.07
1008.99
998.02
1003.03
992.06
992.06
991.11
17123.94
1043.08
1034.02
1034.98
1029.97
1033.07
1028.06
1026.15
1042.13
1036.88
1038.79
1043.08
1034.98
1039.98
1039.98
17107.01
1015.19
1003.98
996.83
1016.86
995.16
993.97
985.86
990.87
983.95
977.04
985.15
998.02
1026.87
1022.10
1023.05
17120.12
1057.15
1048.09
1042.13
993.01
985.15
988.01
985.86
996.83
1005.17
999.93
1004.93
1007.08
995.16
993.01
994.21
17133.95
1072.88
1052.86
1063.11
1049.04
1051.19
1054.05
1053.09
1060.96
1051.90
1047.13
25133.13
1062.15
1042.13
1034.02
1039.98
1037.12
1034.98
1032.83
965.83
982.05
978.95
983.00
25110.96
1041.89
1013.99
1014.95
992.06
1007.80
1003.03
1002.07
1007.08
1006.13
1003.03
25038.96
