1168.01
1176.12
25249.00
1145.12
1139.16
1127.00
1137.97
1135.83
1135.83
1128.91
1123.19
1117.94
21188.02
1188.04
1165.15
1163.01
1164.91
1166.11
1153.95
25270.22
1127.00
1129.15
1112.94
1108.17
1104.12
1102.92
21230.94
1161.10
1147.99
1117.94
1156.09
1155.14
1154.18
1160.86
1160.86
1186.85
25240.90
1132.01
1109.12
1147.03
1168.97
1167.06
1166.11
1177.07
1167.06
1162.05
25192.02
1223.09
1161.10
1178.03
1165.15
1145.12
1142.02
25192.98
1178.03
1137.97
1147.99
1703.98
1157.05
1152.04
33252.00
1157.05
1124.86
1126.05
1125.10
1113.18
1125.10
1125.10
1111.98
1114.13
25161.98
1141.07
1116.04
1116.04
1131.77
1129.87
1124.14
1150.13
1122.00
1127.00
1133.92
25277.85
1178.98
1174.93
1160.86
1168.01
1188.99
1165.15
29264.93
1175.88
1170.87
1148.22
1167.06
1167.06
1163.96
1163.01
1152.04
1165.15
25270.94
1145.84
1121.04
1123.91
1168.97
1168.01
1163.01
1170.87
1162.05
1168.01
29237.99
1166.82
1132.01
1122.95
1129.87
1142.02
1167.06
25268.08
1152.04
1120.09
1108.17
1099.11
1106.98
1094.10
25207.04
1143.93
1122.95
1117.94
1112.94
1118.90
1106.02
1094.10
1151.08
1144.89
1142.02
25211.10
1125.10
1111.98
1116.99
1124.86
1096.01
1127.00
1168.01
1180.89
1173.02
25229.93
1154.18
1120.09
1117.94
1150.85
1178.98
1172.07
25280.00
1170.87
1145.12
1153.95
1130.82
1152.04
1154.90
1180.89
1159.19
1141.07
25223.02
1142.02
1101.97
1103.88
1131.06
1152.04
1152.99
1152.99
1152.99
1180.89
1184.94
25258.06
1162.05
1145.12
1158.00
1135.83
1118.18
17189.03
1203.06
11242.87
1173.02
1132.97
1122.00
1106.98
1096.01
1091.00
17186.88
1195.19
1163.01
1161.10
1162.05
1157.05
1192.81
25255.92
1181.13
1159.19
1136.06
1126.05
1116.99
1104.12
1107.93
1101.97
1100.78
25156.02
1200.91
1188.99
1170.16
1127.00
1123.19
1124.86
1164.91
1128.91
1131.06
1127.96
1126.05
1159.91
1169.92
17232.18
1129.87
1091.96
1111.98
1121.04
1173.02
1148.94
1163.01
1158.95
1163.96
1178.98
1171.83
1139.88
1138.93
13199.09
1192.81
1160.86
1169.92
1092.20
1106.02
1120.09
1137.97
1188.99
1214.98
1132.97
25273.08
1177.07
1177.07
1146.08
1150.13
1152.99
1172.78
1158.95
1147.99
1145.84
29237.99
1111.03
1096.96
1104.12
1111.98
1133.92
1144.17
25273.08
1158.00
1136.06
1127.96
1116.04
1100.06
1096.01
29232.98
1137.97
1127.00
1125.10
1137.02
1119.85
1120.81
1128.91
1116.04
1117.94
25170.09
1149.18
1122.95
1101.97
1106.02
1137.02
1127.00
1125.10
1131.06
1122.00
1116.04
21187.07
1176.12
1144.89
1137.97
1131.06
1130.10
1122.95
1111.98
1124.14
1130.10
1138.93
1134.87
1160.86
1127.00
17176.87
1127.00
1114.13
1119.14
1106.98
1104.12
1106.98
1133.92
1152.04
1160.86
1165.87
25242.81
1154.90
1147.99
1151.08
1131.06
1149.89
1158.95
1152.04
1150.85
1158.95
25289.06
1172.78
1169.92
1164.91
1172.07
1155.14
1185.18
9226.08
1116.04
1095.06
1095.06
1109.12
1101.97
1122.00
25273.08
1138.93
1116.04
1110.08
1102.92
1095.06
1094.10
29237.99
1160.14
1161.10
1143.93
1120.81
1148.94
1137.02
1152.04
1145.84
1161.81
25202.04
1161.10
1139.16
1132.97
1139.16
1125.10
1119.14
1143.93
1120.81
1131.06
1113.89
13643.03
1137.97
1132.97
13261.08
1154.90
1147.99
1127.00
1151.80
1167.06
1149.89
25223.02
1132.01
1122.00
1111.03
1117.94
1105.79
1101.02
1132.01
1125.10
1120.09
25193.93
1148.94
1116.04
1113.89
1151.80
1164.91
1150.85
1163.96
1169.92
1183.03
25202.04
1192.81
1117.94
1109.84
1092.91
1130.10
1127.96
1121.04
1122.95
1113.89
26452.06
1201.87
1163.96
1159.19
1127.96
1127.00
1117.94
1125.10
1111.98
1106.02
25125.98
1173.97
1116.04
1107.93
1101.97
1105.07
1115.08
1165.15
1214.98
1115.08
1117.94
25189.88
1198.05
1169.92
1165.87
1124.86
1148.94
1142.98
1147.99
1161.10
1160.86
25218.01
1183.99
1148.94
1150.13
1130.10
1161.10
1158.00
1158.00
1138.93
1141.79
1111.03
25214.91
1109.84
1102.92
1097.20
1106.02
1111.98
1107.93
25208.00
1129.87
1123.91
1142.98
1137.97
1147.99
1137.02
1136.06
1141.07
1158.00
25213.00
1193.05
1158.00
1170.87
1182.79
1173.02
1178.98
1148.94
1148.94
1122.95
1119.14
25263.07
1168.01
1157.05
1158.00
1152.99
1158.00
1142.02
1105.07
1131.06
1140.12
21251.92
1134.87
1134.87
1134.16
1132.01
1132.01
1137.97
1153.95
1135.11
1141.07
25205.14
1175.17
1162.05
1151.08
1153.95
1143.93
1147.99
1153.95
1164.91
1162.05
1034.98
25254.96
1158.00
1138.93
1140.12
1127.00
1123.19
1121.04
1127.00
1131.06
1120.81
25168.90
1147.03
1110.08
1100.06
1111.03
1109.12
1121.04
1111.03
1111.03
1103.88
1107.93
25164.13
1145.12
1122.95
1134.16
1131.06
1127.00
1131.06
25197.03
1138.93
1120.09
1126.05
1137.97
1140.12
1153.95
1154.90
1167.06
1160.86
25204.18
1204.01
1167.06
1144.89
1164.91
1162.05
1166.11
1173.02
1160.14
1166.11
1168.97
25284.05
1173.97
1168.01
1154.90
1160.86
1159.91
1177.79
1160.86
1169.92
1170.16
25269.03
1164.20
1153.95
1134.16
1161.10
1159.91
1172.78
1179.93
1171.11
1172.07
25225.16
1144.17
1112.94
1113.18
1160.86
1167.06
1162.05
1168.97
1158.00
1165.87
25221.82
1154.90
1127.00
1112.94
1130.82
1128.91
1125.10
1130.10
1119.14
1117.94
1113.89
25208.00
1176.83
1163.96
1155.14
1090.05
1116.04
1111.98
1127.96
1120.09
1127.00
25154.83
1188.99
1134.16
1123.91
1116.99
1150.13
1148.94
1153.95
1167.06
1162.05
1148.94
25269.03
1129.87
1122.00
1111.98
1161.10
1162.05
1156.09
1183.03
1169.92
1171.11
25238.04
1182.08
1150.13
1159.91
1170.87
1177.79
1167.06
1173.02
1171.11
1172.07
25222.06
1197.10
1163.96
1173.02
1166.11
1183.03
1183.03
1186.13
1178.03
1177.07
25220.87
1217.84
1163.01
1151.08
1137.97
1152.04
1156.81
1179.93
1173.02
1183.99
1178.03
25238.99
1121.04
1108.88
1106.02
1152.04
1158.00
1144.89
1146.79
1132.97
1128.20
25208.95
1199.96
1162.05
1180.89
1149.18
1158.00
1144.17
1153.95
1136.06
1133.20
25182.96
1158.24
1111.98
1101.02
1101.02
1097.92
1101.97
1102.92
1106.02
1104.12
1108.88
25184.87
1183.99
1142.98
1131.06
1088.86
1130.82
1128.91
1142.02
1144.89
1142.02
1149.89
25250.20
1138.93
1132.01
1121.04
1152.04
1167.06
1148.94
1160.14
1162.05
1168.01
25236.13
1193.05
1173.97
1164.91
1147.99
1156.09
1149.89
1173.97
1166.11
1181.13
25233.03
1172.07
1142.02
1131.06
1161.81
1170.87
1168.01
1185.89
1173.02
1164.91
25221.82
1154.90
1114.85
1106.98
1099.11
1117.94
1125.81
1127.00
1127.00
1116.04
1112.22
25175.09
1196.15
1155.85
1159.91
1100.06
1120.09
1126.05
1152.04
1136.06
1143.93
1147.99
1191.85
1119.85
1111.03
1101.97
1166.11
1165.87
1163.01
1137.02
1183.03
1166.11
25279.05
1173.97
1163.01
1159.19
1149.89
1153.95
1171.11
1152.99
1124.86
1126.77
21203.04
1128.91
1106.98
1116.04
1126.05
1118.18
1125.10
1137.02
1137.97
1142.02
1143.93
25262.83
1176.83
1160.86
1159.91
1158.00
1158.00
1169.20
1173.97
1165.15
1169.92
25275.95
1201.87
1182.08
1187.80
1185.89
1183.03
1186.13
1188.04
1183.99
1178.98
25264.98
1201.15
1186.13
1195.91
1183.99
1188.04
1180.89
1191.14
1178.98
1180.17
25251.15
1209.97
1187.09
1191.14
1182.08
1185.18
1184.94
1191.85
1183.99
1184.94
25242.81
1208.07
1188.99
1192.81
1185.89
1183.03
1183.03
1187.09
1185.89
1184.94
25246.14
1212.12
1186.13
1191.85
1188.99
1182.08
1183.03
1186.13
1183.99
1181.84
25242.81
1209.97
1187.09
1192.09
1183.03
1185.18
1185.89
1187.09
1179.22
1183.03
25240.90
1218.08
1193.05
1193.05
1185.89
1188.04
1182.08
1192.09
1187.09
1184.94
25244.00
1218.08
1191.14
1196.15
1184.94
1183.99
1183.03
1196.15
1182.08
1185.89
25240.90
1217.84
1188.99
1194.95
1190.90
1184.94
1183.99
1192.81
1185.89
1182.79
25246.86
1212.84
1188.04
1188.99
1186.13
1181.13
1188.99
1191.14
1178.98
1179.93
25244.95
1209.97
1187.09
1189.95
1185.89
1183.03
1178.98
1186.13
1183.99
1182.08
25243.04
1219.03
1185.89
1185.89
1193.05
1183.03
1183.99
1188.99
1182.08
1183.03
25236.13
1219.03
1185.89
1182.79
1191.85
1185.89
1183.99
1188.04
1180.17
1179.93
25239.94
1215.22
1188.04
1188.04
1195.19
1183.99
1181.13
1188.04
1185.18
1178.98
25238.04
1216.89
1185.89
1183.03
1190.90
1182.79
1183.03
1185.89
1180.89
1180.89
25240.18
1217.13
1184.94
1186.85
1189.95
1182.08
1185.18
1187.09
1179.93
1177.79
25232.08
1227.14
1187.09
1184.94
1189.95
1182.08
1180.17
1187.09
1183.03
1178.98
25215.86
1236.92
1188.99
1180.89
1192.09
1183.03
1179.93
1188.99
1187.80
1184.94
25212.05
1238.82
1191.85
1183.99
1198.05
1183.03
1183.99
1185.89
1182.08
1184.94
1183.99
25267.84
1194.95
1183.99
1186.85
1190.90
1185.89
1194.00
1185.89
1184.94
1182.08
25278.09
1192.09
1182.08
1192.09
1183.99
1178.03
1188.99
1188.04
1185.89
1184.94
25281.91
1194.95
1184.94
1194.00
1178.98
1181.13
1189.95
1181.84
1178.03
1181.84
25286.91
1192.81
1183.03
1192.09
1184.94
1183.03
1189.95
1181.13
1183.03
1177.07
25291.20
1193.05
1178.03
1190.19
1181.13
1179.93
1184.94
1181.13
1180.89
1180.89
25291.92
1194.00
1182.79
1168.01
1164.91
1137.97
1140.12
1127.00
1122.00
1116.04
25207.04
1182.08
1158.00
1154.90
1097.92
1106.98
1114.85
1128.91
1120.09
1126.05
29173.14
1180.17
1133.92
1118.90
1122.95
1111.03
1101.97
1099.82
1109.84
1101.02
1107.93
25177.96
1152.04
1131.06
1132.01
1142.98
1133.92
1135.83
1156.81
1152.04
1149.89
1155.85
25264.02
1172.07
1161.10
1170.16
1168.97
1152.99
1172.07
1168.01
1177.79
1177.07
25286.91
1195.91
1186.85
1190.90
1181.13
1183.99
1189.95
1183.99
1184.94
1182.08
25287.15
1194.95
1185.89
1192.09
1182.08
1171.11
1188.04
1181.13
1184.94
1181.84
25289.06
1197.10
1187.09
1195.91
1183.03
1183.03
1190.90
1182.08
1182.08
1182.08
25298.12
1198.05
1187.09
1188.99
1182.79
1183.03
1188.04
1185.18
1183.99
1185.89
25286.20
1194.95
1187.09
1187.09
1187.09
1185.18
1191.85
1177.07
1184.94
1177.79
25290.97
1195.19
1179.93
1189.95
1184.94
1182.08
1185.89
1182.79
1179.93
1182.08
25288.11
1196.15
1183.99
1188.04
1183.99
1187.09
1187.09
1183.03
1180.89
1181.13
25285.96
1194.00
1180.89
1189.95
1183.03
1175.17
1194.00
1182.79
1183.03
1182.08
25285.96
1194.95
1188.04
1189.23
1185.89
1184.94
1185.18
1183.99
1178.03
1179.93
25284.05
1198.05
1186.13
1193.05
1184.94
1183.99
1184.94
1182.79
1185.89
1181.13
25284.05
1197.10
1183.99
1193.05
1185.89
1188.99
1179.93
1185.89
1185.18
1183.03
25280.00
1197.81
1189.95
1194.00
1183.99
1184.94
1180.89
1194.00
1185.89
1184.94
25292.87
1202.82
1191.85
1183.99
1188.99
1182.79
1183.99
1194.00
1180.17
1183.03
25285.01
1201.87
1186.85
1189.95
1187.09
1183.03
1188.04
1192.81
1185.89
1186.13
25290.97
1201.87
1184.94
1189.95
1185.89
1184.94
1178.03
1188.99
1183.03
1187.09
25281.91
1199.01
1183.99
1190.90
1187.09
1183.03
1186.13
1189.95
1183.03
1181.13
25275.95
1195.91
1188.04
1192.09
1182.08
1181.13
1182.08
1192.09
1186.13
1182.08
25274.04
1202.11
1188.04
1188.04
1187.80
1183.03
1183.03
1189.95
1178.98
1182.08
25265.93
1200.91
1186.85
1183.99
1185.89
1183.03
1182.08
1193.05
1182.08
1178.03
25239.94
1209.02
1191.85
1190.19
1183.03
1184.94
1184.94
1194.95
1183.99
1185.18
25245.90
1213.79
1188.99
1190.90
1188.04
1184.94
1185.18
1188.04
1188.04
1182.08
25239.23
1210.93
1191.85
1192.81
1189.95
1180.17
1184.94
1188.04
1183.99
1184.94
25245.90
1214.98
1192.09
1193.05
1182.08
1184.94
1183.03
1189.95
1183.03
1183.03
25238.04
1190.90
1168.01
1173.97
1163.96
1163.01
1160.86
1155.85
1142.98
1127.96
25177.00
1200.91
1164.91
1164.20
1158.00
1100.06
1091.00
1096.01
1116.04
1122.95
1136.06
1143.93
1148.22
1147.03
25208.95
1203.06
1183.99
1163.01
1169.92
1148.94
1142.98
1137.02
1119.14
1112.94
1103.88
25214.91
1108.88
1102.21
1108.88
1111.03
1120.09
1137.02
1151.08
1147.03
1154.90
25218.01
1204.01
1187.09
1163.96
1169.92
1147.03
1140.83
1129.87
1115.08
1099.11
1097.20
25219.92
1116.04
1096.96
1119.14
1121.04
1127.96
1146.08
1156.09
1148.94
1151.08
25238.04
1213.79
1163.96
1165.15
1158.95
1144.89
1132.97
1122.95
1114.85
1103.16
1094.10
25209.90
1103.88
1109.84
1129.87
1134.87
1138.93
1150.13
1163.96
1158.95
1158.00
25236.85
1195.91
1167.06
1163.96
1142.98
1132.01
1127.00
1119.85
1101.02
1092.91
1092.91
25198.94
1117.94
1116.04
1135.11
1143.93
1147.03
1158.00
1167.06
1163.96
1178.03
25243.04
1181.84
1151.80
1152.04
1133.92
1127.00
1110.08
1116.04
1096.01
1089.81
25121.93
1173.02
1126.05
1136.06
1157.05
1161.10
1151.08
1157.05
1171.83
1160.86
1160.86
25255.92
1125.81
1116.99
1110.08
1100.06
1087.19
1080.04
1098.16
1110.08
1127.00
1134.16
25238.99
1152.99
1153.95
1186.13
1161.10
1158.00
1150.13
1142.98
1129.87
1118.90
25213.96
1118.90
1096.96
1094.10
1101.97
1109.12
1122.95
1142.02
1138.93
1145.12
25175.09
1213.07
1168.97
1163.01
1173.02
1152.99
1145.84
1137.97
1123.91
1116.04
1105.07
25200.13
1106.02
1096.01
1111.98
1117.94
1120.09
1140.12
1149.89
1146.79
1152.04
25213.96
1198.05
1153.95
1145.84
1147.03
1125.10
1115.08
1108.88
1096.01
1093.86
1086.00
25160.07
1147.03
1130.10
1139.16
1146.08
1147.03
1154.18
1167.06
1168.97
1170.87
25216.82
1197.10
1163.01
1152.99
1151.80
1123.91
1116.99
1111.98
1099.11
1096.01
1094.10
25196.08
1128.91
1125.10
1137.02
1137.97
1150.13
1152.99
1163.01
1161.81
1173.97
25218.01
1195.91
1159.19
1150.13
1148.94
1126.05
1117.94
1113.89
1097.92
1088.86
1092.91
25208.00
1123.91
1124.14
1142.02
1146.79
1152.04
1146.08
1163.96
1173.02
1161.81
25228.02
1190.90
1158.95
1143.22
1142.02
1120.09
1115.08
1111.98
1091.96
1091.00
1093.15
25218.01
1127.00
1126.77
1154.90
1154.90
1153.95
1147.03
1170.16
1179.93
1158.95
25216.10
1188.99
1150.85
1147.03
1125.10
1112.94
1106.02
1106.02
1098.16
1096.96
1106.02
25226.12
1126.05
1139.16
1146.08
1147.99
1152.99
1152.04
1174.93
1158.95
1166.11
25208.95
1175.88
1139.88
1132.97
1122.00
1100.06
1096.01
1100.06
1096.96
1104.12
1121.04
25266.89
1147.03
1132.01
1111.98
1129.15
1112.94
1105.07
1105.07
1093.15
1101.02
29170.04
1136.06
1096.01
1096.96
1119.14
1127.00
1125.10
1145.12
1145.12
1152.04
1155.14
25267.12
1188.99
1168.97
1169.92
1155.85
1142.98
1127.96
1132.01
1116.04
1104.12
25143.86
1127.00
1101.97
1113.89
1131.06
1129.15
1142.98
1151.80
1148.94
1161.10
1173.02
25281.91
1173.97
1153.95
1151.08
1128.20
1117.94
1107.93
1105.07
1093.15
1089.10
25160.07
1150.13
1136.06
1151.08
1166.11
1153.95
1154.90
1177.07
1165.15
1163.01
1155.14
25256.16
1162.05
1137.97
1135.83
1120.81
1109.84
1102.92
13204.10
1113.18
1107.93
1098.16
1157.05
1157.05
1149.89
1167.06
1169.92
1173.02
25264.98
1127.00
1112.22
1102.92
1167.06
1154.90
1161.10
1166.11
1155.14
1148.94
25198.94
1140.12
1111.98
1110.79
1118.90
1127.00
1116.04
1126.05
1114.13
1115.08
1109.12
25182.96
1194.95
1167.06
1155.14
1096.01
1118.18
1111.98
1128.20
1123.91
1123.91
25151.01
1218.08
1156.09
1137.97
1135.83
1124.86
1132.97
1136.06
1142.02
1137.02
1140.12
25254.01
1136.06
1116.99
1110.08
1152.04
1163.01
1157.05
1161.10
1154.18
1161.10
25235.89
1144.89
1122.00
1119.14
1159.91
1174.93
1171.11
1176.12
1167.06
1168.01
1167.77
25261.88
1169.92
1169.92
1160.14
1158.95
1158.95
1173.97
1169.92
1170.16
1174.93
25266.89
1137.97
1128.91
1113.89
1178.98
1189.95
1184.94
1191.14
1183.03
1180.89
25260.93
1124.86
1109.84
1103.88
1173.97
1174.93
1163.96
1162.05
1152.99
1147.99
25195.12
1183.99
1150.85
1155.85
1179.22
1147.03
1136.06
1137.97
1125.81
1127.96
1126.05
25254.96
1155.14
1131.06
1129.15
1114.85
1114.85
1106.98
1122.00
1111.98
1117.94
25163.89
1203.06
1154.90
1166.11
1123.19
1103.88
1105.07
1116.04
1121.04
1120.09
1118.18
25263.07
1140.12
1127.96
1111.98
1121.04
1130.10
1127.00
1142.98
1144.89
1149.89
25226.83
1179.93
1142.98
1146.08
1126.05
1142.02
1144.17
1156.09
1149.89
1152.99
1159.91
25272.85
1160.86
1154.90
1152.04
1158.95
1159.91
1183.03
1178.98
1183.99
1178.03
25253.06
1118.18
1100.06
1099.11
1117.94
1123.91
1129.87
1127.00
1117.23
1111.98
25169.13
1202.11
1164.91
1174.93
1152.99
1125.10
1113.89
1122.00
1111.03
1107.22
1108.88
25215.86
1127.96
1119.14
1125.10
1112.94
1109.84
1106.02
1112.94
1107.93
1113.18
1121.04
25225.88
1141.07
1122.00
1122.00
1152.04
1163.96
1173.02
1166.11
1157.05
1154.90
25268.08
1146.08
1127.96
1136.06
1168.97
1163.96
1163.96
1173.97
1163.01
1164.91
25221.11
1194.00
1158.95
1162.05
1144.89
1147.99
1134.87
1127.00
1135.11
1145.12
21178.96
1225.95
1152.99
1155.14
1160.14
1154.90
1159.91
1156.81
1168.97
1168.97
1178.03
25296.93
1195.91
1183.99
1194.00
1179.93
1181.84
1188.99
1181.13
1183.99
1181.84
25298.83
1195.91
1188.99
1188.04
1183.99
1188.04
1188.04
1183.03
1185.18
1183.03
25294.07
1194.00
1189.95
1189.23
1187.09
1179.93
1191.85
1183.99
1183.99
1179.22
25294.07
1194.95
1185.89
1186.85
1184.94
1182.08
1187.09
1183.03
1185.18
1182.08
25289.06
1192.09
1188.04
1184.94
1179.93
1187.09
1188.04
1183.03
1184.94
1179.93
25293.11
1196.15
1185.89
1188.99
1179.93
1181.84
1187.80
1181.84
1183.03
1183.03
25293.11
1194.00
1185.18
1189.95
1188.04
1183.03
1189.95
1180.89
1187.09
1183.03
25286.91
1194.95
1188.04
1192.09
1183.99
1183.99
1190.90
1183.99
1181.13
1183.03
25289.06
1195.91
1185.18
1189.95
1188.04
1184.94
1187.09
1182.08
1181.13
1178.03
25285.96
1199.01
1188.99
1194.00
1181.13
1178.98
1190.90
1182.08
1183.99
1180.89
25287.87
1198.05
1188.04
1188.04
1182.08
1178.03
1189.95
1182.08
1183.03
1183.99
25287.87
1196.86
1185.89
1194.00
1184.94
1185.18
1188.99
1188.99
1185.89
1185.18
25291.92
1195.91
1185.18
1192.09
1180.89
1183.03
1183.99
1185.18
1183.99
1182.08
25289.06
1197.81
1187.80
1189.95
1183.03
1187.80
1191.85
1184.94
1185.18
1182.08
25285.01
1198.05
1181.84
1190.90
1182.08
1183.99
1190.90
1178.03
1185.89
1181.84
25291.92
1199.01
1183.99
1188.04
1183.03
1183.03
1193.05
1188.99
1181.13
1183.03
25286.20
1199.96
1188.99
1192.09
1184.94
1179.93
1180.17
1194.00
1183.99
1180.89
25287.15
1198.05
1188.99
1195.91
1184.94
1183.03
1180.17
1188.04
1183.99
1178.98
25280.00
1196.15
1188.04
1191.14
1183.99
1183.03
1182.08
1190.90
1183.99
1184.94
25283.81
1202.11
1184.94
1194.95
1188.99
1182.08
1184.23
1188.99
1183.99
1184.94
25281.19
1198.05
1188.04
1191.14
1183.99
1186.13
1182.08
1192.09
1178.98
1181.84
25274.99
1197.10
1189.95
1190.90
1183.99
1183.03
1183.03
1188.99
1185.89
1183.99
25270.94
1200.91
1185.89
1192.09
1185.18
1184.94
1183.99
1189.95
1188.04
1183.99
25266.89
1209.97
1186.85
1191.85
1184.94
1188.04
1187.09
1192.09
1183.99
1183.03
25260.93
1201.87
1188.99
1194.00
1183.99
1183.03
1179.93
1196.15
1179.93
1181.13
25249.96
1205.92
1186.85
1192.81
1189.95
1188.04
1183.03
1190.90
1186.13
1182.08
25232.08
1180.89
1158.00
1164.91
1098.87
1103.88
1096.01
1123.91
1111.98
1120.81
1116.04
29227.97
1127.96
1106.02
1110.08
1100.06
1109.12
1105.07
1117.94
1108.88
1117.94
25184.15
1160.14
1138.93
1142.02
1168.01
1140.12
1147.03
1156.09
1152.04
1151.08
1152.99
25259.02
1178.98
1177.07
1189.23
1178.03
1183.99
1188.04
1180.89
1181.84
1185.18
25299.07
1192.09
1187.09
1192.09
1182.08
1180.89
1189.95
1183.99
1180.89
1181.13
25289.06
1197.10
1183.03
1192.09
1183.99
1181.84
1190.90
1185.18
1183.03
1181.13
25290.01
1192.09
1180.17
1192.09
1176.83
1183.99
1184.94
1179.93
1182.08
1181.13
25289.06
1188.04
1185.89
1187.09
1182.08
1186.13
1188.04
1187.09
1184.94
1180.89
25282.86
1192.09
1183.99
1190.19
1183.03
1179.93
1189.95
1184.23
1182.08
1182.08
25293.11
1193.05
1186.13
1193.05
1188.04
1181.13
1191.14
1183.99
1180.17
1182.08
25290.01
1199.01
1185.18
1192.09
1183.99
1179.22
1190.90
1187.80
1181.84
1181.84
25286.91
1199.01
1182.08
1193.05
1185.89
1183.99
1186.13
1180.89
1182.79
1183.03
25295.02
1199.01
1186.85
1191.85
1188.99
1184.94
1184.94
1183.99
1180.89
1182.79
25290.97
1197.81
1184.94
1188.04
1187.09
1183.03
1189.95
1183.03
1177.07
1183.99
25283.81
1195.91
1186.85
1186.13
1181.13
1181.13
1185.89
1181.84
1183.99
1183.03
25284.05
1198.05
1188.04
1193.05
1183.03
1180.89
1187.80
1184.94
1184.23
1183.03
25282.14
1198.05
1183.99
1186.13
1183.03
1185.18
1188.04
1188.99
1180.17
1183.99
25278.09
1194.95
1185.89
1189.95
1181.13
1183.03
1177.07
1192.09
1186.13
1183.99
25285.01
1197.10
1188.99
1195.91
1185.18
1180.89
1180.89
1191.85
1178.98
1183.03
25279.05
1200.20
1185.89
1191.85
1183.99
1183.03
1182.08
1188.99
1185.89
1182.79
25277.85
1198.05
1185.89
1189.95
1184.23
1185.89
1183.03
1193.05
1182.08
1184.94
25274.04
1201.87
1185.89
1191.14
1184.94
1180.89
1182.08
1188.99
1184.94
1179.93
25269.03
1200.20
1187.09
1188.99
1183.99
1175.88
1181.13
1187.09
1183.03
1183.03
25247.10
1209.02
1180.17
1191.14
1184.94
1183.99
1185.18
1190.90
1184.94
1183.99
25240.90
1212.84
1185.89
1192.09
1183.99
1185.89
1183.03
1192.09
1181.13
1179.93
25244.95
1212.84
1185.89
1190.19
1183.03
1187.09
1184.94
1180.89
1171.11
1168.97
25230.88
1200.91
1141.79
1154.90
1149.89
1140.12
1142.02
1130.82
1122.95
1118.18
1115.08
25209.90
1119.85
1102.92
1101.97
1097.92
1090.05
1148.94
1155.85
1151.80
1149.89
25218.96
1150.13
1116.99
1096.96
1142.02
1160.14
1158.95
1155.85
1150.85
1141.79
1134.87
29253.01
1167.06
1152.99
1165.15
1158.00
1155.85
1165.15
1173.02
1183.03
1180.89
25297.88
1199.01
1186.85
1188.04
1182.08
1186.13
1188.99
1183.03
1183.03
1178.98
25288.11
1197.10
1186.13
1187.09
1188.99
1181.13
1189.95
1180.17
1178.98
1183.99
25288.11
1195.91
1186.85
1194.95
1184.94
1181.84
1188.99
1180.17
1183.03
1177.07
25293.11
1187.09
1187.09
1188.99
1183.99
1186.13
1184.94
1183.03
1183.99
1181.13
25285.01
1200.20
1185.89
1188.99
1186.13
1180.89
1189.95
1182.08
1180.89
1183.99
25291.92
1196.86
1185.89
1186.85
1188.99
1180.89
1187.80
1178.03
1182.08
1182.08
25288.11
1199.96
1183.99
1188.04
1183.03
1183.03
1185.89
1182.79
1185.89
1185.89
25287.15
1196.15
1185.89
1194.00
1184.94
1183.03
1185.89
1178.98
1183.03
1182.08
25284.05
1197.81
1188.04
1189.95
1184.94
1183.03
1183.99
1188.99
1183.03
1178.98
25281.91
1191.85
1189.95
1190.19
1183.03
1188.99
1188.04
1190.90
1181.13
1182.08
25278.09
1203.06
1180.89
1190.19
1184.94
1181.84
1181.84
1186.85
1180.89
1182.08
25273.80
1184.94
1170.16
1183.99
1183.03
1178.98
1178.98
1189.95
1182.08
1178.03
25239.23
1207.11
1183.99
1190.19
1186.13
1179.93
1180.89
1188.99
1179.93
1183.03
25238.04
1209.02
1188.99
1191.14
1182.08
1184.94
1182.08
1192.09
1182.08
1173.97
25240.90
1210.93
1188.99
1190.90
1183.99
1179.93
1183.99
1191.85
1183.03
1182.08
25244.95
1210.93
1185.18
1194.00
1185.89
1183.03
1179.93
1186.13
1181.13
1182.08
25240.90
1214.03
1190.19
1188.04
1188.99
1180.17
1182.08
1193.05
1183.99
1183.99
25243.04
1212.12
1186.13
1189.95
1180.89
1183.03
1182.79
1188.04
1181.13
1182.08
25240.90
1214.98
1190.19
1183.99
1189.95
1184.94
1182.79
1189.95
1183.03
1182.79
25235.89
1220.94
1192.09
1181.13
1191.14
1184.94
1181.84
1194.95
1184.94
1188.04
25233.98
1220.23
1187.09
1183.03
1194.95
1182.79
1182.08
1190.90
1184.94
1186.13
25237.08
1219.99
1186.85
1186.85
1190.90
1183.99
1183.99
1187.09
1183.03
1182.08
25238.99
1215.93
1190.90
1186.85
1191.85
1188.04
1183.03
1187.09
1183.99
1181.13
25233.98
1221.90
1183.99
1185.89
1200.91
1182.79
1183.99
1188.99
1179.93
1185.18
25233.03
1223.09
1191.14
1184.94
1195.91
1181.84
1183.03
1188.99
1183.99
1180.17
25233.03
1161.10
1131.06
1120.09
1133.92
1104.12
1110.08
1121.04
1128.20
1127.00
1134.16
25195.12
1165.15
1123.91
1130.82
1169.92
1163.01
1173.97
1179.22
1169.92
1165.87
1173.97
1172.07
1177.07
1164.91
25290.97
1177.79
1180.89
1170.87
1175.88
1169.92
1171.11
1173.97
1168.97
1173.02
25283.10
1188.99
1165.87
1181.84
1165.87
1160.86
1168.97
1166.11
1167.06
1156.09
25235.18
1167.06
1153.95
1143.93
1136.06
1129.15
1129.15
1126.05
1122.00
1116.04
25162.94
1155.14
1116.99
1098.87
1113.18
1101.97
1110.79
1119.85
1127.96
1123.91
1131.06
25197.03
1157.05
1147.03
1159.91
1163.01
1151.80
1162.05
1169.92
1160.14
1157.05
25212.05
1198.05
1158.00
1168.01
1190.19
1184.94
1183.03
1186.85
1183.99
1184.94
25214.91
