1137.02
1096.01
1091.96
1110.08
1092.91
1093.15
25135.04
1167.06
1149.89
1107.22
1120.09
1101.97
1096.01
25138.14
1152.04
1106.98
1101.02
1101.97
1100.06
1096.01
1103.88
25214.20
1099.11
1086.00
1101.02
1107.93
1119.85
1093.86
25192.02
1113.89
1106.98
1095.06
1105.07
1099.11
1095.06
25175.09
1116.99
1098.16
1099.11
1106.98
1092.91
1105.07
25135.99
1147.03
1107.93
1096.96
1106.02
1100.06
1099.11
25140.05
1156.09
1112.94
1101.97
1110.08
1096.01
1103.88
21215.92
1141.79
1099.11
1113.89
1105.07
1089.10
1087.90
1087.90
25200.84
1112.94
1091.96
1096.96
1090.05
1105.07
1089.10
25194.17
1115.08
1102.92
1113.89
1102.92
1096.01
1098.16
25222.06
1130.10
1101.02
1557.11
1038.07
1036.17
1027.11
25144.10
1065.97
1051.90
1035.93
1057.15
1045.94
1057.15
25064.95
1096.01
1055.00
1067.88
1067.88
1069.07
1054.05
1070.98
25162.94
1077.89
1076.94
1072.17
1060.96
1067.16
1092.91
25109.05
1114.13
1081.94
1087.90
1097.92
1068.12
1079.08
25112.15
1142.98
1086.95
1096.96
1093.86
1079.80
1087.90
1076.94
25123.12
1052.14
1049.04
1031.16
1033.07
1024.01
1019.95
25079.01
1097.92
1070.02
1050.95
1059.06
1059.06
1049.04
1060.01
25159.84
1090.05
1060.96
1067.88
1056.91
1056.19
1070.02
25120.97
1111.03
1078.13
1085.04
1116.99
1156.81
1062.87
1055.00
29184.82
1106.98
1110.08
1124.14
1096.96
1096.01
1111.98
25202.99
1111.03
1081.94
1096.01
1086.95
1081.94
1087.19
25216.10
1108.88
1093.86
1088.86
1055.00
1066.92
1044.03
25106.91
1114.13
1084.09
1069.07
1081.94
1088.86
1070.02
1062.87
25135.04
1050.95
1045.94
1049.04
1055.00
1082.90
1077.89
25153.16
1090.05
1071.21
1039.98
1046.18
1026.87
1030.92
1019.00
25111.91
1056.91
1051.90
17088.17
1080.99
1036.88
1036.88
1035.93
1092.20
1079.08
1089.10
25177.96
1067.88
1043.08
1034.02
1116.04
1135.11
1129.87
25218.01
1127.00
1094.82
1106.02
1089.10
1096.96
1105.79
25135.99
1139.16
1106.98
1106.98
1106.98
1114.13
1107.93
25146.01
1144.17
1107.93
1096.96
1101.97
1093.86
1099.11
25130.03
1144.89
1102.92
1101.97
1106.98
1106.98
1102.21
1097.92
25198.94
1111.03
1100.06
1099.82
1104.83
1096.01
1099.11
25206.09
1116.99
1094.82
1103.88
1106.98
1098.87
1097.92
25204.90
1120.09
1106.98
1107.93
1106.98
1107.93
1104.12
25196.08
1132.97
1101.97
1103.88
1134.87
1112.94
1110.79
25130.99
1142.02
1114.85
1098.87
1104.83
1092.91
1087.19
25125.03
1155.14
1111.98
1124.86
1108.88
1095.06
1094.10
25128.13
1154.18
1102.92
1108.88
1105.79
1097.92
1096.01
1096.96
25213.96
1115.08
1105.07
1106.02
1101.97
1099.82
1097.92
25203.94
1120.09
1101.02
1106.02
1100.06
1110.08
1091.96
25210.86
1113.89
1101.02
1108.88
1098.16
1102.92
1106.98
25174.14
1122.95
1103.88
1098.16
1104.12
1096.01
1096.01
25147.91
1139.88
1098.87
1110.79
9193.90
1107.22
1086.00
1092.20
1102.92
1130.82
1105.79
25208.00
1103.16
1086.95
1091.96
1089.10
1106.02
1115.80
25152.92
1109.84
1061.92
1070.02
1075.03
1071.93
1079.08
25100.95
1122.95
1089.81
1075.98
1096.96
1091.00
1081.94
1067.88
25180.82
1088.86
1080.99
1091.00
1092.20
1101.97
1080.99
25202.99
1106.98
1102.92
1097.20
1086.00
1086.95
1096.01
25145.05
1139.16
1104.12
1101.97
1113.89
1096.96
1098.87
25134.09
1154.18
1106.02
1115.08
1110.08
1096.96
1116.99
25135.04
1163.96
1111.98
1096.96
1108.88
1106.98
1101.97
1118.90
25196.08
1112.94
1098.16
1106.98
1109.12
1093.15
1101.97
25211.10
1105.07
1108.17
1096.01
1096.96
1095.06
1106.98
25208.00
1120.09
1111.98
1106.98
1093.86
1101.02
1094.10
29182.91
1091.96
1065.02
1070.02
1084.09
1073.12
1075.98
25108.10
1103.16
1049.04
1041.17
1034.02
1069.07
1062.15
1058.10
25151.97
1056.91
1621.01
1102.92
1121.04
1123.19
1103.88
25193.93
1106.98
1122.00
1089.10
1057.15
1092.91
1101.02
25182.96
1109.84
1080.04
1096.96
1134.87
1127.00
1125.10
25214.91
1101.97
1099.11
1106.98
1441.00
1101.02
1089.10
25226.12
1096.01
1097.92
1105.07
1084.09
1091.00
1092.91
25202.04
1116.99
1083.14
1087.90
1096.96
1099.11
1095.06
25121.21
1133.92
1086.95
1096.01
1024.01
1055.00
1071.93
1067.16
25160.07
1095.06
1064.06
1067.16
1066.92
1060.01
1063.82
25165.80
1147.03
1134.16
1128.91
1101.02
1096.96
1089.10
25182.01
1078.84
1061.20
1058.10
1131.06
1105.07
1099.11
25139.09
1120.09
1051.19
1044.99
1068.12
1106.98
1088.86
1097.92
25159.12
1077.89
1062.15
1074.08
1065.02
1062.15
1075.98
25165.80
1097.92
1066.21
1066.92
1076.94
1064.06
1058.10
25097.13
1111.03
1057.86
1055.00
1055.96
1063.82
1060.01
1061.92
25182.01
1093.86
1078.84
1083.85
1083.85
1071.93
1075.03
25115.97
1113.18
1082.90
1073.84
1084.80
1075.98
1074.08
25121.21
1119.14
1066.92
1070.98
1071.93
1055.96
1061.20
1075.98
25177.00
1083.85
1070.98
1072.17
1067.88
1067.88
1065.97
25107.15
1101.97
1062.87
1056.91
1057.15
1052.14
1055.00
1054.05
25165.80
1068.12
1056.91
1051.90
1086.24
1086.95
1088.14
25174.14
1090.05
1077.18
1092.91
1094.82
1076.94
1068.12
25106.19
1130.10
1090.05
1086.00
1086.95
1065.02
1058.82
1061.92
25154.83
1070.02
1044.99
1039.98
1025.92
1030.92
1039.03
25086.88
1111.03
1075.98
1074.08
1073.12
1063.11
1070.98
1083.14
25177.96
1108.88
1092.91
1088.14
1078.13
1075.98
1088.14
25196.08
1095.06
1085.04
1080.04
1082.90
1086.95
1083.14
25159.12
1106.02
1070.98
1081.94
1071.21
1101.97
1098.16
25137.90
1122.95
1072.17
1064.06
1063.11
1090.05
1088.14
1089.10
25166.03
1070.02
1051.90
1049.04
1071.93
1064.06
1071.21
25107.86
1080.99
1034.98
1035.93
1052.86
1034.02
1035.93
1032.83
25188.92
1088.14
1080.04
1080.99
1030.92
1035.93
1044.03
25105.00
1129.15
1084.09
1080.04
1027.11
1038.07
1044.99
1051.90
25128.13
1039.03
1032.83
1019.00
1091.00
1080.99
1101.97
25208.95
1057.15
1041.89
1031.88
1070.02
1101.02
1094.10
25135.04
1086.00
1036.88
1032.83
1019.95
1050.00
1044.03
1034.02
25127.89
1069.07
1054.05
1053.09
1039.98
1043.08
1054.05
25097.13
1132.01
1096.96
1080.04
1085.04
1045.94
1070.02
1060.96
25198.94
1103.88
1091.00
1090.05
1044.03
1057.15
1059.06
25116.92
1104.12
1056.91
1044.03
1024.01
1070.98
1081.94
1083.14
25143.15
1063.11
1055.00
1053.09
1085.04
1086.95
1102.92
25192.02
1105.07
1077.18
1084.09
1091.00
1101.97
1083.85
25143.86
1127.96
1095.06
1082.90
1104.12
1088.14
1082.90
25135.99
1127.00
1081.94
1066.21
1065.97
1045.23
1038.07
1031.88
25157.93
1101.02
1096.01
1096.96
1082.90
1089.10
1086.95
25122.88
1127.96
1077.18
1080.04
1081.94
1077.89
1078.13
25104.05
1128.91
1075.98
1070.98
1067.16
1055.00
1048.09
1046.18
25150.06
1062.15
1038.07
1038.07
1034.02
1029.97
1024.01
25052.79
1086.95
1044.99
1044.03
1048.09
1050.95
1045.94
1049.04
25133.85
1062.87
1052.86
1046.90
1064.06
1046.90
1061.20
25073.05
1122.00
1076.94
1070.98
1075.03
1070.02
1070.98
1070.02
25176.05
1075.98
1062.87
1078.84
1081.94
1064.06
1068.83
25111.91
1111.98
1075.98
1067.16
1086.95
1073.84
1082.90
1072.88
25164.13
1097.92
1085.04
1086.00
1091.00
1075.98
1079.08
25178.19
1092.91
1091.00
1086.00
1088.86
1071.93
1088.14
25128.13
1119.14
1101.97
1083.14
1105.07
1086.00
1087.90
25128.84
1141.07
1101.97
1092.20
1104.12
1087.90
1085.04
1093.86
25182.96
1117.94
1095.06
1106.02
1083.14
1093.15
1094.10
25198.94
1107.93
1099.11
1101.97
1095.06
1091.96
1096.96
25197.03
1115.08
1095.06
1104.12
1095.06
1090.05
1097.92
25142.19
1137.97
1105.79
1098.87
1106.98
1093.15
1092.91
25131.94
1147.99
1105.07
1101.97
1109.12
1093.15
1090.05
1093.15
25183.92
1106.98
1096.96
1108.17
1094.10
1096.01
1086.00
25207.04
1102.92
1096.96
1098.16
1100.06
1095.06
1093.15
25206.09
1118.90
1095.06
1097.92
1096.96
1093.15
1091.96
25163.89
1084.80
1055.00
1050.95
1046.90
1098.87
1108.17
25144.10
1182.08
1147.03
1147.03
1084.80
1029.01
1044.99
1040.94
25197.03
1101.02
1083.85
1091.00
1050.95
1061.92
1052.86
25172.95
1094.10
1079.08
1080.99
1077.89
1079.08
1079.08
25127.17
1102.92
1055.96
1059.06
1070.98
1083.14
1086.95
1085.04
25146.96
1045.94
1033.07
1026.87
1065.02
1055.96
1050.95
25093.08
1111.03
1060.96
1055.00
1074.08
1065.97
1064.06
1069.07
25172.00
1086.00
1059.06
1078.13
1059.06
1060.01
1050.00
25141.95
1100.06
1095.06
1090.05
1077.89
1067.88
1062.15
25105.00
1149.89
1123.91
1126.05
1133.92
1100.06
1101.02
21225.93
1161.10
1116.99
1100.06
17224.07
1121.04
1115.08
1117.94
1118.90
1123.91
1108.17
25217.06
1125.10
1109.12
1118.18
1121.04
1113.89
1100.06
25192.02
1141.07
1117.94
9155.99
1149.18
1101.97
1104.83
1098.87
1079.80
1085.04
1082.90
25184.87
1076.94
1065.97
1060.01
1103.16
1106.98
1108.17
25187.97
1076.94
1064.78
1064.06
1123.91
1096.01
1104.12
25158.88
1130.10
1080.99
1089.10
1140.12
1120.09
1125.10
25157.93
1158.95
1102.92
1094.10
1127.96
1147.99
1135.11
25171.04
1150.85
1106.02
1102.92
1106.98
1090.05
1084.09
1083.14
29212.00
1135.83
1106.02
1106.98
1089.81
1095.06
1094.10
25209.90
1111.98
1092.20
1096.01
1086.95
1080.04
1074.08
25187.97
1087.90
1073.84
1080.04
1070.02
1077.18
1080.99
25129.08
1120.09
1082.18
1075.98
1083.85
1081.94
1080.99
25106.91
1149.89
1104.83
1099.82
1116.04
1111.98
1115.08
1109.84
25223.02
1132.97
1130.10
1150.13
1139.16
1147.03
1161.10
25264.98
1180.89
1164.91
1168.01
1158.00
1162.05
25196.08
1211.17
1173.02
1158.00
1164.91
1160.14
1157.05
25210.14
1204.97
1168.01
1167.06
1157.05
1160.14
1158.00
25269.03
1175.88
1159.91
1169.20
1159.91
1158.95
1165.15
25265.93
1171.83
1166.82
1170.87
1162.05
1163.01
25194.17
1214.98
1166.82
1158.95
1168.01
1157.05
1157.05
25207.04
1209.02
1168.97
1162.05
1168.01
1158.00
1159.91
25249.00
1185.18
1164.91
1168.97
1163.01
1155.85
1163.01
25280.95
1173.97
1162.77
1167.06
1158.95
1163.01
1157.05
25255.92
1174.93
1163.01
1163.01
1161.10
1159.91
25197.03
1213.07
1166.11
1163.01
1173.97
1162.05
1163.01
25199.89
1205.92
1168.01
1166.82
1167.06
1163.01
1158.00
25264.02
1179.93
1163.01
1167.06
1161.10
1163.01
1163.96
25274.04
1177.07
1162.05
1172.07
1162.05
1163.01
25197.03
1222.13
1167.06
1161.10
1167.06
1159.19
1157.05
25202.99
1206.87
1168.01
1163.96
1170.87
1161.10
1158.00
25255.92
1180.89
1168.01
1168.01
1161.10
1167.06
1159.91
25265.93
1175.88
1165.87
1166.82
1163.96
1160.14
1159.91
25251.87
1174.93
1164.20
1169.92
1163.01
1168.01
25200.13
1219.03
1170.16
1166.11
1173.02
1158.95
1163.96
25208.95
1202.82
1170.87
1165.87
1175.88
1162.05
1152.99
25274.99
1181.13
1163.96
1168.97
1161.10
1158.95
1159.91
25269.03
1177.07
1163.96
1172.07
1163.01
1160.86
25198.94
1215.22
1169.92
1159.91
1170.16
1158.95
1162.05
25203.94
1205.92
1163.96
1164.91
1168.97
1164.91
1159.91
25267.84
1181.84
1165.87
1163.01
1167.06
1155.14
1158.95
25272.13
1178.98
1166.82
1168.97
1163.01
1163.96
25197.03
1217.84
1168.97
1161.10
1173.02
1154.18
1163.96
25205.85
1207.83
1169.92
1160.14
1171.11
1158.95
1163.96
25242.09
1191.14
1163.01
1170.16
1163.01
1160.14
1158.00
25271.89
1179.22
1164.91
1173.02
1161.10
1147.99
1155.14
25258.06
1173.02
1159.19
1161.10
1151.08
1152.04
25190.11
1218.08
1171.11
1159.19
1168.01
1157.05
1157.05
25199.17
1204.01
1161.10
1162.05
1163.96
1155.14
1161.10
25250.91
1183.99
1158.95
1160.86
1156.09
1157.05
1154.18
25259.02
1176.12
1160.14
1164.91
1158.95
1158.00
1148.94
25261.16
1177.07
1156.09
1168.97
1158.00
1152.99
25191.07
1212.84
1161.81
1163.01
1166.11
1153.95
1156.81
25197.98
1200.91
1158.95
1158.95
1166.11
1155.14
1158.00
25241.14
1180.17
1159.91
1163.01
1152.04
1158.00
1157.05
25260.93
1180.17
1163.96
1163.01
1155.85
1155.85
1152.99
25254.96
1168.97
1158.95
1166.11
1159.19
1156.09
25188.92
1215.93
1163.96
1156.09
1165.87
1158.00
1161.10
25200.13
1204.01
1161.10
1157.05
1165.15
1159.91
1154.90
25249.00
1178.98
1155.14
1163.96
1158.95
1155.14
1157.05
25259.97
1170.16
1158.00
1165.15
1162.05
1156.09
1154.90
25259.02
1169.92
1158.00
1167.06
1158.00
1158.00
25188.92
1214.03
1163.01
1156.81
1167.06
1158.95
1153.95
25197.98
1206.87
1163.96
1152.99
1159.91
1155.14
1152.99
25232.79
1185.89
1157.05
1159.91
1153.95
1156.09
1150.13
25259.97
1176.83
1160.86
1167.06
1158.95
1156.09
1154.18
25264.98
1167.06
1151.80
1165.87
1154.90
1152.99
25189.16
1212.12
1161.10
1158.95
1168.01
1150.13
1152.99
25197.98
1203.06
1161.10
1158.00
1168.01
1154.90
1150.85
25201.80
1202.11
1163.96
1162.05
1152.99
1154.90
1154.90
25258.06
1178.03
1162.05
1138.93
1039.98
1033.07
1038.07
25087.12
1119.14
1083.14
1081.94
1030.92
1055.00
1059.06
1072.88
25132.89
1051.90
1040.94
1039.98
1091.00
1095.06
1099.11
25197.03
1065.97
1042.13
1039.03
1094.10
1085.04
1080.04
25134.80
1086.95
1047.85
1044.99
1043.08
1033.07
1038.07
1040.94
25149.82
1053.81
1036.88
1044.03
1096.96
1077.89
1086.00
25135.99
1093.15
1053.09
1055.96
1067.88
1096.01
1096.96
1093.86
25155.07
1078.84
1060.01
1073.12
1062.87
1056.91
1045.94
25140.05
1112.94
1089.10
1083.14
1056.91
1033.07
1036.88
25068.04
1140.12
1084.09
1075.98
1070.98
1054.05
1065.02
1069.78
25228.02
1091.00
1065.02
1068.12
1087.90
1088.86
1075.98
25138.85
1105.07
1076.94
1070.98
1079.08
1099.11
1092.91
25135.04
1133.92
1080.99
1077.18
1073.84
1072.88
1074.79
1070.02
25175.09
1085.04
1070.98
1055.00
1047.13
1034.02
1031.16
25082.11
1086.95
1037.84
1039.03
1025.92
1085.04
1100.06
1090.05
25135.99
1034.98
1024.01
1022.10
1088.14
1083.14
1094.10
25146.96
1062.15
1022.10
1036.88
1060.01
1036.88
1029.97
1032.11
25169.13
1070.98
1066.21
1070.02
1052.14
1068.12
1065.97
25119.07
1101.97
1091.00
1075.03
1070.98
1070.02
1084.80
25105.00
1140.12
1086.00
1085.04
1089.81
1096.96
1092.20
1096.01
25187.97
1095.06
1079.08
1089.10
1099.11
1101.02
1090.05
25187.02
1101.97
1068.12
1076.94
1079.80
1070.98
1055.96
25098.09
1116.99
1076.94
1071.93
1097.92
1039.98
1037.12
1038.07
25184.15
1095.06
1093.15
1086.95
1039.03
1037.84
1033.07
25098.09
1137.02
1101.97
1101.97
1125.10
1105.07
1096.96
25136.95
1147.03
1116.04
1099.11
1111.98
1096.01
1108.88
25143.86
1157.05
1126.05
1106.02
1115.08
1105.07
1101.97
25139.09
1173.02
1118.90
1103.16
1117.94
1108.88
1109.12
1105.07
25212.05
1127.96
1106.02
1106.98
1101.02
1105.07
1096.96
25200.84
1108.88
1094.82
1114.13
1104.12
1099.11
1098.87
25202.04
1108.17
1099.11
1096.01
1100.06
1094.10
1093.15
25166.99
1127.00
1097.92
1086.95
1098.16
1086.95
1091.96
25131.94
1137.02
1094.10
1080.04
1104.12
1084.09
1081.94
25120.97
1158.00
1106.02
1100.06
1098.16
1095.06
1090.05
1094.10
25195.12
1111.98
1101.97
1100.06
1097.92
1092.91
1093.86
25194.17
1107.93
1092.91
1095.77
1088.86
1096.96
1085.04
25141.00
1126.05
1106.98
1089.81
1101.97
1088.14
1091.00
25120.02
1141.07
1101.02
1100.06
1100.06
1085.04
1085.04
1091.00
25191.07
1110.08
1086.00
1096.01
1086.00
1089.81
1088.86
25185.82
1111.98
1091.96
1095.06
1091.96
1086.00
1085.04
25191.07
1102.21
1084.09
1085.04
1096.96
1086.95
1081.94
25121.93
1127.96
1093.15
1085.04
1095.06
1086.95
1090.05
25120.97
1141.07
1101.97
1086.00
1092.91
1087.19
1082.90
1080.99
25192.02
1100.06
1089.10
1095.06
1097.20
1086.95
1083.14
25198.94
1103.88
1086.95
1095.06
1079.08
1086.00
1073.84
25125.03
1122.00
1090.05
1077.89
1093.86
1093.15
1070.02
25119.07
1142.02
1090.05
1086.00
1090.76
1080.99
1087.19
1080.04
25184.15
1093.86
1077.89
1091.00
1091.00
1079.08
1078.13
25156.02
1096.96
1081.94
1072.88
1090.05
1080.04
1075.03
25108.10
1125.10
1099.11
1085.04
1105.07
1092.20
1086.95
1091.00
25182.01
1108.17
1091.00
1098.16
1096.01
1080.04
1084.80
25182.01
1104.12
1090.05
1091.00
1086.00
1081.94
1082.90
25135.04
1122.00
1086.00
1086.95
1088.14
1089.10
1079.08
25112.87
1133.92
1108.88
1091.96
1101.97
1086.95
1086.95
1090.05
25184.87
1105.07
1095.06
1087.90
1088.86
1091.96
1089.10
25259.02
1098.87
1080.99
1073.12
1064.06
1071.93
1066.92
25115.01
1109.84
1068.83
1073.84
1077.89
1063.82
1059.06
25084.02
1120.81
1079.08
1066.92
1077.89
1063.82
1070.02
1062.87
25170.80
1079.08
1069.07
1070.98
1065.02
1060.96
1062.15
25102.14
1115.08
1071.93
1065.02
1075.03
1068.12
1067.16
1071.93
25156.97
1078.13
1070.02
1066.92
1062.15
1060.96
1060.96
25146.96
1080.99
1063.11
1055.96
1067.88
1064.06
1067.88
25097.85
1112.94
1084.09
1073.12
1080.04
1064.06
1062.15
1063.11
25172.00
1080.99
1063.11
1066.92
1065.97
1059.06
1060.01
25101.90
1111.03
1079.08
1066.92
1080.99
1067.88
1065.97
1063.11
25164.13
1089.10
1061.92
1072.88
1063.82
1065.02
1070.98
25169.13
1080.04
1058.10
1060.01
1072.17
1065.97
1058.82
25096.89
1116.04
1080.04
1065.02
1075.03
1065.97
1061.20
1065.97
25171.04
1078.84
1068.83
1070.98
1053.09
1059.06
1065.02
25096.89
1108.88
1064.06
1060.96
1068.12
1065.97
1050.00
1060.01
25166.03
1076.94
1062.15
1063.11
1059.06
1061.92
1052.86
25147.91
1082.90
1064.06
1059.06
1067.88
1061.92
1055.96
21091.94
1168.97
1098.16
1095.06
1102.92
1104.12
1107.93
1110.79
25197.98
1099.82
1087.90
1088.14
1152.04
1161.10
1154.18
25202.04
1100.06
1093.15
1082.90
1121.04
1116.04
1104.12
25206.09
1098.87
1092.91
1086.95
1086.00
1094.82
1103.88
25197.03
1111.98
1088.86
1094.82
1070.98
1085.04
1084.80
25127.89
1142.02
1091.00
1088.86
1079.80
1066.92
1079.08
1074.79
25186.06
1099.11
1076.94
1081.94
1052.14
1048.09
1060.01
25198.22
1071.93
1055.96
1059.06
1065.02
1057.86
1060.01
25100.95
1097.92
1046.90
1043.08
1061.20
1063.11
1066.92
1065.97
25196.08
1101.97
1094.82
1085.04
1055.00
1064.06
1065.02
25151.01
1114.13
1086.00
1087.90
1067.16
1062.15
1055.96
25094.03
1102.92
1046.90
1037.12
1037.12
1057.15
1066.92
1056.91
25166.03
1093.15
1071.93
1085.04
1055.96
1070.02
1066.21
25113.11
1146.08
1095.06
1086.00
1075.98
1066.92
1070.02
1070.02
25169.13
1082.18
1072.88
1076.94
1084.09
1095.06
1080.99
25201.08
1090.05
1080.04
1068.83
1089.81
1101.97
1090.05
21134.14
1120.09
1098.16
1084.09
1106.98
1086.00
1104.12
25125.03
1136.06
1107.22
1093.86
1097.92
1088.86
1089.81
1091.00
25187.97
1098.16
1090.05
1095.06
1094.82
1089.81
1093.86
25179.86
1112.94
1096.96
1095.06
1099.11
1081.94
1091.96
25189.16
1110.08
1091.00
1089.10
1098.16
1088.14
1090.05
25128.13
1136.06
1101.02
1084.80
1101.97
1100.06
1088.14
25134.09
1149.89
1101.97
1084.09
1106.98
1090.05
1096.96
1088.14
25195.12
1109.12
1095.06
1098.87
1093.86
1086.95
1089.10
25220.16
1114.13
1083.14
1101.97
1092.20
1090.05
1092.91
25182.01
1107.93
1092.91
1092.91
1102.92
1091.96
1080.99
25137.90
1134.87
1095.06
1091.96
1105.07
1080.99
1093.86
25123.83
1139.88
1102.92
1093.15
1098.16
1089.10
1084.09
1091.00
25195.12
1103.16
1092.91
1098.87
1091.96
1088.14
1094.10
25195.12
1112.94
1090.05
1101.97
1092.91
1093.15
1083.14
25156.02
1117.94
1091.00
1088.14
1097.92
1097.92
1094.10
25133.85
1126.05
1094.10
1092.91
1101.02
1091.96
1092.91
1091.00
25177.96
1102.92
1093.15
1104.12
1091.96
1098.16
1091.00
25202.99
1111.98
1096.01
1097.92
1096.01
1094.82
1091.96
25188.21
1116.99
1098.16
1101.97
1097.20
1091.96
1092.20
25145.05
1136.06
1094.10
1095.06
1101.02
1096.96
1096.96
25141.95
1139.88
1101.97
1095.06
1103.16
1096.01
1098.16
25121.93
1152.99
1101.02
1096.96
1099.11
1096.01
1095.06
1094.10
