1263.14
1245.02
1265.05
1255.04
1497.98
25434.97
1257.90
1241.92
1264.10
1253.13
1243.11
25317.91
1286.98
1261.95
1240.97
1241.92
1245.98
17315.15
1302.00
1292.23
1278.88
1269.82
1261.95
1284.12
29366.02
1289.84
1289.84
1276.97
1276.97
1257.90
21406.89
1317.98
1291.99
1291.99
1269.82
1268.86
25395.87
1299.86
1275.78
1262.90
1271.01
1270.06
17359.97
1256.94
1233.10
1240.02
1270.06
1280.07
25327.92
1294.85
1274.82
1255.99
1255.99
1247.88
1255.99
33326.86
1249.07
1230.96
1254.08
1238.82
1237.87
1205.92
1240.97
1262.90
25362.01
1343.01
1241.92
1808.17
1277.92
1276.02
1297.00
1258.85
1258.85
25332.93
1299.14
1271.96
1291.99
1279.12
1277.92
1267.91
1283.17
1322.03
25370.12
1322.03
1298.90
1291.99
1311.06
1315.12
25379.90
1276.02
1249.07
1245.02
1307.96
1323.94
1327.99
1311.06
1336.10
25372.03
1385.21
1317.02
1332.04
1324.18
1323.94
1315.12
1264.10
1281.02
1286.03
25346.04
1261.00
1267.19
1269.82
1300.81
1302.00
1189.95
1214.03
1219.99
21308.18
1291.04
1247.17
1212.84
1275.06
1297.95
1322.03
1327.99
1312.02
25393.01
1418.11
1285.08
1271.01
1274.82
1288.89
1266.00
1230.96
1243.83
1259.80
21425.96
1335.14
1322.03
1286.98
1307.96
1300.10
25405.17
1293.90
1271.01
1301.05
1292.94
1263.14
33427.00
1331.81
1346.11
1338.01
1327.04
1314.88
1237.15
1240.97
1235.01
25373.94
1324.89
1307.01
1274.11
1214.03
1226.19
1236.92
1221.90
1219.99
25283.10
1302.00
1265.05
1262.19
1266.00
1264.10
1255.04
1243.83
1240.02
1258.13
25370.84
1282.93
1267.91
1278.16
1221.90
1245.02
21282.91
1296.04
1265.05
1263.14
1295.09
1245.98
1243.83
1303.91
1315.83
25352.95
1287.22
1250.98
1246.21
1323.94
1291.04
1295.09
13336.18
1261.00
1250.03
1291.04
1261.00
1261.95
1255.99
1256.94
1266.96
25328.87
1304.15
1273.16
1271.01
1262.19
1251.94
1261.00
1261.00
1261.00
25291.92
1292.94
1261.00
1262.90
1271.96
1269.10
1261.00
1269.10
1270.06
1276.02
25359.87
1266.96
1255.04
1270.06
1273.87
1272.92
25336.98
1374.96
1343.97
1333.95
1275.06
1264.10
1263.14
1272.92
1253.84
17308.00
1299.14
1277.92
1272.92
1268.15
1269.10
13346.91
1394.99
1312.97
1312.02
1212.12
1228.09
1224.04
17383.10
1276.02
1261.95
1280.07
1254.08
1274.11
1284.12
1266.96
1254.08
41332.01
1299.14
1282.93
1262.90
1205.92
1220.94
25271.89
1317.98
1300.10
1294.14
1322.03
1294.14
13318.06
1333.00
1285.79
1280.07
1302.96
1287.94
1280.07
1286.03
1282.93
1280.07
25390.15
1294.14
1280.07
1276.97
1273.87
1275.06
1280.78
1293.90
1286.03
25336.98
1301.05
1286.03
1295.80
1278.88
1288.89
1278.88
1270.77
1293.90
25344.85
1321.08
1301.05
1281.98
1305.82
1286.98
1292.94
1272.92
1273.87
23295.88
1357.79
1282.93
1275.78
1276.97
1294.14
1280.07
1273.87
25342.94
1307.01
1291.99
1267.91
1282.93
1281.98
1308.92
1304.86
1307.96
25338.17
1300.10
1284.12
1281.98
1304.15
1309.16
1303.91
17323.02
1241.92
1231.91
1233.10
1227.14
1218.08
17301.08
1316.79
1298.90
1297.00
1288.89
1286.98
1286.03
1252.17
1251.94
25323.87
1307.96
1286.98
1282.93
1224.99
1233.10
1230.96
1254.08
1231.91
1230.00
25352.00
1235.01
1227.14
1230.00
1226.90
1227.14
1229.05
1238.11
1263.14
25378.94
1262.90
1269.82
1248.12
1244.07
1236.20
1241.92
1264.81
1275.78
1267.91
25388.00
1279.12
1272.92
1274.82
1255.99
1258.13
13331.89
1302.00
1289.13
1285.08
1275.06
1281.98
17351.87
1280.07
1251.94
1245.98
1235.96
1220.94
1227.14
17372.13
1276.02
1278.16
1276.02
1255.99
1252.89
17381.91
1303.91
1289.13
1291.99
1286.03
1288.89
1288.89
1297.00
1314.88
25395.87
1837.97
1348.02
1327.99
1354.93
1338.96
1208.07
1218.08
1168.01
25403.02
1316.07
1322.98
1322.03
1313.92
1316.07
1324.89
1244.07
1239.06
25327.92
1234.05
1218.08
1220.94
1217.13
1219.03
1219.99
1252.17
1261.95
1257.90
25377.04
1274.82
1286.03
1276.97
1271.96
1269.10
17391.92
1286.98
1284.12
1295.09
1280.07
1283.88
17365.93
1300.81
1291.99
1286.03
1286.98
1281.02
21335.12
1268.15
1254.08
1248.12
1246.93
1266.96
1259.09
1362.09
1345.16
25389.91
1297.00
1285.08
1265.05
1243.11
1257.18
1259.09
1267.91
1265.05
1261.23
21399.02
1301.05
1279.12
1251.94
1286.03
1272.92
21399.02
1288.89
1266.96
1283.17
1290.08
1273.87
1340.87
1266.00
1254.08
25333.88
1306.06
1275.06
1276.97
1268.86
1272.92
1276.02
1271.96
1270.06
25316.00
1285.08
1265.05
1307.01
1255.04
1235.96
1245.98
1266.00
1279.12
1271.96
17469.88
1243.11
1214.98
1221.90
1284.12
1310.11
1289.13
1292.94
1291.04
25355.10
1305.10
1272.92
1287.94
1280.07
1290.08
1297.00
1276.97
1287.94
25350.09
1317.02
1278.88
1257.90
1272.20
1276.97
1294.14
1276.02
1271.01
1255.04
25383.95
1266.00
1275.06
1275.06
1270.06
1262.19
1266.96
1237.87
1255.04
25304.79
1287.94
1261.95
1301.05
1290.08
1298.19
1311.06
1294.14
1271.01
25326.97
1302.96
1281.98
1277.92
1271.01
1274.82
1266.96
1280.07
1289.13
1274.11
25371.07
1282.93
1271.96
1283.17
1271.96
1273.16
1276.97
1268.86
1268.86
25334.84
1304.86
1288.89
1277.92
1271.96
1271.96
1281.02
1274.82
1278.88
25332.21
1310.11
1289.13
1281.98
1291.04
1284.84
1299.86
1297.95
1280.07
1281.98
25388.00
1312.97
1305.82
1317.02
1305.10
1291.04
1310.11
1302.96
1299.14
25386.10
1266.00
1266.00
1255.99
1253.13
1247.17
1261.00
1250.03
1248.84
25310.99
1306.06
1281.98
1281.98
1282.93
1263.86
1263.86
1278.88
1286.98
25332.93
1317.98
1281.02
1276.97
1287.94
1281.02
1280.07
1311.06
1311.06
1303.20
25393.01
1290.08
1276.97
1266.96
1250.98
1251.94
1270.06
1318.22
1307.01
25393.01
1255.04
1243.11
1245.02
1234.05
1239.06
1243.11
1286.98
1297.95
25346.99
1282.93
1247.88
1258.85
1235.01
1234.05
1241.92
1283.88
1269.82
1273.87
25354.86
1245.98
1235.01
1237.87
1242.88
1223.80
1239.06
1235.96
1241.21
25295.02
1293.18
1246.93
1243.83
1237.87
1214.03
1214.98
1227.14
1209.97
1219.99
25268.08
1297.00
1255.04
1271.01
1261.95
1263.86
1280.78
1259.09
1270.06
1258.13
37343.98
1276.02
1273.87
1281.98
1266.00
1261.00
1273.87
1257.90
1239.06
25365.83
1287.94
1278.16
1285.08
1241.92
1240.02
1250.03
1245.02
1235.01
1262.90
1246.21
1239.06
1250.98
25431.87
1339.20
1282.93
1245.02
1219.99
1222.13
1235.96
1222.85
1224.99
33298.02
1273.16
1233.10
1236.92
1237.87
1231.91
1240.02
1301.05
1290.08
1290.80
1293.90
1298.90
1293.18
17352.10
1269.10
1259.09
1268.86
1257.90
1260.04
1259.09
1249.07
1255.04
1268.15
1252.89
1250.03
25309.09
1301.05
1265.05
1266.00
1250.98
1247.17
1250.98
1236.92
1243.11
1238.11
25371.07
1268.15
1261.00
1268.15
1270.06
1264.10
1273.16
1266.00
1260.04
25316.95
1297.95
1278.88
1262.90
1313.21
1322.03
1323.94
1315.83
1315.83
25395.87
1267.91
1240.02
1235.96
1234.05
1238.11
1225.95
1286.98
1280.07
1278.16
25382.04
1312.02
1315.83
1320.12
1297.00
1306.06
1276.97
1234.05
1237.15
25321.01
1293.18
1274.11
1282.93
1290.80
1281.02
1296.04
1291.04
1278.88
25343.89
1311.78
1292.94
1286.03
1276.02
1274.11
1265.05
1269.10
1269.10
1261.95
25401.83
1312.97
1291.99
1297.00
1295.09
1286.03
25429.01
1323.94
1309.16
1319.89
1306.06
1312.02
25344.13
1234.05
1223.09
1267.91
1291.04
1284.12
29385.09
1296.04
1273.16
1271.96
1300.81
1283.88
13357.88
1295.80
1273.87
1258.85
1210.93
1211.17
1224.04
1223.09
1219.99
1213.07
25331.97
1223.09
1219.03
1242.16
1220.94
1219.99
1220.94
1271.01
1271.96
29335.98
1278.16
1230.96
1233.82
1236.92
1223.09
1219.99
25325.06
1227.14
1219.99
1235.01
1217.84
1225.95
25298.12
1277.92
1242.88
1250.03
1220.94
1240.02
25276.18
1307.01
1274.11
1270.06
1288.89
1276.02
1280.07
25379.90
1291.04
1276.97
1284.84
1279.12
1267.19
1277.92
1272.20
1275.06
25373.94
1271.01
1245.98
1250.98
1256.94
1277.21
1259.09
1261.00
1259.09
25314.09
1297.95
1272.92
1270.06
1265.05
1266.00
1278.88
25368.93
1261.95
1245.98
1264.10
1265.05
1253.84
25375.84
1283.88
1286.98
1281.02
1289.13
1271.01
25366.07
1276.02
1245.02
1224.04
1283.17
1281.98
1300.10
1277.21
1271.01
25331.97
1303.91
1285.79
1281.98
1279.12
1278.88
1278.88
1280.07
1292.23
1282.93
25407.08
1269.10
1267.19
1281.98
1266.00
1263.86
25395.87
1324.89
1299.14
1270.06
1286.03
1255.04
25386.10
1305.10
1273.16
1277.92
1272.92
1272.92
25333.17
1300.10
1286.03
1286.03
1271.01
1276.02
33341.17
1276.02
1238.11
1244.07
1232.15
1235.96
1237.87
25337.93
1250.03
1242.16
1253.84
1238.82
1236.92
21312.00
1250.98
1220.94
1224.04
1231.91
1210.93
1218.08
1277.92
1302.00
1286.98
25339.13
1242.88
1221.90
1235.96
1219.99
1219.99
1220.94
1276.02
1280.07
25333.88
1265.05
1230.00
1232.86
1234.05
1225.95
1223.09
1255.04
1236.92
1230.00
25329.83
1256.94
1231.19
1244.07
1235.01
1236.20
1244.07
1304.15
1297.95
25382.04
1255.04
1223.09
1286.03
1219.99
1219.99
1213.07
1307.01
1299.14
1297.00
1305.82
1291.04
1297.00
25391.10
1271.96
1253.13
1269.10
1301.05
1303.20
1297.95
1313.92
1298.19
25381.09
1297.00
1289.13
1302.00
1306.77
1306.06
1312.97
1309.87
1307.01
25353.91
1302.96
1275.06
1279.12
1330.14
1327.99
1340.15
1328.95
1324.89
25380.13
1276.02
1236.92
1232.86
1337.05
1332.04
1339.20
1328.95
1327.04
25390.86
1263.86
1221.90
1241.21
1244.07
1241.92
1230.00
1246.93
1240.02
1240.97
25360.82
1251.94
1243.11
1225.95
1242.88
1246.93
1248.12
1250.98
1240.97
25291.92
1294.85
1242.88
1236.92
1217.13
1213.07
1215.93
1224.99
1213.07
1212.12
25292.16
1303.91
1281.98
1282.93
1272.92
1272.20
1261.95
1231.19
1245.02
1240.97
25375.84
1286.98
1267.19
1301.05
1280.07
1283.17
1292.94
1276.97
1277.92
37378.07
1272.92
1255.99
1281.02
1263.86
1262.90
25326.01
1291.04
1261.95
1281.98
1272.92
1263.86
25326.01
1266.00
1231.19
1234.05
1261.95
1280.78
1270.06
25348.90
1261.00
1259.09
1270.06
1268.15
1268.15
21372.08
1276.97
1270.77
1267.91
1236.92
1240.02
1252.89
1244.07
1246.21
25296.93
1299.86
1260.04
1267.91
1281.02
1255.99
1260.04
1229.05
1247.17
1233.10
29376.03
1291.99
1293.90
1291.04
1281.98
1281.02
25391.82
1283.88
1274.82
1276.02
1291.04
1285.08
25348.19
1302.96
1284.84
1271.01
1266.96
1260.04
25321.01
1287.94
1282.93
1274.82
1271.96
1275.06
25316.00
1310.83
1266.96
1261.00
1237.87
1244.07
1242.88
1248.84
1243.83
1239.06
21338.94
1293.90
1279.12
1263.14
1270.06
1264.10
1276.02
1270.06
1272.20
1303.91
1268.86
1263.86
41313.89
1291.99
1250.98
1246.93
1245.98
1232.86
1241.92
25365.11
1270.06
1265.05
1261.00
1273.87
1270.06
25321.01
1295.09
1265.05
1267.19
1272.92
1281.98
21344.90
1294.85
1265.05
1276.02
1267.19
1266.00
1254.08
1255.04
1269.82
1259.80
25413.04
1306.06
1285.08
1240.02
1268.86
1246.93
1261.00
1247.88
1246.93
29317.14
1264.10
1240.97
9302.14
1328.23
1286.03
1284.12
1265.05
1261.00
25333.88
1313.92
1302.00
1274.11
1314.16
1321.08
25362.97
1319.89
1266.96
1268.86
1261.00
1259.09
1253.13
33389.09
1299.14
1277.92
1293.90
1281.02
1261.95
25372.03
1277.92
1277.92
1266.00
1259.80
1265.05
25336.98
1290.08
1285.79
1284.84
1248.84
1262.90
17313.96
1277.92
1320.84
1243.83
1247.88
1261.95
15345.10
1342.06
1288.18
1271.01
1269.10
1255.99
1221.90
1218.08
33265.11
1303.20
1272.92
1273.87
1264.81
1261.95
1260.04
33344.98
1245.98
1244.07
1253.13
1247.17
1240.02
17364.03
1302.96
1290.08
1297.95
1291.99
1292.94
25352.95
1312.97
1307.01
1296.04
1295.80
1296.04
1287.94
1211.88
1221.90
25273.08
1343.01
1337.05
1315.12
1221.90
1218.80
1215.93
1233.10
1215.93
1214.03
25321.01
1241.92
1228.09
1239.06
1227.14
1235.96
1227.86
1235.01
1257.90
25292.87
1297.00
1256.94
1245.02
1265.05
1289.13
1271.01
1294.14
1276.97
1271.96
25380.13
1279.12
1276.02
1283.17
1278.88
1272.92
25332.93
1304.15
1266.00
1258.13
1266.00
1277.92
21344.18
1365.90
1356.84
1314.88
1265.05
1268.15
1268.15
1259.09
1261.00
25310.99
1302.96
1271.96
1258.85
1277.92
1266.00
1263.86
1275.06
1283.88
1270.06
25372.98
1285.08
1271.96
1261.95
1290.08
1273.87
1278.16
1273.16
1271.96
25333.17
1312.02
1282.22
1307.96
1284.12
1280.07
19836.90
1308.92
1289.13
1255.99
1259.80
1266.00
1255.99
1258.85
45348.88
1244.07
1234.05
1245.98
1233.82
1230.96
25309.09
1302.00
1276.02
1268.15
1235.01
1244.78
25312.90
1313.92
1280.07
1281.02
1274.82
1277.92
1264.81
25352.00
1291.04
1276.02
1280.07
1269.82
1261.00
21384.00
1306.77
1294.85
1269.82
1267.91
1269.82
1281.02
1270.06
1271.01
25324.82
1286.03
1260.04
1284.12
1270.06
1269.10
1260.04
1229.05
1227.14
29264.93
1338.96
1283.17
1291.99
1305.10
1291.99
1292.94
25398.97
1307.96
1302.00
1298.90
1293.90
1289.13
25346.99
1236.92
1230.96
1255.04
1255.04
1266.00
25327.92
1246.93
1220.94
1223.09
1221.90
1211.88
25242.09
1340.87
1302.00
1286.98
1295.09
1284.12
1285.08
1224.04
1236.20
1235.01
25372.03
1327.99
1306.06
1280.07
1222.13
1219.99
1222.13
1219.03
1222.85
25268.79
1257.90
1230.96
1222.13
1235.96
1234.05
1222.85
25355.82
1281.02
1274.11
1264.10
1236.92
1240.97
25310.99
1294.85
1266.00
1276.97
1261.00
27384.04
1260.04
1253.84
1266.00
1250.03
1255.99
1244.78
1214.03
1215.93
25280.00
1326.08
1292.94
1272.92
1245.98
1240.97
25269.99
1393.80
1338.01
1350.16
1327.99
1332.04
9378.19
1287.94
1243.83
1237.87
1241.92
1243.83
1240.97
25350.09
1248.12
1230.00
1241.21
1226.90
1226.90
25305.99
1312.97
1276.02
1255.04
1226.90
1239.06
25246.86
1322.98
1290.08
1298.90
1291.04
1296.04
1286.98
21316.05
1221.90
1221.90
1253.84
1281.02
1266.96
1281.02
1271.01
1271.01
25333.88
1297.95
1268.15
1277.92
1273.87
1270.06
1255.99
1280.07
1281.02
29339.79
1292.94
1267.19
1250.98
1257.18
1251.94
1247.88
25380.85
1278.88
1268.86
1239.78
1254.08
1250.03
25365.11
1276.97
1269.82
1272.92
1265.76
1263.86
25310.99
1304.15
1271.96
1260.04
1262.90
1271.01
25331.97
1266.96
1245.02
1250.03
1291.99
1310.11
1316.07
1320.12
1302.96
1298.90
25414.94
1300.10
1278.16
1280.07
1277.92
1267.91
1291.99
1271.01
1271.01
25383.00
1285.08
1275.06
1301.05
1273.87
1275.06
1283.17
1277.92
1274.82
25349.86
1317.98
1283.17
1293.90
1283.88
1280.07
1290.80
1282.93
1280.07
25334.84
1320.84
1286.98
1292.94
1284.84
1278.88
1279.83
1286.98
1277.92
1281.02
25392.06
1325.13
1293.90
1297.00
1282.93
1284.84
1286.98
1280.07
1284.12
25386.10
1296.04
1281.98
1288.89
1286.03
1279.83
1289.84
1277.92
1282.93
25345.09
1324.18
1286.03
1292.94
1281.98
1283.17
1290.08
1283.88
1281.02
25346.04
1316.79
1287.94
1290.80
1286.98
1281.02
1289.13
1289.13
1281.02
1285.08
25391.10
1295.80
1284.84
1292.94
1286.98
1277.92
1291.04
1284.12
1284.12
25392.06
1300.10
1287.94
1293.90
1283.88
1285.08
1288.89
1288.18
1280.07
25345.09
1271.01
1238.82
1235.01
1307.01
1324.18
1333.00
1329.18
1329.90
25386.10
1254.80
1229.05
1233.10
1307.96
1307.96
1306.06
1299.86
1299.86
25317.91
1321.08
1250.03
1252.17
1282.93
1289.84
1284.84
1292.94
1289.13
1290.08
25388.00
1293.90
1265.05
1274.11
1277.92
1269.82
1275.06
1266.96
1266.00
25328.87
1277.92
1259.80
1242.88
1234.05
1237.87
1239.78
1234.05
1239.06
1228.09
29335.02
1227.14
1217.13
1228.09
1221.90
1217.84
25280.95
1250.03
1223.80
1219.99
1219.03
1211.88
1209.97
25400.16
1321.08
1327.99
1256.94
1246.93
1236.92
25374.17
1331.09
1346.11
1306.06
1290.08
1286.03
1297.00
1286.03
1289.84
25374.89
1307.96
1286.03
1294.14
1292.94
1284.84
1274.82
1252.89
1254.80
25326.97
1304.15
1280.07
1277.92
1276.02
1269.10
25315.05
1310.11
1290.08
1294.14
1296.04
1277.92
1285.08
25398.02
1299.14
1271.01
1285.08
1284.12
1286.03
25384.90
1319.17
1316.07
1333.95
1333.95
1315.12
33369.06
1261.95
1245.98
1251.94
1244.07
1244.07
17306.09
1300.10
1274.11
1279.12
1278.88
1272.92
25331.97
1306.06
1283.17
9337.90
1314.88
1287.94
1261.95
1212.84
1224.99
1232.15
21431.92
1357.08
1351.12
1351.12
1346.11
1353.98
1221.18
1230.96
1220.23
25389.91
1324.89
1303.20
1265.05
1253.13
1245.98
1252.17
1236.92
1225.95
33308.03
1274.82
1255.99
1280.07
1262.19
1269.10
17313.96
1282.93
1252.17
1246.93
1243.83
1241.92
1247.17
25372.98
1298.19
1285.08
1253.13
1252.89
1241.92
21363.97
1303.91
1298.19
1277.92
1306.06
1297.95
1316.07
1292.94
1304.15
25345.09
1336.10
1305.10
1309.87
1308.92
1293.90
1284.12
1234.05
1237.15
25296.93
1348.02
1318.93
1303.91
1244.07
1242.88
1252.17
1250.03
1240.97
1240.97
25351.05
1269.10
1249.07
1284.12
1246.93
1248.84
17304.90
1284.84
1255.04
1258.85
1262.90
1250.98
25314.09
1338.01
1313.92
1308.20
1241.92
1235.01
21269.08
1338.01
1286.98
1281.02
1283.88
1294.85
1291.99
1298.90
1286.98
1290.08
25416.14
1302.96
1302.00
1303.91
1300.10
1295.09
25413.04
1308.92
1301.05
1308.20
1295.09
1297.00
1303.20
1348.02
1342.06
25421.14
1316.07
1305.10
1308.92
1304.86
1328.95
17414.09
1327.04
1314.88
1349.21
1316.07
1316.07
25422.10
1313.92
1286.03
1314.16
1301.05
1297.00
21392.82
1308.92
1282.22
1297.95
1327.99
1339.91
1348.02
1349.93
1341.82
25455.00
1348.02
1348.97
1331.09
1325.85
1327.99
1348.02
1347.06
1353.98
25414.94
1296.04
1286.03
1307.01
1293.18
1298.90
1248.84
1264.81
1276.97
25388.96
1306.06
1297.00
1288.89
1258.13
1257.18
25317.91
1323.94
1316.07
1321.08
1308.20
1306.06
25376.08
1341.10
1324.18
1331.09
1341.10
1339.91
25375.84
1334.91
1302.96
1305.10
1276.02
1275.06
1297.95
1283.88
1277.92
25334.12
1312.02
1300.81
1297.95
1290.08
1276.02
1277.21
1215.93
1224.99
1233.10
25384.90
1314.88
1298.90
1259.80
1240.02
1241.92
1252.89
1242.88
1250.03
17316.82
1301.05
1271.01
1292.94
1278.88
1282.93
25352.00
1302.96
1270.06
1267.91
1274.11
1271.96
25330.07
1315.12
1261.95
1250.03
1277.92
1253.84
1243.83
25362.97
1262.19
1253.13
1261.00
1256.94
1251.94
1239.06
1304.86
1299.14
25353.91
1281.02
1254.08
1240.02
1312.97
1332.04
1341.82
1344.92
1343.01
25406.84
1375.91
1345.16
1352.07
1346.11
1338.96
1310.11
1261.00
1258.13
21332.98
1300.81
1260.04
1264.10
1274.11
1271.96
29334.07
1365.90
1329.18
1322.03
1220.94
1242.88
1240.02
29387.00
1291.99
1283.88
1297.95
1278.16
1287.94
25400.16
1292.94
1281.02
1256.94
1250.03
1238.82
25362.97
1308.92
1284.12
1288.89
1276.02
1272.92
25331.02
1312.97
1276.97
1282.93
1285.08
1271.01
21328.93
1298.90
1267.91
1281.98
1278.88
1270.06
1268.86
1280.07
1285.08
1271.96
25383.00
1291.99
1276.02
1257.90
1285.79
1274.82
1281.98
1272.92
1266.96
29381.99
1255.99
1237.15
1233.10
1242.88
1246.93
25316.00
1275.06
1250.03
1239.06
1235.01
1232.15
1232.15
25350.09
1255.99
1235.01
1261.00
1238.11
1234.05
25339.13
1257.18
1241.92
1248.84
1235.01
1238.11
25301.93
1358.99
1341.10
1316.07
1256.94
1269.10
1267.19
1276.97
1272.20
25304.08
1336.10
1284.12
1291.04
1291.04
1286.03
1292.94
1242.16
1236.92
1238.82
25367.98
1291.04
1274.82
1288.89
1278.88
1281.02
25329.83
1312.97
1277.92
1283.17
1276.02
1276.97
23367.88
1348.97
1339.20
1333.00
1329.18
1246.93
1231.91
1243.11
25376.08
1312.02
1312.97
1304.15
1250.98
1255.04
1274.82
1267.91
1261.00
25328.87
1291.04
1274.11
1273.16
1274.82
1271.96
1274.11
1259.09
1275.06
25332.21
1345.16
1298.90
1293.90
1285.79
1284.84
1281.02
25384.90
1299.86
1292.94
1311.06
1295.09
1299.14
25408.03
1317.02
1326.08
1321.08
1319.89
1319.89
25415.18
1327.04
1312.97
1321.08
1310.83
1309.87
33421.04
1335.14
1323.94
1358.99
1343.01
1344.92
25432.83
1353.98
1346.11
1347.06
1337.05
25384.90
1307.96
1290.08
1270.06
1314.16
1327.04
25340.08
1324.18
1256.94
1245.98
1260.04
1253.13
1240.97
25357.96
1259.09
1240.02
1247.17
1245.02
1242.16
25307.89
1340.87
1292.94
1296.04
1211.17
1230.96
21299.12
1356.84
1313.21
1307.96
1223.09
1229.05
1234.05
1243.83
1242.88
1245.98
25345.09
1255.99
1246.93
1254.08
1242.16
1238.11
1242.88
1278.88
1263.14
29333.11
1320.12
1276.02
1276.02
1251.94
1271.96
25289.06
1337.05
1281.98
1285.79
1282.93
1284.84
1277.92
25383.00
1297.00
1286.98
1294.85
1289.84
1281.02
25400.88
1300.10
1284.12
1283.88
1318.93
1305.10
25418.04
1284.84
1276.02
1290.08
1272.92
1281.98
1270.06
1298.19
1287.94
25360.11
1347.06
1320.12
1292.94
