1157.05
1146.08
1142.98
1151.80
1134.87
1144.89
25221.82
1207.83
1178.03
1163.96
1129.87
1142.98
1132.97
1136.06
1136.78
1163.96
25182.01
1189.95
1149.89
1158.00
1127.96
1142.02
1127.00
1137.02
1142.98
1127.00
1122.00
25240.90
1158.00
1150.13
1127.96
1119.14
1130.10
1131.06
1142.98
1127.00
1129.15
25206.09
1161.10
1142.02
1137.97
1148.22
1141.07
1126.05
1143.93
1137.02
1133.92
1133.92
25272.85
1152.04
1139.88
1130.82
1140.83
1131.06
1123.91
1136.06
1121.04
1126.05
25192.02
1228.81
1177.79
1178.98
1122.95
1128.91
1127.00
1133.20
1127.00
1135.11
25156.02
1240.02
1185.89
1174.93
1163.01
1148.94
1142.98
1155.85
1146.79
1152.99
1155.14
25275.95
1180.89
1173.97
1173.97
1134.87
1160.14
1176.12
1147.03
1147.03
1137.02
25769.95
1173.02
1161.10
1147.99
1167.06
1173.97
1184.94
1186.85
1184.94
1162.05
25303.13
1196.15
1187.09
1194.95
1130.10
1129.15
1133.92
1128.91
1132.01
1129.87
25202.04
1197.10
1177.07
1163.96
1132.01
1131.06
1137.97
1137.97
1127.96
1125.10
25182.96
1189.95
1170.16
1152.99
1130.10
1122.95
1117.94
1123.91
1124.14
1122.95
1117.94
25240.18
1137.97
1134.16
1107.93
1122.00
1129.15
1131.06
1133.92
1135.83
1137.02
25194.88
1184.94
1147.99
1157.05
1147.99
1141.79
1199.01
1393.08
1156.09
1157.05
25216.10
1190.19
1158.00
1147.03
1152.04
1171.83
1175.88
1196.86
1101.02
1141.07
1142.98
25284.77
1179.93
1175.88
1160.14
1123.91
1132.97
1136.06
1141.07
1128.91
1129.87
25196.08
1168.01
1144.89
1152.99
1117.94
1134.87
1132.97
1131.06
1133.92
1130.82
1135.83
25234.94
1138.21
1133.92
1113.89
1141.07
1150.13
1152.99
1142.02
1141.07
1142.98
25213.96
1158.00
1123.91
1128.91
1147.99
1165.87
1155.14
1157.05
1154.18
1146.08
25211.10
1168.97
1135.83
1118.90
13242.01
1172.07
1152.04
1138.93
1139.88
1135.83
1155.14
1155.14
1137.02
1127.00
25181.06
1149.89
1127.00
1116.99
1127.96
1124.86
1123.91
1130.10
1120.09
1121.04
1116.99
25224.92
1133.20
1123.91
1123.91
1119.14
1114.13
1122.00
1128.20
1118.90
1128.91
25202.99
1175.88
1149.89
1167.06
1171.11
1158.00
1158.00
1167.06
1158.95
1160.86
1175.88
25252.82
1161.81
1153.95
1161.10
1149.18
1151.08
1160.14
1163.01
1155.14
1149.89
25252.82
1158.00
1180.17
1168.97
1184.23
1146.08
1137.97
1145.12
1142.02
1155.14
25248.05
1166.11
1158.95
1178.03
1154.18
1152.04
1160.14
17462.02
7733.82
1201.87
1183.03
1169.92
1125.81
1144.89
1131.06
1154.90
1151.08
1149.89
25207.04
1167.06
1134.16
1133.92
1134.87
1131.06
1132.97
1116.04
1118.18
1117.94
1115.80
25232.79
1129.87
1124.86
1127.00
1116.04
1116.04
1114.13
1110.08
1122.00
1145.12
25211.10
1174.21
1127.96
1123.19
1130.10
1132.01
1130.10
1111.98
1164.91
1159.19
1163.01
25264.98
1147.99
1127.96
1127.00
1122.95
1132.97
1146.08
1168.97
1192.81
1184.94
25257.83
1168.97
1140.12
1140.12
1139.88
1132.97
1134.16
1138.93
1168.01
1175.88
25210.14
1160.14
1131.06
1119.14
1132.97
1125.10
1122.95
1139.88
1140.12
1147.03
1142.02
25262.12
1164.91
1132.01
1123.91
1122.95
1111.98
1130.10
1106.98
1111.98
1111.03
25139.09
1194.00
1131.06
1129.87
1127.96
1123.91
1124.86
1128.91
1140.12
1148.94
1158.00
25251.15
1138.93
1127.96
1126.05
1135.11
1136.06
1125.10
1130.10
1188.04
1164.91
25245.90
1176.12
1131.06
1126.05
1130.10
1134.87
1126.05
1122.95
1120.81
1152.04
1127.96
25233.03
1170.87
1137.02
1129.87
1122.00
1127.96
1125.81
1107.93
1120.09
1124.14
25174.14
1211.17
1183.99
1183.03
1204.01
1181.84
1183.03
1163.01
1133.20
1118.90
1129.87
25274.99
1183.03
1176.12
1161.10
1131.06
1122.95
1142.98
1142.02
1137.02
1143.93
25251.15
1173.97
1162.05
1153.95
1166.11
1169.92
1153.95
1174.21
1163.01
1176.12
25238.99
1209.97
1168.97
1171.83
2399.21
1161.10
1161.10
1152.99
1145.12
25190.11
1183.03
1147.99
1142.02
1163.01
1138.21
1062.87
1189.95
1168.01
1194.00
25265.93
1254.08
1178.98
1165.87
1159.91
1174.93
1157.05
25200.13
1198.05
1166.82
1159.91
1170.16
1162.05
1167.06
25233.98
1100.06
1091.96
1112.94
1158.00
1158.00
1172.07
25223.02
1149.89
1132.97
1121.04
1115.08
1086.00
1117.94
25199.17
1151.08
1344.92
1123.91
1113.18
1110.08
1130.10
1143.93
1136.06
1146.08
49194.10
1202.11
1188.99
1178.03
1184.94
1166.11
1178.98
25208.00
1127.96
1111.98
1110.08
1127.96
1128.91
1132.01
25211.81
1187.09
1151.08
1157.05
1146.08
1156.09
1160.14
25241.14
1194.00
1177.07
1187.09
1164.20
1174.93
1164.20
25264.02
1192.09
1183.03
1186.13
1177.07
1175.17
37225.96
1149.89
1128.20
1122.95
1134.16
1123.91
1122.00
25166.03
1202.82
1168.01
1157.05
1122.00
1111.03
1106.02
25166.03
1203.06
1138.93
1132.97
1141.07
1132.97
1139.16
25186.06
1164.91
1153.95
1155.14
1172.07
1151.08
1153.95
25234.22
1157.05
1132.97
1123.19
1144.89
1183.03
1185.89
1189.95
1197.10
1178.98
25252.10
1190.19
1158.95
1146.08
1174.93
1204.01
1213.07
25278.09
1250.03
1232.15
1235.01
1225.95
1228.81
25253.06
1286.98
1232.15
1229.05
1239.06
1224.04
1226.90
25301.93
1180.89
1161.10
1146.08
1219.03
1229.05
1227.14
25265.93
1170.87
1167.06
1174.93
1163.01
1170.87
25219.20
1199.96
1176.83
1175.88
1172.78
1173.02
1173.02
25237.08
1179.93
1163.96
1155.14
1156.09
1167.06
1184.94
17292.02
1183.99
1172.07
1163.01
1242.88
1236.92
25286.20
1245.98
1208.07
1191.85
1200.91
1192.09
1188.99
25267.84
1147.03
1135.11
1128.91
1128.91
1132.01
1135.11
25239.94
1150.85
1144.89
1140.83
1152.99
1145.12
1147.03
25256.16
1132.01
1116.99
1106.02
1178.98
1190.90
1185.89
25238.04
1132.97
1122.95
1134.87
1133.20
1130.10
1124.86
21277.90
1173.97
1161.10
1182.08
1165.87
1183.99
25224.92
1209.02
1189.95
1187.80
1193.05
1180.89
1183.99
25270.94
1156.09
1146.08
1137.02
1184.94
1198.77
1181.84
1194.95
1185.18
1180.89
25241.85
1261.00
1245.98
1208.78
1174.93
1167.06
1153.23
1158.95
1174.21
1160.86
25233.98
1223.09
1190.90
1201.87
1168.97
1164.91
1159.91
1166.11
1178.98
1163.96
25232.08
1204.01
1172.07
1175.17
1158.95
1167.06
1180.89
1188.99
1182.08
1179.93
25235.89
1194.00
1152.04
1152.99
1173.02
1165.87
1176.83
1171.83
1165.87
1171.11
1165.15
29248.00
1163.01
1158.95
1165.15
1158.95
1183.99
1178.03
1177.07
1159.19
1172.07
25264.98
1191.85
1179.93
1193.05
1183.99
1183.99
1188.99
1186.85
1188.04
1183.99
25299.07
1195.91
1187.09
1188.04
1188.99
1187.09
1189.95
1184.94
1185.18
1180.89
25289.06
1198.05
1183.03
1195.19
1188.99
1179.93
1194.00
1187.09
1186.13
1187.09
29253.01
1136.06
1127.96
1142.98
1131.06
1125.10
1130.10
1127.00
1116.04
1111.98
25171.04
1199.01
1155.85
1164.91
1178.98
1171.11
1163.96
1159.19
1153.95
1177.07
33205.03
1178.03
1125.10
1115.08
1122.95
1116.04
1112.94
1108.88
1127.00
1131.06
1129.87
25196.79
1188.04
1153.95
1168.01
1165.15
1159.91
1161.81
1168.01
1156.09
1167.06
25228.02
1224.04
1187.09
1189.23
1195.91
1182.08
1183.99
1194.00
1178.98
1184.94
25239.23
1225.95
1194.95
1184.94
1198.05
1187.09
1184.94
1193.05
1181.84
1169.92
25235.18
1209.02
1185.18
1177.07
1188.04
1178.98
1173.97
1184.94
1183.03
1177.07
25216.10
1208.07
1174.93
1168.97
1179.93
1163.96
1161.10
1160.14
1147.03
1142.98
1130.82
25245.90
1150.85
1134.16
1132.97
1125.81
1116.04
1111.03
1121.04
1114.13
1109.12
25171.04
1158.95
1140.12
1142.98
1152.99
1151.08
1158.00
1168.97
1158.95
1163.01
1158.00
25264.02
1172.07
1184.94
1199.96
1183.03
1185.89
1188.99
1188.99
1185.89
1183.99
25290.01
1199.01
1184.23
1203.06
1187.09
1188.04
1197.10
1184.94
1188.99
1181.84
25294.07
1193.05
1188.99
1199.01
1183.99
1184.94
1189.95
1188.99
1184.94
1182.08
25319.10
1186.13
1180.89
1188.99
1184.94
1185.89
1194.00
1189.95
1190.19
1189.95
13273.00
1166.11
1169.92
1163.01
1156.09
1149.89
1158.95
1147.99
1144.89
1143.22
25235.89
1149.89
1138.21
1141.07
1133.92
1134.87
1128.20
1141.07
1130.10
1128.91
25175.81
1151.08
1125.10
1120.09
1137.02
1124.14
1116.04
1120.09
1122.95
1122.95
1129.15
25205.14
1144.89
1127.00
1127.96
1118.90
1126.05
1122.95
1131.06
1119.14
1121.04
25148.87
1178.03
1127.96
1118.90
1127.96
1124.86
1123.19
1132.01
1131.06
1133.92
1131.06
25202.99
1166.82
1137.02
1145.12
1141.07
1139.88
1134.87
1154.18
1152.99
1136.06
25186.06
1187.09
1156.09
1148.22
1162.05
1156.09
1142.98
1155.14
1152.99
1154.18
1147.03
25246.14
1160.14
1146.08
1157.05
1158.00
1161.10
1174.21
1172.07
1169.92
1163.96
25226.12
1188.99
1168.97
1170.16
1116.99
1142.02
1163.01
1183.03
1176.12
1182.08
25259.02
1219.99
1189.95
1194.00
1165.87
1175.88
1173.02
1178.98
1169.92
1158.00
29196.02
1199.01
1168.01
1161.10
1174.93
1158.95
1169.92
1184.94
1187.09
1188.04
25213.00
1245.02
1199.01
1183.03
1191.85
1185.89
1189.23
1188.04
1186.13
1183.03
25212.05
1237.15
1188.99
1186.13
1197.10
1185.89
1182.79
1191.85
1189.95
1188.99
25209.90
1236.92
1190.90
1183.03
1190.90
12137.17
1182.08
1168.97
1176.83
1169.20
1164.91
1163.96
1218.08
1237.87
1231.91
25293.83
1215.93
1206.87
1190.19
1115.08
1117.94
1115.80
1147.99
1145.12
1143.93
25192.02
1149.18
1123.91
1122.95
1126.05
1130.10
1133.20
1118.90
1165.87
1168.97
25182.01
1188.99
1143.93
1139.88
1139.16
1133.92
1127.96
1121.04
1115.80
1107.93
1110.79
25169.85
1136.06
1123.91
1132.01
1146.08
1127.96
1145.84
1153.95
1158.00
1152.99
25184.87
1208.07
1168.97
1159.91
1178.03
1181.13
1189.95
1189.95
1187.09
1188.04
1188.99
29239.89
1140.83
1125.81
1146.08
1144.89
1144.89
25180.10
1218.08
1165.15
1163.96
1168.01
1161.10
1159.91
25230.88
1183.03
1142.02
1140.12
1144.89
1162.05
1152.99
25223.02
1165.87
1147.99
1140.83
1152.04
1139.16
1138.93
25202.04
1165.87
1138.93
1139.88
1139.16
1136.06
1131.06
25197.03
1212.12
1178.98
1163.96
1136.06
1144.17
1142.02
29241.09
1162.05
1148.22
1163.01
1158.00
1164.20
1163.96
1122.95
1119.14
1127.00
25215.15
1215.93
1183.03
1188.99
1147.03
1158.95
1166.11
1176.12
1161.10
1159.91
25210.86
1227.86
1171.83
1178.98
1199.01
1184.94
1188.04
1178.03
1158.95
1167.06
25210.14
1211.88
1174.93
1160.14
1146.08
1138.93
1148.94
1152.99
1150.85
1146.08
1146.08
25245.90
1154.90
1142.98
1142.98
1139.88
1142.02
1135.83
1145.84
1173.02
1183.99
25240.90
1181.84
1154.18
1178.03
1164.91
1168.01
1168.01
9241.82
1143.93
1137.02
1148.22
1142.98
1147.99
1151.08
25256.87
1149.89
1137.02
1127.96
1176.83
1178.98
1187.09
25218.01
1127.00
1118.90
1130.10
1128.20
1118.90
1119.85
25217.06
1129.87
1129.15
1129.87
1178.98
1183.03
25242.09
1211.17
1168.01
1172.07
1172.78
1159.91
1161.81
25207.04
1189.95
1173.97
1158.00
1189.95
1158.95
1170.16
25245.90
1183.03
1161.10
1157.05
1161.10
1151.08
1162.05
25289.06
1178.98
1163.01
1168.01
1162.05
1154.90
25168.90
1183.03
1127.00
1117.94
1119.85
1109.84
1116.99
1115.08
25217.06
1124.14
1115.08
1126.05
1116.99
1117.94
1129.15
41256.90
1137.02
1136.06
1141.07
1174.93
1176.12
25224.92
1202.11
1170.87
1168.01
1184.94
1163.01
1164.91
25211.81
1195.91
1168.01
1183.99
1195.19
1188.04
1187.09
1194.95
1188.99
1185.89
25240.18
1207.11
1180.89
1168.97
1182.08
1172.07
1163.01
1165.87
1158.95
1152.04
25188.92
1178.03
1141.07
1133.92
1133.92
1124.14
1116.99
1117.94
1114.13
1114.13
1112.94
25172.95
1150.13
1127.00
1147.03
1152.04
1152.04
1152.04
1163.96
1156.81
1160.86
25210.86
1190.90
1178.03
1163.96
1193.05
1191.14
1186.13
1195.91
1193.05
1187.09
25233.03
1230.00
1194.95
1189.95
1195.91
1188.99
1189.95
1197.10
1188.04
1183.99
25236.85
1226.90
1191.85
1188.04
1196.86
1186.85
1186.85
1190.90
1191.14
1188.04
25235.89
1229.05
1192.09
1190.90
1199.01
1188.99
1186.13
1193.05
1191.14
1184.94
25228.02
1206.87
1178.03
1177.07
1183.03
1173.97
1173.02
1178.03
1158.95
1152.04
1143.93
25247.10
1146.08
1141.79
1138.93
1119.14
1110.08
1106.98
1119.14
1109.12
1122.00
25182.01
1157.05
1142.98
1149.18
1153.95
1146.08
1158.00
1168.97
1160.14
1158.00
25182.96
1220.94
1177.07
1177.07
1173.02
1167.06
1168.97
1168.01
1164.91
1165.15
1147.03
25262.12
1152.04
1134.87
1130.82
1133.92
1122.00
1109.84
1119.85
1111.03
1110.08
25157.93
1154.90
1134.16
1137.02
1155.14
1148.94
1150.85
1158.95
12004.14
1188.04
1163.01
1158.95
1135.11
1130.10
1142.02
1152.04
1148.94
1152.04
1151.08
25266.89
1177.07
1168.01
1158.95
1135.11
1155.14
1158.95
1167.06
1161.10
1173.02
25276.90
1176.83
1154.90
1147.99
1158.00
1178.98
1182.08
1176.12
1186.13
1177.07
25280.00
1133.92
1123.19
1117.94
1197.10
1221.18
1226.90
1242.88
1233.10
1233.10
25315.05
1188.99
1166.82
1147.99
1208.07
1222.13
1235.96
1231.91
1228.09
1232.15
25281.91
1158.95
1150.13
1146.08
1192.09
1212.12
1214.03
1205.92
1177.07
1204.01
25257.11
1124.14
1115.08
1108.88
1232.15
1233.10
1232.86
1230.00
1231.91
1234.05
25295.02
1186.13
1167.06
1183.03
1209.02
1214.03
1216.89
1202.11
1209.97
1210.93
25273.08
1176.12
1163.01
1158.00
1201.87
1199.96
1203.06
1220.94
1225.95
1231.91
25252.10
1147.99
1139.88
1120.81
1205.92
1221.18
1231.91
1230.00
1226.90
1230.96
17265.08
1157.05
1150.85
1155.85
1142.02
1137.97
1152.04
1141.07
1134.87
1133.20
25213.96
1146.79
1125.81
1134.87
1124.86
1118.90
1114.13
1120.09
1117.94
1112.94
1109.12
25202.04
1123.91
1116.04
1130.10
1113.18
1113.89
1113.89
1131.06
1116.99
1116.99
25193.21
1156.09
1137.02
1130.10
1140.12
1134.87
1135.83
1150.85
1145.84
1141.07
1138.93
29268.03
1158.95
1152.04
1158.00
1147.03
1148.94
1148.94
1151.08
1155.14
1152.99
25257.83
1180.89
1158.95
1156.09
1152.04
1157.05
1153.95
1170.16
1156.09
1158.95
25236.13
1199.01
1168.01
1174.93
1174.93
1167.06
1168.01
1165.87
1184.23
1192.09
25244.95
1213.07
1176.83
1166.11
1181.13
1170.87
1173.97
1157.05
1204.01
1224.04
25293.11
1218.08
1175.17
1170.87
1175.88
1166.82
1168.01
1163.96
1168.97
1184.94
25238.99
1219.99
1196.86
1179.93
1193.05
1196.15
1206.16
1215.93
1202.82
1202.82
25271.89
1251.94
1227.14
1236.92
1234.77
1235.01
1225.95
1243.11
1235.01
1236.92
25310.04
1258.13
1238.11
1240.02
1233.10
1228.09
1235.01
1233.82
1256.94
1235.01
25329.83
1245.02
1234.05
1237.87
1234.05
1235.96
1242.16
1235.01
1237.15
25295.97
1265.05
1231.91
1239.06
1235.01
1232.86
1234.05
1241.92
1232.15
1233.10
25341.03
1245.98
1235.01
1239.06
1233.10
1229.05
1238.11
1230.00
1232.86
25282.14
1275.06
1241.21
1231.91
1241.92
1234.05
1232.15
1244.07
1235.96
1234.05
25295.97
1264.81
1236.92
1240.02
1234.05
1235.01
1240.02
1235.01
1232.86
1233.10
25339.13
1240.97
1230.96
1242.16
1230.00
1231.19
1237.87
1235.96
1234.05
33287.05
1235.01
1215.93
1227.86
1152.99
1172.07
1161.10
17276.05
1169.92
1163.01
1162.05
1183.03
1197.10
1197.10
25259.02
1150.13
1150.13
1162.05
1157.05
1156.09
25196.08
1200.91
1167.06
1168.01
1194.00
1185.18
1185.89
25256.87
1201.87
1168.97
1173.97
1165.87
1174.21
1168.01
25279.05
1186.85
1177.79
1173.97
1167.06
1171.11
1173.97
25275.23
1182.08
1171.11
1178.98
1172.07
1168.01
25225.88
1240.97
1229.05
1233.10
1111.98
1125.10
1127.96
1134.87
1136.78
1137.97
1150.13
25262.12
1166.11
1162.05
1166.11
1158.95
1158.00
1158.00
1164.91
1182.08
1172.07
25282.14
1184.94
1174.93
1178.98
1213.07
1213.07
1221.90
1210.93
1209.97
1210.93
25324.11
1223.09
1214.03
1222.85
1211.88
1210.21
1185.89
1170.87
1160.86
1175.17
29242.99
1147.03
1133.92
1145.12
1142.02
1136.06
1139.16
1199.96
1224.99
1231.91
21304.13
1184.94
1175.88
1163.01
1132.01
1122.00
1119.14
17272.95
1179.93
1175.17
1160.86
1173.02
1167.06
25236.13
1205.92
1176.83
1152.04
1163.01
1147.99
1133.92
25194.17
1163.01
1132.01
1119.85
1123.19
1108.88
1116.04
25186.06
1160.14
1127.00
1123.19
1111.98
1166.11
1160.14
25228.98
1169.20
1135.11
1131.06
1137.97
1127.96
1127.00
25179.86
1150.13
1124.14
1118.90
1140.83
1124.86
1117.94
1113.18
1133.92
1132.97
1131.06
25237.08
1143.93
1135.11
1137.97
1112.94
1118.18
1117.94
1129.87
1122.00
1124.86
25191.07
1156.09
1142.02
1137.97
1148.94
1143.93
1141.07
1144.89
1145.84
1142.02
1136.06
25256.16
1148.94
1140.83
1121.04
1116.99
1108.17
1110.08
1126.05
1119.14
1127.96
25182.01
1170.87
1151.80
1152.04
1164.91
1153.95
1154.90
1152.99
1168.97
1174.93
25197.03
1219.03
1189.95
1189.95
1158.95
1158.95
1161.10
1176.83
1159.91
1160.14
1172.07
33242.94
1142.02
1127.96
1129.15
1130.10
1123.91
1120.81
25228.98
1146.08
1151.08
1162.05
1168.01
1158.00
25213.96
1173.02
1143.93
1144.89
1152.99
1131.06
1128.91
25184.87
1200.20
1183.99
1175.17
1178.03
1177.07
1179.93
1192.09
1204.01
1215.93
25267.84
1246.93
1218.08
1213.07
1220.23
1209.97
1216.17
1221.90
1207.83
1209.02
29249.91
1193.05
1140.12
1123.91
1138.93
1130.10
1127.00
1138.93
1126.05
1135.11
1136.06
1145.12
1147.03
1149.18
17201.90
1163.96
1147.03
1140.12
1145.12
1137.97
1138.93
1137.02
1147.99
1158.00
1168.01
1163.01
1163.96
1163.01
17239.81
1137.97
1127.00
1133.92
1130.10
1132.01
1128.91
1136.06
1179.22
1178.98
1186.13
1188.04
1185.18
1176.12
17251.01
1148.94
1132.01
1136.78
1133.92
1125.81
1129.87
1164.20
1198.05
1202.11
1219.99
1222.13
1224.04
13279.91
1154.90
1132.97
1129.15
1132.01
1122.95
1123.91
1111.98
1172.07
1163.01
1178.98
25259.02
1158.00
1152.99
1158.95
1153.95
1164.91
1152.99
1174.93
1202.11
1182.08
29265.17
1163.96
1151.08
1162.05
1158.95
1173.02
1171.11
25290.97
1178.03
1176.12
1173.97
1158.95
1156.09
25213.96
1163.01
1132.97
1122.00
1137.02
1124.14
1123.91
25182.01
1198.05
1163.96
1157.05
1178.03
1170.87
1175.88
25227.07
1144.89
1124.86
1125.81
1139.88
1127.96
1127.96
1133.92
1132.01
1133.92
1128.20
25234.94
1139.16
1130.10
1128.91
1134.87
1138.93
1132.97
1214.98
1209.97
1197.10
1223.09
1210.93
1198.05
17256.02
1223.09
1209.02
1206.16
1199.96
1199.01
1199.01
1167.06
1125.10
1121.04
1126.05
1118.18
1120.09
1113.89
17251.01
1204.01
1188.99
1191.85
1180.89
1181.84
1182.79
1137.97
1137.97
1137.02
1137.97
1126.05
1123.19
1120.09
17230.99
1132.97
1122.00
1127.96
1122.95
1117.94
1118.90
1163.96
1153.95
1151.08
1157.05
1153.95
1152.04
1147.99
17199.99
1131.06
1122.00
1130.10
1129.15
1126.05
1127.96
1146.79
23923.87
1188.04
1173.02
1178.03
1175.17
1177.07
1193.05
1201.87
1204.01
1209.02
25319.10
1219.99
1211.88
1216.89
1210.21
1210.93
1213.07
1209.02
1209.02
1210.93
25228.02
1157.05
1142.02
1158.00
1140.12
1139.16
25186.06
1188.04
1150.13
1147.03
1178.03
1161.81
1169.92
25240.90
1230.00
1211.88
1216.89
1211.88
1212.12
1209.02
25285.96
1175.88
1172.07
1164.91
1152.04
1160.14
1147.99
1173.02
1163.01
1161.10
25239.94
1168.97
1145.12
1145.12
1143.93
1139.16
1129.15
1143.93
1172.78
1170.87
17228.84
1172.07
1133.92
1129.87
1134.16
1124.14
1122.95
33186.91
1158.00
1122.95
1116.04
1129.15
1122.95
1122.95
25182.96
1185.89
1158.95
1138.21
1170.87
1194.00
1178.98
25247.81
1165.87
1138.93
1135.11
1182.08
1190.19
1174.93
37278.18
1156.09
1142.02
1134.16
1131.06
1128.91
1131.06
1137.97
1126.05
1123.91
13184.07
1182.79
1154.90
1150.13
1167.06
1198.05
1204.01
1204.01
1200.91
1196.15
29253.96
1194.95
1163.96
1158.95
1161.10
1162.05
1160.86
25223.97
23911.95
1221.90
1192.09
1193.05
1194.00
1184.94
1186.13
25300.98
1185.89
1174.21
1169.92
1164.20
1168.01
1163.96
21238.80
1153.95
1150.13
1153.95
1168.01
1158.00
1168.01
1156.09
1164.20
1155.85
25265.93
1170.16
1157.05
1163.01
1160.14
1158.95
1173.97
1171.11
1168.01
1163.01
25240.90
1150.85
1124.14
1119.14
1132.01
1122.95
1127.96
25201.08
1226.90
1194.00
1191.85
1198.77
1188.04
1189.95
25266.89
1147.99
1137.02
1135.11
1127.00
1122.00
1116.99
25257.11
1158.00
1135.83
1147.99
1151.08
1162.05
21197.08
1226.90
1156.09
1156.09
1157.05
1143.93
1142.02
1137.97
1135.83
1132.01
1122.95
25246.86
1180.89
1167.06
1168.01
1109.12
1116.04
1126.05
1142.98
1127.00
1133.92
25177.00
1199.01
1178.03
1174.93
1183.03
1172.07
1167.06
1165.15
1119.14
1132.97
1126.05
25207.04
1130.82
1124.86
1127.96
1116.99
1123.91
1122.00
1117.94
1122.95
1132.97
25195.12
1172.07
1140.12
1134.87
1124.86
1141.07
1143.93
1158.95
1170.87
1159.91
25196.79
1224.04
1170.16
1169.92
1192.09
1179.22
1185.89
1173.97
1199.96
1201.87
1200.91
25287.15
1191.14
1168.97
1180.89
1162.05
1125.10
1135.11
1132.01
1134.87
1134.87
21255.02
1141.07
1122.95
1125.81
1124.86
1124.86
1139.88
25238.99
1158.00
1142.98
1147.03
1157.05
1152.04
1159.19
25283.10
1178.03
1177.07
1160.14
1152.04
1180.17
25218.96
1203.06
1183.99
1172.07
1178.98
1177.07
1166.11
25249.00
1192.81
1170.87
1164.20
1179.93
1172.07
1170.16
25289.06
1186.13
1174.93
1185.89
1179.93
1164.91
1170.16
25244.95
1174.93
1160.14
1159.91
1145.84
1137.02
1124.14
1204.97
1220.23
1198.05
25300.98
1185.18
1188.99
1176.12
1164.91
1168.97
1173.97
1174.93
1178.03
1183.99
25283.10
1196.86
1186.85
1207.83
1204.01
1207.11
1194.00
1110.08
1123.19
1128.91
25250.20
1185.89
1178.98
1168.97
1126.05
1137.02
1134.87
1145.84
1137.02
1135.11
25187.97
1165.87
1140.12
1141.07
1158.95
1142.02
1139.88
1147.03
1176.12
1168.97
1168.01
25235.89
1138.93
1134.16
1116.04
1155.14
1152.04
1163.01
1148.94
1135.11
1127.96
41178.23
1178.03
1150.13
1155.85
1153.95
1149.18
1151.08
25266.89
1164.91
1161.81
1145.84
1137.02
1142.98
1140.12
25260.93
1163.96
1153.95
1152.04
1142.02
1145.84
1140.83
25235.89
1145.84
1132.97
1135.11
1121.04
1127.00
1120.81
25218.01
1132.97
1128.20
1122.00
1123.19
1120.09
1128.91
29237.03
1146.08
1136.06
1140.12
1172.07
1168.01
1177.07
1173.97
1165.87
1159.91
25255.92
1134.16
1127.00
1121.04
1155.14
1148.94
1148.94
1152.99
1146.08
1142.98
25202.04
1232.15
1198.05
1190.19
1148.94
1158.00
1149.89
1162.05
1151.08
1147.03
25193.93
1173.97
1132.01
1122.00
1131.06
1124.14
1128.91
1136.78
1129.87
1132.01
1122.00
25194.17
1196.15
1186.85
1167.06
1119.85
1132.97
1143.93
1146.79
1143.93
1145.12
25201.08
1163.01
1134.87
1131.77
1132.97
1176.12
1173.97
1196.15
1205.92
1207.83
21234.04
1255.04
1181.13
1173.97
1188.04
1204.01
1204.01
1173.97
1154.18
1147.03
1143.93
25275.95
1173.97
1173.02
1169.92
1148.94
1151.08
1147.99
1139.88
1142.02
1139.88
25227.79
1157.05
1133.92
1129.87
1130.82
1121.04
1118.90
1132.97
1121.04
1128.91
25177.96
1152.99
1134.87
1136.78
1142.98
1138.93
1145.84
1151.80
1154.90
1148.94
1157.05
25258.06
1167.77
1162.05
1166.11
1159.91
1171.83
1163.96
1180.17
1168.97
1168.01
25241.85
1204.97
1184.94
1179.93
1132.97
1141.07
1142.98
1143.93
1128.20
1132.97
25191.07
1217.84
1179.93
1183.03
1143.93
1139.16
1142.02
1136.06
1132.01
1125.81
1125.81
25265.93
1183.03
1181.84
1155.85
1140.83
1139.88
1140.83
1137.02
1127.96
1130.82
25188.92
