1218.80
1199.01
1168.97
1170.87
1168.01
25251.87
1258.85
1215.93
1223.09
1137.02
1147.03
1152.04
25262.12
1270.06
1286.98
1206.87
1129.87
1137.02
1132.97
25255.92
1165.15
1158.95
1169.92
1167.06
1178.98
25233.03
1219.03
1197.10
1201.15
1204.01
1208.07
1199.96
25308.13
1230.96
1216.89
1217.13
1214.03
1226.19
25291.92
1251.94
1217.84
1227.86
1240.97
1240.97
1226.90
25336.03
1237.87
1225.95
1240.02
1232.15
1221.90
25281.91
1252.89
1229.05
1235.96
1239.06
1230.00
1228.09
25334.12
1235.96
1227.86
1234.05
1223.09
1223.09
25296.93
1266.00
1230.00
1235.01
1231.19
1230.96
25276.90
1271.01
1237.87
1228.81
1261.00
1247.17
1224.99
25316.00
1224.99
1214.03
1210.21
1213.07
1219.03
25257.11
1209.97
1183.99
1168.01
1184.23
1164.91
1164.91
25227.07
1180.89
1162.05
1167.77
1161.81
1163.01
1157.05
25303.13
1170.16
1147.99
1155.14
1152.04
1152.04
1147.03
25255.92
1161.81
1161.10
1173.02
1167.06
1172.07
25221.11
1219.03
1194.00
1189.95
1210.93
1213.07
1194.00
25291.92
1215.93
1191.85
1196.86
1202.82
1201.87
1206.87
25302.17
1235.96
1221.90
1246.93
1221.18
1224.99
25284.05
1255.04
1230.00
1236.20
1247.88
1286.98
25258.06
1243.11
1199.01
1212.84
1225.95
1208.07
1194.00
25316.00
1240.02
1224.04
1204.97
1198.05
1190.19
25227.07
1220.94
1185.89
1190.90
1200.91
1168.97
1165.87
25219.92
1194.00
1162.05
1168.97
1169.92
1156.09
1158.00
25257.83
1168.97
1154.18
1159.91
1157.05
1153.95
1141.79
25258.06
1165.87
1158.95
1171.11
1173.02
1165.87
25211.81
1230.96
1180.89
1173.02
1196.86
1185.89
1185.18
25258.06
1224.04
1192.09
29252.05
1186.85
1161.81
1161.81
1165.87
1158.95
1169.20
25209.90
1229.05
1215.93
1231.91
1142.02
1717.81
25227.07
1214.98
1171.11
1184.94
1175.88
1182.08
1183.03
25259.97
1188.04
1146.08
1152.04
1186.13
1177.07
1183.03
25299.07
1211.88
1194.95
1194.95
1183.03
1178.98
25202.04
1266.96
1235.01
1223.80
1145.84
1163.96
1152.04
25218.01
1224.04
1204.97
1196.86
1137.02
1160.86
1150.85
25255.92
1178.03
1175.17
1174.93
1130.82
1148.94
1151.08
25300.98
1203.06
1204.97
1201.87
1138.93
1140.12
25186.06
1224.04
1208.07
1218.08
1161.10
1134.16
1133.92
25219.92
1224.99
1225.95
1196.86
1134.87
1135.11
1129.15
25249.00
1221.90
1193.05
1189.95
1118.90
1134.16
1145.12
25305.03
1211.17
1203.06
1186.13
1130.10
1141.07
25195.12
1223.09
1196.15
1205.92
1155.85
1158.95
1165.15
25245.90
1257.90
1226.90
1217.13
1196.86
1188.99
1183.03
25312.90
1212.12
1206.87
1191.85
1174.93
1179.93
25237.08
1207.11
1172.07
1177.07
1152.99
1156.09
1138.93
25198.94
1178.03
1156.81
1147.99
1106.98
1126.05
1129.87
25215.86
1193.05
1166.11
1163.96
1139.88
1142.98
1146.08
25262.12
1174.93
1173.97
1188.99
1259.09
1147.03
25181.06
1223.80
1148.94
1149.18
1123.91
1181.84
1191.85
25245.90
1175.88
1151.80
1154.90
1158.00
1178.03
1172.07
25251.15
1193.05
1183.99
1174.93
1173.97
1178.98
1180.17
25305.03
1228.09
1211.88
1186.85
1179.93
1175.17
25223.97
1240.97
1224.04
1236.20
1135.11
1163.01
1171.11
25237.08
1265.05
1236.20
1219.99
1127.00
1138.93
1127.96
25275.95
1218.08
1207.83
1188.99
1128.91
1135.83
25154.83
1257.90
1205.92
1198.05
1151.80
1124.86
1137.02
25190.11
1213.07
1216.17
1198.05
1157.05
1162.05
1158.00
25236.13
1219.03
1209.97
1181.13
1188.04
1189.95
1183.99
25326.97
1231.19
1230.00
1177.07
1171.11
1166.11
17246.96
1219.99
1168.97
1163.96
1198.05
1189.23
1189.95
17288.21
1144.89
1132.01
1127.00
1127.00
1131.06
1132.97
25259.02
1155.85
1140.83
1136.06
1122.00
1137.97
1132.01
25261.16
1148.94
1127.00
1113.89
1134.87
1137.97
1137.02
25254.01
1137.97
1121.04
1133.20
1143.93
1150.85
1139.88
25260.93
1158.00
1149.89
1160.14
1144.17
1127.96
25179.15
1200.20
1158.00
1181.13
1162.05
1128.91
1125.81
25197.03
1206.16
1151.08
1142.02
1145.12
1141.07
1125.10
25197.98
1188.04
1147.99
1153.95
1148.94
1132.01
1139.88
25197.98
1199.01
1186.13
1178.03
1122.00
1135.83
1136.06
25236.13
1204.01
1184.94
1174.93
1128.20
1135.11
1127.96
25262.12
1171.11
1163.01
1167.77
1127.96
1133.20
1132.01
25254.96
1144.89
1144.89
1132.01
1143.93
1146.79
25193.93
1204.01
1142.98
1141.79
1125.81
1147.99
1135.11
25195.12
1219.99
1160.86
1158.00
1150.13
1146.08
1142.02
25193.93
1205.92
1175.17
1220.94
1168.97
1145.12
1172.07
25223.97
1194.95
1174.93
1163.01
1129.87
1131.06
1154.18
25275.95
1197.10
1173.02
1163.01
1136.06
1135.11
1139.88
25264.02
1170.87
1165.87
1162.05
1139.88
1142.02
25177.96
1216.89
1163.01
1173.97
1158.95
1152.04
1150.13
25212.05
1196.86
1165.87
1163.96
1159.91
1166.82
1168.01
25223.97
1179.22
1146.08
1149.89
1157.05
1158.00
1159.19
26627.06
1183.03
1176.83
1181.84
1179.93
25231.12
1214.03
1184.94
1182.08
1143.22
1168.01
1161.10
25233.03
1213.07
1176.83
1204.01
1193.05
1142.98
1141.07
25252.82
1197.81
1190.90
1184.23
1143.93
1144.89
1143.22
25297.88
1194.00
1191.14
1195.91
1178.03
1162.05
25218.01
1212.84
1188.99
1192.09
1188.99
1184.94
1173.97
25246.86
1220.94
1163.01
1167.06
1162.05
1168.01
1180.17
25286.91
1185.89
1164.91
1154.18
1182.08
1173.02
25228.02
1201.87
1155.85
1145.84
1157.05
1198.05
1179.93
25251.87
1160.86
1137.02
1130.10
29289.96
1184.94
1183.03
1166.11
1147.99
1160.86
25217.06
1217.13
1074.08
1163.96
1175.88
1186.85
1181.84
25244.95
1207.11
1184.94
1180.89
1158.95
1158.95
1163.96
25272.13
1193.05
1181.13
1168.01
1138.93
1143.93
1137.97
25274.99
1223.09
1189.95
1170.87
1091.00
1091.96
25175.81
1246.93
1186.85
1190.19
1161.10
1171.11
1169.92
25224.92
1208.07
1180.89
1183.03
1169.92
1183.03
1176.83
25290.01
1198.05
1171.11
1176.12
1173.97
1179.22
1178.98
25266.17
1146.08
1138.93
1122.00
1179.93
1183.03
25238.99
1171.11
1143.93
1137.97
1132.01
1188.99
1194.00
25254.01
1163.96
1146.08
1148.94
1144.89
1137.97
1132.01
21199.94
1165.15
1142.02
1149.18
1178.03
1182.08
1178.98
25290.97
1183.99
1168.97
1158.95
1199.96
1188.04
1185.18
25295.02
1188.99
1185.89
1175.17
1192.09
1183.03
25240.18
1220.94
1201.87
1188.99
1163.96
1177.79
1173.02
25270.94
1195.91
1180.89
1181.13
1168.01
1173.02
1179.22
25297.88
1191.85
1171.11
1173.02
1178.98
1183.99
25241.14
1213.07
1188.99
1186.85
1194.95
1184.94
1184.94
25291.20
1181.13
1177.07
1168.97
1186.85
1183.99
1174.93
25259.97
1151.08
1137.97
1124.86
1155.85
1153.95
25180.10
1195.91
1139.16
1139.88
1128.91
1127.96
1131.06
25162.94
1188.04
1138.93
1138.93
1126.05
1158.00
1152.04
25209.19
1182.08
1152.99
1145.12
1127.00
1181.84
1179.22
25238.04
1188.04
1155.14
1157.05
1172.07
1185.18
1174.93
25264.02
1194.95
1178.98
1163.96
1160.14
1173.02
1172.07
25310.99
1186.85
1182.79
1190.90
1165.15
1176.12
25235.89
1222.85
1180.89
1189.95
1173.02
1174.93
1183.03
25254.96
1191.14
1158.95
1158.00
1173.97
1173.02
1169.92
25261.16
1145.12
1131.06
1128.91
1137.02
1140.12
1133.92
25244.00
1147.03
1136.06
1133.20
1124.86
1139.88
1135.83
25265.93
1150.85
1134.87
1134.87
1149.18
1158.00
21181.11
1245.98
1182.08
1188.04
1202.11
1188.99
1182.79
17250.06
1147.03
1126.05
1125.10
1144.17
1132.01
1125.10
25202.04
1178.98
1152.99
1146.08
1173.97
1180.89
1175.88
25297.16
1174.93
1170.87
1164.91
1145.12
1153.95
1146.79
25321.96
1197.81
1197.81
1183.99
1137.02
1137.02
25186.06
1239.06
1213.07
1202.11
1177.07
1162.05
1164.91
25234.94
1250.98
1229.05
1211.88
1186.85
1180.89
1181.84
25322.91
1214.03
1202.82
1178.98
1173.02
1171.83
25239.94
1240.02
1208.07
1203.06
1112.94
1130.82
1127.00
25207.04
1225.95
1197.10
1192.09
1157.05
1155.14
1171.11
25263.07
1172.07
1154.18
1138.93
1168.97
1173.97
1176.83
25240.90
1165.87
1166.11
1156.09
1166.11
1170.16
25231.12
1225.95
1201.87
1197.81
1175.88
1177.79
1184.94
25255.20
1256.94
1232.86
1207.83
1180.89
1174.93
1171.11
25316.00
1210.93
1204.97
1168.01
1146.08
1152.99
25208.00
1224.04
1185.89
1165.87
1138.93
1152.04
1154.90
25223.97
1221.90
1183.99
1173.97
1132.01
1136.06
1143.93
25285.01
1195.91
1180.89
1164.91
1137.02
1140.83
1143.93
25305.03
1191.85
1171.83
1173.02
1178.03
1173.97
25238.04
1214.98
1168.97
1171.11
1193.05
1192.09
1181.13
25276.18
1163.96
1149.18
1139.88
1194.95
1188.04
1182.08
25294.07
1185.89
1180.17
1168.01
1176.12
1173.97
25234.94
1245.02
1209.97
1209.02
1150.85
1155.85
1157.05
25233.98
1234.05
1222.85
1212.84
1132.01
1131.06
1127.96
25269.99
1217.13
1197.10
1159.91
1167.06
1161.10
25199.89
1229.05
1171.11
1153.95
1147.03
1162.05
1164.91
25229.93
1188.99
1151.08
1147.99
1164.20
1166.11
1161.10
25243.04
1193.05
1181.13
1175.88
1168.97
1185.18
1178.98
25319.10
1214.03
1205.92
1191.14
1173.02
1168.01
25228.98
1255.99
1224.99
1234.05
1147.03
1135.11
1128.20
25206.09
1245.98
1222.13
1236.92
1158.95
1175.17
1173.97
25304.08
1219.03
1201.87
29255.15
1193.05
1173.97
1173.02
1149.18
1160.86
1152.04
25316.00
1217.13
1202.11
1199.96
1124.86
1127.00
25165.08
1261.00
1219.99
1225.95
1192.09
1165.87
1171.11
25244.00
1242.88
1209.02
1205.92
1174.93
1183.99
1177.07
25287.87
1173.97
1168.01
1152.04
1164.91
1161.81
25195.84
1214.03
1183.99
1171.11
1183.03
1179.93
1183.99
25239.94
1203.06
1186.13
1190.19
1191.85
1191.85
1182.79
25291.92
1190.19
1187.09
1188.99
1181.13
1183.03
25211.10
1245.02
1184.94
1182.08
1191.14
1183.03
1177.79
25251.87
1209.02
1181.13
1188.04
1183.03
1181.84
1183.03
25302.89
1190.90
1185.89
1188.04
1186.13
1177.07
25235.89
1215.93
1183.99
1183.03
1188.99
1178.98
1183.99
25245.90
1208.07
1186.13
1198.05
1186.13
1183.03
1188.04
25281.91
1190.19
1186.13
1188.99
1182.08
1183.99
25231.84
1223.09
1183.99
1186.85
1189.95
1188.04
1184.94
25244.00
1216.89
1188.99
1192.09
1188.99
1184.94
1183.03
25294.07
1196.15
1174.93
1189.95
1188.04
1182.08
25242.09
1215.22
1187.09
1177.07
1194.00
1183.03
1177.79
25241.85
1205.92
1178.03
1191.85
1176.83
1186.85
1177.79
25284.05
1195.91
1181.84
1191.85
1180.17
1188.04
25236.13
1219.03
1185.18
1188.04
1193.05
1184.23
1182.08
25244.00
1214.98
1186.85
1188.99
1182.08
1178.98
1180.89
25297.88
1192.81
1182.79
1185.89
1183.03
1184.94
25232.08
1219.99
1184.94
1178.03
1194.00
1181.13
1187.09
25249.00
1213.07
1181.13
1189.95
1186.85
1182.79
1185.89
25297.88
1195.91
1182.79
1188.99
1186.13
1177.07
25233.03
1212.84
1187.80
1180.89
1194.00
1183.03
1181.13
25238.04
1214.03
1184.94
1188.04
1177.07
1182.08
1182.79
25285.01
1184.94
1180.89
1194.00
1183.03
1178.98
25232.79
1214.03
1187.09
1179.93
1189.95
1180.17
1183.03
25247.10
1209.97
1185.89
1188.04
1184.94
1183.99
1178.98
17268.90
1157.05
1145.12
1158.00
1151.08
1155.14
1163.01
17220.97
1142.98
1139.16
1145.12
1130.10
1137.02
25173.19
1213.07
1158.00
1150.85
1132.01
1176.83
1188.04
25250.91
1195.91
1170.87
1165.87
1164.20
1188.99
1183.03
25276.90
1236.92
1221.18
1214.03
1168.97
1169.92
1168.01
25301.93
1209.02
1204.97
1171.11
1149.89
1145.84
25213.96
1208.07
1173.02
1170.87
1129.15
1145.12
1146.08
25227.07
1190.19
1147.03
1146.08
1153.95
1162.05
1169.92
25286.91
1180.17
1178.03
1168.97
1173.97
1178.03
1178.03
25308.85
1209.97
1212.12
1178.03
1175.17
1188.99
25242.09
1238.82
1199.01
1209.02
1178.98
1181.84
1179.93
25286.91
1166.11
1150.13
1137.02
1197.10
1194.00
1192.81
25246.86
1178.98
1165.15
1153.95
1188.99
1183.03
25244.00
1219.99
1197.10
1195.91
1184.94
1182.08
1191.14
25314.09
1249.07
1230.00
1202.82
1183.99
1179.93
25238.04
1240.02
1209.02
1194.00
1209.02
1203.06
1191.14
25269.99
1190.90
1165.87
1160.86
1187.80
1194.95
1188.04
25274.99
1171.11
1152.04
1139.16
1177.07
1177.07
25214.91
1229.05
1174.93
1188.04
1154.90
1147.99
1156.09
25208.95
1224.99
1199.96
1203.06
1134.87
1133.92
1133.92
25217.06
1220.94
1196.15
1194.00
1126.05
1139.16
1135.11
25274.99
1209.02
1201.87
1182.08
1128.20
1147.99
1151.08
25285.01
1199.96
1202.11
1166.11
1137.02
1141.07
25198.94
1225.95
1195.19
1192.09
1132.01
1129.15
1132.01
25206.09
1207.11
1182.08
1189.95
1116.99
1127.96
1130.82
25213.00
1199.96
1183.03
1174.93
1137.97
1151.08
1155.14
25311.95
1195.91
1204.01
1183.99
1140.83
1147.99
25191.07
1255.04
1195.91
1200.20
1137.02
1152.99
1163.01
25233.03
1236.20
1201.87
1212.84
1142.98
1156.09
1167.06
25309.09
1241.92
1224.99
1199.01
1131.06
1137.02
1143.22
25312.90
1220.94
1231.19
1156.09
1137.97
1137.02
25213.00
1250.98
1214.03
29272.08
1212.12
1171.11
1158.95
1153.95
1151.08
1145.12
25201.08
1198.05
1162.05
1147.03
1129.87
1138.93
1141.07
25218.01
1182.08
1152.99
1146.08
1161.10
1163.01
1178.03
25283.10
1194.95
1179.93
1174.93
1158.00
1184.94
1183.03
25324.11
1208.07
1204.97
1180.89
1154.90
1158.95
25218.96
1237.87
1217.84
1205.92
1119.14
1144.89
1139.88
25224.92
1228.09
1207.11
1214.98
1129.87
1138.93
1135.11
25288.11
1227.14
1219.99
1210.21
1127.96
1132.97
25167.94
1258.85
1206.87
1216.89
1157.05
1130.10
1132.01
25197.98
1221.18
1193.05
1209.97
1127.00
1128.91
1131.06
25187.02
1179.93
1157.05
1158.95
1159.19
1158.00
1153.95
21251.92
1146.79
1137.97
1127.96
1168.97
1182.08
1178.98
25261.88
1150.85
1147.03
1143.93
1182.79
1186.85
25208.00
1206.16
1162.05
1161.10
1146.08
1146.08
1145.12
25213.96
1199.01
1166.82
1167.06
1133.92
1137.02
1134.87
25204.90
1209.97
1179.93
1188.99
1151.08
1166.11
1168.97
25259.97
1193.05
1185.18
1178.03
1188.99
1174.93
1191.14
25295.02
1192.09
1169.20
1163.01
1178.03
1185.18
25249.00
1189.95
1144.89
1137.97
1191.14
1199.01
1193.05
25260.21
1163.01
1134.16
1137.97
1192.09
1188.99
1180.89
25294.07
1165.15
1158.95
1127.96
1167.06
1178.98
1178.98
25261.16
1179.93
1177.07
1158.00
1168.97
1168.97
25227.07
1211.17
1192.09
1199.96
1168.01
1163.96
1177.07
25221.11
1198.05
1184.94
1184.94
1142.02
1152.99
1148.94
25264.02
1199.01
1178.98
1163.01
1133.92
1129.15
1127.00
25293.11
1192.09
1179.93
1174.93
1129.15
1128.91
25182.01
1214.98
1189.95
1191.14
1155.14
1137.02
1132.01
25195.84
1219.03
1187.09
1198.05
1122.95
1132.01
1128.91
25208.95
1207.11
1182.08
1175.17
1132.01
1140.12
1142.98
25291.92
1191.85
1187.80
1175.88
1132.01
1149.89
1153.95
25282.14
1189.95
1183.99
1168.01
1142.02
1153.95
21207.09
1160.14
1138.93
1132.01
1142.98
1134.87
1132.97
17189.03
1178.98
1168.01
1152.99
1162.05
1142.98
1136.06
25205.14
1255.04
1216.17
1204.01
1173.97
1182.79
1179.93
25288.11
1181.13
1166.11
1150.13
1176.12
1170.87
25204.90
1215.93
1150.85
1149.89
1141.07
1161.10
1157.05
25220.16
1214.03
1188.99
1188.04
1131.06
1127.00
1127.00
25191.07
1214.03
1191.85
1189.95
1136.06
1151.08
1146.08
25242.09
1222.13
1198.05
1201.15
1163.96
1166.11
1168.01
25315.05
1210.93
1220.94
1209.02
1189.95
1194.95
25246.86
1248.84
1209.97
1210.93
1175.88
1183.03
1176.83
25281.91
1178.98
1175.17
1152.04
1144.89
1153.95
1141.07
25262.12
1158.00
1152.04
1133.92
1124.86
1134.87
25161.98
1219.03
1156.09
1146.08
1141.07
1131.06
1132.01
25188.92
1204.01
1170.87
1165.87
1158.95
1145.12
1146.08
33217.19
1217.13
1180.89
1183.99
1183.99
1183.03
1179.93
25290.01
1194.00
1180.17
1183.99
1183.99
1185.89
1181.84
25260.93
1167.06
1153.95
1146.08
1175.17
1172.07
25237.08
1180.17
1145.84
1143.93
1156.09
1145.12
1151.08
17218.11
1186.13
1158.00
1152.04
1123.91
1125.10
1134.16
25206.09
1199.01
1166.11
1162.05
1116.04
1124.86
1132.97
25208.95
1198.05
1165.87
1169.92
1138.93
1145.12
1142.02
25262.12
1182.08
1162.05
1159.91
1170.16
1182.08
1176.12
33260.11
1176.12
1177.07
1164.91
1149.89
1142.98
25196.08
1212.12
1181.13
1178.98
1139.16
1132.97
1128.20
25201.08
1213.07
1188.99
1190.90
1110.08
1141.79
1136.06
25211.10
1211.88
1181.84
1175.88
1119.85
1143.93
1137.02
17272.95
1206.16
1189.95
1183.03
1156.81
1152.04
1152.99
25293.11
1209.97
1195.91
1173.97
1124.86
1129.87
25193.93
1235.01
1205.92
1199.96
1160.86
1157.05
1157.05
25238.99
1238.82
1215.93
1221.18
1182.08
1179.93
1183.99
33280.85
1195.91
1177.07
1186.13
1138.93
1131.77
21206.86
1177.07
19206.05
1211.88
1188.04
1189.95
1158.95
1167.06
1174.93
25274.99
1200.91
1178.98
1176.12
1215.93
1212.84
25285.96
1191.14
1161.10
1143.93
1191.85
1211.88
1213.07
25277.14
1165.15
1141.07
1142.02
1193.05
1195.19
1205.92
25316.95
1183.99
1180.89
1181.84
1150.85
1148.94
25176.05
1247.88
1194.00
1188.04
1209.02
1179.93
1173.97
25251.15
1229.05
1199.01
1196.86
1202.82
1209.97
1213.07
25295.02
1199.01
1188.99
1192.09
1165.15
1166.11
25225.88
1221.90
1186.85
1178.98
1158.00
1148.94
1147.03
25217.06
1204.97
1172.07
1181.13
1155.85
1166.82
1169.92
25267.84
1179.93
1170.16
1174.93
1180.89
1183.99
1200.91
25281.91
1178.98
1187.09
1205.92
1204.01
1208.07
25265.93
1214.98
1203.06
1188.99
1216.89
1230.00
1230.96
25284.05
1155.85
1142.98
1154.90
1239.06
1229.05
25292.87
1173.02
1142.02
1137.02
1179.93
1230.00
1240.02
25274.99
1183.99
1162.05
1154.18
1214.98
1229.05
1232.15
25313.14
1194.95
1184.94
1183.03
1183.03
1174.93
25244.00
1227.86
1183.03
1189.95
1140.83
1150.85
1147.03
25201.08
1229.05
1193.05
1188.04
1150.85
1155.85
1145.84
25279.05
1183.99
1169.20
1169.92
1158.95
1160.14
1159.91
25285.96
1182.08
1187.09
1203.06
1185.18
1190.90
25249.96
1211.88
1176.83
1180.89
1210.21
1210.93
1214.03
25295.02
1162.05
1157.05
1158.00
1206.87
1210.93
25260.21
1182.08
1138.93
1137.97
1137.02
1197.81
1199.96
25269.99
1196.86
1169.92
1176.83
1150.13
1163.96
1155.85
25223.02
1194.00
1176.12
1173.02
1143.93
1144.89
1148.94
25274.99
1180.89
1163.01
1159.91
1148.94
1152.99
1163.96
25238.99
1143.93
1144.17
1154.90
1160.86
1163.96
25213.96
1185.89
1158.95
1150.13
1153.95
1162.05
1158.95
25228.98
1204.97
1166.82
1169.92
1181.13
1182.08
1194.95
25287.87
1197.81
1183.03
1174.93
1214.98
1213.07
15459.06
1214.03
1164.91
1153.95
1152.99
1145.12
1125.10
1136.06
1127.00
25208.00
1161.10
1137.97
1127.96
1127.96
1133.92
1136.06
25233.98
1154.90
1135.83
1130.82
1127.96
1144.17
1140.12
25250.91
