1124.86
1107.93
1108.88
1096.96
1091.00
1097.92
25212.76
1123.91
1107.93
1127.96
1641.04
1113.18
17683.03
1177.07
1138.93
1129.15
1107.93
1124.86
1163.96
1111.03
1096.01
1107.93
25139.09
1159.19
1117.94
1106.02
1123.91
1112.94
1110.08
1111.03
1077.89
1092.91
1079.08
25110.01
1146.08
1122.00
1104.83
1113.89
1074.79
1086.00
1101.02
1088.86
1105.79
1097.92
25193.93
1137.02
1106.98
1111.98
1132.97
1110.08
1115.08
25174.14
1142.02
1091.00
1103.88
1106.98
1113.18
1107.93
25172.00
1096.96
1095.06
1076.94
1091.00
1072.88
1072.88
1070.02
25159.12
1098.87
1082.90
1101.97
1106.02
1108.17
1106.98
1083.85
1097.92
1115.08
25130.99
1168.01
1130.10
1116.04
1097.92
1104.12
1096.01
1087.90
1100.06
1079.08
22601.84
1104.83
1091.96
1104.12
1146.08
1116.04
1102.21
1126.05
1106.02
1101.97
1086.95
21212.10
1096.01
1086.95
1080.99
1075.03
1070.98
1078.13
25180.10
1104.12
1102.92
1101.97
1099.82
1119.85
1132.97
25206.09
1131.06
1120.81
1127.00
1114.13
1117.94
1122.00
25186.06
1116.99
1066.92
1065.02
1075.98
1060.01
1055.96
1065.02
1107.22
1103.88
1101.02
25187.02
1099.11
1069.07
1096.96
1111.98
1117.94
1107.93
1106.02
1098.87
1103.88
1117.94
25294.07
1119.14
1096.96
1106.98
1096.96
1107.93
1093.15
1112.94
1154.90
1147.99
25185.11
1165.15
1101.02
1086.00
1113.89
1138.21
1132.01
25191.07
1124.86
1062.87
1057.86
1068.12
1068.12
1068.12
1071.93
21185.87
1086.00
1081.94
1105.07
1085.04
1107.93
1098.87
29191.97
1099.11
1076.94
1076.94
1084.09
1082.18
1083.14
25117.87
1147.03
1111.03
1096.96
1120.09
1112.94
1114.85
25143.86
1132.01
1096.01
1082.90
1096.01
1108.88
1116.04
1117.94
14050.96
1102.92
1089.10
1091.96
1095.06
1100.06
1101.02
1085.04
1070.02
1064.06
25180.10
1094.10
1085.04
1090.05
1096.01
1080.99
1104.12
21201.13
1122.00
1116.99
1117.94
1114.13
1093.15
1115.08
1144.89
1075.98
1086.00
1080.99
33209.09
1111.03
1115.80
1108.88
1092.91
1120.09
1103.16
25218.01
1115.08
1097.20
1101.97
1102.92
1114.13
1102.92
25204.90
1127.00
1122.00
1118.90
1130.10
1109.12
1111.03
21202.09
1118.90
1124.14
1116.99
1109.12
1109.12
1121.04
1091.96
1096.01
1088.14
1097.92
25208.95
1132.97
1124.86
1097.92
1109.84
1102.92
1116.04
1116.99
1102.92
1096.01
21131.04
1149.18
1085.04
1087.19
1092.91
1075.98
1070.02
1075.98
25213.96
1133.20
1116.99
1093.15
1074.08
1073.12
1066.92
25172.95
1131.06
1101.97
1116.04
1074.08
1075.98
1084.09
25122.88
1170.87
1109.84
1113.89
1113.89
1100.06
1103.88
21147.01
1111.98
1076.22
1067.88
1077.89
1072.88
1074.79
1086.00
1058.10
1054.05
1064.06
25097.13
1125.81
1096.01
1080.99
1092.20
1066.92
1060.96
1083.14
1073.12
1068.12
1075.03
21114.11
1158.95
1113.89
1116.04
1116.99
1115.08
1116.04
25256.87
1154.90
1119.85
1091.96
1115.08
1093.15
1101.02
1082.18
25204.90
1106.02
1099.11
1081.94
1069.07
1082.18
1071.93
25159.84
1080.99
1069.07
1080.04
1069.07
1080.99
1056.91
21162.99
1177.07
1142.02
1148.94
1129.15
1124.14
1106.98
1134.16
1103.88
1101.02
1101.97
25213.96
1148.94
1566.89
1078.84
1071.93
1080.04
1082.90
1086.95
1094.10
1080.99
29123.78
1166.11
1132.01
1119.14
1136.06
1103.16
1100.06
25085.93
1133.92
1106.02
1097.92
1105.07
1097.92
1108.17
25120.02
1164.91
1130.10
1086.95
1066.92
1101.97
1104.12
1110.08
20375.01
1122.00
1128.91
1114.13
1106.02
1101.97
1106.02
1111.03
25193.93
1140.83
1137.97
1128.91
1108.88
1101.02
1091.00
1089.10
1072.17
1076.94
25111.20
1115.08
1078.13
1070.98
1082.90
1082.18
1081.94
1087.90
1066.21
1061.92
1067.16
33092.98
1167.06
1137.97
1120.09
1108.17
1106.02
1116.99
29128.79
1144.89
1095.06
1100.06
1117.94
1106.02
1109.12
1106.02
25218.01
1118.90
1100.78
1106.02
1100.06
1101.02
1099.82
17195.94
1082.18
1074.08
1076.94
1101.97
1095.06
1078.13
33174.99
1137.02
1096.96
1098.16
1111.98
1099.11
1121.04
25147.91
1124.86
1090.05
1090.05
1070.98
1107.93
1101.97
1107.93
1090.05
1099.11
1080.99
24173.97
1140.12
1069.07
1074.08
1074.08
1086.00
1082.90
1093.15
25120.97
1145.84
1091.96
1115.08
1121.04
1102.21
1107.93
1108.88
1139.16
1133.92
1137.02
25228.98
1111.03
1103.88
1091.96
1133.20
1136.06
1147.03
1158.00
1136.78
1137.02
25183.92
1199.01
1164.20
1158.00
1165.15
1152.99
1145.84
25196.79
1158.00
1117.23
1098.87
1103.88
1107.93
1107.93
37139.89
1151.08
1105.07
1086.00
1100.06
1068.83
1066.92
25874.14
1100.06
1080.99
1065.97
1082.18
1070.98
1066.92
25096.18
1152.04
1114.13
1116.99
1133.92
1084.09
1084.09
25130.03
1168.97
1121.04
1104.83
1132.01
1089.10
1081.94
1094.82
1097.92
1104.12
1094.10
25146.96
1148.94
1112.94
1110.08
1131.06
1109.12
1117.94
1101.02
1068.12
1075.03
1070.98
25135.04
1122.95
1103.88
1104.83
1128.91
1096.96
1104.83
25151.97
1160.86
1103.88
1086.00
1098.87
1080.99
1073.12
25101.90
1132.97
1094.82
1082.90
1094.82
1077.89
1071.93
1079.08
18594.98
1097.92
1091.96
1081.94
1083.85
1090.05
17188.07
1110.08
1086.95
1106.98
1109.12
1100.06
1100.06
25199.17
1101.02
1074.08
1079.08
1103.88
1096.01
1096.96
1106.98
1100.06
1111.03
1104.12
25254.96
1156.09
1163.01
1134.16
1065.97
1069.07
1069.78
1075.98
1074.08
1078.13
25113.11
1146.08
1093.15
1101.02
1107.93
1100.06
1105.07
1093.15
25213.96
1118.90
1091.96
1088.14
1111.98
1106.02
1101.97
29218.91
1145.84
1144.89
1128.91
1101.02
1105.79
1122.00
17179.97
1090.05
1074.08
1075.98
1138.21
1142.98
1140.12
1173.97
1140.12
1146.08
20693.06
1175.88
1111.98
1116.99
1092.91
1090.05
1088.14
1093.15
25181.06
1118.90
1102.92
1096.01
1087.90
1081.94
1086.95
1106.02
1102.92
1080.99
1078.13
25196.08
1103.16
1086.00
1077.18
1062.87
1071.93
1070.98
25122.88
1137.02
1097.92
1093.86
1111.03
1116.04
1111.98
25143.86
1178.03
1130.10
1136.06
1135.11
1137.02
1139.16
25187.02
1132.01
1075.03
1075.03
1083.14
1130.10
1124.14
1132.01
1138.93
1128.91
1130.82
25221.82
1101.97
1090.05
1078.84
1055.96
1063.11
1068.12
1070.98
1074.08
1062.15
1073.12
25161.98
1092.20
1085.04
1096.96
1129.87
1089.81
1105.07
29131.89
1111.98
1082.18
1075.98
1090.76
1095.06
1084.09
25123.12
1151.08
1095.06
1091.96
1087.90
1110.08
1110.08
1124.86
25214.91
1122.00
1112.94
1127.00
1124.86
1122.95
1126.05
21231.89
1146.08
1128.20
1151.08
1156.09
1142.98
1158.00
1056.91
1080.04
1080.04
29099.94
1176.83
1126.05
1109.12
1111.03
1100.06
1091.00
1085.04
1116.99
1110.08
1103.88
21172.05
1156.81
1122.95
1119.14
1104.12
1111.98
1110.79
33133.03
1111.98
1085.04
1077.89
1096.96
1080.04
1095.06
25134.09
1206.87
1158.00
1146.08
1128.91
1111.98
1104.83
17158.99
1155.85
1087.90
1079.08
1092.91
1116.99
1109.84
1113.89
21169.19
1070.02
1091.00
1090.05
1074.08
1081.94
1066.92
1092.20
1100.06
1106.98
25128.84
1137.02
1076.94
1067.88
1069.07
1127.00
1121.04
1126.05
1141.07
1139.16
1132.97
21171.81
1147.03
1136.06
1132.01
1116.99
1101.97
1102.92
25135.99
1152.99
1116.99
1108.88
1109.84
1106.98
1106.98
25154.83
1142.02
1084.09
1080.04
1066.92
1111.98
1119.14
1104.12
25196.08
1111.03
1101.97
1113.18
1111.98
1106.02
1114.85
19022.94
1103.16
17205.00
1109.12
1100.06
1098.16
1091.00
1077.18
1076.94
17193.08
1137.02
1114.85
1108.88
1096.01
1095.06
1083.14
1096.01
1097.20
1098.87
1117.94
29220.10
1124.14
1113.89
1118.90
1117.94
1111.03
1115.08
25206.09
1106.98
1080.04
1064.06
1130.10
1120.09
1120.09
25213.00
1098.16
1097.92
1091.96
1101.02
1091.96
1100.06
24265.05
1122.00
1112.94
1106.02
1103.88
1113.89
1103.88
1104.12
25197.98
1128.91
1123.91
1109.12
1099.11
1101.97
1102.92
1096.96
1108.88
1106.98
1122.95
25208.00
1107.22
1099.82
1141.07
1108.88
1108.88
1124.86
1132.01
1106.98
1101.02
25136.95
1141.07
1115.08
1087.90
1086.00
1078.84
1070.02
1073.12
25175.09
1086.00
1089.10
1096.96
1101.02
1086.95
1095.06
25206.09
1125.10
1113.89
1112.94
1106.02
1123.91
1120.09
25213.00
1102.92
1077.89
1075.03
1066.92
1068.12
1075.98
25110.96
1155.14
1114.85
1107.93
1124.14
1114.13
1122.95
29167.89
1151.80
1116.04
1113.89
1142.02
1109.12
1127.96
1122.00
1110.08
1106.02
1103.16
25218.96
1137.97
1127.00
1109.12
1062.15
1068.12
1067.88
1074.08
1079.08
1082.90
1080.99
25184.15
1116.99
1105.07
1115.08
1106.98
1106.02
1115.08
1119.14
1112.94
1106.02
1124.86
25211.81
1132.97
1102.92
1099.11
1126.05
1110.08
9625.20
1162.05
1116.99
1104.12
1095.06
1073.12
1069.07
25107.15
1140.12
1108.17
1096.96
1104.83
1061.92
1069.78
1066.92
25194.88
1116.04
1103.88
1123.91
1106.98
1122.00
1118.90
25187.02
1086.00
1069.78
1075.03
1088.14
1080.99
1091.00
1080.04
1130.10
1122.95
1119.85
25196.79
1113.89
1095.06
1117.94
1161.10
1159.19
1151.08
1152.99
1151.08
1152.04
25180.10
1173.97
1146.08
1149.18
1147.03
1142.02
1142.98
1142.98
1092.91
1094.10
1108.17
21207.09
1137.02
1111.98
1113.89
1110.08
1111.98
1107.93
25196.79
1100.06
1072.17
1070.98
1111.03
1118.90
1122.95
25263.07
1121.04
1102.21
1095.06
1136.06
1142.98
1141.79
1168.01
1158.00
1152.99
25202.04
1207.11
1173.97
1169.92
1171.83
1164.91
1164.20
1145.84
1095.06
1088.86
1091.00
25241.14
1178.03
1162.05
1144.17
1078.13
1080.04
1076.94
1101.97
1091.00
1097.20
25135.99
1155.85
1101.02
1121.04
1109.12
1126.05
1111.03
1148.22
1103.88
1114.85
1094.82
25179.86
1127.96
1100.06
1094.10
1093.15
1096.96
1085.04
25126.93
1144.89
1106.02
1110.08
1136.06
1092.91
1094.82
21123.89
1147.99
1105.07
1099.11
1106.02
1123.91
1091.00
1127.00
1119.14
1111.98
1101.97
21157.98
1122.00
1076.94
1065.97
1091.96
1084.09
1083.14
1089.10
1085.04
1093.15
1088.14
25119.07
1146.08
1105.07
1093.15
1080.04
1070.02
1075.98
1085.04
1087.19
1086.95
1099.82
25199.89
1127.96
1114.13
1106.02
1125.10
1124.14
1126.05
25193.93
1135.83
1098.87
1087.90
1110.79
1109.84
1106.98
25165.08
1122.00
1079.08
1075.98
1082.18
1076.94
1080.04
1085.04
1151.08
1094.10
1096.96
1100.78
1097.92
1106.02
1098.87
1106.02
1106.02
1102.21
25141.95
1147.03
1101.97
1079.08
1081.94
1078.13
1069.07
1061.92
1111.98
1116.99
1109.84
25153.88
1126.05
1137.97
1106.98
1099.11
1106.02
1101.97
1109.12
1098.16
1086.95
1094.82
29176.95
1127.00
1116.99
1096.96
1103.88
1089.81
1082.90
25116.92
1121.04
1080.99
1075.98
1086.00
1071.93
1073.12
1075.03
21194.93
1115.08
1114.85
1120.81
1106.98
1122.00
1094.10
17181.16
1111.03
1097.92
1086.00
1087.90
1080.99
1072.88
25197.98
1149.18
1127.96
17174.01
1146.08
1117.94
1096.96
1116.04
1106.02
1116.99
25149.11
1177.07
1120.09
1103.16
1117.94
1109.84
1116.99
1110.08
21199.94
1138.93
1126.05
1106.98
1127.00
1117.94
1110.79
1096.96
1082.18
1094.10
25132.89
1149.89
1113.89
1101.97
1075.03
1060.96
1072.88
1074.79
1075.03
1074.08
1078.13
29117.11
1167.06
1111.98
1102.92
1106.02
1097.92
1100.06
25125.03
1170.87
1130.82
1102.92
1110.08
1096.96
1095.06
1083.14
29187.92
1114.13
1105.07
1110.08
1101.02
1092.20
1094.10
21224.98
1132.01
1116.04
1102.92
1087.90
1079.80
1073.84
25172.95
1086.95
1078.13
1078.13
1077.89
1083.85
1086.00
25150.06
1127.00
1092.91
1081.94
1116.04
1104.83
1096.01
23048.88
1162.05
1096.96
1137.02
1125.10
1122.00
1130.10
1119.14
1130.10
25161.98
1164.91
1115.80
1126.05
1118.90
1121.04
1122.00
1091.00
1121.04
1107.93
1099.11
25225.16
1118.90
1111.03
1101.02
1108.17
1101.02
1094.10
1096.01
1090.05
1078.13
1073.12
25215.15
1130.10
1111.98
1111.03
1070.02
1071.93
1075.98
17189.03
1166.82
1163.96
1159.19
1133.92
1134.87
1109.84
25238.04
1152.04
1147.03
1142.02
1133.92
1130.10
1135.11
25229.93
1123.91
1103.88
1093.15
1084.09
1091.96
1085.04
1096.96
1103.88
1098.16
1098.16
25235.89
1135.83
1127.96
1143.22
1128.91
1125.81
1129.87
1118.90
1111.03
1113.89
17158.99
1137.97
1107.93
1099.82
1102.92
1090.05
1096.01
1091.96
1090.05
1097.20
1093.86
25192.98
1110.08
1092.91
1089.10
1086.95
1085.04
1082.90
25115.01
1120.09
1086.00
1080.99
1086.95
1080.04
1080.04
25116.92
1165.87
1132.97
1111.98
1116.99
1080.99
1086.95
1082.90
25192.02
1108.88
1091.00
1095.06
1086.95
1080.99
1080.99
1087.90
1098.16
1095.06
25150.06
1138.93
1092.20
1080.04
1086.00
1115.80
1102.92
1105.07
1132.01
1101.97
1104.12
25149.11
1146.08
1113.18
1101.02
1115.08
1101.02
1103.88
1120.09
1111.98
1106.02
1101.97
27246.00
1099.11
1106.98
1109.12
1118.18
1107.93
1108.17
1106.02
1104.12
25197.03
1122.95
1097.92
1080.99
1073.12
1086.00
1079.08
37139.18
1146.08
1121.04
1111.03
1082.90
1104.12
1116.04
25152.92
1159.19
1127.96
1122.95
1122.95
1130.82
1116.99
25149.11
1134.16
1079.08
1078.13
1069.07
1091.96
1079.80
1090.05
25182.01
1095.06
1077.89
1082.18
1117.94
1122.95
1111.03
1132.97
1108.88
1113.89
25149.82
1180.89
1111.03
1121.04
1122.00
1106.02
1096.01
1096.01
1100.06
1106.02
1096.96
25140.05
1134.87
1094.82
1086.00
1148.94
1099.82
1101.02
25141.95
1119.85
1081.94
1079.08
1087.19
1080.99
1084.09
1101.02
25187.97
1125.10
1121.04
1129.87
1104.83
1112.94
1124.14
25190.11
1086.00
1070.98
1073.12
1112.94
1110.79
1100.06
33219.10
1131.06
1131.06
1116.99
1111.03
1111.03
1112.94
17207.86
1090.05
1075.98
1082.18
1080.99
1074.08
1078.13
25120.02
1137.02
1099.11
1101.02
1093.15
1101.02
1106.98
1106.02
1086.00
1085.04
1103.88
25202.99
1124.86
1111.98
1115.08
1093.15
1106.02
1100.06
1109.84
1096.01
1102.92
1110.08
25227.07
1125.10
1115.08
1121.04
1101.97
1101.02
1098.16
1093.15
1111.98
1119.14
25134.09
1145.12
1118.18
1115.08
1100.06
1120.09
1116.04
1118.18
1137.02
1106.98
1109.84
25152.92
1138.93
1112.94
1103.16
1105.07
1099.11
1094.10
25140.05
1142.98
1128.91
1102.92
1122.00
1081.94
1086.00
21115.06
1147.03
1117.23
1115.08
1110.08
1104.12
1103.88
1101.02
1137.02
1098.16
1101.02
25144.10
1154.90
1111.03
1099.82
1107.93
1098.87
1099.11
1096.01
1114.85
1101.97
1128.91
25224.92
1091.00
1070.02
1080.04
1078.13
1080.04
1086.95
1086.00
1168.97
1163.01
1158.00
33054.11
1132.97
1108.88
1118.18
1110.08
1116.99
1138.93
25204.18
1116.99
1112.94
1106.02
1123.19
1116.99
1115.08
25210.14
1116.04
1098.16
1096.01
1108.17
1127.96
1111.98
1122.95
1096.96
1101.02
1101.02
25194.88
1095.06
1087.90
1082.90
1075.03
1070.98
1071.93
1075.98
1084.09
1075.98
1075.98
25217.06
1125.10
1116.99
1124.86
1122.00
1116.99
1101.97
1096.01
1094.10
1091.96
25126.93
1169.20
1115.08
1102.92
1096.01
1076.94
1072.88
1072.88
1070.02
1107.93
1114.13
25148.15
1148.94
1100.06
1086.00
1095.06
1072.88
1075.98
25110.01
1120.09
1105.07
1074.79
1075.98
1081.94
1082.90
1087.19
17185.93
1096.96
1089.81
1093.86
1096.01
1098.87
1086.00
17199.04
1156.81
1118.90
1142.02
1117.23
1103.88
1102.92
17206.19
1101.02
1077.18
1075.98
1086.00
1071.93
1075.98
17130.85
1160.86
1101.97
1105.07
1109.12
1101.97
1093.86
17121.79
1169.92
1113.89
1119.85
1108.88
1103.88
1096.01
1096.01
21201.13
1110.08
1104.12
1100.06
1105.07
1116.99
1121.04
25199.89
1099.11
1088.14
1078.13
1113.89
1112.94
1101.02
25213.96
1118.18
1107.93
1112.94
1115.08
1109.12
1105.07
1120.09
1120.09
1116.04
1130.10
25202.04
1134.16
1146.08
12823.10
1126.05
1088.86
1080.99
1086.95
1076.94
1069.07
1075.98
1116.99
1107.93
1108.88
21161.08
1180.89
1123.91
1118.18
1123.91
1103.88
1104.83
21162.99
1166.11
1123.19
1125.10
1144.89
1098.87
1112.94
1109.12
1115.08
1109.12
1113.89
25231.84
1128.91
1120.81
1129.87
1114.85
1107.93
1110.08
25215.86
1147.99
1121.04
1136.06
1122.95
1119.85
1137.97
25242.09
1188.04
1158.95
1146.08
1132.97
1118.90
1132.01
21229.98
1139.16
1126.05
1107.93
1120.09
1116.99
1123.91
1127.00
1119.85
1122.00
25161.98
1159.91
1125.81
1118.90
1119.85
1102.92
1108.17
1097.92
1116.04
1100.78
1108.88
25223.02
1121.04
1110.08
1097.92
1105.07
1096.96
1087.90
25131.94
1130.10
1091.00
1085.04
1097.92
1084.09
1087.19
25120.97
1173.97
1120.09
1101.97
1098.87
1084.09
1083.14
1080.99
21240.00
1132.97
1134.87
1144.89
1139.16
1148.94
1138.93
9150.98
1091.00
1079.08
1076.94
1080.04
1078.13
1075.98
17186.16
1106.02
1090.05
1084.80
1087.90
1081.94
1083.14
17126.08
1127.00
1086.00
1086.95
1100.06
1094.82
1097.92
17154.22
1141.07
1104.12
1101.97
1104.83
1091.00
1096.96
1101.02
25177.00
1116.99
1107.93
1124.14
1116.99
1122.00
1122.95
25215.15
1128.91
1123.91
1132.01
1101.02
1099.11
1100.06
21227.12
1127.96
1123.91
1111.03
1118.90
1115.08
1108.17
13166.90
1085.04
1070.98
1085.04
1072.88
1077.89
1082.18
17127.99
1129.87
1104.83
1088.86
1103.88
1087.90
1076.22
17122.03
1137.97
1102.92
1082.90
1087.19
1069.07
1074.08
1098.16
17184.02
1105.07
1099.82
1103.88
1112.94
1115.08
1117.94
25203.94
1095.06
1086.00
1096.01
1097.20
1098.87
1102.92
25218.96
1130.10
1120.09
1130.10
1130.10
1131.06
1106.02
25210.14
1142.02
1115.08
1122.24
1067.88
1075.98
1081.94
25125.98
1149.89
1118.90
1108.88
1130.10
1111.03
1101.02
25135.04
1140.12
1101.97
1084.80
1091.96
1084.09
1071.21
25111.91
1152.04
1112.94
1099.82
1100.06
1082.90
1074.79
1074.08
21198.03
1100.06
1095.06
1085.04
1103.88
1108.88
1114.13
1115.08
1120.09
1114.13
25131.94
1152.04
1109.12
1105.07
1110.08
1104.12
1103.88
1097.20
1101.97
1086.00
1097.92
29132.84
1173.02
1132.01
1104.12
1110.08
1105.07
1092.20
25825.98
1159.91
1110.08
1138.93
1103.16
1106.98
1101.97
25193.93
1099.82
1075.03
1070.98
1104.12
1116.99
1106.98
25159.12
1116.99
1083.85
1084.80
1101.02
1099.11
1086.00
25129.08
1159.19
1111.98
1101.02
1101.97
1090.05
1085.04
1086.00
1075.98
1090.05
1091.00
25141.00
1130.10
1086.95
1083.85
1060.96
1122.00
1106.98
1115.08
1104.12
1112.94
1111.98
25209.90
1132.97
1120.81
1138.93
1118.18
1126.05
1117.94
25218.96
1127.00
1129.87
1130.82
1122.00
1122.95
1107.93
18707.04
1100.06
1086.00
1096.96
1084.09
1092.20
17211.91
1112.94
1106.98
1100.06
1073.12
1079.08
1078.13
21121.98
1123.91
1082.18
1080.99
1120.09
1124.14
1101.97
1133.20
1108.88
1129.87
1064.06
25202.04
1118.18
1122.00
1111.03
1108.88
1109.84
1122.95
1130.10
1075.98
1077.89
1078.13
29201.98
1122.95
1106.98
1107.93
1102.92
1105.07
1101.97
25202.99
1119.14
1106.02
1108.88
1103.16
1102.92
1103.88
25202.04
1130.10
1107.93
1108.88
1117.23
1112.94
1115.80
25212.05
1132.97
1119.14
1129.15
1110.08
1130.10
1106.02
20818.95
1133.92
1117.94
1096.01
1087.90
1126.05
1122.95
25138.14
1151.08
1096.96
1071.93
1070.02
1123.91
1117.94
1137.97
1142.98
1131.06
1136.06
29174.09
1142.02
1092.91
1085.04
1082.90
1075.98
1064.06
13115.17
1162.05
1116.99
1106.98
1122.00
1095.06
1089.81
1097.92
25196.79
1103.88
1086.95
1080.99
1142.98
1114.13
1119.14
25234.94
1152.99
1132.01
1142.02
1129.87
1118.90
1132.01
17210.01
1116.04
1094.82
1086.00
1071.93
1067.88
1075.98
1082.90
1082.90
1080.99
1086.95
25182.96
1122.00
1112.94
1120.09
1104.12
1117.94
1104.83
1091.96
1103.16
1087.90
29125.93
1127.00
1091.00
1097.20
1101.02
1100.06
1105.07
1098.16
25201.08
1119.14
1107.93
1124.86
1118.90
1112.94
1131.06
25213.00
1139.88
1124.86
1139.88
1114.85
1109.84
1105.07
25218.01
1136.06
1109.12
1111.98
1067.88
1073.84
1073.12
25160.07
1111.03
1096.01
1097.92
1080.04
1065.97
1069.78
1072.88
1066.92
1070.98
1070.02
1086.00
1075.03
1075.98
25105.95
1145.12
1086.00
1093.86
1076.94
1117.94
1114.85
1101.97
1122.00
1113.89
1127.00
33147.81
1123.91
1087.90
1075.98
1066.92
1123.19
1121.04
24924.99
1168.97
1093.15
1080.04
1094.10
1068.12
1065.02
1068.12
25157.93
1096.01
1076.94
1085.04
1092.91
1092.91
1098.16
29134.99
1151.80
1104.83
1103.88
1103.88
1108.88
1105.79
25120.97
1179.93
1132.97
1129.87
1140.83
1104.83
1104.83
25137.90
1168.01
1109.12
1094.10
1096.96
1080.99
1086.95
1088.86
1090.05
1084.80
1101.02
25117.16
1142.98
1101.97
1111.03
1105.07
1104.12
1109.12
1107.93
1060.01
1066.92
1071.93
25118.11
1152.99
1108.88
1106.98
1120.09
1086.95
1103.88
1111.98
1106.02
1104.12
1112.94
25210.86
1132.01
1106.98
1124.14
1115.08
1123.91
1100.06
1119.14
1106.02
1120.09
1100.06
33192.16
1099.11
1106.02
1107.22
1096.01
1104.12
1106.02
20218.13
1125.10
1102.21
1101.02
1114.13
1107.93
1116.99
1116.04
25235.18
1134.87
1115.80
1123.91
1099.82
1122.95
1100.06
1125.10
1092.20
1099.11
25126.93
1168.01
1113.18
1116.04
1120.09
1116.99
1106.02
1110.08
1116.04
1100.06
1101.02
25147.91
1152.04
1113.89
1100.78
1111.03
1105.07
1102.92
1106.98
1094.10
1085.04
1088.14
29193.88
1183.03
1165.15
1159.91
1163.96
1160.14
1157.05
25267.12
1170.16
1162.05
1166.11
1158.95
1158.00
1158.95
21225.21
1125.10
1121.04
1116.99
1113.89
1111.98
1096.96
33210.04
1122.95
1108.17
1109.12
1121.04
1091.00
1094.82
25219.92
1127.96
1105.07
1118.18
1098.87
1097.92
1096.01
25182.96
1099.82
1077.89
1078.13
1070.98
1072.88
1075.98
25113.11
1140.12
1096.96
1088.14
1104.12
1106.98
1114.85
1101.02
1116.99
1116.04
1120.81
18245.94
1101.02
1106.02
1085.04
1100.78
1097.92
1102.92
1103.16
1090.05
1100.06
17256.02
1122.95
1131.06
1126.05
1104.83
1098.87
1098.87
25190.11
1099.82
1071.93
1075.03
1137.02
1112.94
1100.06
29206.99
1128.91
1114.85
1106.02
1099.11
1096.96
1092.20
25125.98
1118.90
1084.80
1067.88
1089.81
1073.84
1070.98
21108.15
1118.90
1078.84
1088.86
1086.00
1084.09
1082.90
1091.00
1094.10
1116.04
1118.90
25168.90
1146.08
1116.04
1111.98
1114.85
1098.87
1098.87
17123.94
1154.90
1104.12
1121.04
1140.12
1111.03
1099.11
1115.08
25217.06
1114.13
1112.94
1107.93
1091.00
1082.90
1080.99
25192.02
1101.97
1088.14
1096.96
1079.08
1075.98
1070.98
25161.03
1102.92
1085.04
1089.81
1105.07
1090.05
1106.98
25156.02
1162.05
1111.98
1117.94
1089.10
1079.08
1070.98
25102.85
1183.03
1113.18
1110.08
1110.08
16019.11
1161.10
1152.04
1167.06
1100.78
1100.06
1105.07
21222.11
1112.94
1096.01
1096.96
1092.91
1093.15
1111.98
1083.85
1070.98
1075.98
1076.94
25187.97
1111.98
1111.03
1109.84
1081.94
1086.00
1096.01
1105.07
1091.00
1099.11
1101.02
25197.98
1122.95
1113.89
1122.95
1122.00
1105.07
1094.82
17225.98
1114.13
1103.88
1119.85
1101.02
1096.01
1097.20
17220.97
