1011.13
975.13
983.00
983.00
983.00
25110.96
1008.99
992.06
992.06
998.02
1012.09
1001.12
999.93
993.97
966.07
967.03
960.83
25076.87
1016.86
1012.80
998.97
1008.03
999.93
1006.13
1002.07
1492.98
973.22
998.02
25026.08
1023.05
972.99
969.89
975.85
938.89
959.87
977.99
994.92
1043.08
1009.94
995.87
25026.08
1045.94
991.11
985.15
983.95
976.80
977.04
968.93
974.89
1012.80
1010.89
1009.94
25038.96
1029.01
994.92
985.15
983.00
976.09
977.99
977.99
977.04
1005.89
1002.07
992.06
25017.98
1038.07
987.05
974.18
979.90
972.03
967.03
962.97
958.92
988.01
998.02
991.11
25021.08
1035.21
977.99
987.05
978.23
971.08
968.93
963.93
965.12
983.95
971.79
964.88
971.79
25089.98
988.01
978.95
980.14
1001.12
972.03
973.94
977.99
951.05
998.97
1006.84
1006.84
25106.91
995.16
983.00
986.81
991.82
983.95
975.13
977.99
974.89
1026.87
1043.08
1023.05
25095.22
998.02
983.95
985.86
1008.03
1024.96
1032.83
1030.92
1033.07
1028.78
1022.82
25064.95
1055.00
1008.99
1008.99
993.01
1009.94
1009.94
1024.01
25066.85
1060.01
1005.89
1008.03
1008.03
1002.07
1002.07
997.07
25082.11
1016.86
1013.99
1012.09
1008.99
1003.98
998.02
999.93
25110.01
1022.10
1008.03
1017.09
972.99
994.92
991.11
995.16
25112.87
1023.05
1031.16
988.01
1018.05
1001.12
996.11
988.96
1000.88
988.96
983.00
977.04
25087.12
990.15
972.03
969.17
962.02
953.20
947.95
944.85
944.85
966.79
965.83
972.99
25059.94
962.97
950.10
947.95
949.86
1003.03
998.97
988.01
994.92
998.97
997.07
1000.88
25061.85
1034.98
1008.99
1000.88
1006.84
993.01
998.97
999.93
1005.17
1019.95
1024.01
1031.88
25101.90
1014.95
987.05
979.90
976.09
996.11
1003.03
1017.09
1012.09
1003.98
1011.85
1016.86
25120.02
1054.05
1033.07
1025.92
1039.98
1011.13
1017.09
1008.03
1003.03
986.81
983.95
29042.01
1055.96
1003.03
995.87
1001.83
1004.93
997.07
1006.84
25033.00
1044.03
1015.19
998.02
1003.98
1002.07
998.02
991.11
25041.10
1096.01
1056.19
1039.03
1001.12
988.01
990.87
989.20
25129.08
1065.97
1053.81
1050.95
1069.07
1046.18
1052.14
25083.07
1109.12
1060.96
1053.81
1063.82
1056.91
1057.15
1055.96
25128.13
1021.15
998.02
998.02
1015.90
1043.08
1044.99
1052.86
25114.06
1017.09
1004.93
1006.84
1014.95
1078.13
1013.99
29035.09
1087.90
1043.08
1032.11
1016.14
1002.07
997.07
996.11
1007.08
992.06
1008.99
1003.03
25038.96
1040.94
1015.19
1010.89
1008.99
1002.07
1009.94
1002.79
993.01
980.14
978.95
986.10
25074.01
1003.98
995.16
983.00
972.99
972.03
959.87
959.16
967.98
963.93
967.03
970.13
25007.96
1016.86
1013.04
993.01
996.11
998.97
994.92
985.86
971.79
967.03
963.93
963.93
25006.06
1069.07
997.78
983.00
966.07
974.89
970.84
962.02
963.93
970.13
972.03
956.77
950.81
25028.94
969.17
962.02
954.15
957.01
944.85
948.91
951.05
953.91
1024.96
1024.96
1024.01
25093.79
966.07
953.91
947.95
990.15
1022.10
1016.14
1013.99
25067.09
969.89
971.08
977.99
973.94
961.78
958.92
960.83
25063.04
982.05
2289.06
1012.09
1003.03
1004.93
25038.00
1019.00
961.07
959.16
956.06
998.02
990.15
885.01
916.00
25095.94
988.01
967.98
988.96
987.05
969.89
974.18
973.94
25074.96
991.11
976.09
970.13
983.95
988.01
975.85
1011.85
25110.96
1010.18
998.02
1003.98
1003.03
1006.84
1002.79
994.92
21122.93
1034.98
1021.86
1039.03
1020.91
1019.00
1024.96
1009.94
988.96
988.96
995.87
1000.88
985.15
988.96
985.86
25015.83
1054.05
993.97
993.01
1002.07
987.05
990.15
993.01
985.15
967.98
981.09
986.10
25020.12
1060.96
1011.13
1008.99
996.83
989.91
996.11
982.05
996.11
999.21
983.95
1006.13
25025.13
1050.95
999.93
1001.12
1014.95
994.92
996.83
995.87
979.90
1008.03
1011.85
1024.01
25058.03
1039.03
996.11
1002.79
985.86
1029.97
1011.13
1023.05
1014.95
1013.04
1018.05
1016.14
25115.01
1043.08
1026.15
1010.89
1025.92
1014.23
1009.94
1005.89
1015.19
991.11
978.95
980.14
33072.95
988.96
971.08
967.03
975.13
961.07
957.01
955.82
25060.89
990.87
970.13
972.03
979.19
968.93
968.93
970.13
25052.07
1001.12
976.09
962.97
965.83
964.88
966.07
970.13
25014.16
1048.09
996.11
989.91
986.81
972.99
977.04
974.89
25021.08
1031.88
995.87
994.21
1003.98
1011.13
1001.12
993.01
25045.16
1043.08
993.01
993.01
1008.03
1001.83
998.02
992.06
25099.99
1008.99
1000.88
999.93
995.87
999.21
998.97
1002.07
21113.87
1017.09
1008.03
1008.03
992.06
972.03
962.02
961.07
971.08
959.16
959.16
959.87
25048.02
987.05
962.97
959.87
959.87
962.97
961.07
955.10
967.03
1021.15
1013.04
1003.98
25043.96
1023.05
893.83
923.87
986.81
984.91
973.94
975.13
987.05
973.94
967.03
962.02
24994.13
1024.01
980.85
978.23
972.99
977.04
977.99
979.90
973.94
1016.14
1002.07
1008.03
1001.83
25056.84
990.87
978.95
983.00
1014.95
1011.13
1003.03
1003.98
999.93
998.97
1000.88
25030.85
1058.82
1009.94
1005.89
1008.99
1003.03
1002.07
998.02
993.01
959.87
976.80
978.95
21013.98
1089.10
1040.94
1030.92
1022.10
1007.08
1005.17
1008.03
25042.06
1082.18
1029.01
1019.95
1024.01
1016.14
1014.95
1007.80
25112.87
1034.98
1011.13
1024.96
1029.01
1018.05
1011.13
1008.03
25127.17
1017.09
1003.98
1003.03
996.83
1021.86
1008.99
25041.10
1055.96
1003.98
1005.89
1010.89
1006.84
1004.93
1006.13
1002.07
1000.17
1003.98
1007.08
29043.91
1016.14
967.98
960.83
961.07
961.07
960.11
965.12
978.95
977.99
971.08
968.93
963.93
967.03
962.97
958.92
952.01
17092.94
1025.20
1006.13
1002.07
1012.09
1000.88
999.93
1001.12
969.17
957.97
953.20
952.96
957.97
947.00
952.96
952.96
17071.01
1003.98
984.91
990.15
988.01
995.16
983.00
976.09
957.97
967.03
967.98
969.89
988.01
978.95
977.99
978.95
13018.13
1044.03
1000.17
997.07
1008.03
1012.09
1010.18
997.07
25095.94
1047.85
1012.80
1016.86
1024.01
1014.95
1008.99
1006.13
1020.91
1011.85
1010.89
1010.89
29109.00
997.07
987.05
983.00
993.01
979.90
980.85
975.85
13049.84
967.03
952.96
944.85
972.03
983.95
983.00
980.85
993.01
986.10
978.95
977.99
25090.93
1008.03
997.07
992.06
993.97
974.89
980.14
982.05
988.96
979.90
976.80
983.95
25079.01
969.89
966.79
954.87
953.91
1013.99
1012.09
1012.09
1018.05
1011.13
1005.89
1004.93
25094.99
977.04
969.17
963.93
962.97
997.07
995.87
995.16
1008.03
1000.17
1001.12
998.02
25105.00
1008.99
994.92
993.97
998.02
972.99
980.14
977.99
996.11
988.01
977.99
977.99
25103.09
1015.90
1008.03
1008.03
1008.99
985.15
979.90
972.99
981.09
967.98
968.93
970.13
25069.00
984.91
960.11
958.20
957.97
976.09
983.00
984.91
992.06
977.99
983.95
986.81
25041.82
1043.08
992.06
1001.12
1009.94
974.89
977.99
985.86
994.21
989.91
974.89
982.05
25027.04
1048.80
1005.89
1007.08
1010.89
970.13
973.94
972.99
972.03
975.85
979.90
970.13
25016.07
1008.03
965.12
957.97
958.20
993.97
1010.18
1008.99
1011.13
1003.98
1005.89
1002.79
25040.86
1028.06
984.91
979.90
977.99
1020.91
1010.89
1029.97
1034.98
1015.90
1020.19
1020.91
25112.87
993.97
981.09
971.08
978.95
1039.03
1039.03
1044.03
1044.99
1028.06
1045.94
1038.79
25070.91
965.83
953.91
947.95
1029.01
1041.89
1044.99
1042.13
1044.03
1034.02
1027.82
25074.01
1058.10
998.02
1000.88
991.82
1034.98
1018.05
1010.18
1014.95
1006.84
1014.95
998.02
25048.02
1034.02
996.11
998.97
993.97
1022.10
1008.99
1005.17
1009.94
1004.93
1003.03
998.02
25084.02
1006.13
986.10
980.14
978.95
1005.89
1002.79
1007.80
1004.93
995.16
995.16
993.01
25076.15
972.99
957.01
953.91
964.16
958.92
969.89
972.99
978.95
977.04
977.99
982.05
25015.12
1037.12
1007.08
1002.07
998.02
985.15
1003.03
990.15
998.02
997.07
986.81
996.83
25035.86
1036.88
991.82
998.02
986.10
1009.94
979.90
988.01
993.01
988.96
976.80
983.95
25018.22
1002.07
960.11
953.91
952.96
982.05
997.07
995.16
996.11
991.11
998.97
997.07
25026.08
1019.95
966.07
959.16
955.10
983.95
995.87
995.16
1007.08
998.02
991.11
993.01
25026.08
1024.01
978.95
975.85
962.02
979.90
992.06
997.07
991.11
998.02
993.97
991.82
25027.99
1050.00
984.91
981.81
977.99
963.93
964.88
974.89
974.89
980.14
976.09
977.99
975.85
25101.90
1011.85
998.02
1003.98
982.05
979.19
970.13
967.03
981.09
962.97
960.11
966.07
25108.10
1008.03
990.15
998.97
1002.07
992.06
994.21
988.96
998.02
982.05
983.95
973.94
25069.00
977.99
965.83
962.97
999.93
988.96
988.01
980.85
985.86
975.13
977.99
982.05
25058.03
972.03
957.01
961.07
988.96
971.08
974.89
974.18
961.07
962.97
955.10
967.03
25011.06
1032.83
1004.93
995.87
1006.13
998.02
1003.98
996.83
1003.98
955.10
957.01
960.11
33010.96
1013.04
964.16
953.91
967.03
963.93
967.98
966.07
971.08
972.99
963.93
974.18
25003.91
1022.10
982.05
977.04
987.05
979.90
983.00
977.99
979.90
985.15
980.14
975.85
979.90
25072.81
985.86
997.07
987.05
983.00
987.05
982.05
987.05
993.01
987.05
983.95
995.87
25094.99
1003.98
986.81
998.02
989.91
983.00
988.01
985.15
988.96
986.81
988.01
985.15
25089.03
1006.13
987.05
995.16
991.11
988.96
987.05
996.11
993.97
985.15
988.01
992.06
25090.93
1005.17
996.11
997.07
992.06
991.11
990.87
993.01
992.06
988.01
986.81
988.01
25077.10
1007.08
1002.07
1007.80
1002.79
988.01
993.01
990.87
994.21
992.06
994.92
25013.92
1046.90
1010.89
1000.17
1003.98
998.97
1003.03
1003.98
998.02
996.83
984.91
986.10
25025.13
1055.00
1009.94
992.06
1011.13
993.01
993.01
989.91
25022.98
1059.06
1012.09
1017.09
998.02
965.12
970.13
972.03
25007.01
1039.98
991.11
991.11
986.10
978.95
972.99
972.99
25000.10
1013.99
972.03
962.97
961.07
956.06
955.82
952.01
956.06
25089.03
992.06
978.23
977.04
946.04
950.10
957.01
960.83
972.99
965.12
961.07
962.97
25069.95
981.09
971.08
958.92
981.09
971.08
967.03
974.18
971.08
986.10
978.95
977.99
25077.10
1003.98
981.81
977.04
979.90
975.85
973.94
966.07
975.13
962.97
967.03
963.93
25002.00
1005.89
964.88
963.93
964.16
966.07
965.12
958.92
959.87
965.83
965.83
966.79
967.03
25102.14
1009.94
991.82
982.05
962.97
965.83
962.02
961.07
970.13
957.97
960.11
962.02
25076.15
978.95
969.89
966.79
972.03
963.93
961.07
959.87
957.97
990.15
988.96
988.01
17097.95
1006.84
989.91
980.14
984.91
971.79
977.04
971.08
25068.04
1013.04
994.92
990.15
983.00
964.16
962.97
957.01
25048.97
1004.93
982.05
974.89
974.18
969.89
966.07
957.97
24997.23
1006.13
962.02
956.06
955.10
959.16
952.96
953.20
24994.85
1044.99
999.21
988.01
986.10
966.07
971.08
970.13
25009.16
1043.08
993.01
986.81
992.06
983.95
988.01
979.90
25007.01
1026.15
991.11
983.00
982.05
981.09
970.13
972.99
29006.00
1033.07
985.15
977.04
972.03
977.99
979.90
986.81
984.91
986.10
981.09
976.09
983.00
25084.02
998.97
986.10
976.09
991.11
978.95
980.14
982.05
945.09
987.05
989.91
991.11
25095.94
988.01
985.15
982.05
950.10
988.96
993.01
986.10
999.93
983.00
987.05
987.05
25084.97
1009.94
987.77
980.85
989.91
996.11
981.09
983.00
990.87
996.83
1003.03
1002.07
29113.05
1013.04
1016.86
1005.89
1005.17
1007.08
1011.13
1003.98
990.15
980.14
973.94
974.18
25095.94
1013.99
1009.94
1015.90
1001.12
997.07
1000.17
997.07
989.91
989.91
988.01
29003.86
1060.01
1017.09
998.97
1016.86
974.89
985.15
977.99
25010.82
1059.06
1006.13
1008.99
1013.04
1003.03
1008.03
1009.94
25029.90
1062.87
1015.19
1013.99
1013.04
1006.13
1008.99
1011.85
25045.87
1011.85
970.84
962.97
962.02
983.00
972.99
972.99
25016.07
1037.12
993.97
990.87
991.11
982.05
981.81
975.85
25022.98
1021.15
993.01
988.01
991.11
988.96
990.87
991.11
25032.04
1051.90
1017.81
1008.99
988.01
965.83
967.03
967.03
17012.12
1017.09
982.05
981.09
976.09
969.17
967.98
967.03
962.97
981.09
991.11
981.09
29016.97
1051.90
996.83
987.05
982.05
972.03
972.99
972.99
970.13
972.03
970.13
962.97
965.83
963.93
990.87
987.05
1002.07
17129.90
1033.78
1030.92
1033.07
977.04
972.99
972.03
973.94
967.98
966.07
964.16
962.97
983.95
1004.93
1001.12
1004.93
25085.93
977.04
971.79
969.89
981.09
965.12
963.93
957.01
941.99
957.97
957.01
958.92
25084.97
1034.02
1009.94
1003.03
1025.92
1007.08
1008.99
1007.08
17112.02
1002.07
996.11
986.10
1001.12
1022.10
1013.99
1024.96
21083.12
1009.94
991.11
993.01
975.85
983.95
983.00
976.80
988.01
980.14
977.99
977.99
25074.01
961.07
954.15
954.15
984.91
964.88
970.84
977.04
990.87
976.09
967.98
965.12
25094.03
1015.19
993.01
1004.93
1003.98
968.93
968.93
968.93
974.89
967.03
963.93
969.17
25069.00
992.06
976.09
971.08
957.97
989.91
985.86
988.01
989.91
989.91
983.00
984.91
25073.05
1019.95
1002.07
1007.08
1020.19
978.95
972.99
973.94
976.80
973.94
967.98
967.98
25016.07
1029.01
983.95
981.09
976.09
979.90
976.09
972.99
977.99
973.94
967.03
966.07
25007.01
1015.90
967.98
958.92
954.87
973.22
966.07
962.97
971.79
972.99
966.07
971.08
969.17
25086.88
1003.98
994.92
982.05
957.97
967.03
975.85
980.14
983.00
977.99
972.99
977.04
25107.15
1011.13
999.93
1008.03
962.97
985.15
983.00
980.14
983.95
983.00
987.05
981.09
25119.07
1013.99
1000.88
1001.12
962.97
978.95
978.95
975.85
985.86
978.95
983.95
977.99
25089.98
976.09
970.13
963.93
957.97
1002.07
996.11
993.97
1002.79
992.06
991.11
990.87
25086.88
973.94
962.02
962.02
983.00
981.09
983.00
984.91
996.83
988.01
983.00
987.05
25088.07
991.82
981.09
970.13
997.07
966.07
965.83
970.84
973.94
972.03
978.95
972.99
25053.98
1019.00
1005.17
1004.93
1016.86
967.03
973.94
973.94
987.05
980.14
976.09
972.99
29035.09
1083.85
1050.00
1024.01
988.01
979.90
974.89
971.08
979.19
967.03
964.88
967.03
25017.02
1007.08
972.99
973.94
983.95
977.99
978.95
973.94
980.85
983.00
977.04
977.04
25022.98
1024.96
988.01
989.91
994.92
983.00
972.99
977.04
984.91
988.01
988.96
978.23
25011.06
1039.03
992.77
987.05
987.05
993.97
980.14
985.15
982.05
978.95
975.85
984.91
25009.87
1034.02
994.92
989.20
1001.12
988.96
983.00
981.09
983.00
979.90
983.00
979.90
25009.87
1032.83
989.91
990.15
985.15
987.05
988.01
991.11
993.01
991.82
982.05
981.09
981.09
25069.95
998.02
988.01
996.11
988.96
985.86
989.91
991.11
986.10
983.95
990.87
987.05
25074.96
1000.88
990.87
994.92
988.01
980.85
986.81
985.86
988.96
992.06
986.10
977.04
25083.07
988.96
983.00
975.85
984.91
980.85
977.99
979.90
990.87
974.89
979.90
967.98
25084.97
982.05
980.85
977.99
988.96
979.19
977.04
972.99
978.95
982.05
974.18
979.90
25081.87
990.87
980.85
978.95
978.95
980.85
969.89
972.03
981.81
973.94
979.19
976.09
25074.96
990.87
985.86
971.79
983.00
975.13
973.94
971.08
988.96
973.94
979.19
971.08
25017.98
1020.91
986.81
977.99
983.00
977.04
983.00
979.90
985.86
986.81
982.05
975.13
25017.02
1032.83
984.91
987.05
991.11
977.04
978.95
980.14
987.05
982.05
983.00
972.03
25008.92
1039.03
993.01
983.95
986.10
992.06
982.05
980.14
988.01
981.09
987.05
982.05
25013.92
1037.84
988.96
993.01
1022.10
993.01
977.99
980.14
976.09
978.95
972.03
985.86
25012.97
1039.98
986.10
991.11
983.00
979.19
991.11
978.95
987.05
980.14
987.05
975.13
976.09
25070.19
1000.88
993.97
998.97
993.01
991.82
989.91
988.96
988.01
983.00
984.19
975.85
25075.91
993.01
988.01
974.18
988.01
980.14
975.13
972.03
984.19
979.90
981.81
974.89
25074.01
990.87
982.05
977.99
986.10
985.15
972.99
981.09
984.19
977.04
972.99
975.85
25078.06
993.01
977.99
972.03
978.95
979.90
974.18
973.94
985.86
976.80
969.89
977.99
25084.02
983.95
975.85
968.22
972.99
972.99
974.89
967.03
986.10
979.90
976.80
972.03
25019.88
1024.01
986.10
992.06
987.05
983.00
973.94
976.09
990.15
987.05
974.18
983.95
25019.17
1033.07
994.21
983.00
985.15
984.91
978.95
970.13
988.01
986.10
986.10
973.94
25003.91
1037.84
989.91
985.86
988.96
986.10
979.90
982.05
987.05
977.04
984.19
981.09
25017.02
1034.02
987.05
988.96
997.07
983.95
980.14
979.90
984.91
979.19
974.89
977.99
25009.87
1043.08
983.00
974.89
970.84
988.01
988.96
995.87
996.11
998.97
998.97
1005.17
25027.04
1068.12
1006.13
1000.17
1008.99
983.00
983.00
1006.84
997.07
998.97
998.02
999.93
1003.98
990.87
1000.88
996.83
25022.03
1048.09
1002.07
1007.08
1014.95
1010.89
1001.83
1007.80
1002.79
1010.89
1008.99
1007.08
25031.09
1048.09
1001.12
1010.89
1006.13
1008.03
1013.99
1011.85
1013.99
1004.93
1009.94
1007.08
25093.08
1039.98
1015.90
1013.99
1019.95
1012.09
1006.13
1007.08
25124.07
1021.86
1003.98
1009.94
991.82
1006.84
1006.84
1015.90
33094.17
1013.04
1005.17
998.02
1003.03
996.11
1000.17
25012.02
1047.13
992.06
984.19
978.95
993.97
998.02
1007.08
25045.16
1054.05
1003.03
994.92
1006.13
998.97
995.87
990.15
25012.02
1030.92
989.20
982.05
982.05
981.09
977.04
977.99
21003.01
1038.79
993.97
984.19
991.11
978.95
977.99
972.99
967.03
947.00
959.87
962.02
971.08
25078.06
991.11
979.19
974.89
937.94
975.13
983.95
983.95
989.91
987.05
985.15
989.91
25094.99
1002.07
996.11
986.10
1007.08
992.06
987.05
992.06
997.78
1006.84
1004.93
1003.98
25107.86
1005.89
997.07
1000.88
1029.97
1019.95
1023.05
1021.86
1015.90
1019.95
1014.95
25047.06
1078.84
1023.05
1025.92
1029.97
1012.09
1014.95
1023.05
1025.92
1006.84
1021.86
1008.99
25103.09
1042.13
1024.96
1018.05
1009.94
1017.81
1021.86
1026.87
1034.02
1024.96
1024.96
1024.96
29101.13
1019.95
1004.93
1011.13
1005.17
1005.89
1000.88
17022.85
1034.98
997.07
990.15
989.91
989.20
984.91
981.81
25023.94
1072.88
1020.19
1005.89
1004.93
952.01
952.01
957.97
961.07
1034.98
964.88
957.97
952.01
959.87
947.00
951.05
962.02
17082.21
988.01
979.19
978.95
958.92
998.97
993.97
997.07
25104.05
993.01
980.85
984.91
995.16
972.99
972.99
967.03
25071.14
983.95
967.98
965.12
967.98
959.87
957.97
952.01
25066.14
1052.14
1028.06
1012.09
966.07
956.06
970.13
975.13
25093.08
993.97
978.23
968.93
976.80
964.88
964.88
966.79
25068.04
995.16
983.95
988.96
993.01
996.11
998.02
1005.89
21101.00
967.98
952.01
951.05
960.11
990.15
981.09
971.08
25025.13
992.06
958.92
946.04
957.97
947.95
953.91
948.91
24983.17
993.97
952.96
953.20
955.10
953.91
962.02
952.01
953.20
25117.87
1008.03
993.01
1009.94
942.95
960.11
959.16
956.06
25098.09
996.11
994.92
988.01
999.93
986.10
992.06
990.15
33102.04
1010.18
994.92
999.93
970.13
979.90
979.90
975.85
33092.02
1018.05
1001.12
988.96
993.01
999.93
1011.85
17042.88
1055.96
1014.95
1018.05
1010.18
1004.93
1003.98
993.97
25025.84
1105.07
1042.13
1036.17
1040.94
1029.01
1030.92
1031.88
25132.89
1053.09
1038.07
1029.97
1034.98
1033.07
1033.07
1031.16
1115.08
1050.00
1047.85
1029.97
987.05
1002.07
995.16
25041.10
1062.15
1020.91
1005.89
1001.83
996.83
993.97
10205.03
1019.00
997.07
997.07
983.95
962.97
973.94
976.09
9052.99
972.99
958.92
957.97
973.94
1016.14
1010.18
993.97
25064.95
992.06
963.93
958.92
968.22
963.93
957.01
950.10
25001.05
1016.14
973.94
967.03
967.98
960.11
958.20
957.01
962.02
1011.13
1017.09
1003.03
25030.14
1005.17
970.84
954.87
961.07
948.91
950.10
951.05
948.91
941.04
963.93
985.15
980.14
29129.98
1065.02
1061.92
1070.02
1063.82
1063.82
1061.92
25075.91
1005.89
967.03
965.83
9009.84
1000.88
961.07
957.01
8996.96
1070.02
1019.95
1019.95
25054.93
1068.83
1020.91
1016.14
1018.05
1005.17
1002.07
996.11
1005.89
988.01
973.94
975.85
25045.87
995.87
972.03
954.87
961.07
953.91
947.00
952.01
952.01
967.98
967.03
967.98
25011.06
1036.17
998.02
1003.98
1003.98
988.96
1005.89
996.83
1003.03
998.97
1005.89
1003.98
25046.83
1039.98
1006.13
1021.15
1017.09
1018.05
1021.15
1024.01
1026.15
1028.06
1022.10
1021.15
25126.93
1051.90
1038.07
1040.22
1045.94
1038.07
1041.17
1034.02
1040.94
1035.93
1037.84
25069.00
1094.10
1043.08
1034.98
1034.98
1035.93
1032.83
1029.97
1038.07
1039.03
1034.02
1028.06
25143.86
1050.00
1038.07
1031.88
1041.89
1029.97
1034.02
1034.98
1038.07
1034.98
1031.88
25063.04
1080.99
1028.06
1025.92
1035.93
1025.92
1027.11
1024.96
1003.98
950.10
945.09
950.10
25001.05
1044.03
993.97
1001.83
1015.90
1004.93
1014.95
1006.84
988.96
943.18
952.96
947.95
25003.91
1025.92
988.01
973.94
977.04
960.11
959.87
949.86
947.00
944.14
956.06
966.07
957.01
25089.03
1019.00
1004.22
994.92
999.21
1001.83
1007.08
1017.09
938.89
957.01
957.97
960.11
25099.04
1008.03
1004.93
989.91
982.05
978.95
977.99
977.04
977.99
992.06
988.01
1008.99
25079.01
996.11
962.97
967.03
967.98
957.01
950.81
948.91
953.91
941.04
952.01
950.10
25050.88
1002.07
984.91
972.99
988.96
988.01
992.06
993.01
983.95
1006.13
991.11
1009.94
25095.94
1006.13
988.01
988.96
991.11
1011.13
993.01
1008.99
994.92
1003.03
1010.89
995.16
11301.04
1008.99
998.02
983.95
973.94
962.97
937.94
966.07
978.95
985.15
25074.01
976.09
955.10
962.97
974.89
1008.99
1000.88
1004.93
1016.14
1019.00
1024.01
1028.06
25115.01
1027.82
1019.00
1017.09
994.92
993.01
983.95
990.87
957.01
957.97
957.97
956.06
25076.15
977.99
968.22
961.07
965.12
961.07
958.92
948.91
958.92
952.96
950.81
947.95
16998.05
1015.90
991.82
999.93
1006.13
1010.89
1018.05
1013.04
25088.07
980.85
965.83
953.91
975.13
1018.05
1013.04
1020.91
25073.05
977.99
967.03
970.13
969.17
967.98
971.08
981.81
17041.92
1024.01
1013.04
1056.91
1004.93
1013.99
1019.00
1016.14
1029.01
1008.03
1014.95
1026.15
33126.12
1009.94
992.77
990.87
992.06
974.89
975.85
972.99
952.96
952.01
947.95
949.86
25040.86
965.83
958.20
956.06
976.09
962.97
967.03
977.99
987.05
982.05
986.10
986.10
17051.22
1013.04
977.99
985.86
9029.15
1041.17
1005.89
995.87
9098.05
998.02
982.05
981.09
25072.10
994.92
973.22
972.03
973.94
972.99
962.02
960.11
962.02
953.91
947.00
947.95
24993.18
993.97
954.87
956.06
949.86
948.91
946.04
950.81
947.95
957.01
952.01
952.01
954.15
25053.98
968.93
957.97
954.87
959.87
960.83
959.87
958.92
964.16
962.97
961.07
957.01
24996.04
994.92
961.07
967.98
967.98
962.02
963.93
967.98
968.93
964.16
967.98
961.07
24988.89
1007.80
967.03
973.94
972.03
983.00
969.89
969.17
968.93
982.05
974.89
967.03
967.98
25058.98
984.91
973.94
964.16
967.98
962.02
962.97
964.16
973.94
958.92
960.11
965.12
25058.03
976.09
975.13
962.97
957.01
962.97
956.06
960.83
959.87
966.79
962.02
966.07
24992.94
1019.00
975.13
972.99
985.86
970.84
967.03
963.93
974.89
966.07
967.03
963.93
966.07
25072.81
975.85
970.84
980.85
980.85
973.94
975.13
974.18
974.89
970.84
973.94
976.09
25059.94
983.95
972.03
972.03
970.84
972.99
970.13
972.03
986.10
1022.10
1012.09
1024.96
25069.95
981.09
967.03
962.02
972.99
958.92
959.87
960.83
972.99
990.15
983.00
976.09
25038.00
1007.08
977.04
972.03
961.07
964.16
957.01
953.20
957.97
965.12
959.16
963.93
25003.91
1036.88
992.06
1001.83
998.97
998.02
999.21
994.92
1003.03
972.03
992.06
993.01
25033.00
1055.96
1005.17
1008.99
988.96
993.01
998.02
997.07
1003.98
1008.99
1017.81
1026.87
25077.82
1079.08
1034.98
1021.15
1044.99
1012.09
1012.09
1005.17
9061.10
970.13
953.91
957.97
956.06
957.01
952.96
957.01
25002.96
995.16
959.87
962.02
967.98
962.97
952.01
952.96
24998.90
1013.99
962.02
957.97
961.07
985.15
999.93
991.82
21029.00
1017.09
993.01
983.95
13013.12
1051.19
996.11
993.97
999.21
983.00
983.00
980.85
977.04
1015.90
1016.86
1009.94
25056.12
1084.09
1042.13
1049.04
1046.90
1049.04
1034.98
1033.07
17127.99
1067.16
1064.06
1060.01
1068.12
1059.06
1058.10
17091.04
1040.94
991.11
975.13
972.99
969.89
961.07
952.96
952.01
952.96
966.07
972.99
964.16
25105.95
1011.85
998.02
1003.03
1001.12
1001.12
1005.89
1000.88
972.99
972.03
987.05
985.15
25105.00
1037.84
1022.82
1024.01
1027.11
1015.90
1024.01
1002.07
972.99
981.09
977.04
25019.88
1075.98
1029.01
1017.09
1011.13
1012.09
1001.12
996.11
982.05
974.18
983.00
990.15
25042.06
1033.07
991.11
983.00
980.85
975.85
967.03
957.97
957.01
992.06
994.92
983.95
25027.04
1010.89
958.20
956.06
958.92
941.99
947.95
959.87
954.87
967.03
962.02
952.96
963.93
25112.15
1002.07
991.11
983.95
948.19
945.09
947.95
941.99
952.01
956.06
947.95
952.01
25018.93
1052.14
1006.13
1022.10
992.06
954.15
953.91
949.86
962.97
956.06
957.97
960.83
25015.83
1007.08
961.07
965.12
959.87
991.82
979.90
980.14
993.97
1007.80
995.87
999.93
25033.00
1065.02
1026.15
1032.11
1003.98
992.06
993.97
987.05
1004.93
987.05
999.93
991.82
25059.94
1055.00
1006.84
993.97
983.00
990.87
997.78
1000.88
997.78
1004.93
1005.17
996.11
25048.97
1050.00
1011.13
1014.95
993.01
977.99
982.05
987.05
989.91
983.95
985.86
988.96
25043.01
1025.92
985.15
972.99
969.17
993.97
991.11
1006.13
1005.17
1007.08
999.93
1009.94
25079.97
979.90
957.97
962.02
962.02
974.89
972.99
972.99
975.85
965.83
962.97
959.16
24997.95
1055.96
1013.99
1016.86
984.19
973.94
965.83
957.97
962.02
952.96
951.05
950.10
947.00
25039.91
