1004.93
1004.22
1008.99
1003.03
998.02
1003.03
988.96
959.87
963.93
966.07
25090.93
1039.98
1021.86
1014.95
1013.04
986.10
997.07
987.05
990.15
978.95
990.87
983.00
25089.98
995.16
988.96
993.01
989.91
999.93
987.77
984.91
952.96
992.06
981.09
987.05
25096.18
1012.09
996.11
912.90
992.06
994.21
1008.03
996.11
1005.89
1025.92
1020.91
1016.14
25117.87
1044.99
1571.18
1046.18
1039.03
1038.07
1032.11
969.89
985.86
988.96
989.20
29093.98
1039.98
993.01
983.00
997.07
1002.07
1010.89
1008.99
17082.93
972.99
967.03
962.02
954.87
995.87
986.10
1000.17
25105.95
980.85
973.94
961.78
972.99
967.03
962.97
965.12
25073.05
990.15
977.99
972.03
988.96
991.11
989.91
999.93
25081.87
1019.00
996.11
988.01
1010.18
1020.91
1008.99
1004.93
25094.99
998.02
986.81
983.00
992.06
988.01
979.19
978.95
25089.03
1003.98
1003.03
990.15
985.15
988.96
981.81
962.97
33133.03
1052.86
1041.17
1049.04
1040.94
1055.00
1059.06
1012.09
967.03
971.08
965.83
25015.12
1065.02
1034.98
1013.99
993.01
994.92
997.07
997.07
1003.98
996.11
998.02
989.91
25027.04
1034.98
999.93
994.92
992.06
989.91
983.00
990.87
979.90
1073.12
1045.94
1041.89
1043.80
1026.87
1040.94
1040.22
1029.01
972.03
964.16
961.07
25079.01
1019.95
1007.08
999.93
962.97
952.01
954.15
948.91
965.83
957.01
963.93
970.84
25023.94
1010.89
975.13
975.13
971.08
977.04
974.18
967.03
975.13
998.97
1005.17
1021.15
25110.96
1014.95
977.99
969.17
967.98
1019.00
1013.04
1018.05
1015.19
1008.99
1005.17
1008.99
37089.11
998.97
984.91
974.89
988.96
988.96
1003.98
987.05
25069.00
993.97
983.00
983.00
992.06
982.05
973.94
973.94
25035.14
1047.13
1008.03
999.93
1018.05
992.06
989.91
980.14
21085.98
1029.01
997.07
1013.04
1003.98
1007.80
990.87
1006.84
25085.93
994.21
981.09
977.99
977.04
1000.88
1011.85
1010.89
25090.93
1003.98
989.91
996.11
989.20
981.09
979.90
995.87
25108.10
1001.83
993.97
986.10
992.06
988.01
985.86
989.91
953.20
955.10
961.07
978.95
25096.89
1018.05
988.01
982.05
976.09
1000.17
1006.13
1003.98
1010.18
1005.89
1005.17
1008.03
25094.99
1014.95
1011.13
1001.12
1005.89
998.97
994.92
991.11
1034.98
1045.94
1044.03
25066.85
1041.89
988.96
988.01
999.21
1063.11
1048.09
1060.96
1052.14
1050.95
1048.09
1046.90
25143.86
1061.20
1053.09
1047.85
20195.01
1060.01
1012.09
1029.01
1026.15
1013.99
1017.09
1024.01
1029.97
1038.07
1078.13
1008.03
25062.08
1051.19
1024.96
1020.19
1009.94
1024.01
1017.09
1012.09
1018.05
1010.18
1017.09
1012.09
25112.87
1034.02
1024.01
1020.19
1010.89
1005.89
1005.17
25046.11
1061.20
1014.95
1008.99
999.93
1010.89
1012.80
1021.86
25051.83
1060.01
1007.08
1011.13
1004.93
1005.17
1014.95
1021.86
25033.95
1060.01
1013.99
1014.95
1017.81
1007.08
1009.94
1013.99
25100.95
993.01
968.93
962.97
962.02
1013.04
1007.08
1006.13
25118.11
1010.18
1005.89
992.06
1004.93
993.97
1009.94
1003.03
17123.94
1022.82
1008.03
1003.03
1012.09
998.02
1000.88
1006.84
33077.96
990.15
989.91
978.95
980.14
974.18
977.99
977.04
991.82
984.91
1002.07
994.21
25084.02
996.11
981.09
982.05
983.95
993.97
986.81
989.91
990.87
985.15
978.95
980.85
25081.87
2326.97
1060.96
1055.00
1057.15
1054.05
1008.03
1001.12
1008.99
1006.84
25117.87
1066.92
1044.99
1046.90
988.01
995.87
993.97
997.07
998.97
988.01
1002.07
995.87
25094.99
1010.18
989.91
991.82
1013.04
993.97
1016.86
996.83
1019.00
1001.12
1010.89
1007.08
33079.86
1010.89
998.02
1004.93
1003.98
15939.95
998.97
998.97
998.97
995.16
999.93
992.06
998.97
1053.81
985.86
983.00
995.16
1007.08
1018.05
1011.13
25043.01
1044.99
1003.03
989.91
998.97
993.01
993.01
991.82
25020.84
1053.09
1007.08
989.91
998.97
993.01
993.01
994.92
25023.22
1049.04
998.97
994.92
1003.03
1019.95
1013.99
1013.04
25033.95
1034.02
999.93
1003.03
996.11
1017.09
1012.09
1003.98
1012.80
980.85
982.05
982.05
25002.96
1035.21
1003.03
1002.07
1003.98
973.94
981.09
972.99
977.99
978.95
978.95
979.90
25024.89
1026.87
983.95
983.00
989.91
988.01
991.82
987.05
974.89
990.87
1000.88
1006.13
25058.03
1055.00
1020.91
1006.84
1008.99
1007.08
997.07
993.01
1004.93
992.06
997.07
990.87
25047.06
1019.00
986.81
973.94
993.01
977.99
981.09
982.05
969.17
1009.94
996.83
1006.84
25075.91
1035.93
1007.08
989.91
974.18
1004.93
1005.17
1011.13
1015.90
1008.99
1008.03
1015.19
25104.05
1026.15
1018.05
1008.99
1016.14
1016.14
1008.99
1013.04
999.93
996.11
996.11
993.01
29101.13
1013.99
1003.03
1003.03
998.02
998.97
991.82
994.92
25083.78
1010.89
993.97
993.01
993.97
983.95
977.04
980.85
22066.12
1043.08
1032.11
1040.94
1020.91
1016.86
25036.81
1049.04
1012.09
1007.08
1013.99
1008.03
993.97
991.11
25038.96
1046.90
1022.82
1009.94
996.11
1003.03
998.02
1000.17
25061.13
1040.94
1016.86
1008.03
1013.99
1012.09
1008.99
1011.13
25110.96
1032.83
1018.05
1011.13
1015.90
1013.04
1010.89
1011.85
25067.81
975.85
967.03
968.93
987.05
983.00
983.95
978.95
988.01
983.00
987.05
986.10
25091.89
1010.89
998.02
994.92
1015.90
1001.83
1003.03
998.97
983.00
981.81
980.85
984.91
25113.11
1031.16
1018.05
1010.89
997.07
1002.07
1007.08
1009.94
1005.89
1005.17
1013.04
25043.01
1050.95
1022.10
1012.09
1013.99
1008.03
1005.89
1003.98
993.01
1003.03
995.16
989.91
25053.02
1029.97
994.92
989.20
983.95
979.90
986.10
972.99
988.96
980.14
971.08
971.08
24992.94
1012.09
976.09
967.03
972.03
967.03
967.03
971.08
984.91
1003.03
1019.95
1019.00
29051.07
1024.96
973.94
971.08
973.94
1008.03
1005.89
1014.95
17039.06
1098.87
1050.95
1044.03
1021.86
1000.17
989.91
990.87
25054.93
1065.02
1041.89
1024.01
1025.92
1025.92
1020.19
1022.10
25115.97
1037.12
1023.05
1023.05
1036.17
1024.96
1019.00
1019.95
25101.18
1031.88
1019.00
1002.07
1028.06
1024.96
1014.95
25048.97
1071.93
1009.94
1008.03
1003.03
1000.88
993.97
986.10
25033.00
1030.92
1001.12
987.05
992.06
982.05
984.19
974.89
33012.87
1029.97
992.06
984.19
984.91
982.05
980.85
977.99
972.03
1027.11
1024.96
1017.81
25069.95
1033.07
996.11
986.10
977.04
1013.99
1003.98
1001.12
1005.89
1013.04
1006.13
1006.84
25063.04
1032.11
1009.94
1008.99
1008.99
1003.03
999.93
1001.83
978.95
988.01
994.92
988.01
25113.11
1007.80
995.87
994.92
1003.98
993.01
993.01
994.92
979.19
1005.89
1003.98
1005.17
25098.09
1007.08
987.05
986.10
992.06
993.01
985.15
987.05
993.01
1008.03
1001.12
1007.08
1003.03
1002.07
994.92
1003.03
25078.06
981.09
974.18
966.07
971.08
967.98
962.97
963.93
25076.87
1027.82
1011.85
1016.86
1019.00
1013.04
1010.89
1009.94
21137.00
1041.89
1034.98
1037.12
1035.93
1028.06
1029.01
1031.16
1027.11
1031.88
1024.01
25061.13
1073.12
1034.98
1030.92
1039.03
1029.01
1026.87
1026.87
1035.93
1027.11
1029.97
1031.88
29142.86
1034.02
1038.07
1030.92
993.01
994.92
995.87
25022.98
1039.03
993.97
987.05
979.19
962.02
965.12
961.07
964.16
973.94
967.03
974.18
967.03
25133.13
1062.15
1050.00
1050.95
987.05
992.06
987.05
998.97
20126.82
1076.94
1048.80
1031.88
1052.86
1039.03
1034.98
1039.03
1039.03
1039.03
1039.03
1034.02
25134.09
1047.13
1047.13
1044.03
1039.98
1038.07
1040.22
1039.03
1034.98
1035.21
1035.93
29070.14
1078.13
1043.08
1035.93
1046.90
1035.93
1036.17
1039.03
1038.07
1039.98
1036.17
1038.07
25135.04
1050.95
1035.93
1037.84
1029.97
1034.98
1034.02
1048.09
1038.07
1035.93
1032.83
25064.95
1080.99
1044.03
1039.03
1037.12
1034.02
1038.07
1037.12
1042.13
1034.02
1034.02
1034.98
25130.99
1046.90
1034.98
1045.94
1037.12
1034.98
1034.98
1036.17
1037.12
1033.07
1034.98
25092.12
1064.06
1046.18
1029.01
1034.98
1028.06
1024.96
1026.15
1028.06
1033.07
1026.15
1020.91
25126.93
1042.13
1030.92
1027.82
1029.97
1026.15
1023.05
1034.98
1028.06
1024.96
1026.15
25063.99
1073.84
1032.83
1032.83
1033.07
1034.02
1023.05
1034.02
1032.11
1032.11
1029.97
1019.95
25128.13
1039.98
1036.88
1029.01
1030.92
1031.16
1024.96
1034.98
1029.01
1028.06
1024.01
25064.95
1064.06
1034.98
1026.87
1042.84
1033.07
1033.07
1032.11
1025.92
1016.86
1018.05
1017.09
25120.97
1037.12
1024.96
1025.92
1026.15
1021.86
1019.00
1024.01
1024.96
1029.01
1031.88
25043.96
1063.11
1026.15
1024.01
1025.20
1024.01
1033.07
1017.09
1021.15
1019.00
1021.15
1019.95
25099.99
1029.01
1013.99
1007.08
1024.01
1003.98
999.93
1001.83
1011.85
999.93
997.07
1003.98
17088.89
1016.86
1004.93
996.11
1034.98
1036.88
1037.12
1019.95
982.05
984.91
979.90
981.81
25120.02
1043.08
1041.17
1024.01
996.11
993.97
998.97
997.07
991.11
988.01
990.15
25027.04
1075.98
1029.01
1027.11
1007.08
1013.04
1020.19
1004.93
1015.90
1012.09
1008.03
1002.79
25059.94
1060.01
1026.87
1019.95
994.92
1002.07
999.93
995.16
994.92
992.06
981.09
982.05
25069.95
1021.86
985.86
979.90
971.79
962.97
965.12
967.98
969.17
962.97
964.88
962.97
25007.96
1065.97
1039.98
1029.97
1008.99
983.95
975.13
977.04
976.09
998.97
996.11
998.02
25049.92
1106.02
1062.87
1058.82
1066.92
1062.15
1061.92
1056.91
1045.94
1017.09
1022.10
33049.11
1036.17
998.02
989.20
994.92
988.96
989.91
992.06
991.11
988.96
996.83
990.87
25023.94
1037.84
1006.84
1003.03
1003.03
1000.17
998.02
998.02
1002.07
998.02
997.07
990.15
25023.94
1045.94
1008.03
1003.03
1007.08
1006.13
1000.88
1008.99
1007.08
1000.17
1002.07
998.97
25034.19
1043.08
1004.93
1003.03
1002.07
1001.12
997.07
998.97
1010.89
1002.79
1000.88
1001.83
25032.04
1039.98
1011.85
1004.93
1010.18
1003.98
1000.17
1001.12
1013.04
1006.13
998.02
1002.07
25084.97
1022.10
1007.08
1002.07
1003.98
1002.79
1003.03
1000.88
1006.84
1006.13
1000.17
999.93
25079.01
1001.12
996.11
988.96
993.97
1070.98
988.01
989.91
997.07
995.16
989.91
989.91
979.19
23799.90
988.96
972.03
966.79
988.96
977.99
977.99
977.99
989.91
978.95
984.91
983.95
25021.08
1022.10
990.15
986.10
992.06
988.96
992.06
989.91
989.91
985.15
987.05
983.00
25017.98
1029.97
1001.83
984.91
992.06
983.95
987.05
986.10
988.96
984.91
984.91
991.11
25022.98
1039.03
992.06
988.96
980.85
1065.02
1065.97
1065.02
1045.94
1010.18
1013.04
1011.13
25073.05
1029.97
1008.99
996.11
1039.98
1026.87
1030.92
1029.01
968.93
982.05
972.99
977.04
25076.87
991.11
987.05
983.95
989.91
985.86
981.09
986.10
992.06
986.10
985.15
983.95
25084.97
1006.13
995.87
997.07
1009.94
999.93
997.07
1001.12
1017.09
1003.98
998.97
1003.98
25101.90
1017.09
1009.23
1013.04
1008.99
1008.03
1010.18
1019.00
1001.12
1008.99
1007.80
25035.86
1055.00
1013.99
1005.89
1011.85
1006.84
1005.89
1001.83
1004.93
1005.17
1008.03
1002.07
25040.15
1050.00
1008.99
1007.08
1019.00
1010.89
1006.13
1001.12
1006.13
1008.03
1005.17
1009.94
25072.81
1040.94
1016.86
1004.93
1013.04
1008.99
1005.89
1008.99
1009.94
1008.03
1003.98
1002.07
25112.15
1029.01
1013.99
1013.99
1020.19
1009.94
1010.18
1005.89
1016.86
1013.99
1008.99
1009.94
25087.12
1022.10
1013.04
1013.99
1008.03
1014.95
1007.80
1015.90
1012.09
1012.09
1010.18
25049.92
1060.01
1019.00
1015.90
1010.18
1016.14
1005.89
1011.85
1014.95
23773.19
1044.99
994.92
995.16
984.91
984.91
996.83
995.87
991.82
993.01
984.91
979.90
25020.84
1074.08
1029.01
1008.99
1003.98
988.01
982.05
978.95
987.05
981.09
980.14
975.13
25020.12
1099.11
1063.11
1059.06
1043.08
986.10
989.91
988.01
996.11
993.97
991.82
1003.03
25071.86
1024.01
989.91
990.87
994.92
981.09
986.10
985.15
996.11
984.91
990.87
985.86
25058.98
1074.08
1050.95
1059.06
1053.09
1034.98
1036.17
1030.92
1036.88
1029.97
1026.15
25053.98
1032.11
993.01
981.09
983.95
984.91
983.95
983.00
989.91
1061.20
1069.07
1060.01
25099.04
1055.00
1022.10
1009.94
1011.85
1012.80
1010.89
1011.13
13034.11
998.02
972.03
975.13
978.95
974.89
976.80
982.05
978.95
983.00
981.09
983.95
25018.93
1022.10
991.11
982.05
988.01
982.05
979.90
979.90
980.85
979.90
977.04
979.90
25010.11
1034.02
999.93
982.05
988.96
980.14
984.91
988.01
984.91
988.01
984.91
984.91
25012.97
1034.02
999.21
993.01
991.11
988.01
985.86
980.85
992.77
984.91
990.87
981.81
29016.97
1053.09
1012.09
998.97
1007.08
998.97
1002.07
1002.07
1003.98
993.01
1006.13
999.93
25029.90
1053.81
999.93
998.97
1003.03
993.97
989.20
979.90
975.85
1012.09
1017.09
1008.99
25045.16
1022.10
969.17
967.03
972.03
970.13
969.17
967.98
969.17
993.01
996.11
993.01
21023.99
1021.15
974.89
967.98
970.84
966.07
972.03
967.98
971.08
977.99
977.04
973.94
979.90
25074.96
997.07
985.15
993.97
1004.22
983.95
986.10
986.10
993.97
987.05
983.95
986.10
25093.08
1013.04
991.11
991.11
998.97
991.82
988.01
984.91
993.97
990.15
983.00
990.15
25093.08
1006.13
989.91
996.83
992.06
993.01
991.11
988.01
993.97
988.96
991.11
992.06
25078.06
1011.85
1000.88
999.93
997.07
995.16
996.11
998.02
997.07
998.02
990.87
25025.84
1044.99
998.02
998.97
1003.03
995.16
993.97
995.87
996.11
996.11
993.97
994.92
25020.84
1041.89
999.93
997.07
1003.03
994.92
998.02
995.87
999.93
996.11
993.97
993.97
25029.18
1045.94
1018.05
1003.98
1007.08
997.07
996.11
997.07
1003.03
995.87
998.02
991.82
25038.00
1048.09
1008.99
1005.89
1004.22
1003.98
1000.17
997.07
1009.94
996.11
1000.17
997.07
25037.05
1038.79
1003.98
1005.17
1007.08
1002.07
998.97
998.02
1007.08
998.02
998.02
1000.88
25088.07
1024.01
1004.93
1000.88
1009.23
1000.88
997.07
999.93
1005.89
1002.07
998.97
998.02
25103.09
1013.99
1000.88
1001.12
1008.99
1000.88
998.02
999.93
1008.03
998.02
998.97
997.78
25102.85
1015.90
1002.07
995.87
1007.08
1003.03
1003.98
1001.12
1003.03
998.97
998.97
1001.12
25084.97
1027.11
1005.17
1007.08
1007.08
999.93
1000.88
1003.98
1002.07
1002.07
997.07
21037.10
1052.86
998.97
993.97
972.99
1010.89
1014.95
1000.17
1004.93
1004.93
1000.17
996.11
25053.02
1032.11
998.02
988.96
977.99
1012.80
1010.89
998.97
1003.98
1000.88
996.11
1002.07
25061.13
1047.13
1013.99
1009.94
994.21
998.02
987.05
988.96
1004.93
988.01
993.01
988.01
25051.12
1029.97
989.91
987.05
980.85
979.90
977.04
974.18
970.13
968.93
962.97
970.13
25017.98
1084.80
1060.96
1050.00
1020.91
1004.93
1003.03
992.06
999.21
993.01
992.06
992.06
25115.01
1023.05
1013.99
1005.17
962.02
1003.03
1004.93
984.19
1020.91
984.91
989.91
991.11
25102.14
1024.01
1015.19
1013.99
1017.09
1008.03
1008.03
1008.03
1004.93
997.07
991.11
990.15
33070.09
988.96
984.91
985.15
1002.07
980.14
983.95
986.81
992.06
988.01
983.00
980.85
25096.89
1007.80
998.02
1001.12
1009.94
1001.12
1008.03
1002.79
1006.84
1003.03
999.93
1003.98
25081.16
1022.10
1004.93
1011.85
1007.08
1003.98
1007.08
1008.99
1008.03
1000.88
1005.89
25041.82
1051.90
1016.86
1003.98
1014.95
1006.84
1005.89
1000.88
1010.89
1008.99
1006.84
1004.93
25038.96
1048.09
1017.09
1008.99
1012.80
1008.03
1004.93
1005.17
1008.03
1005.17
999.93
1010.89
25102.14
1023.05
1006.13
1004.93
1014.95
1008.99
998.97
1006.13
1012.09
1006.13
1000.88
1006.84
25116.92
1026.15
1011.13
1010.89
1073.84
1025.92
1012.80
1019.95
1018.05
1017.81
1019.00
1002.07
969.17
23742.91
993.01
988.96
979.90
982.05
977.99
983.00
977.99
984.91
977.99
983.95
984.19
25072.10
999.93
989.91
988.01
993.97
988.96
988.96
989.20
999.93
988.96
988.96
989.91
25093.08
1013.99
1008.03
1008.03
1020.19
994.92
998.97
1007.08
1013.04
1011.13
1012.09
1008.03
25094.03
1016.14
1008.99
1014.95
1008.03
1004.93
1005.17
1013.99
1007.08
1006.13
1006.13
25037.05
1057.15
1024.96
1018.05
1018.05
1016.14
1018.05
1018.05
1017.09
1012.09
1013.99
1013.04
25053.98
1053.09
1017.09
1014.95
1029.97
1015.90
1013.04
1010.89
1016.86
1011.13
1010.18
1004.93
25101.90
1024.01
1015.90
1008.99
1019.95
1006.84
1011.85
1010.89
1019.00
1014.95
1011.13
1008.99
25094.03
1020.91
1012.09
1016.14
1009.94
1013.99
1013.04
1014.23
1013.99
1015.19
1009.94
25050.16
1059.06
1016.14
1009.94
1013.99
1013.99
1009.94
1017.09
25053.02
1044.03
994.92
993.01
984.91
1025.92
1019.95
1018.05
25105.95
1008.03
1001.12
993.97
1003.03
991.82
994.92
996.11
25097.13
1013.99
1000.88
998.97
1011.13
1003.98
999.21
1003.03
25083.07
996.11
975.13
977.99
1001.83
988.96
987.05
983.95
25068.04
983.95
970.84
970.84
980.85
973.94
972.99
983.00
22464.04
1003.03
983.95
988.96
983.95
983.95
985.86
983.00
983.00
985.15
25007.01
1030.92
992.06
986.10
990.15
988.96
988.01
983.95
993.01
1015.90
1012.09
1012.09
25053.98
1045.94
998.97
999.93
996.11
1025.92
1032.83
1028.06
1019.95
1019.95
1012.09
1013.99
25047.06
1055.96
1016.14
1019.95
1030.92
1013.04
1019.00
1015.90
994.92
1000.17
1003.03
997.07
25096.18
987.05
975.13
967.98
967.98
993.01
1000.88
1000.17
1006.13
1014.95
1000.88
994.21
25098.09
1043.08
1029.97
1021.86
991.11
995.16
1003.03
988.96
962.02
993.97
993.97
991.11
25091.89
997.07
991.11
993.97
1003.98
989.91
995.87
988.96
25099.99
1015.90
1003.98
1001.83
1013.04
1017.09
1019.95
25056.12
1034.98
981.09
967.03
975.13
970.13
967.03
964.16
966.07
25048.02
986.81
980.85
983.00
993.01
983.00
988.01
981.09
25122.17
1036.88
1028.06
1014.95
1002.79
1002.07
1010.89
25048.02
1080.04
1041.17
1028.06
1033.07
1030.21
1030.92
1027.82
25105.00
1039.03
1031.16
1024.01
1034.02
1025.92
1022.10
1023.05
33069.13
977.99
972.99
970.84
975.85
966.07
972.99
970.13
977.04
1013.04
1004.22
1002.07
25089.98
1000.88
994.92
991.11
990.87
988.96
980.14
970.13
973.94
1044.03
968.93
966.79
973.94
1019.95
1014.95
1019.95
1023.05
23673.06
1050.00
1022.10
1006.13
1008.99
1052.14
1056.91
1037.84
1047.85
1039.03
1036.88
1039.98
25145.05
1055.00
1039.98
13068.20
1058.10
1013.99
997.07
1003.03
993.97
996.11
996.11
988.96
960.11
957.01
963.93
25001.05
1051.90
1008.99
1003.98
1002.07
982.05
993.97
1006.13
1002.07
1003.03
1012.09
1001.12
25040.15
1060.01
1022.10
1019.95
1024.96
1010.18
1014.95
1013.99
1014.95
1029.97
1033.07
1029.97
33142.81
1052.86
1044.99
1037.12
1044.03
1031.16
1022.10
1029.97
25106.19
1019.00
1015.19
1014.95
1005.89
998.02
992.77
25027.04
1028.06
985.15
977.04
976.09
1016.14
1017.09
1022.10
25089.03
1035.93
1007.08
1003.98
1006.13
993.97
1000.88
1000.88
25043.01
1035.93
1008.99
1001.12
1002.07
995.87
998.02
994.92
25058.03
1051.90
1031.88
1031.88
1029.97
997.07
998.97
997.07
29109.95
1003.03
998.02
988.96
1000.17
991.11
992.06
987.05
985.15
960.11
957.01
966.07
25088.07
1024.96
1010.89
1001.83
973.94
977.04
983.00
983.95
992.77
998.02
998.97
1005.89
25097.85
1029.97
1007.08
1007.08
1015.90
1007.80
1008.99
1019.00
998.02
988.01
988.01
988.96
25113.11
1033.07
1031.16
1019.95
978.95
1029.01
988.01
983.95
988.96
988.01
984.91
987.05
1019.00
1007.08
1015.19
25047.06
1055.96
1016.86
1006.84
990.87
989.91
985.15
985.15
984.91
1001.83
1007.08
995.87
25030.85
1019.00
977.04
966.07
968.93
970.13
977.04
976.09
983.95
1060.96
1061.92
1062.87
25092.84
1020.91
981.09
972.99
988.96
1070.02
1065.97
1060.96
17122.03
1004.93
984.91
982.05
963.93
995.16
992.06
988.01
25108.81
1007.08
996.83
985.86
999.93
988.96
992.06
993.97
25094.03
1015.90
1000.88
999.21
957.97
1009.94
995.87
989.91
25127.89
1034.02
1022.82
1016.86
1013.99
1012.09
997.07
1003.03
29109.00
1029.97
1013.04
1015.90
1008.03
1003.98
1002.07
25026.08
1041.89
1008.03
998.02
998.02
987.05
988.01
981.09
29031.04
1049.04
999.93
989.91
979.19
1010.89
1010.89
1019.00
1016.14
1020.91
1017.81
1023.05
25047.06
1069.07
1019.95
1019.00
1031.16
1019.95
1024.96
1014.95
1010.18
1034.98
1030.92
1028.06
25125.03
1020.91
1015.19
1022.10
1042.13
1053.09
1048.09
1050.00
1044.03
1041.17
1047.85
25085.93
1084.80
1050.00
1048.09
1050.00
1044.99
1044.03
1045.94
1013.04
993.97
998.02
1000.88
25123.12
1052.14
1044.03
1043.08
1007.08
1006.13
998.97
1008.03
1003.03
999.93
1003.03
25029.90
1050.95
1010.18
1005.89
1003.98
1003.03
996.83
991.82
999.93
1043.08
1041.17
1044.99
25078.06
1037.84
989.91
989.20
1004.93
1052.86
1055.00
1045.94
1051.90
1045.23
1046.90
1041.89
25152.92
1057.15
1048.09
1055.96
1044.03
1050.95
1045.94
25075.91
1055.96
1019.00
1003.03
1009.94
1056.91
1048.09
1052.14
25105.95
998.97
971.08
971.08
976.09
967.98
971.08
962.97
25053.98
992.06
972.03
968.93
977.04
974.18
977.99
978.23
25031.09
1034.98
979.90
981.09
966.07
992.06
1001.12
999.93
25042.06
1007.08
973.94
967.98
972.99
967.98
973.94
984.91
21060.23
1072.88
1044.03
1042.84
1008.99
956.06
965.12
966.07
979.19
983.00
988.01
987.05
25037.05
1031.88
1005.89
1008.03
1018.05
1004.93
1003.98
1007.08
1019.00
1016.86
1019.95
1013.99
25117.87
1011.85
997.07
1012.80
1001.83
987.05
984.91
979.90
988.01
978.95
983.95
980.14
25099.04
1007.08
993.97
993.97
1004.93
993.97
996.11
1000.17
984.91
1000.88
1004.93
1000.17
25098.09
993.97
991.82
988.01
976.09
1008.03
993.01
996.83
1010.89
1002.79
998.97
997.07
21100.04
993.01
988.01
1000.17
996.11
983.00
983.00
977.99
25067.09
990.87
992.06
985.15
988.96
985.86
986.10
987.05
21131.04
1052.86
1052.86
1057.15
1048.09
1039.03
1028.78
25070.91
1075.03
1041.89
1032.83
1045.94
1035.93
1039.03
1039.03
25115.01
1029.97
1014.95
1007.08
1024.01
1038.79
1030.92
25057.79
1057.86
1004.93
1000.17
1003.03
997.07
990.87
983.95
25017.02
1021.86
980.85
979.90
977.99
967.98
967.03
967.03
966.07
21091.22
1012.09
1005.89
998.02
962.97
982.05
989.91
995.16
991.11
1001.12
998.97
25022.03
1057.86
1016.86
1011.85
1022.10
1007.08
1010.18
1014.95
1010.89
1000.17
992.06
990.15
25030.85
1069.07
1028.06
1016.14
996.11
972.03
981.09
975.13
977.99
969.89
962.97
968.93
24991.04
1014.95
977.99
967.98
975.85
973.94
966.07
972.99
974.89
968.93
993.01
989.20
984.91
25086.88
1000.17
998.97
995.87
984.91
998.97
1002.07
1003.98
993.01
999.93
996.11
25030.14
1050.95
1003.98
998.02
996.11
996.11
985.15
987.05
986.10
1019.00
1031.16
1026.15
25064.95
1060.96
1008.03
1001.83
986.81
1016.86
1009.94
1008.03
1006.13
1003.98
1000.88
993.97
33039.09
1036.17
997.07
988.96
975.85
1050.95
1049.04
1051.19
25141.00
1024.01
1013.04
1014.95
1017.81
1013.99
1008.99
1010.89
25118.11
1027.11
1017.09
1020.91
16156.91
1070.98
1027.11
1018.05
1002.07
996.11
1002.07
997.07
25056.12
1074.08
1040.94
1019.95
1028.06
1023.05
1025.92
1021.15
25116.92
1039.03
1024.01
1019.95
1028.06
1030.92
1022.82
1020.91
37095.79
1033.07
1009.94
1009.94
1004.22
1002.07
998.97
17027.14
1053.09
1018.05
1013.04
13053.18
1052.14
1000.88
993.01
13029.10
1058.10
1022.10
1019.95
13077.02
1018.05
999.93
993.01
13084.89
1039.98
1012.09
1017.09
1022.10
1014.95
1019.00
1019.00
25113.11
1042.13
1013.04
1017.09
1024.96
1017.09
1027.11
25050.16
1048.09
1000.17
994.92
998.02
1023.05
1019.95
1024.01
25059.94
1034.98
1008.03
1013.04
1018.76
1008.03
1013.99
1015.19
25062.08
1048.09
1029.97
1018.05
1036.88
1023.05
1028.06
1024.96
13100.86
1019.00
1001.12
1008.03
1013.04
997.78
1003.98
998.02
25156.97
1064.06
1044.03
1041.17
982.05
984.19
984.91
25017.02
1065.97
1013.04
1007.08
1008.99
1008.03
1006.13
1003.03
25041.82
1043.08
1010.89
1002.07
1008.99
999.93
999.93
1001.12
25050.16
1094.10
1045.94
1044.99
1050.95
1053.09
1050.95
1050.00
29134.04
1049.04
1033.07
1028.06
1061.20
1055.96
1055.96
25087.12
1042.13
994.92
983.95
989.20
978.95
988.96
983.95
972.99
993.01
998.97
994.92
25046.83
1031.88
994.92
988.01
969.89
1019.00
1013.04
1008.03
1003.98
1003.03
998.02
995.87
25027.99
1025.92
995.87
980.85
995.87
989.91
987.05
982.05
986.10
1021.15
1016.14
1013.04
25073.05
1030.21
1008.99
1007.08
1029.01
1016.86
1008.03
1013.04
1014.95
1003.98
1008.03
1009.94
25119.07
1023.05
1013.99
1013.99
1018.05
1008.99
1011.13
1010.89
974.89
995.87
980.14
982.05
25110.01
1015.90
1008.03
1003.03
957.01
965.12
970.84
957.97
972.99
964.88
968.93
967.03
33081.05
1008.99
998.97
995.87
999.93
995.16
1001.12
998.97
1005.17
1002.07
1008.03
1011.13
17100.10
1003.03
993.97
993.01
997.07
992.77
999.93
996.83
25131.94
1053.09
1046.18
1038.07
1005.89
1002.07
1008.03
25058.98
1080.04
1044.03
1047.13
1048.09
1043.08
1040.94
1044.03
21128.89
1021.86
1013.04
1007.08
1013.99
1039.98
1030.92
25053.02
1084.09
1024.01
1017.09
1026.15
1014.95
1019.95
1016.14
25058.03
1066.21
1018.05
1019.00
1022.82
1019.95
1017.09
1014.95
25084.97
994.21
974.89
972.99
975.13
32193.90
