1275.06
1291.99
1276.02
1289.13
1291.04
1275.06
1271.01
1246.93
1236.92
17361.88
1276.97
1260.04
1266.00
1255.99
1256.94
1266.96
1254.08
1260.04
1271.01
1252.89
1252.89
17290.12
1284.84
1261.95
1253.13
1251.94
1240.02
1251.94
1251.22
1275.06
1266.00
1260.04
1264.81
1272.92
17315.15
1281.02
1252.17
1251.94
1284.84
1268.86
1254.80
1261.00
1249.07
1249.07
1259.09
1248.12
1245.02
17364.03
1328.95
1235.01
1244.07
1264.81
1269.82
1277.92
1263.86
1261.00
1266.00
1261.00
1250.98
17316.10
1275.06
1258.13
1230.96
1275.78
1278.88
1284.84
1278.88
1276.97
1259.09
1277.92
1266.96
1268.15
17385.01
1258.13
1250.98
1255.99
1288.89
1286.03
1267.91
1265.05
1281.98
1292.94
1289.84
1282.93
17337.08
1323.94
1287.94
1289.84
1288.89
1293.90
1301.05
1231.91
1268.15
1244.07
1826.05
1271.96
17327.07
1312.02
1300.10
1304.15
1302.96
1298.90
1280.78
1271.96
1285.08
1264.10
1204.01
1264.10
1246.21
17385.96
1322.03
1308.92
1315.12
1311.06
1330.14
1297.95
1256.23
1249.07
1262.90
1257.90
1244.07
17323.97
1290.08
1266.96
1272.92
1296.04
1291.04
1302.96
1297.95
1290.80
1288.89
1245.98
1240.97
1245.02
17374.04
1327.99
1308.20
1308.92
1301.05
1302.96
1340.15
1346.11
1343.97
1349.21
1342.06
1305.10
17349.96
1266.96
1255.99
1261.00
1255.99
1258.13
1250.03
1300.10
1300.10
1305.10
1293.18
1300.10
14178.04
1341.10
1302.00
1255.99
1291.99
1274.11
1271.96
1266.96
1261.00
1271.01
1266.00
1293.90
17477.99
1319.89
1297.95
1325.13
1339.91
1334.91
1345.87
1329.90
1329.18
1336.10
1331.09
1327.99
17408.13
1298.90
1292.94
1251.22
1229.05
1225.95
1231.91
1231.19
1223.09
1225.95
1226.90
1221.18
17250.06
1319.17
1261.00
1252.17
1219.03
1216.17
1223.09
1239.06
1219.03
1223.80
1224.99
1224.99
1230.00
17313.00
1327.99
1271.96
1276.02
1266.96
1253.84
1254.80
1231.91
1222.13
1205.92
1224.04
1222.13
1210.93
5262.85
1281.98
1260.04
1279.12
1245.98
1253.84
1251.94
1224.99
1245.98
1248.12
1296.04
1281.02
1259.80
17366.89
1317.98
1294.14
1291.04
1288.89
1283.88
1285.79
1283.88
1281.98
1297.00
1298.19
1293.90
17348.05
1281.98
1245.02
1245.02
1238.11
1235.01
1227.14
1219.99
1229.05
1232.86
1236.92
1222.13
1218.08
17336.13
1259.09
1240.02
1245.02
1240.02
14410.02
1277.92
1258.85
1250.03
1210.93
1229.05
1225.95
1244.07
1229.05
1234.05
1255.99
1236.92
1241.92
17298.94
1284.12
1243.11
1239.06
1217.13
1237.87
1242.88
1250.98
1228.09
1224.04
1246.93
1232.86
1236.92
17286.06
1273.87
1244.78
1252.89
1245.02
1247.88
1244.07
1264.10
1286.98
1290.08
1280.07
1278.16
1275.06
17354.97
1251.94
1243.11
1259.09
1249.07
1250.03
1276.02
1338.96
1327.99
1334.91
1326.80
1329.90
17392.16
1312.97
1287.22
1292.94
1273.87
1279.12
1271.01
1259.80
1276.02
1286.98
1269.10
1247.17
17324.92
1325.85
1302.00
1302.00
1291.04
1294.14
1304.15
1303.91
1293.90
1297.00
1209.02
1204.97
1217.84
17345.91
1279.83
1274.82
1274.82
1263.86
1261.95
1278.16
1291.04
1276.02
1291.99
1288.89
1294.85
13348.82
1255.04
1228.09
1227.14
1240.97
1245.98
1250.03
1268.15
1259.09
1254.08
1271.96
1258.13
1264.10
17349.00
1279.12
1253.13
1267.91
1291.04
1286.03
1296.04
1290.08
1300.10
1291.04
1290.80
1286.98
17338.99
1314.88
1270.06
1284.84
1295.09
1294.14
1305.10
1301.05
1286.03
1299.86
1309.16
1296.04
1291.99
17375.95
1271.96
1266.00
1263.14
1283.88
1258.85
1265.05
1285.08
1305.10
1302.96
1286.98
1282.93
17352.82
1282.93
1247.17
1252.89
1253.84
1245.98
1250.98
1266.00
1267.91
1292.94
1285.08
1276.97
1281.02
17367.12
1261.95
1247.88
1255.04
1252.89
1244.78
1254.08
1255.99
1251.94
1263.86
1245.02
1246.93
17314.91
1271.01
1241.92
1251.94
1240.02
1243.11
1240.02
1250.03
1252.89
1248.84
1236.92
1222.85
1221.18
17292.98
1271.01
1254.08
1265.05
1254.08
1256.94
1262.90
1254.08
1254.08
1257.18
1235.96
1227.14
1227.14
17355.92
1281.98
1275.06
1271.01
1263.14
1260.04
1269.10
1267.91
14317.04
1276.97
1247.88
1259.80
1253.84
1250.03
1248.12
1236.92
1235.01
1238.11
1246.93
1232.15
1237.15
17311.10
1275.06
1250.98
1264.10
1255.99
1255.99
1252.89
1238.82
1250.03
1245.02
1245.02
1240.02
1240.02
17365.93
1271.01
1261.95
1271.01
1262.90
1264.81
1272.92
1260.04
1269.10
9317.16
1276.97
1242.88
1231.19
1235.01
1258.13
1253.13
9372.95
1276.97
1267.91
1276.97
1270.06
1262.19
17363.07
1274.11
1259.09
1266.96
1251.94
1250.98
1262.90
1241.21
1251.94
1250.98
1246.93
1245.98
17291.07
1281.02
1250.03
1247.88
1260.04
1241.92
1245.02
1264.81
1245.02
1245.98
1254.80
1246.93
1247.17
17297.03
1273.16
1248.12
1246.93
1253.13
1266.96
1275.06
1270.06
1275.06
1266.96
1281.02
1271.01
1270.06
17332.79
1233.10
1220.94
1220.94
1261.00
1255.04
1265.05
1255.99
1259.09
1274.11
1271.01
1266.96
17325.16
1271.96
1247.17
1240.97
1266.96
1264.10
1250.03
1270.06
1264.81
1256.94
1274.11
1273.16
1269.10
17338.99
1310.11
1276.97
1274.82
1263.86
1250.03
1263.14
1249.07
1249.07
9305.95
1292.94
1260.04
1250.98
1327.04
1337.05
1333.00
9359.84
1269.82
1265.05
1260.04
1230.96
1232.86
9346.96
1286.03
1269.82
1286.98
1311.06
1302.00
17383.10
1302.00
1282.93
1279.12
1281.98
1266.96
1289.13
1280.07
1273.16
1269.10
1307.01
1327.99
17374.99
1300.10
1255.99
1265.76
1257.90
1253.84
1251.94
1253.13
1245.98
1246.93
1261.00
1245.02
1240.97
17324.21
1266.96
1241.92
1247.17
1234.05
1230.00
1243.11
1233.10
1230.96
1236.92
1247.17
1241.92
1233.10
15496.02
1252.89
1333.00
1333.95
1340.87
1334.19
1334.91
1338.01
1337.05
1328.95
1339.91
1335.14
1338.01
9372.00
1307.96
1286.98
1297.95
1291.04
1294.14
10233.16
1281.02
1279.12
1287.94
1271.96
1275.06
17393.83
1303.91
1295.09
1287.94
1285.08
1281.98
1287.94
1283.88
1282.93
1287.94
1290.08
1285.08
17344.95
1312.02
1307.96
1288.18
1302.96
1293.18
1281.98
1272.92
1271.96
1283.88
1269.82
1277.92
17302.99
1353.03
1286.03
1291.99
1281.98
1286.03
1278.88
1291.04
1273.16
1291.04
1296.04
1286.03
1290.80
17385.96
1298.19
1292.94
1300.81
1293.90
1294.85
1281.98
1287.94
1291.99
1297.00
1292.94
1273.16
17339.94
1307.96
1255.99
1260.04
1263.86
1253.84
1255.99
1237.15
1257.90
1254.80
1258.85
1246.93
1254.08
17361.88
1268.86
1242.88
1261.00
1247.88
1243.11
1234.05
1245.02
1248.84
1258.85
1255.04
1251.94
17305.85
1324.89
1271.01
1286.03
1283.17
1282.93
1271.01
1291.04
1276.97
1286.98
1258.13
1235.01
1235.01
10570.05
1334.91
1297.00
1234.05
1238.11
1245.98
1234.05
1233.10
1243.11
1237.15
1244.07
1237.87
17395.02
1306.06
1300.10
1259.09
1245.02
1247.17
1254.08
1250.03
1247.17
1255.99
1248.12
1247.88
17321.11
1327.99
1298.90
1303.91
1293.18
1286.98
1287.22
1230.96
1241.92
1235.01
1242.88
1235.01
1241.92
17360.93
1284.12
1269.10
1293.18
1277.92
1266.96
1255.99
1236.92
1238.11
1237.15
1230.96
1226.90
17282.96
1277.92
1257.90
1255.04
1268.86
1255.99
1256.94
1226.90
1214.98
1216.89
1224.99
1219.99
1222.85
17274.86
1264.10
1239.06
1241.92
1235.96
1235.01
1233.10
1239.06
1227.86
1228.09
1238.11
1286.03
1287.94
17340.90
1276.97
1253.13
1258.85
1255.99
1245.02
1263.86
1248.84
1248.84
1255.99
1323.94
1312.02
1317.02
17363.07
1289.13
1284.12
1307.01
1289.13
1286.98
1296.04
1284.84
1280.78
1259.80
1240.02
1245.98
12624.98
1283.17
1265.05
1268.15
1271.01
1253.13
1305.10
1325.13
1302.00
1312.02
17387.87
1262.90
1255.99
1273.87
1257.18
1254.08
1270.06
1338.96
1338.96
1338.01
1337.05
1333.00
17365.93
1287.94
1265.05
1277.92
1240.97
1255.04
1245.02
1288.18
1285.08
1296.04
1290.08
1302.00
17320.16
1331.09
1274.11
1270.06
1299.86
1273.87
1271.01
1292.94
1276.02
1271.01
1281.98
1267.91
1254.08
17367.12
1250.98
1233.82
1241.92
1231.91
1235.01
1250.98
1245.02
1235.96
1247.88
1267.91
1280.07
1281.98
17399.07
1307.96
1315.83
1317.98
1307.96
1307.01
1309.87
1302.96
1299.14
1255.99
1214.98
1219.99
17282.01
1297.00
1266.96
1279.83
1272.92
1273.16
1266.00
1281.02
1286.03
1280.07
1283.88
1278.88
17328.98
1253.13
1220.94
1226.90
1223.09
1224.04
1227.86
1227.86
1221.90
1225.95
1224.04
1219.99
1220.94
14638.19
1305.10
1263.14
1209.02
1232.15
1228.09
1276.97
1304.86
1302.96
1312.02
1300.10
1306.06
17381.91
1264.10
1248.12
1255.99
1240.02
1245.02
1255.99
1282.22
1289.84
1297.95
1284.12
1281.98
17336.85
1294.85
1256.94
1259.09
1291.99
1292.94
1296.04
1307.96
1290.08
1297.00
1238.11
1212.12
1209.97
17324.92
1275.06
1260.04
1276.02
1234.05
1242.88
1256.94
1250.98
1257.90
1256.94
1222.13
1236.92
1242.16
17348.05
1249.07
1243.11
17379.05
1317.02
1309.87
1313.21
1307.96
1319.89
1286.03
1283.88
1276.97
1286.03
1274.11
1264.10
17343.04
1348.02
1355.89
1302.00
1271.01
1269.10
1284.12
1269.10
1266.96
1286.98
1287.94
1280.07
17321.11
1305.10
1255.99
1258.13
1245.02
1248.84
1252.89
1257.18
1245.98
1248.12
1255.04
1251.94
1255.04
17317.06
1269.82
1252.89
1257.90
1250.03
1245.98
1284.12
1245.02
1250.98
1250.03
1291.99
1300.10
1305.82
1326.08
1314.88
1316.07
17405.03
1303.20
1297.00
1307.01
1291.99
1291.99
1327.04
1337.05
1333.95
1348.97
1335.14
1332.04
17396.21
1291.99
1291.99
1291.99
1275.06
1276.97
1282.93
1274.11
1279.12
1261.00
1245.98
1242.88
17326.83
1286.98
1263.14
1266.00
1261.23
1271.96
1267.19
1266.96
1264.10
1266.00
1238.82
1236.92
1243.11
17367.12
1285.08
1281.02
1278.16
1265.05
1267.91
1283.88
1263.86
1261.00
1260.04
1241.92
1235.01
1239.06
1234.05
1228.09
1235.96
1236.92
1228.09
1232.15
17355.92
1286.03
1280.07
1280.07
1286.03
1277.21
1270.06
1236.92
1226.90
1237.87
1227.86
1228.81
17285.82
1314.16
1295.09
1302.00
1254.08
1223.09
1216.17
1250.98
1234.05
1244.07
1283.88
1281.02
1266.96
17348.05
1267.19
1254.08
1255.04
1250.03
1247.17
1250.03
1251.94
1260.04
1266.00
1256.94
1255.99
1262.19
21368.03
1289.13
1279.12
1278.88
1276.02
1271.01
1293.18
1271.01
1256.94
1269.82
1271.01
1285.08
17344.00
1296.04
1280.07
1271.01
1258.85
1261.00
1256.94
1283.88
1279.12
1298.19
1291.04
1290.08
1279.12
17358.06
1259.09
1252.17
1271.01
1248.12
1241.92
1329.90
1338.01
1336.10
1343.01
1331.09
1333.00
17371.89
1237.87
1225.95
1227.14
1223.09
1214.98
1224.99
1220.94
1224.99
1225.95
1228.09
1242.88
1242.88
17334.94
1237.15
1228.09
1240.02
1232.15
1231.91
1236.92
1231.19
1230.00
1233.10
1240.02
1257.18
1250.98
17309.90
1233.10
1227.14
1240.02
1235.01
1234.05
1242.88
1232.15
1230.96
1234.05
1302.96
1300.81
17385.96
1291.99
1250.03
1252.89
1248.84
1257.90
1230.00
1258.13
1250.98
1254.08
1261.00
1250.03
1254.08
17355.92
1277.92
1269.82
1274.82
1270.06
1267.91
1271.96
1276.97
1281.02
13789.89
1240.02
1219.03
1232.15
1215.93
1212.84
1221.90
1250.98
1260.04
1259.09
1270.06
1274.11
1259.09
17339.94
1251.94
1242.16
1253.13
1238.82
1242.88
1234.05
1230.00
1233.10
1245.98
1222.85
1282.93
17335.18
1281.02
1243.83
1235.01
1250.98
1234.77
1239.06
1249.07
1240.97
1243.83
1241.92
1276.97
1287.94
17354.01
1271.96
1246.93
1253.84
1250.03
1261.00
1258.13
1265.05
1261.00
1261.95
1269.10
1268.86
1277.92
17395.97
1293.90
1294.85
1257.90
1246.93
1245.98
1261.00
1256.94
1245.98
1255.04
1248.12
1250.03
17299.89
1271.01
1245.98
1264.10
1257.18
1251.94
1247.88
1261.00
1252.89
1249.79
1258.85
1248.84
1250.03
17312.05
1274.11
1266.96
1268.86
1269.10
1262.19
1266.00
1267.19
1246.93
1267.91
1259.09
1245.98
1247.88
17355.92
1268.15
1251.94
1257.90
1250.98
1250.03
1261.95
1255.99
1248.12
1256.94
15663.86
1287.94
1252.89
1257.18
1250.98
1247.88
1249.07
1299.86
1276.02
1273.87
1283.88
1277.21
1281.98
17380.95
1240.97
1233.10
1238.11
1224.99
1219.03
1220.94
1232.15
1238.11
1231.91
1250.98
1238.11
1250.03
17332.08
1253.84
1233.82
1236.92
1228.09
1235.96
1236.92
1234.05
1237.87
1249.07
1240.02
1244.07
1240.02
17379.05
1315.83
1308.92
1323.94
1304.86
1304.86
1309.87
1305.10
1300.10
1281.02
1283.88
1261.95
17429.11
1336.10
1333.95
1344.92
1339.20
1332.04
1345.87
1333.95
1333.95
17441.99
1348.97
1339.91
1347.78
1338.01
1331.09
1343.97
1336.81
1333.00
1344.92
1338.96
1332.04
17429.11
1343.97
1350.88
1340.87
1276.02
1278.88
1286.03
1280.07
1271.96
1291.99
11142.97
1274.82
1246.93
1255.99
1258.85
1255.99
1260.04
9329.08
1241.92
1219.99
1240.02
1233.10
1226.90
9328.84
1262.90
1243.83
1250.03
1245.98
1249.07
1257.90
1260.04
1255.04
1262.90
1272.20
1282.93
1279.83
17377.85
1283.88
1277.92
1284.12
1286.98
1271.96
1294.14
1292.94
1297.00
1266.00
1271.01
1272.92
17336.13
1243.11
1229.05
1226.90
1224.99
1222.13
1225.95
1222.13
1224.99
1228.81
1242.88
1231.19
1230.96
17341.85
1337.05
1314.88
1334.91
1332.04
1317.02
1325.85
1327.99
1348.02
1345.16
1333.00
1335.14
17431.02
1348.02
1340.15
1345.16
1342.06
1332.04
1345.16
1334.91
1333.95
1342.06
1334.91
1331.81
17432.93
1346.11
1334.19
1352.07
1338.01
1339.91
1340.87
1332.04
1337.05
1342.06
1338.01
1331.09
1278.88
1276.02
1280.07
17400.03
1321.08
1307.96
1264.81
1229.05
1300.10
1255.04
1242.16
1236.92
1249.07
1241.21
1235.96
17291.07
1276.02
1246.93
1251.94
1248.12
1248.12
1240.02
1253.13
1248.12
1244.07
1249.07
15527.96
1308.92
1283.88
1306.06
1295.80
1291.99
1306.06
1234.05
1255.99
1255.99
1264.10
1250.03
1249.07
17392.16
1276.97
1264.10
1288.18
1277.92
1276.02
1278.88
1228.09
1219.99
1232.15
1234.05
1233.10
17286.06
1290.08
1246.21
1240.02
1257.90
1240.97
1241.21
1255.99
1240.02
1237.15
1227.14
1219.99
1219.99
13288.97
1295.09
1274.11
1269.10
1275.06
1255.04
9294.03
1300.81
1266.96
1252.17
1258.13
1251.94
1254.80
17359.97
1259.09
1247.17
1259.09
1249.07
1251.94
1240.02
1243.11
1245.98
1254.80
1248.84
1244.07
17266.04
1336.10
1272.92
1261.95
1276.02
1256.94
1259.09
1267.91
1255.99
1253.13
1247.88
1220.94
1212.12
17286.06
1302.00
1273.87
1276.97
1270.06
1263.14
1259.09
1258.13
1257.90
1254.08
1220.94
1217.84
1219.99
17356.87
1297.95
1266.00
1279.83
1263.86
1262.90
1295.80
1257.90
1253.84
9317.87
1298.90
1264.10
1260.04
1253.13
1248.12
17288.92
1338.96
1287.94
1289.13
1242.88
1260.04
1260.04
1264.10
1256.94
1245.98
1265.05
1247.88
1245.02
17293.93
1288.18
1255.99
1252.17
1235.01
1246.21
1251.94
1240.97
1236.92
1238.82
1253.84
1244.07
1242.88
17338.04
1254.08
1246.93
1250.03
1244.07
1245.02
1251.94
1239.06
1240.02
1261.00
1250.98
1251.22
1245.02
17388.11
1338.96
1334.91
1351.12
1338.01
1331.09
1280.07
1293.90
1294.14
1312.02
1291.99
1296.04
17369.99
1279.12
1258.13
1276.02
1268.15
1255.99
1248.12
1271.96
1273.87
1276.02
1267.91
1273.16
17336.13
1275.06
1254.08
1263.14
1261.95
1266.00
1263.86
1262.90
1266.00
1251.94
1284.12
1353.98
1332.04
17334.94
1235.96
1222.85
1235.01
1228.09
1226.90
1227.86
1232.86
1226.90
1228.09
1265.05
1278.16
7241.01
1273.16
1254.08
1240.97
1248.12
1240.02
1212.12
1222.13
1240.02
1227.14
1228.09
1235.96
17364.98
1259.09
1248.12
1250.03
1240.97
1244.07
1230.96
1252.89
1269.10
1270.06
1268.15
1265.05
17331.12
1347.06
1296.04
1307.01
1300.10
1290.08
1305.10
1296.04
1292.94
1294.85
1276.02
1272.92
1273.87
17386.91
1297.00
1294.85
1309.87
1299.86
1294.14
1302.96
1296.04
1298.90
1303.20
1311.06
1311.06
17408.13
1304.86
1287.94
1292.94
1279.12
1277.92
1280.78
1286.98
1294.14
1277.92
1276.97
1275.06
21344.18
1312.97
1267.91
1278.88
1262.19
1261.00
1267.19
1257.90
1255.99
1252.17
1262.90
1283.88
1270.06
17360.21
1311.06
1279.12
1286.98
1281.02
1267.91
1289.13
1266.96
1268.15
1273.16
1257.90
1255.99
17337.08
1279.12
1254.08
1250.03
1241.92
1240.02
1243.83
1250.98
1246.93
1250.98
1227.86
1241.92
1242.88
9334.09
1277.92
1256.94
1255.04
1262.90
1271.01
1276.02
1255.99
1264.10
1266.00
1255.99
1250.03
1248.12
17389.06
1322.03
1320.12
1322.98
1318.22
1327.04
1261.00
1283.17
1275.06
1281.02
1266.96
1281.98
17394.07
1300.10
1272.20
1290.08
1267.91
1266.96
1261.95
1215.93
1224.04
1238.11
1224.04
1218.80
17265.08
1382.11
1351.12
1342.06
1337.05
1333.95
1321.08
1301.05
1300.81
1303.91
1286.03
1338.01
17364.98
1338.96
1296.04
1276.02
1290.80
1281.98
1275.06
1284.12
1290.08
1272.92
1264.81
1267.91
1268.86
17356.16
1291.04
1279.12
1286.03
1282.93
1279.12
1287.94
1277.92
1280.07
1281.02
1231.91
1238.82
17292.98
1313.92
1291.04
1303.91
1307.96
1301.05
1302.00
1286.98
1244.07
1248.84
1255.99
1240.97
1247.88
17333.98
1261.95
1246.93
1248.12
1240.97
1247.88
1257.90
1253.13
1258.13
1262.90
1257.90
1255.04
1266.96
25393.96
1320.84
1298.90
1330.14
1303.91
1302.00
1271.96
1281.02
1270.06
1270.06
1271.01
1267.91
17395.02
1354.93
1337.05
1344.92
1338.96
1333.00
1257.90
1226.90
1233.82
1234.05
1241.92
1246.93
17307.04
1291.99
1279.12
1281.02
1276.97
1274.11
1285.08
1286.03
1277.92
1289.13
1204.01
1221.18
1218.08
17359.97
1273.16
1271.96
1277.92
1268.15
1270.06
1275.06
1265.05
1265.76
1262.90
1215.93
1223.09
17277.00
1302.00
1285.08
1281.02
1287.22
1278.88
1271.01
1276.02
1273.16
1273.87
1245.98
1240.02
1235.96
17324.92
1261.00
1244.07
1245.98
1240.02
1238.11
1245.98
1237.15
1244.07
1248.12
1245.02
1247.17
1236.92
17400.03
1318.93
1291.99
1298.90
1288.89
1288.18
1291.99
1284.84
1284.12
1296.04
1287.94
1284.12
17349.96
1307.96
1296.04
1270.06
1300.81
1298.90
1303.20
1297.95
1295.09
17225.03
1313.92
1277.21
1280.07
1255.99
1265.05
1273.87
1303.91
1310.11
1298.90
1303.91
1296.04
1298.19
17349.96
1258.85
1240.97
1253.13
1244.07
1237.15
1235.96
1277.21
1282.93
1276.02
1281.98
1269.10
17344.00
1278.88
1244.07
1253.84
1240.97
1241.92
1242.88
1262.90
1281.02
1268.86
1295.80
1275.06
1264.10
17370.94
1250.98
1235.01
1243.11
1234.05
1220.94
1225.95
1230.00
1235.01
1227.14
1306.06
1308.92
17332.08
1291.99
1240.97
1220.94
1238.11
1225.95
1224.04
1225.95
1303.91
1315.12
1320.12
1305.10
1313.92
17354.01
1321.08
1306.06
1306.06
1288.18
1290.08
1276.97
1280.07
1274.82
1261.00
1238.11
1241.92
17256.02
1360.18
1280.07
1279.12
1272.92
1272.92
1269.10
1271.96
1253.84
1257.90
1269.82
1250.03
1250.98
17302.99
1274.11
1260.04
1256.94
1245.98
1240.97
1240.97
1235.96
1268.86
1235.96
1248.12
1234.05
1244.07
1244.07
1241.21
1245.02
1253.13
1240.97
1241.92
17318.01
1275.06
1249.07
1250.98
1243.83
1243.83
1237.87
1245.02
1241.92
1242.88
1249.79
1245.98
1239.06
17324.21
1322.98
1305.10
1300.10
1286.98
1276.02
1275.06
1276.97
1266.96
1266.96
1226.90
1219.99
17241.95
1371.86
1323.94
1324.18
1318.93
1313.92
1319.17
1281.02
1301.05
1284.12
1295.09
1281.02
1276.97
17388.11
1298.90
1291.04
1295.09
1281.98
1286.03
1307.96
1287.94
1290.80
17415.05
1341.10
1337.05
1271.96
1267.91
1270.06
1272.92
1267.19
1271.01
1274.11
1269.10
1265.05
17327.07
1307.01
1279.83
1270.06
1240.02
1263.14
1261.00
1254.80
1250.98
1253.13
1258.13
1255.99
1250.98
15697.96
1325.13
1296.04
1284.84
1283.88
1273.16
1274.11
9332.90
1348.97
1315.12
1322.98
1324.89
1335.86
9655.95
1280.07
1259.09
1257.18
1250.03
1262.19
1267.91
1297.95
1295.09
1323.94
1313.92
1291.04
17328.98
1338.96
1294.85
1297.95
1296.04
1294.14
1294.14
1313.92
1320.84
1322.98
1317.98
1307.96
1313.92
17399.79
1283.88
1271.96
1280.07
1271.96
1270.77
1284.84
1266.00
1280.07
1266.00
1298.19
1297.00
17349.00
1289.84
1280.07
1288.89
1270.06
1269.82
1281.98
1279.12
1256.94
1255.99
1235.01
1253.84
1253.84
17374.99
1275.06
1248.12
1264.10
1253.13
1248.12
1261.00
1252.17
1253.84
1251.94
1235.01
1235.96
17289.16
1315.12
1286.98
1291.04
1286.98
1284.84
1291.99
1289.13
1289.13
1295.09
1295.09
1288.89
1287.94
17383.10
1291.04
1287.94
1296.04
1285.08
1291.04
1283.88
1252.89
1260.04
1266.96
1260.04
1257.18
13319.97
1257.90
1226.19
1233.10
1241.92
1242.88
9278.77
1347.06
1327.99
1305.82
1263.86
1273.87
1267.91
1273.16
1264.10
1266.96
1274.82
1261.00
15028.00
1291.99
1285.08
1288.89
1271.96
1278.16
1281.98
1271.01
1261.95
1266.96
1243.11
1255.04
17328.98
1297.95
1264.10
1259.09
1246.93
1255.99
1259.09
1247.17
1251.94
1246.93
1286.03
1284.84
1275.06
17359.02
1255.99
1256.94
1267.91
1263.86
1263.86
1270.06
1266.00
1270.06
1266.96
1293.18
1288.89
17359.97
1302.96
1286.98
1283.88
1273.16
1280.07
1281.98
1289.84
1266.96
1288.18
1277.92
1282.93
1266.96
17376.90
1291.99
1280.07
1289.13
1290.08
1281.02
1297.00
1278.16
1282.93
1290.80
1279.83
1280.07
17369.03
1255.99
1252.17
1250.98
1252.89
1248.12
1253.13
1243.11
1248.12
1250.03
1249.07
1248.12
1242.88
17334.94
1263.86
1245.98
1254.08
1239.06
1244.07
1251.94
1241.92
1236.92
1248.84
1236.92
1235.01
17289.88
1320.12
1294.14
1291.99
1245.02
1240.97
1241.21
1255.04
1243.11
1242.88
16901.02
1266.00
1233.10
1233.10
1230.00
1231.19
1228.09
1323.94
1336.10
1336.10
1343.97
1333.95
17348.05
1350.88
1304.15
1290.08
1305.10
1310.11
1298.90
1331.09
1338.01
1337.05
1324.89
1262.19
1276.02
17407.18
1307.01
1313.21
1328.95
1310.83
1317.98
1327.99
1336.81
1322.03
1271.96
1233.82
1227.86
17336.85
1338.96
1350.16
1343.97
1333.00
1333.00
1343.01
1333.00
1327.99
1312.02
1317.02
1300.10
17405.99
1341.10
1336.10
1348.02
1338.01
1332.04
1343.01
1334.19
1333.95
1281.02
1241.92
1250.03
17313.96
1245.98
1229.05
1235.01
1229.05
1224.04
1227.86
1230.00
1224.99
1223.09
1240.02
1231.19
1230.96
17328.98
1250.03
1239.06
1243.11
1238.11
1240.02
1239.06
1236.92
1234.05
1237.87
1239.06
1241.21
1245.02
17344.95
1255.99
1241.21
1250.03
1243.11
1239.06
1245.02
1243.11
14842.03
1304.86
1279.83
1287.94
1276.02
1259.80
1271.01
1269.10
1271.96
1264.10
1260.04
1279.83
1265.76
17366.89
1291.99
1278.16
1280.07
1271.96
1268.86
1297.00
1272.92
1267.91
1281.98
1239.06
1235.01
17308.95
1302.96
1281.02
1290.80
1280.07
1282.93
1284.84
1281.98
1281.02
1281.98
1225.95
1241.21
1237.87
17374.04
1261.00
1259.09
1270.06
1261.00
1259.09
1272.92
1266.96
1265.05
1287.94
1276.97
1267.91
21342.04
1311.78
1294.85
1294.85
1286.98
1295.09
1302.00
1302.96
1296.04
1281.02
1222.85
1222.85
17234.80
1350.16
1282.93
1275.06
1285.79
1271.96
1272.20
1281.02
1278.16
1273.87
1261.95
1235.01
1237.87
17304.18
1265.05
1240.02
1242.16
1240.97
1245.02
1247.88
1248.12
1245.02
1254.08
1262.19
1255.99
1255.99
17365.93
1275.06
1272.92
1274.11
1276.02
1277.92
1306.06
1271.96
1268.86
1282.93
1273.16
1270.06
1257.18
1245.02
1242.16
1242.88
1232.86
1231.19
1231.91
17348.05
1262.90
1256.94
1273.16
1256.94
1258.13
1248.12
1253.13
1239.06
1259.09
1245.98
1249.07
17304.18
1283.17
1240.02
1247.17
1239.06
1231.91
1234.05
1252.17
1235.01
1242.16
1230.00
1228.81
1237.87
17287.97
1278.16
1251.94
1251.94
1247.17
1235.96
17275.09
1303.91
1263.14
1255.99
1267.19
1255.04
1258.13
1224.99
1261.00
1261.00
1261.00
1255.04
1252.89
17324.92
1317.98
1297.95
1302.96
1300.10
1294.14
1280.07
1222.13
1240.02
1255.04
1242.16
1244.07
1254.08
17398.12
1311.06
1296.04
1299.14
1291.04
1294.14
1266.00
1233.82
1231.91
1243.11
1234.05
1233.10
17301.08
1258.13
1224.99
1230.00
1219.03
1223.09
1220.94
1230.00
1257.90
1256.94
1273.16
1264.10
1253.13
17309.90
1256.94
1264.10
1250.98
1239.78
1241.92
1232.15
1307.01
1310.11
1332.04
1314.16
1322.03
17378.09
1297.00
1268.86
1258.85
1267.91
1258.13
1252.89
1262.90
1255.99
1259.09
1260.04
1261.95
1259.80
17313.00
1284.12
1255.04
1258.13
1258.85
1249.07
1262.90
1249.79
1250.98
1245.98
1224.99
1239.06
1233.10
17359.02
1258.13
1249.07
1255.99
1244.78
1244.07
1255.04
1239.06
1246.93
1247.88
1255.04
1263.86
17308.95
1343.01
1312.97
1315.12
1308.92
1307.01
1346.11
1327.99
1351.12
1338.96
1335.86
1338.96
17375.95
1374.01
1340.87
1339.91
1347.06
1338.96
1339.91
1338.01
1334.91
1340.87
1335.86
1340.15
17385.96
1269.10
1240.02
1245.98
1288.89
1307.01
1302.00
1291.99
1291.99
1297.95
1322.03
1306.06
1308.92
17398.12
1294.14
1291.99
1302.96
1292.94
1288.18
1296.04
1286.03
1286.03
1302.96
1288.18
1295.09
14088.87
1239.06
1239.06
1227.14
1231.91
1217.84
1215.93
1296.04
1277.21
1283.88
1281.02
1282.93
17340.90
1254.80
1229.05
1240.97
1227.14
1219.99
1225.95
1223.09
1220.94
1219.03
1276.97
1282.22
1280.07
17366.89
1257.90
1243.11
1250.98
1243.83
1242.88
1243.83
1240.97
1239.06
1236.92
1224.99
1245.02
1238.82
17317.06
1240.97
1225.95
1240.02
1233.10
1235.01
1240.97
1233.10
1230.00
1237.87
1288.89
1300.10
17344.00
1323.94
1288.89
1302.00
1282.93
1290.08
1291.04
1274.82
1282.93
1269.10
1268.15
1265.05
1271.01
17364.98
1286.98
1275.06
1274.11
1265.05
1258.13
1265.05
1259.09
1250.03
1253.84
1250.98
1244.07
17296.08
1278.16
1254.08
1257.90
1250.03
1245.02
1250.03
1252.17
1240.02
1241.92
1242.88
1235.96
1240.02
17302.04
1276.97
1255.99
1237.87
1216.17
1221.90
1228.81
1225.95
1223.09
1214.98
1235.01
1219.99
1225.95
12069.94
1313.92
1306.06
1291.99
1290.08
1232.15
1238.11
1252.89
1240.02
1241.92
17300.13
1305.82
1276.97
1266.96
1261.95
1258.13
1258.85
1265.05
1262.90
1255.99
1271.96
1265.05
1263.14
17359.97
1279.83
1263.86
1277.92
1265.05
1259.09
1271.01
1266.00
1257.90
9329.80
1327.99
1302.00
1308.92
1297.95
1297.00
17357.11
1297.00
1255.99
1256.94
1283.88
1298.19
1292.94
1289.13
1279.12
1281.98
1306.77
1296.04
1292.94
17376.90
1286.03
1280.78
1302.96
1303.20
1301.05
1323.94
1312.02
1310.11
1324.89
1312.02
1307.01
17430.07
1332.04
1320.84
1324.89
1338.01
1339.91
1293.18
1250.98
1248.84
1261.00
1251.94
1249.07
9319.78
1288.89
1262.90
1256.94
1251.94
1246.93
1265.05
1268.15
1266.96
1277.92
1282.93
1270.06
1282.93
17415.05
1312.02
1302.00
1305.82
1300.81
1293.90
9366.99
1299.86
1273.87
1279.83
1276.02
1276.02
9343.15
1287.94
1263.86
1270.06
1260.04
1274.11
9324.07
1266.96
1247.88
1237.15
1264.10
1265.05
9299.04
1327.99
1276.97
1283.17
1216.89
1239.06
1242.88
1252.89
1236.92
1245.02
1247.88
1245.98
1247.88
17305.85
1296.04
1275.06
1276.02
1237.87
1247.17
1263.14
1261.00
1249.07
1244.07
1249.07
1249.07
1245.98
17377.85
1284.84
1278.88
1258.85
1237.87
1236.92
1250.03
1243.11
1247.17
1251.94
1245.98
1235.96
1253.13
17364.98
1282.93
1272.20
1285.08
1261.95
1258.13
1250.03
1232.15
1231.91
1241.92
1234.05
1231.91
17302.04
1309.87
1289.84
17336.85
1326.08
1301.05
1312.97
1310.83
1312.97
1317.98
1327.99
1333.00
1303.91
1219.99
1220.94
1223.09
17361.16
1276.97
1276.97
1290.08
1281.02
1276.97
1255.99
1234.05
1227.14
1233.10
1229.05
1231.19
16196.97
1285.08
1250.98
1240.02
1250.03
1247.17
1248.12
1253.84
1245.98
1247.17
1246.93
17410.99
1321.08
1317.02
1338.01
1327.04
1322.98
1328.95
1334.91
1339.91
1252.17
1261.95
1261.00
17411.95
1337.05
1336.10
1363.04
1333.00
1338.01
1348.02
1341.10
1332.04
1345.16
1338.01
1333.95
17441.03
1348.02
1346.11
1343.97
1340.15
1344.92
1342.06
1338.96
1341.10
1328.95
1333.95
17374.04
1388.07
1341.82
1344.20
1338.96
1336.81
1343.01
1338.01
1333.00
1342.06
1336.10
1336.10
17390.97
1372.10
1341.10
1346.11
1336.10
1347.06
1348.02
1334.91
1336.10
1343.97
1335.86
1335.14
17378.09
1258.13
1234.05
1226.90
1289.84
1286.98
1303.91
1304.86
1293.90
1322.03
1308.92
1320.12
1316.07
17330.17
1254.08
1250.98
1276.97
1291.04
1296.04
1299.86
1288.89
1297.00
1307.96
1294.14
1289.13
14348.98
1243.11
1234.05
1228.81
1225.95
1219.03
1258.13
1270.06
1257.18
1266.96
1253.84
1281.02
17390.01
1276.97
1266.00
1270.06
1261.00
1268.86
1281.98
1271.96
1278.88
1265.05
1292.94
1276.97
17344.00
1303.91
1284.12
1297.00
1284.84
1301.05
1321.08
1302.96
1318.93
1332.04
1226.90
1239.06
1250.03
1263.86
1248.84
1221.18
9349.11
1245.98
1243.11
1245.02
1235.96
1245.02
1247.88
1252.17
1254.08
1261.00
1258.13
1250.98
1263.14
17384.05
1307.01
1303.91
1275.06
1280.78
1267.91
9342.91
1230.00
1224.04
1239.06
1253.13
1256.94
1267.91
1261.95
1266.96
1272.92
1280.07
1272.92
17333.03
1270.06
1246.93
1245.98
1236.92
1245.02
1245.02
1260.04
1255.04
1250.03
1269.82
1257.90
1263.86
17328.98
1306.06
1280.07
1260.04
1271.01
1271.96
1281.98
1274.82
1235.96
1244.07
1234.05
1237.15
1235.01
17389.06
1329.18
1334.91
1341.82
1335.86
1330.85
1292.94
1300.10
1300.10
1310.11
1301.05
18377.07
1336.10
1333.95
1343.01
1335.86
1332.04
1281.98
1237.15
1245.98
1256.94
1253.13
1255.99
17301.08
1302.96
1281.98
1286.98
1279.12
1277.92
1291.04
1227.86
1230.96
1235.01
1246.93
1237.15
1322.03
17410.04
1291.04
1282.93
1295.09
1274.11
1275.06
1281.98
1271.01
1271.96
1264.81
1253.84
1252.89
17323.02
1307.96
1292.94
1283.17
1272.92
1276.97
1286.03
1270.77
1275.06
1271.96
1258.13
1245.98
1246.93
17369.03
1307.96
1290.08
1295.09
1291.04
1307.01
1301.05
1297.00
1291.04
1286.03
1288.89
1290.08
17345.91
1265.05
1239.06
1245.98
1239.06
1240.97
1248.84
1241.92
1243.11
1251.94
1261.95
1255.99
1250.98
17359.97
1282.93
1270.06
1291.99
1281.98
1270.06
1293.90
1278.16
1271.96
1279.83
1271.01
1279.12
17353.06
1255.04
1236.20
1230.00
1274.11
1275.06
1279.12
16242.03
1268.15
1234.05
1235.01
1235.01
1226.90
1227.14
1245.98
1228.81
1231.91
1247.17
1241.92
1236.92
17307.04
1266.96
1237.15
1239.06
1234.05
1230.00
1235.01
1249.07
1240.97
1249.79
1261.95
1335.14
1338.96
17380.00
1254.08
1251.94
1261.00
1233.10
1234.05
1246.93
1244.07
1245.02
1252.89
1242.88
1242.88
1249.07
17318.96
1262.90
1244.07
1255.99
1247.88
1245.98
1254.08
1248.12
1246.93
1248.84
1243.83
1240.97
17290.12
1276.02
1254.08
1251.94
1245.98
1237.15
1245.02
1255.04
1247.88
1248.12
1254.08
1239.06
1241.92
17325.88
1340.87
1310.83
1262.90
1253.84
1257.90
1254.08
1257.18
1250.03
1255.99
1254.08
1249.07
1247.17
17340.90
1253.84
1237.87
1255.99
1240.97
1246.93
1278.16
1265.05
1266.96
1294.85
1271.01
1276.02
17344.00
1309.87
1298.90
1287.94
1296.04
1287.22
1280.07
1286.98
1286.03
14181.85
1236.92
1230.00
1235.96
1222.13
1222.85
1227.86
1221.90
1219.03
1225.95
1226.90
1224.04
1222.85
17330.88
1232.15
1222.13
1238.11
1224.99
1223.09
1234.05
1214.98
1226.90
1231.91
1222.13
1220.94
1221.90
17375.95
1312.02
1299.14
1245.98
1219.99
1219.03
1233.10
1229.05
1221.18
1230.96
1219.99
1221.90
17267.94
1280.07
1247.17
1245.02
1222.13
1224.99
1221.18
1234.05
1223.09
1228.09
1230.00
1224.04
1216.89
21274.09
1266.00
1244.07
1240.97
1238.11
1235.01
1232.86
1250.98
1235.01
1233.10
1239.06
1234.05
1234.05
17283.92
1250.98
1234.05
1235.01
1228.81
1230.96
1228.09
1233.10
1228.09
1228.09
1240.02
1234.05
1229.05
17295.12
1254.08
1230.96
1235.96
1234.05
1225.95
1227.86
1237.87
1239.06
1237.87
1252.89
1243.11
1245.02
17336.13
1265.05
1250.03
1240.97
1243.11
1247.88
1249.07
1271.01
1244.07
1250.98
1246.93
1244.07
1239.06
1251.94
1242.16
1245.02
1250.03
1265.05
1261.00
17320.16
1286.03
1261.00
1266.00
1259.09
1256.94
1266.96
1255.99
1255.99
1256.94
1285.08
1285.08
1283.88
17369.03
1261.95
1255.04
1261.95
1259.80
1255.99
1269.10
1255.04
1266.00
1267.91
1260.04
1271.01
17323.02
1293.18
1276.97
1276.97
1281.02
1269.10
1278.16
1281.98
1275.06
1281.02
1271.96
1274.11
1271.01
17377.85
1289.84
1281.98
1296.04
1291.99
1282.93
1295.09
1286.03
1285.08
1300.81
1301.05
1302.00
17396.93
1312.97
1300.10
1286.98
1263.86
1267.91
1276.02
1251.94
1255.04
1255.99
1280.07
1282.93
17335.89
1283.88
1253.13
1255.04
1252.89
1252.17
1250.03
1259.09
1254.08
1246.93
1258.85
1243.83
1241.92
17309.90
1307.96
1273.87
1297.00
1309.16
1309.87
1324.89
1320.84
1305.82
1314.88
1304.86
1312.97
12710.09
1289.13
1245.02
1242.16
1247.88
1243.11
1242.16
1245.98
1300.81
1310.83
17370.94
1335.14
1315.12
1321.08
1312.02
1308.92
1343.01
1322.98
1316.07
1357.08
1335.14
1333.95
17394.07
1367.09
1339.20
1360.89
1335.86
1335.86
1337.05
1332.04
1333.00
1343.97
1333.95
1334.91
17392.87
1360.89
1339.20
1352.07
1335.14
1333.00
1337.05
1331.09
1336.10
9386.06
1287.94
1312.97
1292.94
1288.89
1286.98
17437.93
1257.90
1227.86
1229.05
1224.99
1224.04
1230.96
1275.06
1288.18
1286.03
1288.89
1289.84
1293.18
17328.02
1237.15
1226.90
1242.88
1224.99
1223.09
1224.99
1239.06
1239.06
1245.02
1240.97
1239.06
17271.04
1298.90
1247.88
1250.03
1256.94
1245.02
1254.08
1265.05
1253.84
1252.89
1266.96
1250.98
10904.79
1294.85
1282.93
1282.93
1264.10
1272.92
9325.03
1293.90
1265.05
1269.10
1251.94
1266.00
9326.93
1276.02
1241.92
1245.02
1316.07
1330.14
1317.98
1339.20
1318.93
1313.21
1321.08
1314.88
1314.88
17358.06
1277.92
1270.06
1298.90
1312.97
1307.01
1312.97
1304.15
1302.00
9369.13
1271.96
1250.03
1265.05
1271.01
1315.12
17397.88
1317.02
1290.08
1290.08
1284.12
1281.02
1289.13
1281.02
1278.88
1273.87
1314.88
1324.18
17382.14
1307.01
1276.97
1288.89
1281.02
1283.88
1277.92
1280.07
1285.08
1285.08
1286.03
1307.01
1318.93
17363.07
1272.92
1265.05
1276.02
1266.00
1266.00
1269.82
1268.86
1266.00
1258.85
1262.90
1258.85
17320.87
1285.79
1258.85
1266.00
1261.00
1260.04
1269.10
1263.14
1257.90
1263.86
1262.19
1268.86
1262.90
17369.99
1281.98
1265.05
1280.78
1255.99
1260.04
1270.06
1261.00
1252.89
1263.86
1252.89
1258.85
17338.04
1281.02
1259.09
1252.17
1258.13
1265.05
1308.92
1276.97
1267.91
1265.05
1280.07
1262.90
1262.19
1272.92
1261.95
1263.14
17377.85
1287.94
1260.04
1272.92
1261.00
1260.04
1274.11
1267.91
1262.90
1270.06
1261.95
1265.05
17298.94
1291.04
1260.04
1255.04
1251.94
1258.13
1245.98
1261.00
1246.93
1258.85
1257.90
1264.10
1252.17
17307.04
