1091.96
1076.22
1048.09
1040.94
1051.19
25147.91
1090.05
1082.90
1066.92
1042.13
1055.00
1057.86
25118.11
1120.81
1073.84
1057.86
1055.00
1050.00
1031.88
1040.94
25151.01
1070.98
1068.12
1061.92
1030.92
1032.83
1035.93
25094.99
1106.02
1065.02
1056.91
1065.02
1032.83
1026.87
1029.01
25164.13
1065.02
1047.13
1045.94
1040.94
1033.78
1035.93
21088.84
1121.04
1085.04
1075.03
1073.12
1075.03
1073.84
1065.02
25190.11
1096.01
1076.22
1091.96
1069.07
1087.19
1075.03
25170.09
1093.15
1076.94
1079.08
1080.99
1068.12
1073.12
25123.12
1126.05
1591.21
1065.02
1049.04
1057.15
1050.95
25089.03
1109.84
1056.91
1046.90
1055.00
1053.81
1051.90
1015.90
25171.04
1096.01
1079.08
1086.00
1082.18
1070.02
1073.12
25130.03
1086.00
1054.05
1052.14
1058.10
1056.91
1045.94
1044.03
25158.88
1071.93
1054.05
1070.98
1057.86
1054.05
1051.90
25146.96
1075.03
1061.20
1053.09
1065.97
1042.13
1044.03
25078.77
1101.97
1048.80
1049.04
1039.03
1032.11
1029.01
1049.04
25094.99
1084.09
1044.99
1041.89
1054.05
1040.22
1035.93
1029.01
25148.87
1057.86
1033.07
1039.98
1031.16
1034.98
1030.92
25074.01
1086.95
1042.13
1065.97
1142.02
1048.09
1044.99
1052.86
25152.92
1061.20
1046.90
1060.01
1058.10
1049.04
1047.13
25090.93
1078.13
1047.13
1046.90
1044.03
1034.98
1044.03
1034.98
25147.91
1049.04
1037.12
1037.84
1029.97
1044.03
1044.03
25082.11
1091.96
1050.00
1045.23
1059.06
1050.95
1039.03
1030.92
25141.00
1050.95
1034.02
1035.93
1049.04
1034.02
1034.98
25059.22
1100.06
1047.13
1041.89
1040.94
1049.04
1035.93
1034.02
25122.88
1067.16
1047.13
1035.93
1046.90
1038.07
1042.13
1031.16
25127.89
1044.03
1061.92
1046.90
1051.90
1035.21
1034.02
25072.10
1075.03
1039.98
1034.02
1041.17
1035.93
1031.88
1041.89
25133.85
1057.86
1046.90
1044.03
1045.94
1044.03
1046.18
25074.96
1096.96
1060.01
1041.89
1050.95
1040.94
1041.89
1045.23
25153.88
1118.90
1108.17
1091.96
1090.05
1085.04
1080.99
21140.81
1106.02
1080.04
1072.17
1051.90
1081.94
1067.16
25124.07
1127.00
1086.95
1071.93
1055.96
1056.19
1060.01
1068.12
25180.10
1106.98
1067.88
1075.98
1039.03
1050.00
1056.91
25107.15
1128.20
1099.11
1081.94
1088.86
1137.97
1039.03
1034.02
25168.18
1107.93
1083.85
1086.00
1038.07
1031.16
1039.98
25128.13
1087.19
1081.94
1070.02
1035.93
1041.17
1047.13
29069.90
1144.89
1106.02
1080.04
1086.00
1075.03
1085.04
1076.94
25183.92
1096.96
1075.03
1088.86
1082.90
1083.14
1074.08
25165.08
1101.02
1080.04
1072.88
1096.01
1082.90
1087.90
25114.06
1111.98
1089.10
1073.12
1087.90
1070.02
1076.94
1073.84
25187.02
1080.04
1110.08
1091.96
1095.06
1085.04
1084.09
25177.00
1111.98
1092.91
1101.02
1096.01
1114.13
1095.06
25172.00
1094.82
1077.89
1092.91
1084.09
1083.14
1084.09
25122.88
1133.92
1096.01
1087.90
1106.02
1091.96
1089.81
1092.91
22981.17
1064.06
1096.96
1082.90
1086.00
17128.94
1155.14
1091.00
1086.00
1096.01
1083.14
1082.90
25133.85
1140.12
1101.97
1111.98
1094.10
1073.12
1074.08
1070.98
25203.23
1099.11
1092.91
1087.90
1046.90
1050.00
1065.97
25156.02
1111.98
1089.81
1086.95
1033.07
1044.03
1033.07
25069.95
1136.06
1083.14
1082.90
1102.92
1021.86
1024.96
1044.99
25166.03
1111.98
1087.90
1142.98
1036.17
1053.09
1040.94
25078.06
1120.81
1086.00
1070.02
1058.10
1031.16
1039.03
1032.11
25174.14
1077.18
1050.00
1053.09
1037.12
1039.98
1036.88
25090.93
1084.09
1044.99
1034.02
1039.03
1032.83
1039.03
1031.88
25156.02
1042.13
1034.98
1029.01
1065.02
1065.97
1064.06
25095.94
1134.87
1544.00
1035.93
1040.94
1039.98
1038.79
25073.05
1115.08
1064.06
1050.00
1049.04
1039.03
1042.13
1045.94
25156.97
1074.08
1050.00
1037.84
1109.84
1080.04
1086.00
25121.93
1090.05
1049.04
1059.06
1058.10
1080.99
1085.04
1080.04
21174.91
1070.02
1055.96
1065.97
1060.96
1065.02
1056.91
25136.95
1078.13
1046.90
1049.04
1055.00
1026.15
1036.88
1029.97
25130.99
1059.06
1039.03
1038.07
1029.97
1034.02
1035.93
25089.03
1093.86
1050.00
1056.91
1044.03
1096.01
1096.01
1098.16
25131.94
1049.04
1033.07
1029.97
1069.78
1077.89
1064.78
25124.07
1075.03
1047.13
1027.11
1050.95
1034.98
1033.07
1030.92
25131.94
1045.94
1033.07
1031.16
1045.94
1059.06
1062.87
25106.91
1097.92
1050.00
1042.84
1043.08
1107.93
1098.87
1087.90
25146.01
1049.04
1038.07
1034.98
1104.12
1080.04
1086.00
25185.11
1062.15
1056.91
1036.88
1078.84
1075.98
1083.14
25118.11
1097.92
1070.02
1046.18
1034.98
1040.22
1034.98
1035.21
25131.94
1056.91
1038.07
1040.22
1039.03
1029.01
1034.98
1028.06
25137.90
1055.96
1040.94
1034.98
1034.98
1054.05
1050.95
25098.09
1101.97
1050.95
1052.14
1054.05
1058.10
1058.10
1067.88
25146.01
1065.02
1055.96
1047.85
1061.92
1074.08
1079.08
25156.02
1065.97
1048.09
1039.03
1068.12
1073.12
1079.08
25130.03
1096.01
1039.98
1034.98
1031.88
1086.95
1075.03
1092.91
25192.98
1067.16
1049.04
1048.09
1075.03
1098.87
1081.94
25130.99
1120.09
1075.03
1062.15
1045.94
1070.98
1073.12
1085.04
25192.02
1112.22
1085.04
1094.10
1080.99
1078.84
1086.95
25188.92
1103.88
1081.94
1100.06
1082.90
1084.09
1082.90
25178.91
1099.82
1086.00
1083.14
1054.05
1070.02
1080.99
25126.93
1155.14
1088.14
1086.95
1058.82
1050.95
1056.19
1060.96
25201.80
1091.00
1080.04
1061.92
1053.09
1064.06
1059.06
25123.12
1103.16
1065.97
1066.92
1034.98
1075.03
1072.88
25110.96
1116.99
1064.06
1053.09
1039.98
1092.91
1082.90
1094.10
25193.93
1080.04
1059.06
1055.00
1084.80
1088.86
1075.98
25146.01
1124.86
1078.84
1067.88
1060.96
1096.01
1094.82
25135.04
1131.06
1089.10
1072.17
1068.12
1095.06
1103.88
1095.06
25205.85
1090.05
1076.94
1061.20
1102.92
1092.91
1083.14
25196.08
1111.03
1080.99
1077.89
1082.90
1095.06
1080.99
25148.87
1116.99
1083.14
1074.08
1056.91
1087.90
1092.91
25099.99
1147.99
1083.85
1084.80
1087.90
1082.90
1079.08
1080.04
25184.87
1098.87
1086.00
1084.09
1097.92
1079.80
1080.04
25156.97
1117.94
1085.04
1080.04
1091.00
1079.08
1076.94
25118.83
1127.96
1087.90
1083.85
1087.90
1083.14
1080.04
1078.13
25177.96
1097.92
1081.94
1090.05
1089.10
1078.13
1084.09
25187.02
1104.83
1088.14
1088.14
1082.90
1082.90
1080.04
25120.02
1128.20
1082.90
1080.99
1085.04
1080.04
1076.94
25114.06
1133.20
1082.90
1090.05
1093.86
1070.02
1070.02
1078.13
25184.15
1091.96
1077.89
1084.09
1075.03
1077.18
1070.02
25157.21
1092.91
1080.99
1068.12
1073.12
1064.06
1068.12
25102.85
1121.04
1075.98
1065.02
1082.90
1069.78
1064.06
1074.08
25167.94
1081.94
1067.16
1075.98
1072.88
1062.87
1059.06
25106.91
1106.02
1068.83
1061.92
1062.87
1050.95
1059.06
1058.10
25151.01
1069.07
1058.82
1062.87
1047.85
1049.04
1051.90
25100.95
1086.00
1054.05
1047.13
1056.91
1039.98
1043.08
1042.13
25150.06
1054.05
1040.94
25079.01
1092.91
1086.95
1040.94
1031.88
1050.95
1046.18
1057.86
25156.02
1064.06
1044.03
1042.13
1080.99
1086.00
1075.98
25133.13
1094.10
1055.00
1039.03
1043.08
1085.04
1086.00
1076.94
21188.02
1096.96
1075.98
1071.93
1068.12
1074.08
1070.02
25160.79
1080.99
1068.12
1064.06
1072.17
1056.91
1053.81
25088.07
1110.08
1055.00
1051.90
1055.00
1046.90
1042.84
1041.89
25142.19
1055.96
1044.03
1039.03
1066.92
1037.84
1039.98
25069.00
1093.86
1050.00
1037.12
1043.08
1037.12
1032.11
1034.98
25084.02
1074.08
1044.03
1034.02
1042.84
1034.98
1034.98
1030.92
25151.97
1055.96
1042.13
1040.94
1031.16
1037.12
1039.98
25077.10
1080.04
1049.04
1033.78
1041.89
1039.98
1044.03
1041.17
25150.06
1049.04
1040.94
1043.08
1050.00
1035.93
1037.12
25075.91
1096.96
1060.96
1051.90
1057.86
1040.94
1046.90
1039.03
25154.11
1055.96
1044.99
1043.08
1050.95
1040.22
1039.98
25073.05
1100.78
1064.06
1064.06
1055.00
1061.92
1055.00
1051.90
25156.02
1066.92
1055.00
1050.00
1060.96
1050.00
1055.00
25092.84
1142.02
1094.10
1102.92
1093.86
1060.01
1059.06
1048.09
25192.02
1087.90
1081.94
1055.96
1041.17
1036.88
1039.03
25073.05
1095.77
1060.96
1047.13
1055.00
1027.82
1027.82
1032.83
25177.00
1096.01
1093.86
1089.10
1040.22
1040.94
1039.98
25089.98
1135.83
1091.00
1082.90
1041.89
1051.90
1059.06
1062.15
25133.13
1058.10
1044.99
9082.08
1096.01
1069.07
1055.00
1047.13
1029.97
1029.97
1029.01
21188.02
1091.00
1079.08
1089.10
1079.08
1081.94
1072.88
25135.99
1123.19
1078.84
1076.94
1073.12
1078.13
1069.07
25106.91
1128.91
1080.04
1074.08
1084.09
1071.93
1060.96
1062.15
25157.93
1081.94
1075.98
1075.98
1069.07
1059.06
1058.10
25096.18
1096.01
1058.10
1047.13
1060.96
1044.03
1044.99
1043.08
25143.15
1058.10
1044.99
1046.18
1044.03
1040.94
1039.03
25082.11
1074.79
1040.94
1035.21
1045.94
1034.02
1031.16
1027.11
25154.11
1050.00
1047.13
1039.03
1043.80
1037.84
1029.97
25067.09
1085.04
1045.94
1029.97
1040.94
1034.98
1042.84
1029.97
25100.95
1077.89
1044.03
1039.03
1055.96
1033.07
1036.88
1040.94
25143.15
1055.00
1040.94
1039.03
1043.80
1040.94
1037.12
25084.02
1095.06
1052.14
1047.13
1054.05
1095.06
1043.08
1037.12
25150.06
1051.90
1039.98
1042.13
1043.08
1038.07
1039.98
25092.84
1092.91
1047.85
1040.94
1050.95
1035.93
1047.85
1043.80
25147.91
1060.01
1050.00
1044.03
1056.19
1040.94
1042.84
25079.01
1106.02
1065.02
1045.94
1056.19
1050.95
1046.90
1044.03
25152.21
1065.02
1049.04
1040.94
1045.94
1045.94
1045.94
29069.90
1153.95
1106.02
1085.04
1087.90
1024.96
1030.92
1028.06
25178.91
1113.89
1086.00
1079.08
1035.93
1024.96
1034.02
25081.87
1137.02
1095.06
1081.94
1055.96
1038.07
1047.13
1043.08
25191.07
1086.00
1076.94
1082.90
1039.03
1046.90
1065.02
25146.96
1091.96
1067.16
1070.02
1038.07
1032.11
1029.97
25051.83
1113.89
1045.94
1041.17
1032.83
1052.86
1047.85
1062.87
25128.84
1075.98
1033.07
1036.17
1056.91
1095.06
1089.10
25121.93
1106.98
1049.04
1041.89
1053.09
1079.08
1080.04
1071.93
25161.03
1107.93
1082.90
1095.06
1081.94
1080.04
1080.04
25118.83
1116.04
1075.98
1070.98
1085.04
1086.00
1080.99
25096.89
1137.02
1074.08
1075.98
1080.04
1057.86
1065.97
1061.92
25169.85
1078.84
1059.06
1053.09
1075.98
1049.04
1050.95
25071.86
1091.00
1042.13
1038.07
1044.03
1038.07
1032.11
1037.12
25139.09
1089.10
1085.04
1070.02
1055.96
1037.12
1037.12
25069.00
1140.83
1086.00
1079.08
1078.13
1033.07
1030.92
1033.07
21151.07
1068.12
1054.05
1049.04
1062.87
1048.09
1052.14
25089.98
1107.93
1070.02
1065.02
1074.08
1060.01
1055.00
1060.01
25156.02
1079.08
1063.82
1057.86
1065.97
1060.01
1063.11
25094.99
1095.06
1064.06
1058.10
1075.98
1062.87
1055.96
1049.04
25171.04
1071.93
1055.00
1069.07
1065.97
1052.86
1055.00
25135.04
1083.14
1054.05
1055.00
1055.96
1053.09
1050.95
1051.90
25149.82
1071.93
1060.01
1070.98
1060.96
1065.02
1060.01
25172.00
1074.08
1062.15
1056.91
1062.87
1058.82
1061.92
25085.21
1107.93
1075.03
1066.92
1076.94
1068.12
1067.16
1070.98
33164.98
1055.96
1039.98
1044.99
1041.17
1039.03
1031.16
25071.86
1080.04
1039.98
1025.92
1044.99
1032.11
1034.98
1027.11
25146.96
1056.91
1039.98
1034.98
1046.90
1034.98
1044.99
25067.81
1100.06
1048.09
1052.14
1049.04
1052.14
1038.07
1050.00
25099.04
1071.93
1051.19
1048.09
1055.96
1047.85
1045.94
1049.04
25142.91
1062.87
1059.06
1070.98
1060.01
1059.06
1056.91
25124.07
1087.19
1063.11
1063.11
1067.88
1061.92
1053.09
25089.98
1112.94
1075.98
1070.02
1072.17
1066.92
1061.92
1057.86
25170.09
1073.12
1070.02
1060.96
1070.02
1062.87
1063.11
25109.05
1099.82
1067.88
1066.92
1080.99
1061.92
1064.06
1066.21
25171.04
1074.08
1070.98
1076.94
1069.07
1070.02
1063.82
25125.98
1091.96
1070.02
1075.03
1077.89
1057.86
1064.78
25094.99
1127.00
1076.94
1074.79
1075.03
1069.07
1070.98
1066.21
25151.97
1088.14
1080.04
1088.86
1067.16
1070.02
1058.10
25108.10
1120.09
1087.19
1071.93
1080.99
1068.12
1074.08
25099.99
1129.87
1085.04
1077.89
1075.98
1032.11
1031.88
1034.02
25141.95
1086.95
1056.19
1045.94
1041.89
1058.10
1058.10
25087.12
1160.14
1116.04
1092.20
1087.90
1050.00
1069.07
1069.07
25167.94
1091.00
1076.94
1091.96
1064.06
1075.98
1075.98
25148.15
1142.02
1098.16
1084.09
1057.15
1077.89
1085.04
25140.05
1130.10
1096.01
1091.96
1088.14
1066.92
1076.94
1079.08
25187.97
1096.96
1089.10
1092.20
1091.96
1086.24
1086.00
21195.17
1116.99
1099.82
1109.84
1056.91
1067.88
1062.15
25121.93
1106.02
1055.00
1051.90
1065.97
1075.03
1067.16
25090.93
1163.01
1106.98
1110.08
1109.12
1038.07
1044.99
1050.00
25167.94
1096.01
1080.99
1079.08
1033.07
1030.92
1033.07
25085.93
1125.81
1071.93
1050.00
1050.00
1029.97
1028.06
1031.88
25168.90
1119.85
1106.02
1122.00
1060.01
1051.90
1055.96
25110.01
1094.82
1062.87
1070.98
1098.16
1055.00
1059.06
25079.97
1175.17
1124.14
1092.91
17163.04
1080.99
1065.97
1060.01
1070.02
1091.00
1092.91
25130.99
1123.19
1080.99
1065.02
1062.15
1091.00
1086.00
1091.96
25190.11
1090.05
1076.22
1067.88
1079.08
1080.99
1082.18
25183.92
1112.94
1085.04
1084.09
1048.09
1050.95
1068.83
25106.91
1133.92
1103.16
1091.96
1076.94
1027.11
1038.07
1029.97
25174.86
1091.96
1078.13
1073.12
1027.11
1029.01
1031.16
25079.97
1106.98
1058.10
1062.15
1039.98
1044.99
1051.90
1044.99
25169.85
1065.02
1052.14
1044.99
1056.19
1055.00
1069.07
25097.13
1077.18
1044.99
1034.02
1018.05
1081.94
1080.99
1087.90
25147.91
1049.04
1040.94
1054.05
1091.00
1081.94
1086.00
25166.99
1080.04
1058.10
1048.09
1081.94
1075.98
1080.99
25107.86
1104.83
1062.87
1049.04
1045.94
1057.15
1055.00
1056.19
25156.97
1059.06
1039.03
1036.88
1044.99
1032.11
1033.07
25074.01
1106.02
1047.13
1041.89
1032.11
1039.98
1050.00
1050.00
25137.90
1065.02
1044.99
1043.08
1033.07
1080.99
1078.84
25109.05
1096.01
1048.09
1038.07
1029.97
1074.08
1075.03
1089.10
25190.11
1066.21
1051.90
1045.94
1059.06
1083.85
1082.90
25124.07
1103.88
1060.01
1051.90
1050.00
1086.00
1086.00
1091.00
25166.99
1065.97
1055.00
1041.89
1083.85
1083.85
1093.86
25158.88
1091.00
1060.96
1055.96
1066.92
1091.96
1097.92
25131.94
1116.99
1067.88
1060.96
1050.95
1080.99
1096.01
1085.04
25172.95
1069.07
1056.19
1048.09
1055.96
1058.10
1066.21
25105.00
1091.96
1055.96
1055.96
1044.99
1032.83
1030.92
1031.88
25181.06
1087.90
1070.98
1074.08
1070.98
1073.84
1075.98
25120.02
1100.06
1075.03
1065.02
1075.98
1065.02
1061.92
25084.97
1121.04
1067.16
1061.92
1083.14
1057.15
1059.06
1053.09
25166.99
1082.18
1065.02
1059.06
1064.78
1052.86
1050.00
25094.03
1099.82
1055.96
1052.86
1055.00
1046.90
1039.98
1042.13
25151.97
1061.92
1047.13
1042.13
1050.95
1043.08
1036.88
25080.20
1086.95
1051.90
1039.98
1041.89
1034.02
1031.88
1029.01
25128.84
1053.09
1041.89
1033.07
1045.94
1030.21
1036.88
1034.02
25129.08
1049.04
1039.98
1041.17
1033.07
1042.13
1039.03
25075.20
1075.98
1044.99
1034.98
1046.18
1034.98
11067.15
1054.05
1043.80
1040.94
1065.02
1050.95
1052.14
25093.08
1106.98
1062.87
1050.00
1062.87
1064.06
1065.02
1053.09
25165.08
1065.97
1055.00
1045.94
1056.91
1051.19
1050.95
25077.82
1105.07
1058.10
1060.01
1067.16
1058.10
1060.96
1055.00
25158.88
1075.98
1047.13
1051.19
1060.96
1047.13
1050.95
25098.09
1102.92
1055.00
1053.09
1064.06
1044.03
1060.01
1053.09
25192.98
1130.82
1116.04
1121.04
1044.99
1035.93
1042.13
25089.98
1075.03
1044.03
1035.93
1040.94
1030.21
1028.06
1034.02
25141.95
1051.90
1031.88
1042.84
1031.88
1026.87
1026.87
25078.77
1090.05
1044.99
1042.13
1043.08
1042.13
1040.94
1040.94
25142.19
1051.90
1044.99
1038.07
1058.10
1042.13
1039.03
25071.14
1101.02
1052.86
1046.90
1063.11
1060.01
1047.85
1048.80
25141.00
1059.06
1049.04
1044.99
1059.06
1050.95
1047.85
25089.98
1110.08
1055.00
1053.81
1065.97
1055.96
1051.90
1053.09
25158.17
1070.98
1050.00
1052.14
1059.06
1047.13
1045.94
25086.88
1137.97
1099.11
1075.03
1087.90
1073.12
1075.03
1075.98
25208.95
1084.80
1070.98
1084.09
1080.04
1069.78
1065.97
25161.03
1093.86
1076.94
1063.11
1070.98
1067.88
1063.82
25095.94
1116.99
1071.93
1070.02
1067.88
1062.87
1052.86
1056.91
25177.00
1075.98
1070.02
1074.79
1056.91
1065.97
1058.10
21124.12
1157.05
1100.06
1088.14
1062.15
1084.09
1092.91
25133.85
1128.91
1088.86
1094.82
1100.06
1090.05
1095.06
1092.91
25220.87
1108.88
1083.85
1055.00
1084.09
1090.05
1091.96
29187.92
1081.94
1069.07
1065.97
1059.06
1070.98
1066.21
25101.90
1107.93
1073.12
1062.15
1066.92
1060.96
1060.96
1045.94
25181.06
1065.97
1070.02
1065.02
1059.06
1059.06
1049.04
25098.09
1093.15
1055.00
1056.19
17143.01
1116.99
1085.04
1086.00
1089.10
1107.22
1110.08
25172.95
1096.01
1080.04
1083.14
1086.00
1053.81
1049.04
25098.09
1130.10
1101.97
1096.01
1085.04
1103.16
1100.06
1086.95
25179.86
1091.00
1082.90
1080.04
1040.94
1055.96
1070.98
25176.05
1105.79
1080.99
1074.08
1124.14
1090.05
1090.05
25115.97
1101.97
1052.86
1040.94
1053.09
1087.19
1101.02
1116.99
25121.93
1049.04
1030.92
1034.02
1040.94
1059.06
1074.08
25117.87
1086.00
1057.86
1044.03
1096.01
1068.12
1051.90
1039.98
25165.08
1080.04
1065.97
1069.07
1084.09
1114.13
1097.92
25182.01
1086.00
1067.88
1062.15
1038.07
1065.02
1075.03
25129.08
1128.91
1077.89
1069.78
1096.96
1101.02
1090.05
25095.94
1140.83
1076.94
1069.07
1059.06
1082.90
1092.20
1098.87
25179.86
1075.03
1065.02
1068.83
1076.94
1067.16
1048.09
25090.93
1132.01
1079.08
1075.98
1096.96
1112.94
1097.92
25130.99
1116.04
1082.90
1062.15
1060.96
1061.92
1074.08
1082.18
25183.92
1092.91
1071.21
1080.04
1109.12
1091.00
1084.09
29119.97
1153.95
1096.01
1088.86
1076.94
1057.15
1050.00
25093.08
1123.91
1097.20
1086.00
1108.17
1100.06
1116.04
1111.03
25210.86
1098.87
1084.80
1070.02
1046.90
1045.94
1055.00
25169.13
1109.12
1093.15
1101.97
1105.07
1115.08
1109.84
25120.97
1120.09
1072.17
1047.13
1051.90
1059.06
1079.08
1086.95
25174.86
1115.80
1109.84
1115.08
1088.86
1079.08
1066.92
25158.88
1062.87
1055.00
1070.02
1078.13
1096.96
1091.00
25170.09
1136.06
1112.94
1101.97
1096.96
1076.94
1060.01
25079.01
1106.98
1085.04
1082.90
1100.06
1098.87
1111.98
1095.06
25202.99
1113.89
1084.80
1078.84
1055.00
1047.13
1050.95
25170.09
1101.02
1101.02
1109.12
1103.16
1118.90
1114.85
25201.08
1121.04
1091.00
1072.17
1065.97
1039.98
1047.13
25105.95
1129.87
1096.96
1096.96
1116.99
1112.94
1097.92
1086.00
25180.10
1080.04
1052.14
1055.00
1063.11
1080.04
1090.05
25192.98
1115.08
1126.05
1114.85
1111.98
1092.91
1082.90
25121.21
1100.06
1050.00
1051.90
1085.04
1074.79
1078.84
25131.94
1166.82
1114.85
1113.89
1103.88
1092.91
1080.99
1065.02
25166.99
1061.92
1053.09
1070.98
1083.85
1091.00
1103.88
25218.96
1123.91
1114.13
1114.13
1096.96
1071.93
1060.96
25096.89
1101.97
1070.02
1078.84
1091.96
1089.10
1115.08
25146.96
1164.91
1111.98
1086.95
1091.00
1068.12
1054.05
1039.98
25162.94
1078.13
1076.94
1087.90
1099.82
1106.98
1106.98
25202.99
1115.08
1094.10
1072.17
1064.06
1044.03
1051.19
25104.05
1123.19
1096.01
1101.97
1121.04
1108.88
1101.97
25115.97
1142.02
1079.08
1059.06
1055.00
1050.95
1067.88
1079.08
25179.15
1124.14
1116.04
1111.03
1104.83
1095.06
1081.94
25134.09
1087.90
1045.94
1055.00
1070.02
1080.99
1083.14
25135.99
1159.91
1127.00
1102.92
1098.87
1081.94
1065.97
1054.05
25146.96
1071.21
1074.08
1080.99
1085.04
1108.88
1100.06
25201.08
1128.91
1106.98
1085.04
1075.03
1048.09
1042.13
25094.03
1117.94
1090.05
1084.09
1110.08
1111.98
1108.88
25142.91
1142.98
1090.05
1072.17
1060.01
1042.13
1055.96
1074.08
25176.05
1114.13
1089.10
1118.90
1101.97
1105.07
1104.12
25177.00
1096.96
1065.97
1050.95
1058.10
1065.97
1073.84
25115.97
1140.12
1114.13
1112.94
1116.04
1096.96
1087.90
1073.12
25159.12
1064.06
1055.96
1065.02
1075.98
1094.10
1081.94
25199.89
1128.20
1116.04
1119.14
1101.02
1079.08
1077.18
25105.95
1082.90
1060.01
1065.02
1080.99
1088.86
