1163.96
25220.87
1188.99
1173.97
1170.87
1161.81
1169.92
1183.03
1147.99
1122.95
1126.05
25197.98
1191.14
1157.05
1154.18
1152.99
1168.01
1155.85
1157.05
1163.96
1150.13
1152.99
33274.89
1160.14
1156.09
1159.91
1167.06
1178.98
29216.05
1219.99
1182.08
1171.83
1182.79
1179.93
1178.98
25259.97
1215.93
1191.14
1187.09
1173.97
1165.87
1182.08
25288.82
1188.99
1177.07
1194.95
1164.20
1178.98
25228.02
1224.04
1194.95
1185.18
1195.91
1193.05
1191.85
25249.96
1224.99
1200.91
1196.15
1190.19
1188.04
1201.15
25300.03
1216.17
1188.99
1204.01
1181.84
1194.00
21242.14
1216.89
1184.94
1177.07
1199.01
1215.93
1186.85
1205.92
1182.08
1170.16
25223.97
1207.83
1181.84
1183.99
1172.07
1168.01
1175.17
1171.11
1162.05
1160.14
25208.00
1190.90
1158.00
1162.05
1168.01
1172.07
1171.11
1158.95
1174.93
1163.01
1173.97
25286.91
1175.88
1183.99
1173.02
1199.96
1183.99
1199.01
1185.18
1180.17
1165.87
25285.01
1181.13
1172.07
1183.03
1166.11
1155.14
1156.09
1236.92
1217.84
1230.00
25284.05
1162.05
1137.02
1155.14
1208.07
1209.97
21255.02
1237.15
1187.09
1192.09
1185.89
1173.02
1173.02
25238.04
1204.01
1182.08
1183.03
1172.07
1214.98
1215.93
25820.97
1197.10
1194.95
1158.00
1162.05
1168.97
25274.04
1219.03
1197.10
1219.99
1205.92
1223.09
25268.79
1255.99
1219.99
1213.07
1236.92
1222.13
1224.99
25292.16
1173.02
1168.97
1158.00
1235.01
1231.91
37258.15
1218.08
1173.02
1163.01
1139.16
1132.01
1148.94
1151.08
1143.93
1143.93
1150.13
25254.96
1163.96
1148.94
1143.93
1147.03
1135.11
1148.94
1181.84
1163.96
1168.97
17251.97
1219.99
1191.85
1169.92
1135.11
1142.98
1141.07
1140.83
1137.02
1138.93
25194.88
1174.93
1172.07
1145.12
1144.17
1132.97
1135.11
1130.82
1149.89
1155.85
1161.81
29280.90
1156.09
1142.02
1137.02
1151.08
1149.89
1134.87
1142.98
1183.03
1176.12
21253.11
1192.09
1157.05
17189.03
1242.88
1200.91
1224.99
1188.04
1178.03
1178.98
25238.04
1209.02
1183.99
1194.95
1177.79
1182.08
1189.95
25293.11
1192.09
1176.12
1178.03
1183.99
1184.94
25254.01
1189.95
1151.80
1157.05
1153.95
1150.85
1142.02
25201.08
1160.14
1148.94
1140.83
1166.82
1153.95
1137.02
25200.84
1184.94
1148.22
1149.89
1132.97
1168.01
1154.18
1161.10
1136.06
1135.11
25187.97
1177.79
1159.91
1146.08
1149.89
1149.18
1143.93
1154.90
1194.95
1185.18
1181.84
29254.91
1165.87
1155.14
1152.04
1149.18
1154.90
1149.18
1149.89
1161.10
1161.10
25268.08
1173.02
1173.97
1152.04
1150.13
1179.93
1188.99
1193.05
1183.99
1179.93
25259.02
1204.97
1182.08
1188.99
1173.02
1185.89
1180.17
1161.10
1140.12
1144.89
25218.96
1268.86
1235.96
1235.96
1127.96
1161.10
1158.00
1163.01
1152.04
1149.18
25212.05
1197.10
1193.05
1169.92
1201.87
1172.07
1218.08
1188.99
1172.07
1164.20
1187.09
1183.99
1183.99
1177.07
25280.95
1178.98
1187.09
1196.86
1184.94
1179.93
25229.93
1217.84
1195.91
1197.81
1194.95
1178.98
1173.97
25246.14
1212.12
1180.89
1189.95
1191.14
1187.09
1201.15
25310.99
1204.01
1202.82
1206.87
1186.85
1200.91
25249.00
1194.00
1168.97
1178.03
1211.88
1211.88
1204.97
25295.02
1162.77
1147.03
25192.98
1179.93
1135.11
1127.96
1127.96
1129.15
1137.02
1140.12
1138.93
1131.06
1140.12
25235.18
1139.88
1127.00
1136.06
1127.96
1152.99
1137.97
1203.06
1202.11
1189.95
25251.87
1156.81
1122.00
1131.06
1206.16
1191.85
1196.86
1193.05
1180.89
1195.19
25240.90
1220.94
1178.03
1188.99
1192.09
1188.04
1178.98
1162.05
1173.97
1209.02
25243.04
1239.06
1213.07
1203.06
1165.15
1173.02
1170.16
1169.92
1156.09
1157.05
21232.84
1169.92
1138.21
1133.92
1152.99
1148.94
1169.92
1168.01
1163.96
1156.09
1169.92
25244.95
1190.19
1176.12
1183.03
1178.03
1175.17
1169.92
1132.97
1137.97
1129.87
25244.95
1162.05
1157.05
1142.98
1147.03
1168.01
1141.79
1150.85
1142.98
1147.03
29210.81
1204.97
1148.94
1154.90
1167.06
1158.95
1161.10
29273.03
1198.05
1186.13
1174.93
1147.99
1148.94
1152.99
25296.93
1179.93
1165.87
1189.95
1183.03
1168.01
29235.12
1207.11
1163.96
1163.96
1166.11
1161.10
1157.05
25217.06
1177.07
1157.05
1150.85
1149.89
1144.17
1153.95
29220.10
1211.17
1214.98
1188.99
1175.88
1181.84
2408.98
1137.02
1140.12
25197.03
1160.86
1142.02
1132.01
1168.01
1141.07
1138.21
1121.04
1141.07
1130.10
1135.11
25257.11
1199.96
1156.09
1141.07
1152.99
1149.89
1154.90
1147.99
1150.85
1145.84
25260.93
1158.95
1149.89
1162.05
1147.03
1150.13
1151.08
13267.04
1194.00
1178.98
1117.94
1112.94
1127.96
1150.13
1149.89
1145.84
1153.95
25188.92
1168.97
1147.99
1154.18
1147.99
1152.99
1148.94
1151.08
1202.11
1208.07
25259.02
1189.95
1157.05
1151.80
1204.01
1193.05
1194.00
1197.81
1183.99
1184.94
25241.85
1214.03
1201.87
1188.04
1192.09
1186.85
1189.95
1198.05
1196.86
1190.19
33252.00
1230.00
1199.96
1197.10
1207.11
1188.99
1193.05
25300.98
1205.21
1196.86
9238.00
1156.09
1138.21
1128.91
1137.02
1129.87
1129.87
25200.84
1226.90
1200.91
1186.13
1127.96
1130.82
1131.06
25254.01
1191.85
1182.79
1178.98
1172.07
1171.11
1174.93
25269.03
1188.99
1182.08
1183.99
1175.88
1173.02
37240.03
1180.17
1142.98
1144.17
1144.89
1170.87
1180.89
1178.98
1183.99
1178.03
25213.00
1235.96
1174.93
1182.08
1186.13
1181.13
1181.13
1189.95
1173.97
1182.08
1189.95
17235.04
1169.92
1158.95
1137.02
1184.94
1171.11
1188.99
1173.02
1177.07
1171.11
25279.05
1185.18
1173.02
1188.99
1176.83
1175.88
1185.18
1177.07
1168.97
1184.94
25276.18
1184.94
1178.98
1173.97
1173.97
1167.06
1171.11
1171.11
1178.03
1178.03
25280.00
1193.05
1178.98
1177.07
1175.88
1172.07
1178.98
1161.10
1180.89
1173.97
25250.20
1205.92
1181.84
1171.83
1191.85
1180.89
1180.89
1187.80
1183.99
1186.13
21250.96
1178.03
1153.95
1153.95
1152.99
1148.94
1148.94
29276.13
1218.08
1230.96
1226.90
1219.99
1217.84
25279.05
1255.99
1224.04
1223.09
1231.19
1220.94
1218.08
25316.95
1194.95
1188.99
1178.98
1188.99
1191.14
25264.02
1214.98
1194.00
1179.93
1190.90
1183.03
1178.98
21242.86
1215.93
1201.15
1188.99
1132.01
1131.06
1132.01
29250.14
1164.91
1148.94
1157.05
1154.18
1153.95
1150.85
25259.02
1155.14
1143.93
1158.00
1145.84
1148.94
1156.81
25228.98
1164.91
1176.83
1175.17
1183.99
1177.79
25237.08
1216.89
1193.05
1200.91
1164.91
1178.03
1176.83
25261.88
1230.96
1226.19
1231.91
1213.07
1208.78
25245.90
1261.95
1214.03
1205.92
1219.03
1207.11
1206.16
25288.11
1209.97
1199.01
1173.02
1182.08
1173.97
1176.83
17312.05
1205.92
1183.99
1167.06
1192.09
1187.09
25264.98
1252.89
1199.01
1193.05
1188.04
1177.07
1173.02
25283.81
1183.03
1167.06
1173.02
1162.05
1163.96
1167.06
25282.86
1180.89
1178.98
1163.01
1146.08
1158.95
25209.90
1214.98
1189.95
1173.02
1168.01
1162.05
1168.01
21245.00
1167.06
1146.08
1146.08
1147.03
1132.97
1138.93
25196.08
1158.00
1138.93
1141.07
1128.91
1132.97
1144.89
25237.80
1235.96
1232.15
1204.01
1134.16
1137.02
1132.01
25293.11
1214.98
1200.91
1218.08
1195.19
1210.93
25262.83
1232.86
1206.87
1212.84
1210.93
1206.16
1202.11
25270.94
1160.86
1137.97
1143.93
1237.87
1233.82
25295.97
1199.96
1168.97
1163.96
1170.87
1183.99
1183.03
25238.04
1221.90
1188.99
1195.91
1181.84
1199.01
1192.09
25251.87
1158.95
1147.99
1147.99
1141.07
1134.16
1150.13
1199.01
1209.97
1199.96
25290.01
1210.21
1179.93
1179.22
1219.03
1216.89
1209.02
1214.03
1211.17
1210.93
25314.09
1222.13
1215.93
1215.93
1209.97
1214.98
1206.16
1157.05
1182.08
1175.17
25335.07
1238.11
1239.06
1186.13
1158.00
1158.00
1164.20
1162.05
1157.05
1165.15
25249.96
1172.78
1148.94
1158.95
1152.04
1158.95
1144.89
1152.99
1152.99
1168.01
25223.02
1187.09
1146.08
1148.94
1141.07
1163.96
1158.00
1158.95
1139.16
1141.07
41203.02
1222.85
1180.89
1170.16
1174.93
1191.85
1180.89
25248.77
1233.10
1200.91
1204.01
1194.95
1200.91
1220.23
25281.91
1190.19
1185.89
1209.97
1247.17
1226.90
25277.85
1178.98
1142.02
1147.03
1150.85
1150.85
1158.00
25252.10
1178.03
1156.09
1148.94
1147.03
1158.95
1159.19
29242.99
1151.08
1137.97
1147.99
1142.98
1139.88
1135.83
1180.89
1165.15
1166.11
25233.03
1163.01
1137.02
1141.07
1147.99
1147.03
1153.95
1160.86
1153.95
1147.03
25192.98
1243.11
1224.99
1229.05
1186.13
1166.11
1166.11
1159.91
1160.86
1172.07
25206.09
1232.15
1180.89
1164.91
1169.92
1173.97
1183.03
1188.04
1176.12
1188.99
1176.83
25288.82
1189.95
1183.99
1208.07
1195.91
1182.79
1168.97
1159.19
1158.95
1156.09
25299.07
1208.78
1187.09
1183.03
1166.11
1168.01
17204.05
1173.02
1137.97
1130.82
1152.04
1135.11
1131.06
25200.13
1209.02
1178.03
1173.97
1132.01
1131.06
1135.11
25201.08
1206.16
1180.89
1195.91
1199.01
1183.99
1191.14
25310.04
1203.06
1194.95
1214.98
1204.01
1210.93
25254.01
1232.86
1194.95
1179.93
1214.98
1224.04
1212.12
25310.04
1191.85
1182.79
1188.99
1183.99
1188.99
25192.98
1219.03
1139.88
1141.79
1150.85
1137.97
1140.12
25195.12
1195.19
1162.05
1158.00
1159.19
1168.97
1167.06
25225.16
1194.00
1156.81
1152.04
1152.04
1132.97
1137.02
1138.93
1138.21
1132.01
1128.91
25246.86
1143.93
1137.97
1156.09
1145.12
1140.83
1149.89
1196.15
1189.95
1194.95
25285.01
1155.85
1142.02
1137.02
1172.07
1190.90
1193.05
1187.80
1184.94
1175.17
25229.93
1196.86
1165.87
1168.01
1158.00
1150.13
1151.08
1178.98
1204.97
1207.11
25260.93
1183.03
1162.05
1145.12
1195.91
1200.91
1196.15
1197.10
1194.00
1195.19
29261.11
1188.04
1165.15
1158.95
1125.10
1150.13
1155.14
25218.01
1171.11
1150.13
1158.00
1155.14
1151.08
1159.91
25272.85
1188.04
1173.97
1196.86
1177.79
1180.89
25214.91
1245.02
1179.93
1166.11
1188.99
1185.89
1192.09
25245.90
1183.99
1152.99
1140.12
1150.13
1141.07
1139.16
25199.89
1154.90
1137.02
1139.88
1142.02
1135.11
1137.97
25219.92
1213.07
1192.81
1169.92
1144.17
1160.14
1158.00
25272.13
1178.98
1156.81
1169.92
1155.85
1158.00
1153.95
13305.90
1204.01
1196.86
1199.01
1194.00
1195.91
33253.91
1191.85
1164.91
9191.99
1251.94
1181.13
1188.04
1164.91
1152.04
1151.08
25214.20
1212.12
1192.09
1178.03
1188.04
1185.18
1187.09
29278.04
1147.99
1141.07
1149.89
1141.07
1136.06
1137.02
25240.90
1153.23
1146.08
1147.03
1137.02
1139.88
1134.16
25285.01
1226.90
1217.13
9299.99
1187.09
1172.07
1161.81
1139.88
1156.09
1176.12
17302.04
1187.09
1168.01
1159.91
1142.98
1136.06
25188.92
1226.90
1191.85
1184.94
1188.04
1188.04
1173.97
25244.95
1215.93
1188.04
1196.15
1201.15
1184.94
1200.91
25328.16
1209.97
1183.03
1196.86
1182.79
1179.93
25240.90
1203.78
1163.96
1162.05
1173.02
1163.01
1160.14
25222.06
1190.90
1165.87
1168.01
1158.95
1160.14
1163.01
1176.12
1165.15
1176.12
25247.10
1186.13
1163.96
1160.86
1203.78
1229.05
1220.94
1230.00
1221.90
1221.90
25293.83
1259.80
1230.96
1231.19
1224.04
1221.90
1220.94
1173.97
1160.86
1159.19
25233.03
1238.11
1205.92
1201.87
1196.86
1194.95
1188.04
1193.05
1194.00
1199.96
25289.06
1188.04
1175.88
1173.02
1155.85
1158.95
1162.05
1164.20
1165.87
1159.91
25208.95
1193.05
1166.11
1170.16
1164.91
1165.15
1162.05
1158.00
1149.89
1160.86
41227.82
1232.86
1200.91
1183.99
1216.89
1223.80
1215.93
25303.84
1156.81
1145.84
1140.83
1142.02
1138.93
1144.89
25271.89
1170.16
1158.95
1168.01
1169.92
1172.07
29191.97
1255.04
1198.05
1194.95
1190.90
1191.14
1178.03
1172.78
1142.02
1151.08
1149.89
25292.87
1163.96
1151.08
1141.07
1163.01
1181.13
1191.14
1180.89
1194.00
1180.17
25278.09
1190.90
1189.95
1192.09
1187.09
1183.03
1177.07
1172.78
1195.91
1185.89
25290.01
1183.99
1181.13
1156.09
1182.08
1188.99
1200.20
1184.94
1173.97
1177.07
25260.93
1178.98
1172.07
1168.97
1164.91
1157.05
1167.77
1163.96
1168.97
1163.96
25254.01
1190.90
1156.09
1156.09
1154.18
1156.09
1147.99
17279.15
1238.11
1231.91
1220.94
1212.12
1209.02
25285.01
1182.08
1162.05
1152.04
1213.07
1230.00
1228.09
25310.04
1188.99
1176.83
1173.97
1181.13
1173.02
1177.07
25297.16
1209.02
1208.07
1174.93
1139.16
1132.01
25211.10
1228.09
1196.15
1194.00
1219.99
1203.06
1219.03
25302.89
1165.87
1148.94
1147.99
1192.81
1195.91
1209.97
25305.99
1194.00
1192.81
1214.98
1211.17
1197.10
25261.88
1245.02
1199.96
1207.83
1204.01
1208.07
1204.01
25285.96
1179.93
1169.92
1156.81
1250.98
1235.01
1231.91
1228.09
1222.13
25254.01
1282.22
1239.06
1229.05
1237.15
1224.99
1223.09
1196.15
1211.17
1200.91
25258.06
1278.88
1235.96
1229.05
1160.14
1169.92
1165.87
1173.97
1171.11
1157.05
25223.97
1191.85
1177.07
1178.98
1180.89
1168.97
1166.11
1146.08
1146.08
1152.04
25177.00
1271.01
1204.97
1195.91
1170.16
1130.10
1136.06
1142.02
1137.02
1128.91
1137.02
29278.99
1204.01
1188.04
1165.87
1176.83
1177.79
25223.02
1229.05
1191.14
1184.94
1195.91
1174.21
1173.97
25221.11
1197.10
1163.96
1168.01
1168.01
1155.14
1160.14
25275.95
1197.10
1184.94
1179.93
1152.04
1168.01
1155.85
25308.85
1213.07
1204.97
1210.21
1210.93
1207.11
25254.01
1240.02
1221.90
1204.97
1212.12
1217.13
1204.01
13307.09
1188.04
1181.13
1188.04
1183.03
1181.13
33235.07
1228.09
1188.04
1186.85
1142.98
1132.97
1137.02
25209.90
1185.89
1156.09
1125.10
1140.12
1142.98
1147.03
25192.98
1169.92
1137.97
1146.08
1129.15
1133.92
1137.02
25222.06
1169.92
1145.84
1143.93
1127.96
1138.93
1141.07
25261.16
1159.91
1152.99
1162.05
1151.08
1156.09
1163.01
21255.97
1148.94
1135.83
1148.22
1141.07
1137.97
1141.07
17280.10
1183.99
1170.87
1184.94
1168.01
1184.94
25244.95
1205.92
1159.19
1168.97
1171.11
1161.10
1172.07
25235.18
1204.97
1178.98
1173.02
1170.16
1166.11
1167.06
25248.05
1178.03
1155.85
1163.01
1150.85
1159.91
1148.94
25274.04
1165.15
1142.98
1142.02
1141.07
1143.93
25194.88
1191.14
1160.14
1157.05
1168.97
1158.95
1152.04
25212.05
1230.96
1203.06
1204.01
1166.11
1183.03
1176.83
25281.91
1203.06
1183.03
1170.87
1141.79
1143.93
1152.04
1158.00
1152.99
1155.14
29221.06
1192.09
1160.86
1161.10
1168.97
1181.84
1186.13
1188.99
1189.95
1187.09
25257.11
1182.08
1145.12
1142.02
1165.15
1158.00
1156.81
1166.82
1164.91
1157.05
25200.13
1235.96
1188.04
1187.09
1193.05
1192.09
1191.14
1183.99
1201.87
1212.12
25254.01
1177.07
1142.02
1133.92
1142.02
1141.07
1137.97
1137.97
1165.15
1174.93
1176.83
25259.97
1163.96
1149.89
1143.93
1163.01
1178.98
1175.17
1188.04
1181.13
1180.89
25299.07
1204.97
1182.08
1185.89
1178.98
1179.93
1173.02
25275.95
1194.00
1194.95
1193.05
1185.89
1187.09
25263.07
1183.99
1147.99
1158.95
1188.99
1202.11
1192.09
25283.10
1151.08
1134.16
1146.08
1138.93
1127.96
1130.10
25243.04
1187.09
1170.16
1178.03
1164.20
1169.92
1166.82
1196.86
1186.85
1188.04
25285.01
1183.99
1169.20
1158.00
1187.09
1183.03
1178.03
1200.91
1178.03
1176.83
25233.98
1207.11
1188.99
1199.96
1178.98
1191.14
1179.93
1165.15
1169.92
1178.03
25248.05
1192.09
1165.15
1158.00
1163.96
1188.99
1187.09
1193.05
1183.03
1182.79
25229.93
1219.99
1188.04
1195.19
1196.86
1184.23
1187.09
1200.91
1214.98
1221.90
25265.93
1185.89
1156.09
1160.86
1192.09
1199.01
1201.87
1207.83
1194.95
1197.10
25244.95
1240.02
1214.98
1219.99
1190.90
1196.86
1191.85
1154.90
1137.97
1134.87
25218.01
1240.97
1223.80
1227.86
1232.86
1221.90
1224.99
25336.03
1230.96
1220.94
1234.05
1223.80
1224.99
25265.93
1208.07
1174.93
1163.01
1189.95
1201.87
1188.04
25280.00
1155.14
1137.02
1147.99
1139.88
1138.93
1135.11
25294.07
1191.14
1173.97
1169.92
1162.05
1159.19
25206.09
1186.13
1159.91
1152.04
1153.95
1143.93
1136.06
25194.17
1209.02
1181.13
1169.92
1121.04
1147.99
1135.11
1147.03
1145.12
1137.02
1142.98
25249.96
1158.00
1150.13
1153.95
1151.80
1152.99
1152.99
1161.81
1163.01
1167.06
25265.93
1177.07
1178.98
1178.98
1199.01
1204.01
1208.78
1205.92
1197.81
1191.85
25316.00
1231.91
1210.93
1220.94
1214.98
1211.88
1206.87
1215.22
1215.93
1213.79
25321.01
1209.97
1202.82
1184.94
1201.87
1194.95
1198.05
1194.95
1199.01
29219.87
1221.90
1158.00
1144.89
1139.88
1175.17
1186.13
25244.00
1190.19
1149.89
1151.08
1138.93
1147.03
1152.04
25232.08
1209.02
1188.04
1191.85
1200.91
1185.18
1182.08
25294.07
1190.19
1182.08
1175.88
1144.89
1145.12
1142.02
25285.01
1197.10
1188.04
1188.04
1183.99
1183.99
25246.14
1216.17
1188.99
1188.04
1185.18
1185.89
1183.03
25290.01
1192.09
1181.13
1183.03
1175.17
1178.03
1163.96
25272.85
1209.97
1209.02
1207.83
1199.96
1203.06
33258.91
1210.93
1186.85
1186.85
1137.02
1143.93
1148.94
1156.09
1149.18
1151.08
25204.90
1181.84
1158.95
1142.98
1185.89
1173.02
1178.98
1169.20
1127.00
1131.06
1137.97
25290.97
1187.80
1183.03
1169.92
1137.02
1140.12
1132.01
1127.96
1147.99
1140.12
25254.01
1212.12
1211.17
1193.05
1163.96
1163.96
1158.95
1176.12
1163.01
1165.15
25215.15
1184.94
1164.20
1167.06
1161.10
1163.01
1160.14
1159.91
1188.99
1179.93
21253.82
1188.04
1158.95
1166.82
1183.99
1186.13
1185.89
25280.95
1195.19
1169.92
1194.00
1176.12
1193.05
1178.98
25277.14
1193.05
1186.13
1193.05
1192.09
1189.95
25260.93
1219.99
1184.94
1176.83
1200.91
1210.21
1206.87
25296.93
1194.00
1172.07
1163.01
1202.11
1219.03
25269.03
1205.92
1183.03
1168.97
1174.93
1168.97
1173.97
29235.84
1174.93
1149.18
1151.08
1203.06
1203.06
1194.95
1208.07
1219.99
1200.20
25255.92
1226.90
1207.11
1229.05
1215.93
1234.05
1218.08
1172.07
1143.93
1147.99
25218.01
1225.95
1206.16
1218.08
1159.91
1160.86
1155.85
1158.95
1167.06
1156.09
25211.10
1198.05
1173.97
1158.00
1171.83
1194.00
1179.93
1200.91
1189.95
1190.90
25259.97
1234.05
1204.97
1202.11
1206.87
1200.91
1202.11
1193.05
1186.13
1193.05
25248.05
1217.84
1187.80
1178.03
1188.04
1176.12
1176.12
17292.98
1165.87
1149.89
1152.99
1158.00
1156.09
1156.09
25260.93
1175.88
1175.17
1178.98
1168.97
1169.92
33205.99
1224.04
1157.05
1142.98
1163.01
1148.94
1155.85
25202.99
1170.16
1148.94
1147.03
1147.03
1148.94
1150.85
1155.85
1145.84
1141.07
1139.16
25265.93
1158.00
1152.99
1152.99
1143.93
1148.94
1152.04
1172.07
1158.00
1163.96
25252.10
1163.96
1144.89
1147.99
1158.00
1160.14
1152.99
1168.01
1150.85
1150.85
25207.04
1194.00
1171.83
1169.92
1168.01
1166.11
1163.01
1154.90
1161.10
1158.00
25186.06
1235.01
1197.10
1174.93
1181.84
1179.93
1182.08
1182.08
1136.06
1139.16
1138.93
25306.94
1197.10
1182.08
1172.07
1145.84
1149.18
1160.14
1159.91
1153.95
1158.95
33260.82
1148.94
1137.02
1144.89
1170.87
1173.97
1177.07
25266.89
1158.95
1152.99
1163.96
1163.96
1165.15
25220.87
1198.05
1186.13
1169.92
1191.85
1188.99
1183.99
25246.86
1166.82
1140.83
1135.83
1176.83
1177.07
1177.07
25276.90
1178.03
1156.09
1159.91
1152.99
1152.04
1156.81
25259.97
1171.11
1159.19
1164.91
1154.18
1161.10
25187.97
1246.93
1186.13
1177.07
1195.19
1185.89
1176.83
25235.89
1209.97
1186.13
1188.04
1215.93
1235.01
1219.99
1160.14
1152.99
1162.05
25238.99
1267.91
1226.90
1213.79
1150.85
1158.00
1171.11
1164.91
1179.22
1169.92
25239.94
1188.99
1162.05
1160.86
1194.00
1187.09
1183.03
1188.04
1177.79
1180.89
25240.90
1216.17
1188.04
1183.03
1191.14
1182.08
1178.03
1176.12
1183.03
1181.84
25240.90
1205.21
1195.91
1190.90
1186.85
1181.84
1186.85
1183.99
1189.95
1187.80
25238.04
1224.04
1193.05
1185.18
1203.06
1191.85
1183.03
1182.08
1199.01
1199.01
33239.84
1188.04
1157.05
1154.18
1168.01
1161.10
1170.16
25227.07
1192.09
1168.01
1166.82
1165.87
1174.21
1184.94
25288.82
1190.90
1189.95
1196.15
1182.08
1180.89
1189.95
25256.16
1154.90
1150.85
1142.98
1177.07
1181.13
25251.15
1190.90
1154.90
1156.09
1147.03
1152.99
1155.14
25223.97
1189.95
1163.01
1164.20
1161.10
1156.09
1157.05
25242.09
1178.03
1157.05
1171.11
1161.10
1163.01
1160.86
25307.89
1217.13
1225.95
1183.99
1170.16
1173.02
1178.03
1169.92
1173.97
1163.01
25272.85
1187.09
1174.93
1175.88
1174.93
1168.01
1170.16
1156.09
1163.01
1155.14
25277.14
1200.91
1204.01
1188.04
1132.01
1151.08
1142.98
1158.00
1147.99
1146.79
25198.94
1167.06
1142.02
1143.93
1153.95
1138.93
1144.17
1137.02
1169.20
1182.08
25237.08
1206.16
1168.97
1167.06
1154.90
1178.98
1160.86
1177.07
1155.85
1150.85
1158.95
25259.02
1162.05
1142.98
1151.08
1143.93
1138.93
1137.97
1175.88
1170.87
1175.88
41294.81
1194.95
1182.08
1192.09
1178.98
1185.89
1184.23
25280.00
1194.00
1176.83
1183.99
1188.04
1187.09
25238.99
1183.03
1162.05
1155.14
1141.07
1158.95
1160.14
29219.15
1224.99
1195.19
1201.87
1198.05
1195.91
1199.01
1195.91
1177.79
1175.88
25244.00
1202.11
1172.07
1178.03
1180.17
1175.88
1174.93
1183.99
1173.02
1172.07
25228.02
