1152.04
1115.08
1129.87
1127.00
1115.08
1107.93
1092.91
1123.91
1124.14
1121.04
25205.14
1107.93
1085.04
1071.93
1138.93
1130.10
1132.01
1132.97
1152.04
1213.79
25151.01
1151.08
1115.08
1104.12
1101.02
1103.88
1091.96
1084.09
1127.96
1111.98
1102.92
25217.06
1106.02
1083.14
1094.10
1086.00
1087.19
1080.99
25132.89
1130.82
1097.92
1095.06
1115.80
1096.01
1107.93
25128.84
1132.01
1084.09
1064.06
1073.84
1083.85
1071.93
1080.04
1081.94
1071.93
1052.86
25104.05
1152.04
1116.99
1110.08
1098.16
1071.93
1076.94
1071.93
1087.90
1059.77
1065.97
25109.05
1128.91
1097.20
1091.96
1099.82
1091.96
1080.04
1078.13
1091.00
1074.79
1077.89
25135.04
1158.95
1113.89
1107.93
1098.16
1095.06
1081.94
1093.86
1087.19
1081.94
1083.85
25132.89
1135.83
1080.04
1073.12
1091.96
1086.00
1087.90
1086.95
1076.94
1092.91
1080.99
21128.89
1151.08
1106.02
1105.07
1103.16
1102.92
1097.92
17155.89
1109.12
1096.96
1082.90
1084.80
1093.86
1095.06
1091.00
1101.97
1087.90
1091.00
25147.91
1128.91
1094.82
1092.91
17205.95
1108.17
1100.06
1108.17
1098.87
1105.07
1117.94
1110.79
1067.88
1070.02
1068.12
25192.98
1124.14
1104.12
1096.96
1087.19
1084.09
1100.06
1101.02
1109.12
1094.10
25130.99
1143.93
1097.20
1070.02
1080.04
1070.02
1082.90
1071.93
1057.15
1079.08
1075.98
25100.95
1131.06
1081.94
1086.00
1088.86
1085.04
1084.80
1085.04
1059.06
1057.15
1054.05
1051.90
1142.02
1078.13
1073.12
1090.05
1090.05
1087.19
1090.05
1088.14
1063.11
1067.88
1061.92
25196.08
1120.81
1117.94
1106.98
1122.00
1105.07
1099.11
1104.12
1101.02
1097.20
25140.05
1146.08
1114.13
1089.10
1105.07
1094.10
1094.10
1096.96
1056.91
1066.92
1064.06
25122.17
1167.06
1144.17
1136.06
1099.11
1069.07
1065.97
1076.94
1075.03
1076.94
1091.00
25163.89
1109.84
1076.94
1071.93
1111.98
1092.20
1095.06
1095.06
1090.05
1101.02
1090.05
25201.80
1090.05
1085.04
1086.00
1114.85
1103.88
1091.96
1122.00
1098.87
1114.13
1109.12
25207.04
1124.14
1111.98
1104.83
1101.02
1106.98
1114.85
1125.81
1116.04
1102.92
25136.95
1168.01
1119.85
1108.88
1118.90
1105.79
1102.92
1101.97
1106.02
1101.02
1125.10
25146.01
1152.04
1115.08
1106.98
1105.79
1105.07
1101.97
1105.07
1116.99
1116.99
1109.12
21208.05
1094.10
1071.93
1071.93
1074.79
1091.96
1087.19
1096.01
1080.99
1066.92
1065.02
25192.02
1094.10
1079.08
1093.15
1086.95
1096.96
1096.01
1112.94
1110.08
1120.09
1096.01
25215.15
1132.97
1109.84
1114.85
1101.02
1125.10
1097.92
1100.06
1093.86
1091.00
25141.00
1158.95
1614.09
1109.12
1097.92
1101.02
1086.95
1101.97
1066.92
1065.97
1059.06
25184.15
1124.14
1115.08
1122.00
1132.97
1116.04
1095.06
1114.85
1091.00
1090.05
1086.95
25197.03
1124.14
1105.07
1112.94
1107.93
1170.16
1079.08
1105.07
1104.12
1096.01
25145.05
1113.89
1068.83
1067.88
1071.93
1064.06
1068.12
1073.12
1111.03
1124.14
1096.01
25135.99
1110.08
1080.04
1078.13
1096.96
1091.96
1083.14
1082.90
1096.01
1094.10
1106.02
25153.16
1146.08
1111.98
1102.92
1105.79
1122.00
1106.02
25147.91
1139.16
1116.99
1096.01
1093.86
1100.78
1092.91
1127.96
1110.08
1096.96
1101.02
25135.04
1131.06
1108.88
1111.03
1086.00
1075.98
1069.07
9094.95
1143.93
1103.88
1096.01
1104.12
1096.96
1089.10
1102.21
21170.85
1097.92
1087.90
1085.04
1091.00
1095.06
1091.96
1076.94
1050.00
1057.86
1057.86
25187.97
1116.99
1101.02
1117.94
1108.88
1086.95
1089.10
17187.12
1122.00
1122.00
1092.91
1100.06
1086.95
1103.88
25194.88
1114.85
1103.88
1122.95
1094.10
1090.05
1098.87
1101.02
1091.00
1097.20
1097.92
25193.93
1134.87
1095.06
1106.02
1114.85
1102.92
1100.06
1123.19
1086.95
1096.96
17141.10
1131.06
1100.78
1095.06
1101.97
1087.90
1086.00
1101.02
1111.03
1094.10
1089.10
25119.07
1132.97
1099.11
1087.90
1097.92
1084.09
1085.04
1088.86
1098.16
1084.09
1086.00
25122.88
1135.83
1119.85
1114.85
1124.86
1092.91
1089.10
1096.96
1092.91
1091.96
1094.10
21183.01
1133.20
1093.15
1100.06
1078.13
1068.12
1073.12
21108.87
1112.94
1079.80
1070.02
1078.13
1069.07
1071.93
1075.98
1086.00
1091.00
1100.06
25137.90
1144.89
1095.77
1106.98
1123.91
1096.96
1116.99
1111.98
1109.84
1107.93
1091.00
25172.00
1117.94
1097.92
1099.11
1100.06
1099.11
1088.14
1095.06
1091.00
1089.81
1091.96
25196.08
1104.12
1099.11
1116.99
1101.02
1109.84
1101.02
25201.08
1115.08
1106.02
1109.12
1097.20
1086.95
1088.14
1090.05
1061.20
1055.00
1059.06
25156.97
1124.14
1118.90
1096.96
1052.14
1063.11
1060.96
1069.07
1066.92
1065.97
1071.93
25166.03
1107.93
1096.01
1087.90
1086.00
1088.14
1082.90
1098.87
1084.80
1100.06
1091.96
25179.15
1085.04
1064.06
1090.05
1097.92
1119.14
1096.96
1101.02
1101.02
1100.06
1096.01
25192.02
1090.05
1096.96
1094.10
1096.96
1100.78
1097.92
1106.98
1106.02
1098.16
1101.97
25199.17
1120.09
1101.97
1101.97
1096.96
1091.96
1094.10
1115.08
1101.02
1093.86
29129.03
1111.03
1076.94
1086.95
1085.04
1091.00
1083.14
1095.06
1110.08
1094.10
1089.10
25134.09
1142.02
1111.03
1096.01
1109.12
1098.16
1095.06
1096.96
1055.96
1060.96
1056.91
25117.87
1146.79
1111.03
1100.06
1103.88
1101.02
1100.06
1101.02
1099.11
1106.02
22754.91
1111.98
1097.92
1111.98
1099.82
1096.01
1089.10
1102.92
1097.92
1095.06
25124.79
1147.03
1111.98
1095.06
1100.06
1095.06
1096.96
1091.00
1126.05
1099.11
1096.01
25136.95
1152.04
1127.00
1097.92
1106.02
1097.92
1101.02
1101.97
1094.82
1093.86
1098.87
25192.02
1097.92
1079.08
1080.04
1092.20
1081.94
1094.82
1088.86
1091.00
1114.13
1091.96
25192.02
1116.99
1110.08
1097.20
1091.96
1088.86
1085.04
1078.84
1107.93
1102.21
1105.07
33211.95
1115.80
1101.02
1101.97
1109.84
1107.93
1108.17
1075.03
1059.06
1059.06
1059.77
20374.06
1100.06
1087.19
1076.94
1087.90
1074.08
1080.04
1076.22
29227.97
1147.99
1123.91
1119.85
1101.97
1099.11
1093.15
13190.98
1111.98
1108.88
1112.94
1119.85
1127.96
1101.02
25213.00
1122.95
1106.98
1107.93
1103.88
1102.21
1100.06
29206.99
1099.82
1101.97
1099.11
1096.01
1098.16
1092.91
25164.13
1145.12
1095.06
1093.15
1106.02
1114.13
1111.03
17144.92
1129.15
1098.16
1094.10
1106.02
1079.08
1079.08
37112.95
1131.06
1087.90
1081.94
1082.18
1080.04
1078.13
1070.02
1086.00
1071.93
1078.13
25107.15
1137.02
1091.00
1083.85
1081.94
1070.02
1071.93
1080.04
1080.04
1076.94
1073.12
25093.08
1138.93
1096.01
1096.01
1086.95
1080.99
1074.08
1076.94
1090.05
1080.99
1079.08
25108.81
1134.87
1081.94
1086.00
1087.90
1078.84
1076.94
1075.98
1096.96
1076.94
1074.08
25114.06
1135.83
1087.90
1080.99
1089.10
1076.94
1077.89
1081.94
1101.02
1093.86
1084.09
25121.21
1143.93
1102.92
1092.20
1091.00
1085.04
1086.00
1090.05
13163.09
1075.98
1060.01
1048.09
1063.11
1065.02
1065.97
1066.92
1061.20
1055.96
1052.14
21176.10
1106.98
1102.92
1101.97
1124.86
1128.91
1107.93
25197.98
1088.86
1070.02
1058.10
1070.02
1058.10
1050.00
1053.81
1112.94
1112.94
1116.99
25207.04
1087.19
1063.82
1071.93
1080.99
1082.90
1080.04
9128.09
1107.93
1080.99
1075.98
1066.92
1072.17
1070.98
1081.94
21196.13
1142.02
1113.89
1122.00
1127.00
1137.97
1116.04
1125.10
1122.95
1123.91
25187.02
1113.89
1080.04
1070.02
1066.92
1112.94
1101.02
13132.81
1137.02
1089.10
1075.98
1077.89
1073.84
1070.02
1058.10
1077.89
1060.96
1067.16
25074.01
1140.12
1079.08
1063.11
1066.92
1054.05
1055.00
1056.91
25161.03
1115.08
1091.96
1103.88
1084.09
1084.09
1093.15
1080.04
1096.01
1099.82
1093.86
29188.87
1111.98
1109.12
1097.92
1083.85
1085.04
1080.04
1083.14
1081.94
1078.84
1076.94
25154.11
1073.84
1066.92
1064.06
1063.11
1065.97
1065.02
1070.02
1108.17
1076.94
1101.02
17199.04
1082.90
1078.13
1070.02
1087.90
1090.05
1087.19
1090.05
1079.08
1073.12
1071.93
25166.03
1078.13
1060.01
1064.06
1059.06
1055.96
1058.10
1079.08
1063.11
1065.02
1063.11
25170.09
1124.86
1106.98
1096.96
1075.03
1084.80
1075.98
1083.14
1074.08
1074.08
1086.00
25187.02
1120.09
1098.16
1103.88
1122.95
1106.02
1101.97
1105.07
1097.92
1095.06
1097.92
33200.03
1124.86
1112.94
1096.96
1106.98
1099.11
1091.00
1100.06
1096.96
1101.02
25156.97
1174.93
1123.19
1132.01
1098.16
1075.98
1074.79
1083.85
1080.04
1073.12
1070.98
25114.06
1137.97
1117.94
1096.96
1084.09
1061.20
1061.92
1065.02
1075.98
1068.12
1075.03
21121.03
1099.11
1062.15
1055.96
1068.83
1061.92
1060.01
1054.05
1071.93
1067.88
1061.92
25091.17
1116.99
1077.89
1072.88
1079.08
1072.88
1074.08
1073.12
1084.09
1062.15
1060.01
1058.10
25158.17
1101.02
1081.94
1096.01
1077.89
1080.04
1076.94
1088.14
1075.98
1077.89
1075.98
17173.05
1107.93
1095.77
1081.94
1112.94
1122.95
1118.90
21214.96
1122.95
1099.82
1096.01
1096.01
1088.86
1088.86
1103.16
1075.03
1078.13
1074.08
25175.09
1091.00
1073.84
1090.05
1066.92
1060.96
1055.00
21166.09
1080.04
1064.06
1065.02
1073.12
1063.11
1065.02
1075.98
1071.93
1072.17
1075.03
25152.21
1098.87
1077.89
1079.08
1091.00
1076.94
1074.79
1080.04
1073.12
1075.98
1070.02
29160.02
1102.92
1070.02
1070.98
1065.97
1068.12
1063.11
1060.96
1057.86
1067.88
1067.16
25107.15
1122.00
1064.78
1074.08
1072.88
1065.97
1065.97
1066.92
1068.12
1062.15
1062.87
25099.04
1121.04
1083.14
1076.94
1091.96
1083.14
1085.04
1078.13
1106.98
1101.97
1082.90
25127.89
1132.01
1112.22
1087.90
1092.91
1079.08
1075.98
13097.05
1165.87
1119.85
1103.88
1114.13
1101.97
1104.83
1101.02
1079.08
1088.14
1091.00
21118.16
1146.08
1103.16
1105.07
1106.98
1100.06
1098.16
1097.92
1070.98
1085.04
1086.00
25132.89
1117.94
1088.86
1077.89
1075.03
1092.91
1094.10
1096.96
1090.05
1091.00
1087.19
25125.03
1103.88
1066.21
1063.82
1076.94
1061.92
1065.02
1069.78
1050.95
1060.01
1071.93
25107.15
1158.95
1127.00
1108.17
1100.06
1066.92
1060.01
1060.01
1073.12
1065.02
1065.97
25110.96
1106.98
1074.08
1068.12
1080.04
1075.98
1069.07
1070.98
1081.94
1077.18
1079.08
25119.07
1163.96
1116.99
1111.03
1088.86
1117.94
1124.14
1113.89
1118.90
1119.85
1115.80
25193.93
1111.98
1111.98
1107.93
1091.00
1078.84
1071.93
17117.98
1141.07
1120.09
1105.07
1115.08
1093.15
1091.96
17125.84
1122.00
1075.03
1074.08
1082.90
1143.93
1140.12
1133.20
25209.90
1138.93
1124.86
1134.16
1122.95
1119.85
1122.95
25214.91
1141.07
1117.94
1107.93
1116.04
1130.82
1110.08
1132.01
1121.04
1122.00
25164.13
1122.24
1084.09
1082.90
1091.96
1083.14
1086.00
1082.90
1111.03
1122.95
1111.03
25202.99
1170.87
1142.02
1159.91
1133.92
1137.02
1133.92
25245.90
1174.21
1141.07
1142.02
1138.93
1134.87
1132.01
25227.07
1121.04
1124.86
1102.92
1141.07
1125.10
1130.10
25227.07
1111.98
1103.88
1097.92
1096.01
1086.95
1081.94
17179.97
1102.92
1085.04
1088.14
1101.02
1103.88
1099.11
1113.18
1105.07
1106.98
1112.94
25186.06
1097.20
1082.90
1086.95
1078.13
1080.99
1079.08
1091.00
1137.97
1147.03
1133.20
25208.95
1120.81
1114.85
1127.00
1105.07
1101.97
1109.84
1123.91
1132.97
1137.02
25169.13
1173.02
1129.87
1117.94
1115.08
1109.12
1110.08
1106.02
1139.88
1143.93
1142.02
21228.79
1112.94
1101.97
1111.03
1098.16
1097.92
1101.97
17218.11
1136.06
1106.98
1111.98
1108.17
1106.02
1109.12
17189.98
1132.01
1118.90
1117.94
1123.19
1276.02
1091.96
17194.99
1104.12
1086.95
1090.05
1099.11
1084.09
1087.90
17138.00
1138.93
1102.92
1100.06
1102.21
1086.95
1077.18
1085.04
1078.13
1079.08
1076.94
37143.95
1178.98
1158.00
1141.07
1145.84
1122.00
1121.04
25169.13
1152.99
1112.22
1102.92
1104.12
1095.06
1089.10
25124.07
1176.83
1133.92
1103.16
1109.12
1080.99
1084.80
1098.87
1090.05
1091.00
1084.09
25175.09
1122.00
1102.92
1101.97
1111.03
1104.12
1101.97
1099.82
1122.95
1113.18
1128.91
25246.86
1157.05
1164.91
1136.06
1091.96
1099.11
1096.96
1106.02
1095.06
1094.10
29130.94
1127.96
1091.00
1088.86
1087.90
1088.14
1085.04
1086.00
25223.97
1141.07
1120.09
1111.98
1116.99
1104.12
1101.97
13195.99
1085.04
1074.08
1090.05
1116.99
1122.95
1107.93
1125.10
1098.16
1094.10
1105.07
1092.91
1086.95
1083.14
17127.99
1194.00
1132.01
1123.19
1126.05
1130.10
1109.12
1092.91
1077.18
1075.98
1080.04
33174.99
1147.99
1118.90
1112.94
1105.07
1099.11
1098.16
1074.08
1069.07
1065.02
1068.12
25181.06
1142.02
1122.00
1137.02
1122.00
1111.03
1116.99
1108.88
1084.80
1081.94
17122.03
1142.02
1093.15
1082.90
1091.96
1131.06
1129.87
1126.05
17212.87
1114.85
1109.84
1101.97
1075.98
1078.84
1076.94
21167.04
1091.00
1071.93
1080.99
1065.02
1067.16
1060.96
1073.12
1064.06
1065.97
1059.06
25171.04
1089.10
1070.02
1068.83
1071.93
1070.98
1062.87
1075.98
1067.16
1063.11
1066.92
21153.93
1123.91
1100.06
1093.15
1119.14
1099.11
1094.10
1101.02
1085.04
1080.99
1074.08
25202.04
1106.02
1097.92
1090.05
1072.88
1087.19
1080.99
1085.04
1077.89
1086.00
1080.04
21199.94
1141.07
1120.09
1116.99
1109.84
1103.88
1099.11
25185.11
1110.08
1094.10
1088.14
1083.14
1079.08
1075.98
25128.13
1123.91
1075.98
1065.97
1091.00
1123.91
1119.14
25176.05
1124.86
1086.95
1074.08
1089.10
1080.99
1076.94
1076.94
25182.96
1105.07
1089.10
1092.20
1080.99
1086.00
1081.94
25201.08
1165.87
1163.96
1140.12
1103.88
1106.98
1106.02
17226.93
1163.01
1149.89
1143.93
1147.03
1132.97
1127.00
1137.02
1137.02
1127.96
25177.96
1134.16
1092.91
1086.95
1096.96
1138.93
1142.02
1147.03
1139.88
1134.87
1132.97
25230.17
1153.95
1113.89
1119.14
1120.09
1124.14
1132.01
1130.10
1133.92
1129.87
25157.93
1147.99
1108.88
1101.97
1092.20
1101.02
1100.06
1101.02
1106.98
1091.00
1081.94
25131.94
1182.08
1148.94
1169.92
1123.19
1101.97
1093.86
1100.06
1094.82
1091.00
1096.01
25204.18
1147.03
1137.02
1140.83
1140.83
1143.93
1136.06
1144.17
1141.07
1137.02
25191.78
1141.07
1091.00
1084.09
1077.18
1137.97
1139.16
1135.11
1137.02
1134.16
1130.10
25243.04
1169.20
1151.08
1141.07
1111.03
1115.08
1105.79
25222.06
1137.97
1147.03
1112.94
1097.92
1110.08
1108.17
1117.94
1122.00
1111.03
1121.04
25200.13
1137.02
1098.87
1128.20
1096.96
1093.86
1090.76
25223.02
1122.95
1104.83
1096.96
1075.03
1077.18
1078.13
25188.92
1142.98
1127.96
1133.92
1133.20
1126.05
1126.05
25202.99
1121.04
1100.06
1098.16
1080.99
1078.13
1078.13
25117.16
1121.04
1086.00
1087.90
1092.91
1085.04
1086.00
1079.08
1119.85
1123.91
1121.04
25226.83
1147.99
1142.98
1135.83
1118.90
1103.16
1113.89
1111.98
1106.98
1106.98
1098.87
21189.93
1095.06
1091.96
1080.04
1083.14
1081.94
1070.02
17174.01
1128.91
1099.11
1115.08
1099.11
1094.10
1086.95
17189.03
1127.96
1091.96
1088.14
1096.01
1095.06
1104.12
17133.00
1148.94
1122.95
1114.85
1125.81
1114.85
1111.03
25162.94
1163.01
1124.14
1115.08
1089.10
1106.02
1106.98
1101.02
1106.98
1096.96
1091.96
25167.94
1142.02
1129.87
1116.04
1080.99
1075.03
1072.88
1076.22
1084.09
1084.09
1080.99
25184.15
1101.97
1091.96
1090.05
1102.21
1111.03
1094.10
1110.08
1112.94
1095.06
1097.92
25182.01
1097.92
1088.86
1082.90
1133.92
1130.10
1124.14
1128.91
1124.86
1122.95
25156.02
1157.05
1111.03
1111.03
1093.15
1111.03
1096.01
1106.98
1121.04
1098.87
1108.88
25131.94
1147.99
1106.02
1094.10
1096.01
1079.80
1081.94
1078.13
1091.96
1087.19
1087.90
25163.89
1115.08
1075.03
1074.08
1086.00
1076.94
1075.98
25131.94
1149.89
1109.12
1100.06
1117.23
1096.01
1100.06
25130.03
1160.86
1090.05
1080.04
1072.17
1085.04
1079.08
1079.08
1089.10
1076.94
1069.07
25093.08
1127.96
1078.84
1066.92
1070.98
1061.92
1063.11
1060.96
1061.92
1071.93
1076.94
1077.89
25172.95
1087.90
1074.08
1085.04
1065.97
1066.92
1071.93
1086.00
1077.89
1080.99
1080.04
25187.97
1102.92
1105.07
1091.96
1095.06
1110.08
1093.15
1111.03
1115.08
1096.01
25147.91
1142.02
1099.11
1086.00
1086.00
1107.93
1097.20
1095.06
17193.08
1107.93
1101.02
1098.87
1091.96
1095.06
1093.15
17216.92
1121.04
1096.01
1111.98
1079.08
1091.00
1088.86
1091.00
1082.90
1100.06
1085.04
25213.96
1152.04
1129.15
1100.06
1111.03
1106.02
1094.10
1101.97
1096.96
1100.06
25135.99
1126.05
1078.13
1069.07
1070.02
1083.14
1060.01
1070.98
1086.00
1075.03
1070.98
21111.97
1137.97
1096.96
1098.87
1109.84
1096.01
1094.10
1109.12
17224.07
1106.02
1104.12
1101.97
1097.92
1099.11
1091.00
25233.03
1130.10
1130.10
1127.00
1085.04
1091.00
1086.95
1083.85
1083.85
1075.98
1073.12
25243.04
1158.95
1134.87
1133.92
1074.08
1079.80
1082.90
17193.79
1094.10
1086.00
1084.09
1111.98
1106.02
1110.08
25210.14
1123.91
1108.88
1112.94
1090.05
1109.84
1091.00
1102.92
1082.18
1085.04
1075.03
25183.92
1090.76
1082.90
1091.00
1089.10
1089.10
1095.06
1089.10
1090.05
1090.05
1086.00
25177.96
1096.01
1096.01
1099.11
1077.18
1077.89
1080.99
17169.00
1094.82
1079.80
1061.92
1101.02
1101.02
1105.07
17182.11
1116.99
1093.86
1077.89
1088.14
1096.01
1089.81
25153.88
1149.89
1118.90
1113.89
1067.16
1100.06
1096.96
29128.79
1153.95
1111.98
1103.16
1132.01
1106.98
1119.85
1088.86
1072.88
1071.93
1079.08
25122.17
1152.04
1124.14
1103.88
1121.04
1104.12
1098.87
1103.88
1106.98
1105.07
1096.01
25203.94
1106.98
1091.00
1093.15
1094.10
1095.06
1102.92
1096.96
1110.08
1111.03
1100.06
29181.00
1089.10
1071.93
1073.84
1073.84
1070.98
1075.03
1089.10
1086.00
1086.00
1096.96
25202.99
1105.07
1110.08
1116.99
1094.82
1105.07
1099.11
1118.90
1111.03
1116.99
1092.91
25177.00
1111.03
1093.86
1101.02
1103.16
1101.02
1096.96
1108.17
1094.10
1095.06
17146.11
1144.17
1103.88
1103.88
1116.99
1106.98
1103.88
9140.97
1158.95
1103.88
1077.89
1073.84
1060.96
1064.06
1068.12
25182.96
1119.85
1101.97
1085.04
1091.00
1087.90
1081.94
1095.06
1083.14
1080.04
1078.13
28604.03
1120.09
1116.04
1126.05
1089.10
1131.06
1129.15
13165.00
1137.02
1099.82
1107.93
1107.22
1096.96
1090.05
1097.92
1073.12
1084.09
1080.04
29123.07
1188.99
1161.10
1142.02
1156.09
1152.04
1145.12
1149.89
1143.93
1139.16
1149.89
25222.06
1150.13
9716.99
1158.00
1127.96
1132.97
1122.00
1116.99
1110.08
1119.14
1122.95
1114.85
1111.03
25161.98
1154.90
1132.01
1127.00
1152.99
23707.87
1121.04
1111.03
1111.03
1106.02
1100.06
1110.08
1096.96
1117.94
1103.88
1097.92
16849.99
1095.77
1080.04
1081.94
1143.93
1142.02
1137.97
13206.96
1141.07
1116.99
1115.08
1078.13
1079.08
1074.08
1086.00
1075.03
1080.04
1077.18
18841.98
1124.14
1121.04
1108.17
1106.98
1109.12
1147.03
1134.87
1129.15
25213.96
1112.94
1093.15
1086.00
1093.86
1092.91
1080.99
33133.03
1154.90
1105.07
1101.02
1146.08
1137.97
1133.92
18975.97
1178.98
1160.86
1138.93
1138.21
1147.03
25226.12
1137.97
1114.85
1108.88
1103.16
1110.08
1106.98
21232.84
1163.01
1147.99
1147.03
1134.16
1140.12
1117.94
1139.88
1125.81
1129.87
25169.85
1152.04
1125.10
1101.97
1135.11
23236.04
1172.07
1112.94
1112.94
1151.08
1084.09
1086.00
1088.86
1096.01
1096.01
1101.97
17201.90
1191.85
1143.93
1165.87
1155.14
1152.04
1154.90
1157.05
1154.90
1156.09
25201.08
1209.02
1169.92
1163.01
1169.92
1144.89
1158.00
1158.95
1145.12
1156.09
1136.06
25249.00
1158.95
1154.18
1152.99
1152.99
1143.93
1146.08
1146.08
1149.89
1139.16
29233.93
1111.98
1091.96
1086.00
1091.96
1076.94
1075.98
1072.88
1075.98
1075.03
1074.08
25172.95
1102.92
1116.04
1086.00
1077.89
1081.94
1072.17
17131.09
1140.12
1095.06
1094.10
1101.97
1095.06
1094.10
21449.09
1176.12
1128.91
1142.98
1062.15
1092.91
1087.90
1084.80
1091.96
1084.09
1080.04
21224.98
1137.97
1111.03
1096.01
1072.88
1075.98
1074.08
29114.01
1180.89
1123.91
1113.89
1080.04
1079.80
1075.98
26139.02
1191.85
1152.99
1151.08
1142.02
1142.98
25187.02
1132.97
1077.89
1065.97
1080.99
1157.05
1144.89
29174.09
1194.00
1163.96
1151.80
1153.95
1142.02
1142.02
17181.87
1163.01
1125.10
1116.99
1128.91
1106.98
1111.98
25156.02
1211.88
1142.98
1135.11
1141.07
1147.03
1156.09
17187.12
1161.81
1117.94
18594.98
1095.06
1085.04
1091.00
1086.95
1090.05
1088.14
1069.07
1090.05
1092.20
1091.96
1082.18
1085.04
1077.18
29114.01
1127.96
1097.92
1086.95
1098.16
1086.95
1085.04
1086.00
1085.04
1085.04
1072.17
25116.92
1127.00
1086.00
10501.15
1142.02
1158.00
1147.03
1159.91
1153.95
1158.00
1158.95
1152.04
1154.90
25257.11
1178.98
1163.96
1161.10
12472.15
1142.98
1127.00
1127.00
1131.06
1122.00
1122.00
1090.05
1118.18
1121.04
25155.07
1191.85
1145.84
1169.20
1152.99
1145.12
1139.16
1137.02
1106.98
1114.85
1117.94
25211.10
1139.16
1103.88
1106.98
1097.92
1100.06
1089.10
1086.00
1110.08
1119.14
1119.14
29207.94
1113.18
1089.10
1091.96
1127.96
1127.00
1122.95
1129.15
1112.94
1123.91
21149.16
1177.07
1106.98
1116.04
1125.10
1101.02
1097.92
25133.85
1137.02
1084.09
1075.98
1076.94
1122.00
1108.88
1118.90
21250.01
1167.06
1156.09
1170.16
1152.04
1152.99
1144.89
1048.09
1062.15
1062.15
25106.91
1170.87
1123.91
1115.80
1126.05
1117.94
1116.99
1109.12
1096.96
1101.02
1093.86
25214.20
1132.97
1145.12
1119.14
1091.96
1091.96
1089.10
17204.05
1125.10
1112.22
1118.90
1082.90
1095.06
1089.81
1097.92
1093.15
1094.10
1102.92
29185.06
1110.08
1103.16
1102.92
1101.02
1105.07
1098.87
33217.91
1103.88
1104.83
1110.79
1101.97
1092.20
1097.92
1101.02
1091.00
1099.11
1097.92
25202.99
1109.12
1096.96
1113.89
1107.93
1112.94
1101.02
1106.98
1101.97
1097.92
17140.87
1148.94
1096.96
1091.96
1102.92
1090.76
1098.87
1092.91
17193.08
1112.94
1086.95
1098.87
1091.96
1080.04
1068.83
17185.93
1118.18
1101.02
1105.07
1099.11
1102.92
1097.92
1104.83
1100.06
1096.96
1094.82
25204.90
1113.89
1103.88
1105.07
1098.16
1101.02
1099.11
1105.07
1097.20
1095.06
25124.07
1154.90
1105.07
1100.06
1104.12
1100.06
1101.97
1094.10
1105.07
1099.11
1098.16
25142.91
1146.08
1101.97
1098.87
1110.79
1100.06
1096.01
1103.16
1096.96
1093.86
1098.87
21156.07
1113.18
1076.94
1081.94
1093.15
1096.96
1087.90
1092.20
1070.98
1067.16
1074.08
25126.93
1146.08
1111.03
1102.92
1132.97
1096.96
1095.06
17148.97
1138.21
1102.92
1083.85
1093.86
1086.00
1065.02
21094.08
1143.93
1116.04
1091.00
1091.00
1084.09
1077.18
1076.94
1101.02
1085.04
1082.18
25119.07
1147.99
1099.82
1091.00
1107.93
1080.04
1080.04
1080.99
1096.01
1086.00
1089.10
25119.07
1124.14
1076.94
1062.87
1076.94
1084.09
1082.18
1084.09
1096.96
1088.86
1091.96
21142.96
1151.08
1106.98
1105.07
1106.02
1102.92
1101.97
17138.00
1158.00
1108.88
1091.00
1096.01
1080.99
1075.98
1072.88
17192.84
1086.95
1078.84
1080.99
1085.04
1078.13
1089.10
25191.07
1097.20
1094.10
1089.10
1093.86
1087.90
1087.19
25125.98
1135.83
1095.06
1091.96
1096.01
1101.02
1096.01
21142.01
1153.95
1104.83
1092.91
1093.15
1086.95
1080.99
1089.10
25177.96
1103.88
1096.96
1101.02
1101.02
1101.02
1104.12
25222.06
1190.19
1172.07
1154.90
1143.93
1137.02
1147.03
1153.95
1132.97
1134.87
25167.94
1182.79
1165.87
1148.94
1158.95
1149.89
1147.99
1124.14
1116.99
1114.13
1127.00
25205.85
1132.01
1122.00
1105.07
1136.06
1126.05
1122.00
1135.83
1127.96
1125.10
25161.98
1167.06
1127.00
1122.00
1137.02
1130.10
1122.95
1130.82
1126.05
1123.91
1123.91
21209.00
1109.12
1094.10
1106.98
1092.91
1100.78
1101.97
1080.04
1091.96
1089.10
1091.00
25179.86
1091.00
1088.86
1081.94
1081.94
1079.08
1083.14
1091.96
1098.16
1091.96
25136.95
1164.20
1115.08
1111.03
1106.98
1091.96
1091.00
1074.79
1116.04
1105.07
1108.88
25152.92
1124.86
1086.00
1090.05
1100.06
1091.00
1093.86
1112.94
1132.97
1127.00
1122.00
25213.00
1145.12
1130.10
1116.04
1086.00
1092.91
1093.86
1101.02
1093.86
1091.00
1104.12
25219.92
1119.85
1111.03
1113.89
1131.06
1120.09
1135.11
1131.06
1121.04
1145.12
25171.04
1169.92
1125.10
1115.08
1127.96
1117.94
1116.99
1122.95
1120.09
1113.89
1116.04
29244.90
1171.11
1168.01
1174.21
1167.06
1173.02
1162.05
25264.98
1187.09
1167.06
1174.93
1165.87
1168.97
21197.08
1205.21
1163.96
1141.79
1148.94
1133.20
1151.08
1162.05
1105.07
1098.16
1101.97
25213.96
1137.97
1116.99
1119.85
1134.87
1113.89
1130.82
1127.00
1143.93
1116.04
25151.01
1168.97
1125.10
1122.00
1127.00
1118.90
1121.04
21151.07
1177.07
1115.08
1103.16
1115.08
1074.08
1075.98
1076.94
17217.16
1132.01
1114.13
1137.02
1119.14
1119.14
1112.94
25218.01
1123.91
1092.91
1075.98
1099.11
1095.06
1093.15
17184.97
1126.05
1122.95
1142.02
1116.04
1122.95
1134.16
1145.84
1146.08
1120.09
25151.97
1173.97
1122.00
1120.81
1123.91
1114.85
1114.85
1135.83
1131.06
1111.98
1108.17
25182.01
1152.99
1112.94
1102.21
1131.06
1124.14
1122.95
1122.24
1110.08
1111.03
1096.96
17223.83
