1139.88
1118.90
1079.08
1073.12
1029.01
1075.98
1075.98
25152.92
1053.81
1037.84
1065.97
1052.14
1023.05
1027.11
17064.09
1104.12
1067.16
993.97
1102.92
1120.09
1096.01
1101.02
21162.99
1070.02
1055.00
1067.88
1093.86
1103.88
1086.00
1111.03
1070.98
1077.89
1087.90
33169.98
1102.92
1082.90
1075.03
1104.83
1107.93
1118.18
25175.09
1067.16
1056.91
1067.16
1044.03
1046.18
1039.03
17079.11
1118.18
1096.01
1061.20
1067.88
1062.87
1060.01
1056.91
21145.82
1082.90
1041.89
1046.90
1037.84
1034.02
1025.92
1060.96
1034.02
1027.82
1028.06
33097.03
1124.14
1074.08
1050.95
1130.82
1144.89
1127.00
13175.96
1112.94
1087.19
1076.94
1092.91
1042.13
1044.99
1049.04
25158.88
1062.87
1049.04
1065.02
1069.07
1064.06
1066.92
37131.07
1116.99
1095.06
1069.07
1039.03
1091.00
1085.04
1089.81
1116.99
1106.98
1098.87
25215.86
1068.83
1039.03
1025.92
1037.84
1029.97
1026.15
1032.11
1092.91
1083.85
1085.04
29119.97
1140.83
1103.88
1102.92
1118.18
1106.98
1110.08
17128.94
1121.04
1074.08
1065.02
1066.92
1056.19
1071.93
1138.21
25156.02
1057.15
1049.04
1050.00
1049.04
1038.07
1046.18
9078.98
1127.00
1091.00
1080.04
1073.84
1067.88
1058.82
1056.91
37179.95
1085.04
1065.02
1055.00
1065.97
1072.17
1075.98
1101.02
1091.00
1090.05
1084.09
25156.02
1067.88
1046.90
1045.94
1042.13
1037.12
1034.02
1048.09
1064.06
1077.18
1076.94
29206.04
1089.10
1075.98
1076.94
1071.93
1076.94
1077.89
9108.07
1138.93
1097.20
1080.99
1106.98
1070.98
1058.82
21082.88
1163.96
1111.98
1103.88
1106.02
1066.92
1071.21
1105.07
1089.10
1073.12
1066.92
53098.20
1122.00
1063.82
1061.92
1075.03
1074.08
1064.06
1057.86
25161.98
1063.11
1053.09
1055.00
1092.91
1083.85
1086.95
1104.12
1091.00
1086.00
1091.96
21200.18
1106.98
1098.87
1097.92
1099.11
1091.00
1097.92
25192.02
1070.02
1055.00
1040.94
1076.94
1086.00
1078.84
1081.94
1079.08
1073.12
1087.90
29137.85
1111.03
1074.08
1073.12
1048.09
1033.07
1048.09
1043.08
1054.05
1040.94
1037.12
17081.98
1132.01
1070.02
1067.16
1075.98
1048.09
1062.15
1062.15
9154.08
1105.07
1095.06
1078.13
1060.01
1058.10
1070.02
25115.01
1116.04
1092.20
1068.12
1107.93
1092.91
1122.95
25139.81
1100.06
1045.94
1046.90
1037.84
1027.82
1031.88
1041.89
1049.04
1036.88
1048.80
1057.86
29219.87
1136.06
1108.17
1096.01
1049.04
1056.19
1044.03
37153.96
1063.82
1049.04
1046.90
1065.97
1073.12
1068.12
1071.93
1061.92
1072.17
1075.03
25099.99
1132.97
1109.12
1086.95
1119.85
1084.80
1098.87
1104.83
1086.95
1096.96
1091.00
21224.98
1137.02
1107.93
1127.00
1120.09
1120.09
1141.07
33233.17
1085.04
1056.19
1050.00
1113.18
1106.02
1120.09
1101.97
1107.93
1109.12
1116.99
29157.88
1075.03
1039.98
1048.80
1056.91
1067.88
1069.07
17130.85
1107.93
1074.08
1065.02
1074.08
1074.08
1079.08
1069.07
25164.13
1060.96
1041.89
1036.17
1061.92
1055.00
1049.04
25097.13
1096.96
1065.02
1055.00
1104.12
1548.05
1039.98
1041.89
1038.07
1041.89
1039.03
29148.82
1067.88
1076.94
1039.03
1102.21
1075.03
1078.13
49123.05
1134.16
1090.05
1075.03
1093.15
1093.15
1097.92
1086.00
17118.93
1065.97
1049.04
1044.99
1039.98
1045.94
1049.04
25104.05
1080.04
1053.09
1041.17
1050.00
1048.09
1039.98
1034.02
17153.98
1069.07
1059.06
1061.20
1050.95
1056.19
1065.02
21099.09
1123.91
1103.16
1091.00
1106.98
1100.06
1090.05
1100.06
1084.09
1086.95
1088.86
41162.97
1087.19
1070.02
1060.96
1055.00
1070.02
1082.90
1074.08
1075.03
1084.09
1061.92
29123.07
1086.00
1056.91
1049.04
1050.00
1060.96
1038.07
1034.98
37184.95
1101.97
1091.00
1082.90
1077.18
1082.90
1071.93
25160.07
1090.05
1072.88
1106.98
1075.03
1068.83
1064.06
1060.96
1087.90
1083.14
1074.08
17163.99
1065.02
1051.90
1040.94
1101.97
1123.91
1123.91
17181.16
1127.96
1089.81
1077.89
1099.82
1113.89
1098.16
21151.07
1158.00
1106.98
1086.95
1092.91
1107.22
1106.02
25139.09
1163.01
1113.89
1088.86
1096.96
1085.04
1084.09
1075.98
17203.09
1094.10
1080.04
1122.00
1080.04
1075.03
1088.14
29194.12
1091.00
1069.07
1084.80
1077.89
1075.98
1082.90
25122.88
1131.06
1084.09
1084.09
1090.05
1080.99
1081.94
21095.99
1147.99
1087.90
1077.18
1078.13
1080.99
1083.14
1079.08
25208.95
1111.03
1094.10
1080.99
1060.01
1054.05
1050.95
1049.04
1043.80
1038.07
1035.93
21159.89
1124.14
1106.98
1114.85
1108.88
1103.16
1107.93
25146.01
1156.09
1117.94
1113.89
1106.02
1099.82
1091.96
1095.06
1076.94
1086.00
1077.18
29168.13
1053.09
1044.99
1039.98
1045.94
1037.12
1042.84
29072.05
1150.13
1105.07
1097.92
1097.92
1096.01
1094.82
1094.82
13197.90
1086.00
1084.09
1086.95
1077.89
1073.84
1070.98
1071.93
1091.96
1095.06
1116.99
41152.00
1058.10
1044.99
1026.15
1117.94
1092.91
1110.79
13209.82
1085.04
1065.97
1065.97
1064.06
1053.09
1055.96
17081.02
1117.94
1056.91
1055.00
17136.10
1135.11
1110.08
1093.15
1024.96
1028.78
1024.96
17064.09
1110.08
1063.11
1057.15
1074.08
1064.06
1060.01
1058.10
13194.08
1091.96
1086.95
1085.04
1029.01
1036.88
1025.92
29077.05
1126.05
1080.04
1075.03
1076.22
1075.98
1075.98
1067.88
17178.06
1110.08
1091.96
1094.82
1092.91
1088.86
1087.90
25197.98
1054.05
1032.11
1030.92
1034.98
1025.20
1029.97
17050.03
1176.83
1103.88
1098.87
1114.13
1091.96
1101.02
1106.02
21207.09
1120.81
1108.88
1109.12
1095.06
1094.10
1100.06
1070.02
1058.10
1053.09
1058.10
41208.03
1116.99
1102.92
1085.04
1041.89
1040.94
1040.94
1044.99
1033.07
1038.07
1032.11
29198.17
1114.13
1111.03
1111.98
1094.82
1091.96
1096.96
25189.16
1114.13
1087.90
1091.00
1041.89
1050.95
1057.15
21087.17
1086.95
1055.96
1048.09
1049.04
1048.80
1044.99
1049.04
1042.13
1043.08
1052.14
1053.09
29204.13
1111.03
1102.92
1109.84
1097.92
1104.12
1096.96
25197.98
1103.16
1075.98
1087.90
1096.96
1103.88
1105.79
1121.04
1105.07
1109.12
1105.07
21202.09
1124.14
1116.04
1121.04
1105.79
1111.03
1106.98
23254.87
1097.20
1048.09
1044.03
1037.12
1045.94
1041.89
1036.17
1040.94
29134.99
1071.93
1061.92
1055.00
1092.91
1071.93
1064.06
17113.21
1116.99
1075.98
1065.97
1062.87
1052.14
1049.04
1048.09
9166.96
1099.11
1099.11
1082.90
1029.01
1040.94
1041.89
25087.83
1118.90
1075.98
1064.06
1064.06
1046.18
1050.00
1043.08
1064.06
1049.04
1048.80
25080.92
1117.94
1073.12
1066.92
1084.80
1066.92
1059.77
1070.02
25208.00
1092.91
1082.90
1077.18
1048.09
1045.94
1053.09
25107.15
1139.16
1080.99
1088.86
1100.78
1086.95
1104.12
1093.15
1043.08
1050.00
1064.06
29103.04
1097.92
1041.17
1041.89
1043.80
1035.93
1039.98
1029.97
29173.14
1091.96
1080.04
1086.00
1077.18
1075.03
1079.08
21112.92
1148.94
1106.98
1111.03
1106.98
1107.93
1105.79
1085.04
1038.07
1033.07
1039.98
21096.94
1122.00
1087.90
1080.04
1044.03
1039.03
1050.00
1048.80
25124.07
1047.13
1033.07
13092.04
1131.77
1106.02
1096.96
1096.96
1081.94
1083.85
1077.89
1075.03
1069.07
1070.02
29107.09
1124.14
1076.94
1077.89
1089.10
1076.22
1080.04
1079.08
25187.97
1096.96
1088.14
1081.94
1039.98
1039.98
1040.94
1060.96
1047.85
1047.85
1060.01
21219.02
1115.08
1102.92
1096.01
1084.80
1083.85
1072.88
25175.09
1094.10
1075.03
1086.00
13165.00
1090.05
1082.18
1086.00
1078.84
1076.94
1070.98
25192.02
1105.07
1095.06
1104.12
1096.01
1096.01
1105.07
21187.07
1116.04
1113.18
1092.91
1108.88
1086.00
1094.10
1077.89
1077.89
1078.84
1075.98
33195.02
1146.79
1127.96
1116.04
1103.88
1101.97
1101.97
17202.14
1086.95
1078.84
1070.02
1070.02
1062.15
1080.04
25120.02
1136.78
1093.86
1085.04
1102.92
1091.96
1096.01
1091.96
21157.03
1070.02
1061.92
1074.08
1129.15
1116.99
1108.88
1126.05
1106.98
1106.02
25140.05
1112.94
1064.06
1060.01
1060.96
1043.08
1050.23
1044.03
21183.01
1108.17
1086.95
1086.95
1074.08
1074.08
1070.02
1083.85
1075.98
1085.04
1074.08
33205.03
1120.81
1098.87
1104.83
1064.06
1065.97
1070.02
25133.13
1183.99
1150.85
1168.97
1151.08
1162.05
1147.03
17207.86
1106.98
1075.98
1068.83
1086.00
1080.99
1065.97
21120.07
1138.93
1117.94
1114.13
1111.98
1102.92
1106.02
1111.03
1113.89
1110.08
1111.03
33200.03
1137.02
1107.93
1116.99
1116.04
1102.92
1098.87
25169.85
1087.90
1065.02
1073.12
1101.02
1073.12
1079.08
9114.03
1154.18
1117.94
1107.93
1094.10
1060.01
1052.86
1053.81
29209.85
1112.94
1117.94
1127.00
1102.92
1111.03
1098.16
21218.06
1136.06
1114.85
1122.00
1118.90
1137.97
1118.18
1096.96
1065.97
1065.97
21087.17
1164.20
1117.94
1104.83
1104.83
1060.96
1080.99
1078.84
33210.99
1103.88
1086.95
1086.00
1069.78
1152.99
1062.15
1065.97
1082.18
1075.98
1070.98
1080.04
1065.97
1065.97
25106.91
1128.91
1077.89
1083.85
1092.91
1088.14
1080.04
1095.06
1116.04
1101.97
1099.11
25165.08
1142.02
1105.07
1111.03
1082.90
1087.19
1080.04
1097.92
1081.94
1074.08
1080.99
33117.06
1134.87
1085.04
1070.02
1098.16
1075.98
1088.86
33120.87
1156.81
1100.06
1082.90
1076.94
1076.22
1067.88
1061.92
25177.96
1100.06
1083.14
1079.08
1070.98
1070.02
1058.82
1046.90
1103.88
1110.79
1097.92
29210.81
1101.97
1108.17
1096.01
1092.91
1091.00
1096.01
1101.97
1105.79
1100.06
1102.92
25156.02
1058.82
1057.86
1064.06
1110.08
1100.06
1106.02
1132.01
1108.17
1116.99
25158.17
1120.09
1068.12
1055.96
1062.87
1100.06
1110.79
1095.06
25191.07
1076.94
1065.02
1060.96
1063.82
1054.05
1054.05
1065.97
1097.92
1109.84
1096.01
37241.94
1131.06
1138.93
1130.82
1118.90
1120.81
1117.94
21182.06
1073.12
1065.02
1063.11
1101.02
1098.87
1102.92
1100.06
1109.12
1099.11
1113.89
25207.04
1128.91
1098.87
1107.93
1091.00
1086.95
1091.00
21187.07
1096.01
1082.90
1080.99
1064.06
1078.13
1080.04
1082.18
1075.98
1080.99
1083.85
33205.99
1116.99
1103.16
1107.93
1061.92
1069.07
1070.02
25167.94
1084.09
1071.93
1066.92
1101.02
1071.93
1060.01
17095.80
1126.05
1081.94
1071.93
1080.99
1066.92
1061.20
1065.02
21192.07
1098.87
1085.04
1078.84
1073.84
1070.02
1062.87
1075.03
1055.96
1050.95
1049.04
33132.08
1055.00
1039.98
1036.17
1070.02
1070.02
1075.03
25141.95
1093.86
1050.00
1044.99
1072.88
1105.07
1107.22
1093.86
17153.98
1063.11
1044.03
1039.03
1073.84
1081.94
1078.13
21186.11
1075.98
1065.02
1059.06
1059.06
1053.09
1053.09
1044.03
1087.19
1089.10
1096.96
33154.01
1084.09
1047.13
1044.99
1055.96
1050.00
1050.00
1047.85
25182.96
1091.96
1077.89
1101.97
1086.00
1081.23
1066.92
9191.99
1105.07
1096.01
1096.96
1096.01
1085.04
1086.95
33157.11
1090.05
1044.03
1048.80
1060.96
1053.09
1050.00
1053.09
9142.16
1060.96
1055.96
1056.19
1040.94
1040.94
1039.03
21099.09
1086.00
1040.94
1030.92
1071.21
1067.88
1054.05
1059.06
29148.10
1069.07
1062.15
1059.06
1064.06
1059.06
1052.14
25156.02
1083.85
1060.96
1059.06
1057.15
1046.90
1050.95
1050.00
1023.05
1039.98
1034.02
29065.85
1111.03
1074.08
1066.92
1070.98
1066.92
1064.06
1063.11
33211.95
1132.97
1120.09
1117.94
1127.00
1118.90
1119.85
13192.89
1067.88
1053.09
1045.94
1076.94
1090.05
1083.85
1087.19
1082.90
1080.99
1075.03
25189.16
1074.08
1049.04
1058.10
1101.02
1111.98
1103.88
21147.01
1111.03
1075.03
1078.13
1065.97
1088.86
1088.86
1084.09
1082.90
1080.04
1075.98
25130.03
1122.95
1082.90
1078.84
1055.96
1042.13
1037.12
1039.03
33193.11
1106.98
1103.88
1104.12
1101.02
1101.02
1098.87
1087.90
1058.10
1055.00
29079.91
1135.83
1116.99
1099.11
1119.14
1101.02
1108.17
1118.90
1091.96
1079.08
1075.03
25099.99
1105.07
1055.00
1044.03
1034.98
1038.07
1033.07
1024.96
1058.82
1024.96
1029.01
1035.93
25185.11
1116.04
1093.86
1074.79
1093.86
1094.82
1098.87
25202.04
1102.92
1086.00
1089.10
1091.96
1070.98
1071.93
1067.88
1089.10
1087.19
1105.07
29196.02
1101.02
1066.92
1075.03
1079.80
1068.83
1070.02
33106.09
1149.18
1111.03
1104.12
1111.98
1091.00
1102.92
13147.83
1106.98
1060.01
1055.00
1052.14
1048.09
1036.88
1034.98
1042.13
1032.11
1034.98
1027.11
25144.10
1060.96
1049.04
1036.17
1086.00
1084.09
1086.00
33151.87
1189.95
1140.12
1129.15
1137.02
1132.01
1122.00
1106.02
1098.16
1084.09
1103.88
29208.90
1089.10
1080.04
1073.84
1068.83
1073.84
1073.84
1069.78
1025.92
1024.96
1024.96
25172.00
1127.00
1107.93
1098.16
1024.01
1028.06
1032.11
1053.09
1034.02
1042.13
1039.03
33086.06
1124.86
1087.90
1089.10
1096.01
1089.81
1080.99
17125.13
1142.02
1101.02
1080.04
1078.84
1091.96
1087.19
1075.98
1064.78
1046.90
1044.99
29071.09
1126.05
1075.98
1064.06
1067.16
1063.11
1065.97
1058.10
33172.13
1055.96
1034.98
1027.11
1039.98
1034.02
1047.85
13077.97
1111.03
1056.91
1047.85
1042.84
1051.90
1044.03
1039.03
1049.04
1047.13
1050.95
1044.99
33185.01
1051.90
1042.13
1044.03
1043.08
1034.02
1040.94
18102.17
1129.15
1091.96
1092.91
1075.98
1074.08
1077.89
1064.06
1030.92
1029.97
1029.01
29145.00
1071.93
1060.96
1059.06
1050.95
1045.94
1042.13
25129.08
1052.14
1039.03
1027.11
1049.04
1041.89
1042.13
1030.92
1091.96
1079.08
1074.08
25097.85
1133.92
1084.09
1078.13
1078.13
1065.97
1057.86
1056.91
25182.01
1104.83
1093.86
1087.90
1051.90
1039.03
1040.22
1048.09
1040.94
1036.88
1041.89
33171.18
1111.03
1093.15
1086.95
1046.90
1053.09
1058.10
25113.11
1099.11
1060.01
1050.95
1055.96
1046.18
1039.03
1044.03
25150.06
1073.12
1047.13
1059.06
1048.09
1056.19
1056.91
17110.82
1098.87
1052.86
1042.84
1047.13
1044.99
1046.90
1053.81
21246.91
1152.99
1124.86
1112.94
1080.99
1080.99
1073.12
25165.08
1061.92
1041.89
1036.88
1044.99
1029.97
1037.12
21072.15
1138.93
1093.86
1079.80
1087.90
1079.08
1083.85
1075.98
1099.11
1086.95
1102.92
41135.07
1152.99
1096.96
1106.02
1117.94
1080.04
1076.94
1090.05
1075.03
1068.83
1075.98
29119.97
1140.83
1111.98
1107.93
1096.96
1090.05
1106.02
37127.02
1137.97
1101.02
1083.85
1109.84
1086.95
1103.16
1102.92
1095.06
1080.04
1086.00
25149.11
1156.81
1105.79
1110.08
1112.94
1082.18
1080.04
1106.02
1086.95
1082.90
1073.84
25102.85
1118.90
1104.12
1091.00
1094.82
1087.90
1080.04
25128.84
1138.93
1097.92
1086.00
1070.02
1050.95
1071.93
1065.97
1070.98
1073.12
1072.17
21111.97
1142.02
1079.08
1087.90
1096.01
1080.04
1077.18
1080.04
25155.07
1060.96
1041.89
1035.93
1074.08
1073.12
1084.09
1088.14
1068.12
1077.89
1075.03
37220.00
1168.01
1139.16
1120.09
1043.08
1037.12
1039.98
21092.18
1144.17
1112.94
1093.86
1057.86
1048.80
1040.94
1037.12
1041.17
1034.02
1028.06
33066.99
1123.91
1066.92
1054.05
1060.96
1065.02
1057.15
1066.92
25169.13
1083.14
1070.02
1097.20
1070.02
1077.18
1070.02
17128.94
1106.98
1065.97
1050.95
1068.12
1038.07
1043.08
1045.94
21131.99
1047.13
1035.93
1041.89
1035.93
1033.07
1034.02
1032.83
1028.06
1029.97
1031.88
33100.13
1119.14
1073.12
1080.04
1075.98
1080.04
1064.78
25102.85
1111.98
1072.17
1053.09
1073.12
1044.99
1048.09
1045.23
9123.09
1053.09
1032.11
1039.03
1023.05
1052.14
1047.13
29082.06
1156.09
1111.03
1096.01
1107.93
1097.92
23163.08
1099.11
1084.09
1086.00
1077.18
1075.03
1076.94
1075.03
1074.08
1075.03
1087.19
29191.02
1056.19
1041.89
1039.03
1049.04
1034.02
1034.98
25080.92
1122.00
1065.02
1070.02
1072.88
1061.92
1057.86
1051.90
1064.06
1101.02
1101.97
29118.06
1100.06
1051.90
1042.13
1050.00
1039.03
1035.93
1033.07
1044.99
1072.88
1065.02
1063.82
21137.95
1057.86
1045.94
1041.17
1057.86
1051.90
1040.94
1037.12
1082.90
1073.84
1071.93
29152.15
1065.02
1034.02
1033.78
1039.03
1026.87
1025.92
1029.01
25147.91
1039.98
1026.15
1029.97
1036.17
1032.11
1029.01
1023.05
1068.83
1057.86
1066.21
21131.99
1082.18
1048.09
1050.95
1086.00
1075.03
1069.07
25104.05
1116.99
1065.02
1062.15
1069.07
1075.03
1065.02
1072.88
1098.87
1088.86
1086.24
37105.08
1125.81
1070.98
1066.92
1070.98
1065.02
1072.88
1064.78
17153.98
1075.98
1045.94
1049.04
1057.86
1044.99
1049.04
1047.13
1076.94
1078.84
1071.93
49113.04
1133.92
1093.86
1091.96
1070.02
1082.18
1065.02
1070.98
1068.83
1066.92
1066.92
29109.95
1112.94
1076.94
1070.98
1070.98
1058.10
1055.96
1052.86
17138.00
1047.13
1032.11
1044.03
1032.11
1039.03
1039.03
25084.97
1142.98
1091.96
1087.19
1085.04
1075.98
1092.20
17108.92
1151.08
1096.96
1088.14
1080.99
1059.77
1055.00
1062.15
17173.05
1110.08
1090.05
1075.98
1036.88
1049.04
1051.90
25099.99
1122.00
1073.84
1066.92
1080.04
1070.98
1071.93
1072.88
21162.99
1087.90
1075.03
1083.14
1071.93
1066.92
1072.17
25182.01
1092.91
1075.03
1079.08
1073.12
1073.12
1077.89
21106.96
1080.99
1035.93
1029.97
1043.08
1034.02
1029.01
1029.97
1066.21
1075.98
1079.08
1075.03
33166.89
1107.22
1093.86
1100.06
1091.00
1090.05
1092.91
25205.14
1111.98
1096.01
1111.98
1093.86
1087.90
1091.00
17203.81
1086.95
1069.07
1064.06
1075.98
1049.04
1055.96
21096.94
1112.94
1071.93
1058.82
1057.86
1102.92
1095.06
1086.24
1097.92
1081.94
1098.16
33128.02
1129.15
1091.00
1088.86
1093.86
1050.95
1049.04
1041.17
25170.09
1104.12
1074.08
1106.02
1075.03
1069.78
1081.94
17186.16
1068.12
1049.04
1048.09
1055.00
1046.90
1050.00
21079.06
1106.98
1063.82
1052.86
1044.03
1043.08
1035.93
1034.02
1044.03
1030.21
1043.08
1036.88
33148.05
1065.97
1052.86
1065.97
1077.89
1081.94
1072.88
25134.09
1154.90
1098.87
1099.82
1061.92
1044.99
1051.90
1051.90
9121.18
1065.02
1052.14
1055.00
1058.82
1051.90
1061.92
25163.17
1100.06
1076.94
1075.03
1086.95
1068.83
1071.93
21101.00
1086.95
1032.83
1033.07
1031.88
1045.94
1039.03
1036.88
1046.18
1027.11
1029.01
1037.12
25146.01
1075.98
1054.05
1067.16
1090.05
1077.18
1079.08
29129.03
1139.16
1094.10
1074.08
1076.94
1036.88
1035.93
1038.07
1044.03
1033.78
1036.88
29068.95
1142.98
1094.10
1097.92
1106.02
1065.97
1068.12
1057.15
25161.03
1098.87
1078.84
1082.90
1034.02
1034.98
1029.97
1034.98
1031.16
1026.87
1036.88
25110.01
1060.01
1034.98
1035.93
1035.93
1032.83
1026.87
1028.78
1110.08
1131.06
1117.94
25146.96
1111.98
1070.98
1065.02
1070.98
1096.96
1075.98
1070.02
1105.07
1074.08
1075.03
33120.16
1101.97
1061.20
1050.00
1053.09
1042.13
1039.98
1034.02
33159.97
1111.03
1086.00
1083.14
1079.08
1080.04
1079.08
13123.04
1127.00
1081.94
1083.14
1090.05
1060.01
1066.21
1066.92
1054.05
1056.91
1057.86
25103.81
1131.06
1092.91
1084.80
1072.88
1106.02
1106.98
33150.20
1120.09
1065.97
1066.92
1072.17
1070.98
1070.98
1076.94
1105.79
1119.85
1119.85
29166.94
1132.97
1098.16
1094.10
1089.81
1080.99
1077.18
1066.92
1044.99
1039.03
1037.12
25063.99
1113.89
1055.00
1050.95
1046.90
1052.14
1065.97
1058.82
1091.96
1068.12
1060.01
1070.02
25197.03
1095.06
1080.04
1080.99
1065.02
1053.09
1048.09
25147.20
1100.06
1076.94
1080.99
1085.04
1078.84
1080.04
1066.21
1050.00
1048.09
1039.98
29095.89
1082.90
1044.99
1043.08
1050.00
1045.94
1039.03
1040.94
33159.02
1070.98
1070.02
1085.04
1083.85
1076.94
1085.04
25163.89
1132.01
1093.86
1104.83
1101.02
1101.02
1100.06
1090.76
1130.82
1141.07
1138.93
29243.95
1125.10
1112.94
1109.84
1096.96
1096.01
1084.80
1051.90
1052.86
1051.90
1054.05
25208.00
1105.07
1087.19
1086.95
1041.17
1054.05
1049.04
1077.89
1053.09
1057.15
1058.10
29206.99
1099.11
1091.96
1092.91
1088.86
1083.85
1078.84
25187.02
1109.84
1080.99
1085.04
1082.18
1086.00
1082.18
1079.08
1075.98
1080.04
1075.98
29189.83
1097.92
1068.12
1065.97
1077.89
1070.98
1063.11
41104.08
1116.99
1070.02
1070.98
1067.88
1059.06
1052.86
1053.09
25192.02
1092.91
1085.04
1075.98
1040.94
1050.00
1050.00
1067.88
1046.90
1044.99
1034.98
25168.18
1111.98
1102.92
1082.18
1072.88
1065.97
1075.03
25120.97
1137.97
1096.01
1090.05
1096.96
1080.99
1085.04
1074.08
1034.98
1052.86
1064.06
29103.99
1087.90
1043.08
1032.11
1045.94
1039.03
1038.07
1029.01
21180.15
1100.06
1086.00
1084.09
1088.86
1084.09
1082.90
17193.08
1109.12
1083.14
1087.90
1091.96
1082.18
1080.04
25114.06
1126.05
1080.99
1080.04
1084.09
1091.96
1070.02
1067.88
25219.92
1123.91
1100.06
1106.98
1098.87
1098.87
1098.16
17199.04
1088.14
1065.97
1068.83
1061.92
1065.97
1050.95
21101.00
1086.00
1054.05
1040.22
1046.90
1034.98
1036.17
1034.98
1041.17
1024.01
1033.07
1028.78
41136.03
1052.14
1046.90
1037.84
1059.06
1074.08
1056.91
1091.00
1062.15
1065.02
1070.98
37200.93
1105.07
1080.99
1096.01
1084.09
1087.19
1084.09
21177.05
1106.02
1091.00
1083.85
1096.96
1091.00
1086.95
1092.91
1111.98
1111.98
1108.17
41215.90
1093.86
1071.93
1069.78
1056.91
1048.80
1045.94
1050.00
1039.98
1034.98
1026.87
29093.03
1122.95
1093.86
1100.78
1093.86
1065.02
1059.06
37101.03
1113.18
1075.03
1060.01
1053.81
1060.96
1070.02
1072.17
1086.95
1072.88
1075.03
25099.04
1120.09
1088.14
1070.98
1066.92
1083.14
1076.94
1067.88
1121.04
1041.89
1044.03
1044.03
29145.00
1047.85
1044.03
1034.02
1031.16
1025.92
1031.88
17076.97
1116.04
1072.17
1065.02
1077.18
1065.97
1068.12
1061.92
25249.00
1143.93
1132.97
1132.97
1127.00
1125.10
1131.06
17174.96
1102.92
1075.03
1093.86
1084.09
1078.84
1082.90
21185.87
1109.12
1084.09
1097.92
1086.00
1080.04
1088.14
1087.90
1091.00
1088.86
1085.04
41188.96
1067.88
1054.05
1057.86
1045.94
1039.98
1040.94
1043.80
1039.03
1030.92
1036.88
29098.99
1125.10
1079.08
1090.05
1106.98
1091.00
1075.03
37109.14
1101.97
1055.00
1044.03
1048.09
1080.99
1087.90
1078.13
1091.96
1081.94
1079.08
25114.06
1129.87
1083.14
1089.10
1091.00
1078.84
1080.99
1080.99
1123.91
1069.07
1062.15
29088.97
1093.86
1047.85
1034.98
1039.98
1040.94
1036.17
1034.02
17087.22
1074.08
1043.08
1033.07
5151.03
1069.07
1062.87
1079.08
1070.02
1060.96
1066.92
17120.84
1110.08
1071.93
1068.83
1083.85
1068.83
1072.88
1057.86
25189.88
1114.85
1096.01
1091.96
1043.80
1059.06
1054.05
25212.05
1123.19
1107.93
1113.89
1111.03
1110.79
1108.88
17190.93
1117.23
1086.95
1086.00
1091.96
1096.96
1096.01
21132.95
1116.99
1091.00
1077.89
1092.20
1077.89
1075.03
1075.98
1064.06
1060.01
1062.87
41111.95
1127.96
1086.00
1079.08
1068.12
1062.87
1060.01
1062.15
1066.92
1054.05
1055.00
33079.15
1147.03
1101.02
1091.00
1106.98
1097.92
1090.05
1098.16
21176.10
1101.02
1091.00
1090.05
1086.95
1091.96
1081.94
1131.77
1100.06
1091.96
33141.85
1188.04
1128.91
1121.04
1132.01
1124.14
1121.04
25156.02
