1352.79
1298.90
1310.83
1341.82
1349.93
25374.89
1309.87
1274.82
1262.90
1293.18
1308.92
1337.05
1334.91
1333.95
25395.15
1358.03
1284.12
1284.12
1277.92
1273.16
1277.92
1282.93
1291.99
1283.88
25394.92
1307.01
1279.83
1281.02
1269.10
1265.05
25381.09
1284.12
1271.96
1282.93
1260.04
1267.91
25341.03
1338.01
1317.02
1307.96
1298.90
1291.99
25347.95
1265.05
1236.92
1232.15
1235.01
1237.15
29325.01
1287.94
1257.90
1258.85
1263.86
1255.04
1249.07
25333.88
1245.02
1233.10
1254.08
1241.92
1254.08
17345.91
1303.91
1307.01
1321.79
1245.98
1272.20
1275.06
1780.99
1274.11
25361.06
1295.09
1269.10
1276.02
1276.02
1260.04
1274.11
1307.01
1299.14
25347.95
1283.88
1262.19
1247.88
1223.80
1221.90
1211.88
1188.04
1279.83
1278.16
25401.12
1294.14
1285.08
1285.08
1286.03
1268.15
1295.09
1270.06
1240.02
29326.92
1339.91
1312.97
1297.95
1295.09
1291.04
25375.84
1280.07
1262.90
1240.02
1301.05
1300.10
25341.99
1280.07
1250.03
1249.07
1248.12
1238.11
1224.99
1296.04
1286.98
1277.92
25372.98
1264.10
1245.02
1250.03
1309.87
1291.04
1286.98
1281.98
1291.04
25331.97
1317.02
1294.14
1298.19
1298.90
1286.03
1286.98
1307.01
1286.98
25352.00
1319.89
1297.00
1291.99
1274.11
1280.07
17301.08
1311.06
1248.12
1254.08
1252.89
1265.05
1252.17
25370.84
1262.90
1241.92
1249.07
1243.11
1230.96
29305.93
1255.99
1231.91
1242.88
1228.09
1232.15
1230.96
1289.84
1286.03
1278.88
25400.88
1278.88
1278.88
1252.89
1292.94
1269.10
1266.00
1247.88
1256.94
25347.95
1282.93
1264.81
1255.99
1246.93
1247.88
1261.95
1254.08
1275.06
25312.19
1261.95
1244.07
1240.97
1247.17
1235.96
1226.19
1266.00
1250.03
1257.90
25358.20
1247.88
1230.96
1235.01
1240.02
1239.06
1257.90
1242.88
1245.02
25274.99
1293.18
1235.01
1240.02
1250.98
1240.02
1235.96
1224.99
1230.00
1234.05
25297.16
1252.17
1245.02
1226.19
1235.01
1230.96
1221.90
1240.02
1226.90
26535.99
1253.13
1240.02
1248.84
1248.84
1246.93
25316.95
1273.87
1255.99
1233.10
1241.92
1252.89
25297.88
1334.91
1288.18
1277.92
1266.00
1268.15
1265.05
1297.00
1274.82
1266.96
25445.94
1312.02
1282.93
1317.02
1271.01
1296.04
1295.80
1240.97
1245.02
25341.99
1321.08
1328.95
1284.84
1272.92
1281.98
1272.92
1266.96
1286.98
29338.12
1300.10
1264.10
1272.92
1271.01
1285.08
17330.88
1326.08
1295.09
1281.02
1275.78
1286.98
1305.10
18255.95
1284.12
1254.08
1233.10
1231.91
25289.06
1324.89
1287.94
1282.22
1229.05
1235.01
1243.11
1238.11
1234.05
1238.11
25352.95
1249.79
1244.07
1261.95
1241.92
1239.06
1234.05
1292.94
1292.94
21348.00
1297.95
1248.84
1248.84
1258.85
1274.82
21331.07
1338.01
1289.13
1277.92
1251.94
1245.02
1250.03
1289.13
1271.01
1246.21
25404.93
1299.86
1322.03
1248.12
1234.05
1234.05
25357.96
1325.85
1289.84
1302.96
1281.02
1278.88
1273.16
1224.04
1233.10
25292.87
1344.92
1292.94
1284.12
1224.99
1244.07
1244.07
1255.99
1250.98
1235.96
29379.84
1279.83
1270.06
1240.97
1259.09
1292.23
1291.04
1266.00
1258.85
25316.95
1291.99
1255.99
1270.06
1261.00
1275.06
1255.99
1241.21
1235.96
29268.03
1340.87
1293.90
1286.98
1299.86
1301.05
1298.90
25372.03
1281.98
1335.14
1296.04
1321.08
1307.96
25391.82
1272.92
1259.09
1258.13
1272.92
1242.88
1259.80
1252.89
1243.11
1235.01
1245.02
1259.09
25316.00
1296.04
1259.09
1258.13
1243.11
1254.08
1261.00
1278.16
1276.02
1243.11
25358.20
1274.11
1261.00
1259.09
1239.06
1246.21
1237.87
1231.91
1236.92
25293.11
1306.06
1259.80
1281.98
1259.80
1252.89
1250.98
25366.07
1266.96
1301.05
1307.01
1286.03
33799.17
1320.12
1287.94
1267.19
1262.90
1261.00
25298.12
1357.08
1285.08
1268.15
1290.08
1273.16
1291.99
1282.22
1270.06
1267.91
25403.98
1286.98
1277.92
1280.78
1269.82
1268.86
1276.97
1269.10
1264.10
21324.87
1286.98
1256.94
9346.01
1313.92
1282.93
1297.00
1291.04
1280.07
25346.99
1325.85
1287.94
1289.13
1288.89
1286.03
25348.90
1276.02
1235.01
1233.82
1256.94
1255.04
1243.11
25352.95
1261.00
1248.12
1240.97
1235.01
1239.06
21296.98
1299.14
1275.06
1274.11
1271.96
1273.87
1255.99
1235.96
1263.86
1238.82
25367.98
1299.14
1286.03
1227.14
1249.07
1263.14
1255.99
1259.09
1250.03
25331.02
1267.91
1275.06
1350.16
1273.16
1272.92
25336.03
1297.00
1271.01
1264.10
1269.10
1272.20
25326.97
1317.98
1282.93
1268.86
1275.06
1273.87
1271.96
25352.95
1281.02
1282.93
1271.96
1276.97
1261.00
21398.07
1280.07
1274.11
1262.19
1286.98
1273.16
1278.16
1271.01
1271.96
25339.84
1307.96
1271.01
1273.87
1272.20
1276.02
1299.86
1242.16
1233.10
33283.95
1320.12
1273.16
1261.95
1257.90
1269.10
1260.04
25429.01
1329.90
1302.96
1312.02
1297.00
1293.90
25394.92
1257.18
1240.02
1293.18
1303.91
1271.96
25371.07
1283.17
1245.98
1252.89
1241.21
1239.06
1249.07
1317.02
1297.00
25346.99
1293.90
1246.93
1227.86
1227.86
1240.97
1231.91
1233.82
1235.01
1236.92
25352.95
1248.12
1242.16
1233.10
1233.10
1225.95
1242.16
1270.06
1288.18
33344.03
1292.94
1252.89
1259.09
1247.17
1250.98
1245.02
25372.03
1245.98
1238.11
1264.10
1242.16
1244.07
25338.89
1264.81
1241.92
1249.79
1246.93
1248.12
21307.95
1281.98
1243.11
1245.02
1266.96
1268.86
1266.96
1264.10
1280.07
1261.00
25373.94
1269.10
1261.95
1287.94
1259.09
1276.02
1254.80
1216.89
1210.21
29291.87
1307.01
1266.96
1262.90
1264.10
1254.08
25297.16
1302.96
1262.90
1240.97
1261.00
1247.88
1240.97
25359.87
1270.06
1262.90
1251.94
1261.00
1252.89
25339.13
1290.08
1271.01
1279.83
1255.99
1255.04
25340.08
1300.10
1269.10
1264.10
1263.14
1266.00
1284.12
1262.90
1267.91
1274.11
25377.04
1276.02
1265.05
1287.94
1256.94
1263.14
1294.85
1308.92
1320.12
25391.10
1234.05
1214.03
1225.95
1316.07
1310.11
25367.98
1276.02
1245.02
1245.98
1246.93
1239.78
25295.97
1281.02
1247.88
1240.97
1255.99
1247.17
1240.97
25368.93
1284.12
1273.16
1281.02
1268.15
1265.05
1250.03
1209.97
1206.87
25289.77
1311.06
1271.01
1254.80
1204.97
1209.97
1219.03
17343.04
1236.92
1225.95
1209.97
1228.81
1227.86
1235.01
1229.05
1221.18
25284.05
1269.10
1235.96
1241.92
1236.20
1234.05
1224.04
25383.00
1268.86
1254.80
1245.98
1219.99
1219.99
25304.08
1302.96
1267.91
1276.02
1269.82
1263.86
25323.87
1307.96
1274.11
1270.06
1266.00
1263.86
1265.05
1240.02
1245.02
1252.17
25373.94
1291.99
1272.92
1280.07
1265.05
1255.04
1263.14
1257.90
1261.95
25361.06
1277.92
1280.07
1291.99
1275.78
1285.08
25342.94
1263.86
1231.91
1224.04
1268.86
1266.96
25313.14
1290.08
1225.95
1220.94
1251.94
1219.99
1218.08
25335.07
1232.15
1223.09
1225.95
1216.89
1220.23
33288.00
1289.13
1255.04
1259.09
1250.03
1254.08
1261.00
1210.93
1226.19
1240.02
25353.19
1245.98
1224.99
1244.07
1234.05
1235.96
1239.06
1243.83
1238.11
25293.11
1291.99
1245.98
1248.12
1257.90
1250.98
1250.98
1262.19
1253.13
1242.88
25350.81
1276.02
1266.96
1262.90
1252.89
1253.13
1266.96
1257.90
1255.04
25308.85
1290.08
1256.94
1259.80
1260.04
1250.03
1254.08
1261.95
1248.84
1250.98
29376.98
1286.03
1278.88
1289.84
1276.02
1276.97
1261.95
1224.99
1230.96
21308.90
1294.85
1263.86
1261.00
1256.94
1252.89
1269.82
1210.93
1221.18
1219.03
25356.05
1255.04
1249.07
1239.06
1241.92
1239.06
1250.98
1236.92
1236.92
33358.10
1280.07
1234.05
1232.86
1226.90
1222.13
1214.03
1239.06
1257.18
1266.00
25369.17
1244.07
1223.09
1240.02
1223.09
1229.05
1224.04
1261.00
1272.92
25316.95
1271.96
1237.87
1237.15
1245.98
1235.96
1237.15
1240.02
1280.07
1266.96
25363.92
1276.02
1261.00
1272.92
1250.03
1250.98
1250.03
1255.99
1275.06
25319.10
1297.95
1271.96
1271.96
1273.87
1263.14
1258.13
1245.98
1237.15
1241.92
25361.06
1272.92
1259.80
1256.94
1219.03
1219.99
1224.99
1220.23
1220.94
25269.99
1255.99
1227.14
1223.09
1249.07
1218.08
1217.13
1224.04
1224.04
1223.09
25279.05
1254.08
1228.09
1229.05
1229.05
1226.19
1226.90
12282.85
1302.96
1267.19
1256.94
1214.03
1238.11
1223.09
1234.05
1229.05
1223.09
25286.91
1288.89
1280.07
1255.04
1214.98
1219.03
1231.91
1219.99
1217.13
1216.89
25377.99
1288.18
1272.92
13353.11
1233.10
1221.18
1223.09
1238.11
1238.11
1250.98
1245.98
1250.98
25307.18
1320.12
1275.06
1271.01
1247.88
1249.07
1258.13
1276.02
1273.16
1268.15
25394.92
1281.02
1276.02
1277.92
1270.06
1266.96
1255.99
1224.99
1223.09
25296.93
1303.91
1284.84
1257.90
1247.88
1238.11
13300.18
1292.94
1262.90
1261.00
1246.93
1250.03
1255.99
1199.96
1216.89
1224.99
25352.00
1255.99
1248.12
1245.98
1249.07
1244.07
25310.99
1288.18
1254.08
1261.00
1266.96
1261.00
1268.15
1209.97
1223.80
1222.85
21358.97
1289.13
1255.04
1271.01
1230.96
1229.05
21296.02
1307.01
1276.97
1285.08
1268.15
1271.01
1250.03
1257.18
1270.06
25311.95
1319.89
1275.06
1276.02
1307.96
1286.98
1276.02
25335.79
1231.91
1215.93
1224.04
1220.23
1219.03
1203.06
1278.16
1255.99
21345.14
1305.10
1279.12
1266.96
1257.90
1256.23
21327.97
1307.01
1287.94
1277.21
1270.06
1269.10
1263.86
1266.96
1259.09
1255.99
29368.16
1280.07
1266.96
1269.10
1263.14
1266.96
1255.04
1257.90
1245.02
25315.05
1300.10
1288.89
1281.98
1271.96
1264.81
1280.07
1221.90
1231.91
1233.82
33389.09
1272.20
1226.90
1244.07
1228.09
1234.05
25326.97
1272.92
1255.99
1255.99
1213.07
1227.14
21293.88
1322.98
1281.02
1278.16
1270.06
1266.96
1266.00
17338.04
1250.03
1239.06
1255.99
1250.98
1246.93
21381.14
1260.04
1245.98
1276.97
1248.12
1241.92
25317.91
1284.84
1242.88
1245.02
1267.91
1272.92
17338.04
1317.02
1261.95
1269.82
1262.90
1264.10
1260.04
25381.80
1291.04
1271.01
1295.09
1288.18
1274.82
1285.08
1273.87
1270.06
29366.97
1259.09
1237.87
1247.17
1234.05
1235.01
1253.84
1272.92
1271.01
25331.97
1273.16
1223.09
1219.99
1289.84
1286.98
1260.04
1276.02
1270.06
1280.07
21392.11
1298.19
1281.98
1281.02
1266.00
1266.96
1272.20
1219.03
1223.09
25295.97
1307.96
1286.03
1272.92
1236.20
1253.13
1251.94
1246.93
1239.06
1241.92
29387.00
1281.98
1284.12
1271.96
1268.86
1285.08
25393.01
1274.82
1272.92
1261.00
1286.03
1280.78
29351.00
1249.07
1225.95
1230.00
1235.96
1243.11
25296.93
1278.88
1246.93
1264.10
1207.11
1214.03
1214.98
1223.09
1214.03
1210.93
33283.00
1281.02
1255.99
1250.03
1271.01
1269.10
17335.18
1286.98
1247.88
1261.00
1246.93
1259.80
1246.93
25364.88
1272.20
1252.89
1271.96
1250.98
1250.03
1264.10
1250.98
1255.99
1256.94
1213.07
1217.84
29289.01
1306.06
1266.00
1268.15
1235.01
1251.94
1250.03
25352.95
1264.10
1261.95
1250.98
1245.02
1255.04
1252.17
1242.88
1251.94
37325.14
1286.03
1271.01
1268.86
1267.91
1261.95
17316.10
1309.16
1275.06
1266.96
1265.05
1256.94
1256.94
21353.96
1252.89
1242.88
1267.91
1255.04
1262.19
25367.02
1257.18
1235.01
1240.02
1230.00
1221.90
21305.80
1248.12
1220.94
1220.94
1225.95
1227.86
1222.85
17344.95
1233.82
1222.85
1240.02
1223.09
1220.94
33304.93
1293.18
1265.05
1253.13
1230.96
1241.92
25295.97
1291.04
1249.07
1257.18
1238.11
1230.96
1233.82
1247.88
1246.93
1242.16
29347.90
1291.04
1274.11
1268.15
1274.82
1261.00
17327.07
1305.10
1267.91
1276.02
1265.05
1269.10
21329.16
1266.00
1230.00
1221.90
1297.00
1271.01
1270.06
17390.01
1282.93
1250.03
1258.85
1241.92
1244.07
25371.07
1286.98
1273.16
21368.98
1254.08
1240.02
1248.84
1238.82
1242.88
17318.01
1269.10
1236.92
1235.96
1233.10
1219.03
1233.10
21378.99
1277.92
1271.01
1274.82
1264.81
1260.04
17380.00
1264.10
1258.13
1253.13
1240.97
1237.15
21320.10
1254.08
1227.14
1230.00
1221.18
1219.03
1220.94
25341.99
1250.98
1242.88
1255.04
1246.93
1252.89
25341.03
1255.99
1250.98
1246.93
1237.87
1240.02
1245.02
1209.97
1223.80
1214.03
49333.10
1248.12
1257.90
1247.88
1244.07
1245.98
1252.89
1225.95
1232.15
25305.03
1292.94
1277.92
1241.92
1225.95
1228.09
25289.06
1291.04
1253.13
1255.04
1266.96
1262.90
1262.90
1268.15
1259.09
1260.04
33362.15
1255.99
1226.90
1226.19
1218.08
1213.07
21286.96
1276.02
1235.96
1249.07
1274.11
1266.96
1271.96
25331.02
1237.87
1228.09
1233.10
1237.15
1235.01
29334.07
1276.97
1276.02
1262.90
1260.04
1269.82
25336.03
1245.98
1222.85
1230.96
1219.03
1225.23
1215.93
1262.90
1272.20
1267.91
33375.02
1271.96
1270.06
1262.19
1255.99
1251.22
25310.04
1289.13
1260.04
1255.04
1248.84
1242.88
29307.13
1322.03
1268.86
1262.90
1220.94
1228.09
1225.95
17338.04
1240.97
1220.23
1235.01
1248.12
1245.02
25306.22
1301.05
1266.96
1286.98
1287.94
1272.92
25332.93
1261.00
1235.96
1230.00
1236.92
1249.07
1237.15
21385.91
1275.06
1282.93
1251.94
1237.15
1235.96
17342.09
1271.01
1250.98
1256.94
1248.12
1258.13
25313.14
1251.94
1244.07
1245.02
1220.94
1224.99
1218.08
17318.01
1225.95
1214.98
1229.05
1214.98
1214.03
25270.94
1271.96
1240.97
1254.08
1248.12
1239.06
1235.01
1232.86
1245.98
1248.12
49395.08
1286.98
1266.96
1235.01
1221.90
1221.18
1230.96
1219.03
1216.89
33290.86
1300.81
1237.87
1234.05
1226.90
1221.18
1220.94
25381.80
1275.06
1270.06
1242.88
1224.04
1225.95
5313.16
1240.97
1222.13
1234.05
1221.18
1230.96
1216.89
1219.99
1236.92
1243.83
25347.95
1253.13
1240.97
1271.01
1265.05
1266.96
17380.00
1322.98
1312.97
1242.88
1232.15
1230.00
1215.93
1223.09
1228.09
25287.87
1271.01
1230.96
1236.92
1213.07
1224.99
1221.90
1231.19
1230.96
1224.99
33290.86
1281.98
1257.18
1224.99
1255.99
1282.93
1263.14
1266.00
1267.19
17316.10
1308.92
1258.85
1248.84
1283.88
1246.93
1248.12
21384.00
1278.16
1266.96
1278.88
1261.95
1256.94
1265.05
1250.98
1265.05
25326.01
1292.94
1267.91
1279.12
1234.05
1240.02
17298.94
1304.86
1273.87
1274.11
1273.16
1264.10
1268.15
1276.97
1271.96
1261.95
25376.08
1246.93
1245.98
29376.98
1276.02
1251.94
1250.98
1241.21
1244.07
25294.07
1291.04
1247.88
1251.94
1250.03
1247.17
21306.04
1303.20
1261.95
1266.00
1268.86
1261.00
1255.99
17350.91
1252.17
1236.92
1238.82
1227.86
1232.86
21301.98
1250.98
1235.01
1236.92
1220.94
1223.09
25243.04
1334.91
1271.01
1261.95
1254.80
1243.83
1240.02
17354.01
1255.99
1236.92
1250.98
1239.06
1233.10
13309.00
1298.90
1290.08
1277.92
1269.10
1266.00
1262.19
1240.02
1234.05
1240.97
25367.02
1304.86
1273.87
1267.91
1261.00
1265.05
33382.89
1292.94
1266.00
1267.91
1269.82
1258.85
1274.82
1257.90
1259.09
29329.06
1291.99
1250.98
1250.03
1262.90
1245.02
1245.02
1215.93
1240.97
1228.09
25355.10
1246.93
1240.02
1223.09
1214.03
1219.99
1227.86
1219.99
1223.09
29278.99
1261.95
1244.78
1251.94
1254.08
1240.97
1241.92
17374.04
1268.86
1254.80
1255.04
1254.08
1255.04
21369.93
1297.95
1283.17
1295.09
1229.05
1230.96
25291.92
1255.99
1231.91
1230.00
1220.94
1224.99
1226.90
25380.85
1282.93
1288.18
1319.89
1271.96
1266.96
17346.86
1268.86
1249.79
1262.90
1245.98
1250.03
25316.00
1278.88
1245.98
1237.87
1271.01
1258.85
1266.00
1275.06
1273.87
41301.01
1343.97
1272.92
1271.96
1235.96
1244.07
1240.97
21354.20
1261.95
1232.86
1281.98
1261.95
1261.95
17313.96
1245.98
1214.03
1219.03
1209.97
1205.92
29269.93
1299.86
1251.94
1255.99
1271.96
1254.08
1248.12
25339.13
1245.98
1226.19
1239.06
1225.95
1216.89
1238.11
1250.98
1248.84
33323.05
1282.93
1250.98
1261.00
1243.83
1243.83
1241.92
9384.16
1279.12
1266.96
1284.84
1272.20
1266.00
17385.01
1277.92
1258.85
1271.01
1259.09
1262.90
25321.01
1311.06
1270.06
1256.94
1281.02
1269.10
1290.08
1283.17
1271.96
29319.05
1258.85
1231.91
1231.19
1240.97
1231.19
1224.04
1232.15
1216.89
1221.90
25290.97
1276.02
1246.93
1234.05
1215.93
1224.04
1221.18
1225.95
1217.84
1217.84
21371.84
1282.93
1263.86
9358.88
1237.87
1222.85
1221.90
1221.18
1213.07
25274.04
1253.84
1218.80
1219.03
1220.94
1224.04
1221.90
21356.82
1279.83
1276.02
1266.96
1273.16
1267.91
25369.88
1257.18
1245.02
1220.94
1240.02
1235.96
21303.89
1271.96
1227.14
1225.95
1281.02
1271.01
1265.05
25345.09
1238.11
1223.09
1232.15
1222.13
1214.98
21294.12
1298.19
1271.96
1275.06
1271.01
1271.01
17335.89
1298.90
1278.88
1274.82
1272.92
1262.90
21331.07
1333.00
1275.06
1276.97
1271.01
1281.98
1261.95
25403.02
1276.02
1267.91
1283.17
1265.05
1266.00
1267.19
1235.96
1238.11
25305.99
1297.00
1275.06
1280.07
1269.10
1261.95
13341.90
1274.82
1250.98
1242.16
1211.88
1217.84
1216.89
1231.91
1213.07
1214.98
25329.11
1230.00
1219.03
1239.06
1219.03
1210.93
17284.15
1253.13
1219.03
1213.79
13308.05
1231.91
1224.04
1225.95
1217.13
1225.95
1217.13
1235.01
1229.05
21294.83
1304.86
1273.87
1276.02
1244.07
1255.99
1250.03
29363.87
1275.06
1264.81
1276.97
1268.15
1266.96
1274.11
1244.07
1248.12
33348.08
1271.01
1262.90
1274.82
1257.90
1261.00
17320.87
1296.04
1262.90
1251.94
1265.05
1261.23
21313.91
1267.91
1228.09
1218.08
17361.16
1276.97
1263.86
1278.88
1261.00
1257.90
25380.13
1276.02
1265.05
1277.92
1272.92
1266.96
1254.08
1237.15
1235.96
25296.93
1299.86
1269.82
1271.01
1267.91
1265.05
25299.07
1348.02
1281.02
1280.78
1286.98
1276.97
1278.88
1240.02
1218.08
1225.95
33346.89
1289.84
1289.84
1269.82
1263.86
1257.90
21316.05
1261.00
1241.92
1255.99
1245.02
1241.21
25271.89
1305.10
1246.93
1240.02
1254.08
1245.98
1248.12
25370.12
1276.02
1283.88
1251.22
1235.01
1235.96
1245.98
1235.96
1230.96
25285.96
1247.88
1219.99
1226.19
1228.09
1223.09
1219.03
1250.98
1258.13
1261.95
29347.90
1256.94
1234.05
1233.10
1222.13
1226.90
25288.82
1322.98
1276.02
1276.97
1217.13
1224.99
1226.19
21373.03
1255.04
1250.03
1251.94
1240.02
1240.02
33340.93
1251.94
1230.00
1245.98
1234.05
1232.15
21287.92
1260.04
1234.05
1235.01
1233.82
1230.96
1227.14
17354.01
1249.79
1240.97
1253.13
1252.89
1246.93
21325.11
1284.12
1257.18
17338.04
1250.98
1225.95
1213.07
1264.10
1287.94
25314.81
1273.87
1227.86
1219.99
1261.00
1245.02
1244.07
1266.00
1245.98
1237.15
41311.98
1299.86
1271.01
1285.08
1264.10
1271.96
21346.09
1291.04
1248.84
1249.79
1242.88
1244.07
1235.01
17367.12
1287.94
1278.88
1291.99
1281.02
1269.10
21408.08
1293.18
1275.06
1279.12
1264.10
1272.92
17370.94
1244.07
1230.00
1227.86
1215.93
1214.98
1220.94
1238.11
1243.11
25278.09
1337.05
1279.12
1264.10
1276.02
1249.07
1244.07
17333.03
1227.86
1227.14
1233.10
1222.13
1212.84
1204.97
1261.95
1267.91
25331.02
1276.97
1239.06
1226.19
1273.87
1263.86
1266.00
21399.97
1287.94
1264.10
1275.06
1268.15
1268.15
1257.90
1257.90
1260.04
25328.87
1299.86
1297.95
1259.09
1233.10
1237.15
21306.99
1299.86
1271.01
1268.86
1273.87
1272.92
25288.11
1341.82
1267.91
1266.00
1277.92
1279.12
1270.06
1275.06
1273.16
1270.06
21394.97
1275.06
1278.88
1269.82
1268.86
1267.91
1275.78
1261.00
1265.05
25328.16
1305.10
1271.96
1271.01
1266.96
1266.96
21314.14
1266.00
1240.02
1236.92
1233.82
1235.01
1232.86
1250.03
1241.92
1247.17
25309.09
1310.11
1266.00
1261.95
1228.09
1230.00
21298.89
1319.89
1278.88
1272.20
1262.90
1268.86
1272.92
1284.12
1272.92
1261.95
25377.99
1263.86
1242.88
1259.09
1250.03
1245.98
21340.13
1264.10
1254.08
1256.94
1245.98
1246.93
1237.87
1235.01
15311.96
1293.90
1273.16
1270.06
1265.05
1264.10
1261.00
1256.23
1245.02
33308.98
1307.96
1271.96
1274.82
1261.00
1259.09
1261.95
25362.01
1272.92
1266.00
1275.06
1274.11
1273.16
29345.99
1241.21
1220.94
1216.17
1267.91
1260.04
25348.90
1256.94
1219.03
1219.03
1220.94
1249.07
1248.12
1248.12
1242.16
1232.86
33385.99
1300.10
1268.15
1257.90
1260.04
1261.95
17371.89
1271.96
1247.17
1261.00
1253.13
1251.94
25316.00
1271.96
1243.83
1240.02
1213.07
1221.18
1223.09
1232.86
1219.03
1221.90
25346.99
1254.08
1238.11
1239.06
1270.06
1270.06
21327.97
1255.99
1226.90
1228.09
1219.99
1221.90
1218.08
1270.06
1276.02
1266.00
25357.96
1255.99
1239.78
1256.94
1244.07
1250.98
25300.98
1273.16
1255.04
1253.13
1238.11
1246.93
