1177.07
1164.20
1153.95
1137.97
1158.00
33232.93
1201.15
1142.02
1150.13
1158.95
1152.04
1163.01
33221.01
1194.00
1161.10
1142.98
1153.95
1152.04
1146.79
33200.98
1199.96
1163.96
1182.08
1155.14
1158.00
1179.93
25266.17
1198.05
1174.93
1179.93
1182.08
1173.97
1175.88
25274.99
1158.00
1138.93
1140.12
1178.98
1166.82
33216.95
1190.19
1144.89
1137.02
1151.08
1137.02
1136.06
33192.16
1163.01
1130.82
1125.81
1133.92
1130.10
1125.10
33181.91
1163.96
1133.20
1127.96
1129.15
1132.01
1133.20
25180.10
1235.01
1196.15
1188.04
1205.92
1199.01
1183.99
33273.94
1185.18
1173.02
1179.93
1145.84
1152.99
1163.01
33269.17
1169.92
1167.06
1173.02
1182.08
1163.01
33223.15
1229.05
1189.95
1182.08
1194.00
1178.03
1196.86
33223.15
1168.01
1131.06
1125.10
1127.00
1125.10
1126.05
25186.06
1191.85
1169.92
1168.01
1166.82
1161.81
1163.96
25292.16
1168.97
1144.89
1138.21
1189.95
1166.82
1168.01
1177.07
1180.89
1168.97
25219.92
1148.94
1132.01
1132.97
1136.78
1127.96
1122.00
1125.81
1166.82
1180.89
25227.07
1184.94
1144.17
1138.93
1125.81
1172.07
1132.97
1139.16
1126.05
1116.99
1118.18
25226.12
1141.07
1126.05
1132.01
1124.86
1125.81
1124.86
1127.00
1116.99
1113.89
21173.00
1224.99
1188.99
1152.04
1168.97
1152.99
1135.83
25192.02
1178.03
1137.02
1125.10
1132.01
1119.85
1122.00
25177.96
1209.02
1172.07
1178.98
1175.88
1163.01
1163.01
33235.07
1188.04
1160.14
1152.99
1175.88
1184.94
1193.05
33283.00
1183.99
1152.99
1145.84
1137.97
1136.06
1083.14
33273.94
1188.04
1167.06
1174.93
1178.03
1165.87
25222.78
1198.05
1182.08
1160.14
1722.10
1142.98
1128.91
25261.16
1154.90
1145.84
1165.87
1154.90
1150.13
1145.12
1174.93
1175.17
1176.12
25280.95
1140.83
1137.02
1132.01
1170.16
1164.91
1160.14
1178.98
1161.10
1162.05
25215.86
1160.86
1133.92
1122.95
1134.87
1118.90
1137.02
1141.07
1143.93
1142.02
1148.94
25269.99
1182.08
1164.91
1163.01
1125.10
1120.09
1122.00
1126.05
1128.91
1141.07
25200.13
1187.09
1155.14
1158.95
1178.98
1163.01
1150.85
25269.03
1177.07
1153.95
1155.85
1166.82
1164.91
1158.00
33252.95
1134.87
1151.80
1119.85
1158.00
1158.00
41193.01
1189.95
1137.97
1127.96
1128.20
1163.01
1168.01
25257.11
1163.96
1127.96
1118.90
1134.16
1121.04
1116.04
25180.82
1216.89
1176.83
1169.92
1180.17
1204.01
1190.19
25254.01
1190.19
1161.10
1153.95
1172.07
1180.17
1174.93
29254.91
1177.07
1175.17
1171.11
1185.89
1169.92
1176.12
1120.09
1137.02
1131.06
25209.90
1162.05
1120.09
1114.13
1180.17
1178.03
1181.13
1194.95
1199.96
1187.09
25244.00
1175.17
1144.89
1140.83
1158.00
1141.07
1145.12
1142.02
1218.08
1208.07
25274.99
1269.10
1141.07
1188.04
1152.99
1175.88
1190.90
25284.05
1178.03
1153.95
1138.21
1156.09
1154.90
1150.85
25249.96
1162.05
1148.94
1152.04
1137.02
1132.97
1121.04
33216.00
1150.13
1139.16
1139.88
1128.91
1125.81
1128.91
33281.80
1173.97
1161.10
1164.20
1173.02
1161.10
1168.01
33277.03
1188.99
1173.97
1158.95
1145.12
1121.04
25176.05
1164.20
1147.03
1140.12
1141.07
1147.03
1137.97
25207.04
1178.03
1153.95
1147.99
1158.00
1147.03
1154.18
41215.90
1183.99
1139.16
1144.89
1138.93
1194.00
1170.87
33223.87
1213.79
1187.09
1184.94
1189.95
1198.05
1194.00
33255.10
1142.02
1129.15
1125.10
1134.87
1114.85
1132.97
33267.97
1150.85
1142.02
1150.85
1118.90
1118.90
1115.08
25219.92
1126.05
1111.03
1122.95
1115.08
1111.98
1116.99
33236.03
1155.14
1125.10
1143.93
1133.92
1131.06
33162.83
1245.02
1177.79
1162.05
1204.97
1175.88
1172.07
33244.85
1182.79
1149.89
1153.95
1172.07
1177.07
1172.78
25223.02
1199.01
1175.17
1203.06
1185.18
1184.94
1185.18
25309.09
1188.99
1194.95
1183.03
1193.05
1175.88
25246.14
1187.09
1141.07
1138.93
1148.94
1141.07
1137.97
33212.90
1178.03
1147.03
1139.16
1116.04
1125.10
1130.10
33195.97
1167.06
1147.03
1146.08
1147.03
1140.83
1141.07
33200.98
1163.01
1142.02
1138.93
1127.96
1120.09
1125.10
25202.04
1144.17
1132.97
1127.00
1129.15
1122.95
1112.94
25197.03
1193.05
1167.06
1172.07
1153.95
1168.97
1172.07
33283.00
1171.11
1147.03
1140.12
1142.02
1142.98
1142.02
33257.96
1155.14
1147.03
1161.10
1147.03
1147.99
33183.10
1202.11
1148.94
1142.98
1123.19
1146.08
1168.97
25166.03
1218.80
1188.99
1065.97
1161.81
1117.94
1147.03
25177.00
1194.00
1157.05
1148.94
1121.04
1144.17
1152.99
1161.10
1166.11
1154.18
1167.06
25288.11
1183.03
1165.15
1168.97
1167.06
1162.05
1160.86
1122.95
1150.13
1150.85
25284.05
1175.88
1154.90
1147.03
1183.99
1179.93
1186.85
1188.04
1183.99
1183.03
25230.17
1187.09
2433.06
1150.13
1157.05
1154.90
1145.12
1161.10
1171.11
25228.02
1185.89
1172.78
1132.97
1162.05
1161.81
1163.01
25264.98
1152.99
1132.97
1118.18
1193.05
1172.07
1169.92
33288.00
1157.05
1145.12
1147.99
1152.99
1143.93
1142.02
33257.01
1152.04
1132.01
1119.85
1138.93
1126.05
1125.10
33226.97
1141.07
1132.97
1135.83
1136.78
1141.07
1114.85
25261.88
1170.87
1168.97
1168.01
1179.22
1159.91
25226.83
1220.94
1183.99
1178.03
1187.09
1183.03
1178.98
37266.97
1152.99
1135.11
1137.02
1164.91
1177.07
1169.92
33262.97
1156.09
1140.12
1141.07
1181.13
1176.12
1169.92
33299.92
1193.05
1185.89
1197.10
1184.94
1189.95
33240.08
1159.19
1126.05
1124.14
1132.01
1126.05
1132.97
17194.03
1199.96
1184.23
1175.88
1183.03
1177.07
1189.95
33287.05
1188.99
1178.03
1186.85
1181.84
1183.99
1181.13
33217.91
1142.02
1133.92
1123.91
1137.02
1137.02
33163.07
1213.79
1155.85
1158.00
1162.05
1152.99
1158.95
37213.09
1214.98
1182.08
1189.95
1125.10
1137.97
1137.97
17214.06
1204.97
1183.03
1174.21
1168.97
1168.01
1172.07
25309.09
1169.92
1168.97
1163.96
1150.85
1146.79
1152.04
25254.01
1154.90
1149.89
1150.13
1137.97
1139.88
1135.11
33286.09
1244.07
1158.95
1165.15
1150.85
1154.90
33211.95
1219.99
1180.89
1183.03
1170.87
1168.01
1173.02
25253.06
1153.95
1147.99
1161.81
1161.81
1160.86
1158.95
25261.16
1172.07
1164.91
1172.78
1167.06
1169.92
1170.87
33288.96
1203.06
1183.99
1179.93
1166.82
1173.97
33226.97
1170.87
1140.83
1139.88
1147.99
1137.97
1129.87
33210.99
1159.91
1132.97
1130.10
1138.93
1122.95
1121.04
37180.90
1170.87
1132.01
1123.91
1176.83
1179.93
1176.12
25276.90
1153.95
1134.16
1117.94
1189.95
1186.13
1183.03
25295.97
1203.78
1194.95
1167.06
1163.96
1163.96
33212.18
1204.01
1167.06
1165.87
1180.89
1159.19
1158.00
33231.02
1188.99
1162.05
1155.14
1173.02
1165.15
1157.05
21233.08
1178.98
1155.85
1149.89
1114.85
1126.05
1142.02
25246.14
1183.03
1152.99
1149.18
1118.90
1137.97
1139.16
25291.92
1168.01
1156.09
1162.05
1157.05
1155.14
1152.04
33266.07
1195.91
1194.00
1168.01
1132.97
1143.93
33200.03
1193.05
1175.17
1179.93
1174.93
1162.05
1158.95
33220.05
1193.05
1163.01
1158.95
1155.85
1154.18
1158.00
25248.05
1170.87
1145.84
1158.00
1142.98
1157.05
1152.04
25280.00
1168.97
1173.02
1172.07
1158.95
1159.91
25190.83
1187.09
1132.01
1127.00
1128.20
1118.90
1122.95
1118.18
1145.12
1142.02
1137.02
25219.20
1177.07
1137.02
1138.93
1114.13
1126.05
1120.09
1132.97
1124.14
1122.00
1120.09
25223.02
1136.06
1137.97
1143.93
1140.83
1134.87
1137.97
1104.12
1122.00
1128.91
29199.12
1199.01
1178.03
1182.08
1168.01
1167.06
1167.06
25286.91
1178.98
1173.02
1177.07
1168.97
1164.91
33178.81
1244.07
1176.12
1167.06
1175.88
1164.20
1169.92
33226.97
1210.21
1183.03
1178.03
1196.15
1188.04
1184.94
33280.85
1169.92
1147.99
1140.83
1113.89
1125.81
1122.95
33272.98
1172.07
1156.09
1154.90
1130.82
1145.84
1127.96
25281.19
1164.91
1145.84
1144.89
1120.81
1127.96
1129.15
29274.94
1183.03
1170.87
1176.83
1168.01
1171.11
1163.01
1132.01
1142.98
1144.89
25279.05
1183.03
1153.95
1157.05
1168.97
1164.91
1163.01
1178.03
1171.83
1159.91
25215.15
1161.10
1141.07
1149.18
1136.06
1137.02
1137.97
1138.93
1169.92
1166.11
25222.06
1215.93
1183.03
1177.07
1135.11
1122.00
1119.14
17199.04
1183.03
1147.03
1142.02
1211.17
1179.93
1159.91
25235.18
1155.14
1118.90
1134.87
1123.19
1123.91
1122.00
33214.09
1183.03
1161.10
1159.91
1158.95
1168.01
1168.97
33286.09
1194.95
1188.04
1179.93
1188.04
1187.09
33237.93
1183.03
1147.03
1142.02
1152.04
1137.02
1137.97
25193.21
1213.07
1183.99
1178.98
1199.01
1192.81
1190.90
25265.93
1190.90
1190.19
1181.13
1183.03
1173.97
1170.87
29261.11
1140.12
1126.05
1132.01
1166.82
1175.88
1170.87
1165.87
1159.91
1168.01
25261.88
1158.95
1142.98
1147.03
1140.12
1137.97
1141.79
1122.95
1167.06
1175.17
25229.93
1169.92
1135.83
1135.83
1158.00
1189.95
1201.87
1213.79
1211.88
1210.93
25265.22
1243.11
1194.95
1189.95
1212.12
1191.14
1189.95
17285.11
1156.09
1146.08
1158.00
1156.81
1154.90
1147.99
25266.89
1165.87
1155.85
1163.96
1158.00
1155.14
1160.14
25229.93
1149.89
1145.12
1148.94
1142.98
1142.98
33195.97
1184.23
1141.07
1132.01
1163.01
1133.92
1134.16
33190.01
1202.11
1175.17
1169.92
1135.83
1149.89
1143.22
33214.09
1209.97
1187.09
1185.18
1178.98
1173.02
1170.16
25295.02
1172.07
1153.95
1158.00
1174.93
1183.03
1174.93
29233.93
1130.82
1135.83
1140.83
1132.01
1135.11
1136.06
1127.96
1132.97
1128.20
25197.03
1187.09
1161.10
1150.13
1120.09
1141.07
1143.93
1152.04
1143.93
1145.84
25176.05
1202.11
1163.01
1152.04
1166.11
1156.09
1154.18
1152.99
1127.00
1134.87
1137.97
25265.93
1165.87
1144.89
1165.15
1168.97
1156.09
1164.20
17234.09
1131.06
1120.09
1116.04
1137.02
1144.89
1144.89
25232.08
1133.92
1124.14
1122.95
1181.84
1180.89
33242.94
1214.03
1166.11
1161.10
1165.15
1153.95
1153.95
33218.15
1181.13
1156.09
1146.08
1134.87
1142.98
1147.03
33205.99
1153.95
1142.02
1132.97
1137.02
1126.05
1125.10
25190.83
1163.96
1129.15
1127.96
1132.97
1131.06
1128.20
25194.88
1177.07
1147.99
1142.98
1142.98
1138.93
1139.88
33221.01
1214.98
1173.97
1173.02
1169.92
1172.07
1168.97
33287.05
1186.85
1175.88
1173.02
1173.02
1174.93
33239.84
1166.82
1130.82
1122.00
1142.02
1130.10
1126.05
33186.91
1205.21
1180.89
1173.97
1195.19
1175.88
1182.79
25235.89
1209.97
1189.95
1187.80
1181.84
1179.93
1183.99
25304.79
1204.01
1207.11
1200.91
1191.85
1195.91
33258.20
1217.13
1179.93
1188.99
1178.98
1186.13
1186.13
33268.93
1200.91
1187.80
1183.99
1175.88
1172.07
1168.97
33253.91
1142.02
1127.00
1122.95
1116.99
1122.95
1129.15
25300.03
1180.17
1158.00
1149.18
1135.11
1131.06
25168.90
1241.92
1186.85
1190.90
1194.00
1162.05
1165.87
1168.97
1163.01
1154.90
1160.14
25229.93
1132.01
1131.06
1131.06
1127.96
1122.95
1122.95
1142.98
1137.97
1141.07
25212.05
1194.00
1160.14
1162.05
1131.06
1136.06
1138.21
1144.89
1142.98
1142.98
25162.94
1204.01
1156.81
1148.94
1152.99
1141.07
1144.89
1130.82
1134.87
1138.93
1141.07
33261.06
1168.01
1163.01
1157.05
1146.08
1151.08
1145.12
25296.93
1180.89
1179.93
1187.09
1166.11
1162.05
33220.05
1167.06
1137.02
1126.05
1133.20
1127.96
1127.96
33186.91
1168.97
1128.20
1128.91
1134.87
1122.00
1122.95
33183.10
1168.97
1131.06
1132.01
1115.08
1140.12
1140.12
25205.14
1179.93
1150.85
1145.84
1148.94
1149.18
1144.89
25204.90
1174.93
1152.99
1144.89
1159.91
1145.12
1147.99
21229.98
1189.95
1171.83
1160.86
1172.07
1170.87
1175.17
1179.93
1178.03
1172.07
25232.08
1147.99
1141.79
1142.02
1148.94
1143.93
1154.18
1152.99
1177.07
1177.07
1182.08
25277.14
1176.12
1171.11
1159.91
1123.91
1117.94
1131.06
1128.91
1147.03
1144.89
25283.10
1199.01
1190.90
1198.05
1183.99
1182.79
17210.01
1229.05
1183.99
1175.88
1181.84
1170.87
1166.82
25233.03
1205.92
1174.93
1168.97
1180.89
1173.97
1168.01
33265.11
1197.10
1177.07
1181.13
1115.08
1120.09
1121.04
33237.22
1147.03
1139.88
1144.89
1137.97
1139.16
1133.92
33285.86
1188.99
1171.11
1178.98
1168.97
1176.12
25218.96
1196.15
1158.95
1144.89
1135.83
1123.91
1131.06
25206.09
1183.99
1151.08
1147.03
1131.06
1194.00
1176.83
53246.97
1163.01
1132.01
1127.96
1150.85
1137.97
1140.12
33214.09
1173.02
1145.12
1152.04
1142.98
1148.94
1145.12
33246.04
1148.22
1129.87
1121.04
1168.01
1183.99
1180.89
25272.85
1137.97
1132.97
1163.01
1179.93
11269.81
1164.91
1160.86
1150.85
1137.02
1142.02
1132.01
17277.96
1173.97
1158.00
1158.95
1168.01
1165.87
1166.11
1171.11
1170.16
1171.11
25264.02
1183.03
1180.89
1194.00
1204.01
1182.08
1174.93
1170.16
1178.03
1179.93
25292.87
1209.97
1204.97
1142.02
1133.92
1158.95
1163.96
1156.81
1162.05
1148.94
25203.94
1181.13
1158.00
1154.18
1151.08
1151.08
1145.84
1139.88
1144.89
1139.16
45186.04
1205.92
1163.96
1162.05
1161.10
1164.91
1160.14
25241.14
1202.11
1160.14
1168.01
1182.08
1169.20
1163.96
33243.18
1234.05
1199.01
1198.05
1210.93
1205.92
1206.87
33248.90
1140.12
1122.00
1121.04
1152.04
1156.81
33195.97
1213.79
1141.07
1136.06
1148.94
1145.84
1140.83
25204.90
1183.03
1171.83
1147.03
1172.07
1157.05
1161.10
25223.02
1202.82
1172.07
1162.05
1179.93
1168.97
1163.96
1167.06
1135.11
1132.01
25177.00
1240.97
1194.00
1191.85
1180.17
1176.12
1174.93
1177.07
1177.79
1195.91
25209.90
1215.93
1183.99
1161.81
1176.83
1159.91
1162.05
1152.04
1167.77
1169.92
1177.79
25302.89
1193.05
1185.89
1161.81
1118.90
1117.94
1117.94
1132.01
1127.96
1128.91
21201.13
1214.98
1180.89
1173.02
1132.97
1132.97
1129.87
25249.00
1174.93
1170.87
1165.87
1124.14
1130.10
1129.15
25280.00
1185.18
1173.02
1178.03
1174.93
1181.13
33231.97
1229.05
1178.03
1177.07
1158.95
1137.97
1137.97
33203.12
1180.17
1148.94
1152.04
1153.95
1147.99
1149.18
33210.04
1199.01
1132.97
1139.16
1099.11
1132.01
1136.06
25213.96
1165.87
1132.01
1129.15
1159.91
1173.97
1174.93
25295.97
1158.00
1143.22
1139.88
1177.07
1169.92
1179.22
1183.99
1182.08
1189.95
25228.98
1213.07
1177.07
1178.98
1168.01
1172.07
1177.07
1137.97
1153.95
1153.95
25240.90
1153.95
1131.06
1118.90
1152.99
1170.87
1174.93
1174.21
1173.97
1170.16
25203.94
1199.01
1162.05
1142.98
1155.85
1143.93
1144.17
1134.87
1169.20
1182.08
1181.13
45284.99
1183.03
1178.98
1175.88
1176.83
1175.88
25252.82
1231.91
7216.93
1195.91
1182.08
1168.01
1168.97
1168.01
1170.16
33286.09
1178.03
1170.16
1166.11
1157.05
1158.95
1160.86
33247.95
1131.06
1129.15
1132.97
1125.10
1127.00
33144.95
1251.94
1183.03
1181.84
1196.86
1199.96
1203.06
25268.08
1243.11
1208.07
1214.03
1209.97
1205.92
1209.97
29273.99
1155.85
1145.84
1147.99
1116.99
1122.95
1129.87
1133.92
1125.10
1130.10
25192.02
1199.01
1181.84
1188.99
1180.17
1173.97
1171.11
1182.08
1134.16
1131.06
25202.99
1179.22
1144.89
1142.02
1116.04
1173.02
1169.92
1188.99
1188.99
1172.07
1183.99
25271.89
1189.95
1172.07
1177.79
1178.03
1171.11
1164.91
1134.87
1154.90
1145.12
25294.07
1191.14
1171.11
1158.95
1149.18
1169.92
25202.99
1191.14
1142.02
1137.97
1148.94
1137.02
1132.97
33180.00
1199.96
1163.96
1160.86
1140.83
1133.92
1140.12
33203.12
1218.08
1199.01
1178.98
1162.05
1181.13
1174.93
33256.05
1205.92
1187.09
1183.99
1144.89
1147.99
1149.89
33288.00
1183.03
1178.98
1175.88
1165.87
1163.96
33210.04
1207.11
1170.16
1166.11
1184.94
1166.82
1160.86
33238.89
1211.88
1177.07
1184.94
1175.88
1170.87
1174.21
33286.09
1191.14
1171.83
1180.89
1176.83
1170.87
1170.87
33289.91
1190.19
1176.12
1196.86
1190.90
1199.01
33251.05
1224.99
1195.19
1190.90
1193.05
1194.00
1192.09
33301.12
1205.92
1194.95
1199.01
1188.99
1188.99
33236.98
1235.96
1202.82
1193.05
1204.01
1190.19
1186.85
33257.96
1224.04
1191.85
1197.10
1192.09
1187.09
1192.09
33308.98
1206.87
1195.91
1200.20
1190.90
1188.99
33246.04
1233.10
1196.15
1203.06
1190.90
1190.90
1194.95
33301.12
1205.92
1194.00
1201.87
1195.91
1191.14
29240.13
1218.08
1176.12
1173.02
1176.12
1132.97
1136.06
33189.06
1209.97
1182.79
1183.03
1193.05
1178.98
1175.88
33273.94
1189.95
1178.98
1183.03
1171.11
1163.01
1153.23
33250.09
1138.93
1138.93
1147.99
1137.97
1133.92
1133.92
25244.95
1147.03
1146.79
1151.80
1138.93
1136.78
25167.94
1207.11
1152.04
1145.84
1153.95
1137.02
1143.22
21214.01
1201.15
1183.03
1169.92
1176.83
1164.91
1163.01
1164.20
1158.95
1153.95
1155.14
25274.99
1175.17
1168.01
1166.11
1158.00
1147.99
1149.89
1119.85
1120.81
1118.90
25227.79
1170.87
1154.90
1146.79
1153.95
1158.00
1172.07
1183.99
1161.10
1163.96
25221.82
1157.05
1137.02
1138.93
1151.08
1142.02
1142.98
1142.98
1162.05
1163.01
33183.81
1251.94
1196.86
1179.93
1182.08
1173.97
1173.97
25245.19
1209.97
1197.81
1191.85
1175.88
1178.98
1163.01
33274.17
1183.99
1165.15
1171.11
1164.91
1168.97
1161.10
33270.12
1161.10
1144.17
1149.89
1145.84
1135.83
33174.04
1204.01
1131.06
1122.00
1120.09
1214.98
1207.11
25263.07
1178.98
1143.93
1142.02
1158.00
1163.96
1163.96
25236.13
1201.15
1171.11
1172.07
1137.97
1143.93
1132.01
25227.79
1160.86
1137.02
1138.93
1167.06
1168.97
1168.97
1168.01
1163.01
1168.01
25232.08
1151.08
1127.00
1119.85
1132.01
1127.96
1120.09
1115.08
1137.02
1143.93
1145.12
25283.10
1186.13
1179.93
1152.99
1137.97
1142.02
1135.11
1143.93
1140.83
1140.83
25223.02
1199.96
1166.82
1182.08
1171.83
1169.92
1167.06
17245.77
1159.91
1153.95
1164.91
1148.94
1151.08
1145.12
25269.03
1169.20
1147.99
1158.00
1157.05
1140.83
33212.90
1221.90
1177.79
1176.83
1163.96
1139.16
1146.08
33222.91
1158.95
1132.97
1132.01
1139.16
1128.91
1128.20
33199.07
1169.92
1134.87
1132.01
1141.07
1131.06
1123.19
25191.07
1167.06
1140.12
1132.01
1134.16
1127.00
1135.11
25193.93
1156.81
1132.01
1129.87
1143.93
1131.06
1133.20
25223.02
1172.07
1358.03
1135.83
1128.91
1130.82
1122.95
1137.97
1151.80
1154.90
25223.02
1163.01
1126.05
1122.00
1126.05
1118.90
1122.00
1127.00
1130.10
1122.95
1123.91
25238.04
1148.22
1132.01
1146.08
1132.01
1135.83
1128.91
1143.22
1121.04
1125.10
25188.92
1179.93
1149.89
1140.12
1145.12
1141.07
1132.97
17220.02
