1142.98
1078.13
1065.02
1063.11
1591.92
21415.00
1154.90
1091.00
1065.97
1088.14
1171.11
1080.04
1079.08
13092.04
1105.79
1065.97
1049.04
1041.89
1036.17
1037.12
1030.92
1062.87
1086.95
20395.99
1065.02
1049.04
1086.00
1087.90
1091.96
25177.00
1060.01
1048.09
1029.01
1038.07
1029.97
1021.86
29047.01
1163.01
1097.92
1096.01
1101.02
1080.04
1087.90
1075.03
25172.95
1127.00
1086.95
1088.14
1085.04
1086.00
1080.99
1068.12
1035.93
1057.86
1047.13
25183.92
1062.87
1052.86
1044.03
1047.13
1065.02
1062.15
1089.10
1074.08
1080.04
1073.12
25190.11
1099.11
1086.95
1091.00
1110.08
1091.00
1095.06
17133.00
1086.00
1045.94
1038.07
1034.02
15597.11
1104.12
1060.01
1050.00
1050.00
1036.88
1031.16
1040.94
25137.90
1051.90
1043.08
17528.06
1112.94
1073.12
1079.08
1038.07
1050.00
1051.90
1044.03
1054.05
1059.06
1069.07
22730.11
1149.18
1089.10
1095.06
1106.02
1071.93
1069.07
1055.96
1055.96
1048.09
25139.09
1058.10
1046.18
1028.06
1033.07
1027.11
1027.11
1034.98
1049.04
1036.88
1033.78
29058.93
1143.93
1084.09
1080.99
1076.94
1051.19
1054.05
1059.06
17222.17
7393.12
1113.18
1188.04
1062.15
1074.08
1066.92
1070.98
25102.14
1112.22
1075.03
1045.94
1039.98
1033.07
1033.07
1023.77
25090.93
1078.84
1041.89
1042.13
1054.05
1035.21
1034.98
1036.17
25220.87
1116.99
1114.13
1117.94
1108.88
1108.17
1114.13
25217.06
1124.14
1106.02
1116.04
1111.03
1107.22
1108.88
33218.86
1085.04
1070.98
1077.89
1069.07
1059.06
1061.20
19145.01
1083.85
1056.91
1026.15
1034.98
1029.97
1065.02
1088.14
1091.00
33115.86
1120.09
1102.92
1066.21
1075.98
1064.06
1064.78
1072.88
25174.86
1062.87
1062.87
1043.80
1019.00
12063.03
1088.86
1066.21
1079.08
1069.07
1070.02
1086.00
1060.96
1044.99
23007.87
1093.86
1081.94
1103.88
1099.11
1104.12
1106.02
1083.85
1033.78
1039.98
1044.99
17380.00
1060.01
1052.14
1047.13
1037.12
1043.08
1035.93
25096.89
1093.86
1040.94
1043.08
1039.03
1029.97
1044.03
1034.02
29176.95
1101.02
1097.92
1107.93
1086.00
1084.80
1090.05
25166.03
1139.16
1106.02
1097.20
1101.02
1101.02
1101.02
1084.09
1075.03
1086.00
1084.80
25168.90
1097.92
1084.80
1086.95
1075.03
1039.03
1045.94
1048.09
1104.12
1098.16
1100.06
25200.13
1078.13
1080.99
1064.06
1116.99
1097.92
9969.95
1096.01
1044.99
1032.11
1055.96
1050.95
1060.01
1064.06
29180.05
1101.97
1073.84
1077.89
1072.88
1061.92
18041.13
1111.98
1063.82
10617.97
1060.01
1052.86
1041.89
1075.03
1080.04
1083.14
17184.97
1106.02
1090.05
1082.90
1088.86
1076.94
1083.14
29103.04
1115.80
1065.97
1060.01
1065.02
1076.94
1075.03
1072.88
25166.99
1068.12
1058.10
1058.10
1048.09
1051.90
1044.03
25070.91
1164.91
1124.86
1128.91
1116.04
1114.85
1122.00
1096.01
1095.06
1077.89
1093.15
25194.17
1123.91
1106.02
1106.02
1080.99
1098.87
1076.94
1104.12
1083.14
1091.00
1082.18
25158.88
1079.08
1068.12
1065.97
1055.00
1055.00
1052.14
1050.00
1053.09
1040.22
1050.95
29099.94
1120.09
1081.94
1077.89
1029.97
1028.06
1614.09
25172.00
1092.91
1084.09
1065.97
1067.88
1055.96
1068.12
25098.09
1113.18
1071.93
1067.88
1086.95
1090.05
1068.12
1070.02
21210.91
1130.10
1114.13
1120.09
1107.93
1112.94
1131.06
1217.13
1083.14
1086.95
25097.85
1103.88
1050.00
1060.96
1067.88
1053.81
1040.94
1055.00
1077.89
1024.96
1024.96
1019.95
25184.15
1106.98
1082.90
1086.00
1087.90
1081.94
1079.08
1111.98
1050.00
1041.17
1035.93
33165.93
1090.05
1076.22
1083.14
1080.04
1075.98
1086.00
25156.02
1088.86
1073.84
1072.88
1080.99
1067.88
1069.78
25096.89
1122.95
1074.79
1060.96
1056.19
1082.90
1080.99
1071.93
1095.06
1080.99
1074.08
25099.04
1141.07
1097.92
1080.04
1056.91
1075.03
1076.94
1079.80
1091.00
1121.04
1096.01
25119.07
1140.12
1087.90
1080.04
1092.91
1075.98
1075.98
1070.02
1013.04
1034.02
1052.86
1042.84
21111.01
1044.99
1027.11
1037.12
1030.92
1027.82
1031.88
25080.92
1081.94
1038.07
1034.02
1049.04
1041.89
1042.84
1052.86
29187.92
1061.20
1044.99
1042.13
1033.07
1029.97
1026.87
21058.80
1126.05
1092.91
1082.90
1080.99
1089.10
1075.98
1081.94
1084.09
1085.04
1089.10
25128.13
1106.98
1066.92
1063.11
1068.12
1070.98
1052.86
1054.05
1060.01
1055.96
1045.94
1037.12
25120.97
1041.89
1036.88
1036.17
1032.11
1028.06
1029.97
1023.05
1075.98
1071.93
1064.06
41205.88
1106.02
1088.86
1075.03
1048.09
1053.09
1045.94
29096.84
1133.92
1080.99
1086.00
1085.04
1068.12
1070.02
1062.87
25146.96
1068.12
1040.94
1031.88
1079.80
1093.86
1086.95
29208.18
1104.12
1074.08
1080.04
1114.13
7394.08
1140.12
1096.01
1088.14
1042.13
1068.12
1075.03
25117.16
1141.07
1100.06
1089.10
1065.02
1030.92
1023.05
1026.15
1034.98
1034.02
1040.94
1042.84
33342.84
1086.95
1064.06
1069.07
1075.98
1083.85
1073.84
1101.97
1091.96
1035.93
1069.78
29201.98
1106.98
1087.90
1076.94
1076.94
1073.84
1070.98
1075.03
1058.82
1052.86
1047.85
25142.91
1057.15
1038.07
1048.09
1053.09
1047.13
1052.14
25110.01
1114.13
1071.93
1072.88
1070.02
1067.88
1067.88
1072.88
29157.16
1115.08
1062.15
1058.10
1055.00
1052.14
1042.13
17208.10
1106.98
1092.91
1096.01
1105.07
1096.01
1099.11
1089.10
1034.02
1048.80
1052.86
25181.06
1080.99
1063.82
1047.85
11345.86
1132.01
1107.93
1111.98
1101.02
1091.00
1086.95
1084.09
25143.15
1137.02
1096.96
1081.94
1076.94
1070.98
1065.97
1065.97
17009.02
1080.99
1070.02
1070.98
1084.09
1077.89
1080.04
25111.91
1125.10
1089.10
1080.04
1101.02
1078.13
1085.04
29113.05
1095.06
1038.07
1030.92
1032.83
1034.02
1036.88
1034.98
1040.94
1104.83
1108.88
1103.88
25170.80
1050.00
1031.16
1039.03
1064.06
1068.12
1055.96
17098.90
1128.91
1091.00
1095.06
1083.14
1089.10
1086.95
1084.80
17169.00
1101.02
1087.19
1075.98
1043.08
1030.92
1028.06
1033.07
1018.05
1026.15
1029.01
29620.89
1055.00
1044.03
1050.00
1039.98
1047.85
1054.05
25165.08
1070.02
1065.97
1064.06
1075.98
1074.08
1075.03
29121.88
1122.95
1072.17
1063.11
1064.06
1060.01
1047.13
1044.99
1027.82
1075.98
1075.03
21706.82
1157.05
1102.92
1100.06
1102.92
1096.01
1096.96
1096.96
1116.99
1099.82
1099.82
25201.80
1111.03
1101.02
1104.12
1117.94
1096.01
1092.91
1114.85
1101.02
1096.96
25125.98
1161.10
1104.12
1106.98
1098.87
1054.05
15508.89
1091.96
1094.10
1099.11
1097.92
1077.89
1086.00
25177.00
1055.96
1039.98
1026.87
1033.78
1025.92
1027.82
19872.90
1130.82
1085.04
1077.89
1074.08
1065.97
1032.11
1031.16
1023.05
25137.90
1111.03
1097.92
1101.97
1050.00
1068.83
1075.03
1077.89
1083.85
1086.00
1078.13
29181.00
1086.00
1051.90
1048.80
1040.94
1080.99
1075.03
1087.90
1081.94
1073.84
1080.04
25139.09
1117.94
1081.94
1083.14
1082.90
1081.94
1075.03
25118.83
1144.89
1096.96
1102.92
1109.12
1096.96
1098.87
1099.11
25197.03
1111.03
1101.02
17477.99
1111.98
1095.06
1092.91
1057.15
1069.07
22078.99
1149.89
1099.82
1096.96
1102.21
1097.92
1097.92
1084.09
12055.16
1141.07
1101.02
1096.96
1094.10
1054.05
1068.12
1049.04
1057.15
24055.96
1088.86
1076.94
1067.16
1048.09
1044.99
1043.08
1054.05
1050.95
1054.05
1049.04
16333.82
1109.12
1069.07
1056.91
1066.92
1060.01
1059.06
1055.96
25103.81
1149.89
1119.85
1105.07
1096.96
1071.21
1071.93
29126.88
1139.88
1083.85
1069.78
1080.99
1074.08
1079.08
1075.03
29220.82
1147.99
1147.03
1134.87
1071.93
1060.01
1061.92
25162.22
1071.93
1056.91
1056.91
1051.19
1050.00
1048.09
25091.17
1201.15
1153.95
1145.84
1104.83
1077.89
1069.78
24553.06
1120.09
1062.15
1055.00
1048.09
1065.02
1077.89
1068.83
25110.01
1140.12
1100.06
1096.96
1091.96
1085.04
1084.80
1090.05
25193.93
1121.04
1094.10
1076.94
1047.85
1053.81
1051.90
21171.81
1124.86
1104.83
1102.92
1094.82
1093.86
1091.00
21652.94
1134.87
1130.82
1101.97
1082.18
1077.89
1078.84
1086.00
1074.08
1074.08
1075.98
18846.99
1127.00
1121.04
1111.98
1104.12
17127.99
1117.94
1074.79
1070.98
9320.02
1080.04
1066.92
1069.07
1069.07
1075.03
1078.13
29181.00
1095.06
1072.88
1067.88
1073.12
1055.96
1057.86
22866.01
1168.01
1124.86
1060.01
1061.92
1065.02
1069.07
1065.02
1064.78
1059.06
25156.02
1077.18
1054.05
1053.09
1080.99
1063.82
1071.93
25134.09
1155.85
1112.94
1091.96
1118.90
1109.84
1107.93
21147.01
1108.88
1060.96
1057.15
1063.11
1051.90
1067.88
1096.01
25198.94
1108.88
1096.96
1095.06
1058.10
1072.17
1066.92
1070.02
1060.96
1058.10
1058.10
25194.17
1086.95
1075.98
1075.03
1077.18
1070.02
1075.03
1078.84
1070.98
1074.08
1069.07
25205.14
1093.15
1085.04
1088.86
1077.89
1076.94
1070.98
1077.89
1072.17
1060.01
1058.10
29157.16
1075.98
1056.19
1058.10
1099.11
1096.01
1096.96
25148.87
1132.01
1095.06
1094.10
1069.07
1093.15
1090.05
25130.99
1179.93
1112.94
1103.16
1121.04
1096.96
1100.06
21128.89
1106.02
1065.97
1057.86
1060.01
1054.05
1055.00
1056.91
1063.11
1122.00
1115.80
1113.89
25214.91
1116.04
1111.03
1111.03
1111.03
1101.02
1106.02
1064.06
1055.00
1052.86
25096.89
1147.99
1091.00
1087.19
1092.91
1087.90
1084.80
1077.89
1114.85
1088.86
1084.09
33136.13
1161.10
1110.08
1105.79
1106.98
1073.12
1074.08
1060.96
25183.92
1099.82
1111.03
1104.12
1106.02
1098.16
1105.07
25253.06
1134.16
1114.13
1101.97
1076.94
1073.12
1086.00
1099.11
1057.15
1036.88
1029.97
29190.06
1050.95
1034.98
1040.94
1063.11
1062.15
1063.11
1065.02
1159.91
1088.86
1074.08
1074.79
1054.05
1058.10
1069.07
1071.93
1068.83
1072.88
1061.92
21197.08
1109.84
1099.82
1104.83
1097.92
1093.86
1094.82
25208.00
1118.90
1103.88
1107.93
1055.00
1071.93
1090.76
25176.05
1065.97
1041.89
1039.98
1055.00
1047.13
1053.09
33082.01
1109.12
1044.99
1043.08
1047.13
1039.98
1032.83
1037.84
25089.98
1108.88
1053.81
1049.04
1053.09
1055.00
1057.86
1064.78
25165.08
1087.90
1075.03
1055.00
1089.81
1099.82
1091.96
21203.99
1111.98
1104.12
1096.96
1106.02
1114.85
1115.80
1122.00
1116.04
1115.80
1113.89
13169.05
1086.00
1079.08
1069.07
1085.04
1088.14
1079.08
21192.07
1100.06
1097.20
1090.05
1086.95
1094.82
1086.00
1096.96
1021.86
1041.89
1047.13
28087.14
1085.04
1063.11
1060.01
1063.82
1087.90
1095.06
1096.96
25130.99
1114.85
1080.99
1075.03
1081.23
1081.94
1072.88
25101.18
1141.07
1087.19
1082.90
1097.92
1095.06
1088.86
1088.86
21214.96
1113.18
1099.11
1110.08
1091.96
1080.99
10104.89
1082.90
1075.03
1060.96
25164.13
1067.16
1047.13
1044.03
1057.15
1050.00
1058.10
1055.00
1046.90
1049.04
1043.08
25149.11
1117.94
1099.11
1101.02
1099.11
1090.05
1078.84
1092.91
1080.04
1075.98
1063.11
1086.95
1072.88
1073.84
1061.20
33200.03
1111.03
1107.22
1114.13
1102.92
1097.92
1101.02
22416.83
1055.96
1053.09
1044.03
1051.19
1045.94
19331.93
1133.92
1070.02
1043.80
1045.94
1050.00
1039.98
1034.02
1029.01
21085.98
1158.00
1119.85
1106.02
1094.10
1074.08
1072.88
1061.92
1084.09
1049.04
1056.91
25096.18
1083.14
1040.94
1025.92
1037.12
1036.17
1035.93
1044.03
1070.98
23767.95
1124.14
1094.10
1091.00
1096.96
1102.92
1085.04
20581.01
1169.92
1109.12
1104.12
1101.97
1098.87
1094.10
1087.19
25172.95
1122.95
1103.16
1096.01
1094.10
1094.10
1086.95
25139.09
1114.85
1068.83
1073.84
1080.04
1105.07
1111.98
1110.08
1107.22
1100.06
1100.06
24727.11
1117.94
1092.91
1074.08
1093.86
1081.94
1081.94
1077.89
17464.88
1080.99
1075.98
1083.14
1086.95
1076.94
1074.08
1093.86
1092.91
1093.15
25123.12
1147.03
1083.85
1071.93
1075.03
1096.01
1104.83
1104.83
25187.97
1095.06
1084.80
1086.00
1074.08
1080.04
1073.12
25464.06
1050.23
1043.08
1040.94
1046.90
1046.18
1039.98
25084.97
1139.16
1097.92
1091.96
1064.06
1054.05
1055.96
1063.11
1068.12
1069.07
1065.97
25086.88
1137.97
1086.00
1088.86
1082.90
1070.02
1065.97
1054.05
21357.06
1103.88
1095.06
1089.81
1071.93
1073.12
1083.14
1084.09
1095.06
1090.05
19017.93
1158.95
9163.14
1090.05
1041.17
1034.02
1046.18
1032.83
1039.98
1033.07
33132.08
1056.91
1039.98
1039.98
1089.10
1093.86
1096.01
25145.05
1093.86
1039.98
1037.12
1039.03
1030.92
1035.93
1031.88
21165.13
1110.08
1106.98
1094.82
1097.92
1093.86
1084.80
25159.84
1131.06
1094.10
1096.01
1104.12
1078.13
1071.93
25093.08
1107.93
1064.06
1059.06
1074.79
1078.84
1077.89
1077.89
29168.84
1080.04
1063.11
1071.93
1060.01
1061.92
1062.87
25113.82
1118.90
1076.94
1088.14
1083.14
1079.08
1092.91
25119.07
1182.08
1096.96
1099.82
1102.92
1096.96
1093.86
1093.86
19446.85
1101.02
1074.08
1075.98
1062.87
1055.00
1046.90
1038.07
1034.02
25175.09
1080.04
1075.03
1076.94
1023.05
1032.83
1031.88
1044.99
1040.94
1052.86
1058.82
29186.96
1118.90
1099.11
1086.95
1085.04
1090.05
1099.11
1096.96
1087.19
1087.90
1083.85
25210.86
1106.02
1101.02
1100.06
1098.16
1087.90
1092.91
17191.89
1106.98
1094.10
1100.06
1094.10
1092.91
1094.82
25125.03
1101.02
1066.21
1069.07
1086.95
1083.85
1077.89
21113.87
1116.04
1071.93
1060.01
1051.90
1026.87
1040.94
22629.02
1092.91
1111.98
1060.96
1058.82
1045.94
1046.18
1050.95
1035.93
1032.11
1036.88
17740.01
1086.00
1067.16
1079.08
1070.98
1070.98
1070.02
1067.16
1043.08
1043.08
25079.97
1147.03
1099.11
1089.10
1105.07
1091.96
1094.82
1094.82
33177.85
1082.90
1070.98
1069.07
1063.11
1051.90
1041.89
25127.89
1076.94
1051.19
1040.94
1023.05
1060.96
1075.03
21080.02
1122.00
1065.97
1050.95
1052.86
1056.91
1055.00
1065.97
1065.02
1071.21
1061.92
1065.02
25185.11
1086.00
1074.79
1078.84
1075.98
1068.12
1079.08
1052.14
1064.06
1066.92
1080.04
18060.92
1078.84
1070.98
1061.20
1057.86
1057.86
1061.92
1061.20
1055.00
1060.01
21102.91
1133.92
1080.04
1073.84
1086.95
1070.98
1072.88
29106.86
1099.11
1044.99
1039.03
1048.80
1039.03
1039.03
1054.05
25135.99
1091.96
1046.90
1047.85
1055.96
1044.99
1050.95
21070.00
1173.02
1119.14
1100.06
1117.94
1091.00
1086.00
1084.80
1080.04
1055.96
1075.98
21101.00
1123.19
1062.87
1056.91
1051.90
1039.98
1071.93
1075.98
1079.08
1074.08
1078.13
1080.99
25182.01
1101.97
1094.10
1095.06
12028.93
1088.14
1047.13
1039.03
1050.00
1035.93
1031.16
1034.98
25139.81
1059.06
1054.05
1069.07
1065.97
1065.97
24573.09
1149.18
1105.07
1085.04
1091.96
1079.80
1057.86
1049.04
1045.94
29153.11
1109.12
1086.00
1079.80
1093.86
1088.86
1086.95
25129.08
1139.88
1098.87
1092.20
1106.98
1097.20
1100.06
25125.98
1147.03
1106.02
1091.96
1100.06
1090.05
1096.96
1083.85
25187.02
1106.98
1091.00
1087.90
1078.84
1093.86
1078.84
17229.08
1113.89
1103.16
1080.99
1059.77
1070.02
1075.03
17136.10
1118.90
1080.99
1070.98
1060.01
1045.94
1049.04
1066.92
1064.06
1061.20
1065.02
25093.08
1087.19
1044.03
1034.02
1036.88
1032.83
1030.92
1037.12
1054.05
1029.97
1068.83
1070.98
41152.00
1068.83
1052.86
1045.94
1080.99
1090.05
1092.91
25128.84
1094.10
1070.02
1073.12
1083.14
1067.88
1071.93
33116.82
1162.05
1122.95
1108.88
1119.85
1099.82
1111.03
25130.99
1128.91
1096.96
1089.10
9495.97
1067.88
1061.20
1060.01
1057.15
1049.04
1046.18
25090.93
1131.06
1084.09
1072.88
1092.91
1060.01
1052.86
1044.03
1060.01
19323.11
1120.09
1067.88
1062.15
1065.97
1055.00
1051.90
1046.90
17160.89
1110.79
1095.06
1093.86
1096.01
1091.96
1094.82
17380.00
1091.00
1080.99
1088.14
1080.99
1075.03
18421.89
1075.03
1058.10
1055.00
1080.04
1052.86
1052.86
25083.78
1137.02
1093.86
1085.04
1109.84
1051.90
1050.00
1050.00
21125.79
1092.91
1074.79
1088.86
1075.98
1075.03
1078.84
25180.82
1122.00
1086.95
1082.90
1086.95
1086.00
1076.94
1088.14
1100.06
1091.96
1091.96
37191.15
1058.10
1041.89
1024.96
1059.06
1039.98
1048.09
1055.96
1055.00
1050.95
1059.06
21101.95
1094.10
1060.01
1050.00
1048.09
1043.08
1041.89
1039.98
1044.99
1039.98
1051.90
1055.00
21191.12
1118.90
1093.86
1100.06
1042.13
18954.04
1088.86
1046.90
1038.79
1067.88
8358.00
1107.93
1101.02
1090.05
1108.17
1096.01
1091.96
29193.88
1087.90
1080.04
1072.88
1048.09
1047.85
1038.79
25084.97
1105.79
1080.04
1055.00
1028.06
1051.19
1064.06
1065.02
1075.03
1079.08
1076.94
25109.05
1131.77
1070.98
1043.08
1034.02
1031.88
1026.15
1038.07
1044.03
1042.13
1055.00
1050.95
29175.04
1060.96
1045.94
1056.91
1023.05
1029.01
1044.99
9083.99
1158.00
1124.14
1122.00
1125.10
1116.04
1120.81
25151.97
1153.95
1097.20
1093.86
1105.07
1096.01
1094.10
1095.06
21662.95
1093.86
1078.84
1061.92
1056.91
1050.00
15990.97
1135.11
1074.08
1055.00
1050.00
1053.09
1086.95
1078.84
1081.94
29159.07
1084.80
1068.83
1064.06
1065.97
1056.19
1060.01
1058.10
1080.99
1107.22
1102.92
25192.02
1069.07
1046.90
1043.08
12552.02
1106.02
1056.91
1044.03
1043.08
1030.92
1044.99
1052.86
17224.07
1133.92
1109.12
1096.01
1087.90
1087.19
1089.10
25202.99
1110.79
1097.92
1101.97
1096.96
1102.92
1096.01
25189.88
8445.02
1096.01
1085.04
1072.88
1071.21
1082.90
1088.86
1093.86
1097.92
1086.00
25125.98
1096.96
1039.03
1031.16
1032.11
1034.02
1027.11
10355.00
1070.98
1051.90
1044.03
1053.09
1035.93
1040.94
1043.08
1089.10
1108.17
1109.84
25151.97
1105.79
1075.03
1073.12
12290.00
1142.02
1089.81
1085.04
1099.11
1088.86
1099.82
1088.86
25188.92
1107.93
1098.16
1102.92
1102.21
1096.01
26292.09
1057.15
1039.03
1037.12
1039.03
1029.01
1027.11
18054.96
1120.09
1070.02
1075.03
1081.94
1074.08
1073.12
1091.00
1090.76
1069.07
1070.98
25179.15
1090.05
1089.81
1073.84
1050.95
1046.18
1038.07
1041.89
1039.98
1035.21
1034.98
25143.15
1057.15
1053.09
1050.95
1057.86
1057.86
1051.90
1053.81
1106.02
1096.96
1106.98
25202.04
1080.99
1059.06
1061.92
1064.06
1061.92
1058.82
33089.88
1112.94
1060.01
9907.96
1127.00
1108.88
1091.00
1096.96
1094.82
1096.01
25135.04
1112.94
1054.05
1046.18
1029.01
1074.08
1089.10
1077.18
1086.00
23919.82
1126.05
1093.15
1085.04
1105.07
1091.00
1092.91
1111.98
1086.00
1089.10
1088.14
16496.90
1088.86
1080.99
1094.10
1088.14
1090.05
1086.00
1077.89
25180.10
1102.92
1083.14
1091.96
1091.00
1086.95
1080.99
1080.04
1080.04
1077.89
1068.12
37155.15
1084.09
1073.12
1070.02
1060.01
1082.90
1077.18
21132.95
1071.93
1041.89
1028.06
1038.79
1029.01
1045.94
1050.95
33216.00
1092.91
1077.18
1071.93
1065.02
1060.01
1046.90
25125.03
1115.08
1088.14
1088.14
1032.11
1048.09
1050.00
25094.03
1116.99
1075.03
1073.84
1065.97
1064.06
1050.00
1050.00
21162.99
1091.00
1069.07
1055.00
1093.86
1078.84
1082.90
25109.05
1107.93
1058.10
1044.03
1050.00
1035.93
1029.01
1027.11
20890.95
1101.02
1085.04
1083.14
1056.91
1026.87
1029.01
29057.98
1106.98
1078.13
1072.17
1086.00
1068.12
1079.08
1072.88
17188.07
1071.93
1066.92
1070.02
1034.02
1049.04
1048.80
25132.89
1114.85
1073.84
1056.91
1054.05
1034.02
1043.08
1044.03
25186.06
1088.14
1060.01
1063.11
1079.08
1072.17
1070.02
17147.06
1116.99
1106.02
1074.08
1077.89
1067.16
1065.97
13104.20
1157.05
1096.01
1087.90
1096.01
1108.88
1108.88
1103.88
13195.04
1122.00
1108.17
1123.91
1093.86
1092.91
1091.96
21188.02
1083.14
1085.04
1101.02
1070.98
1079.08
1080.04
25168.18
1110.08
1060.01
1044.99
1056.91
1050.95
1055.00
25094.99
1150.13
1103.16
1100.06
1110.08
1038.07
1043.08
1044.99
25156.97
1048.09
1043.08
1045.94
1051.90
1043.80
1046.90
25102.85
1101.97
1058.10
1057.15
1070.02
1068.12
1044.03
1082.90
1070.02
1068.83
1070.02
25095.94
1141.07
1116.04
1091.96
1092.91
1107.93
1106.02
1095.77
1108.88
1097.92
1104.12
29128.07
1098.87
1065.97
1060.96
1075.03
1080.99
1069.07
1067.16
25156.97
1063.82
1060.96
1054.05
1044.03
1057.86
1055.96
25119.07
1116.04
1075.03
1074.08
1034.02
1034.02
1037.84
1039.03
29140.00
1048.09
1033.07
1031.16
1028.06
1032.11
1037.12
23509.98
1137.97
1115.08
1096.96
1089.81
1075.98
1091.96
1080.99
1077.18
17186.88
1097.92
1084.09
1085.04
1084.80
1086.00
1090.05
41136.98
1112.94
1083.85
1086.00
1086.95
1092.91
1086.00
25113.82
1162.05
1096.01
1093.15
1096.96
1092.91
1097.20
1093.86
25204.90
1123.91
1101.97
1117.94
1105.07
1099.82
1102.92
21187.07
1109.84
1087.90
1086.00
1095.06
1100.06
1099.11
1116.04
1099.11
1110.08
1096.01
25225.88
1078.84
1066.21
1065.02
1064.06
1057.15
1070.02
1084.09
1105.07
1106.02
25138.85
1148.94
1086.00
1071.93
1080.99
1091.96
1093.15
1111.03
1105.07
1041.17
1039.03
1036.17
25147.91
1055.96
1043.08
1042.13
1044.99
1055.96
1061.92
25157.93
1137.97
1103.16
1093.86
1116.04
1094.10
1085.04
25120.97
1145.84
1106.02
1108.17
1106.02
1094.10
1099.11
17130.14
1135.11
1086.00
1082.90
1086.00
1039.98
1039.98
1055.00
15209.91
1070.02
1073.12
1055.96
1046.90
1043.08
1076.22
1065.97
1068.12
21137.00
1070.98
1043.08
1038.07
1060.96
1039.03
1034.98
1042.84
1049.04
1050.00
1054.05
29093.98
1142.02
1096.01
1079.08
1081.94
1071.93
1067.16
1060.96
33183.81
1099.11
1076.94
1072.88
1103.16
1089.10
1093.86
25184.87
1108.88
1100.06
1097.92
1034.98
1041.89
1045.23
25075.91
1122.95
1087.19
1085.04
1093.15
1091.96
1086.95
1091.96
1042.84
1061.20
1061.92
25125.98
1160.14
1106.98
1111.03
1107.93
1043.80
1041.89
1045.94
1093.15
1101.02
1091.00
21126.03
1173.97
1117.94
1115.08
1142.02
1107.93
1111.98
25141.95
1141.07
1098.16
1109.12
1105.07
1122.95
1106.02
1111.98
25179.86
1118.90
1104.12
1131.06
1098.87
1108.17
1101.02
25211.10
1108.88
1097.20
1106.02
1091.96
1091.00
1081.94
13186.93
1108.88
1089.10
1103.16
1085.04
1082.18
1086.00
13152.12
1082.18
1037.12
1034.98
1044.03
1086.24
1098.87
17145.87
1144.89
1087.90
1082.90
1088.14
1081.94
1080.99
1080.04
21159.17
1066.92
1053.81
1052.86
1115.08
1112.94
1115.80
25200.84
1067.88
1050.00
1049.04
1053.09
1032.11
1105.07
25134.09
1104.83
1060.96
1050.00
1052.86
1040.94
1039.03
1036.88
25147.20
1100.06
1082.18
1080.99
1085.04
1086.00
1082.90
25136.95
1127.00
1086.00
1084.09
1093.86
1082.90
1082.18
1077.89
1075.98
1074.08
1070.02
25111.91
1127.96
1092.91
1088.86
1107.93
1084.09
1096.01
1080.99
1074.08
1084.09
1069.07
25129.08
1102.21
1064.06
1051.90
1055.00
1050.95
1054.05
1035.93
17166.85
1062.87
1049.04
1055.96
1060.01
1056.91
1052.86
25096.89
1131.06
1105.07
1101.97
1101.97
1077.89
1076.94
25093.79
1148.94
1109.84
1103.88
1112.94
1114.13
1106.02
1106.98
17135.86
1072.88
1058.82
1057.86
1057.86
1044.99
1060.01
21156.79
1095.06
1071.93
1066.92
1062.15
1034.98
1041.89
17080.07
1108.88
1060.01
1047.85
1069.07
1053.09
1053.09
1055.00
1059.06
1105.07
1105.79
1108.88
33194.07
1129.15
1116.99
1119.85
1102.92
1112.94
1111.03
25170.09
