1274.82
1253.84
1268.86
1272.20
1267.91
25310.99
1276.02
1242.88
1240.97
1277.92
1269.10
1312.02
25347.95
1240.02
1226.19
1272.92
1278.88
1266.96
25376.08
1230.00
1224.99
1212.84
1249.07
1260.04
25316.00
1273.87
1229.05
1225.95
1255.99
1258.85
25282.86
1299.86
1258.85
1240.97
1267.19
1272.92
1252.89
25380.85
1268.86
1247.88
1259.09
1270.06
1277.92
25336.03
1261.95
1245.98
1248.12
1232.15
1230.96
25283.81
1269.10
1233.10
1245.98
1279.12
1235.96
1236.92
25367.02
1274.82
1257.90
1267.91
1254.08
1250.03
25333.17
1281.98
1264.81
1255.04
1243.11
1266.96
25325.06
1284.84
1243.83
1245.02
1271.01
1266.00
1255.99
25356.05
1274.11
1266.00
1276.02
1288.89
1288.18
25388.96
1263.14
1256.94
1261.00
1259.80
1277.92
29393.91
1258.13
1250.03
1266.00
1245.98
1270.06
25317.19
1287.94
1255.99
1281.02
1268.15
1255.99
25344.13
1319.17
1275.06
1199.01
1297.95
1286.98
1279.83
25388.00
1293.90
1267.91
1279.12
1290.08
1271.01
25382.04
1281.02
1295.09
1278.16
1266.96
1268.86
25371.07
1281.98
1266.00
1272.20
1275.06
1256.94
17298.94
1302.00
1262.90
1259.80
1255.99
1262.90
25330.07
1330.14
1312.02
1297.95
1281.98
1267.91
1261.95
25851.01
1249.07
1235.01
1246.93
1237.87
1237.15
25326.97
1253.84
1235.96
1249.07
1245.02
1234.77
25335.07
1256.94
1235.96
1238.11
1234.05
1237.15
25285.01
1275.78
1240.02
1246.93
1234.05
1237.87
1230.96
25364.16
1258.13
1241.92
1248.12
1230.96
1239.06
25322.91
1245.98
1242.16
1238.11
1227.86
1230.00
25300.03
1274.82
1235.96
1247.17
1236.92
1235.01
1239.06
25356.05
1263.14
1255.04
1277.92
1255.99
1250.98
25339.84
1266.00
1250.03
1247.17
1249.07
1239.06
25336.03
1387.83
1255.99
1238.82
1229.05
1227.14
1224.99
25363.92
1263.14
1260.04
1250.03
1237.87
1236.92
25336.98
1277.92
1255.04
1252.89
1227.14
1219.99
25281.91
1300.81
1253.84
1258.85
1224.99
1224.99
1222.85
25363.92
1274.11
1273.16
1235.96
1238.11
1230.00
25347.95
1275.06
1265.05
1258.13
1250.03
1242.88
25306.22
1309.87
1255.99
1254.08
1240.02
1240.02
25300.03
1319.17
1261.00
1249.07
1243.11
1249.07
1240.97
25367.02
1286.98
1275.06
1256.94
1266.96
1279.12
29352.19
1291.99
1267.19
1273.87
1318.93
1289.13
25326.97
1305.82
1274.82
1271.96
1257.18
1266.00
25318.15
1294.14
1270.06
1266.96
1279.83
1262.90
1252.89
25331.02
1237.87
1214.03
1247.88
1237.87
1227.86
25269.99
1250.03
1217.13
1226.90
1216.89
1210.93
21250.96
1371.86
1304.86
1301.05
1214.98
1238.11
1224.04
17405.99
1276.02
1276.97
1266.00
1246.93
1236.92
25336.03
1238.82
1212.84
1211.88
1215.93
1224.99
25274.99
1250.03
1224.99
1234.05
1230.00
1227.14
1230.00
25338.89
1229.05
1225.95
1235.01
1232.86
1219.99
25287.87
1278.88
1277.92
1258.13
1231.91
27415.99
1294.14
1268.86
1281.02
1270.06
1269.10
25333.88
1313.92
1283.17
1281.02
1274.11
1274.11
25354.15
1322.03
1276.02
1264.81
1266.96
1277.21
25296.93
1366.85
1292.94
1289.13
1278.88
1271.01
1263.14
25432.11
1327.04
1327.04
1284.12
1277.92
1273.87
25404.21
1316.07
1327.99
1276.02
1292.94
1274.82
25393.01
1325.13
1295.09
1283.17
1287.94
1275.06
25407.79
1346.11
1308.92
1291.99
1276.97
1275.06
25386.81
1309.87
1297.00
1292.94
1251.94
1248.12
25304.08
1379.01
1355.17
17395.02
1320.12
1276.02
1276.02
1276.97
1264.10
25323.15
1297.95
1302.00
1288.89
1288.89
1267.91
25313.14
1321.08
1271.96
1275.06
1266.96
1274.82
1268.86
25362.97
1280.07
1285.08
1284.12
1270.06
1276.02
25376.08
1282.93
1272.92
1281.02
1267.91
1271.96
25391.10
1288.18
1277.92
1291.99
1270.77
1278.88
25330.07
1307.96
1272.92
1291.99
1276.97
1269.10
25334.12
1302.00
1273.87
1280.07
1269.82
1194.00
1225.95
25325.06
1241.21
1226.90
1239.06
1222.85
1219.03
25284.05
1240.97
1225.95
1245.02
1259.80
1235.01
25288.11
1271.96
1252.89
1235.01
1248.84
1241.92
1235.01
25347.95
1251.94
1240.02
1263.86
1246.93
1245.98
25309.80
1282.93
1250.03
1264.81
1266.00
1254.08
25296.93
1288.89
1267.19
1271.96
1268.15
1268.15
1274.11
25377.04
1297.95
1276.02
1293.90
1314.88
1294.14
25380.13
1265.05
1246.93
1292.23
1318.93
1311.06
21385.19
1302.00
1267.19
1259.09
1253.84
1276.97
25331.02
1283.88
1776.93
1289.13
1271.96
1266.96
25372.03
1285.08
1267.91
1270.06
1260.04
1264.10
25316.95
1298.90
1291.99
1282.93
1271.01
1258.85
25316.00
1297.95
1267.19
1255.04
1255.04
1255.99
1250.03
23364.07
1225.95
1278.16
1279.12
1266.96
1255.99
1257.90
33330.92
1343.01
1305.82
1308.92
1308.20
1306.06
25356.05
1348.97
1308.92
1306.77
1298.90
1296.04
25317.91
1355.17
1317.98
1319.89
1321.08
1302.00
1302.96
25400.16
1314.88
1322.03
1317.98
1339.91
25368.93
1393.08
1337.05
1338.96
1330.85
1334.91
25377.99
1365.90
1334.19
1336.10
1332.04
1326.08
25385.86
1369.00
1330.14
1338.96
1333.95
1326.08
25383.95
1364.95
1345.87
1335.14
1312.97
1305.10
25366.07
1331.81
1325.85
1330.85
1327.99
1317.98
25403.98
1363.04
1331.09
1334.91
1323.94
1323.22
25398.02
1266.00
1242.88
1239.78
1276.97
1262.19
25330.07
1280.07
1257.18
1250.98
1293.18
1297.00
1283.17
25372.03
1276.97
1278.88
1317.02
1324.89
1327.04
25402.07
1276.02
1280.07
1273.16
1294.14
1291.04
25393.01
1281.98
1266.96
1263.86
1289.84
1266.00
25336.98
1294.14
1285.08
1286.98
1244.78
1255.04
25310.04
1312.02
1282.93
1261.00
1235.01
1261.00
1208.07
25370.12
1271.01
1309.87
1346.83
1378.06
1329.90
25358.20
1259.09
1244.07
1289.13
1267.91
1266.00
21354.91
1278.16
1269.10
1285.08
1271.96
1248.84
25320.05
1296.04
1276.02
1268.86
1257.18
1261.95
25298.83
1295.09
1272.92
1261.00
1266.00
1254.08
1259.09
25367.02
1277.21
1264.10
1266.00
1268.15
1266.00
25380.13
1283.17
1255.04
1266.96
1290.80
1255.04
25342.94
1276.02
1255.99
1259.09
1264.81
1257.18
22373.91
1303.91
1271.01
1220.94
1222.85
1218.08
25379.18
1291.99
1274.82
1268.15
1255.99
1251.22
25377.04
1289.13
1262.90
1270.06
1276.02
1277.92
25329.83
1298.90
1269.82
1280.07
1271.01
1276.97
25344.85
1298.90
1275.06
1281.98
1271.01
1272.92
25291.92
1357.08
1275.06
1265.05
1286.98
27388.81
1275.06
1240.97
1234.77
1238.82
1241.92
25295.97
1262.90
1225.95
1220.94
1245.02
1240.02
1246.21
25343.89
1236.92
1225.95
1208.07
1248.12
1256.94
25322.91
1258.85
1219.03
1221.90
1273.87
1261.95
1261.95
25319.81
1226.90
1215.93
1243.11
1271.96
1258.85
25363.92
1233.10
1224.99
1237.15
1277.92
1277.92
25356.05
1252.17
1229.05
1232.15
1280.07
1271.01
25305.99
1288.89
1243.83
1232.86
1273.87
1288.89
1280.07
25375.84
1258.85
1253.84
1240.02
1267.91
1271.01
25341.03
1290.08
1260.04
1250.98
1266.96
1281.98
25340.80
1284.84
1254.08
1247.88
1271.96
1275.06
25295.97
1327.99
1281.02
1267.91
1255.04
1247.88
1257.18
25406.12
1293.90
1271.01
1255.99
1235.01
1232.15
25293.11
1294.14
1282.93
1264.81
1242.88
1247.88
25312.19
1302.00
1272.92
1262.19
1265.05
1262.90
25292.87
1327.04
1295.09
1271.96
1281.98
1266.00
1274.11
25376.08
1290.08
1267.91
1272.92
1271.96
1269.10
25377.04
1274.11
1271.01
1274.82
1264.81
1265.05
25330.07
1300.10
1271.96
1275.06
1271.96
1264.10
25320.05
1302.96
1280.07
1279.12
1271.96
1271.96
1265.05
25360.11
1276.97
1272.92
1281.02
1269.82
1269.10
21358.97
1232.86
1230.00
1225.95
1261.00
1259.09
25326.97
1291.99
1240.97
1259.80
1251.94
1254.80
25326.01
1259.09
1223.09
1214.03
1228.09
1216.17
1218.08
25352.00
1276.02
1271.96
1279.12
1270.06
1266.00
25324.82
1297.00
1274.11
1275.06
1268.15
1271.01
33348.08
1334.91
1317.98
1317.98
1302.00
1307.96
21371.13
1342.06
1336.81
1354.93
1327.99
1325.85
25393.01
1366.14
1332.04
1333.95
1327.99
1329.90
25395.87
1363.04
1337.05
1334.91
1325.85
1327.04
25388.96
1358.03
1332.04
1343.97
1328.95
1327.04
33392.19
1285.08
1277.92
1276.02
1282.93
1280.07
25323.87
1307.96
1275.06
1280.07
1276.02
1266.96
25336.03
1312.97
1280.07
1278.16
1273.87
1276.02
1271.96
25355.82
1281.02
1277.92
1283.88
1263.86
1277.92
25385.14
1285.08
1276.97
1278.88
1271.96
1267.91
25379.90
1288.18
1276.97
1282.93
1274.11
1275.06
25328.87
1312.97
1285.08
1281.02
1273.16
1276.02
25332.93
1307.01
1272.92
1288.89
1274.82
1276.97
25320.05
1325.85
1297.00
1292.94
1273.87
1268.15
1274.11
25364.16
1283.88
1268.86
1278.88
1271.01
1266.96
25393.01
1296.04
1296.04
1285.08
1278.16
1300.10
25398.02
1297.00
1283.17
1290.08
1277.92
1281.02
25335.07
1315.12
1284.12
1291.04
1279.12
1282.93
25344.85
1316.07
1288.89
1291.99
1286.03
1280.07
25334.12
1322.03
1285.79
1292.94
1285.08
1283.17
25316.00
1351.83
1292.94
1292.94
1286.98
1279.83
1281.02
25387.05
1294.14
1286.98
1294.14
1282.93
1283.88
25396.82
1293.90
1286.98
1293.90
1285.08
1284.12
25403.02
1301.05
1283.88
1291.04
1282.93
1280.07
25388.00
1303.91
1286.98
1289.13
1283.88
1281.98
25350.09
1317.98
1287.94
1291.04
1285.08
1283.88
25353.19
1317.98
1288.89
1288.89
1291.04
1284.84
25333.88
1323.94
1291.04
1297.00
1281.02
1282.93
25316.95
1346.83
1288.89
1292.94
1284.12
1286.03
1281.98
21380.90
1290.80
1263.86
1266.00
1226.90
1225.95
25341.99
1287.94
1267.19
1280.07
1229.05
1221.18
25298.83
1299.86
1281.02
1272.92
1230.96
1234.05
21274.09
1302.00
1261.00
1255.04
1276.97
1259.09
1266.00
25393.01
1291.04
1277.92
1281.98
1266.00
1269.82
25395.87
1294.85
1268.86
1278.88
1267.19
1267.91
25330.07
1301.05
1287.94
1282.93
1270.06
1269.10
25288.11
1317.98
1293.90
1282.93
1270.06
1270.06
17292.98
1331.09
1294.14
1276.02
1289.13
1296.04
1279.12
25381.09
1288.18
1268.86
1276.97
1265.05
1266.00
25388.00
1295.09
1274.11
1271.01
1240.02
1240.97
25296.93
1297.00
1258.13
1266.00
1262.19
1255.04
25314.09
1310.11
1277.92
1268.86
1291.99
1286.03
25315.05
1331.09
1262.19
1255.99
1340.87
1310.11
1310.11
25357.01
1250.98
1235.96
1294.85
1297.95
1312.02
25378.94
1233.10
1219.99
1223.09
1310.11
1306.06
25356.05
1272.92
1254.08
1243.11
1245.02
1247.17
25295.02
1282.22
1252.89
1256.94
1247.17
1246.93
1239.06
25367.02
1257.90
1249.07
1261.00
1250.03
1250.98
25342.94
1267.91
1253.13
1255.04
1256.94
1245.98
25303.84
1277.92
1257.90
1256.23
1249.07
1250.03
1240.02
25355.82
1261.95
1248.12
1256.94
1250.03
1251.94
25363.21
1264.10
1249.07
1260.04
1251.94
1245.98
25300.98
1286.98
1245.02
1253.84
1246.93
1243.11
25274.99
1314.16
1260.04
1247.17
1259.09
1246.93
1247.88
25374.17
1275.06
1264.10
1266.96
1257.90
1250.98
25316.00
1282.22
1250.03
1259.09
1250.03
1243.11
25303.13
1289.13
1258.13
1256.94
1246.93
1249.07
1245.02
25360.11
1271.01
1255.99
1269.10
1253.84
1251.94
25364.16
1271.01
1252.17
1260.04
1256.94
1252.89
25314.81
1291.04
1276.02
1266.96
1255.04
1253.13
25312.90
1302.00
1258.13
1255.99
1265.05
1252.89
1258.85
25390.86
1292.23
1283.88
1253.84
1250.03
1241.92
25345.80
1258.85
1245.02
13310.91
1251.94
1227.86
1231.91
1219.99
1225.95
25263.07
1286.03
1236.92
1237.87
1247.88
1243.83
1245.02
25362.01
1266.96
1263.86
1276.97
1259.09
1270.06
25313.14
1296.04
1274.11
1261.00
1245.02
1242.88
25303.84
1290.08
1255.99
1258.85
1244.78
1250.98
1257.18
33410.07
1321.08
1292.94
1224.99
1225.95
1224.99
25391.10
1349.93
1331.81
1283.88
1240.02
1241.92
25336.98
1346.11
1307.01
1302.00
1273.16
1261.95
25338.89
1342.06
1301.05
1290.08
1281.02
1294.14
25366.07
1354.93
1304.86
1302.00
1260.04
1279.12
25326.01
1333.95
1304.86
1289.84
1228.81
1235.96
1241.21
25369.88
1286.98
1275.06
1218.08
1229.05
1226.19
25347.95
1259.80
1248.84
1257.90
1248.12
1250.98
25326.97
1287.94
1261.95
1266.96
1261.95
1254.08
25303.13
1306.06
1271.01
1276.02
1276.02
1271.01
1265.05
25373.22
1282.93
1271.96
1281.02
1271.01
1270.06
25378.94
1293.90
1285.08
1287.22
1283.88
1289.84
25388.96
1318.93
1286.03
1299.86
1286.03
1278.16
25346.99
1320.84
1296.04
1294.85
1287.94
1281.02
25346.04
1328.95
1307.01
1320.84
1297.00
1296.04
25378.94
1353.03
1316.07
1336.10
1319.89
1312.02
25383.00
1374.01
1338.96
1338.96
1335.14
1328.95
25390.15
1365.18
1334.91
1338.96
1334.19
1327.99
25395.15
1362.09
1338.01
1340.87
1331.81
1332.04
25423.05
1347.06
1334.91
1340.15
1332.04
1330.14
25438.07
1344.92
1332.04
1343.97
1331.09
1327.04
25437.83
1347.06
1331.09
1344.92
1329.18
1330.14
25441.88
1337.05
1332.04
1343.01
1334.19
1331.09
25435.92
1342.06
1341.10
1328.95
1327.99
21368.98
1283.17
1303.91
1307.01
1323.94
1313.92
1313.92
25403.02
1317.98
1310.11
1266.00
1266.00
1255.99
25375.13
1261.95
1248.84
17328.98
1237.15
1223.09
1226.90
1212.84
1214.03
25283.10
1248.12
1224.04
1237.15
1223.09
1262.90
1219.03
25326.97
1228.09
1219.03
1230.96
1217.13
1214.03
25285.01
1240.02
1226.19
1225.95
1223.09
1218.08
1222.13
25321.96
1231.91
1220.94
1231.19
19321.92
1284.12
1248.12
1250.03
1252.17
1245.02
1250.03
25370.84
1269.82
1264.81
1240.02
1261.00
1286.98
25383.00
1269.10
1263.14
1267.91
1266.96
1273.16
25332.93
1297.00
1267.91
1257.90
1236.92
1250.98
25305.03
1296.04
1266.00
1261.00
1227.14
1246.93
1239.06
25388.00
1267.91
1260.04
1234.05
1233.10
1229.05
25314.09
1285.08
1254.08
1252.17
1235.96
1240.97
25314.09
1281.98
1255.99
1245.02
1224.99
1248.12
1245.98
29339.08
1234.05
1214.98
1222.13
1214.98
1216.89
25278.81
1235.01
1219.99
1220.94
1216.17
1215.93
1216.89
25330.07
1231.19
1210.93
1221.90
1212.84
1211.88
25291.20
1310.11
1246.93
1224.99
1222.85
1215.93
25247.81
1278.88
1219.99
1219.03
1233.10
1230.00
1230.00
25315.05
1253.13
1234.05
1246.93
1233.82
1231.91
25298.12
1276.97
1240.02
1238.11
1240.02
1244.07
1239.78
25356.05
1260.04
1253.13
1267.91
1252.17
1249.07
25345.09
1264.10
1250.98
1257.90
1250.98
1255.04
25296.93
1281.02
1249.07
1259.09
1250.98
1251.94
1243.11
25360.11
1265.05
1271.01
1281.02
1276.02
1271.96
25362.97
1278.16
1266.00
1270.06
1262.19
1261.95
25311.95
1288.18
1259.09
1270.06
1261.95
1256.94
25319.10
1299.14
1271.01
1267.19
1256.94
1261.00
1254.08
25346.04
1275.06
1241.92
1266.00
1252.17
1250.03
25365.11
1274.11
1259.09
1267.91
1256.94
1255.99
25317.91
1257.90
1236.92
1229.05
1228.09
1216.17
25239.94
1312.02
1266.96
1258.85
1272.20
1283.88
1260.04
21382.09
1277.92
1267.91
1273.87
1262.90
1266.00
17371.89
1304.86
1288.18
1290.08
1270.06
1271.96
25325.06
1300.81
1268.86
1281.02
1271.96
1271.01
25340.08
1297.00
1280.78
1287.94
1271.96
1266.00
25294.07
1327.99
1274.11
1272.92
1281.02
1267.91
1267.91
23425.10
1284.12
1273.16
1264.10
1266.96
1265.05
1274.82
41323.90
1263.86
1224.99
1219.03
1258.13
1256.94
1272.92
25357.01
1236.92
1214.98
1218.08
1275.06
1271.01
25317.91
1255.99
1230.00
1242.16
1227.14
1227.86
1227.86
25323.87
1235.01
1240.02
1238.82
1230.96
1230.96
25347.95
1243.11
1234.05
1231.91
1252.17
1259.09
25331.02
1274.11
1240.97
1243.83
1263.86
1259.09
1250.03
25351.05
1265.05
1250.98
1238.82
1245.02
1261.00
25389.19
1284.12
1267.91
1253.84
1247.88
1238.82
25303.84
1298.90
1273.87
1262.90
1232.15
1238.11
25303.13
1309.16
1275.06
1281.02
1226.19
1247.88
1233.82
25369.88
1294.85
1273.16
1261.00
1218.80
1218.08
25315.05
1317.02
1274.11
1266.96
1215.93
1227.14
25283.10
1317.02
1274.11
1272.20
1226.90
1230.00
1234.05
25368.93
1276.97
1274.11
1259.09
1244.07
1243.11
25367.98
1278.88
1273.16
1266.96
1252.89
1257.90
25318.15
1301.05
1289.84
1273.87
1269.82
1264.81
25321.96
1296.04
1280.07
1274.82
1266.00
1291.99
25307.18
1323.94
1279.83
1261.95
1297.00
1275.06
1266.96
25396.82
1277.92
1266.00
1278.16
1290.08
1282.93
21405.94
1290.08
1270.06
1282.22
1273.87
1271.96
25362.01
1288.89
1277.92
1283.17
1271.01
1274.11
25337.93
1305.10
1276.02
1284.12
1280.07
1273.16
25328.87
1311.06
1277.92
1283.88
1274.82
1275.06
1271.96
25363.92
1281.98
1257.18
1262.90
1255.99
1259.09
25353.19
1257.90
1247.88
1241.92
1273.16
1265.05
29326.92
1302.00
1274.11
1274.11
1263.86
1252.89
25312.19
1286.03
1261.00
1257.18
1246.93
1248.84
1237.87
25338.89
1259.80
1240.02
1245.02
1234.05
1226.19
25331.97
1241.92
1235.01
1238.82
1225.95
1223.09
25285.01
1261.95
1232.86
1243.11
1249.07
1250.03
1240.97
25372.03
1270.77
1258.85
1276.02
1267.91
1265.05
17371.89
1277.92
1276.97
1270.06
1257.18
1256.94
25323.15
1288.18
1272.92
1258.85
1238.82
1236.92
25269.99
1280.07
1226.90
1222.85
1264.81
1244.07
1245.02
25340.08
1242.16
1232.86
1219.03
1234.05
1237.15
25301.93
1282.93
1238.11
1232.15
1224.04
1227.14
1224.04
29387.00
1281.02
1272.92
1285.08
1271.01
1273.87
25390.86
1292.94
1279.12
1309.16
1275.06
1286.98
25407.79
1294.85
1279.83
1288.89
1281.98
1279.12
25346.99
1310.83
1283.88
1290.08
1283.17
1277.92
25344.85
1312.97
1286.98
1290.08
1285.08
1275.06
25343.18
1320.12
1281.98
1290.08
1281.02
1271.01
25313.14
1344.92
1287.94
1278.16
1288.89
1275.06
1274.11
25395.87
