1055.00
983.95
960.11
911.00
1073.84
1061.92
1060.01
1060.01
1039.98
1044.03
1044.03
25107.86
1057.86
1026.87
1024.96
1026.15
1028.06
1022.10
1015.90
1024.01
1009.94
1003.98
1006.13
1019.95
1005.89
991.11
1011.13
17125.13
1060.96
1040.94
1043.08
1067.16
1054.05
1037.12
1039.98
1027.82
1026.87
1014.95
1021.15
1004.93
989.91
986.10
17021.18
1080.04
1039.03
1036.88
1029.97
993.97
985.15
981.09
988.01
976.80
981.81
979.90
988.01
986.10
979.90
992.77
17039.06
1106.02
1058.82
1060.96
1044.03
994.21
987.05
988.01
998.97
926.02
921.96
1038.07
1049.04
1040.94
1064.06
1060.96
17079.83
979.90
973.94
965.12
1039.98
1074.79
1064.06
1081.94
1070.02
1070.98
1065.02
1060.01
1055.96
1043.08
1055.96
17116.07
1029.97
1055.00
1024.96
1044.03
1028.06
1040.94
1029.01
1032.83
1038.07
1031.88
1037.12
1012.09
1003.03
1006.13
17030.00
1096.96
1047.13
1046.18
1061.92
1035.93
1044.99
1037.84
1042.84
1045.94
1039.03
1047.85
1014.95
962.02
970.84
961.78
17077.92
1060.96
1045.94
1044.03
1051.90
1041.89
1042.84
1056.91
1040.94
2269.03
1000.88
1016.14
1021.15
1036.88
17102.00
1025.92
998.97
1005.17
1009.94
1001.83
1004.93
1006.13
1013.99
1004.22
998.97
1008.03
1009.94
1008.99
1013.99
1017.09
17096.04
1020.91
1007.08
1003.98
1024.96
1008.99
1008.03
1006.13
1008.99
1005.17
996.11
995.87
988.01
998.97
1008.03
1000.17
17116.07
1017.09
1002.07
1013.99
1009.94
1001.12
1013.99
1006.84
1010.89
1009.94
1012.09
1005.17
988.01
989.20
988.01
17023.09
1111.98
1046.90
1047.85
1039.98
967.03
971.79
968.93
979.90
984.19
981.09
978.95
979.90
974.18
977.99
977.04
17001.87
1085.04
1043.08
1034.98
1020.19
988.01
979.19
983.95
993.01
977.99
974.18
976.09
976.09
970.13
962.02
972.03
16991.85
1073.84
1025.92
1029.01
1010.18
1004.93
988.01
987.05
995.16
979.90
979.90
983.00
983.00
985.15
977.99
970.13
17004.01
1037.84
997.07
996.11
983.95
972.99
975.13
983.00
980.14
969.89
966.07
967.03
961.07
973.94
967.03
965.12
963.93
17071.96
1001.12
988.01
988.01
988.96
967.98
964.88
958.92
973.94
964.88
977.99
977.04
984.19
977.99
975.13
983.95
17083.88
1005.89
993.97
988.01
978.95
982.05
988.96
998.97
1016.14
1002.07
998.97
998.97
1001.12
994.92
998.97
1002.07
17095.09
1011.13
985.15
991.11
998.97
990.15
985.86
989.91
990.15
988.96
993.01
994.92
1002.07
1005.89
997.07
1010.89
17084.12
1000.17
983.00
985.15
993.97
984.19
988.96
983.95
988.01
981.81
977.99
988.96
980.14
1024.96
1024.01
1040.94
17100.81
1019.95
1005.17
1001.12
981.09
962.97
975.13
970.13
983.95
973.94
997.07
978.95
985.15
984.91
988.96
978.95
17111.06
1019.00
1015.19
1013.04
1018.05
1012.09
1012.09
1011.13
988.96
974.89
967.03
958.92
971.08
973.94
969.89
971.08
17086.98
1004.93
993.01
993.97
994.92
992.06
990.87
995.16
996.11
984.91
984.91
991.11
963.21
990.87
1004.93
1009.94
17132.04
1035.93
1016.86
1024.01
1004.93
999.93
1008.99
999.93
1019.00
999.93
999.93
993.01
25105.00
1034.02
1016.86
1023.77
1017.81
1012.80
1009.94
1018.05
1012.80
1013.99
1014.95
25054.93
1021.86
977.99
967.98
974.18
971.08
962.02
970.13
977.04
977.04
975.85
974.89
25001.05
1038.07
979.90
975.85
979.90
979.19
971.08
972.99
971.08
1024.96
1020.91
1019.00
25053.98
1029.01
979.90
973.94
978.95
981.09
972.03
972.03
972.99
996.11
1003.03
995.16
996.11
25083.07
1017.09
1013.04
13038.16
1034.98
988.01
983.00
973.94
1009.94
1018.05
1006.84
1019.00
1009.94
1002.79
1005.89
25043.96
1050.95
1014.95
1017.09
1007.08
1002.07
992.77
994.92
990.87
985.86
981.81
979.90
25021.79
1034.98
998.02
988.96
989.91
984.91
977.99
975.13
972.99
1012.09
1007.08
1008.03
1007.08
1000.88
1005.17
1002.07
17030.95
1056.91
1015.19
1009.94
1010.18
1008.99
1002.07
1004.93
1009.94
1013.04
999.93
997.78
1002.07
986.10
990.87
977.99
17027.14
1007.08
972.99
962.02
967.03
1034.02
1027.11
1028.06
1034.02
1025.92
1031.16
1020.91
1031.88
1017.81
1019.95
1022.10
17117.02
1011.85
994.92
998.97
999.93
991.11
983.95
984.91
969.17
1024.96
1016.86
1013.99
1012.09
1006.13
1008.99
1008.99
17083.88
1006.84
988.96
993.01
993.97
987.05
978.95
974.89
975.85
965.83
969.89
971.08
998.02
1037.84
1040.94
1036.88
17076.97
1003.98
996.11
993.01
978.95
979.90
976.80
977.04
981.09
973.94
974.89
976.80
977.04
16185.05
993.01
990.87
989.20
991.11
988.01
991.11
996.11
1004.93
998.02
998.02
996.11
25084.97
1007.08
994.92
1002.07
1004.93
993.01
997.78
990.87
963.93
980.14
982.05
982.05
25081.16
1013.99
1021.15
1013.04
1008.03
1009.23
1008.99
1010.18
1002.07
1005.89
1005.89
25038.00
1057.15
1018.05
1002.79
1009.94
1010.18
1013.04
1004.93
993.01
962.97
974.18
982.05
17020.94
1053.09
1023.05
1003.98
1013.99
1013.04
1008.03
1015.19
1008.03
1009.94
1006.84
1005.89
991.11
969.17
977.04
977.99
17035.01
1060.96
1013.99
1016.14
1010.89
1004.93
1008.03
1010.18
1009.94
1008.03
1004.93
1005.89
977.99
1012.09
1013.99
1013.99
17128.94
1021.15
998.97
1008.03
1004.93
1001.83
1000.88
998.97
1008.99
995.87
1006.13
998.97
980.85
1010.89
1016.14
1009.94
17111.06
1013.99
999.21
1002.07
1008.03
998.97
995.87
1011.13
1000.17
999.93
998.02
1002.07
1003.03
1008.99
1015.90
17050.98
1075.03
1029.97
1012.80
1015.90
1007.08
1012.80
1011.85
1013.99
1008.03
1008.03
1017.09
990.15
982.05
972.03
972.99
17013.07
1055.00
1020.91
1008.99
1010.89
1008.99
1013.04
1006.13
1012.09
1003.03
1001.12
1003.03
993.01
1010.89
1015.90
1011.13
17091.04
1038.07
1007.08
1009.94
1010.89
1002.07
1004.93
1004.93
1008.99
1003.98
1003.03
1004.93
971.08
998.97
1008.99
1006.13
17118.93
1025.92
1017.81
1014.95
1021.15
1016.14
1013.99
1019.00
1025.92
1012.09
1022.10
1013.04
951.77
962.02
963.93
962.97
25154.11
1067.16
1051.90
1039.03
963.93
972.99
976.09
977.99
976.09
975.85
976.09
24981.98
1043.08
1006.13
992.06
993.97
994.92
992.06
993.97
993.01
987.05
995.87
989.91
25010.82
1070.02
1025.20
1012.09
1014.95
1007.08
1016.14
1018.05
1011.13
1015.90
1008.03
1013.99
25059.94
1024.96
996.83
988.96
988.01
975.85
974.89
970.84
967.03
989.91
1000.88
999.93
25026.08
1056.91
1005.17
1002.07
1006.13
972.03
976.09
971.08
976.09
972.99
973.94
972.03
25009.87
1091.96
1050.23
1039.98
1044.99
1044.03
1035.93
1035.93
1040.94
1035.93
1035.93
1037.12
994.92
962.02
963.93
964.88
17086.03
1043.08
1020.91
1020.91
1035.21
1028.06
1032.11
1029.97
1034.02
1027.82
1034.02
1032.11
1032.83
1026.87
1025.92
17066.00
1024.96
977.04
974.89
970.84
969.17
968.93
967.03
968.93
993.01
988.96
988.01
985.86
999.21
990.87
988.96
984.91
17047.88
978.95
975.13
970.13
981.09
972.03
982.05
978.95
975.13
979.90
977.99
974.89
973.94
977.04
973.94
979.19
17066.96
991.82
974.89
970.84
972.03
971.08
972.03
966.07
968.93
1013.99
1017.09
1008.99
1008.03
1008.03
1007.08
1008.03
21113.16
1008.03
998.97
985.86
1000.88
994.92
988.01
993.01
973.94
976.80
980.85
988.01
998.02
988.01
987.05
983.00
25088.07
994.21
983.00
977.04
987.05
980.14
972.99
977.99
985.15
980.85
977.99
978.95
25063.04
1009.94
993.97
988.96
993.97
989.91
987.05
986.10
982.05
969.17
967.03
967.03
25021.79
1025.92
988.96
982.05
974.18
1017.09
1017.09
1008.99
1025.20
1013.99
1013.04
1013.99
25110.96
1025.92
1015.19
1014.95
1010.89
1013.04
1003.98
1006.13
1003.98
997.07
1001.12
983.00
995.87
977.04
972.99
967.98
973.94
967.98
979.90
985.15
988.96
983.00
978.95
984.91
983.95
979.90
984.91
972.03
958.92
1022.10
1011.13
1008.03
1009.94
998.97
995.16
993.97
1007.08
1000.88
1000.17
1001.12
998.02
980.14
988.01
986.10
987.05
983.00
977.99
986.10
987.05
986.10
989.91
977.04
981.09
1008.03
1012.09
1010.18
1014.95
1020.91
1006.13
1008.03
1019.00
1011.85
1004.93
1006.13
991.11
1013.04
1026.15
1004.93
986.81
967.98
962.97
958.92
17014.03
1068.83
1029.97
1029.97
1027.82
1080.99
1011.13
1003.03
1006.13
1012.09
1003.98
1006.84
1013.04
1004.93
1005.89
1003.98
1009.94
1008.03
1005.89
1004.93
17102.00
1007.80
990.87
988.01
1018.05
998.97
1002.07
1000.88
1005.89
1003.03
1006.84
1010.89
1010.89
1015.19
1002.07
17038.11
1047.13
999.93
993.97
985.15
991.11
998.97
1003.98
1000.88
990.87
995.16
985.15
979.90
974.89
968.93
972.03
960.11
17140.15
1074.08
1049.04
1042.84
982.05
988.01
977.99
986.10
987.05
983.00
983.95
991.11
982.05
983.95
980.14
17010.93
1075.98
1047.13
1029.01
1022.10
1001.12
1012.09
1008.99
1013.99
1003.98
1002.07
1003.98
1004.93
1002.07
1000.88
996.11
17062.19
1092.91
1067.88
1069.07
1019.95
1014.95
1013.99
997.07
1013.99
1008.03
1006.84
994.92
994.21
982.05
985.15
968.93
17090.80
1032.11
1018.05
1016.14
963.93
972.03
967.03
966.07
971.08
962.97
967.03
962.97
969.89
965.12
971.08
967.03
17031.91
1070.02
1055.00
1034.98
1025.20
1005.89
1007.08
995.87
1008.03
998.97
1000.88
1000.17
1006.13
998.02
998.02
995.87
17081.98
993.97
977.99
979.90
993.01
1016.86
1010.89
1013.04
1016.86
1008.99
1008.03
1009.94
1015.90
1003.98
1011.85
1013.04
17077.92
988.01
978.95
977.04
1000.88
998.97
1010.18
1003.98
1015.19
1003.03
1003.03
1007.08
1007.08
1009.94
1019.00
17043.11
1044.03
981.09
987.05
975.13
1000.17
1000.88
998.02
1015.90
1008.99
1023.05
999.93
1003.03
1009.94
1012.80
998.02
17059.09
1059.06
1016.14
1011.13
999.93
1005.89
1006.13
995.16
998.97
993.01
982.05
978.95
984.91
976.09
970.13
967.03
16993.05
1065.97
1043.08
1029.97
1003.98
973.94
968.93
973.94
978.95
975.85
969.89
973.94
976.09
972.99
965.83
969.89
16994.00
1082.18
1049.04
1045.94
1029.97
1003.03
1003.98
993.97
1003.98
994.92
1000.17
998.97
25027.04
1046.90
1015.90
1013.99
1019.95
1012.09
1010.18
1012.09
1013.99
1012.09
1009.94
1008.99
25102.85
1011.85
1019.00
1008.99
1009.94
1003.98
997.07
988.01
1003.03
1005.17
993.01
981.09
25112.15
1024.01
998.97
1004.93
1005.89
1008.03
998.02
998.02
1045.94
1019.95
1009.94
1008.99
25066.14
978.95
977.99
975.13
1044.99
1051.90
1056.19
1054.05
1050.00
1055.96
1051.90
1055.00
1050.00
1052.86
1051.90
17106.06
989.20
971.08
968.93
967.03
957.97
966.79
964.88
960.83
1008.99
1012.09
1003.03
1007.80
998.02
1003.03
997.07
17033.10
994.21
971.08
963.93
977.99
970.84
966.79
966.07
969.89
970.84
973.22
971.08
963.93
1003.03
1007.08
999.93
17028.81
1047.13
1018.05
1002.07
992.06
977.04
974.89
974.18
977.99
970.13
967.98
975.85
983.00
971.08
973.94
973.94
16988.04
1026.87
988.01
977.04
980.14
976.09
975.13
978.95
978.95
972.99
985.86
994.92
983.95
990.87
985.86
979.90
990.87
17092.94
994.21
969.89
967.98
969.17
967.98
970.13
962.97
978.95
1026.15
1031.88
1024.96
1031.16
1022.82
1026.87
1024.01
21076.92
986.81
983.00
981.09
990.15
983.00
989.20
989.91
994.92
986.10
987.05
986.81
25112.87
1030.92
1026.15
1025.92
1018.05
1019.95
1019.95
1027.11
1013.99
1020.91
1015.19
29048.92
1056.91
1006.13
998.97
998.02
1044.99
1055.00
1052.14
1060.96
1052.14
1049.04
1048.09
1055.96
1049.04
1053.09
1049.04
17081.02
993.97
980.85
985.86
1037.84
1024.01
1024.01
1029.01
1025.20
1022.10
1038.07
1023.05
1031.16
1029.97
1023.05
13713.12
1053.09
1015.19
1015.90
1013.04
1019.95
1012.09
1010.89
1050.00
1049.04
1050.95
1051.90
1038.07
1039.03
1045.94
17112.97
998.97
988.96
972.99
983.00
977.04
982.05
977.99
996.83
1026.87
1025.20
1023.05
1025.92
1024.01
1024.96
1013.99
17074.11
992.06
982.05
978.95
985.86
980.85
973.94
971.08
1006.84
1012.80
1024.01
1011.13
1013.99
1019.95
1018.05
1008.03
17108.92
1024.01
1001.12
1001.12
1013.04
999.93
1001.83
1003.98
1046.90
1054.05
1050.00
1048.09
16196.01
1021.86
988.01
972.03
972.99
964.88
961.07
964.88
972.03
970.84
966.07
963.93
960.83
1026.87
1019.00
1020.91
17050.03
1021.15
972.99
964.16
971.08
971.08
967.03
967.03
974.18
966.07
959.16
967.98
970.13
1047.13
1055.00
1048.09
17081.02
1034.02
977.99
977.04
979.90
967.98
970.13
967.03
970.13
973.94
964.88
963.93
957.01
995.87
980.14
980.14
983.00
17079.11
1001.12
995.16
994.92
1003.98
984.91
995.87
988.96
1008.03
990.87
1001.12
997.07
982.05
987.05
983.00
993.97
17102.96
1020.91
1017.09
1015.19
1018.05
1013.99
1006.84
1020.91
1016.86
1014.95
1008.03
1013.99
976.80
977.04
978.95
17004.97
1079.08
1032.11
1016.14
1025.92
1018.05
1025.92
1015.90
1013.99
1019.95
1015.90
1018.05
1044.99
1032.11
1034.02
1036.17
13087.03
1027.11
1004.93
1014.95
1018.05
1008.99
1007.08
1004.93
1011.85
1008.99
1001.12
1008.99
25127.89
1024.01
1019.00
1013.04
1021.15
1017.09
1020.91
1016.86
1013.99
1017.09
1019.00
25048.02
1083.14
1034.02
1027.11
1032.11
1029.97
1027.82
1029.97
1030.92
1057.86
1066.92
1070.02
25125.98
1034.02
1007.08
1008.99
998.97
988.01
992.77
983.00
986.10
977.04
977.99
980.85
25085.93
990.87
983.00
981.09
990.87
988.96
984.19
992.06
992.06
987.05
981.09
983.95
25089.03
1017.09
1003.03
993.01
1007.08
998.02
997.07
996.11
1005.17
994.92
996.83
997.07
983.95
990.15
987.05
986.10
17097.00
1029.01
1020.91
1013.04
1017.09
998.02
1001.12
998.97
1003.98
1000.17
999.93
1000.88
1010.18
1000.88
1000.88
1000.88
17086.03
1012.09
1009.94
1012.80
1005.89
1003.98
998.97
1014.95
1004.93
1004.93
1012.80
1003.98
1019.00
1015.90
1020.19
17057.90
1046.90
1007.80
1000.88
1001.83
994.92
993.97
1003.03
997.07
993.01
999.93
991.82
989.91
1003.03
988.96
997.07
17032.15
1049.04
1018.05
1007.80
1010.89
1009.94
1007.08
1002.07
1010.89
1006.13
1006.13
1003.03
1013.04
1008.99
1013.04
1008.99
17088.17
1034.02
1009.23
1005.89
1010.89
1002.79
1003.98
1017.09
1018.05
1006.13
1008.03
1002.07
1031.88
1039.03
1044.03
1039.98
17099.86
1006.84
993.01
1001.12
999.93
996.83
998.02
1003.03
997.07
1003.98
995.87
988.96
979.19
972.99
974.18
974.89
17083.88
1024.96
1023.05
1016.14
1021.15
1013.04
1001.12
1013.99
1004.93
1004.93
1004.93
1006.84
1038.07
1038.07
1044.03
17080.78
1028.06
992.06
989.20
978.95
992.77
974.89
984.91
989.20
985.86
983.95
980.14
998.02
1057.15
1061.92
1054.05
17123.94
991.82
969.89
973.94
975.13
966.07
957.97
964.88
965.12
961.07
964.16
966.07
962.02
969.89
974.18
973.94
17009.97
1038.07
993.01
985.15
987.05
977.04
970.84
972.99
968.93
998.97
1008.99
1013.99
1008.03
1023.05
1015.19
1012.09
17057.90
1063.82
1038.07
1019.95
1029.97
1024.01
1019.00
1014.95
1017.09
971.08
975.13
974.89
985.86
981.09
987.05
986.10
991.11
988.96
983.00
982.05
991.11
989.91
987.05
987.05
17033.10
1033.07
1001.12
993.01
997.07
988.96
986.10
993.97
989.91
995.16
982.05
986.10
992.06
988.96
984.91
988.01
17030.95
1031.16
996.11
992.06
993.01
1000.88
994.21
988.96
996.83
993.01
993.97
983.00
1001.83
998.02
998.97
1000.17
17020.94
1030.21
1013.04
992.06
999.93
989.20
992.06
993.01
1000.88
999.21
988.96
1001.12
989.91
998.97
990.15
997.07
17024.99
1030.21
1008.03
998.97
17178.77
1029.01
1009.94
998.02
1008.99
1000.88
1005.17
1002.07
1005.89
1002.07
1007.08
1008.03
977.99
1012.09
1023.05
1025.92
17122.98
1021.15
1005.17
1003.03
1019.00
1014.95
1010.89
1002.07
1010.89
1004.93
1003.98
1007.08
992.06
1003.03
1016.14
1017.09
17107.96
1017.81
1019.00
1019.00
1003.98
1014.95
1018.05
1020.91
1017.81
1010.89
1009.23
13046.98
1013.99
980.85
978.95
966.07
994.92
991.11
992.06
993.01
992.06
993.97
992.06
33039.09
1079.08
1055.96
1060.01
1054.05
1049.04
1067.88
1052.86
991.82
967.98
973.94
973.94
25105.00
1018.05
1009.94
1008.03
962.02
1014.95
1005.17
1003.98
1016.86
1005.89
1003.98
1011.13
25110.96
1034.02
1019.00
1024.01
1026.87
1019.95
1024.01
1018.05
1019.00
1013.99
1022.10
1013.99
1002.79
998.97
1011.13
17030.95
1074.08
1020.91
1019.00
1019.95
1026.87
1021.86
1029.01
1033.07
1033.07
1024.01
1024.01
1041.89
1016.86
1024.01
1019.95
17101.05
1022.82
1003.98
1015.19
1024.01
1004.93
1006.84
1000.88
1008.03
1001.83
999.93
990.15
1056.91
1059.06
1053.09
17082.93
1029.01
972.99
967.03
963.93
973.94
977.99
978.95
993.01
978.95
977.04
974.18
973.94
978.95
975.13
973.94
978.95
17117.02
1032.83
1007.80
1008.99
1000.17
993.97
994.92
991.11
988.96
988.01
985.15
982.05
986.10
979.90
987.05
988.01
17097.95
1012.09
1008.99
1012.09
1007.08
1006.13
1002.07
1007.08
1013.04
1004.93
1008.99
1013.99
1025.92
1030.21
1027.11
37040.00
1080.99
1034.98
1024.96
1024.96
1018.05
1019.00
1005.89
1003.98
967.03
968.93
970.84
25021.08
1065.97
1013.99
1016.86
1000.88
974.89
971.79
972.03
970.13
972.99
967.03
964.88
24997.00
1022.10
977.99
971.08
972.03
968.93
975.13
963.93
969.89
960.83
965.83
964.88
24993.90
1050.00
983.95
982.05
983.00
985.15
987.05
978.95
983.95
988.96
979.19
976.09
988.01
25114.06
1029.97
1016.14
1024.96
1015.19
1017.09
1016.14
1029.01
1009.94
1002.07
1008.99
1003.98
1004.93
996.83
999.93
21038.06
1044.03
1008.03
1003.98
1008.03
1000.17
998.02
993.01
998.02
993.97
991.11
994.21
25035.86
1014.95
976.80
975.85
982.05
977.04
977.99
974.18
983.00
975.13
976.09
980.14
25012.97
1060.01
1025.92
1006.84
1005.89
1006.84
1000.88
1004.93
1001.12
1002.07
1003.98
999.93
25048.97
1051.90
1017.81
1007.08
1015.90
1045.94
1047.13
1062.15
1057.86
1055.00
1055.00
1051.19
1055.96
1050.00
1050.00
17081.98
1034.98
987.05
987.05
988.01
1055.96
1064.06
1047.13
1058.10
1053.09
1050.95
1052.86
1053.81
1050.95
1052.14
1049.04
17119.17
1013.04
1016.14
1005.17
1033.07
1035.93
1034.98
1033.07
1029.97
1030.92
1026.87
1033.78
1035.93
1036.88
1032.11
17060.04
1022.82
967.98
961.07
970.13
1024.96
1028.06
1020.91
1025.92
1024.01
1025.20
1028.06
1038.07
1021.15
1027.11
1023.05
1027.11
1025.92
1019.00
1018.05
17096.04
1013.99
1002.07
1003.98
1006.84
1006.84
1003.98
997.07
996.11
997.07
993.97
993.97
975.13
962.97
967.03
966.79
17071.96
989.20
977.99
970.13
977.04
970.13
972.99
968.93
993.01
1065.02
1066.92
1069.78
1080.04
1071.93
1060.96
17084.12
1062.15
1013.99
1000.17
1012.09
1022.10
999.93
1003.98
1013.99
1006.84
1008.99
998.97
1004.93
1011.13
1021.86
1009.94
17053.13
1096.01
1056.91
1043.08
1011.13
968.93
964.88
965.83
972.99
962.02
963.93
971.08
967.03
964.88
970.84
968.93
17019.99
1039.03
1003.98
998.02
1000.88
998.97
999.93
995.87
982.05
969.89
962.97
970.13
13000.97
1033.07
1006.84
994.92
996.11
992.06
989.20
994.92
991.82
992.06
987.05
992.06
25037.05
1028.06
997.07
993.97
993.01
990.15
993.01
996.11
993.01
998.97
988.96
992.06
25034.19
1070.02
1032.11
1024.96
1019.00
1024.01
1015.90
1016.14
998.97
979.90
988.01
985.86
25076.87
1067.88
1069.07
1065.02
992.06
960.11
964.16
957.01
972.99
966.07
961.07
957.01
25061.85
1031.88
1011.85
998.02
1002.07
982.05
991.11
983.00
988.96
1044.03
1043.08
1042.13
25129.08
1028.06
1028.06
1009.23
1019.00
1008.03
1011.85
1004.93
1012.09
1013.04
1006.13
25046.11
1050.00
1013.04
1003.03
1006.13
997.07
996.11
996.11
1002.07
996.11
1003.03
1007.08
25038.96
1034.02
984.19
977.04
983.95
975.85
973.94
977.04
977.99
1032.11
1029.97
1027.11
25054.22
1031.88
988.01
985.15
986.10
1055.00
1058.10
1043.08
1047.13
1038.07
1038.07
1043.08
25146.01
1061.92
1057.86
1041.89
1046.18
1035.93
1044.99
1053.09
1048.09
1040.94
1042.84
25080.92
1095.06
1062.15
1055.96
1065.02
1051.90
1044.99
1055.00
988.96
977.99
979.90
977.04
986.81
973.94
977.04
967.03
965.83
962.97
959.16
967.98
960.11
972.99
962.97
966.07
972.99
975.85
967.03
965.12
979.90
970.84
975.85
972.03
977.04
989.20
998.02
998.02
1006.84
1006.84
995.87
1000.88
1001.12
1000.17
994.92
994.92
986.10
1010.18
1011.85
1003.98
1011.13
1008.03
1007.08
1001.12
1002.07
1006.13
1003.98
1005.89
1013.99
976.09
977.99
986.10
998.02
984.91
981.81
984.91
989.91
993.97
983.95
987.05
17019.99
1060.01
1005.89
998.02
988.96
972.03
983.00
994.92
986.81
988.96
988.01
980.85
995.87
993.01
993.97
986.10
17013.07
1055.96
1012.09
1006.13
997.07
988.01
995.16
1001.12
1010.89
991.82
988.96
993.01
998.97
988.96
996.83
998.02
25023.94
1050.00
998.02
989.20
993.97
977.04
977.04
972.99
981.09
969.89
967.03
957.01
966.07
25099.99
1024.01
1013.04
1024.01
1010.89
1016.14
1013.04
1021.15
1024.96
1015.90
1010.89
1012.09
999.21
997.07
1002.07
17043.11
1063.11
1019.00
1013.99
1023.05
1019.00
1018.05
1020.91
1022.10
1019.95
1015.90
1015.90
1031.16
1002.07
998.02
993.97
17089.13
1031.88
1010.89
1024.01
1021.86
1019.00
1016.14
1017.09
1029.01
1011.13
1019.00
1016.86
25093.79
1021.86
1013.99
1021.15
1012.09
1013.99
1013.04
1005.89
1027.11
1034.02
1037.84
25074.01
1016.14
973.94
960.83
978.95
1038.07
1034.98
1030.92
1036.88
1024.01
1029.01
1027.11
25125.03
1042.84
1039.98
1025.92
1041.89
1030.92
1018.05
1031.16
1030.92
1030.92
1025.92
29057.03
1060.01
1003.03
998.97
992.06
1013.99
1002.07
998.97
1008.03
998.02
1007.80
1004.93
1005.17
1006.13
1008.03
998.97
17038.82
1061.92
1026.87
1016.86
1027.82
1019.00
1017.09
1019.00
1008.99
967.98
977.99
972.99
974.89
984.19
978.95
979.19
17029.05
1037.12
1003.03
995.87
1001.83
996.83
999.93
992.06
999.93
992.06
992.06
989.91
978.95
1005.89
1003.98
992.06
17019.03
1050.95
1017.09
1018.05
1026.15
1011.13
1014.95
1008.99
1044.03
1010.89
1012.09
1000.17
1011.13
1004.93
1003.98
1004.93
25089.03
1033.07
1009.94
1006.84
1005.89
998.97
1006.13
1002.07
998.02
997.07
992.77
988.96
25130.03
1034.02
1016.14
1022.10
1015.90
1018.05
1019.00
1019.95
1023.05
1015.90
1016.86
1009.94
960.11
972.99
974.89
17007.11
1057.86
1016.86
1010.89
1017.09
1015.19
1012.09
1002.07
1008.99
1003.98
1007.08
1007.08
993.01
971.08
965.12
968.93
17005.21
1056.19
1003.03
996.11
1003.03
993.01
993.97
1000.17
1000.88
993.97
1000.17
998.02
988.01
960.83
976.09
976.09
986.10
981.09
976.09
977.99
980.14
986.10
983.95
983.00
982.05
1011.13
1017.09
1009.94
1017.81
1009.94
1010.18
1013.04
1009.94
1015.19
1010.89
1008.99
1008.03
1001.83
1001.83
1013.04
1013.04
1013.04
1006.13
1005.17
1012.09
1008.99
1005.17
1004.93
986.81
964.88
967.03
964.88
969.89
969.17
969.89
968.93
972.03
979.90
965.83
981.81
967.03
999.93
974.89
974.89
973.22
17082.93
1000.88
984.19
982.05
982.05
982.05
980.14
980.14
993.01
979.19
984.91
975.85
991.82
964.88
964.88
964.88
17071.01
1008.99
991.11
987.05
993.01
990.87
989.91
986.10
992.06
1051.19
973.94
973.94
998.97
961.07
958.92
964.88
970.84
965.83
967.03
972.03
977.99
972.03
972.03
973.94
17025.95
1050.00
1005.89
1003.98
988.01
989.91
991.11
987.05
985.86
983.95
981.09
987.05
986.10
982.05
991.11
981.09
17024.04
1041.89
998.02
989.91
985.86
983.00
979.90
985.86
988.01
979.90
978.95
980.14
974.18
983.95
980.14
983.00
17017.13
1047.85
996.83
993.97
972.99
976.80
973.94
972.03
972.99
969.89
971.08
964.88
972.03
972.99
971.79
977.04
971.08
17106.06
1019.00
1006.84
1008.99
990.15
984.91
983.00
986.10
983.00
979.90
984.19
986.10
986.10
983.00
982.05
984.19
17105.10
1024.96
1017.81
1016.86
999.93
1007.08
998.02
1000.88
995.87
995.16
1000.88
998.02
996.11
998.02
993.97
17029.05
1048.09
1000.17
988.96
991.82
1001.83
993.97
999.93
998.97
996.11
993.97
992.77
1000.88
996.83
995.87
993.01
17033.10
1044.99
991.82
984.91
978.95
1023.05
1020.19
1013.04
1019.95
1013.04
1010.89
1009.94
1014.95
1007.08
1005.89
1011.85
17058.13
1043.08
1008.03
1000.88
1013.04
1010.89
1013.04
998.97
1008.99
1010.89
1013.99
998.97
25107.86
979.90
973.94
966.07
972.03
959.87
963.21
963.93
963.93
967.98
964.88
963.93
25019.17
1015.90
972.99
964.16
963.93
962.02
963.93
968.93
967.03
964.88
960.83
968.93
25003.19
1027.11
975.13
974.89
980.85
972.99
979.90
980.85
977.04
1003.03
991.11
990.15
991.11
25094.99
1002.79
998.97
1002.07
986.10
992.06
1002.79
996.83
994.92
994.92
988.01
1002.07
993.97
988.01
994.92
984.91
17094.85
1021.86
998.97
1004.93
999.93
1010.18
1003.98
990.87
983.00
988.96
992.06
993.01
995.87
993.01
987.05
17024.04
1049.04
1010.89
1001.12
1005.17
1010.89
1012.80
1001.83
1011.85
1005.89
995.87
1004.22
999.93
963.93
974.18
978.95
17008.78
1064.06
1013.04
1000.17
996.11
999.93
996.83
999.93
1013.04
1008.99
1013.04
1004.93
1002.07
997.07
993.01
998.02
17019.99
1051.19
1009.94
1007.80
1009.94
1003.03
999.93
1008.99
1004.93
1005.89
997.78
1000.88
1011.85
1003.98
1004.93
1006.84
17076.97
1042.13
1004.93
1008.99
1006.13
1005.89
1005.89
1019.00
1013.04
1012.09
1002.07
1019.00
1016.86
1014.95
1000.17
994.92
25116.92
1029.01
1013.04
1019.95
1019.00
1018.05
1011.13
1018.05
1013.99
1016.86
1010.89
25046.11
1033.07
988.01
980.85
982.05
977.99
977.99
977.04
989.91
977.99
972.99
972.99
977.04
17107.01
1027.82
1008.03
999.93
998.02
994.92
993.97
988.96
983.00
972.99
973.94
969.89
972.99
965.12
964.16
963.93
17097.00
997.07
985.15
972.03
979.90
970.13
967.03
962.02
968.93
965.12
967.03
962.02
977.04
967.98
963.93
970.84
13074.87
1067.88
1044.03
1042.84
1041.89
1039.98
1026.87
1024.96
1034.98
1028.06
1020.91
25049.92
1117.94
1066.92
1066.92
1056.19
1058.10
1058.10
1053.09
1053.09
1049.04
1045.94
1050.00
17102.96
983.95
972.99
984.91
980.85
1029.97
1033.07
1024.01
1021.86
1015.90
1019.00
1015.90
1021.86
1027.11
1013.04
17045.02
1040.94
1000.88
995.87
979.90
993.01
1003.03
1005.89
1003.98
1008.03
1003.03
998.02
998.97
1001.12
1001.12
997.07
17023.09
1024.01
980.14
968.93
963.93
1003.98
1006.84
1009.94
1012.09
1008.03
1008.99
1010.18
1010.89
1011.85
1009.94
1007.80
17039.06
1035.93
997.78
993.01
986.10
1007.08
1017.09
1015.90
1025.92
1022.82
1009.94
1007.08
1018.05
1008.99
1012.09
1007.08
17091.04
1030.21
1008.99
1001.12
1013.99
1019.00
1020.91
1013.99
1016.14
1010.89
1016.86
1014.95
1019.00
1013.04
1006.13
1007.08
17099.86
993.01
972.99
964.88
1003.03
1028.78
1013.04
1015.90
1025.92
1021.86
1019.95
1016.14
1020.91
1024.01
1019.00
17054.08
1060.96
1013.04
998.97
982.05
1007.08
1015.90
1015.90
1014.95
1007.08
1007.08
1007.08
1010.18
1005.89
1008.99
1011.13
17055.03
1073.12
1033.07
1036.17
999.93
963.93
973.22
967.03
965.12
963.93
969.89
961.07
964.88
969.17
961.07
962.02
16992.81
1081.94
1037.84
1032.83
1039.98
1030.92
1028.78
1034.02
1035.93
1032.83
1029.97
1029.97
1024.01
1014.95
1010.18
1012.09
17103.91
1018.05
995.16
994.92
1011.85
1030.92
1013.04
1015.90
1025.20
1013.99
1016.14
1019.00
1025.92
1027.11
1022.10
17050.03
1091.00
1061.92
1044.03
1051.90
1047.85
1052.86
1045.94
1035.21
1007.08
1003.03
1001.12
1012.09
1003.98
998.97
1006.13
17105.10
1072.88
1064.06
1053.09
1065.02
1059.06
1055.00
1057.86
1057.86
1055.96
1053.09
1035.93
1011.85
1011.85
1003.03
17034.05
1043.08
1001.83
993.01
998.97
991.11
998.02
990.87
1008.03
1053.81
1043.08
1049.04
25093.08
984.19
978.95
967.98
974.89
1006.84
1004.93
1003.98
1017.81
998.97
995.16
991.11
25088.07
1039.98
1026.87
1016.86
1026.87
1024.01
1024.01
1017.09
1017.09
1007.08
1001.12
25021.08
1087.90
1034.02
1013.04
1018.05
1018.05
1011.13
1014.95
1019.00
1006.13
1004.93
1003.98
997.07
1003.03
1002.07
1000.88
17050.98
1066.92
1020.91
1021.15
1019.00
1008.99
1009.94
1015.90
1008.03
1005.89
1003.03
1003.98
992.06
960.11
965.12
961.07
17024.99
1080.99
1026.15
1026.87
1029.01
1012.09
1014.95
1013.99
1000.17
1003.98
1007.08
1012.09
1020.19
1013.04
992.06
998.97
1007.08
990.87
983.00
977.04
994.21
1012.09
1024.96
1019.00
1024.01
1018.05
1017.09
1018.05
1015.90
1019.95
1015.90
1009.94
995.16
996.11
988.96
990.87
1002.07
990.15
993.97
993.01
1003.03
992.06
998.97
990.15
967.03
966.07
963.93
967.03
970.84
960.11
965.12
969.17
967.98
966.07
965.12
962.02
972.99
962.02
972.03
962.97
963.21
972.99
967.03
970.13
977.04
976.80
973.94
970.13
977.99
1014.95
1016.14
1013.99
1008.03
1006.84
1008.99
1003.98
1004.93
1008.03
1006.84
1005.89
1002.79
998.02
996.11
994.92
17035.01
1064.06
1029.01
1023.05
1016.14
1021.86
1013.04
1019.95
1025.92
1021.15
1018.05
1018.05
995.87
1002.07
1005.89
998.02
17133.00
1044.03
1027.11
1024.01
1032.83
1024.01
1023.05
1022.10
1031.16
1024.96
1019.00
1026.87
1000.88
1002.07
998.02
17035.96
1071.21
1024.96
1025.20
1024.96
1019.00
1014.95
1016.86
1024.01
1021.86
1016.86
1019.95
997.07
1015.19
1013.04
1008.03
17068.15
1048.09
1014.95
1015.90
1020.91
1008.03
1013.04
1012.09
1014.95
1010.18
1010.89
1015.90
993.97
976.09
989.91
984.91
17093.18
1016.14
1005.89
1005.89
1006.13
1003.98
999.93
1002.07
1006.84
996.83
1001.83
1006.84
993.97
1008.03
1003.03
1004.93
17111.06
1017.09
1007.08
1004.93
1004.93
1003.98
1000.17
1003.03
1007.08
998.02
1005.17
1003.03
1001.12
1003.03
1007.08
17032.15
1073.12
1031.16
1019.95
1019.00
1020.91
1019.00
1022.82
1023.05
1012.09
1015.90
1015.90
993.97
983.95
993.01
987.05
17039.06
1053.81
1020.91
1016.86
1016.86
1008.03
1016.14
1008.03
1018.05
1011.13
1011.13
1008.99
986.81
1019.00
1017.09
1003.03
13129.00
1039.98
1027.11
1029.01
1034.02
1024.01
1024.01
1023.77
1035.93
1024.96
1016.14
1031.88
1019.95
1019.00
1026.87
17047.88
1067.88
1026.87
1017.81
1021.86
1028.06
1018.05
1014.95
1026.87
1017.81
1021.86
1015.90
1019.00
1013.04
1018.05
1017.09
17104.15
1037.12
1026.15
1014.95
1029.01
1019.95
1012.80
1015.90
1027.82
1010.89
1008.03
1004.93
1011.13
1009.94
1000.88
1008.99
17087.94
1019.00
1005.17
1012.09
1009.94
1008.03
1007.08
1007.08
1008.99
1005.17
1008.03
1001.12
989.91
989.91
987.05
17022.85
1055.00
1008.03
998.02
992.06
993.01
983.00
981.81
988.01
983.95
979.90
977.04
984.91
980.14
977.99
973.94
16999.96
1079.80
1021.86
1029.97
1018.05
1020.19
1016.86
1014.95
993.97
998.02
987.05
993.97
992.06
987.05
982.05
986.10
17012.12
1078.13
1039.03
1032.83
1032.83
983.95
991.11
988.96
990.87
988.01
993.01
993.97
985.86
977.99
977.99
983.00
17031.91
1050.00
1012.09
993.97
1001.83
1004.93
998.02
1002.07
982.05
976.09
985.15
987.05
993.01
979.90
979.90
976.09
17016.17
1019.95
984.91
980.14
986.10
978.95
983.95
986.10
982.05
979.90
977.04
977.99
973.94
998.02
1003.03
988.96
17024.99
1091.00
1041.89
1039.03
1023.05
1002.07
1003.98
1003.03
996.11
1002.07
998.97
996.83
996.83
994.92
994.92
996.11
13030.05
1037.12
1011.13
1008.99
998.97
1034.98
1027.11
1023.05
1038.07
1024.96
1014.95
1025.20
25119.07
1044.99
1037.84
1034.02
1034.98
1032.83
1035.93
1031.88
1046.90
1034.02
1026.87
25071.86
1128.91
1080.99
1078.13
1079.08
1071.93
1072.88
1074.79
1076.94
1079.08
1074.08
25094.99
1132.97
1088.86
1072.88
1082.90
1074.08
1070.02
1067.88
1015.19
986.10
977.99
975.13
29082.06
1012.80
1004.93
1007.80
1005.89
1002.07
1001.83
1003.98
1008.03
999.93
1000.88
999.93
17098.19
1008.99
992.06
991.82
993.01
989.91
984.91
982.05
988.96
972.03
972.03
966.79
972.03
1018.05
1013.99
1005.89
17114.16
1013.99
1002.07
1011.85
974.89
979.19
967.03
976.09
977.04
968.93
970.13
967.98
974.89
976.09
962.02
958.92
17081.98
1004.93
995.87
987.05
999.93
995.16
992.06
992.06
945.09
966.07
972.99
978.95
988.01
977.99
986.10
979.90
17094.85
988.01
978.95
972.03
978.95
973.94
966.07
972.03
978.95
967.98
962.97
970.13
960.11
1034.02
1013.04
1019.95
17084.84
984.91
970.84
967.98
977.04
967.03
967.98
957.97
962.97
961.07
962.97
958.92
24995.09
1056.91
1012.09
997.07
996.83
1005.89
1000.17
993.97
1004.93
1001.12
997.07
1000.17
17033.10
1030.92
988.01
984.91
983.95
977.99
972.03
971.08
974.89
968.93
968.93
962.97
969.89
968.93
967.98
964.88
967.98
17049.07
977.99
972.03
969.89
981.09
969.89
977.04
974.89
983.95
976.09
974.18
978.95
988.01
981.09
977.04
985.15
37074.09
988.96
978.95
966.07
982.05
970.84
972.03
972.99
969.17
972.03
967.98
962.97
25068.04
1013.04
997.07
997.07
988.96
983.00
978.95
972.03
979.90
974.89
968.93
974.18
17014.03
1063.11
1019.00
1008.99
1018.05
1013.99
1011.13
1010.89
987.05
989.91
988.96
994.92
997.07
989.91
986.81
989.91
17091.99
1001.12
998.97
990.15
1009.94
992.06
990.87
982.05
984.91
1019.95
1020.19
1020.91
25117.87
1016.86
1004.93
1005.17
1009.94
996.83
1002.79
989.91
991.82
993.97
985.15
974.89
25098.09
1018.05
1008.99
1008.03
1009.94
1009.94
1000.17
1005.89
1023.05
1003.03
1008.03
1004.22
977.04
982.05
977.99
983.00
17112.02
1032.83
1026.87
1019.95
957.01
958.20
961.07
958.92
957.97
960.11
962.02
960.11
972.99
965.83
962.02
956.06
17060.04
975.13
961.07
965.12
973.94
960.83
963.93
956.06
963.93
962.97
959.87
964.16
955.10
998.02
1002.07
1002.07
17031.91
1033.78
998.97
998.02
986.81
961.07
963.93
962.02
968.93
964.16
962.02
957.01
969.89
962.02
957.97
962.02
16981.12
1052.14
995.16
978.95
989.91
977.04
973.94
975.13
972.99
973.22
989.91
988.01
981.09
989.91
977.99
976.09
977.04
17071.96
998.02
987.05
981.09
988.96
974.89
975.13
976.09
973.94
977.04
973.94
971.79
972.03
1004.93
1010.89
996.83
25105.95
1005.89
991.11
997.07
994.21
995.87
988.01
993.97
993.97
982.05
988.01
988.96
25083.07
1024.96
1004.22
994.92
996.83
1003.03
994.92
994.92
1001.12
998.02
995.16
995.16
25092.84
1013.99
1005.17
1004.93
1011.85
999.93
1008.03
1008.03
1009.94
1018.05
1021.86
25058.98
1048.09
999.93
993.01
985.86
1001.83
997.07
990.87
994.92
985.15
976.09
976.09
25010.11
1050.00
1005.89
996.11
985.15
988.96
978.95
970.13
977.04
968.22
972.03
967.03
972.03
14027.83
1013.99
1019.00
1015.19
1013.04
1012.09
1012.09
966.07
972.03
965.12
971.08
29078.01
1009.94
1000.88
1006.13
997.07
998.97
995.87
993.01
988.01
1000.17
984.91
995.87
988.01
979.90
974.89
974.89
17066.00
998.97
982.05
991.82
988.01
976.09
983.95
985.86
985.86
981.09
983.95
980.85
1002.07
1012.09
1009.94
1008.99
1019.00
1011.13
1008.99
1008.99
17056.94
999.93
996.11
994.92
986.81
993.01
985.15
992.06
1008.03
1010.18
1013.99
1017.09
1012.09
1012.09
1012.09
17047.17
1054.05
1000.88
1001.12
997.07
1002.07
997.78
1000.88
990.87
977.99
977.99
989.20
993.01
979.19
972.99
977.04
17004.01
1039.98
991.11
983.95
988.01
985.15
986.10
988.01
978.95
954.87
968.93
964.16
962.02
971.08
966.07
964.16
967.98
17087.94
994.21
979.90
969.89
979.90
973.22
965.83
967.98
960.11
962.02
961.07
962.97
967.98
967.03
958.92
962.02
17014.98
1024.96
980.85
972.03
977.99
970.13
967.03
966.79
962.02
1001.12
999.93
1006.84
1012.80
998.02
996.11
1002.07
17050.03
1050.95
1022.10
1003.98
1011.85
1011.85
1004.22
1005.89
993.97
988.96
993.97
992.06
993.97
989.91
984.91
996.11
17055.03
1034.98
1009.94
995.87
1004.93
998.02
1002.79
997.07
992.06
1001.12
998.02
1003.03
1010.18
998.97
994.21
999.93
17110.82
1023.05
1004.93
1004.22
1003.98
1005.17
994.92
995.87
979.90
967.98
969.89
962.97
25078.06
1010.89
997.07
993.01
982.05
1003.98
988.01
993.97
1006.13
993.01
993.01
988.96
25082.11
1034.02
1015.90
1010.18
1022.10
1013.04
1007.08
1006.13
1019.00
1008.03
1010.89
1010.18
25103.09
1027.11
1003.03
1006.13
993.97
1001.83
1004.93
1000.17
1003.03
1005.89
997.07
21044.97
1053.09
1003.03
1007.80
999.93
997.07
993.97
984.91
983.00
976.09
976.09
983.00
984.19
983.00
983.00
985.15
17009.97
1057.86
1020.91
1009.23
1017.09
1004.93
999.93
1008.03
1005.89
993.01
1004.93
1002.07
995.16
974.89
980.85
983.00
17021.89
1105.07
1054.05
1000.17
992.06
981.09
983.00
985.15
983.95
987.05
977.99
977.04
989.20
977.99
983.00
984.19
17021.89
1035.93
991.11
990.15
989.91
987.05
983.95
984.91
17012.12
1063.11
1022.10
1007.08
1012.09
1004.22
1010.89
1004.93
1013.04
1013.04
1004.22
1000.88
995.87
988.96
981.09
988.01
17026.19
1050.00
1009.94
1011.13
1022.10
1018.05
1006.13
1013.04
1013.04
1015.90
1018.05
1013.99
997.07
973.94
974.89
976.09
17076.02
1029.97
1003.98
1006.84
1013.04
998.97
997.07
996.83
996.83
983.95
990.15
978.95
25092.84
1028.06
1010.89
1006.84
1024.01
1014.95
1020.91
1013.99
1008.99
1013.99
1008.99
1003.98
25076.87
983.95
968.93
963.93
972.03
965.83
961.07
968.93
978.95
968.93
967.03
967.03
973.94
962.97
960.11
970.13
17052.89
1033.07
1013.99
1010.18
1018.05
1012.09
1013.99
1013.99
1004.93
981.81
989.91
988.01
993.01
983.00
983.00
982.05
17088.17
1027.11
1011.13
1014.95
1023.05
