17594.81
1427.89
17525.91
1492.98
1416.92
17596.01
1441.96
1394.03
17622.95
1431.94
17540.93
1492.02
1430.99
17588.85
1463.89
1381.87
17613.89
1395.94
17524.00
1509.90
1405.95
17511.13
1454.83
1393.08
17600.06
1430.99
17499.92
1485.11
1384.97
17548.08
1481.06
1394.03
17622.95
1459.12
17426.01
1513.00
1387.12
17503.98
1497.03
1399.04
17519.00
1467.23
1380.92
17613.89
1425.03
17472.03
1481.06
1379.97
17498.97
1487.02
1390.93
17591.00
1435.04
1412.87
17580.99
1434.80
17572.88
1475.10
1393.08
17605.07
1451.02
1428.13
17588.14
1434.09
17507.08
1477.00
1397.13
17527.10
1453.88
1410.01
17615.08
1418.11
17497.06
1509.90
1423.12
17541.89
1492.02
1441.00
17632.96
1421.93
17488.00
1483.92
1428.13
17544.98
1474.14
1397.13
17595.05
1429.80
17426.97
1544.00
1393.80
17519.00
1477.96
1397.13
17549.04
1430.03
1394.03
17595.77
1449.11
17514.94
1494.88
1410.01
17513.99
1465.08
1413.82
17601.01
1411.91
17483.23
1512.05
1417.16
17497.06
1463.89
1398.80
17626.05
1443.15
1372.10
17612.93
1415.01
17506.12
1509.90
1400.95
17562.15
1451.97
1399.04
17642.02
1412.87
17507.08
1483.92
1380.92
17532.83
1461.03
1369.00
17603.87
1410.01
17435.79
1528.02
1407.15
17566.20
1501.08
1396.18
17595.05
1433.85
1393.08
17584.09
1440.05
17494.92
1487.97
1388.79
17541.89
1477.00
1383.07
17591.95
1422.88
17500.88
1468.18
1403.09
17513.04
1469.85
1384.02
17589.09
1410.96
1394.03
17597.91
1402.85
17493.01
1461.03
1388.07
17486.10
1465.80
1385.93
17573.83
1404.05
17429.11
1533.03
1398.09
17508.98
1470.09
1408.82
17565.97
1435.04
1394.03
17616.03
1415.97
17493.01
1500.13
1399.99
17502.78
1473.90
1379.97
17614.84
1426.94
17446.04
1529.93
1399.99
17511.84
1482.96
1409.05
17598.15
1436.00
1375.91
17587.90
1428.84
17517.09
1472.00
1390.93
17526.87
1511.10
1391.17
17599.11
1410.01
17472.98
1475.81
1387.83
17513.99
1466.99
1381.16
17590.05
1434.09
1377.82
17580.99
1421.93
17508.03
1497.98
1396.89
17519.00
1472.00
1399.04
17604.83
1422.88
17499.92
1487.97
1378.77
17493.01
1477.00
1397.13
17595.05
1439.81
1395.94
17618.18
1421.21
17512.08
1487.02
1415.01
17561.20
1446.01
1389.03
17635.11
1428.13
17549.99
1487.97
1401.90
17519.95
1461.03
1388.07
17626.05
1416.92
17486.10
1487.02
1407.15
17504.93
1461.98
1405.95
17593.15
1415.97
1398.09
17575.03
1412.87
17507.08
1468.18
1404.05
17529.01
1479.86
1413.82
17615.08
1430.03
17486.10
1467.94
1401.19
17512.08
1488.92
1405.00
17611.98
1432.90
17411.95
1533.99
1404.05
17496.82
1483.92
1384.02
17502.78
1497.03
1408.82
17596.01
1399.99
17497.06
1462.94
1394.99
17523.05
1483.92
1384.97
17587.18
1425.98
1407.86
17583.85
1438.14
17508.03
1462.94
1389.98
17533.06
1469.85
1380.92
17610.07
1405.00
17488.00
1485.82
1384.02
17511.13
1495.12
1440.05
17609.83
1410.96
17441.99
2295.02
1419.07
17630.10
1423.84
17492.06
1487.02
1383.07
17491.10
1451.02
1384.02
17587.18
1419.07
1370.19
17599.11
1417.16
17534.97
1491.07
1405.00
17581.94
1439.81
1446.01
17600.06
1412.87
17523.05
1489.16
1415.01
17503.98
1469.85
1376.87
17602.92
1427.89
17463.92
1501.08
1391.17
17503.98
1462.94
1375.91
17605.07
1425.03
1364.95
17601.01
1403.09
17487.05
1482.01
1386.17
17536.88
1482.96
1400.95
17594.10
1425.98
17482.04
1498.94
1397.85
17545.94
1477.00
1399.99
17593.86
1432.90
1450.06
1621.01
1534.94
17527.10
1461.98
1387.83
17584.09
1424.07
1405.00
17574.07
1412.15
17503.98
1466.04
1387.12
17487.05
1466.99
1381.87
17598.87
1421.93
17499.21
1485.82
1407.86
17512.08
1489.16
1387.12
17591.95
1434.09
1392.13
17605.07
1405.95
17494.92
1502.04
1389.03
17506.84
1465.08
1398.09
17603.16
1411.20
17479.90
1485.11
1396.18
17498.02
1473.19
1374.96
17589.81
1431.94
1393.08
17606.97
1416.92
17503.02
1475.10
1392.84
17515.90
1463.89
1389.98
17585.04
1410.01
17453.19
1516.82
1405.00
17512.08
1510.86
1457.93
17603.87
1441.96
17454.86
1547.10
1393.08
17515.90
1469.85
1391.89
17565.01
1435.04
1371.86
17592.91
1399.99
17490.15
1468.18
1398.09
17493.01
1463.89
1391.89
17591.95
1428.13
1389.98
17591.00
1423.12
17503.02
1472.95
1405.95
17494.92
1483.92
1395.94
17631.05
1420.02
17488.00
1497.98
1389.03
17492.06
1477.96
1389.98
17607.93
1472.00
17441.03
1534.94
1443.86
17491.82
1450.06
1378.77
17503.98
1449.82
1380.92
17601.01
1417.16
17481.09
1484.87
1390.93
17515.18
1477.00
1383.07
17575.98
1443.86
1417.88
17589.09
1410.01
17489.91
1480.10
1394.03
17488.96
1473.90
1385.21
17595.05
1426.94
17493.96
1488.92
1406.19
17510.89
1467.94
1389.03
17601.97
1445.06
1380.92
17594.81
1420.02
17490.86
1466.99
1392.13
17519.00
1453.16
1377.11
17591.00
1461.98
17489.91
1476.05
1405.00
17495.87
1463.89
1387.83
17605.07
1428.13
1383.07
17597.91
1420.02
17503.02
1480.10
1387.12
17518.04
1467.94
1410.01
17606.02
1442.91
17547.85
1518.01
1383.07
17526.87
1472.95
1389.98
17594.81
1442.91
17489.91
1524.93
1409.05
17542.12
1490.83
1394.03
17597.91
1414.06
1395.94
17589.09
1408.10
17508.03
1466.99
1404.05
17522.10
1461.98
1405.95
17602.92
1424.07
17524.00
1508.00
1409.05
17529.01
1469.14
1382.11
17586.95
1425.98
17410.99
1533.99
1391.17
17489.91
1472.00
1394.99
17501.12
1457.93
1379.01
17591.00
1407.15
17435.07
1521.83
1405.00
17507.08
1469.85
1402.85
17585.04
1427.17
1383.07
17606.97
1414.06
17493.96
1478.91
1384.97
17558.10
1468.18
1394.03
17598.87
1446.01
17481.09
1498.94
1413.82
17538.07
1476.05
1399.04
17606.97
1457.93
17503.98
1553.77
1399.99
17505.17
1455.78
1395.94
17573.83
1429.08
1390.93
17594.10
1411.20
17492.06
1493.93
1394.99
17513.04
1477.96
1389.98
17586.95
1414.06
17447.95
1539.95
1391.89
17525.20
1472.00
1393.08
17566.92
1430.03
1399.99
17627.95
1440.05
17513.99
1486.06
1402.14
17519.00
1469.85
1437.90
17627.00
1412.87
17508.98
1498.94
1392.84
17493.96
1454.83
1384.02
17590.05
2240.90
17557.86
1435.04
1402.14
17604.11
1405.00
17513.04
1472.95
1388.07
17508.03
1472.95
1388.79
17605.07
1431.94
17431.97
1559.97
1497.98
17647.98
1457.93
1386.88
17616.03
1440.05
17469.88
1528.98
1432.90
17532.83
1482.96
1395.94
17588.85
1463.89
17430.07
1539.95
1399.04
17493.96
1457.93
1386.17
17481.09
1446.01
1379.97
17601.01
1404.05
17430.07
1523.02
1386.17
17539.98
1481.06
1394.99
17578.84
1459.12
1385.93
17594.81
1419.07
17503.98
1480.10
1393.08
17548.08
1477.00
1394.03
17624.86
1420.97
17467.02
1478.91
1393.08
17526.15
1456.02
1348.97
17548.80
1410.01
1372.81
17596.01
1403.81
17490.86
1461.98
1384.02
17487.05
1456.98
1373.05
17566.92
1417.88
1366.14
17601.01
1399.04
17484.19
1464.13
1386.17
17496.11
1474.14
1381.16
17593.15
1423.12
1366.14
17570.97
1389.98
17493.01
1458.17
1375.91
17503.02
1465.80
1387.12
17581.94
1409.05
1361.13
17569.07
1402.85
17513.99
1467.94
1379.01
17497.06
1448.15
1379.97
17608.88
1410.01
17441.99
1528.98
1397.13
17516.85
1456.02
1379.01
17548.08
1431.94
1380.92
17634.87
1419.07
17501.12
1480.82
1385.93
17490.86
1460.08
1379.01
17583.85
1420.02
1379.97
17576.93
1404.05
17493.96
1473.90
1393.08
17505.88
1456.02
1372.81
17581.94
1413.82
17431.02
1526.83
1395.94
17514.94
1464.13
1391.17
17522.10
1473.19
1424.07
17650.84
1457.93
17560.01
1506.09
1435.04
17611.03
1469.14
1426.94
17617.94
1458.88
17570.97
1515.87
1430.03
17627.00
1456.98
17512.08
1549.01
1441.00
17550.95
1502.04
1445.06
17615.08
1443.86
17521.86
1518.96
1430.99
17562.87
1509.90
1430.99
17649.17
1456.02
17551.90
1513.96
1434.09
17546.89
1490.83
1427.89
17649.89
1460.08
17601.01
1485.11
1388.07
17558.10
1421.93
1382.83
17603.87
1400.95
17491.82
1466.04
1389.03
17499.92
1470.09
1393.08
17596.96
1423.12
1374.01
17569.07
1404.05
17506.84
1475.10
1405.00
17508.03
1457.21
1377.11
17574.07
1408.82
17454.86
1526.12
1400.95
17508.03
1456.98
1378.06
17543.08
1449.82
1379.01
17615.08
1408.82
17488.96
1477.96
1396.89
17495.87
1454.11
1385.93
17597.91
1422.88
1386.88
17567.87
1408.10
17511.13
1476.05
1378.06
17503.02
1465.08
1390.93
17586.95
1420.97
17435.07
1538.04
1391.89
17524.00
1454.83
1382.11
17595.05
1437.90
1384.97
17616.99
1407.86
17499.92
1461.03
1382.83
17524.00
1482.01
1384.97
17592.91
1414.06
17436.03
1528.02
1389.98
17544.98
1483.92
1374.01
17572.16
1436.95
1394.03
17626.05
1418.11
17533.06
1479.15
1384.02
17505.88
1461.98
1394.03
17616.99
1403.09
17479.90
1508.95
1394.99
17525.91
1458.88
1380.92
17582.89
1439.09
1377.11
17591.00
1419.07
17521.14
1480.10
1388.07
17519.00
1460.79
1389.98
17592.91
1417.88
17495.87
1485.11
1394.03
17512.80
1464.13
1384.97
17612.93
1420.97
1374.96
17606.97
1407.15
17508.03
1466.04
1396.18
17507.08
1463.17
1386.17
17611.98
1436.95
17454.86
1528.98
1401.90
17527.82
1478.91
1401.90
17596.96
1431.94
1385.93
17627.00
1413.11
17512.08
1490.12
1387.83
17519.95
1461.03
1387.12
17620.09
1415.01
17497.06
1491.07
1393.08
17512.08
1464.13
1391.17
17591.95
1428.13
1390.93
17602.92
1408.82
17503.02
1456.98
1395.94
17508.03
1461.98
1385.93
17629.15
1423.12
17497.06
1476.05
1391.17
17508.03
1464.84
1389.98
17587.18
1424.07
1397.13
17583.13
1433.13
17529.01
1477.96
1395.94
17526.15
1443.15
1392.13
17606.97
1422.17
17529.01
1474.86
1391.89
17507.08
1460.08
1403.09
17620.09
1428.84
17416.00
1541.14
1413.11
17572.16
1491.07
1402.85
17585.04
1435.04
1380.92
17660.14
1402.14
17498.02
1488.92
1390.93
17513.04
1463.17
1399.99
17614.84
1407.86
17484.90
1494.17
1395.94
17511.84
1482.01
1394.99
17602.92
1432.90
1377.11
17611.03
1407.86
17509.94
1475.10
1382.11
17502.07
1461.98
1394.03
17603.87
1414.06
17462.97
1494.88
1399.04
17530.20
1469.14
1380.21
17628.91
1427.89
1379.01
17585.99
1402.85
17519.95
1486.06
1387.12
17511.13
1466.99
1396.18
17597.91
1420.97
17480.85
1487.97
1389.03
17502.07
1476.05
1399.99
17588.14
1427.17
1387.12
17602.92
1429.08
17511.13
1481.77
1383.07
17503.98
1476.05
1380.92
17597.91
1423.12
17474.89
1494.88
1410.96
17515.18
1471.04
1399.99
17616.99
1432.90
1386.88
17564.06
1405.95
17511.84
1472.00
1379.97
17524.96
1456.98
1393.08
17608.88
1417.16
17472.98
1499.89
1414.06
17512.08
1477.00
1389.03
17585.99
1427.17
1388.07
17610.07
1430.03
17509.94
1465.08
1382.11
17495.16
1462.22
1394.99
17593.86
1411.91
17483.95
1484.16
1383.07
17507.08
1467.94
1397.13
17573.12
1430.03
1381.87
17601.97
1399.04
17492.06
1460.08
1389.98
17484.90
1456.98
1375.91
17606.02
1422.88
1377.82
17570.97
1405.00
17504.93
1476.05
1399.99
17524.96
1456.98
1380.92
17591.95
1416.92
17462.97
1488.21
1399.99
17515.18
1460.08
1401.90
17577.17
1419.07
1391.17
17590.05
1407.86
17502.07
1470.09
1385.93
17496.11
1474.86
1384.97
17585.99
1416.92
1378.06
17543.08
1400.95
17493.01
1464.13
1387.12
17512.08
1452.92
1382.83
17601.01
1414.06
17413.85
1517.06
1404.05
17498.02
1473.19
1394.03
17519.00
1451.02
1376.87
17599.11
1422.88
17472.03
1468.18
1377.11
17507.08
1467.94
1414.06
17600.06
1441.00
1384.02
17571.93
1399.99
17510.18
1488.21
1397.13
17513.99
1452.92
1377.82
17606.02
1425.98
17462.97
1508.00
1386.88
17511.84
1472.95
1385.93
17580.99
1430.99
1377.11
17601.97
1415.01
17508.98
1474.86
1391.89
17498.02
1465.08
1384.02
17592.91
1420.02
17394.07
1564.03
1415.01
17502.07
1456.02
1386.17
17515.90
1452.92
1384.02
17620.80
1415.97
17488.00
1480.10
1376.15
17521.14
1476.05
1387.83
17585.99
1422.17
1378.06
17582.18
1399.99
17502.07
1469.14
1392.13
17512.08
1459.84
1395.94
17585.04
1420.02
17458.92
1517.06
1389.03
17519.95
1468.90
1386.88
17560.96
1437.19
1391.17
17604.11
1403.09
17505.17
1472.00
1407.86
17503.98
1463.89
1379.97
17607.21
1423.12
17416.00
1534.94
1394.03
17503.02
1466.99
1387.12
17497.06
1468.18
1392.13
17586.95
1412.87
17441.03
1502.99
1407.15
17523.05
1472.95
1405.00
17580.03
1420.02
1372.10
17601.01
1406.91
17507.08
1466.04
1385.93
17499.92
