1368.05
1211.88
1199.96
13422.01
1250.03
1211.88
1240.02
1215.93
1196.86
25352.95
1284.84
1221.90
13300.90
1317.02
1229.05
1225.95
1211.88
1204.97
1204.01
25385.86
1219.99
1190.19
13397.93
1230.00
1212.12
1240.02
1230.96
1185.89
25278.09
1322.03
1222.13
13272.05
1304.86
1230.00
1206.16
1199.01
1191.85
1204.01
25418.04
1243.83
1224.04
13394.12
1264.10
1209.97
1214.03
1204.01
1189.95
25281.19
1355.17
1232.15
13260.13
1340.15
1232.15
1219.03
1214.03
1199.96
1196.15
25395.15
1252.89
1203.06
13411.05
1260.04
1232.86
1214.03
1202.11
1204.97
25272.85
1312.02
1233.82
13287.07
1331.09
1239.06
1216.89
1216.89
1212.84
1197.10
25418.04
1255.04
1224.99
13386.96
1235.96
1204.01
1220.94
1208.07
1217.84
25291.92
1334.91
1220.94
13255.83
1327.99
1209.02
1219.03
1219.03
1203.06
1199.01
25389.91
1251.94
1206.87
13370.99
1255.99
1216.89
1217.13
1209.97
1215.93
25269.99
1351.12
1231.91
1208.78
13381.00
1229.05
1236.92
1228.81
1214.98
1215.93
25408.98
1266.00
1231.91
13360.98
1274.82
1214.98
1219.99
1210.93
1193.05
25265.93
1369.95
1228.09
13236.05
1347.06
1222.13
1199.01
1243.83
1199.01
1203.06
25383.00
1245.98
1216.89
13275.86
1312.97
1207.83
1221.90
1209.97
1211.88
1209.02
25393.96
1235.01
1231.91
13417.01
1312.97
1240.02
1229.05
1204.97
1188.99
25404.93
1248.84
1193.05
13287.07
1299.86
1221.18
1227.14
1207.11
1199.01
1196.15
25383.95
1228.09
1210.93
13397.93
1250.98
1216.89
1210.21
1224.04
1209.97
25317.91
1327.04
1237.15
13295.89
1328.95
1230.96
1213.07
1211.88
1216.89
1202.11
25411.13
1240.02
1229.05
13399.12
1231.19
1201.87
1229.05
1194.00
1196.15
25285.01
1316.07
1219.03
13309.00
1322.03
1222.13
1222.13
1203.06
1204.01
1200.91
25439.98
2048.02
13326.88
1323.94
1215.93
1211.88
1242.88
1317.02
25296.93
1344.20
1240.97
13278.01
1342.06
1233.10
1201.15
1202.11
1188.99
1195.91
25382.04
1250.98
1229.05
13341.90
1262.90
1216.89
1207.83
1199.96
1174.93
25244.00
1368.05
1235.96
1210.93
13427.02
1214.03
1210.93
1204.97
1209.02
1200.91
25346.04
1297.95
1209.97
13289.93
1326.08
1238.11
1222.13
1213.07
1209.02
1214.98
25403.02
1244.07
1230.96
13399.84
1235.01
1209.02
1219.03
1187.09
1207.11
25265.93
1314.88
1204.01
13283.01
1302.00
1219.03
1201.15
1205.92
1224.99
1201.87
25389.91
1276.97
1235.01
13383.87
1257.18
1222.13
1219.99
1202.82
1199.96
25272.13
1319.89
1237.87
13283.97
1322.98
1222.13
1223.80
1210.93
1216.89
1197.81
25403.98
1250.98
1239.06
13389.11
1255.04
1230.00
1242.88
1223.80
1204.97
25285.01
1311.06
1227.14
13262.03
1334.91
1220.94
1207.83
1189.95
1184.94
1194.00
25383.00
1245.98
1201.15
13376.95
1244.07
1215.93
1226.90
1191.85
1182.08
25256.87
1345.16
1228.09
13247.01
1337.05
1229.05
1199.01
1215.93
1191.85
1199.01
25369.17
1266.00
1245.02
13289.93
1304.15
1243.11
1329.18
1232.86
1199.01
25259.97
1353.98
1234.05
1204.97
13416.05
1243.11
1193.05
1209.97
1193.05
1191.14
25373.94
1260.04
1209.02
13304.00
1310.83
1214.98
1221.18
1223.09
1188.04
1184.94
25382.04
1229.05
1197.10
13417.01
1234.05
1208.78
1204.01
1186.13
1202.11
25277.14
1335.86
1221.18
13293.98
1311.06
1218.08
1222.13
1217.13
1203.06
1192.09
25406.12
1247.88
1217.84
13401.03
1250.03
1208.07
1226.90
1199.01
1183.03
25272.85
1316.07
1233.10
13273.95
1324.89
1230.00
1225.95
1204.97
1221.18
1205.92
25393.96
1240.97
1203.06
13371.23
1250.03
1201.87
1205.92
1196.86
1198.05
25238.04
1327.99
1209.02
1215.93
13362.17
1224.04
1215.93
1224.04
1215.22
1204.97
25387.05
1267.91
1226.90
13304.00
1296.04
1212.12
1214.98
1213.07
1198.05
1192.81
25398.97
1235.96
1216.17
13390.06
1226.90
1201.87
1196.86
1206.87
1186.85
25265.93
1322.03
1218.08
13293.03
1312.02
1226.19
1203.06
1224.99
1198.05
1192.09
25388.00
1224.99
1203.06
13381.00
1235.01
1207.11
1218.08
1188.04
1187.09
25249.96
1327.99
1239.06
13312.10
1327.04
1230.96
1212.84
1213.07
1219.03
1198.05
25406.84
1261.00
1233.10
13377.19
1268.15
1226.90
1219.99
1220.94
1204.97
25259.02
1335.14
1209.97
13237.95
1344.92
1219.03
1209.02
1214.98
1194.00
1188.04
25367.98
1260.04
1203.06
13269.90
1309.87
1214.03
1208.07
1211.17
1199.96
1193.05
25384.90
1247.17
1222.13
13407.95
1240.97
1214.98
1202.11
1200.91
1190.90
25291.20
1316.07
1228.09
13293.98
1316.07
1225.95
1227.14
1223.09
1203.06
1190.90
25442.84
1246.93
1220.94
13432.03
1241.21
1240.02
17422.91
1241.92
1210.93
9363.17
1245.98
1236.92
13300.18
1308.92
1198.05
1206.87
1212.84
1204.97
1179.22
1373.05
1222.13
1203.06
13437.99
1262.19
1230.00
1221.90
1201.15
1208.07
25377.99
1289.13
1220.94
13309.96
1334.91
1231.91
1224.04
1200.91
1201.87
25281.91
1363.04
1221.90
1211.88
13397.93
1235.01
2039.19
1208.07
1193.05
25264.02
1338.01
1223.09
13261.08
1327.99
1228.81
1204.97
1211.88
1203.06
1196.86
25370.84
1255.04
1219.99
13283.01
1304.15
1206.16
1210.93
1199.01
1204.01
1208.07
25465.01
1237.87
1207.11
13386.96
1237.87
1224.04
1209.97
1204.97
1207.11
25353.19
1307.01
1217.84
13299.94
1310.83
1200.91
1230.00
1208.07
1202.11
1194.00
25389.19
1230.00
1208.07
13386.96
1230.00
1204.97
1215.93
1198.05
1194.95
25284.77
1321.08
1230.00
13288.97
1302.00
1204.97
1219.03
1197.81
1188.04
1189.95
25388.96
1240.97
1214.98
13366.94
1229.05
1197.10
1215.22
1190.90
1187.09
25254.01
1338.01
1208.07
1194.95
13362.17
1215.93
1204.97
1207.83
1199.01
1180.17
25269.03
1293.90
1211.88
13279.91
1303.91
1211.88
1204.97
1204.01
1208.07
1183.99
25400.88
1243.83
1199.96
13383.15
1235.01
1195.91
1204.97
1194.00
1186.13
25240.18
1322.98
1210.93
1208.07
1348.97
1215.93
1191.85
1205.92
1194.95
1188.99
25290.01
1288.18
1216.17
13261.08
1312.97
1226.19
1213.07
1207.11
1200.91
1187.09
25396.11
1225.95
1219.03
13379.81
1224.99
1201.87
1216.89
1207.83
1203.06
25264.98
1305.10
1208.07
13266.09
1327.99
1213.79
1209.02
1221.18
1193.05
1193.05
25387.05
1242.16
1202.11
13347.15
1265.05
1207.83
1220.94
1191.85
1195.91
25230.88
1339.91
1233.10
1219.03
13397.22
1239.06
1204.01
17379.05
1229.05
1209.97
9356.02
1226.90
1204.97
13267.04
1287.22
1209.97
1208.07
1198.05
1188.99
1185.18
25393.96
1230.96
1204.01
13384.10
1225.95
1198.05
1209.02
1200.91
1194.00
25262.12
1319.17
1208.07
13269.90
1317.98
1211.17
1206.16
1214.03
1209.97
1186.85
25404.93
1246.93
1210.93
13378.14
1255.04
1194.95
1213.07
1198.05
1192.09
25308.13
1332.04
1210.93
1195.19
21370.89
1233.10
1209.97
9352.92
1224.04
1208.07
13368.84
1224.04
1209.02
1207.83
1204.01
1191.14
25239.94
1335.14
1210.93
13237.00
1323.94
1221.90
1209.02
1229.05
1203.06
1183.99
25341.99
1250.98
1209.02
13277.05
1297.00
1219.03
1219.99
1209.02
1186.85
1198.05
25383.95
1237.87
1211.88
13398.89
1240.97
1196.86
1208.07
1185.89
1199.96
25270.94
1327.04
1219.99
13278.01
1330.85
1211.88
1223.09
1219.99
1200.91
1202.11
25391.10
1255.99
1210.93
13379.10
1224.99
1209.02
1204.97
1199.96
1191.85
25251.87
1324.89
1236.92
13221.98
1343.01
1216.89
1205.92
1221.90
1195.19
1183.03
25343.18
1265.05
1207.83
13278.01
1293.18
1219.03
1209.02
1188.99
1200.91
1180.17
25397.06
1230.96
1200.91
13401.03
1230.96
1196.86
1207.11
1188.99
1192.09
25271.89
1323.94
1216.89
13263.94
1315.83
1215.93
1209.97
1204.01
1188.99
1202.11
25376.08
1247.88
1224.99
13327.12
1261.95
1205.92
1203.06
1199.96
1195.91
25212.05
1348.97
1219.99
1209.97
13401.99
1235.96
1202.11
1209.97
1189.95
1180.89
25265.93
1311.06
1219.99
13276.82
1300.10
1208.07
1216.17
1223.09
1192.09
1193.05
25372.98
1245.02
1209.97
13386.01
1248.12
1208.07
1223.09
1197.10
1197.10
25254.96
1326.08
1219.03
13236.05
1322.03
1212.12
1202.11
1203.06
1181.84
1189.95
25285.01
1304.15
1209.02
13275.15
1309.16
1220.94
1209.02
1207.11
1193.05
1195.91
25398.02
1228.09
1196.15
13396.02
1236.92
1209.02
1220.94
1196.86
1199.96
25272.13
1314.88
1211.88
13273.00
1317.98
1214.03
1196.86
1202.82
1195.91
1184.94
25402.07
1252.89
1212.12
13321.16
1264.10
1200.20
1198.05
1199.96
1194.00
1180.17
25362.97
1224.99
1205.92
13388.87
1232.86
1222.85
1219.03
1185.18
1183.99
25267.84
1301.05
1204.97
13262.03
1312.97
1226.90
1212.84
1202.82
1197.10
1198.05
25371.07
1234.05
1203.06
13357.88
1254.80
1208.07
1223.09
1191.14
1189.95
25246.86
1331.09
1210.93
1197.10
13381.00
1226.19
1194.00
1226.90
1186.85
1189.95
25264.98
1312.97
1221.90
13278.01
1293.18
1214.03
1219.99
1203.06
1196.15
1188.04
25400.16
1238.82
1201.87
13365.03
1227.86
1214.03
1217.13
1187.09
1188.99
25241.85
1334.19
1228.09
13267.04
1333.00
1226.19
1217.13
1204.97
1181.84
1215.93
25377.99
1235.01
1216.89
13270.85
1292.94
1214.98
1220.23
1199.01
1202.11
1183.99
25378.94
1240.02
1199.01
13390.06
1230.00
1209.97
1215.93
1197.10
1198.05
25270.22
1307.01
1219.99
13252.02
1317.02
1221.18
1219.99
1214.98
1204.01
1202.11
25386.10
1240.02
1204.97
13374.09
1245.98
1213.79
1209.97
1191.85
1190.90
25267.84
1332.04
1214.03
1197.10
13380.05
1224.99
1199.01
1205.92
1207.11
1197.10
25350.81
1258.13
1214.98
13279.91
1306.06
1210.93
1219.03
1199.96
1199.96
1195.19
25396.11
1232.15
1224.99
13393.88
1224.99
1198.05
1204.97
1196.15
1196.15
25264.02
1311.06
1217.13
13276.10
1325.13
1209.02
1200.91
1202.11
1191.14
1188.99
25389.19
1239.06
1218.80
13372.90
1243.11
1210.93
1204.01
1204.01
1187.09
25248.05
1337.05
1224.04
1212.12
13391.97
1220.94
1194.00
1227.14
1195.91
1188.99
25293.11
1302.00
1215.93
13280.15
1306.06
1214.98
1217.13
1204.01
1195.91
1193.05
29417.04
1250.03
1197.10
1200.20
1198.05
1200.91
25282.86
1320.12
1214.03
9263.99
1300.10
1228.81
13280.87
1309.87
1213.07
1214.03
1205.92
1196.15
1195.19
25367.98
1245.98
1204.97
13308.05
1265.05
1215.93
1209.02
1194.00
1188.99
1189.95
25366.07
1227.86
1193.05
13395.07
1242.16
1213.07
1214.98
1189.95
1185.89
25271.18
1302.00
1207.11
13265.13
1310.11
1228.09
1215.93
1217.84
1197.81
1197.10
25373.94
1243.11
1204.97
13370.99
1245.02
1209.97
1215.93
1203.06
1204.97
25259.02
1327.04
1223.09
1214.03
13359.79
1221.90
1198.05
1204.97
1204.01
1183.03
25296.21
1290.08
1202.82
13283.97
1295.80
1224.99
1203.06
1207.11
1188.99
1193.05
25399.92
1238.11
1199.01
13378.86
1249.07
1208.07
1218.08
1198.05
1186.85
25274.04
1322.03
1218.80
13263.94
1317.02
1213.07
1206.87
1209.97
1194.95
1184.94
25378.94
1245.02
1209.02
13299.23
1285.08
1205.92
1207.11
1194.95
1200.20
1183.03
25387.05
1229.05
1199.01
13373.14
1238.11
1196.15
1213.07
1199.96
1189.95
25272.85
1307.01
1208.78
13272.05
1302.00
1212.84
1213.07
1204.01
1194.95
1199.01
25374.89
1241.92
1201.87
13343.81
1255.99
1223.09
1207.83
1190.90
1192.09
25237.08
1333.00
1206.87
1197.81
13390.06
1240.02
1191.85
1204.01
1199.01
1195.91
25287.87
1311.06
1206.16
13301.13
1291.99
1220.94
1217.84
1194.95
1188.99
1178.03
25386.10
1240.02
1208.07
13360.98
1235.96
1205.92
1213.07
1199.96
1188.04
25239.94
1328.95
1220.94
13266.09
1323.94
1205.21
1196.15
1213.07
1210.21
1194.95
25377.04
1259.09
1202.11
13288.02
1291.04
1209.97
1212.12
1201.15
1203.06
1191.14
25381.09
1226.90
1218.08
13389.83
1240.02
1220.94
1208.07
1196.15
1187.09
25285.01
1306.06
1224.99
13278.96
1312.97
1224.04
1224.04
1209.02
1196.86
1188.04
25388.00
1232.15
1202.11
13370.99
1252.89
1214.03
1210.93
1199.01
1185.18
25253.06
1327.99
1214.03
1209.02
13369.08
1221.18
1204.97
1206.87
1205.92
1189.95
25302.17
1278.16
1205.92
13283.97
1294.85
1215.93
1230.00
1202.11
1208.07
1182.08
25404.93
1241.92
1201.15
13374.09
1239.06
1211.88
1211.17
1207.11
1203.06
25267.84
1317.02
1221.90
13259.17
1314.16
1209.02
1206.87
1219.99
1188.04
1194.00
25386.10
1253.13
1217.13
13359.07
1249.07
1209.02
1220.23
1189.95
1196.86
25238.99
1337.77
1232.86
1221.90
13409.85
1234.05
1211.17
1214.98
1200.91
1191.85
25291.92
1282.93
1219.99
13289.93
1295.09
1209.97
1209.02
1224.04
1179.93
1196.15
25387.05
1238.82
1204.97
13384.82
1239.06
1204.01
1204.01
1188.99
1181.84
25275.95
1308.92
1216.89
13257.98
1325.85
1213.79
1188.99
1205.92
1190.19
1194.95
25375.84
1246.93
1221.18
13280.15
1285.08
1214.98
1205.92
1193.05
1187.09
1187.09
25388.00
1229.05
1209.02
13384.82
1250.03
1199.01
1217.84
1203.06
1203.06
25283.10
1312.97
1204.01
13278.01
1321.79
1215.93
1209.02
1200.91
1204.01
1188.04
25390.86
1245.98
1223.09
13376.00
1257.90
1221.90
1209.97
1188.04
1201.87
25254.01
1325.85
1235.01
13262.99
1315.12
1227.14
1213.07
1217.13
1209.02
1201.87
25374.89
1251.94
1209.97
13286.11
1297.95
1213.07
1221.18
1207.11
1188.99
1193.05
25377.99
1232.86
1208.07
13411.05
1242.88
1199.96
1210.93
1195.91
1194.00
25274.04
1312.97
1224.04
13276.82
1302.96
1204.01
1220.94
1216.89
1194.95
1199.01
25399.92
1242.88
1199.96
13372.90
1247.88
1204.97
1212.12
1193.05
1178.98
25264.98
1332.04
1227.14
13236.05
1333.95
1225.95
1209.97
1224.99
1190.19
1224.04
25376.08
1259.09
1204.01
13293.03
1291.04
1214.03
1201.87
1191.85
1201.87
1195.91
25381.09
1228.81
1205.92
13408.90
1241.92
1219.03
1229.05
1188.04
1209.02
25268.08
1307.01
1220.94
13284.92
1293.90
1204.01
1226.19
1209.97
1199.01
1200.91
25394.92
1238.11
1214.98
13386.96
1260.04
1219.03
1215.93
1209.97
1206.16
25274.04
1321.08
1220.94
13276.82
1317.98
1224.99
1208.07
1212.84
1189.95
1194.00
25390.86
1253.84
1208.07
13340.00
1252.17
1227.14
1201.15
1199.01
1197.10
25241.85
1352.07
1214.03
1206.87
13386.96
1230.96
1197.10
1200.91
1213.07
1192.81
25270.94
1327.04
1202.82
13277.05
1330.14
1238.11
1207.11
1206.87
1192.81
1195.91
25390.86
1239.06
1209.02
13394.12
1250.03
1200.91
1212.84
1202.82
1191.85
25285.01
1301.05
1219.03
13269.90
1312.97
1215.93
1189.95
1217.13
1214.98
1189.95
25374.89
1244.07
1213.07
13317.11
1266.00
1207.11
1208.07
1199.96
1199.96
25233.03
1363.04
1231.91
1197.81
13391.97
1221.90
1193.05
1199.01
1178.98
1179.93
25253.06
1313.92
1209.02
13265.13
1315.83
1213.07
1200.91
1194.95
1190.19
1186.13
25373.94
1241.92
1199.96
13345.00
1239.06
1209.02
1212.84
1200.91
1190.90
25213.00
1337.05
1214.98
1204.97
13388.87
1225.95
1211.88
1195.91
1187.80
1180.89
25264.98
1307.01
1207.11
13271.09
1315.12
1211.17
1209.97
1197.81
1184.94
1186.85
25380.85
1240.02
1193.05
13349.06
1250.03
1207.11
1212.12
1199.96
1209.97
25242.09
1338.96
1216.89
1216.89
13383.87
1225.95
1210.93
1212.12
1202.11
1189.95
25278.81
1297.00
1219.03
13274.91
1312.97
1210.93
1199.01
1197.10
1203.06
1203.06
25385.86
1242.88
1212.84
13385.06
1234.05
1205.92
1219.03
1204.01
1196.15
25273.08
1323.94
1228.09
13265.13
1317.98
1224.04
1205.92
1216.17
1197.10
1207.11
29403.92
1240.02
1218.08
1215.22
1203.06
1197.10
25254.96
1338.01
1219.99
9253.98
1322.03
1224.99
1207.11
13373.14
1235.96
1219.99
1218.08
1183.99
1189.95
25279.05
1327.04
1215.93
13283.97
1293.90
1228.81
1200.91
1199.01
1197.10
1199.01
25384.90
1258.85
1212.84
13391.97
1239.06
1217.13
1235.01
1194.95
1201.87
25290.97
1319.89
1222.85
13267.04
1328.95
1217.84
1205.92
1209.97
1199.96
1197.10
25374.89
1246.93
1203.06
13375.04
1247.17
1209.97
1214.98
1207.11
1188.04
25249.96
1338.01
1211.88
1196.86
13385.06
1218.08
1209.02
1219.03
1206.16
1181.13
25283.10
1293.90
1214.03
13280.87
1300.10
1222.13
1216.17
1197.10
1189.95
1185.89
25389.91
1246.93
1203.06
13387.92
1255.04
1199.01
1221.90
1199.96
1195.19
25267.12
1314.16
1212.12
13267.04
1322.98
1224.99
1210.21
1224.99
1192.09
1197.81
25383.00
1247.88
1225.95
13362.17
1244.07
1211.88
1217.13
1216.17
1192.09
25237.08
1338.96
1234.05
1207.83
13395.07
1240.02
1205.92
1229.76
1208.07
1194.95
25359.87
1273.87
1214.03
13277.05
1290.08
1210.93
1215.93
1199.96
1199.01
1204.01
25383.95
1240.97
1199.01
13388.16
1230.00
1210.93
1224.99
1198.05
1193.05
25271.89
1316.07
1217.13
13280.15
1326.08
1220.94
1213.07
1194.95
1204.01
1191.14
25379.90
1235.96
1200.91
13375.04
1236.92
1199.01
1212.12
1204.01
1187.80
25250.91
1324.89
1221.90
1204.97
13388.16
1224.04
1220.94
1216.17
1204.01
1188.99
25307.89
1287.94
1222.85
13293.98
1300.81
1208.07
1209.97
1222.85
1190.90
1186.85
25385.86
1240.02
1207.83
13397.93
1234.05
1200.91
1203.06
1195.91
1199.96
25270.94
1314.88
1207.83
13272.05
1309.87
1216.17
1213.07
1199.96
1193.05
1198.05
25378.23
1257.18
1207.11
13374.09
1268.15
1209.02
1214.03
1206.16
1192.09
25254.01
1416.92
1221.90
13231.99
1360.89
1214.98
1212.12
1204.01
1191.85
1199.96
25355.10
1265.05
1204.97
13283.01
1302.00
1214.03
1212.12
1203.06
1207.83
1210.93
25381.09
1239.06
1202.11
13391.02
1245.98
1196.15
1209.97
1209.97
1196.15
25274.99
1304.15
1221.90
13262.99
1322.03
1205.92
1211.17
1204.97
1199.96
1194.00
25392.06
1255.99
1201.87
13381.00
1252.17
1204.97
1231.91
1199.01
1200.20
29264.93
1336.10
1218.08
1216.89
1207.11
1204.97
1183.99
25388.96
1239.06
1216.89
9361.03
1240.97
1205.92
13275.86
1296.04
1209.97
1206.87
1201.87
1204.01
1182.08
25388.00
1242.88
1207.83
13383.87
1228.09
1219.99
1202.82
1202.11
1192.09
25274.99
1317.98
1219.03
13270.14
1316.79
1219.03
1211.88
1216.17
1198.05
1204.01
25381.80
1233.10
1208.07
13390.06
1248.84
1210.93
1214.98
1194.00
