17207.15
1295.09
1163.96
1173.02
17344.95
1183.03
1153.95
17243.15
1249.07
1152.99
17228.84
1265.05
1152.04
1156.09
17346.14
1198.05
1152.99
17328.98
1196.86
1187.09
17238.14
1249.07
1164.91
17224.07
1281.98
1183.03
1159.91
17360.93
1196.86
1170.87
17355.92
1215.93
1163.96
17253.88
1291.99
1224.04
17241.00
1277.92
1163.01
1167.06
17351.15
1192.09
1152.99
17337.08
1189.95
1152.04
17222.88
1251.94
1164.91
17215.97
1284.84
1153.95
1133.92
17344.00
1176.12
1142.98
17282.01
1213.79
1157.05
17239.09
1255.99
1184.23
17241.00
1321.08
1173.97
1167.06
17352.10
1194.00
1170.87
17294.88
1226.90
1158.95
17223.12
1282.93
1161.81
1163.01
17312.05
1199.96
1149.18
17337.08
1209.02
1159.91
17225.03
1260.04
1155.85
17235.04
1272.92
1160.14
1145.12
17340.18
1179.93
1167.06
17323.97
1188.99
1191.14
17311.10
1281.02
1177.07
17221.93
1295.80
1178.98
1154.90
17362.83
1183.99
1152.99
17361.16
1196.15
1175.17
17239.09
1254.08
1178.03
17220.02
1269.10
1173.97
1146.08
17359.97
1192.09
1150.13
17337.08
1199.96
1147.99
17220.97
1255.04
1157.05
17176.87
1299.14
1175.17
1158.00
17354.01
1200.91
1164.20
17277.00
1227.86
1173.97
17240.05
1274.11
1178.03
1160.86
17318.01
1184.94
1163.96
17334.94
1188.04
1148.94
17254.11
1255.99
1150.13
17235.99
1284.84
1163.01
1143.93
17346.14
1187.09
1144.17
17358.06
1214.98
1150.13
17240.05
1251.94
1180.89
17218.11
1286.03
1178.98
1153.95
17356.87
1188.04
1156.09
17354.01
1204.97
1175.17
17280.10
1252.89
1163.01
17201.90
1285.79
1163.01
1149.18
17348.05
1181.84
1164.91
17310.86
1219.03
1161.10
17220.02
1257.90
1160.86
1163.96
17345.91
1180.89
1155.85
17349.00
1177.07
1162.05
17228.13
1246.93
1153.95
17233.13
1284.12
1168.01
1174.93
17351.87
1205.92
1168.01
17338.04
1211.88
1175.88
17249.82
1269.10
1166.11
17215.01
1293.90
1183.99
1147.03
17341.85
1202.11
1173.97
17346.86
1194.95
1151.80
17225.98
1242.88
1163.01
17208.10
1281.02
1163.01
1147.03
17365.93
1188.99
1147.03
17328.02
1208.07
1155.14
17228.13
1271.96
1180.17
17235.04
1291.99
1168.97
1173.02
17352.10
1185.89
1158.00
17323.97
1212.84
1152.04
17225.03
1274.11
1167.06
1161.10
17323.02
1172.07
1140.12
17321.11
1192.09
1152.04
17225.98
1252.89
1175.88
17222.88
1284.12
1174.93
1146.08
17346.14
1178.98
1157.05
17322.06
1195.91
1152.99
17226.93
2048.02
1175.88
17356.87
1211.88
1172.07
17238.14
1286.98
1265.05
17239.09
1267.91
1188.04
17208.81
1295.09
1159.19
1149.89
17359.97
1181.84
1147.03
17248.15
1236.20
1168.01
17227.17
1302.96
1185.89
1158.95
17346.14
1204.01
1161.81
17369.03
1194.95
1150.13
17251.97
1261.00
1147.99
17214.06
1276.02
1167.06
1140.83
17381.91
1182.08
1164.20
17374.99
1194.95
1157.05
17248.15
1257.18
1173.02
17231.94
1286.98
1172.07
1147.03
17370.94
1189.95
1158.00
17366.89
1199.01
1149.89
17252.92
1267.91
1155.85
17214.06
1297.00
1177.07
1154.18
17354.01
1194.95
1200.91
17360.93
1190.90
1171.83
17240.05
1248.12
1159.19
17223.12
1276.97
1151.08
1142.98
17351.87
1185.89
1156.09
17334.94
1211.17
1167.06
17243.15
1278.88
1175.88
17242.91
1300.10
1173.97
1164.91
17352.10
1183.99
1150.85
17346.86
1197.10
1155.14
17225.03
1278.88
1171.83
17204.05
1282.93
1161.10
1149.18
17335.18
1202.11
1160.14
17313.00
1187.80
1162.05
17226.93
1260.04
1163.96
1158.00
17339.94
1195.91
1153.95
17356.16
1203.06
1180.89
17299.89
1216.89
1158.00
17241.95
1271.96
1179.22
1152.99
17347.10
1213.79
1185.89
17344.00
1184.23
1167.06
17252.92
1227.14
1147.99
17222.88
1270.06
1171.83
1153.95
17350.91
1185.18
1166.11
17337.08
1180.17
1147.99
17212.87
1264.10
1160.14
17205.95
1281.98
1171.83
1157.05
17364.98
1194.95
1158.00
17326.12
1218.08
1169.20
17229.08
1271.01
1170.87
17225.03
1282.93
1167.06
1144.89
17336.13
1195.19
1147.03
17212.87
1248.12
1153.95
17200.95
1261.00
1155.14
1142.98
17344.95
1189.95
1156.09
17311.81
1189.95
1141.79
17228.13
1261.95
1154.90
1148.94
17316.82
1174.93
1146.79
17354.97
1204.97
1156.09
17236.95
1250.03
1167.06
17232.89
1282.93
1177.07
1157.05
17359.97
1190.90
1188.04
17350.20
1210.93
1163.96
17238.86
1265.05
1182.08
17228.13
1288.89
1178.98
1152.04
17366.89
1179.93
1152.99
17359.97
1194.00
1162.05
17225.03
1262.90
1157.05
17218.83
1276.02
1158.00
1146.08
17353.06
1194.00
1152.04
17312.05
1221.90
1147.99
17225.03
1255.99
1158.95
1137.97
17328.98
1181.84
1150.85
17335.89
1194.00
1156.09
17232.18
1263.14
1170.16
17215.01
1279.83
1162.05
1153.95
17358.06
1191.14
1182.08
17445.09
1200.91
1158.00
17230.03
1253.84
1168.01
17220.02
1278.88
1169.92
1156.09
17336.13
1174.93
1153.23
17322.06
1198.05
1163.01
17248.15
1261.95
1159.91
17206.91
1276.97
1161.10
1151.08
17346.14
1175.17
1149.89
17235.99
1250.98
1155.14
17225.03
1271.01
1165.15
1173.97
17337.80
1188.04
1167.06
17346.86
1190.90
1153.95
17245.05
1255.04
1168.01
17228.13
1289.84
1174.93
1157.05
17341.14
1182.08
1153.95
17327.07
1191.85
1165.87
17222.88
1253.13
1144.17
1140.12
17338.99
1174.93
1151.08
17365.93
1196.86
1166.82
17235.99
1241.21
1158.95
17207.86
1266.00
1161.81
1157.05
17337.08
1163.96
1148.94
17320.87
1196.86
1152.04
17219.07
1259.09
1178.98
17215.01
1293.90
1190.90
1175.88
17366.89
1194.00
1172.07
17326.12
1213.07
1169.92
17233.13
1262.90
1173.02
17206.91
1280.07
1169.92
1148.94
17369.03
1189.95
18021.82
1275.06
1158.00
1153.95
17343.04
1199.01
1158.00
17329.93
1187.09
1150.13
17219.07
1247.88
1162.05
17204.05
1282.93
1161.10
1158.00
17349.00
1186.13
1147.99
17277.96
1214.98
1163.96
17271.04
1358.99
1178.03
17243.15
1308.92
1177.79
1166.11
17378.09
1188.99
1162.05
17359.02
1217.84
1164.91
17230.99
1270.06
1179.93
17229.08
1299.86
1172.07
1155.14
17363.07
1184.94
1160.86
17360.21
1194.00
1147.03
17229.08
1279.83
1184.94
17216.92
1283.88
1154.90
1142.98
17362.12
1180.89
1145.84
17334.94
1199.96
1157.05
17223.12
1253.84
1152.99
1139.16
17323.97
1165.87
1133.92
17329.93
1175.17
1145.12
17219.07
1271.01
1150.13
17196.89
1281.02
1168.97
1151.08
17372.13
1173.97
1140.12
17289.16
1207.11
1156.09
17210.01
1267.91
1152.04
1142.02
17344.00
1175.17
1138.93
17329.93
1182.08
1145.12
17209.05
1266.00
1159.91
17164.95
1314.88
1163.01
1148.94
17328.98
1174.93
1151.80
17211.91
1251.94
1153.95
17203.09
1271.96
1156.81
1139.88
17355.92
1183.03
1147.03
17267.94
1214.98
1142.02
17209.05
1261.00
1163.96
1144.89
17331.84
1167.06
1143.93
17312.05
1188.99
1142.98
17223.83
1251.94
1153.95
1156.81
17315.86
1168.97
1139.88
17342.09
1183.99
1147.03
17215.97
1245.98
1147.99
17195.94
1263.14
1146.08
1137.97
17313.00
1187.09
1138.93
17226.93
1245.02
1158.00
17199.04
1271.01
1152.99
1137.02
17339.94
1178.03
1141.07
17219.07
1252.89
1161.10
17204.05
1253.84
1162.05
1151.08
17322.78
1178.03
1149.18
17291.07
1194.00
1147.99
17198.09
1272.92
1155.14
1142.02
17335.89
1173.97
1155.14
17323.97
1185.89
1148.94
17225.03
1253.13
1152.04
1139.16
17304.18
1160.14
1152.04
17348.05
1180.89
1142.02
17215.01
1252.17
1158.95
17193.08
1270.06
1158.95
1137.97
17333.98
1178.03
1137.02
17217.87
1245.98
1160.14
17205.00
1271.96
1159.91
1134.87
17351.87
1168.97
1147.99
17291.07
1197.10
1147.03
17207.86
1257.18
1166.11
1144.17
17344.95
1160.86
1151.08
17312.05
1188.99
1141.07
17209.05
1242.88
1149.89
1142.98
17332.08
1174.93
1145.12
17322.06
1185.89
1153.95
17218.83
1245.98
1156.81
17210.96
1273.87
1161.81
1132.01
17327.07
1180.17
1152.04
17234.09
1235.01
1164.91
17210.01
1270.06
1159.91
1145.12
17339.94
1172.07
1144.17
17310.14
1202.11
1150.85
17211.91
1250.98
1168.01
1141.79
17324.92
1171.83
1154.90
17331.84
1184.94
1157.05
17232.89
1251.94
1161.10
17200.95
1273.16
1175.17
1148.94
17346.86
1178.03
1155.14
17277.96
1210.93
1158.00
17220.02
1256.94
1158.00
1158.00
17323.97
1172.78
1152.99
17329.93
1186.85
1158.95
17224.07
1250.03
1158.00
17199.99
1282.93
1167.06
1143.93
17346.86
1183.03
1152.04
17225.98
1246.21
1159.91
17210.01
1272.20
1163.01
1153.95
17340.90
1181.84
1153.95
17318.96
1194.00
1156.81
17224.07
1262.19
1162.05
17179.01
1313.92
1168.97
1144.89
17336.85
1194.00
1158.95
17225.98
1244.07
1160.14
17235.99
1271.96
1160.86
1147.03
17339.94
1175.88
1152.99
17308.95
1199.96
1150.85
17237.90
1251.94
1165.87
1147.03
17332.08
1168.97
1142.98
17323.97
1199.01
1159.91
17218.83
1266.00
1158.95
17199.04
1270.06
1167.06
1149.89
17344.95
1173.97
1150.13
17315.15
1199.96
1152.04
17231.94
1250.03
1168.01
1140.12
17307.04
1182.08
1164.20
17333.98
1185.89
1165.87
17219.78
1263.14
1158.00
17209.05
1268.86
1161.81
1152.99
17349.96
1184.94
1158.00
17307.04
1211.88
1153.95
17232.18
1255.04
1151.80
1151.08
17316.10
1180.17
1149.89
17322.06
1173.97
1146.79
17210.01
1255.04
1158.00
17179.97
1291.04
1152.04
1162.05
17343.04
1179.93
1149.89
17210.96
1255.99
1154.90
17209.05
1265.05
1163.01
1146.08
17328.98
1178.03
1155.14
17293.93
1216.89
1147.99
17223.83
1247.88
1159.91
1147.99
17338.99
1177.07
1147.03
17316.10
1196.86
1159.91
17218.83
1245.98
1159.91
17199.99
1266.96
1161.10
1151.80
17337.08
1186.13
1155.14
17235.04
1245.02
1158.00
17201.90
1267.91
1160.86
1143.93
17335.18
1178.98
1147.99
17310.14
1197.10
1148.94
17212.15
1255.04
1159.91
1149.89
17330.88
1179.93
1153.95
17347.10
1178.98
1143.93
17217.87
1247.88
1152.04
17204.05
1266.00
1148.94
1148.94
17329.93
1180.89
1137.02
17230.99
1261.95
1158.00
17208.10
1262.19
1151.08
1144.17
17350.91
1173.97
1152.04
17295.84
1205.92
1154.90
17225.03
1254.08
1159.19
1151.08
17322.06
1168.01
1148.94
17321.11
1191.14
1152.04
17218.11
1252.89
1163.96
17198.09
1281.98
1154.18
1143.93
17328.02
1180.17
1151.08
17225.03
1244.07
1156.09
17209.05
1271.01
1161.81
1152.04
17343.04
1183.03
1147.99
17314.91
1199.01
1147.99
17233.85
1255.04
1159.19
1147.03
17320.16
1175.17
1165.15
17333.03
1187.09
1150.13
17223.12
1262.90
1152.99
17209.05
1276.02
1165.15
1149.18
17348.05
1172.78
1144.89
17272.95
1212.84
1163.01
17205.00
1261.95
1163.01
1146.08
17336.13
1178.03
1156.09
17329.93
1183.03
1149.89
17219.07
1253.84
1165.87
17200.95
1280.07
1158.95
1152.04
17346.14
1182.08
1152.04
17217.87
1245.02
1154.18
17208.10
1279.12
1167.77
1153.95
17335.89
1173.97
1157.05
17310.86
1208.07
1160.14
17230.99
1266.00
1158.00
17168.05
1300.81
1172.07
1149.18
17346.14
1182.08
1152.99
17238.86
1256.94
1168.01
17218.11
1271.01
1163.96
1150.13
17328.98
1182.08
1157.05
17320.16
1202.11
1154.18
17226.93
1250.03
1158.00
1152.04
17323.97
1167.06
1152.04
17325.88
1188.99
1152.04
17233.85
1250.98
1160.86
17202.85
1271.96
1152.99
1152.99
17350.91
1178.98
1151.08
17297.98
1203.06
1151.08
17218.11
1250.98
1169.20
1152.04
17338.99
1185.89
1154.90
17338.04
1187.09
1147.99
17215.97
1266.00
1159.91
17206.91
1281.98
1165.87
1142.98
17348.05
1175.88
1152.99
17292.02
1216.89
1148.94
17220.97
1260.04
1164.91
1156.81
17338.04
1177.07
1153.95
17330.88
1189.95
1152.99
17220.02
1247.88
1158.00
17205.95
1280.07
1168.01
1150.85
17339.94
1185.89
1150.85
17246.96
1243.11
1151.08
17222.17
1266.00
1161.10
1147.03
17331.12
1178.03
1152.99
17323.97
1189.95
1161.81
17226.93
1261.00
1167.06
17170.91
1288.89
1159.91
1147.99
17328.98
1183.03
1152.04
17228.13
1256.94
1162.05
17208.10
1275.06
1167.06
1147.99
17349.00
1183.03
1156.09
17318.01
1192.81
1154.90
17217.87
1255.99
1154.90
1147.99
17320.16
1182.08
1156.09
17329.22
1188.04
1170.87
17230.99
1250.98
1163.01
17215.97
1271.96
1173.97
1151.08
17354.01
1182.08
1150.13
17312.05
1204.01
1154.90
17231.94
1261.00
1160.14
1156.09
17313.96
1182.08
1152.99
17324.92
1183.03
1152.04
17219.07
1246.93
1171.83
17205.95
1259.80
1156.09
1145.12
17350.91
1183.03
1152.99
17258.88
1225.95
1158.95
17219.07
1276.97
1159.19
1152.99
17325.88
1166.82
1163.01
17328.02
1191.85
1168.01
17230.99
1251.94
1162.05
17196.89
1280.07
1161.81
1142.02
17327.07
1177.79
1146.08
17225.98
1246.93
1150.85
17217.87
1263.14
1155.14
1152.04
17330.17
1173.02
1143.93
17290.83
1204.01
1156.09
17225.03
1261.00
1158.00
1155.14
21317.96
1175.88
1157.05
17342.09
1185.18
1145.12
17225.03
1251.94
1157.05
17194.03
1268.15
1164.20
1145.12
17314.91
1190.90
1154.90
17229.80
1250.98
1155.85
17205.95
1251.94
1163.96
1143.22
17337.08
1173.02
1149.89
17291.07
1201.87
1143.93
17199.99
1260.04
1162.05
1152.99
17348.05
1178.98
1147.99
17337.08
1188.04
1147.03
17234.09
1250.03
1158.00
17191.89
1269.10
1167.06
1147.03
17335.89
1182.08
1151.08
17230.03
1241.92
1154.18
17205.00
1255.99
1157.05
1147.03
17341.85
1179.93
1143.93
17274.14
1204.01
1143.93
17206.91
1259.09
1165.15
1147.03
17338.04
1176.83
1158.00
17325.88
1192.81
1157.05
17228.13
1252.89
1163.01
17199.99
1274.11
1152.99
1142.98
17319.92
1179.93
1150.13
17216.92
1243.11
1156.09
17204.05
1262.90
1159.91
1148.94
13328.79
1178.98
1159.91
17262.94
1221.18
1149.18
17217.87
1254.08
1163.01
1144.89
17338.99
1191.14
1163.01
17333.98
1185.89
1149.89
17217.87
1246.93
1158.00
17169.95
1279.12
1164.91
1142.02
17323.97
1182.08
1152.04
17223.12
1255.04
1160.14
17213.11
1266.00
1154.90
1138.93
17343.04
1186.85
1150.85
17244.10
1223.09
1157.05
17208.81
1260.04
1168.01
1152.04
17327.07
1173.97
1152.99
17312.05
1188.99
1152.99
17227.89
1258.85
1154.90
1147.99
17318.01
1167.06
1150.13
17334.94
1190.90
1152.04
17224.07
1249.07
1164.20
17224.07
1276.02
1165.87
1146.08
17327.07
1175.17
1147.99
17259.84
1214.98
1148.22
17210.96
1265.05
1167.06
1151.80
17343.04
1178.03
1150.85
17334.94
1194.95
1160.14
17225.03
1251.94
1163.01
17179.97
1271.96
1156.81
1158.00
17319.20
1181.13
1152.04
17220.02
1255.04
1160.14
17204.05
1255.99
1159.19
1143.93
17345.91
1173.97
1146.79
17275.09
1209.02
1152.99
17207.15
1261.00
1158.95
1148.94
17321.11
1171.11
1144.17
17312.05
1191.85
1150.85
17218.83
1259.09
1174.21
1137.97
17325.88
1180.89
1152.99
17346.14
1184.94
1142.02
17212.15
1254.08
1150.85
17190.93
1264.10
1166.11
1158.95
17341.85
1175.88
1138.93
17215.97
1243.11
1151.08
17215.01
1258.85
1159.91
1147.99
17339.94
1176.12
1152.99
17318.01
1188.99
1158.00
21222.11
1248.84
1157.05
1160.14
17328.98
1173.97
1149.18
17336.13
