1478.91
1409.05
1412.87
16798.97
1458.17
1441.00
16791.82
1495.12
1425.03
1417.88
16847.13
1451.02
1414.06
16688.11
1463.89
1381.87
16749.86
1496.08
1389.03
1366.14
22206.07
1425.98
1394.03
16711.95
1483.92
1414.06
1397.13
16799.93
1420.97
1409.05
16728.88
1482.96
1419.07
16651.15
1530.89
1407.86
1409.05
16726.97
1447.92
1385.93
16650.92
1505.85
1412.87
1382.11
16788.01
1455.07
1385.93
16690.97
1483.92
1405.00
1400.95
16829.01
1425.98
1374.01
16698.12
1482.01
1390.93
1363.04
6870.03
1422.88
1432.90
16700.98
1470.09
1423.84
16671.90
1505.14
1399.04
1384.02
16705.04
1461.98
1390.93
1368.05
26493.07
1413.82
1374.96
16687.15
1476.05
1403.81
1394.99
16771.08
1428.84
1410.01
15486.96
1489.88
1394.99
1389.98
1391.89
16808.99
1419.07
1387.12
16693.12
1464.84
1405.95
1372.81
16769.89
1438.14
1382.11
16690.02
1461.98
1399.04
1390.93
16762.02
1410.01
1371.86
16690.02
1459.12
1403.81
1371.15
16812.09
1432.18
1405.95
16836.88
1452.92
1381.87
17035.96
1468.90
1406.91
1395.94
16803.98
1397.13
1394.99
16689.78
1484.16
1381.16
1430.03
16546.96
1409.05
1399.99
16185.05
1462.94
1384.02
1381.87
16692.88
1452.92
1411.91
1379.01
16768.93
1395.94
1389.98
15393.97
11768.10
1455.78
1420.97
17230.03
1466.04
1379.01
16684.06
1500.84
1386.88
1386.88
16564.85
1427.89
1378.06
7878.07
1411.20
1378.06
16675.95
1468.90
1397.85
1395.94
16827.82
1422.88
1373.05
16686.92
1467.94
1390.93
21412.13
1589.06
1398.09
1393.08
16705.99
1471.04
1402.14
1403.09
16790.87
1415.01
1399.99
16690.02
1464.13
1428.13
1403.09
15372.99
1442.91
1389.03
1399.99
16747.95
1457.93
1405.95
1376.15
16762.02
1416.92
1374.96
16680.00
1460.08
1370.91
1386.88
16762.02
1408.10
1377.11
16690.97
1478.91
1392.13
1412.87
16805.89
1414.06
1384.97
16702.89
1502.04
1404.05
21553.99
1526.12
1384.02
1383.07
16695.98
1453.88
1405.00
1379.01
16783.00
1404.05
1379.97
15398.03
1473.90
1384.97
1389.98
1354.93
16790.15
1442.19
1393.08
16725.06
1487.02
1397.13
16640.19
1528.98
1415.01
1412.87
26481.87
1465.08
1387.12
1379.97
16809.94
1402.85
1405.00
16694.07
1461.98
1399.99
1425.98
15604.02
1400.95
1394.03
17493.01
1462.94
1400.95
1377.11
16760.11
1429.80
1384.97
16718.86
1459.84
1405.95
1391.89
16805.17
1429.08
1399.04
16682.86
1505.14
1405.95
1381.87
16790.87
1430.03
1389.03
16725.06
1479.15
1392.13
1374.01
16871.93
1405.95
1379.97
21633.86
1427.17
1396.89
1402.85
16822.81
1420.02
1384.02
16674.04
1483.92
1422.88
1389.03
15471.94
1391.89
1401.90
1374.01
16707.18
1455.07
1390.93
1408.10
16783.00
1436.00
1408.82
16735.08
1477.00
1395.94
16665.94
1497.98
1392.13
1373.05
21855.12
1452.92
1391.17
16689.06
1483.92
1384.02
1395.94
16622.07
1425.03
1374.01
12957.10
1392.84
1379.97
12124.06
1411.91
1377.82
16681.91
1472.95
1391.89
1375.91
21721.84
1416.92
12784.00
1514.91
1405.95
1410.01
7026.20
1457.93
1399.04
16680.96
1446.01
1398.80
1361.85
16783.00
1405.00
1361.13
16671.90
1464.13
1379.97
1375.91
26936.05
1417.16
1384.02
16678.09
1459.84
1377.11
1377.11
16791.11
1410.01
1413.11
15319.11
1490.12
1396.18
1414.06
1384.97
16792.06
1428.13
1393.08
16692.16
1482.96
1440.05
16665.94
1513.00
1450.06
1399.99
16737.94
1431.94
1378.06
16654.01
1498.94
1390.93
1376.87
16694.78
1451.02
1367.81
16608.95
1528.98
1394.03
1379.01
21610.02
1436.00
1385.21
1390.93
16800.88
1412.87
1396.89
16690.02
1470.80
1415.01
1416.92
15542.98
1399.04
1390.93
1377.82
16731.98
1439.81
1407.86
16633.99
1482.96
1407.15
1374.01
16715.05
1442.19
1389.03
16621.11
1513.00
1428.13
1401.19
21839.14
1425.98
1380.92
16700.03
1472.95
1394.03
1384.97
16695.98
1430.03
1396.89
16309.98
1488.92
1379.97
13069.15
1480.10
1404.05
1405.00
16809.94
1401.90
1380.92
16649.96
1480.82
1381.87
1417.88
16511.92
1410.01
12943.03
1483.92
1408.10
12118.10
1474.14
1389.98
1378.06
16747.95
1440.05
1393.08
21528.96
1494.88
1451.97
12913.94
1482.96
1391.89
12084.96
1493.93
1395.94
1377.11
16812.09
1410.96
1384.02
16736.98
1520.87
1405.00
16812.09
1529.93
1399.99
1431.94
17255.07
1405.95
1371.86
16695.02
1453.88
1384.02
1377.11
16664.98
1395.94
1399.99
16313.08
1486.06
1409.05
13165.00
1416.92
1377.82
16692.88
1476.05
1422.88
1477.96
16704.08
1425.98
1406.91
20059.11
1509.90
1390.93
1397.13
1369.95
16681.91
1436.00
1414.06
16632.08
1519.92
1438.86
1375.91
16659.02
1463.17
1377.11
16639.95
1520.16
1399.99
1364.95
16674.04
1472.95
1394.99
16619.92
1523.02
1384.02
1369.95
16687.15
1465.08
1379.01
21489.14
1545.19
1415.01
1403.09
16700.98
1471.04
1401.19
1387.12
16783.95
1414.06
1415.97
16680.96
1469.14
1422.17
1383.07
15284.06
1420.97
1403.09
1369.00
16689.06
1456.02
1410.01
1377.11
16797.07
1427.89
1377.82
16726.02
1494.88
1389.98
1414.06
21865.84
1436.00
1435.04
16785.86
1440.05
1378.06
16587.97
1470.09
1384.02
1384.02
16371.01
1446.96
1405.95
1388.07
16795.87
1401.90
13302.80
1446.01
1378.06
16602.99
1526.83
1390.93
1426.94
16390.09
1460.08
1449.82
18166.07
1403.09
1431.23
16727.92
1484.16
1394.99
1370.91
16777.99
1415.97
1394.03
16685.96
1446.96
1400.95
1371.15
11704.21
1403.09
13205.05
1444.10
2190.83
16756.06
1465.08
1393.08
16493.08
1462.94
1397.85
12902.98
1469.85
1381.87
17158.03
1451.97
1420.97
1396.89
16805.89
1410.01
1389.98
16530.99
1474.86
1380.92
1400.95
16360.04
1409.05
1358.99
1374.96
16760.11
1403.81
13477.09
1422.17
1384.02
16549.83
1470.09
1394.03
5472.18
1435.04
15359.16
1415.97
1423.12
1412.15
21733.05
1461.03
1380.92
1360.89
16790.87
1405.95
1374.96
16806.13
1483.20
1382.11
11960.98
1460.08
1384.97
1376.87
11683.94
1396.89
1387.12
16671.90
1451.97
1405.95
1380.92
21812.92
1415.01
1379.01
16970.87
1456.98
1348.02
17193.08
1457.21
1378.06
1389.03
16806.84
1400.95
1376.87
16484.02
1459.12
1377.11
1389.03
16270.88
1436.95
1379.01
1387.12
16776.08
1404.05
18488.88
1453.88
1410.96
11558.06
1518.96
1389.98
12853.15
1455.07
1392.13
12042.05
1466.99
1389.03
1369.95
16763.93
1425.03
1379.97
16672.13
1484.87
1382.83
1379.01
21605.01
1405.95
1395.23
16623.97
1513.00
1441.00
1513.00
16893.15
1509.19
1497.03
16800.88
1565.93
1508.95
15385.15
1592.16
1508.00
1507.04
16727.92
1625.06
1518.01
1492.02
16891.00
1543.05
1538.04
16813.99
1432.18
1384.97
16691.92
1477.96
1399.04
1374.96
21852.02
1415.97
1374.96
21758.08
1491.07
1404.05
1383.07
15487.91
1447.92
1398.09
1372.10
16698.12
1469.14
1415.01
1379.97
16787.05
1434.09
1385.93
16692.88
1470.09
1389.98
1374.01
16788.01
1434.09
1396.89
16696.93
1471.04
1389.98
1371.15
16806.13
1404.05
1387.12
11620.04
1463.89
1394.03
1374.96
16762.97
1420.97
1368.05
26820.90
1472.00
1407.86
1384.97
16783.00
1399.04
1411.91
16685.01
1459.12
1397.13
1384.02
11708.02
1406.19
1389.98
16699.08
1460.08
1399.99
1394.99
16765.83
1401.90
13607.03
1403.09
1389.03
16440.87
1465.08
1397.13
7930.04
1419.78
1380.92
21769.05
1486.06
1387.83
1389.03
16799.93
1418.11
1388.07
16497.14
1473.90
1407.15
1389.98
16304.02
1434.09
1397.13
1390.22
16781.09
1425.98
1418.83
16690.02
1452.92
13512.13
1456.02
1394.03
1392.13
19977.09
1465.80
1389.03
1391.17
1377.11
16766.07
1423.84
1380.92
16682.86
1472.00
1399.04
1364.95
16776.80
1422.88
1385.93
16679.05
1468.18
1382.11
1380.92
16797.07
1417.16
1380.92
16680.96
1480.10
1389.98
1380.92
16849.04
1402.85
1374.01
17107.96
1403.09
1373.05
16712.90
1472.00
1391.89
1389.03
11707.07
1414.06
1376.87
16680.00
1483.20
1390.93
1370.91
17030.95
1405.95
1381.16
17333.98
1416.92
1376.15
16716.96
1475.10
1392.13
1400.95
16602.99
1415.97
1398.80
16236.07
1471.04
1407.86
1405.00
16690.02
1467.94
1410.01
16594.17
1533.99
1399.04
1405.00
15434.03
11775.97
1420.02
1389.98
17158.99
1440.05
1377.11
16663.07
1494.88
1401.90
1389.98
16584.16
1436.00
1384.02
7826.09
1425.03
1379.97
16683.10
1479.86
1389.03
1379.97
16783.95
1403.81
1379.97
16688.82
1482.01
1395.94
1379.01
16896.96
1427.17
1387.12
17148.97
1422.88
1395.94
16736.03
1475.10
1387.12
1400.95
16760.11
1407.86
1395.94
16396.05
1465.08
1392.13
1408.10
16761.06
1426.94
1414.06
16697.88
1472.00
1414.06
1390.93
16767.02
1420.97
1419.07
16690.97
1482.01
1424.07
1394.03
16796.83
1439.09
1396.89
16708.85
1473.90
1411.91
1399.04
16803.03
1442.91
1394.99
16700.98
1482.01
1393.08
1381.87
21874.90
1405.95
1381.87
12441.87
1399.04
1377.11
16694.78
1495.12
1389.98
21493.91
1512.05
1395.94
1394.99
16697.88
1461.03
1398.80
1381.87
16787.05
1404.05
1411.91
15482.90
1476.05
1389.98
1405.00
16603.95
1525.88
1410.96
1377.11
16696.93
1462.94
1402.14
16623.02
1520.16
1420.02
1379.97
16677.14
1472.00
1380.92
16637.09
1529.93
1405.95
1377.82
16694.07
1486.06
1398.80
16634.94
1554.01
1405.00
1380.92
16865.97
1431.94
1389.03
17030.95
1471.04
1388.07
1393.08
16815.90
1401.90
1387.83
16707.90
1473.90
1390.93
1387.83
16520.98
1402.85
17501.83
1497.98
1398.80
1399.99
16700.03
1469.14
1405.00
1390.93
16780.14
1404.05
1401.90
15409.95
1474.86
1393.08
1401.90
16618.01
1509.90
1415.97
1396.18
16703.13
1456.98
1391.89
16640.19
1514.20
1410.01
1384.97
16695.98
1452.92
1396.89
16624.93
1508.00
1407.86
1387.83
16695.98
1459.12
1396.18
16620.16
1537.08
1399.99
1391.89
21600.01
1437.90
1389.03
1400.95
16791.11
1408.82
1391.89
16680.00
1460.08
1405.95
1387.12
16760.11
1413.11
1394.03
16686.92
1465.80
1412.87
1375.91
16749.86
1425.03
1394.99
16688.82
1477.96
1401.90
16626.83
1520.16
1416.92
1384.97
16690.02
1473.90
1389.03
16622.07
1539.95
1420.97
1386.17
16685.96
1475.81
1394.99
16632.08
1535.89
1400.95
1380.92
17043.11
1423.84
1394.99
12213.95
1435.04
1393.08
16686.92
1485.11
1405.95
1384.02
16793.01
1430.99
1386.88
16914.84
1459.12
1384.97
12094.02
1490.12
1404.05
1386.17
16770.12
1425.03
1383.07
16675.00
1471.04
1395.94
1387.12
21609.07
1412.87
1391.89
16666.89
1479.86
1394.03
1399.04
16747.95
1436.00
1407.86
15482.90
1494.88
1399.99
1399.99
1392.13
16775.13
1425.98
1389.98
16700.98
1462.94
1404.05
1390.22
16792.06
1432.18
1384.97
16711.00
1480.82
1399.99
1382.83
16763.93
1422.88
1385.21
16680.96
1483.92
1395.94
1374.01
16772.99
1400.95
1381.16
16704.08
1476.05
1390.93
21501.06
1498.94
1389.03
1399.99
16697.17
1465.08
1405.95
1390.93
16788.01
1410.01
1401.90
15400.89
1473.90
1389.03
1384.02
1361.85
16767.98
1410.01
1394.03
16690.02
1480.10
1425.03
1385.93
16762.02
1412.15
1378.06
21771.19
1475.10
1391.89
12053.97
1466.99
1405.95
1384.02
16791.11
1413.11
1392.84
16685.01
1479.15
1399.04
1376.15
21625.04
1420.97
1402.14
16705.04
1467.94
1393.08
1403.81
16782.05
1434.09
1410.01
16678.09
1469.14
1405.00
1379.97
15361.07
1449.82
1391.89
1379.01
16693.12
1448.87
1402.85
1379.01
16787.05
1434.09
1381.16
16690.02
1466.04
1401.19
1388.07
16772.99
1418.11
1393.08
16689.06
1477.00
1380.92
1378.06
16808.99
1412.87
1384.02
16693.12
1486.78
1393.08
21469.12
1523.97
1391.17
1400.95
16701.94
1483.92
1402.85
1385.93
16785.86
1410.01
1400.95
15402.08
1493.93
1394.03
1399.04
1387.12
16763.93
1416.92
1394.03
16696.21
1470.09
1404.05
1377.82
16775.85
1434.09
1406.91
26412.01
1482.96
1394.99
1394.99
16811.85
1432.90
1411.91
16707.90
1478.91
1404.05
1393.08
15611.17
1430.03
1404.05
1393.08
16698.12
1466.99
1410.96
16619.92
1512.05
1414.06
1376.15
16689.06
1477.96
1399.99
16628.98
1514.91
1422.88
1375.91
16690.02
1472.00
1400.95
16620.87
1520.16
1393.08
1385.93
16682.86
1482.01
1390.22
16635.89
1511.10
1388.07
1382.11
21628.14
1416.92
1398.09
1382.83
16769.89
1411.91
1410.01
16689.06
1453.88
1401.90
1390.93
15496.02
1407.15
1388.07
1379.97
16688.82
1461.03
1415.97
16647.10
1510.86
1420.97
1380.21
16715.05
1455.07
1394.99
16603.95
1514.91
1402.85
1384.02
21780.01
1456.02
1387.12
16644.00
1528.02
1392.13
1399.99
16604.90
1451.97
1391.89
1390.93
16373.16
1410.01
13077.97
1472.95
1397.13
1399.99
16788.96
1410.96
1390.93
16628.03
1474.14
1387.12
1395.23
16449.93
1419.07
12998.10
1494.17
1406.19
1378.06
16755.10
1439.81
1396.89
16638.04
1468.90
1398.80
1390.93
16506.91
1432.90
1382.11
13058.90
1404.05
1384.97
17322.06
1425.03
1378.06
16731.98
1456.02
1387.12
1402.14
16579.15
1420.02
12909.17
1475.81
1383.07
1388.07
17257.21
1404.05
1401.19
16707.90
1452.92
1395.94
16449.93
1554.97
1399.99
1396.89
16257.05
1467.94
1384.97
13217.93
1425.98
1385.93
11621.00
1481.06
1401.90
1385.21
21735.91
1425.03
12778.04
1535.18
1389.03
1383.07
17199.99
1424.07
1389.98
16721.01
1470.09
1389.98
1395.94
16700.03
1410.01
1408.10
16345.98
1472.00
1402.14
13139.01
1423.84
1394.99
16698.12
1466.99
1398.09
1389.03
16747.95
1420.02
1400.95
16422.99
1476.05
1396.89
18064.02
1444.10
1407.15
16633.03
1523.02
1404.05
1415.97
16704.08
1435.04
1407.86
16628.03
1523.02
1405.95
1385.93
11613.85
1449.82
13231.04
1461.98
1405.00
1392.84
16789.91
1424.79
1395.94
16498.80
1471.04
1399.04
12912.03
1461.98
1396.89
12081.86
1466.04
1392.13
1376.15
16781.09
1419.07
1394.03
16679.05
1489.16
1409.05
16811.85
1554.01
1398.80
1384.97
17239.09
1420.97
1391.17
21781.92
1480.10
1405.00
1388.07
15609.03
1421.93
1417.16
1390.93
16767.98
1426.22
1410.96
16722.92
1473.19
1407.15
1384.02
16783.00
1434.09
1393.08
16684.06
1482.01
1399.99
1379.97
16777.99
1441.00
1399.99
16694.07
1482.01
1405.00
1382.11
16807.08
1431.94
1384.97
16741.99
1477.00
1407.86
16998.05
1483.20
1399.99
1407.86
16810.89
1419.78
1385.93
11625.05
1477.00
1400.95
1374.01
21624.09
1508.00
1395.94
16156.91
6663.08
1407.15
1389.98
14847.04
1483.20
1398.09
1385.21
1376.87
16717.91
1451.02
1393.08
16645.19
1484.16
1415.97
1386.88
21813.87
1446.01
1386.88
16693.12
1474.86
1399.99
1384.97
16608.95
1424.07
1383.78
16191.01
1560.93
1391.89
1399.99
16686.92
1461.98
1394.99
13452.05
1405.00
1399.99
20454.17
1481.06
1394.03
1400.95
16668.08
1478.20
1410.01
1399.04
16756.06
1439.81
1387.83
16654.97
1473.90
1418.83
1384.02
16762.02
1444.82
1394.99
16664.03
1477.96
1405.00
1384.02
16782.05
1451.97
1394.03
16673.09
1485.11
1395.94
1392.13
11738.06
1425.98
1378.06
21747.83
1496.08
1389.03
1391.89
16786.10
1418.83
1377.11
16695.02
1462.94
1392.84
1396.89
21688.94
1418.83
1407.86
11615.04
1453.16
1389.98
1405.00
16783.00
1425.03
13482.09
1441.96
1388.07
12727.02
1414.06
1389.98
16907.93
1458.17
1382.11
12061.12
1474.86
1384.02
1347.06
16757.01
1400.95
1368.05
16650.92
1484.87
1383.07
1365.90
16958.95
1406.91
1370.91
12099.98
1426.94
1380.92
16654.97
1474.14
1390.22
1380.92
26744.84
1443.15
1409.05
11535.88
1501.08
1397.13
7966.04
1451.02
1375.91
1368.05
16765.12
1404.05
1374.96
16674.04
1477.00
1403.09
1374.01
16844.99
1393.08
1377.11
22197.01
1410.01
1399.04
16683.10
1476.05
3386.02
1439.09
1403.09
1369.00
16705.99
1428.84
1386.88
21730.18
1498.22
