1421.93
17505.88
1518.01
1402.14
17516.14
1487.97
1436.23
17615.08
1414.78
17495.16
1501.08
1395.94
17529.01
1497.98
1415.97
17616.99
1455.07
17454.15
1546.86
1504.90
17556.91
1508.95
1404.05
17607.93
1441.96
17485.14
1505.85
1417.88
17513.99
1484.87
1412.87
17626.05
1449.11
17450.09
1564.03
1404.05
17519.00
1489.16
1423.12
17612.93
1435.04
1420.97
17585.99
1414.78
17510.89
1491.07
1389.98
17534.02
1466.04
1401.90
17614.13
1418.83
17488.00
1475.10
1384.02
17505.88
1472.00
1407.86
17634.87
1434.09
17440.08
1543.05
1420.97
17528.06
1481.06
1394.99
17602.92
1453.88
1402.85
17592.91
1418.11
17532.11
1501.08
1428.84
17616.99
1477.00
1394.99
17621.04
1453.88
17529.96
1474.86
1399.04
17580.03
1436.95
1409.05
17621.99
1432.90
17532.11
1498.94
1416.92
17567.87
1472.95
1411.91
17643.93
1425.98
17520.90
1480.10
1413.82
17501.83
1461.03
1416.92
17651.08
1425.03
17496.11
1473.90
1389.03
17504.93
1485.11
1394.03
17607.93
1425.03
17446.99
1564.03
1412.15
17513.99
1477.96
1397.85
17600.06
1440.05
1390.93
17628.19
1421.21
17509.94
1496.08
1413.11
17529.01
1477.96
1413.11
17642.02
1421.93
17521.86
1497.03
1412.87
17529.96
1474.86
1386.88
17600.06
1413.11
17465.11
1536.85
1407.86
17540.93
1508.00
1401.90
17594.81
1429.08
17426.01
1532.08
1424.07
17516.14
1462.94
1425.03
17597.91
1442.91
1395.94
17583.13
1407.15
17507.08
1477.96
1399.99
17539.02
1454.83
1389.03
17590.05
1425.98
17484.90
1516.10
1397.13
17512.08
1590.97
1403.09
17625.09
1428.13
17443.18
1550.91
1426.94
17532.11
1472.00
1397.13
17591.95
1436.95
1395.23
17616.03
1426.94
17523.05
1500.13
1399.99
17576.93
1455.07
1412.87
17603.87
1422.17
17512.08
1488.92
1396.18
17495.16
1462.94
1384.97
17596.96
1463.89
17543.08
1479.15
1402.14
17503.02
1481.06
1389.03
17599.82
1418.11
1398.09
17597.91
1415.97
17528.06
1496.79
1396.89
17590.05
1434.09
1392.13
17604.11
1415.97
17509.94
1491.07
1420.02
17511.13
1472.00
1394.99
17601.97
1416.92
17474.89
1505.85
1396.89
17545.94
1477.00
1392.13
17592.91
1436.95
1389.03
17580.03
1456.02
17534.97
1483.92
1395.94
17591.95
1446.01
1399.99
17617.94
1415.01
17527.10
1494.88
1396.89
17527.82
1476.05
1392.84
17620.09
1420.97
17518.04
1477.00
1389.98
17528.06
1498.94
1400.95
17655.85
1428.84
17473.94
1510.86
1410.01
17529.01
1500.13
1396.89
17606.97
1417.88
1388.07
17593.15
1408.10
17512.08
1468.90
1379.97
17505.17
1466.99
1390.93
17628.19
1425.03
17500.16
1478.91
1418.11
17519.00
1486.06
1390.93
17603.16
1458.17
17467.02
1538.99
1404.05
17502.07
1481.77
1416.92
17591.95
1437.90
1388.07
17603.16
1416.92
17513.04
1503.23
1389.98
17519.95
1464.84
1405.00
17639.88
1412.87
17506.84
1505.14
1412.15
17537.12
1490.83
1382.83
17637.97
1433.85
17532.83
1518.01
1416.92
17555.00
1479.86
1440.05
17758.13
1429.08
18409.01
1449.11
17505.17
1487.02
1389.03
17537.12
1472.00
1388.07
17606.02
1430.99
17428.87
1552.10
1394.99
17535.21
1484.87
1406.91
17585.99
1437.19
1387.12
17617.94
1445.06
17537.12
1508.95
1425.03
17591.00
1442.19
1406.91
17625.09
1421.93
17519.00
1483.92
1436.95
17540.93
1460.08
1426.94
17637.97
1417.88
17508.03
1477.00
1387.12
17523.05
1466.04
1418.11
17616.03
1422.88
17490.86
1497.03
1416.92
17508.98
1471.04
1401.90
17597.20
1425.03
1405.00
17601.97
1399.04
17504.22
1521.11
1406.19
17562.15
1446.01
1383.07
17615.08
1430.99
17510.18
1480.10
1392.13
17504.93
1468.90
1375.91
17604.83
1416.92
17428.87
1558.07
1425.98
17504.93
1462.94
1397.85
17571.93
1438.86
1390.93
17618.89
1424.07
17532.11
1504.18
1413.11
17521.14
1470.09
1391.89
17605.78
1435.04
17513.99
1503.94
1407.86
17552.85
1460.08
1388.07
17596.01
1424.07
17451.05
1535.89
1394.03
17516.14
1472.00
1396.89
17587.90
1431.94
1410.01
17624.14
1429.08
17513.04
1473.90
1394.03
17513.04
1462.94
1391.89
17611.03
1430.99
17513.99
1533.03
1513.00
17544.03
1498.94
1407.86
17631.05
1471.04
17501.83
1481.06
1393.08
17503.98
1466.99
1388.07
17595.05
1423.84
17466.07
1525.16
1389.98
17499.92
1470.09
1391.89
17591.00
1428.84
1386.88
17611.03
1423.12
17536.16
1492.98
1406.91
17508.98
1464.84
1391.89
17633.91
1429.08
17525.91
1521.11
1413.11
17526.15
1469.85
1384.97
17613.89
1429.80
17474.89
1502.04
1401.90
17508.98
1471.04
1390.93
17583.13
1427.17
1383.07
17603.16
1419.78
17515.90
1480.10
1425.03
17541.89
1467.94
1420.02
17658.00
1477.96
17627.95
1479.86
1394.03
17599.11
1447.92
1396.89
17616.03
1427.17
17502.07
1506.81
1394.03
17521.14
1471.04
1396.89
17585.99
1418.11
17458.20
1497.03
1394.99
17511.13
1481.06
1394.03
17573.12
1429.08
1385.93
17587.90
1408.10
17512.08
1494.17
1392.13
17520.90
1492.98
1405.00
17594.10
1417.16
17501.12
1497.03
1403.09
17517.09
1494.17
1399.04
17596.01
1428.13
17446.04
1551.87
1404.05
17554.04
1494.88
1407.86
17595.05
1451.97
1393.08
17582.18
1420.97
17498.97
1484.87
1402.85
17508.03
1482.01
1390.93
17678.02
1486.06
17617.23
1470.09
1402.14
17539.02
1441.96
1401.90
17627.95
1422.88
17502.07
1490.83
1400.95
17503.98
1478.20
1396.18
17616.99
1426.94
17472.03
1502.99
1413.82
17514.94
1476.05
1394.03
17627.00
1444.10
1396.89
17585.99
1422.88
17499.21
1473.90
1385.93
17502.07
1472.00
1385.93
17637.97
1420.97
17488.96
1497.03
1389.03
17503.98
1482.96
1390.93
17597.91
1436.95
17434.12
1564.03
1423.84
17524.96
1507.04
1398.09
17601.01
1430.03
1383.07
17602.92
1409.05
17517.09
1484.87
1407.86
17508.98
1502.99
1406.91
17616.03
1402.14
17503.98
1485.11
1385.93
17499.92
1471.04
1398.09
17601.01
1420.97
1389.03
17587.90
1408.10
17498.97
1487.97
1401.90
17528.06
1471.04
1391.17
17624.14
1433.13
17510.18
1496.08
1393.08
17522.81
1511.10
1410.01
17639.88
1432.90
17514.94
1503.94
1400.95
17524.00
1491.07
1405.95
17632.96
1444.10
17487.05
1510.86
1415.97
17519.95
1482.01
1390.93
17616.99
1436.00
18287.90
1466.99
1384.02
17627.00
1427.89
17517.09
1478.20
1394.99
17511.84
1482.96
1388.07
17628.91
1420.97
17452.96
1550.91
1425.03
17534.97
1467.94
1385.93
17598.87
1426.94
1389.03
17618.18
1415.97
17503.98
1487.02
1401.19
17501.12
1468.90
1395.94
17633.20
1437.19
17509.94
1490.12
1399.99
17516.85
1477.96
1399.99
17624.14
1430.03
17435.07
1568.79
1411.91
17508.03
1481.06
1389.98
17604.11
1421.93
1379.01
17612.93
1416.92
17501.12
1501.80
1395.94
17509.94
1470.09
1394.03
17599.11
1426.94
17494.92
1487.97
1397.13
17523.05
1495.84
1394.99
17543.08
1404.05
1379.01
17570.97
1398.80
17497.06
1469.14
1384.02
17501.12
1454.83
1377.11
17581.94
1422.88
1378.06
17570.02
1389.03
17501.12
1488.21
1385.93
17508.03
1473.90
1391.89
17590.05
1409.05
17472.03
1486.06
1385.93
17498.02
1462.94
1380.92
17577.17
1434.09
1378.77
17596.96
1410.96
17489.91
1482.01
1386.17
17529.01
1463.89
1394.99
17596.01
1419.07
17430.78
1537.08
1394.03
17508.03
1472.95
1393.08
17507.79
1449.11
1384.02
17603.87
1404.05
17488.00
1492.98
1399.99
17503.98
1461.98
1379.01
17616.99
1420.02
1384.02
17580.99
1416.21
17503.02
1474.86
1386.88
17513.99
1463.17
1384.97
17598.87
1415.01
17461.06
1501.80
1389.98
17503.98
1462.94
1378.06
17575.98
1441.00
1389.98
17611.98
1415.97
17488.00
1478.20
1395.94
17537.12
1472.00
1390.93
17597.20
1431.94
17440.08
1529.93
1403.09
17552.14
1464.84
1381.87
17570.97
1428.84
1386.88
17607.93
1417.88
17507.08
1483.20
1517.06
17585.99
1425.98
1384.97
17614.13
1407.86
17520.90
1482.01
1389.03
17510.89
1466.04
1382.83
17610.07
1424.07
17441.03
1541.14
1396.18
17508.98
1474.14
1391.89
17570.97
1436.00
1384.97
17625.81
1418.11
17514.94
1526.12
1430.03
17549.04
1496.08
1425.98
17648.94
1458.88
17540.93
1514.91
1420.02
17624.14
1474.14
1420.97
17601.97
1448.15
17549.04
1496.08
1425.03
17634.87
1461.98
17467.02
1569.99
1436.00
17542.12
1501.08
1420.97
17633.91
1451.02
17490.15
1550.20
1421.93
17555.95
1495.12
1416.92
17659.90
1462.94
17534.97
1521.83
1430.03
17570.02
1497.03
1433.13
17642.02
1453.88
17552.85
1513.96
1433.85
17549.04
1493.93
1451.02
17686.13
1435.04
17540.93
1472.95
1384.02
17529.01
1460.08
1385.93
17622.95
1419.07
17514.23
1494.17
1395.94
17504.93
1461.03
1387.12
17604.11
1421.93
17441.03
1532.08
1404.05
17508.98
1473.19
1388.07
17535.21
1443.15
1387.12
17629.15
1407.86
17522.81
1474.14
1383.07
17517.81
1466.04
1399.99
17595.05
1424.79
17436.03
1541.85
1389.98
17513.99
1475.10
1389.98
17546.89
1457.93
1379.01
17605.07
1420.02
17498.02
1487.97
1397.13
17520.19
1473.19
1398.09
17605.07
1422.17
17429.11
1559.02
1413.11
17524.96
1472.00
1395.94
17570.02
1431.94
1384.02
17611.98
1410.96
17504.22
1487.02
1397.85
17510.89
1476.05
1386.17
17595.05
1429.08
17446.99
1518.96
1399.04
17504.93
1466.04
1403.09
17577.89
1428.84
1379.01
17618.18
1410.01
17505.88
1483.92
1396.89
17518.04
1472.00
1393.08
17608.17
1419.07
17472.03
1494.88
1400.95
17511.84
1481.06
1384.02
17602.92
1441.96
1385.93
17596.96
1430.03
17531.87
1477.96
1399.99
17526.15
1466.99
1389.03
17626.05
1425.03
17517.09
1487.02
1400.95
17530.92
1477.96
1383.07
17606.97
1425.98
17453.91
1531.12
1409.05
17524.00
1466.04
1397.13
17589.09
1429.08
1382.83
17615.08
1419.07
17530.20
1487.02
1397.85
17514.94
1466.99
1392.13
17604.11
1418.83
17492.06
1499.18
1394.03
17513.99
1470.80
1396.89
17591.95
1413.11
1383.07
17600.06
1410.96
17523.05
1470.09
1399.99
17517.81
1480.10
1402.14
17619.13
1430.99
17496.82
1487.97
1391.89
17504.93
1478.91
1395.94
17617.94
1420.97
17441.99
1533.99
1414.06
17508.03
1470.80
1399.04
17577.17
1436.00
1392.84
17609.83
1428.13
17511.13
1472.00
1389.03
17515.90
1462.94
1389.98
17620.09
1420.97
17437.93
1528.02
1402.14
17521.14
1474.86
1391.89
17604.83
1433.13
1383.07
17598.15
1422.17
17512.08
1480.82
1385.93
17520.90
1464.13
1387.12
17622.95
1416.92
17482.04
1497.98
1396.89
17517.09
1478.20
1392.13
17606.97
1431.94
1379.97
17600.06
1416.21
17511.13
1483.20
1395.94
17503.98
1456.02
1384.02
17624.86
1416.92
17499.92
1502.04
1394.03
17506.12
1470.80
1380.92
17603.87
1428.84
1385.93
17588.85
1420.97
17513.04
1479.86
1389.98
17520.19
1445.06
1384.02
17614.13
1420.97
17493.96
1484.87
1390.93
17505.88
1482.96
1391.89
17596.96
1428.13
1385.21
17590.05
1416.21
17524.00
1482.01
1405.95
17564.06
1438.86
1384.97
17606.97
1414.06
17492.77
1484.16
1393.08
17515.18
1473.19
1389.03
17601.97
1415.97
1379.01
1553.06
1404.05
17498.97
1491.07
1413.11
17537.12
1449.82
1389.03
17598.15
1406.91
17502.07
1492.98
1415.97
17518.04
1479.15
1391.17
17608.88
1423.12
17436.03
1528.02
1394.03
17500.88
1480.10
1394.03
17535.21
1439.09
1384.97
17596.96
1412.87
17479.90
1486.06
1395.94
17528.06
1481.06
1390.93
17608.17
1425.03
1385.93
17578.12
1409.05
17509.22
1476.05
1402.14
17527.10
1456.02
1379.97
17616.99
1413.11
17502.07
1477.96
1407.86
17509.94
1461.98
1388.79
17605.07
1430.03
1381.87
17674.21
1425.03
17509.94
1468.90
1383.07
17576.93
1430.03
1380.92
17612.93
1419.07
17498.97
1472.95
1394.03
17513.99
1476.05
1399.04
17597.91
1418.83
17462.02
1518.96
1402.14
17529.96
1474.14
1395.94
17582.89
1425.03
1372.10
17587.18
1425.03
17501.83
1472.00
1397.85
17517.09
1466.04
1388.07
17602.92
1426.94
17468.93
1512.05
1405.95
17515.90
1465.08
1399.99
17601.97
1420.97
1394.03
17588.14
1414.06
17523.05
1485.11
1395.23
17512.08
1465.80
1386.88
17602.92
1423.12
17486.10
1477.96
1388.07
17516.14
1463.89
1384.02
17591.95
1429.08
1388.07
17613.17
1414.06
17511.84
1471.04
1382.11
17503.02
1467.94
1380.92
17618.18
1425.03
17470.84
1499.18
1404.05
17520.19
1474.14
1403.09
17605.07
1430.03
1387.12
17604.11
1402.85
17498.97
1477.96
1393.08
17521.14
1472.95
1384.02
17605.07
1415.01
17483.00
1499.89
1395.94
17516.14
1472.95
1379.97
17595.05
1433.13
1389.03
17596.01
