1408.10
17596.01
1399.99
17414.09
1547.81
1384.97
17501.83
1464.13
1374.96
17519.00
1449.11
1370.91
17596.01
1409.05
17484.90
1497.03
1429.08
17516.85
1441.96
1370.91
17582.89
1422.88
1380.92
17619.85
1402.14
17504.93
1480.10
1415.01
17518.04
1499.18
1390.93
17611.98
1412.15
17478.94
1477.00
1394.99
17519.00
1480.10
1376.15
17606.97
1420.97
1380.92
17589.09
1432.90
17526.87
1460.08
1375.20
17518.04
1441.00
1374.01
17617.94
1415.01
17415.05
1514.91
1376.87
17500.88
1477.96
1381.87
17495.87
1427.17
1379.97
17601.97
1418.83
17487.05
1494.17
1407.15
17515.18
1455.07
1399.99
17594.10
1433.13
1372.10
17620.09
1415.97
17521.86
1507.04
1387.12
17511.13
1436.95
1375.20
17647.98
1423.84
17523.05
1485.82
1390.93
17495.87
1462.94
1394.03
17597.20
1443.86
17469.88
1549.96
1395.94
17519.95
1456.98
1395.94
17581.22
1445.06
1367.09
17594.81
1394.99
17488.00
1485.11
1374.01
17513.99
1447.92
1387.12
17575.98
1409.05
1373.05
17614.84
1407.86
17518.04
1466.99
1379.01
17496.11
1457.93
1384.97
17605.07
1418.11
17428.16
1513.00
1389.03
17505.88
1460.08
1379.01
17481.80
1440.05
1374.01
17578.12
1410.01
17418.86
1516.10
1382.11
17488.00
1446.01
1416.92
17518.04
1462.94
1371.15
17591.95
1404.05
17465.11
1502.99
1393.80
17550.95
1486.06
1376.87
17600.06
1453.88
1367.09
17571.93
1392.13
17508.03
1479.86
1405.00
17502.07
1445.06
1381.16
17590.05
1452.92
17488.00
1488.21
1379.97
17509.94
1464.84
1390.93
17582.89
1416.92
1389.98
17591.95
1415.01
17488.00
1489.88
1399.04
17532.83
1476.05
1377.11
17586.95
1413.11
17405.99
1507.04
1389.98
17481.09
1492.02
1382.11
17522.10
1456.02
1381.87
17577.17
1421.21
17453.91
1536.13
1412.15
17553.09
1476.05
1420.02
17699.00
1450.06
17467.98
1472.95
1386.88
17517.09
1461.03
1374.01
17584.09
1420.97
1367.09
17590.05
1402.85
17524.96
1492.02
1399.99
17488.00
1447.92
1375.91
17603.16
1420.97
1369.95
17557.86
1390.93
17477.04
1464.13
1403.09
17534.97
1464.13
1394.99
17613.89
1425.03
17477.99
1491.07
1402.14
17507.08
1456.98
1380.21
17594.10
1424.07
1370.91
17585.99
1404.05
17502.07
1482.96
1402.85
17534.97
1456.98
1389.03
17596.96
1412.15
17462.02
1516.82
1393.08
17521.14
1493.22
1385.93
17582.89
1427.17
1380.92
17638.92
1467.94
17512.80
1460.08
1381.16
17493.96
1465.08
1399.04
17607.93
1415.97
17458.20
1489.16
1383.07
17501.83
1456.02
1372.10
17503.02
1448.15
1374.96
17617.94
1406.91
17484.90
1487.97
1384.02
17497.06
1462.94
1378.06
17577.17
1454.11
1391.17
17596.96
1406.91
17509.22
1504.90
1389.98
17511.13
1469.14
1394.03
17592.91
1399.04
17418.15
1515.87
1379.01
17495.16
1454.11
1369.95
17497.06
1473.90
1392.84
17615.08
1393.08
17457.01
1472.00
1398.09
17500.88
1461.03
1399.99
17586.23
1413.11
1383.07
17651.80
1513.00
17524.00
1475.10
18356.08
1488.92
1379.97
17531.16
1465.08
1401.90
17626.05
1405.95
17441.99
1509.90
1385.93
17514.94
1461.98
1393.08
17566.20
1415.01
1359.94
17606.97
1394.03
17491.10
1488.92
1382.83
17560.96
1482.96
1386.17
17583.13
1419.07
17436.03
1536.85
1410.96
17525.20
1472.95
1379.01
17509.94
1458.88
1399.99
17601.97
1424.07
17503.98
1458.17
1377.11
17492.06
1468.90
1381.87
17594.10
1413.11
1370.19
17590.05
1398.09
17491.10
1464.84
1379.01
17511.13
1443.15
1369.00
17594.81
1404.05
1420.97
17635.11
1403.09
17521.14
1494.17
1415.01
17586.95
1408.82
1360.89
17592.91
1413.11
17491.10
1458.17
1384.02
17484.90
1451.97
1374.01
17560.96
1394.03
1354.93
17585.99
1397.13
17514.23
1465.08
1385.93
17516.14
1452.21
1369.95
17578.84
1397.13
1363.04
17582.89
1409.05
17488.00
1489.88
1394.99
17508.98
1456.98
1379.01
17609.12
1409.05
17417.91
1543.05
1387.83
17477.99
1453.88
1381.87
17493.01
1437.19
1374.01
17606.02
1412.15
17416.95
1522.06
1379.01
17481.09
1469.14
1372.10
17501.83
1478.91
1374.96
17627.00
1423.84
17467.02
1503.94
1386.17
17508.03
1465.08
1392.13
17621.04
1420.02
1380.92
17596.96
1416.92
17498.02
1487.97
1397.13
17506.12
1454.11
1395.23
17621.99
1411.91
17464.88
1481.06
1379.97
17520.19
1458.17
1376.15
17581.94
1421.93
1363.99
17621.04
1410.01
17488.00
1474.14
1372.10
17497.06
1451.97
1372.10
17580.99
1421.21
1381.16
17611.03
1405.00
17504.93
1471.04
1390.93
17510.18
1466.99
1372.10
17640.11
1416.21
17476.08
1482.01
1387.12
17507.08
1451.02
1402.14
17584.09
1407.86
1361.85
17649.89
1418.83
17492.06
1461.03
1390.93
17538.07
1458.17
1363.04
17598.87
1389.98
1358.99
17571.93
1396.89
17529.96
1494.88
1379.97
17516.85
1460.08
1378.06
17599.82
1414.06
17492.06
1589.06
1389.98
17503.02
1473.90
1382.83
17598.87
1417.88
17440.08
1536.13
1389.03
17518.04
1457.93
1395.94
17526.87
1432.90
1368.05
17585.04
1402.85
17452.00
1480.82
1376.87
17479.90
1475.10
1374.01
17503.02
1442.91
1360.89
17589.81
1389.03
17439.84
1518.96
1401.90
17519.95
1456.02
1383.07
17555.95
1426.94
1387.12
17605.07
1420.02
17538.07
1554.97
1389.03
17505.88
1448.87
1384.97
17619.85
1416.92
17480.85
1475.10
1384.97
17502.07
1459.12
1369.95
17507.08
1422.17
1353.98
17586.95
1410.01
17451.05
1494.88
1382.83
17482.04
1451.97
1373.05
17498.02
1449.11
1371.15
17580.03
1415.97
17430.07
1524.93
1394.99
17534.02
1475.10
1387.12
17575.03
1436.95
1375.91
17604.83
1424.07
17509.94
1486.06
1404.05
17493.01
1452.92
1384.02
17585.04
1427.89
17429.11
1506.09
1387.12
17483.00
1464.13
1379.01
17483.00
1458.88
1380.92
17606.97
1415.01
17480.85
1523.02
1397.85
17507.08
1461.03
1385.93
17560.01
1419.07
1364.95
17601.01
1408.10
17483.00
1481.06
1399.99
17499.92
1467.94
1382.83
17585.99
1416.92
1394.99
17585.04
1427.89
17513.99
1481.06
1391.89
17515.90
1455.07
1381.16
17596.96
1404.05
17473.94
1501.08
1398.80
17499.92
1477.00
1387.12
17565.01
1420.97
1379.01
17587.90
1389.03
17498.02
1508.95
1393.08
17518.04
1467.94
1379.01
18384.93
1419.07
17609.83
1426.94
1383.07
17602.92
1402.85
17555.95
1483.92
1384.97
17522.10
1451.02
1384.02
17600.06
1445.06
17585.99
1484.87
1384.02
17500.16
1451.02
1375.91
17604.83
1404.05
1363.99
17589.09
1404.05
17520.90
1477.96
1378.06
17488.96
1458.17
1366.14
17601.97
1414.06
17425.06
1531.12
1389.03
17542.12
1485.82
1389.03
17569.07
1429.80
1389.98
17605.07
1404.05
17487.05
1498.94
1401.90
17501.83
1451.02
1367.09
17596.01
1425.98
1363.04
17558.81
1403.09
17504.93
1459.12
1369.95
17498.97
1455.07
1374.96
17589.09
1393.08
1367.81
17537.83
1363.04
17580.03
1446.01
1362.09
17472.03
1438.86
1370.91
17565.97
1391.17
1353.03
17575.98
1373.05
17464.16
1454.11
1368.05
17490.86
1458.88
1378.06
17567.16
1407.15
1359.94
17585.04
1409.77
17501.12
1455.07
1375.91
17494.92
1454.83
1363.99
17579.08
1401.90
1368.05
17589.81
1394.03
17476.80
1456.02
1361.85
17487.05
1456.98
1376.15
17587.90
1414.06
1366.14
17580.03
1396.89
17488.00
1473.90
1374.96
17503.02
1439.09
1369.00
17577.89
1401.90
1374.01
17579.79
1398.09
17492.06
1469.85
1383.07
17485.14
1452.92
1370.19
17585.04
1416.92
1369.95
17588.14
1394.99
17497.06
1469.85
1386.88
17498.02
1456.02
1364.95
17592.91
1409.05
1373.05
17565.97
1391.89
17503.98
1470.09
1374.96
17488.96
1451.02
1373.05
17593.15
1413.11
1360.18
17578.12
1389.98
17505.88
1466.04
1373.05
17500.88
1449.11
1373.05
17594.10
1409.05
17434.12
1569.03
1419.07
17540.93
1488.92
1405.95
17634.87
1452.92
17474.89
1559.02
1422.88
17537.83
1487.97
1410.01
17618.18
1436.00
17453.91
1572.13
1413.11
17554.04
1487.97
1410.01
17606.97
1438.86
1395.94
17598.15
1431.94
17533.06
1498.94
1420.97
17601.97
1441.96
1408.82
17621.04
1438.14
17538.07
1486.06
1401.90
17589.81
1446.96
1400.95
17618.18
1424.07
17547.85
1499.89
1425.98
17563.82
1441.96
1379.01
17577.89
1392.84
17482.04
1473.19
1369.95
17493.01
1450.06
1369.00
17569.07
1423.84
1369.00
17601.97
1389.98
17469.88
1468.90
1378.06
17501.12
1453.16
1378.06
17544.98
1408.10
1373.05
17590.05
1386.88
17479.90
1466.99
1390.22
17494.92
1455.07
1369.00
17569.07
1416.21
1357.08
17615.08
1390.93
17472.98
1466.99
1366.85
17498.97
1458.88
1381.87
17582.89
1405.00
1375.91
17599.11
1395.94
17506.12
1467.94
1384.97
17514.94
1454.11
1369.00
17596.01
1417.16
1362.09
17555.00
1394.99
17493.01
1463.89
1379.97
17503.02
1456.02
1389.98
17597.20
1418.11
17427.21
1512.05
1382.83
17499.92
1461.03
1382.11
17488.96
1454.11
1382.11
17584.09
1406.91
17418.86
1520.16
1383.07
17488.96
1456.98
1379.97
17510.18
1450.06
1369.00
17584.09
1403.09
17416.00
1523.97
1366.14
17502.07
1466.99
1372.10
17493.01
1445.06
1363.99
17577.89
1420.02
17416.95
1517.06
1389.98
17492.06
1462.94
1379.97
17500.16
1447.20
1368.05
17596.96
1415.01
17428.87
1519.92
1393.80
17482.04
1466.99
1374.01
17498.02
1456.98
1382.11
17601.97
1412.87
17462.02
1484.87
1384.02
17512.08
1462.94
1382.83
17572.88
1417.88
1370.91
17601.97
1397.85
17498.97
1473.90
1396.18
17524.00
1466.04
1383.07
17604.11
1396.89
1371.86
17592.91
1398.09
17495.87
1479.15
1370.91
17502.07
1454.11
1377.82
17579.08
1414.06
17423.87
1526.12
1390.93
17503.98
1463.89
1389.98
17507.08
1456.02
1376.87
17588.85
1420.02
17472.03
1482.96
1382.11
17516.14
1454.83
1368.05
17550.95
1415.97
1372.10
17594.81
1399.04
17491.10
1481.06
1377.11
17503.98
1461.03
1376.15
17576.93
1400.95
1365.90
17606.97
1395.94
17496.11
1487.02
1381.16
17495.87
1451.97
1379.01
17596.01
1425.03
1369.00
17579.08
1399.99
17504.93
1469.85
1384.02
17508.03
1447.92
1367.81
17601.97
1405.00
17418.15
1531.84
1388.07
17507.08
1447.20
1385.93
17484.90
1447.92
1374.01
17593.15
1401.19
17420.05
1513.00
1397.13
17480.13
1538.99
1384.02
17544.98
1417.16
1371.15
17609.12
1386.88
17478.94
1461.03
1377.11
17488.00
1451.02
1381.87
17551.18
1415.97
1369.95
17596.96
1397.13
17461.06
1482.01
1384.97
17515.90
1460.08
1365.18
17555.00
1420.02
1378.06
17585.99
1393.08
17485.14
1476.05
1379.01
17488.00
1458.88
1368.05
17565.01
1405.00
1370.91
17597.91
1390.93
17499.92
1465.80
1378.06
17498.97
1461.03
1381.16
17590.05
1408.10
1371.86
17588.85
1393.08
17483.95
1458.88
1377.11
17502.07
1446.96
1371.15
17592.19
1418.11
1372.10
17582.18
1384.97
17508.98
1472.95
1379.01
17490.86
1446.01
1379.01
17591.95
1410.01
1363.99
17570.97
1405.95
17505.17
1466.04
1384.02
17502.07
1460.79
1393.08
17597.91
1408.10
17422.20
1513.96
1380.92
17502.07
1449.11
1369.00
17495.16
1456.02
1380.92
17600.06
1403.81
17426.01
1526.83
1396.89
17520.90
1468.90
1383.07
17580.99
1420.02
1370.91
17597.20
1401.19
17487.05
1469.85
1385.93
17493.01
1451.97
1388.07
17577.89
1422.88
1374.01
17592.19
1416.92
17514.94
1466.04
1380.92
17499.92
1451.97
1374.01
17618.89
1426.94
17417.91
1527.07
1379.97
17498.97
1466.99
1377.11
17517.09
1446.01
1369.00
17610.07
1405.00
17458.20
1477.00
1386.88
17499.92
1454.11
1384.02
17536.88
1434.09
1378.06
17609.12
1416.92
17502.07
1579.05
1393.08
17502.07
1466.04
1375.91
17590.05
1422.17
17432.93
1527.07
1389.98
17501.12
1457.93
1378.06
17488.96
1448.87
1374.96
17591.00
1400.95
17434.12
1510.14
1393.08
17498.97
1464.13
1388.07
17506.12
1441.00
1368.05
17588.14
1401.90
17429.83
1492.98
1375.91
17500.88
1472.00
1384.97
17493.96
1451.02
1373.05
17593.15
1401.90
17438.89
1509.90
1374.96
17512.08
1452.92
1373.05
17522.10
1431.94
1376.15
17601.97
1405.00
17474.89
1492.98
1389.98
17512.08
1456.98
1381.87
17586.95
1410.96
1374.96
17591.95
1402.85
17500.88
1480.10
1389.98
17496.11
1456.02
1369.95
17598.15
1415.97
1368.05
17574.07
1417.88
17498.97
1477.96
1380.92
17497.06
1446.01
1374.01
17581.94
1411.91
17428.87
1527.07
1383.07
17480.85
1461.03
1374.96
17505.17
1445.06
1376.87
17585.04
1403.81
17417.91
1511.10
1386.17
17487.05
1453.88
1371.86
17493.01
1456.02
1374.01
17584.09
1408.10
17397.17
1549.01
1382.11
17509.94
1459.12
1375.91
17494.92
1452.92
1374.01
17596.01
1406.91
17431.97
1522.06
1381.87
17508.98
1458.88
1368.05
17488.96
1456.98
