1199.96
1182.08
1199.01
1173.97
1166.11
25243.04
1284.12
1199.96
13226.03
1278.88
1178.98
1167.06
1204.97
1186.13
1172.07
25242.09
1294.85
1183.03
13245.11
1289.84
1184.94
1176.83
1189.95
1167.06
1168.97
25363.92
1224.04
1183.03
13255.12
1291.99
1192.09
1188.04
1180.89
1168.97
1162.05
25374.89
1208.07
1173.02
13332.13
1230.00
1177.07
1171.11
1172.07
1164.20
1153.95
25358.92
1211.88
1173.97
13356.92
1209.02
1173.02
1172.07
1151.80
1159.91
25214.91
1311.06
1188.99
1183.99
13361.93
1207.11
1183.03
1184.23
1178.03
1176.12
25259.02
1317.98
1195.91
13240.10
1286.98
1195.19
1181.13
1178.98
1151.80
1189.95
25269.99
1281.02
1174.93
13248.92
1272.92
1178.98
1194.95
1175.88
1170.16
1155.14
21342.99
1234.05
1183.99
1185.89
1190.19
1163.96
25198.94
1323.94
1199.96
1172.78
1189.95
1161.81
1178.03
29273.03
1312.02
1202.11
1189.95
1178.03
1169.92
1167.06
25383.95
1219.99
1182.08
13364.08
1230.00
1176.12
1171.11
1175.17
1158.00
25238.99
1317.02
1205.92
1173.02
13378.14
1224.04
1181.13
1182.08
1177.07
1162.05
25245.19
1299.14
1184.94
13226.03
1318.93
1190.90
1194.00
1194.95
1176.83
1179.93
25295.97
1287.94
1198.05
13259.89
1276.97
1194.95
1172.78
1164.91
1172.07
1161.10
25350.09
1223.09
1178.98
13248.92
1251.94
1188.99
1175.88
1154.90
1165.15
1168.97
25368.93
1212.84
1175.88
13347.86
1221.90
1204.01
1191.14
1166.11
1170.16
1162.05
25368.21
1209.97
1183.99
13395.07
1209.97
1190.19
1186.13
1183.99
1169.92
25264.02
1302.00
1182.08
13216.02
1313.92
1194.95
1176.83
1168.01
1155.14
1149.18
25244.00
1298.90
1181.84
13248.92
1311.06
1976.01
1192.09
1159.91
1158.00
25256.87
1302.96
1204.01
13260.13
1389.03
1206.87
1169.92
1183.99
1171.11
1167.06
25283.10
1293.90
1201.87
13256.07
1271.01
1173.97
1177.07
1173.02
1168.01
1156.09
25351.05
1217.84
1163.96
13252.97
1272.20
1180.89
1173.97
1175.17
1163.96
1160.86
25379.90
1202.11
1164.91
13326.88
1213.07
1159.91
1179.93
1164.20
1151.08
1147.03
25359.87
1223.09
1177.07
13376.00
1217.84
1188.99
1203.06
1183.03
1166.11
25225.16
1310.83
1209.97
1180.89
13369.80
1204.01
1178.03
1194.00
1171.11
1158.00
25235.89
1281.98
1188.99
13242.01
1295.09
1215.93
1193.05
1182.08
1173.02
1151.80
25246.86
1283.17
1192.09
13242.96
1275.06
1178.03
1187.80
1179.93
1163.01
1155.14
25341.99
1230.96
1191.14
13271.09
1274.82
1184.94
1199.01
1190.90
1175.88
1175.88
25380.85
1210.93
1180.89
13367.89
1225.95
1177.07
1171.83
1164.91
1159.91
25184.87
1335.14
1189.95
1168.01
13357.16
1185.89
1162.05
1171.11
1156.09
1151.08
25204.90
1297.95
1201.87
1174.93
13376.00
1203.06
1176.12
1188.04
1159.91
1154.18
25249.96
1291.04
1200.91
13235.81
1306.06
1196.15
1186.13
1233.10
1278.16
1168.97
25346.04
1239.06
1191.14
13246.06
1273.87
1194.00
1182.08
1167.06
1156.81
1152.04
25349.14
1227.14
1188.99
13300.90
1231.91
1170.87
1178.98
1172.07
1156.09
1178.03
25356.05
1211.17
1182.08
13332.13
1227.14
1177.07
1173.97
1167.06
1157.05
1153.95
25357.01
1186.85
1181.84
13346.91
1212.12
1183.99
1198.05
1182.08
1173.02
25223.97
1301.05
1186.13
1183.99
13368.13
1210.93
1187.09
1186.13
1162.05
1152.04
25235.89
1284.12
1172.07
13226.03
1284.12
1187.09
1168.97
1178.03
1193.05
1177.79
25249.96
1281.98
1183.99
13228.89
1271.01
1183.03
1177.07
1181.13
1159.91
1163.96
25326.01
1235.01
1173.97
13244.15
1294.14
1192.09
1197.81
1173.02
1171.11
1186.13
25372.03
1224.99
1189.95
13340.95
1219.03
1193.05
1187.09
1172.07
1163.96
1185.18
25355.10
1197.81
1170.87
13340.00
1199.96
1167.06
1178.03
1155.14
1147.03
25206.09
1298.90
1194.00
1163.96
13353.11
1204.01
1173.97
1178.98
1163.01
1164.91
25211.10
1307.01
1188.04
1179.22
13336.90
1194.95
1164.91
1190.19
1168.01
1166.11
25258.06
1384.97
1199.96
13237.95
1291.04
1192.09
1195.91
1204.97
1183.99
1165.87
25374.89
1233.10
1186.13
13242.96
1275.06
1192.09
1187.09
1175.88
1157.05
1156.81
25362.01
1209.97
1178.03
13353.11
1218.80
1179.93
1197.10
1177.07
1168.01
1152.99
25367.98
1199.01
1168.01
13353.11
1200.20
1193.05
1188.04
1168.01
1151.08
25220.87
1328.95
1201.87
1188.04
13362.17
1209.97
1194.95
1194.95
1175.17
1161.10
25244.95
1291.99
1192.09
13231.99
1296.04
1192.09
1175.17
1179.93
1184.94
1183.99
21336.08
1255.99
1188.04
1179.93
1156.81
1152.99
1143.93
25369.17
1204.01
1169.92
1166.11
1182.79
1166.11
29242.04
1287.94
1170.16
1163.96
1166.11
1152.04
1152.04
25367.02
1223.09
1186.13
13261.08
1292.94
1186.13
1181.13
1163.01
1159.91
1155.85
25394.92
1234.05
1194.95
13391.97
1221.90
1169.92
1178.98
1165.15
1949.07
25391.10
1212.84
1175.88
13313.06
1250.98
1173.97
1160.86
1173.02
1158.95
1150.85
25377.04
1205.21
1174.93
13360.98
1213.79
1188.04
1194.95
1176.83
1147.03
21189.93
1309.16
1188.04
1158.95
1199.01
1174.93
1171.11
25249.96
1284.12
1185.18
1179.93
1163.01
1160.14
1154.90
29381.99
1215.93
1173.02
1180.89
1168.01
1165.15
25238.99
1310.83
1184.94
1178.03
13355.97
1194.95
1172.07
1169.92
1159.19
1158.95
25228.98
1287.94
1178.03
1164.91
13336.90
1177.07
1164.91
1188.99
1169.20
1151.08
25237.08
1300.81
1168.97
13207.91
1281.98
1189.95
1169.92
1176.12
1170.16
1159.91
25223.02
1283.88
1189.95
13226.99
1272.92
1178.03
1167.06
1183.03
1161.81
1154.90
25248.05
1271.96
1178.03
13231.04
1276.97
1182.79
1165.87
1173.02
1167.06
1151.08
25320.05
1229.05
1177.07
13241.05
1263.86
1174.93
1183.03
1168.01
1152.04
1148.94
25343.89
1203.06
1164.91
13241.05
1261.00
1173.97
1177.07
1172.07
1163.01
1157.05
25337.93
1221.90
1178.98
13233.90
1257.90
1175.88
1167.06
1159.91
1152.04
1156.09
25344.13
1201.15
1177.07
13275.15
1239.78
1163.96
1166.82
1152.04
1155.14
1158.00
25345.80
1205.92
1188.99
13339.04
1206.87
1170.87
1178.03
1161.10
1156.09
1150.13
25361.06
1203.78
1183.03
13350.01
1204.01
1171.11
1185.18
1158.00
1156.81
25179.86
1315.12
1188.99
1167.06
13343.10
1194.00
1173.02
1172.07
1147.03
1149.89
25221.82
1312.02
1179.93
1177.07
13344.05
1191.14
1168.01
1173.97
1163.96
1157.05
25216.10
1293.90
1176.83
1175.88
13341.90
1186.85
1160.86
1180.89
1160.86
1154.90
25212.05
1278.88
1179.93
1163.01
13319.97
1188.04
1168.01
1169.92
1150.85
1150.85
25231.84
1284.12
1180.89
1168.97
13326.88
1179.93
1173.02
1170.87
1153.95
1156.09
25231.12
1278.88
1175.88
13211.97
1277.92
1181.84
1159.91
1179.93
1160.14
1142.02
25222.78
1269.10
1174.93
13206.96
1291.99
1188.04
1162.05
1184.94
1157.05
1160.14
25235.18
1268.15
1168.01
13219.83
1281.02
1181.13
1175.17
1173.02
1155.85
1147.99
25233.98
1272.92
1176.83
13236.05
1276.97
1178.03
1164.91
1171.11
1153.95
1157.05
25228.02
1284.84
1183.03
13234.14
1280.07
1178.98
1168.97
1172.07
1163.01
1162.05
25264.02
1254.08
1182.08
13250.11
1256.94
1178.98
1164.91
1179.93
1149.89
1158.00
25343.18
1214.98
1178.03
13240.10
1270.06
1179.93
1176.12
1163.01
1168.01
1162.05
25348.19
1209.02
1175.88
13257.98
1259.80
1178.98
1176.12
1164.20
1161.10
1158.00
25348.90
1196.86
1173.02
13320.92
1213.07
1173.97
1174.93
1166.82
1162.05
1152.99
25354.15
1208.07
1171.83
13350.01
1202.11
1165.15
1183.99
1169.92
1156.09
1152.99
25332.93
1199.96
1168.97
13345.00
1200.91
1167.77
1187.09
1160.14
1158.00
25202.04
1293.18
1188.99
1173.97
13370.99
1197.81
1173.97
1181.84
1160.86
1153.95
25220.87
1291.04
1185.18
1173.02
13342.14
1192.09
1174.93
1175.88
1164.91
1164.91
25242.09
1271.96
1181.84
13217.93
1279.83
1179.93
1173.02
1178.03
1163.01
1152.99
25238.04
1276.97
1173.02
13231.99
1283.88
1183.03
1172.07
1173.02
1149.89
1152.99
25239.94
1264.10
1180.17
13241.05
1284.84
1181.84
1175.88
1183.03
1163.96
1158.00
25235.89
1263.14
1178.98
13231.99
1272.92
1177.79
1168.97
1176.83
1159.91
1155.85
25313.85
1234.05
1174.93
13243.91
1257.90
1181.13
1178.98
1160.86
1163.96
1166.11
25336.98
1208.07
1172.07
13254.17
1268.15
1184.94
1173.97
1173.97
1172.07
1153.95
25342.94
1216.89
1170.87
13250.83
1248.12
1174.93
1169.92
1168.01
1153.95
1161.10
25360.11
1205.92
1176.12
13321.16
1204.01
1174.93
1168.01
1168.97
1157.05
1142.98
25359.87
1192.09
1167.06
13327.12
1203.06
1173.97
1175.17
1161.10
1156.09
1148.94
25352.00
1199.01
1165.87
13334.99
1199.01
1168.01
1163.01
1161.10
1168.01
25184.15
1303.91
1182.08
1159.19
13354.06
1194.95
1168.01
1163.96
1150.85
1148.94
25189.88
1298.90
1177.07
1165.15
13355.97
1188.99
1164.91
1178.03
1158.95
1164.91
25211.81
1299.14
1178.98
1158.95
13353.11
1184.94
1166.11
1173.97
1158.00
1158.00
25221.11
1296.04
1188.99
1170.16
13329.03
1204.01
1169.92
1180.89
1160.86
1158.00
25244.95
1286.03
1188.04
13211.97
1276.97
1187.09
1161.10
1171.11
1158.00
1153.95
25228.02
1280.07
1173.97
13237.95
1281.98
1193.05
1168.01
1182.08
1158.95
1152.99
25238.99
1284.12
1181.13
13230.09
1281.98
1187.09
1168.97
1174.93
1154.90
1159.19
25254.96
1258.85
1185.89
13247.01
1267.19
1183.03
1163.01
1183.03
1158.00
1155.85
25332.93
1225.95
1173.02
13242.96
1263.86
1176.83
1175.88
1170.87
1159.91
1154.90
25343.18
1216.17
1172.07
13251.07
1256.94
1181.13
1181.13
1167.06
1161.10
1162.05
25353.91
1211.88
1168.01
13313.06
1225.95
1180.89
1178.98
1170.16
1164.91
1158.95
25357.96
1191.14
1176.12
13349.06
1204.01
1170.16
1177.07
1161.81
1150.85
1160.86
25341.99
1201.87
1176.83
13351.92
1205.92
1178.03
1182.08
1167.06
1158.00
25216.10
1302.96
1203.06
1176.12
13352.16
1194.00
1169.92
1189.95
1171.83
1153.95
25244.95
1275.06
1187.80
13191.94
1295.09
1179.93
1173.02
1183.03
1160.86
1155.85
25233.98
1277.92
1185.89
13228.18
1280.07
1183.03
1163.01
1178.03
1157.05
1151.08
21255.97
1265.05
1195.19
1178.98
1166.82
1159.91
1147.03
25351.05
1209.02
1183.99
1183.03
1164.91
1155.85
29222.97
1309.87
1190.19
1178.98
1182.08
1160.14
1158.00
25231.84
1291.04
1178.03
13242.96
1300.81
1181.13
1174.93
1183.99
1160.14
1161.10
25345.09
1216.89
1170.87
13242.01
1275.78
1172.07
1183.99
1163.96
1156.09
1146.79
25353.91
1214.03
1176.12
13231.04
1261.95
1181.84
1178.98
1173.02
1165.87
1155.85
25344.85
1202.82
1178.03
13307.09
1218.08
1173.02
1179.93
1172.78
1167.06
1154.90
25353.91
1199.96
1168.97
13349.06
1210.21
1175.88
1177.07
1163.01
1159.91
1159.91
25339.13
1194.00
1174.93
13357.88
1205.92
1158.00
1169.92
1160.14
1162.05
25205.85
1294.14
1183.99
1169.92
13358.83
1209.97
1173.97
1166.11
1157.05
1158.95
25222.06
1286.98
1194.00
1169.92
13347.15
1193.05
1173.97
1170.16
1163.01
1163.01
25238.99
1276.97
1179.93
1165.15
1305.10
1183.99
1171.11
1166.11
1171.11
1163.96
25232.08
1270.06
1174.93
13230.09
1280.07
1170.87
1164.91
1180.89
1160.86
1152.99
25233.03
1267.91
1188.99
13235.09
1286.03
1189.95
1172.78
1170.87
1162.05
1158.00
25228.98
1268.15
1180.17
13229.13
1271.01
1173.02
1165.15
1174.93
1158.00
1156.09
25233.98
1276.02
1168.01
13224.84
1280.07
1188.99
1154.90
1166.11
1156.09
1166.11
25271.89
1235.96
1178.03
13247.97
1271.96
1173.02
1167.06
1172.07
1152.04
1158.00
25321.01
1216.89
1168.01
13247.01
1271.96
1180.17
1172.07
1160.14
1167.06
1152.99
25344.85
1217.13
1168.01
13240.10
1265.05
1178.98
1173.97
1163.96
1160.86
1147.03
25340.08
1211.17
1172.07
13237.00
1250.98
1178.03
1177.07
1162.05
1154.90
1152.04
25344.13
1203.06
1171.83
13259.89
1236.92
1180.89
1170.87
1163.01
1156.09
1152.04
25347.95
1208.07
1176.83
13335.94
1206.16
1172.07
1179.22
1163.96
1163.96
1147.99
25352.95
1205.92
1169.92
13357.88
1196.86
1168.97
1178.03
1153.95
1147.99
25179.86
1314.16
1186.13
1169.92
13360.02
1204.97
1171.11
1169.92
1157.05
1152.99
25213.00
1293.18
1189.95
1173.02
13349.06
1188.99
1174.93
1171.11
1167.06
1159.91
25216.10
1288.18
1184.94
1174.93
13328.08
1188.99
1164.91
1188.04
1162.05
1154.18
25224.92
1278.88
1178.03
1162.05
13314.96
1187.09
1168.97
1173.97
1153.95
1152.04
25236.85
1276.02
1173.02
13196.95
1303.91
1188.04
1166.11
1173.02
1157.05
1153.95
25223.02
1272.92
1175.88
13217.93
1283.88
1185.89
1163.01
1170.16
1160.14
1153.95
25233.98
1269.10
1179.22
13222.93
1281.02
1185.18
1178.03
1174.93
1156.81
1154.90
25235.89
1269.82
1180.89
13230.09
1279.12
1184.94
1178.03
1183.99
1158.95
1158.00
25242.09
1269.10
1169.20
13230.09
1267.91
1179.93
1161.10
1177.07
1162.77
1163.01
25298.12
1233.82
1170.87
13226.03
1268.15
1194.00
1183.99
1174.93
1152.04
1160.86
25336.98
1215.93
1172.07
13248.21
1261.00
1179.93
1181.13
1163.96
1162.05
1153.95
25346.99
1208.07
1186.13
13245.11
1262.19
1183.03
1177.07
1163.96
1163.01
1164.91
25367.02
1202.11
1178.03
13346.91
1208.07
1170.87
1170.87
1167.06
1163.96
1159.91
25358.20
1207.11
1168.97
13354.06
1209.02
1178.98
1177.07
1165.15
1160.14
25211.10
1297.95
1186.85
1170.87
13350.01
1208.07
1173.02
1183.03
1163.96
1155.85
25218.96
1291.99
1183.99
1170.87
13334.99
1199.96
1173.02
1180.17
1161.10
1150.13
25230.17
1281.02
1174.93
13206.96
1284.12
1189.95
1178.03
1188.99
1163.96
1160.86
25238.99
1287.22
1190.90
13237.00
1282.93
1182.08
1174.21
1173.97
1159.19
1162.05
25238.99
1278.16
1178.03
13234.85
1288.89
1188.99
1164.91
1178.98
1159.19
1163.01
21324.16
1218.08
1175.88
1176.83
1158.95
1153.95
1156.09
25364.16
1197.10
1160.14
1173.02
1154.90
1158.95
29231.07
1292.94
1192.09
1168.01
1173.97
1161.10
1149.89
25336.03
1229.05
1175.88
13257.98
1261.00
1188.04
1173.97
1170.87
1160.86
1155.14
25348.19
1215.93
1166.11
13246.06
1268.15
1187.09
1173.02
1166.82
1158.00
1166.11
25339.13
1218.08
1182.08
9311.91
1224.04
1178.98
21232.13
1272.92
1176.83
9194.85
1271.96
1183.99
1173.97
13324.02
1197.10
1173.02
1179.93
1166.82
1158.95
25211.81
1278.16
1184.94
1170.87
13352.87
1183.99
1166.11
1173.02
1155.85
1148.94
25206.80
1279.12
1176.12
1158.00
13356.92
1187.80
1163.01
1172.07
1158.00
1152.04
25214.20
1289.13
1178.03
1168.01
13358.12
1196.15
1157.05
1174.21
1158.00
1161.10
25222.06
1291.99
1188.99
1165.15
13324.02
1190.19
1167.06
1171.11
1155.14
1163.01
25234.22
1279.12
1183.03
13217.93
1281.98
1178.03
1167.06
1170.16
1160.14
1147.99
25228.02
1275.06
1181.84
13221.98
1276.97
1178.03
1163.01
1181.13
1163.01
1147.99
25230.17
1276.97
1175.88
13236.05
1278.88
1178.03
1173.97
1175.17
1161.10
1168.01
25222.06
1277.92
1179.93
13231.04
1282.93
1173.97
1159.19
1170.87
1164.91
1153.95
25245.90
1276.97
1183.03
13223.89
1274.11
1181.13
1168.01
1175.88
1163.96
1158.95
25324.82
1230.00
1180.17
13242.01
1266.96
1181.84
1175.88
1169.92
1173.97
1158.00
25362.97
1209.02
1169.92
13238.91
1264.10
1176.12
1181.13
1177.07
1166.11
1158.95
25362.01
1201.87
1170.16
13315.20
1219.99
1170.87
1174.93
1156.81
1167.06
1147.99
25366.78
1197.10
1168.97
13336.90
1217.84
1172.07
1173.02
1173.02
1163.01
1161.10
25336.03
1196.86
1178.98
13338.09
1202.82
1173.02
1181.13
1169.92
1168.01
25222.78
1297.00
1195.91
1175.88
13362.88
1199.96
1180.89
1176.12
1171.11
1162.05
25235.18
1276.02
1176.83
1163.96
13331.89
1200.91
1170.16
1173.97
1160.86
1159.91
25241.85
1280.07
1187.09
13228.89
1282.93
1188.99
1164.91
1173.97
1158.00
1155.14
25233.03
1276.02
1178.98
13237.00
1281.98
1186.13
1173.02
1172.07
1161.10
1165.15
25252.10
1274.82
1174.93
13230.09
1277.92
1185.89
1162.05
1169.92
1158.95
1158.00
25322.91
1230.00
1173.97
13239.15
1265.05
1176.83
1171.83
1171.11
1158.95
1152.99
25331.02
1206.16
1178.03
13249.16
1264.10
1175.88
1174.93
1173.02
1153.95
1157.05
25346.99
1214.98
1183.99
13249.16
1254.08
1172.07
1167.77
1167.06
1158.00
1153.95
25352.00
1207.11
1172.07
13322.83
1219.99
1178.03
1188.04
1167.06
1159.19
1164.91
25355.82
1204.97
1163.96
13360.02
1209.97
1177.07
1180.89
1166.82
1168.01
25207.04
1293.90
1184.94
1171.11
13367.18
1201.15
1178.98
1177.07
1168.01
1158.00
25223.02
1281.02
1175.88
1168.97
13319.02
1196.86
1169.92
1171.83
1149.89
1156.09
25215.15
1290.08
1182.08
1165.15
13317.11
1191.14
1167.06
1174.21
1166.11
1161.10
25229.93
1262.90
1183.03
1183.03
13323.07
1168.97
1164.20
1170.87
1157.05
1163.01
25223.97
1269.82
1175.88
13184.07
1299.86
1199.96
1170.87
1178.03
1163.01
1152.04
25224.92
1267.91
1178.03
13230.09
1283.17
1177.07
1166.11
1173.02
1159.91
1154.90
25228.02
1269.10
1182.08
13211.97
1280.07
1174.93
1168.01
1175.17
1160.14
1168.01
25244.95
1271.96
1177.07
13224.12
1270.06
1179.22
1187.09
1177.07
1163.96
1159.91
25242.09
1276.02
1173.97
13233.90
1279.12
1173.02
1154.90
1173.02
1154.90
1149.89
25274.99
1249.07
1171.11
13239.15
1261.00
1174.93
1159.91
1174.93
1157.05
1158.00
25319.10
1223.80
1174.93
13249.87
1261.00
1173.97
1173.02
1168.97
1151.80
1158.95
25346.99
1213.07
1176.12
13239.15
1266.00
1182.08
1182.08
1163.96
1163.01
1152.99
21345.85
1213.07
1173.02
1170.87
1164.91
1151.80
25210.86
1297.95
1188.99
1170.87
1169.92
1163.96
1160.14
29246.09
1287.94
1186.13
1187.09
1171.11
1164.91
1152.99
25352.00
1214.98
1181.13
13323.07
1215.93
1168.01
1166.11
1160.14
1161.10
1158.95
25357.96
1202.82
1161.10
13329.03
1200.91
1174.21
1174.93
1156.81
1160.86
1152.04
25358.92
1194.00
1173.97
13338.09
1208.07
1174.93
1166.11
1158.00
1163.96
25207.04
1310.11
1179.93
1170.87
13348.82
1211.88
1174.93
1178.03
1170.87
1163.01
25216.10
1297.00
1186.13
1165.15
13350.01
1191.85
1163.96
1183.03
1154.90
1155.14
25241.14
1287.22
1177.07
1166.11
13334.99
1192.09
1169.92
1175.88
1163.96
1156.09
25238.04
1270.06
1190.19
13231.99
1281.98
1193.05
1168.01
1176.12
1163.01
1158.00
25241.14
1280.07
1171.83
13233.90
1268.15
1183.99
1166.82
1180.89
1142.98
1151.80
25218.01
1279.83
1178.03
13240.10
1269.82
1174.93
1163.96
1181.84
1157.05
1159.19
25248.05
1253.84
1178.03
13237.00
1277.92
1178.03
1168.01
1169.92
1158.95
