1232.86
17272.00
1355.89
1240.97
17261.03
1338.01
1226.90
1231.91
17386.91
1250.98
1218.08
17408.85
1246.93
1209.02
17394.07
1253.13
1230.00
17400.03
1260.04
1227.86
17415.05
1272.20
1219.03
17356.16
1284.12
1224.04
17297.98
1323.94
1252.89
17279.15
1317.98
1216.89
17266.99
1325.85
1234.05
17297.98
1337.05
1230.96
1203.06
17390.97
1242.88
1229.05
17416.95
1271.96
1211.17
17406.94
1255.04
1218.08
17382.14
1268.15
1244.07
17438.89
1266.00
1216.89
17361.88
1273.87
1228.09
17293.93
1322.98
1251.94
17287.97
1333.00
1222.13
17301.08
1321.79
1230.96
17259.84
1327.04
1229.05
1207.83
17379.05
1247.17
1209.02
17410.04
1264.10
1207.11
17395.02
1250.98
1231.91
17389.06
1258.13
1230.00
17345.91
1272.92
1218.80
17273.90
1327.04
1242.88
17286.78
1318.22
1241.92
17276.05
1350.16
1240.02
17262.94
1340.87
1226.90
1209.97
17392.16
1270.06
1208.07
17393.11
1244.07
1204.01
17390.97
1257.90
1209.97
17408.13
1274.11
1222.13
17412.19
1285.08
1232.86
17280.82
1307.96
1230.00
17289.88
1308.92
1233.10
17270.09
1348.02
1224.99
17266.99
1338.01
1247.88
1235.01
17379.05
1271.96
1211.17
17423.15
1261.95
1221.90
17405.99
1256.94
1219.03
17389.06
1262.19
1214.98
17410.99
1245.98
1202.11
17319.92
1316.07
1218.80
17288.92
1316.07
1229.05
17282.96
1326.08
1235.96
17280.10
1333.00
1219.99
17246.01
1363.99
1235.01
1209.97
17405.99
1239.06
1206.87
17393.83
1266.96
1210.93
17401.22
1262.19
1210.93
17400.03
1279.12
1250.98
17384.05
1263.14
1246.93
17440.08
1283.17
1214.98
17309.90
1330.14
1234.05
17276.05
1322.03
1234.05
17264.84
1343.01
1235.01
17266.04
1331.09
1233.10
1204.01
17386.20
1232.15
1204.01
17383.10
1249.07
1203.06
17399.07
1272.92
1219.99
17376.18
1271.01
1224.04
17285.11
1322.98
1243.11
17287.02
1322.98
1235.96
17257.21
1350.16
1218.08
17308.95
1348.02
1238.11
17282.01
1352.07
1238.11
1229.05
17388.82
1250.98
1246.93
17400.98
1253.13
1201.15
17395.02
1246.93
1211.17
17388.11
1271.96
1214.98
17354.97
1263.86
1208.07
17317.06
1318.93
1215.93
17294.17
1305.10
1231.91
17274.14
1328.95
1231.19
17252.92
1327.99
1229.05
1222.13
17374.99
1260.04
1222.13
17421.01
1261.00
1225.95
17446.99
1273.16
1222.13
17414.09
1287.94
1221.18
17395.02
1256.94
1227.86
17354.01
1269.10
1217.84
17280.82
1321.08
1232.86
17289.88
1299.86
1240.02
17282.01
1346.11
1230.00
17255.07
1358.99
1248.12
1198.05
17416.95
1238.11
1212.12
17429.83
1238.11
1199.96
17402.89
1280.07
1218.08
17390.97
2063.99
17305.85
1338.96
1246.93
17272.00
1342.06
1227.86
17283.92
1420.02
1231.91
1217.84
17408.85
1232.15
1223.09
17403.13
1229.05
1209.97
17394.07
1251.94
1226.90
17401.93
1261.00
1208.07
17357.83
1266.96
1220.94
17290.83
1306.06
1211.17
17297.03
1318.93
1224.99
17256.98
1347.06
1230.00
17224.07
1374.01
1236.20
1217.13
17435.07
1261.95
1210.93
17421.01
1243.11
1218.08
17382.86
1269.10
1215.93
17399.07
1268.15
1214.98
17373.09
1266.00
1222.13
17282.01
1327.04
1227.86
17290.83
1317.98
1224.04
17249.11
1330.14
1241.21
17248.15
1332.04
1235.01
1220.94
17443.90
1271.01
1218.80
17426.01
1247.88
1224.04
17404.08
1250.98
1223.09
17378.09
1264.81
1224.99
17390.01
1279.12
1223.09
17304.18
1299.14
1233.10
17305.14
1321.79
1225.95
17302.99
1344.20
1214.03
17270.09
1333.95
1233.10
17248.87
1357.08
1245.02
1218.80
17395.97
1237.87
1207.83
17416.00
1242.88
1212.84
17390.97
1242.88
1215.22
17380.95
1259.09
1214.98
17277.00
1312.97
1219.03
17272.95
1313.92
1220.94
17260.07
1339.20
1228.09
17275.09
1338.96
1236.92
1221.90
17396.93
1252.89
1228.81
17397.88
1266.00
1221.18
17426.01
1324.89
1209.02
17426.97
1240.97
1206.87
17364.98
1245.02
1223.09
17316.10
1305.10
1217.84
17277.00
1300.81
1236.92
17262.94
1348.97
1221.90
17272.00
1337.05
1239.06
1204.01
17367.84
1230.00
1204.97
17390.01
1235.01
1219.03
17378.81
1275.06
1210.21
17370.94
1275.06
1223.09
17322.78
1315.12
1242.16
17287.97
1333.00
1243.83
17279.86
1313.92
1219.03
17252.92
1334.19
1217.13
17253.16
1365.90
1212.84
1214.98
17419.82
1230.96
1211.17
17408.13
1271.01
1228.09
17386.91
1250.03
1224.99
17374.99
1307.96
1227.14
17332.08
1264.81
1218.08
17278.91
1317.02
1226.90
17278.19
1331.09
1227.14
17261.98
1343.97
1226.90
1225.95
17395.97
1245.02
1213.79
17433.88
1267.91
1231.91
17421.96
1248.84
1226.90
17395.02
1257.90
1232.86
17386.91
1266.96
1218.08
17389.06
1254.80
1229.05
17289.16
1303.91
1226.90
17288.92
1317.98
1222.85
17266.99
1329.90
1225.95
17262.94
1326.80
1235.01
1219.99
17403.84
1246.93
1209.02
17390.97
1246.93
1204.97
17394.07
1257.18
1202.11
17385.01
1262.90
1215.93
17282.01
1302.96
1233.82
17303.94
1411.91
1234.05
17308.95
1325.13
1229.05
17284.15
1343.97
1249.07
17281.06
1350.88
1225.95
17263.89
1358.03
1230.96
1209.97
17396.93
1250.03
1216.17
17405.03
1237.87
1214.03
17408.13
1266.00
1230.00
17378.09
1244.07
1214.98
17282.01
1299.86
1222.85
17272.95
1305.82
1210.93
17256.98
1338.96
1230.00
17256.02
1339.20
1228.09
1214.03
17399.79
1243.11
1227.14
17395.02
1235.01
1208.07
17413.14
1273.16
1213.07
17395.97
1270.06
1216.17
17295.12
1350.16
1234.05
17302.99
1341.82
1246.93
17292.02
1321.08
1262.19
17292.02
1333.00
1240.97
17272.95
1356.84
1244.07
17239.09
1334.19
1245.98
1204.01
17395.97
1236.92
1219.99
18359.18
1253.13
1229.05
1219.03
1206.87
29274.94
1365.90
1214.98
17267.94
1353.03
1223.09
1201.15
17410.04
1251.94
1214.03
17422.91
1265.76
1221.90
17418.86
1264.10
1224.99
17380.95
2058.03
17284.87
1316.07
1233.10
17279.15
1331.81
1245.98
1219.99
17390.97
1225.95
1224.99
17428.16
1262.19
1223.09
17415.05
1241.92
1199.01
17374.04
1248.12
1201.15
17357.11
1259.09
1229.05
17292.98
1348.97
1229.05
17279.15
1312.97
1230.96
17266.04
1323.22
1234.05
17255.07
1324.89
1239.06
1209.02
17374.99
1254.08
1224.99
17397.88
1250.03
1234.05
17403.84
1266.96
1226.90
17397.88
1252.89
1221.90
17377.85
1281.02
1230.96
17287.02
1302.96
1219.03
17282.01
1307.96
1218.80
17259.12
1346.11
1232.86
17262.94
1348.02
1223.09
1209.97
17368.08
1228.09
1207.11
17368.08
1247.17
1213.07
17377.14
1248.84
1215.93
17282.96
1291.04
1212.12
17276.05
1291.04
1210.93
17258.88
1312.02
1215.93
1209.02
17349.96
1218.80
1215.93
17403.84
1260.04
1230.00
17387.87
1245.98
1204.97
17361.16
1252.17
1218.08
17277.00
1296.04
1214.98
17268.90
1312.97
1205.92
17248.87
1324.89
1220.94
1211.88
17367.84
1229.05
1209.02
17395.02
1247.88
1206.87
17362.83
1255.04
1206.87
17369.99
1266.00
1198.05
17292.98
1302.00
1209.02
17272.00
1293.90
1206.87
17245.05
1348.02
1230.00
1209.02
17360.21
1224.04
1207.11
17388.11
1245.98
1208.07
17394.07
1251.94
1209.97
17383.10
1269.10
1211.17
17285.11
1301.05
1221.18
17272.00
1314.88
1219.03
17264.13
1324.18
1239.06
17265.08
1335.86
1235.96
1209.02
17400.03
1240.02
1233.82
17408.85
1236.92
1230.96
17395.02
1253.84
1216.89
17355.92
1249.07
1220.94
17297.03
1307.01
1214.98
17279.15
1307.96
1238.11
17269.13
1330.85
1226.90
17276.05
1333.00
1245.02
1228.09
17374.04
1229.05
1219.99
17395.97
1252.89
1224.99
17406.94
1242.88
1219.03
17377.14
1251.94
1220.94
17298.94
1290.08
1217.84
17267.94
1306.06
1229.05
17277.96
1319.17
1229.05
17261.98
1327.99
1228.09
1209.97
17400.98
1252.17
1199.96
17390.01
1255.04
1221.18
17374.04
1233.82
1214.03
17375.95
1266.96
1211.17
17282.01
1302.00
1216.89
17282.01
1307.01
1220.94
17263.89
1320.84
1224.99
1204.01
17362.83
1229.05
1214.98
17415.05
1243.83
1213.07
17404.08
1247.88
1202.82
17393.83
1261.95
1209.97
17328.02
1283.88
1219.03
17286.06
1302.00
1224.04
17263.89
1311.06
1213.07
17263.17
1343.01
1224.99
1221.18
17374.04
1243.11
1214.03
17370.94
1248.84
1219.99
17395.02
1240.97
1213.07
17380.00
1244.07
1211.88
17302.04
1307.96
1210.93
17272.00
1303.91
1221.90
17282.01
1335.14
1217.13
17246.01
1332.04
1224.04
1218.08
17411.23
1241.92
1204.97
17438.89
1255.99
1208.07
17388.82
1249.07
1230.96
17369.03
1261.00
1234.05
17290.12
1310.11
1223.09
17268.90
1312.02
1224.04
17269.85
1328.95
1229.05
17272.95
1337.05
1231.19
1205.92
17372.85
1245.02
1209.97
17390.01
1232.15
1212.12
17392.16
1245.02
1221.90
17369.99
1264.10
1207.11
17273.19
1317.98
1221.90
17274.86
1307.01
1231.91
17266.99
1326.08
1217.13
1207.11
17376.18
1240.97
1205.92
17413.85
1242.88
1216.89
17388.82
1271.96
1217.84
17391.92
1241.92
1209.97
17347.10
1275.78
1229.05
17276.05
1312.97
1222.13
17287.97
1299.14
1217.13
17265.08
1326.08
1222.13
1218.08
17361.16
1253.13
1224.99
17398.83
1239.06
1220.94
17398.83
1245.98
1225.95
17384.05
1249.79
1227.86
17357.11
1266.96
1223.80
17289.88
1314.88
1230.00
17289.16
1327.99
1223.09
17276.05
1331.81
1225.95
17278.91
1341.82
1229.05
1219.03
17408.85
1257.90
1211.88
17385.01
1235.96
1199.96
17385.96
1240.02
1212.12
17357.11
1252.89
1230.00
17283.92
1317.02
1233.82
17278.91
1324.89
1235.01
17261.03
1328.95
1232.86
17252.92
1322.98
1238.11
1219.99
17402.89
1234.05
1219.03
17407.89
1247.88
1214.03
17385.01
1250.98
1224.99
17381.19
1253.13
1214.98
17283.92
1302.00
1235.01
17273.90
1291.04
1212.12
17273.90
1324.18
1225.95
17236.95
1348.02
1227.14
1214.03
17402.17
1242.16
1208.07
17395.97
1256.94
1218.08
17372.13
1250.03
1199.96
17346.14
1291.99
1211.88
17280.10
1312.02
1228.09
17280.82
1312.02
1238.82
17273.90
1329.90
1244.07
17254.11
1360.18
1245.02
1224.99
17408.13
1252.17
1214.03
17398.12
1239.06
1213.79
17408.13
1250.03
1207.83
17371.89
1241.92
1220.94
17277.96
1302.00
1216.89
17282.01
1311.78
1236.92
17276.05
1320.84
1234.05
17263.89
1338.96
1235.96
1223.80
17401.93
1240.02
1224.99
17388.82
1238.11
1214.03
17368.08
1255.04
1209.02
17369.99
1272.92
1210.93
17299.89
1293.90
1212.84
17292.98
1303.91
1214.98
17261.98
1330.14
1218.08
17253.16
1338.96
1233.10
1202.11
17393.11
1253.84
1202.11
17401.93
1255.04
1217.13
17394.07
1271.96
1221.18
17374.99
1273.87
1223.09
17297.03
1312.02
1224.99
17280.10
1324.89
1225.95
17274.14
1318.93
1221.90
17275.09
1322.03
1228.09
1218.08
17385.96
1245.98
1216.89
17404.79
1247.88
1205.92
17392.87
1258.85
1209.02
17388.11
1254.08
1219.99
17301.08
1297.00
1214.98
17290.83
1316.07
1233.10
17268.18
1319.89
1227.86
17256.02
1317.98
1208.07
1207.11
17405.03
1243.11
1213.07
17393.83
1243.11
1233.10
17388.11
1248.12
1204.01
17376.90
1250.03
1228.81
17293.93
1304.86
1212.84
17274.86
1295.09
1240.97
17272.00
1338.96
1230.00
17256.98
1334.91
1230.96
1204.01
17375.95
1239.06
1219.03
17394.07
1235.96
1221.90
17374.99
1240.02
1214.98
17333.03
1271.01
1210.21
17275.09
1309.16
1212.12
17277.96
1320.12
1237.15
17255.07
1327.04
1232.86
1196.86
17388.82
1241.92
1190.90
17410.99
1228.81
1208.07
17390.01
1248.84
1218.08
17372.13
1240.97
1214.98
17261.98
1305.10
1222.13
17276.05
1313.92
1244.07
17266.99
1338.01
1235.96
17276.05
1348.97
1206.87
1220.94
17381.19
1246.21
1197.10
17383.10
1241.92
1214.98
17394.07
1234.05
1219.99
17292.98
1295.80
1209.02
17275.09
1310.83
1210.93
17274.86
1327.04
1235.01
17261.98
1338.96
1223.09
1214.03
17402.89
1250.03
1223.80
17401.93
1233.82
1209.02
17393.11
1250.03
1220.94
17380.00
1242.16
1221.90
17291.07
1296.04
1230.00
17268.90
1321.08
1224.04
17263.89
1329.90
1224.04
17265.08
1317.98
1235.01
1205.92
17398.83
1253.84
1221.90
17389.06
1246.21
1226.90
17379.05
1254.08
1232.15
17373.09
1252.89
1213.79
17298.94
1314.88
1219.03
17279.15
1311.78
1224.99
17269.13
1327.04
1215.93
17270.09
1329.18
1235.96
1209.02
17391.20
1229.05
1205.92
17395.97
1250.03
1217.13
17388.11
1257.90
1209.02
17380.00
1243.11
1218.08
17292.02
1320.12
1232.15
17284.15
1312.97
1230.96
17282.01
1317.02
1219.99
17252.92
1336.10
1227.14
1224.04
17400.98
1253.13
1225.95
17405.99
1247.17
1204.97
17380.95
1248.84
1226.90
17388.11
1243.83
1212.84
17292.02
1292.94
1217.13
17280.10
1326.08
1230.00
17267.94
1321.08
1230.00
17255.07
1330.85
1230.96
1214.98
17400.03
1243.83
1230.96
17409.80
1224.99
1214.98
17373.09
1240.02
1209.02
17359.97
1269.82
1213.07
17278.91
1302.00
1226.90
17282.96
1307.96
1237.87
17272.00
1339.91
1238.82
17271.04
1354.22
1224.04
1224.04
17394.78
1248.12
1214.03
17393.83
1230.00
1219.03
17390.97
1256.94
1218.08
17382.14
1260.04
1225.95
17287.97
1307.96
1223.09
17272.95
1307.96
1225.95
17263.17
1319.17
1224.04
17277.00
1346.11
1224.99
1214.03
17398.12
1237.15
1224.99
17395.02
1242.16
1219.99
17390.97
1261.95
1227.14
17405.99
1244.07
1210.93
17308.95
1288.89
1221.90
17289.88
1304.15
1235.96
17267.94
1309.87
1220.94
17266.99
1338.96
1230.96
1222.85
17390.01
1240.97
1209.97
17398.83
1239.06
1224.04
17380.00
1241.92
1220.94
17385.01
1242.88
1217.84
17288.92
1309.87
1224.99
17272.95
1315.12
1218.08
17269.13
1337.05
1235.01
17266.99
1322.03
1226.19
1213.07
17367.12
1240.97
1215.93
17394.07
1240.02
1212.84
17400.98
1259.09
1215.93
17381.19
1271.96
1223.80
17285.11
1302.00
1223.80
17277.00
1307.01
1218.08
17268.18
1319.17
1230.00
17245.05
1340.15
1218.08
1204.97
17402.89
1235.01
1202.11
17382.14
1260.04
1224.04
17383.10
1255.04
1225.95
17364.98
1261.95
1212.84
17278.91
1325.85
1214.98
17285.11
1315.83
1232.86
17258.88
1326.08
1214.98
1204.01
17369.99
1230.00
1214.03
17390.01
1249.07
1209.97
17385.01
1261.00
1221.90
17391.92
1257.90
1215.93
17302.04
1284.12
1230.00
17288.92
1312.97
1224.04
17256.98
1322.03
1227.86
17266.99
1342.77
1210.93
1206.87
17401.93
1245.02
1209.97
17386.91
1237.87
1213.79
17375.95
1250.03
1209.97
17372.13
1250.98
1212.84
17282.01
