1261.95
1166.11
17275.09
1269.10
1183.03
17176.87
1343.97
1206.87
1186.85
21389.96
1215.93
1177.07
17376.90
1212.84
1183.03
17270.09
1264.81
1168.97
21267.89
1302.96
1204.01
13190.03
1321.08
1210.93
1196.86
17410.04
1213.07
1184.94
17380.00
1226.19
1163.01
17262.94
1270.06
1192.09
17257.93
1275.06
1173.97
1158.95
17336.85
1209.02
1181.13
21344.90
1194.00
1170.87
17329.93
1226.90
1168.97
17269.85
1292.94
1183.03
21237.13
1319.89
1200.91
1175.88
1199.96
16543.15
1219.03
1187.80
1184.94
21504.88
1275.06
1188.99
1184.94
26577.00
1273.87
1161.81
1209.02
21511.08
1288.89
4191.88
1225.95
1173.02
1155.14
26560.07
1287.94
8644.82
1289.13
1193.05
1178.03
16930.10
1261.00
1186.85
1168.01
25373.94
21558.05
1291.04
1199.96
1172.07
21527.05
1276.02
1183.03
1157.05
17261.98
1214.98
1158.00
12310.98
1280.07
1181.13
1167.06
25240.90
1303.91
1193.05
1163.01
1165.87
21449.80
1321.08
1189.95
1171.83
1141.07
25592.09
1235.01
1173.97
1201.87
1163.96
26714.80
1212.12
1178.03
21250.96
1322.03
1187.09
1164.91
1185.18
21507.02
1291.04
1179.93
1160.86
26602.03
1317.98
1178.98
1189.95
16446.11
1275.06
1202.11
1194.95
21487.00
1297.95
1189.95
1181.13
26521.21
1317.98
1195.19
1187.09
1179.93
21617.89
1215.93
1184.94
1171.83
21667.96
1205.92
1209.97
1178.98
26863.10
1201.15
1178.98
1168.01
35978.08
1289.84
1193.05
1166.11
26152.13
1346.83
1177.07
1185.89
23083.93
1216.89
1185.89
1160.86
21641.97
1205.92
1190.90
1162.05
25382.04
1252.89
1171.83
1186.13
1163.96
21595.95
1246.93
1186.13
1170.16
25489.09
6528.14
1230.96
1179.93
1182.08
21659.14
1214.98
1230.96
16946.79
1321.08
1173.02
1153.95
21339.89
1248.12
1180.17
1198.05
1161.10
26699.07
1227.86
1148.94
1178.03
17043.11
1195.91
1160.86
17184.97
1275.06
1162.05
21229.03
1329.90
1198.05
1178.03
1193.05
1165.15
21613.12
1227.14
1163.96
1175.88
25800.94
1253.84
1168.01
1180.17
1147.99
26713.85
1214.98
1155.85
21234.04
6537.91
1191.85
1162.05
1156.09
16549.83
1218.08
1178.03
1168.97
26356.94
1218.08
1165.87
22911.79
1290.08
1195.19
1158.00
21516.80
2088.07
1187.80
1155.85
16601.09
1201.15
1205.92
21337.03
1353.03
1187.09
1164.91
1188.99
21616.94
1222.85
1194.00
1168.97
21516.08
1298.19
1178.98
1159.91
26851.89
1246.93
1202.82
1159.91
16453.03
1277.21
1204.97
1174.93
21514.18
1317.98
1178.03
1168.97
26771.07
1297.95
1183.99
1158.95
21481.04
1335.86
1188.99
1166.11
25264.02
1366.14
1214.03
1165.87
1186.85
1175.88
21625.04
1221.18
1173.02
1150.85
28937.82
1279.12
15371.80
6448.03
1197.81
1163.01
1145.12
21635.06
1196.86
1150.85
17033.82
1288.18
1173.02
1169.20
17385.96
1197.10
1157.05
21280.77
1289.13
1182.08
1156.09
1151.08
21471.02
1287.94
1199.96
1173.97
21461.96
1333.00
1196.86
1158.95
21383.05
1228.09
1170.16
1173.02
1154.18
27014.97
1235.01
1195.91
21286.01
1285.08
1174.93
21244.05
1313.92
1212.84
21234.99
1316.07
1198.05
1156.09
21394.97
1204.01
1167.06
21377.09
1219.99
14210.94
1284.12
1175.17
17236.95
1314.88
1174.93
1158.00
17381.91
1218.80
1188.99
21363.97
1220.23
1187.09
21224.98
1297.95
1194.95
21250.01
1314.16
1199.01
21215.92
1327.99
1186.85
1172.07
21399.02
1209.02
1202.11
21424.06
1222.85
1166.82
17268.90
1274.11
1177.07
17240.05
1279.12
1181.13
1166.11
21363.97
1206.16
1158.95
21392.82
1214.98
1164.91
21362.07
1230.96
1172.07
21249.06
1287.94
1173.02
21223.07
1303.91
1185.89
1163.01
21383.05
1191.85
1180.89
17545.94
1210.93
1187.80
17371.89
1204.97
1174.93
17273.19
1270.06
1182.08
21263.12
1292.94
1170.87
21197.80
1322.98
1188.04
1159.91
21372.80
1216.17
1171.11
21361.11
1214.98
1170.16
21250.96
1276.02
1174.93
21229.98
1320.12
1175.17
1156.09
17366.17
1226.90
1188.04
17364.98
1201.15
1169.20
21265.03
1271.96
1178.03
21274.09
1291.99
1183.03
21238.09
1324.89
1195.91
1172.07
21395.92
1218.08
1173.02
21395.21
1228.09
1187.09
21348.95
1235.96
1183.03
17253.16
1303.91
1186.85
17220.02
1302.00
1186.13
1162.05
17392.87
1199.01
1162.05
21376.85
1216.89
1183.03
21286.96
1269.82
1195.91
21256.92
1280.07
1196.15
21234.99
1302.96
1175.88
1152.99
21387.10
1199.96
1166.11
29382.94
1213.79
1171.11
17246.96
1280.07
1181.13
17235.04
1302.00
1190.90
1163.96
17348.05
1219.99
1272.92
17398.12
1206.16
1159.91
17364.03
1216.89
1179.93
17255.07
1271.01
1165.15
17217.16
1282.93
1191.14
1163.01
17349.00
1197.10
1181.13
17364.03
1205.92
1161.81
17256.02
1255.04
1183.99
1173.02
1149.89
1144.89
1149.18
25346.99
1195.91
1159.91
13292.79
1215.93
1180.89
1174.93
1168.01
1144.89
1146.79
25388.96
1206.87
1185.89
13355.02
1215.93
1169.92
1170.87
1175.88
1160.86
1153.95
25377.99
1209.97
1167.77
13351.92
1204.01
1168.97
1183.99
1147.03
1160.14
25206.09
1289.13
1193.05
1207.83
13406.04
1178.98
1149.89
17326.83
1201.87
1173.02
17258.17
1253.13
1175.17
17230.03
1264.10
1172.07
1168.01
17376.90
1189.95
1170.87
17357.83
1223.09
1170.16
17269.13
1255.99
1183.99
17248.15
1266.00
1193.05
1172.07
17346.14
1199.01
1193.05
21373.99
1221.18
1200.91
17366.89
1203.06
1154.90
17237.90
1271.01
1160.86
18118.86
1198.05
1154.18
17326.12
1218.08
1168.01
17241.95
1300.81
1178.03
17199.99
1300.81
1174.93
1169.92
17385.96
1203.06
1183.03
17349.00
1219.99
1176.12
17247.92
1305.10
1191.14
17269.13
1394.99
1203.06
1177.79
1178.98
1172.78
1164.91
25354.86
1224.99
1162.05
13248.92
1261.00
1158.00
1174.93
1174.93
1151.08
1139.16
25336.98
1217.84
1168.97
13299.94
1233.10
1172.78
1183.03
1171.11
1137.97
1148.94
25352.95
1199.96
1173.02
13345.96
1222.13
1173.97
1153.95
1145.84
1149.89
1142.98
25388.00
1214.03
1161.81
13368.84
1208.07
1182.08
17320.16
1234.05
1188.99
17241.00
1271.01
1183.99
17225.03
1302.96
1170.87
1165.87
17368.79
1207.11
1173.02
17359.02
1213.07
1171.11
17235.99
1276.97
1175.88
17235.99
1300.10
1189.95
1178.98
17349.00
1187.09
1179.93
21371.84
1220.94
1183.03
17271.04
1261.00
1187.80
17266.04
1288.89
1183.99
17223.12
1322.98
1201.87
1167.06
17376.90
1224.99
1178.03
17382.14
1207.11
1172.07
17256.98
1277.92
1176.83
17265.80
1286.98
1175.88
1170.87
17357.11
1211.88
1172.07
17383.81
1208.07
1174.93
17364.03
1225.95
1188.04
1187.09
1183.99
1159.19
25188.92
1343.97
1196.15
1187.09
13383.15
1208.07
1176.12
1175.17
1157.05
1170.16
25225.16
1323.94
1195.19
1179.93
13371.94
1206.87
1168.97
1175.17
1167.06
1162.05
25243.04
1301.05
1186.85
13238.91
1304.15
1189.95
1176.12
1170.87
1163.01
1160.14
25302.89
1246.21
1204.97
17256.98
1286.98
1178.98
17241.95
1310.11
1193.05
1173.97
17373.09
1209.02
1175.88
17353.06
1214.03
1177.07
17266.99
1266.00
1187.09
17229.08
1282.93
1184.94
1164.20
17328.98
1214.03
1175.88
17346.86
1204.97
1183.99
17322.06
1218.08
1167.77
21240.95
1274.11
1183.03
17192.13
1302.96
1197.10
1171.83
17355.92
1230.96
1187.80
17348.05
1215.93
1186.13
17231.94
1271.01
1185.18
17233.13
1276.02
1196.15
1177.07
17369.03
1193.05
1173.97
17370.94
1219.99
1194.00
17319.92
1233.82
1181.84
17240.05
1285.08
1194.00
21203.04
1288.89
1194.95
1188.04
9330.03
1191.14
1165.87
13315.92
1203.06
1173.02
1180.17
1160.14
1149.89
1161.10
25361.06
1201.15
1165.15
13334.99
1220.94
1172.07
1181.13
1172.78
1173.97
1163.01
25337.93
1188.04
1161.10
13330.94
1193.05
1184.94
1179.93
1183.99
1153.95
25206.09
1303.91
1178.03
1168.01
17349.96
1202.11
1170.16
13329.98
1195.91
1170.87
17236.95
1259.09
1179.93
17220.97
1297.00
1179.93
1165.87
17357.83
1191.14
1183.03
17357.11
1218.80
1175.88
17238.86
1271.01
1174.93
17233.13
1291.99
1170.87
1158.95
17364.98
1204.01
1176.83
17343.04
1211.17
1164.91
17236.95
1261.00
1178.03
17246.96
1280.07
1183.99
1163.01
17348.05
1201.15
1176.12
17362.12
1206.16
1178.03
17330.17
1231.19
1179.93
17256.02
1275.06
1189.95
17243.15
1293.90
1192.09
1174.93
17362.12
1202.11
1186.13
17354.01
1202.11
1194.00
17243.86
1271.96
1190.90
21242.14
1286.98
1177.07
1179.93
9305.00
1185.89
1162.05
13340.00
1200.91
1165.87
1174.93
1158.00
1164.91
1150.85
25341.03
1198.05
1181.84
13355.97
1222.13
1189.95
1188.99
1182.08
1166.11
25218.01
1297.95
1194.00
1188.04
13348.10
1206.87
1171.83
1178.98
1173.97
1168.01
25238.04
1292.94
1171.11
9228.23
1273.16
1191.14
1171.11
17364.03
1205.92
1163.96
17356.16
1214.03
1180.89
17238.86
1276.97
1181.84
17230.99
1296.04
1187.09
1174.93
17364.03
1201.87
1168.97
17347.10
1204.97
1183.03
17281.77
1248.12
1183.99
17257.93
1272.92
1193.05
17204.05
1308.92
1191.14
1179.22
21364.93
1209.97
1171.83
17330.88
1227.86
1184.94
17259.84
1274.11
1186.13
17234.09
1287.94
1187.09
1173.97
17376.18
1213.07
1182.79
17379.05
1214.98
1173.97
17321.11
1226.90
1186.85
17241.00
1266.96
1179.93
17221.93
1287.94
1189.95
1183.03
17363.07
1203.06
1182.79
21349.91
1218.08
1170.16
21238.09
1278.88
1176.83
21228.08
1306.06
1186.85
1168.97
21374.23
1217.13
1184.94
21371.84
1208.07
1182.08
21329.88
1231.91
1184.94
21265.98
1302.00
1180.89
21236.90
1302.00
1183.99
1168.01
17376.18
1210.93
1175.88
17360.93
1201.87
1169.92
17248.87
1261.95
1185.89
17235.04
1273.87
1176.83
1173.97
17356.87
1188.99
1175.17
17355.92
1214.98
1182.79
17333.03
1238.11
1182.08
17247.92
1271.96
1184.23
17230.99
1297.00
1178.98
1173.02
17367.12
1201.15
1163.96
17349.96
1214.03
1183.99
17225.98
1268.15
1176.12
17236.95
1292.94
1168.01
1166.11
17356.16
1200.20
1175.17
17334.94
1198.05
1178.03
17238.86
1256.94
1174.93
17233.85
1290.08
1191.85
1168.97
17364.98
1186.85
1169.92
17354.01
1199.96
1170.87
17251.97
1259.80
1182.08
17225.98
1276.02
1185.18
1168.97
17338.99
1191.85
1163.96
17335.89
1196.86
1168.01
17235.99
1259.09
1174.93
17215.97
1279.83
1198.05
1173.02
17365.93
1204.97
1174.21
17338.99
1211.88
1163.96
17251.97
1249.07
1174.21
17235.99
1288.89
1172.07
1166.11
17327.07
1183.03
1168.01
17329.22
1207.11
1169.92
17258.88
1275.06
1177.07
17221.21
1284.12
1176.12
1166.11
17329.22
1202.11
1173.97
17340.90
1208.07
1173.02
17237.90
1256.94
1173.02
17238.86
1270.06
1182.79
1172.07
17343.04
1201.87
1168.01
21358.01
1213.07
1180.89
21269.08
1250.03
1174.21
17256.98
1266.00
1182.08
1163.96
17332.08
1196.15
1171.11
17343.04
1213.07
1181.84
17305.85
1230.96
1185.18
17237.90
1266.00
1185.89
17230.99
1281.02
1182.08
1178.03
17349.00
1214.03
1187.09
17338.99
1221.90
1178.98
21244.05
1271.01
1185.18
17230.03
1291.99
1190.19
1184.94
17349.00
1207.11
1175.17
17338.99
1200.91
1177.07
17265.08
1259.09
1176.12
17230.99
1285.08
1172.78
1181.13
17329.93
1191.85
1173.02
17336.13
1218.08
1168.01
17246.01
1263.14
1193.05
21230.94
1286.98
1204.01
1168.01
21330.83
1189.95
1175.88
17350.91
1197.81
1164.91
17252.21
1245.02
1174.93
17224.79
1291.04
1178.98
1168.97
17349.00
1196.15
1168.01
17337.08
1203.06
1175.17
17240.05
1243.83
1188.04
17213.11
1281.02
1191.85
1185.89
21343.95
1199.96
1176.12
21354.20
1205.92
1163.96
17297.98
1234.05
1173.02
17240.05
1278.16
1185.18
17207.15
1304.15
1189.95
1187.09
17361.16
1214.03
1183.03
17342.09
1224.99
1163.01
17228.84
1266.00
1179.93
17245.77
1296.04
1195.91
1177.07
17367.84
1209.02
1171.11
21342.99
1214.98
1180.89
17253.88
1257.90
1193.05
13250.11
1259.09
1180.89
1160.86
17303.94
1192.81
1172.07
17359.02
1213.79
1178.03
17269.85
1245.02
1176.12
17242.19
1274.11
1179.22
1177.07
17333.98
1202.11
1178.03
17346.86
1205.92
1168.01
21317.96
1241.92
1176.83
21243.10
1273.16
1186.13
17214.06
1286.98
1200.91
1181.13
17352.10
1209.02
1188.04
17349.00
1204.97
1169.20
17246.96
1266.96
1191.85
17241.95
1278.88
1183.03
1176.12
17353.06
1205.92
1180.89
17353.06
1222.85
1193.05
21285.06
1226.19
1188.04
21275.04
1286.03
1179.93
17241.00
1293.18
1187.09
1164.20
17369.03
1199.01
1184.94
17350.91
1207.11
1182.08
17251.97
1273.16
1179.93
17226.93
1277.92
1194.95
1164.91
17356.16
1208.07
1169.92
17364.03
1211.88
1184.94
21262.88
1265.05
1192.09
21269.08
1284.84
1185.89
21203.99
1317.02
1184.94
1168.97
21403.07
1217.13
1186.13
21361.11
1218.80
1169.92
21268.84
1317.98
1190.90
21260.98
1281.02
1185.89
21225.93
1325.13
1204.97
1178.03
21377.09
1214.98
1179.93
21373.99
1217.13
1179.93
21281.00
1270.06
1193.05
21278.14
1300.10
1187.09
21249.06
1311.06
1183.03
1183.99
21389.01
1219.99
1167.06
21369.93
1216.17
1183.03
21275.04
1277.92
1178.98
21271.94
1289.84
1187.09
21239.04
1315.83
1195.91
1167.06
21388.05
1204.97
1188.99
21388.05
1220.94
6606.10
1215.93
1172.07
17244.82
1265.05
1176.12
21224.98
1380.92
1188.04
1186.13
21352.05
1206.87
1178.98
21375.18
1208.07
1174.93
21312.95
1244.78
1177.07
21255.97
1269.10
1194.00
21224.98
1308.92
1193.05
1159.91
21386.86
1202.11
1178.98
21369.93
1232.86
1174.93
21280.05
1267.91
1189.95
21272.90
1283.88
1188.04
21218.06
1317.98
1187.80
1193.05
17385.01
1219.99
1186.13
17374.04
1216.89
1183.99
17261.03
1276.97
1174.93
17244.10
1297.00
1205.92
17188.07
1320.12
1194.95
1168.97
17360.93
1211.17
1176.12
17356.16
1219.99
1178.03
17241.95
1266.00
1183.99
17230.99
1290.08
1200.91
1187.09
17371.18
1203.06
1188.99
21373.03
1235.96
1175.88
37359.00
1251.94
1199.01
21262.88
1286.98
1175.17
21250.01
1307.96
1178.98
1178.98
21396.88
1209.02
1190.90
21402.12
1219.03
1174.93
29373.88
1230.00
1180.17
9263.04
1262.90
1178.98
17243.86
1281.02
1170.16
1163.96
17338.04
1206.16
1183.99
17348.05
1196.15
1163.01
17241.00
1262.19
1194.95
17241.95
1271.01
1179.93
1159.91
17333.03
1183.99
1173.97
17322.06
1196.86
1178.98
17241.00
1250.98
1187.80
21229.98
1254.08
1185.89
1169.92
17328.02
1202.11
1186.13
17321.11
1207.11
1169.20
17225.03
1249.79
1178.03
