1456.98
21448.14
1572.13
1416.92
21563.05
1533.99
1424.07
21641.02
2280.00
21664.86
1448.87
17467.02
1549.01
1434.09
17548.08
1484.87
1421.93
17642.02
1441.00
17455.10
1550.20
1415.97
17535.92
1483.92
1398.80
17643.93
1445.06
1403.81
17632.01
1435.04
17558.10
1508.00
1439.09
17661.81
1469.14
17502.07
1509.90
1441.00
17549.99
1482.01
1421.93
17621.04
1460.08
17503.98
1495.12
1426.94
17535.92
1500.13
1425.98
17666.82
1549.96
17538.07
1549.96
1433.85
17590.05
1458.88
1412.87
17654.90
1438.86
17551.90
1508.00
1407.86
17601.97
1442.91
1414.06
17597.91
1441.96
17548.80
1508.95
1432.90
17601.97
1438.86
1427.89
17627.95
1425.98
17560.01
1481.06
1433.13
17617.94
1430.03
1383.07
17597.91
1431.94
17562.15
1497.98
1413.11
25644.06
1472.95
1405.00
21618.84
1425.98
17536.16
1494.17
1441.00
17619.13
1441.00
1399.99
17570.02
1433.85
17530.92
1477.96
1403.09
17583.13
1459.12
1392.13
17600.06
1425.98
17544.98
1572.85
1523.02
17636.06
1473.90
21486.04
1531.12
1425.03
17557.86
1475.10
1405.00
17596.01
1428.84
1389.03
17589.09
1432.90
17522.81
1466.04
1389.98
17574.07
1459.84
1410.96
17616.03
1422.88
17534.97
1485.82
1400.95
17518.04
1468.18
1392.13
21610.98
1431.94
17519.00
1502.99
1431.94
17543.08
1477.96
1415.97
17618.89
1441.00
17511.13
1532.79
1404.05
17525.91
1477.00
1397.13
17616.03
1435.04
17457.96
1540.18
1425.03
17540.93
1487.97
1402.14
21659.14
1474.86
21527.05
1524.93
1422.17
17539.02
1487.02
1412.15
17683.98
1519.92
17529.96
1495.84
1405.00
17523.05
1481.06
1413.11
17651.08
1439.09
17536.16
1508.95
1409.05
17559.05
1484.87
1415.01
17620.80
1457.93
21529.91
1500.13
1409.05
17537.83
1477.00
1399.99
17618.89
1440.05
17534.02
1532.08
1425.98
17534.02
1487.97
1430.99
17629.86
1444.10
17524.96
1505.14
1420.02
17537.83
1496.08
1402.14
17613.17
1446.01
21522.05
1496.08
1415.97
17528.06
1491.79
1432.90
17621.04
1428.13
17496.82
1502.99
1420.97
17526.15
1482.01
1430.99
17609.12
1433.13
17447.95
1552.10
1451.97
17606.97
1491.07
1419.07
17614.13
1441.00
21508.93
1518.01
1418.83
21543.03
1502.99
1413.11
17639.16
1456.98
17539.02
1523.02
1417.16
17524.00
1474.86
1396.89
17612.93
1420.97
17497.06
1576.90
1415.97
17508.98
1481.06
1409.77
17632.96
1446.01
17486.10
1554.01
1430.03
21565.91
1508.00
1427.17
17637.97
1448.87
17505.88
1516.10
1424.07
17546.89
1496.08
1401.90
17628.91
1433.85
17483.95
1517.06
1409.05
17525.20
1492.98
1423.12
17613.17
1429.08
17448.19
1556.87
1415.01
21549.94
1495.12
1405.00
17630.82
1477.96
17601.97
1526.83
1410.01
17544.98
1490.12
1415.01
17627.00
1430.99
17488.00
1512.05
1425.03
17521.86
1482.01
1404.05
17610.07
1458.88
17479.90
1569.03
1401.90
21549.94
1478.91
1411.91
21636.01
1453.16
17445.09
1560.93
1425.98
17535.21
1485.11
1399.99
17627.95
1433.85
1384.97
17611.98
1433.13
17561.91
1503.94
1428.13
17627.95
1436.95
1399.04
17619.85
1440.05
17560.96
1497.98
1405.00
21634.10
1459.84
17467.98
1549.96
1413.82
17536.88
1488.92
1415.01
17622.95
1456.02
17412.90
1586.91
1416.92
17563.10
1569.99
1653.19
17632.01
1429.80
18399.95
1449.11
17511.13
1499.18
1400.95
21533.97
1482.96
1400.23
17646.07
1464.13
17504.22
1510.14
1435.04
17532.83
1516.10
1451.97
17664.91
1436.00
17509.94
1509.90
1408.82
17530.92
1472.95
1421.93
17630.10
1441.96
17506.12
1499.89
1410.96
17531.16
1498.22
1420.02
21631.96
1448.15
17510.18
1513.00
1430.99
17555.95
1508.00
1419.07
17637.01
1436.95
17522.10
1497.03
11307.00
1430.99
1405.95
17621.99
1420.02
17522.81
1484.16
1410.01
17643.93
1452.92
1415.01
17598.15
1469.14
21545.17
1505.14
1409.05
17607.93
1459.84
1406.91
17600.77
1441.00
17539.02
1488.92
1408.10
17618.89
1453.88
1419.78
17592.91
1456.02
17551.18
1495.84
1399.99
17616.03
1448.87
1404.05
17656.09
1441.96
21579.98
1513.96
1405.00
17614.13
1420.97
17423.15
1578.09
1429.08
17549.04
1483.92
1412.87
17611.98
1476.05
17461.06
1574.99
1425.98
17540.93
1487.97
1433.85
17612.93
1437.90
17436.98
1564.98
1423.84
21543.98
1522.06
1423.12
17649.17
1443.15
17469.17
1555.20
1405.95
17528.06
1495.12
1413.11
17615.08
1485.11
17467.02
1610.04
1430.99
17553.09
1486.06
1402.85
17621.99
1439.09
17460.11
1557.11
1416.92
21553.04
1496.08
1413.11
21639.11
1446.96
17506.12
1559.02
1439.09
17543.08
1492.02
1420.02
17623.90
1443.86
17500.88
1503.94
1407.86
17538.07
1515.15
1415.97
17607.93
1432.90
17462.02
1544.00
1425.98
17541.89
1483.92
1415.01
21636.01
1441.00
17451.05
1559.02
1416.92
17526.15
1485.82
1400.95
17621.99
1435.04
1399.99
17632.96
1436.95
17544.03
1497.98
1411.91
17645.84
1462.94
17457.01
1568.79
1425.98
17530.92
1528.02
1502.04
21645.78
1451.97
17540.93
1512.05
1408.10
17534.97
1514.91
1405.00
17611.03
1430.03
17503.98
1518.01
1404.05
17524.96
1476.05
1406.91
17619.85
1437.90
17485.86
1569.99
1406.91
17520.90
1482.96
1405.00
17602.92
1439.09
1410.01
21627.90
1434.09
17550.95
1494.17
1410.96
17674.92
1456.02
17507.79
1531.12
1415.01
17531.16
1484.87
1407.15
17608.17
1454.11
17478.94
1548.05
1415.97
17539.02
1485.82
1399.04
17594.10
1445.77
1414.06
21646.02
1435.04
17533.06
1501.08
1399.04
17603.16
1447.20
1424.07
17649.17
1511.10
17528.06
1489.88
1415.01
17673.02
1451.02
17507.08
1515.15
1407.15
17521.14
1480.82
1407.86
17620.09
1423.12
21489.86
1554.97
1410.01
21550.89
1492.98
1411.91
21633.86
1454.11
21497.96
1541.14
1412.15
21564.01
1489.88
1419.07
21621.94
1443.86
21524.91
1526.12
1415.97
21552.09
1500.13
1409.05
17642.02
1456.02
17550.95
1554.01
1421.93
21546.84
1489.16
1415.01
21686.79
1462.94
21553.99
1504.90
1411.91
21551.85
1467.94
1404.05
21648.17
1434.80
21528.01
1513.96
1403.81
17548.08
1479.15
1446.96
1519.92
1393.08
25535.11
1532.08
1415.01
13551.95
1499.89
1403.09
17642.97
1445.06
17549.99
1503.94
1410.96
17544.03
1487.02
1404.05
17628.19
1436.00
17508.98
1494.88
1412.87
17534.02
1485.82
1395.94
17603.87
1439.09
17498.02
1503.94
1405.95
21530.15
1505.85
1413.82
21679.88
1436.95
21498.92
1519.92
1426.94
21551.85
1502.04
1407.15
21655.08
1457.93
21540.88
1513.00
1420.97
21562.10
1494.88
18383.98
1493.93
1422.88
17661.81
1449.11
21510.12
1515.87
1426.94
21548.99
1507.04
1398.80
25643.11
1451.02
17585.99
1523.02
1438.14
25578.98
1482.01
1429.80
17660.86
1441.96
25570.87
1509.90
1411.91
1411.91
1380.92
1386.17
17617.94
1454.11
13463.97
1517.06
1410.01
17546.89
1487.02
1407.15
17625.09
1451.02
17443.90
1568.08
1429.08
17535.92
1486.06
1420.02
17617.94
1445.06
1408.10
17608.88
1425.98
17544.03
1485.82
1402.85
17611.03
1430.99
1389.98
21634.82
1436.95
21553.99
1502.04
1408.10
21635.06
1477.96
21430.97
1609.09
1437.19
21561.15
1461.03
1392.84
25645.97
1441.00
1390.93
17603.87
1415.01
17534.97
1486.06
1394.99
17606.97
1442.91
1390.93
21646.98
1427.17
21532.06
1503.94
1410.01
21626.00
1454.11
1402.14
21631.00
1425.98
21574.02
1511.10
1408.10
21653.89
1439.81
1394.99
17604.11
1429.80
17535.92
1492.02
1394.99
21626.95
1454.83
1398.09
21620.99
1416.92
21555.90
1492.98
1405.95
21636.01
1447.92
1394.03
21626.00
1431.94
21544.93
1494.88
1395.94
17607.93
1492.02
1436.95
1451.02
1428.13
33589.12
1546.14
1444.10
9615.90
1464.84
1420.02
17609.12
1451.97
17566.92
1517.06
1436.00
17660.86
1472.95
17563.82
1533.03
1466.04
17565.97
1767.87
17483.00
1554.01
1400.95
17537.12
1472.00
1399.99
17588.14
1430.03
1395.94
21615.03
1423.84
21528.96
1497.98
1404.05
21586.89
1455.07
1398.09
21634.82
1431.94
21550.89
1503.94
1412.87
21586.18
1444.82
1398.80
21639.11
1425.03
17523.05
1497.98
1404.05
21546.13
1482.96
1402.14
21634.10
1430.99
21528.96
1507.04
1399.04
21548.03
1490.12
1406.91
21633.86
1433.85
21533.97
1510.86
1415.97
21548.99
1477.00
1405.95
17637.97
1434.09
17529.01
1498.94
1421.93
21542.07
1486.06
1394.99
21625.04
1437.19
21530.15
1521.83
1408.10
21555.90
1486.06
1397.85
21631.96
1441.00
21517.04
1508.95
1410.96
21562.81
1492.02
1406.91
9601.83
1423.12
17497.06
1503.94
1420.02
13527.87
1478.91
1415.97
17621.99
1436.95
17466.07
1547.10
1412.87
17528.77
1490.12
1405.95
17630.10
1438.14
17419.10
1575.95
1437.19
17539.98
1485.11
1394.03
17612.93
1438.86
1399.99
17610.07
1430.03
21566.15
1490.12
1408.10
21636.01
1445.06
1398.80
21622.90
1430.99
21559.95
1496.79
1400.95
21648.88
1447.92
1392.84
21615.98
1428.13
17548.08
1493.93
1403.81
17610.07
1428.84
1389.98
21605.97
1431.94
21540.88
1490.12
1405.00
21609.07
1446.96
1396.18
21620.99
1419.07
21543.03
1508.00
1413.82
21606.92
1452.92
1404.05
21631.96
1423.12
1404.05
1391.89
1385.93
25535.11
1512.05
1404.05
1405.00
1382.11
1372.10
33649.92
1428.84
17546.89
1503.94
1399.04
17547.13
1487.02
1399.04
17630.10
1436.00
17531.87
1487.97
1411.91
17541.89
1485.11
1406.91
17632.96
1429.80
17518.04
1497.98
1402.14
17542.12
1488.92
1397.13
21631.00
1438.86
21502.02
1507.04
1401.19
21548.03
1482.01
1393.08
21638.15
1438.14
21475.08
1559.97
1417.16
21543.98
1509.90
1423.12
17615.08
1440.05
17488.96
1552.82
1414.06
21553.99
1497.03
1405.95
21639.11
1439.81
21501.06
1540.90
1420.97
21551.13
1486.78
1403.09
21626.95
1449.11
21506.07
1545.91
1418.83
21555.90
1502.04
1410.96
17628.91
1445.06
17534.02
1519.92
1419.07
17543.08
1490.83
1406.91
17612.93
1446.01
17519.95
1513.96
1414.06
17539.02
1490.83
1399.99
17615.08
1443.86
17506.84
1513.96
1420.97
17528.06
1481.06
1405.95
17627.00
1430.03
17451.05
1567.84
1431.94
17532.83
1485.11
1411.20
17627.95
1451.02
17419.10
1583.10
1421.93
17541.17
1491.07
1410.01
17621.99
1436.95
1393.80
17611.98
1432.18
17554.04
1484.87
1405.00
25617.12
1449.82
1396.89
21615.03
1430.99
17535.92
1477.00
1406.91
17591.00
1458.17
1397.13
17609.12
1429.08
17523.77
1500.13
1410.01
17530.20
1472.95
1414.78
17616.03
1430.99
17542.12
1499.18
1413.11
17536.16
1484.16
1405.00
21655.08
1435.04
17587.90
1496.08
1406.91
13528.11
1464.13
1399.04
17618.89
1429.08
17524.96
1497.98
1406.91
17544.03
1495.12
1399.99
17617.94
1430.99
21509.17
1507.04
1422.88
17539.02
1475.10
1395.94
21639.11
1436.00
21507.98
1537.08
1430.99
21548.03
1492.02
1416.92
21649.84
1437.90
21523.95
1528.98
1422.88
21541.83
1498.94
1405.00
21636.96
1450.06
21533.97
1517.06
1419.07
17540.93
1488.92
1400.95
17624.86
1436.95
21523.00
1506.81
1416.92
21538.02
1499.18
1407.15
21635.06
1438.86
21528.01
1513.00
1416.92
21553.04
1488.21
1407.15
21635.06
1438.86
21525.86
1518.01
1407.86
21540.88
1501.08
1415.01
21622.90
1441.96
21521.81
1515.15
1411.91
21543.03
1483.92
1423.12
21644.83
1440.05
21512.99
1515.15
1405.00
21554.95
1495.84
1416.92
17645.84
1434.09
1419.07
1408.10
1389.03
25534.87
1519.92
1416.92
13614.89
1446.96
1398.80
1399.04
1390.93
25506.97
1532.08
1420.97
13536.93
1473.90
1401.90
1407.15
1387.12
1379.01
25634.05
1434.09
13535.02
1498.94
1414.06
1420.02
1393.08
1385.93
25635.96
1445.06
13468.98
1547.10
1414.78
1405.00
1384.97
1379.01
25549.17
1483.92
1416.92
13628.96
1443.15
17512.08
1502.99
1418.11
17527.10
1481.06
1410.01
17622.23
