1451.02
1370.91
17601.01
1425.98
21420.96
1543.05
1405.95
17522.10
1464.84
1399.04
17590.05
1425.98
1384.02
17574.79
1421.93
17508.03
1509.90
1393.80
17524.96
1450.06
1386.17
17611.03
1430.99
17500.16
1521.11
1403.09
17534.02
1469.14
1406.19
21603.11
1429.08
1405.95
17636.06
1398.09
17539.02
1472.95
1394.03
17594.10
1481.77
1384.97
17594.81
1408.10
17517.09
1477.00
1431.94
17514.94
1466.04
1406.91
17629.15
1451.02
17523.05
1485.82
1384.97
17527.10
1497.98
1380.92
21612.17
1454.11
13467.07
1488.92
1396.89
17533.06
1479.15
1399.99
17607.93
1433.85
1393.08
17601.01
1448.87
17517.09
1478.20
1380.92
17576.93
1446.01
1377.82
17590.05
1425.98
17511.84
1496.08
1396.18
17539.98
1503.94
1387.12
17601.97
1406.91
13488.05
1507.04
1400.95
1388.79
1363.99
1361.85
29521.94
1473.90
1393.08
1379.97
1370.91
1403.81
25655.03
1472.95
13630.15
1489.88
1410.01
1415.97
1384.02
1374.96
25619.98
1404.05
13436.08
1523.02
1374.01
1400.95
1383.78
1363.99
25503.16
1467.94
1396.18
13602.02
1410.96
1387.12
17596.01
1394.03
17499.92
1465.08
1384.02
17528.06
1458.88
1402.85
17660.86
1421.93
17504.93
1482.01
1412.15
17523.05
1487.97
1383.07
17611.98
1433.13
17446.04
1555.92
1395.94
17536.16
1457.93
1396.18
25617.12
1428.84
1366.85
21612.88
1408.10
21521.09
1483.92
1391.89
21504.88
1465.08
1374.01
21639.82
1405.95
21477.94
1509.90
1410.96
21566.87
1590.01
1383.78
17635.11
1450.06
17480.85
1457.93
1379.97
21510.84
1465.08
1375.91
21596.91
1508.00
1382.83
21579.98
1408.82
21493.91
1486.06
1372.10
21515.13
1454.83
1370.91
21612.88
1411.91
21474.84
1491.07
1414.78
21527.05
1483.92
1405.00
21622.90
1453.16
21466.97
1549.01
1392.84
21545.89
1514.91
1394.99
21608.83
1430.03
1372.81
21610.02
1413.82
21512.03
1477.00
1379.97
21513.94
1482.01
1377.11
17597.20
1429.08
17472.98
1478.20
1398.09
17529.01
1461.98
1371.86
17605.78
1439.09
1381.16
17627.00
1454.83
17552.85
1462.94
1434.09
17591.95
1414.06
1374.01
17581.94
1393.80
17493.96
1482.01
1405.95
17522.10
1460.08
1407.86
17591.00
1417.88
21425.96
1544.00
1415.01
21534.92
1472.95
1399.99
21611.93
1429.08
1383.07
21600.96
1427.89
21513.94
1477.00
1378.06
21509.89
1464.84
1385.93
17591.95
1408.82
17448.90
1513.96
1383.07
21527.05
1456.02
1369.95
21545.89
1446.01
1386.88
21635.06
1404.05
21517.99
1487.02
1395.94
21528.96
1487.02
1384.97
21605.97
1421.21
21450.04
1538.04
1393.08
21542.07
1466.99
1432.18
21730.18
1477.00
21500.83
1501.08
1411.20
21531.11
1482.96
1393.08
21638.15
1420.02
21420.96
1529.93
1394.03
21538.02
1476.05
1399.99
21580.93
1433.85
1386.88
25622.84
1394.03
21500.83
1495.12
1409.05
21560.91
1466.04
1389.03
21607.88
1419.07
21491.05
1537.08
1410.96
21524.91
1493.93
1392.13
21616.94
1415.97
17469.88
1555.92
1429.08
17545.94
1494.17
1397.13
21620.04
1420.02
1375.20
21626.00
1407.86
21545.89
1484.16
1382.11
21599.05
1424.79
1359.94
17597.91
1398.09
25527.00
1508.00
1407.86
17572.88
1555.92
1413.82
26389.12
1411.20
17615.08
1426.94
17479.90
1507.04
1407.15
17544.98
1487.02
1399.99
17613.89
1424.07
1403.09
17585.99
1400.95
17518.04
1488.92
1407.86
17570.97
1435.04
1384.97
17606.97
1402.14
17497.06
1478.91
1416.92
17512.08
1461.98
1390.93
17616.99
1426.94
17444.85
1563.07
1420.97
17517.81
1472.95
1406.91
17608.88
1421.93
1389.03
17604.11
1407.86
17513.99
1480.10
1392.84
17535.92
1452.92
1379.01
17611.03
1429.08
17498.02
1498.94
1388.07
21533.01
1468.18
1381.16
21608.11
1423.12
21457.20
1542.81
1389.03
21543.03
1479.15
1418.11
21579.98
1427.89
1359.94
21605.97
1448.87
21523.95
1500.84
1383.07
17508.98
1465.08
1388.79
17612.93
1420.97
21490.81
1523.02
1408.10
21557.09
1478.91
1411.91
17616.99
1425.98
25454.04
1551.87
1416.92
17529.96
1467.94
1384.02
25618.08
1422.88
1387.83
17625.81
1430.03
29529.81
1472.00
1389.03
21554.95
1437.90
1379.01
21631.96
1392.13
21478.18
1476.05
1380.92
21512.03
1472.95
1384.02
21624.09
1420.97
1380.92
21589.99
1401.90
21530.87
1490.12
1378.06
21519.90
1476.05
1474.86
21687.98
1421.93
21512.99
1476.05
1398.80
21523.95
1457.93
1371.86
21608.83
1405.00
21480.08
1478.91
1389.98
21520.14
1462.94
1379.01
21593.09
1408.10
1384.02
17605.07
1399.99
17506.84
1468.90
1379.97
17512.08
1472.00
1378.06
17593.15
1410.96
17405.03
1601.22
1430.99
17539.98
1452.21
1379.97
17592.91
1439.81
1374.01
17594.10
1411.91
17500.88
1452.92
1379.01
17491.10
1445.06
1374.96
21600.01
1417.16
1369.00
21577.84
1405.95
21505.12
1474.86
1391.89
21501.06
1469.14
1389.03
21601.92
1404.05
21512.03
1502.04
1382.11
25522.95
1491.07
1400.95
17607.93
1430.03
1389.03
17580.99
1410.96
17527.10
1482.96
1393.08
17539.02
1466.04
1387.83
17607.93
1425.98
17499.92
1478.91
1396.18
17539.02
1466.99
1389.98
17595.05
1395.94
1399.99
17579.08
1391.17
25521.04
1491.07
1391.17
13525.01
1439.81
1384.97
1374.96
1363.99
1365.90
29648.78
1417.16
1397.13
1372.10
1359.94
25517.94
1482.01
1380.92
13576.98
1430.03
1394.99
1391.89
1374.96
25411.84
1566.17
1403.09
13518.10
1476.05
1435.04
1384.97
1359.94
1358.99
25645.02
1422.88
13438.94
1526.12
1379.97
17507.08
1466.04
1387.83
17532.11
1430.03
1381.16
17610.07
1415.97
17502.07
1486.06
1379.97
17519.00
1496.79
1396.89
17612.93
1413.82
1385.93
17567.87
1395.94
17513.99
1473.19
1385.93
17524.00
1471.04
1402.14
17601.01
1404.05
21474.84
1477.96
1387.83
21540.88
1489.16
1400.95
21594.05
1415.97
1369.95
21588.80
1399.04
21529.20
1472.00
1374.01
21500.83
1454.11
1374.96
17596.96
1393.08
17429.11
1518.01
1389.03
21526.10
1470.80
1393.08
21527.05
1436.00
1369.00
21629.10
1466.04
21603.11
1494.88
1389.98
21510.12
1476.05
1374.96
21616.94
1413.82
21485.09
1499.18
1399.04
21514.89
1474.86
1379.97
21593.09
1405.00
1381.16
21589.04
1389.98
21506.07
1485.11
1386.88
21505.83
1483.92
1380.92
21607.88
1415.01
21435.98
1540.18
1404.05
21510.12
1451.02
1373.05
21554.23
1433.85
1389.98
17582.89
1389.98
17503.02
1467.94
1381.87
17488.00
1462.94
1375.20
18331.05
1384.97
17520.19
1459.12
1403.81
17616.99
1438.86
17457.01
1531.84
1396.89
17508.03
1487.02
1389.98
17596.96
1438.86
1379.97
17605.07
1466.04
21506.07
1468.90
1407.86
21492.00
1457.93
1389.98
21592.14
1405.95
21466.97
1492.02
1384.02
21512.99
1454.11
1373.05
21546.13
1429.80
1363.04
17596.96
1403.09
17467.02
1475.81
1400.95
21524.19
1468.90
1401.90
21618.13
1425.03
1375.91
21612.88
1409.05
21528.96
1492.98
1405.00
21571.16
1424.07
1379.97
21626.95
1430.03
21504.16
1489.88
1391.89
21531.82
1467.94
1363.99
21602.15
1411.91
21454.81
1482.96
1375.91
21466.97
1455.07
1378.06
21487.95
1457.93
1395.94
21583.08
1412.87
21399.02
1554.01
1403.81
21518.95
1452.92
1380.92
21492.96
1443.86
1371.86
17602.92
1399.04
17482.04
1493.93
1391.89
17510.89
1465.08
1378.06
17580.99
1422.88
1371.86
17612.93
1399.99
17509.94
1472.00
1379.97
17498.02
1458.88
1389.03
17606.97
1417.16
1379.01
17560.01
1393.08
21511.08
1475.81
1380.92
21507.98
1456.98
1381.87
21597.15
1406.19
21445.99
1542.09
1389.98
21519.90
1492.02
1381.87
21590.95
1417.16
1367.09
21635.06
1406.91
17505.88
1483.92
1390.93
17519.95
1446.96
1379.01
21596.91
1414.06
21438.12
1529.93
1405.95
21517.04
1467.94
1378.06
21582.13
1425.03
1379.97
21626.95
1409.05
21515.85
1482.96
1380.92
21523.00
1466.04
1381.87
21620.99
1425.98
17435.07
1518.01
1389.98
21507.98
1472.95
1376.87
25568.01
1437.19
1369.00
17595.05
1410.01
25506.02
1483.92
1385.93
17518.04
1458.17
1367.09
25619.03
1432.90
1379.01
25615.93
1419.07
21538.02
1472.95
1398.09
21600.96
1420.02
1379.01
21628.14
1420.97
21526.10
1489.88
1391.89
21520.85
1486.06
1383.78
21624.09
1420.97
17483.00
1609.80
1394.03
17519.95
1454.11
1379.01
21614.07
1415.01
21435.98
1559.97
1400.95
21536.11
1477.00
1387.12
17594.10
1427.89
1392.84
25616.88
1400.95
21528.96
1474.86
1389.03
21523.95
1466.99
1390.93
21636.01
1413.11
17518.04
1467.23
1399.04
17516.14
1474.14
1377.11
17650.13
1410.96
1363.99
13551.00
1399.04
17514.94
1478.91
1393.08
17547.13
1459.84
1369.95
17606.02
1402.14
17497.06
1496.08
1411.91
17580.99
1516.10
1438.86
17645.84
1454.11
17555.00
1513.96
1432.90
17583.85
1496.08
1436.00
17630.82
1451.97
17565.97
1508.00
1430.99
17634.15
1466.04
1425.98
21621.94
1446.96
13556.00
1489.16
1411.91
17656.09
1447.20
17478.94
1569.99
1443.86
21622.90
1509.90
1430.03
21664.14
1454.11
21563.05
1537.08
1434.09
21574.97
1503.94
1437.90
21657.94
1456.98
21581.89
1510.86
1437.90
21668.91
1456.98
17549.99
1541.14
1445.06
17565.01
1505.14
1430.99
21672.01
1466.04
21570.92
1527.07
1430.99
21621.94
1470.80
1419.07
21620.04
1444.10
21579.98
1518.01
1432.90
21682.02
1458.17
21541.12
1533.03
1428.13
33596.04
1521.83
1434.09
21672.96
1451.97
21556.85
1518.96
1427.89
21631.96
1461.98
1412.15
21626.00
1450.06
21566.15
1519.92
1443.86
21667.00
1452.92
21522.05
1544.00
1457.93
21571.16
1499.18
1433.13
21651.98
1450.06
21564.01
1538.04
1430.99
21583.08
1480.10
1433.85
21638.87
1447.92
21581.89
1502.99
1440.05
21641.97
1464.13
21486.04
1570.94
1446.01
17566.92
1503.94
1428.13
17643.93
1441.96
17534.97
1521.11
1429.80
17565.01
1490.83
1427.89
17652.03
1444.10
17558.10
1507.04
1436.95
17560.01
1492.98
1431.94
17663.00
1456.98
17560.01
1492.98
1439.09
18008.95
1525.16
21687.03
1556.87
1493.93
21716.83
1523.02
21626.95
1564.03
1486.06
21711.83
1515.15
21536.11
1482.01
1374.96
21507.02
1448.15
1383.07
17611.03
1410.01
17449.14
1506.09
1394.03
21505.83
1471.04
1370.91
21558.05
1435.04
1372.10
21584.99
1405.00
21488.90
1486.06
1375.91
21492.00
1463.89
1391.89
21585.94
1411.91
1362.09
21596.91
1395.94
21492.96
1482.01
1384.97
21525.86
1452.92
1382.11
21589.04
1423.84
21420.96
1543.05
1382.11
21500.11
1461.98
1373.05
21507.98
1490.12
1372.10
21592.14
1397.13
21431.92
1512.05
1390.93
21512.99
1473.19
1377.11
17555.00
1421.93
1388.79
17587.90
1425.03
17481.09
1465.08
1383.07
17495.16
1454.83
1363.99
17577.17
1414.06
1367.09
17582.18
1403.09
17490.15
1454.83
1374.96
17510.18
1457.93
1377.11
17578.12
1424.07
1368.05
17591.95
1391.89
21502.97
1468.90
1384.02
21505.12
1465.08
1363.99
21595.95
1415.01
1361.13
21571.16
1402.14
21512.03
1473.90
1376.87
21509.89
1458.88
1384.02
17593.15
1399.04
17431.02
1527.79
1390.93
21504.88
1460.08
1390.93
21553.99
1413.11
1371.15
21600.96
1415.01
21497.01
1477.96
1389.98
21511.79
1461.98
1385.93
21590.95
1410.01
1375.91
21589.04
1395.94
21507.02
1465.80
1379.01
21516.08
1453.88
1373.05
21599.05
1401.19
21400.93
1559.97
1400.95
21501.06
1467.94
1389.03
21506.07
1451.02
1382.83
21590.95
1414.06
21484.14
