1374.01
1385.21
1369.00
1369.00
13534.07
1396.18
1391.89
1375.91
1364.95
1383.07
1372.81
1355.89
13464.93
1472.00
1386.88
8190.87
1430.03
1378.77
1371.86
1369.95
1359.94
1356.12
17561.91
1399.04
1381.16
1379.01
1379.97
1384.02
1374.01
1365.18
9460.93
1434.09
1380.21
1407.15
1379.01
1365.90
1379.01
1361.13
1369.00
1370.19
1368.05
1369.00
13541.94
1411.91
1386.17
1364.95
1368.05
1374.96
1358.03
1362.09
13451.10
1431.94
1393.08
1397.85
1386.88
1381.87
1384.02
1377.11
1413.11
13659.00
1399.99
1386.88
1389.03
1374.01
1372.10
1368.05
1400.95
13473.03
1441.00
1367.09
1379.01
1348.02
1346.11
1374.01
1353.03
1361.13
13522.15
1404.05
1363.99
1386.17
1365.90
1397.85
1406.91
1370.91
13414.86
1486.06
1386.17
1391.17
1368.05
1360.89
1394.03
1369.95
1356.84
13465.88
1429.08
1374.96
1380.92
1371.15
1361.13
1379.97
1381.87
1355.17
13559.10
1394.03
1395.94
1369.00
1394.03
17500.88
1450.06
1388.07
1387.12
1361.13
1355.17
1394.99
1381.16
1361.13
13540.98
1420.02
1409.05
1431.94
1494.17
1384.97
1367.09
1364.95
13449.91
1441.96
1385.93
1394.03
1380.92
1376.87
1374.96
1366.85
1350.88
13522.86
1405.95
1363.99
1374.01
1359.94
1343.97
1366.85
1363.99
1368.05
13509.99
1388.07
1383.07
1369.95
1364.95
1369.00
1367.09
1391.89
13468.98
1436.00
1379.97
1385.93
1389.03
1389.03
1378.06
1362.09
1369.95
13541.94
1395.94
1376.15
1365.18
1357.08
1369.00
1356.12
1352.07
13416.05
1436.00
1370.19
1379.01
1358.99
1361.85
1366.85
1353.98
1348.97
9439.23
1425.03
1371.86
1424.79
1377.11
1364.95
1366.85
1345.87
1348.97
1364.95
1351.12
1346.11
13540.98
1392.13
1384.97
1369.00
1377.11
1383.07
1371.86
1362.80
13456.11
1472.00
1386.88
1385.93
1378.77
1393.08
1382.11
1367.09
1355.17
13533.12
1399.04
1384.97
1384.97
1362.09
1382.11
1388.07
1362.09
13463.97
1457.93
1385.21
1376.87
1363.99
1358.03
1374.96
1364.95
1352.07
13450.15
1427.17
1379.01
1381.16
2111.91
1384.97
1374.01
1353.98
13454.20
1429.08
1367.09
1372.81
1374.96
1371.86
1394.03
1370.91
1362.09
13561.01
1426.94
1447.92
1480.82
1379.97
1383.07
1369.95
1363.99
13461.11
1444.10
1382.11
1383.07
1394.03
1374.96
17546.18
1407.15
1379.97
1370.91
1355.89
1364.95
1366.14
1356.12
13440.13
1456.02
1392.84
1400.95
1375.91
1369.00
1369.95
1367.81
1355.89
13458.97
1413.11
1381.87
1382.11
1362.09
1352.07
1362.09
1349.93
1355.89
13543.84
1402.85
1393.08
1369.95
1373.05
1387.12
1384.97
1368.05
13456.11
1440.05
1386.88
1387.83
1351.83
1364.95
1376.15
1365.18
1359.94
13530.97
1394.99
1371.15
1379.01
1363.99
1362.09
1370.19
1362.09
13425.11
1452.92
1372.81
1378.06
1363.99
1358.03
1554.01
1384.02
1363.04
13481.86
1417.88
1375.91
1394.99
1363.99
1353.03
1390.93
1359.94
1365.90
9516.00
1393.08
1393.08
1378.06
1363.99
1374.01
1376.15
1358.03
1374.96
1364.95
1361.13
13462.07
1431.94
1374.96
1380.92
1371.86
1363.99
1371.86
1366.85
1361.85
13540.98
1396.18
1389.98
1377.11
1359.94
1389.98
1379.01
1363.04
13453.96
1456.02
1389.03
1384.97
1377.11
1378.06
1379.01
1368.05
1364.95
13541.94
1403.81
1372.10
1384.97
1367.81
1362.09
1373.05
1358.99
13412.95
1466.04
1395.94
1374.01
1363.99
1363.99
1382.83
1374.01
1358.03
13458.97
1442.19
1377.11
1394.03
1371.15
1368.05
1387.12
1366.14
1365.90
13559.10
1397.13
1389.03
1376.87
1366.85
1369.00
1369.00
1369.95
13446.81
1444.10
1374.01
1377.82
1373.05
1368.05
17488.00
1420.97
1380.92
1389.98
1379.97
1379.01
1381.16
1374.01
1359.94
13524.06
1390.93
1379.97
1366.14
1377.11
1379.01
1365.90
1366.14
13464.21
1440.05
1374.96
1386.88
1368.05
1363.99
1374.01
1370.19
1365.90
13586.04
1444.10
1506.81
1496.08
1485.11
1500.13
1481.06
1478.20
13668.06
1516.82
1503.94
1492.02
1483.92
1503.94
1485.82
1480.10
13672.11
1507.04
1505.14
1484.16
1492.98
1509.90
1484.87
1479.86
13639.93
1510.86
1502.04
1482.96
1485.11
1496.08
1482.01
13530.02
1572.85
1507.04
1501.08
1480.82
1486.06
1502.04
1486.06
9580.14
1557.11
1494.17
1513.00
1486.06
1492.98
1497.98
1480.82
1501.08
1485.11
1483.92
13586.04
1540.18
1493.93
1508.00
1492.98
1497.98
1494.88
1491.07
13659.00
1524.93
1504.18
1496.08
1489.16
1505.14
1484.16
1477.00
13659.00
1515.15
1501.08
1501.08
1491.07
1504.90
1487.97
1485.11
13602.02
1519.92
1504.90
1487.97
1489.16
1496.08
1482.01
1478.91
13665.91
1504.90
1505.85
1482.01
1468.18
1385.93
1365.90
1365.90
13535.02
1397.13
1379.01
1391.89
1369.00
1381.16
1378.06
1374.01
13459.92
1441.96
1384.02
1389.03
1388.07
1370.19
1381.87
1369.95
1376.15
13510.94
1427.89
1389.03
1387.12
1370.19
1370.91
17555.00
1397.85
1389.03
1371.15
1376.15
1374.01
1366.85
1364.95
9463.07
1438.86
1378.06
1405.00
1376.87
1375.91
9524.82
1399.99
1378.06
1403.09
1366.14
1368.05
1375.91
1368.05
9435.89
1439.81
1381.87
5448.10
1421.93
1380.92
1386.88
1364.95
1369.00
9485.96
1419.07
1385.93
13547.90
1390.93
1384.97
1390.93
1367.09
1386.88
1380.92
1358.99
13456.11
1444.10
1387.12
1386.17
1379.97
1365.90
1391.89
1384.97
1369.95
13526.92
1407.86
1384.97
1387.12
1371.15
1390.93
1364.95
1377.82
13448.95
1452.21
1397.85
1394.99
1382.11
1369.95
1381.87
1375.91
1370.91
9474.04
1425.03
1384.97
1409.77
1373.05
1378.06
1392.84
1379.01
1368.05
1385.93
1379.01
13438.94
1458.88
1393.08
1390.93
1374.01
1375.20
1384.97
1374.01
1376.87
13467.07
1436.95
1381.87
1389.03
1369.95
1368.05
1384.02
1365.90
1370.19
13549.09
1394.03
1399.99
1384.02
1366.14
1388.07
1377.11
1367.09
13473.99
1441.00
1376.15
1387.12
1370.91
1361.13
1389.03
1374.01
1365.90
13554.81
1403.09
1388.07
1382.11
1371.15
1385.21
1373.05
1367.09
13458.97
1453.16
1399.04
1397.85
1371.86
1371.86
1395.94
1373.05
1364.95
13556.96
1406.19
1387.12
1388.07
1379.97
1379.97
1375.91
1353.98
13441.09
1451.97
1389.98
1390.93
1381.87
1376.15
17486.10
1445.06
1389.03
1401.19
1385.93
1386.88
1388.07
1374.01
1370.91
9541.03
1403.09
1404.05
1383.07
1384.97
9466.17
1430.99
1384.02
1387.12
1379.01
1374.01
5502.94
1406.91
1376.87
9536.03
1409.05
1386.88
1382.11
1370.19
1385.93
1381.87
1369.00
9441.14
1450.06
1387.83
13460.87
1441.00
1387.12
1384.97
1371.15
1369.95
1392.84
1369.00
1364.95
13539.08
1400.95
1397.85
1379.97
1382.11
1386.17
1374.96
1374.01
9451.15
1429.08
1391.89
1408.82
1377.11
1364.95
1379.01
1363.99
1370.91
1376.87
1365.90
1369.00
13534.07
1397.85
1383.07
1379.01
1366.85
1374.96
1368.05
1369.00
13450.86
1441.96
1386.88
1391.89
1379.97
1373.77
1380.92
1363.99
1374.01
13549.80
1414.06
1382.11
9128.09
1406.19
1384.97
1389.98
1365.90
1365.18
1386.88
1369.00
13446.81
1451.97
1384.02
1388.07
1387.12
1377.11
1385.93
1374.96
1371.86
13469.93
1436.00
1383.07
1385.21
1372.10
1371.15
1383.07
1372.10
1369.00
13534.78
1406.91
1399.04
1382.11
1374.01
1386.88
1375.91
1369.00
13467.07
1431.94
1384.97
1398.09
1373.05
1371.86
1383.07
1367.09
1362.09
13550.04
1399.04
1389.03
1382.11
1368.05
1383.07
1369.95
1377.11
13455.87
1461.03
1388.07
1394.03
1374.96
1371.15
1388.07
1362.09
1367.09
13541.22
1399.99
1380.92
9547.95
1404.05
1382.83
1374.01
1377.11
1382.11
1369.00
1364.95
13457.06
1431.94
1383.07
1389.03
1372.10
1373.05
1387.12
1369.00
1369.95
13548.14
1405.95
1377.82
1383.07
1376.15
1375.91
1382.11
1370.91
13449.91
1453.88
1389.98
1387.12
1377.11
1368.05
1379.97
1374.01
1366.14
13519.05
1411.20
1379.97
1389.03
1378.06
1374.01
1379.01
1368.05
13413.19
1482.01
1387.83
1391.89
1379.01
1371.15
1383.07
1369.95
1359.94
13455.15
1451.02
1380.92
1393.08
1369.95
1371.15
1386.17
1373.05
1370.19
13552.90
1392.13
1390.93
1380.92
1377.11
1376.15
1374.01
1370.91
9460.93
1424.79
1375.91
13457.06
1441.96
1381.16
1388.07
1371.15
1369.00
1384.97
1369.00
1366.85
13557.91
1394.03
1395.94
1374.96
1369.95
1379.97
1378.06
1366.14
13463.97
1441.00
1388.07
1401.90
1378.77
1362.09
1386.88
1369.00
1373.05
13530.02
1405.95
1384.02
1379.01
1370.19
1378.06
1369.00
1360.89
13444.19
1443.15
1382.11
1389.98
1369.95
1369.95
1383.78
1373.05
1367.09
13509.99
1404.05
1385.93
1389.03
1367.09
1363.99
1389.03
1373.05
1365.18
1490.83
1388.07
1388.07
1373.05
1374.01
1382.11
1369.95
1365.90
13461.83
1444.10
1379.97
1384.97
1374.01
1381.87
1384.97
1368.05
1363.04
9528.88
1394.03
1387.12
1383.07
1370.91
1379.01
1368.05
1361.13
1369.00
1369.95
1362.80
13460.87
1439.09
1381.16
1387.12
1384.02
1369.95
1377.11
1363.04
1353.03
13535.02
1410.01
1375.20
1384.02
1364.23
1378.06
1384.97
1365.90
13444.90
1453.88
1386.88
1382.83
1380.92
1375.91
1385.93
1369.00
1369.95
13469.93
1433.13
1386.17
1385.93
1371.86
1369.95
1384.97
1372.81
1364.95
13516.90
1396.89
1389.03
1379.97
1367.09
1374.96
1368.05
1377.11
13453.01
1438.86
1387.83
1389.98
1382.11
1376.87
1384.97
1371.15
1377.11
13551.00
1400.95
1381.16
1374.96
1363.04
1373.05
1374.01
1360.89
13452.05
1440.05
1392.84
1394.99
1379.01
1378.77
17477.04
1441.00
1394.99
1390.93
1374.96
1364.95
1389.98
1378.06
1375.91
13520.96
1465.08
1401.19
1384.97
1378.06
1382.83
1374.96
1369.00
13474.94
1435.04
1392.13
1384.97
1369.95
1368.05
1377.82
1363.99
1358.03
13549.80
1401.90
1385.93
1374.01
1365.90
1376.87
1369.00
1375.20
13463.02
1448.15
1394.99
1391.89
1379.01
1364.95
1380.92
1365.90
1365.90
13542.89
1406.91
1378.06
1384.97
1365.90
1372.10
1376.15
1370.91
13453.01
1441.96
1391.89
1396.89
1374.01
1369.00
1381.87
1361.85
1368.05
13494.97
1433.85
1389.98
1389.98
1370.91
1374.01
1381.16
1367.09
1373.05
9522.20
1392.13
1402.14
1379.97
1367.81
1380.92
1367.81
1363.99
1379.01
16684.06
1414.06
1397.85
1385.93
1377.11
1384.97
1369.95
1369.95
13459.92
1449.82
1400.95
1387.12
1377.82
1370.91
1378.06
1378.06
1364.95
13561.01
1409.05
1384.97
1382.11
1373.05
1386.88
1384.02
1368.05
13460.16
1444.10
1383.07
1389.98
1369.95
1371.86
1379.97
1367.81
1369.95
13495.21
1415.01
1391.89
1398.80
1384.97
1370.91
1386.88
1369.95
13406.99
1476.05
1383.07
1384.02
1374.96
1361.85
1386.88
1377.82
1368.05
13462.07
1443.15
1388.07
1389.98
1372.10
1372.10
1384.97
1372.81
1363.99
13551.95
1393.08
1392.13
1383.07
1371.15
1402.14
1389.98
1372.10
13466.12
1433.13
1381.16
1384.97
1371.86
1376.87
1386.88
1374.01
1367.09
13540.98
1401.90
1380.92
1389.03
1379.97
1385.93
1381.87
1379.97
13456.11
1450.78
1400.95
1389.03
1380.92
1376.87
1384.02
1368.05
1370.91
13517.14
1409.05
1394.03
1388.07
1369.95
1364.95
1380.92
1370.91
13405.80
1485.11
1383.07
1384.97
1374.01
1371.86
1379.01
1367.09
1373.05
13466.12
1441.00
1383.07
1387.12
1369.00
1371.86
1379.01
1380.92
1372.10
13536.93
1402.85
1400.95
1381.87
1380.92
1382.11
1363.99
1367.81
13467.07
1439.09
1385.93
1388.07
1384.02
1367.09
1387.12
1372.10
1381.16
9534.12
1405.00
1385.93
1418.83
1382.11
1379.97
1374.01
1372.10
1382.11
1373.05
1366.14
13463.97
1436.00
1379.97
1389.03
1375.91
1370.19
1384.97
1376.87
1369.00
13540.98
1401.90
1391.89
1384.02
1380.92
1380.92
1368.05
1368.05
13451.10
1437.90
1354.93
1370.19
1359.94
1362.09
1372.10
1359.94
1359.94
13448.95
1425.03
1368.05
1375.91
1367.09
1363.04
1364.95
1360.18
1359.94
13540.98
1394.99
1389.98
1384.97
1372.10
1381.16
1367.09
1369.00
13437.99
1436.95
1385.93
1380.92
1374.96
1372.10
1381.16
1373.05
1366.85
13535.02
1408.10
1381.16
1389.03
1371.86
1370.91
1374.01
1362.09
13409.14
1470.09
1384.02
1384.02
1374.01
1374.96
17463.92
1437.90
1384.02
1386.17
1373.05
1362.80
1384.97
1364.95
1365.18
13540.98
1395.94
1374.01
1375.91
1373.05
1372.10
1372.10
1358.03
13434.89
1450.06
1389.03
1387.83
1374.96
1371.86
1376.15
1363.04
1368.05
9509.09
1421.21
1374.96
1405.00
1365.18
1359.94
1379.97
1355.17
1353.03
1374.01
1365.90
13396.98
1485.11
1391.89
1388.07
1379.97
1361.13
1379.97
1366.85
1374.01
13455.15
1427.17
1387.12
1390.93
1367.09
1369.95
1379.97
1370.19
1363.99
13550.04
1402.85
1391.89
1376.87
1379.01
1384.02
1366.85
1358.99
13443.23
1434.09
1387.12
1399.04
1369.00
1374.96
1383.07
1364.95
1357.08
13530.97
1393.08
1382.11
1389.98
1370.91
1366.85
1370.91
1363.04
13432.03
1453.88
1378.06
1382.11
1367.09
1368.05
1380.21
1368.05
1362.80
13458.01
1440.05
1377.11
1388.07
1373.77
1363.04
1393.08
1367.09
1367.09
13557.20
1399.99
1394.99
1379.97
1368.05
1378.06
1363.99
1364.95
13448.95
1439.81
1385.93
1385.21
1378.06
1374.01
1380.92
1370.91
1374.96
13535.02
1408.82
1384.97
1384.02
1363.04
1374.96
1374.01
1364.95
13442.04
1441.00
1390.93
1386.17
1374.01
1376.87
1379.97
1365.90
1369.95
13465.88
1433.85
1385.93
1389.03
1369.95
1369.00
1386.17
1373.05
1371.15
20528.08
1442.19
1390.93
1414.06
1384.97
1384.02
1379.97
1374.96
1366.85
1386.88
1363.04
1369.00
13538.12
1399.04
1395.94
1381.87
1366.85
1377.82
1372.10
1364.95
13452.05
1442.91
1383.78
1384.02
1375.91
1366.14
1382.11
1368.05
1369.00
13535.02
1400.95
1382.11
1391.17
1369.95
1370.91
1384.02
1377.82
13427.97
1447.92
1394.03
1384.97
1375.20
1378.06
1381.16
1373.05
1363.04
13462.07
1444.10
1384.97
1391.89
1369.00
1367.81
1387.12
1363.04
1378.06
13545.04
1394.03
1387.12
1383.07
1375.91
1387.83
1378.06
1369.00
13470.89
1434.09
1383.07
1387.12
1379.97
1377.11
1379.01
1374.96
1369.95
13550.04
1403.09
1389.03
1388.07
1374.01
17451.05
1446.96
1388.07
1389.03
1377.82
1373.05
1379.01
1367.09
1363.04
13468.03
1432.90
1379.97
1397.13
1367.09
1369.00
1391.89
1364.95
1363.04
13530.02
1409.05
1391.89
1375.91
1377.82
1379.97
1372.81
1368.05
13468.03
1436.00
1394.03
1388.07
1384.97
1376.87
1393.80
1374.96
1361.13
13539.08
1398.09
1392.84
1382.83
1369.00
1382.11
1375.20
1369.95
13459.92
1448.87
1392.13
1383.07
1379.97
1369.95
1379.01
1370.91
1371.86
13549.80
1404.05
1377.11
1394.99
1379.01
1374.01
1383.07
1362.80
13447.05
1450.06
1386.88
1391.89
1379.01
1374.01
1384.97
1371.86
1375.91
9483.81
1422.88
1389.98
1404.05
1374.96
1372.10
1379.97
1369.00
1370.91
1392.84
1374.96
13435.84
1453.88
1389.03
1384.02
1369.95
1371.15
1383.07
1377.82
1369.00
13468.03
1437.90
1378.06
1389.03
1373.77
1369.95
1384.02
1373.05
1366.14
13539.08
1410.01
1389.03
1379.01
1369.00
1378.06
1371.15
1374.96
13464.93
1447.92
1385.93
1388.07
1377.82
1369.95
1390.93
1372.10
1369.95
13556.96
1397.13
1394.03
1376.87
1365.90
1376.87
1368.05
1370.91
13459.92
1447.92
1394.03
1393.08
1379.01
1370.91
1384.02
1373.05
1370.19
13535.02
1411.20
1379.97
1392.84
1370.91
1379.97
1374.96
1371.15
13442.99
1460.08
1387.12
1389.98
1375.91
1369.00
17471.08
1451.02
1390.93
1389.98
1378.06
1373.05
1380.92
1369.00
1371.15
13537.88
1411.91
1390.93
1377.82
1375.91
1371.86
1367.09
1376.87
13478.04
1443.15
1392.13
1392.13
1376.15
1371.15
1380.92
1360.89
1362.09
13701.20
1408.10
1389.98
1374.01
1364.95
1389.03
1377.11
1371.15
13476.13
1450.06
1395.94
1393.80
1378.06
1371.15
1389.98
1367.81
1368.05
13544.08
1401.90
1381.87
1386.88
1376.87
1378.06
1370.91
1364.95
13449.19
1453.16
1390.93
1394.03
1379.01
1374.01
1394.03
1381.16
1374.96
13547.90
1427.89
1389.98
1389.98
1379.97
1371.86
1390.93
1376.15
9446.14
1445.06
1385.93
1410.01
1390.93
1375.91
1380.92
1372.10
1379.97
1384.02
1369.95
1378.06
13531.21
1416.92
1373.05
1380.21
1368.05
1371.15
1374.01
1367.81
13433.93
1466.04
1378.06
1393.08
1384.97
1377.11
1375.91
1372.10
1370.91
13468.03
1442.19
1386.88
1381.87
1371.86
1369.95
1379.97
1370.19
1369.95
13547.90
1399.99
1394.03
1375.91
1377.11
1379.97
1375.91
1370.91
13476.85
1445.06
1395.94
1389.03
1377.11
1377.11
1377.11
1360.89
1364.95
13525.96
1400.95
1387.83
1380.92
1366.85
1378.06
1374.01
1361.85
13459.92
1436.00
1382.11
8913.04
1482.01
1383.07
1394.03
1379.97
1365.18
1385.93
1370.91
1376.87
9464.03
1425.98
1384.02
13525.96
1401.90
1382.11
1389.03
1372.81
1374.96
1380.21
1379.97
13443.95
1450.06
1381.87
1389.03
1369.95
1374.96
1372.10
1377.11
1369.00
13460.87
1432.90
1384.97
1379.97
1372.10
1361.13
1382.11
1367.09
1367.09
13544.08
1407.86
1392.84
1375.91
1367.81
1379.97
1370.91
1365.90
13455.87
1442.91
1387.12
1383.07
1370.91
1369.95
1381.16
1362.09
1357.08
13537.88
1413.82
1384.02
1394.03
1373.05
1379.97
1371.86
1363.99
13451.10
1440.05
1391.89
1389.03
1385.93
1371.15
1376.15
1367.09
1369.00
13476.85
1428.84
1377.11
1398.09
1372.10
1381.16
1382.11
1368.05
1369.95
9506.94
1393.08
1406.91
1389.98
1369.95
1374.01
1374.01
1363.04
1377.11
1367.09
1355.89
13456.11
1420.02
1372.10
1387.12
1369.95
1368.05
1382.11
1368.05
1359.94
13539.08
1387.83
1384.02
1394.99
1376.87
1374.96
1373.05
1361.13
13477.09
1439.09
1375.91
1388.07
1382.83
1372.81
1383.07
1358.03
1359.94
13540.98
1405.00
1383.07
1386.88
1369.00
1374.96
1382.11
1370.91
13439.89
1442.91
1385.93
1388.79
1370.91
1378.06
1372.10
1374.01
1369.95
13461.11
1433.13
1373.05
1379.97
1368.05
1364.95
1372.10
1366.14
1369.95
13535.02
1399.99
1379.01
1368.05
1367.81
1374.01
1362.09
1361.85
13445.85
1440.05
1390.93
1390.93
1376.87
1363.99
17531.87
1432.90
1390.22
1394.99
1374.01
1373.05
1379.97
1372.81
13444.90
1457.93
1391.89
1385.93
1380.92
1375.20
1384.97
1371.86
1370.91
13464.93
1437.90
1395.94
1399.04
1364.95
1366.14
1387.12
1366.14
1370.91
13540.98
1402.85
1391.89
1369.00
1366.85
1388.07
1376.15
1378.06
13464.93
1450.06
1383.07
1399.99
1378.06
1372.81
1383.07
1369.00
1369.00
13547.90
1410.96
1387.83
1378.06
1377.11
1390.93
1384.02
1367.09
13460.16
1444.10
1393.08
1397.13
1379.01
1369.95
1377.82
1369.95
1376.15
13556.00
1411.91
1389.98
1399.04
1381.87
1388.07
1371.86
1369.95
9454.97
1448.87
1384.97
1415.97
1390.22
1374.01
1387.83
1369.95
1367.81
1379.97
1369.95
1376.15
13538.12
1405.95
1384.02
1388.07
1374.01
1383.07
1381.87
1372.81
13468.98
1436.00
1390.93
1385.93
1375.91
1371.15
17467.02
1441.00
1389.98
1393.08
1369.24
1375.91
1380.92
1375.91
1371.86
13546.94
1399.99
1396.18
1384.97
1380.21
1391.89
1383.07
1376.87
13463.97
1449.11
1394.99
1394.99
1374.01
1376.15
1385.93
1367.09
1374.96
13545.04
1400.95
1394.99
1389.03
1381.16
1391.17
1382.11
1373.05
13468.03
1441.00
1388.07
1394.03
1383.07
1380.92
1389.98
1377.11
1377.11
13535.02
1406.91
1395.94
1396.18
1367.09
1405.00
1383.07
1369.00
13470.17
1449.11
1391.17
1394.99
1389.98
1371.86
1386.88
1379.97
1381.16
5534.89
1404.05
1379.01
1389.03
1376.15
13421.06
1466.04
1396.89
1404.05
1396.89
1379.97
1384.02
1369.95
1371.15
13468.03
1433.13
1393.08
1388.79
1374.96
1363.99
1386.17
1373.05
1377.82
13536.93
1400.95
1394.03
1377.82
1378.06
1379.01
1376.87
1362.80
13455.87
1437.90
1393.08
1385.93
1373.05
1374.01
1383.07
1369.95
1363.99
13545.04
1399.04
1378.06
1371.86
1370.91
1384.97
16251.09
1455.07
1385.93
1391.17
1375.91
1370.91
1378.06
1374.01
1374.96
13542.18
1403.09
1384.97
1392.84
1375.91
1416.92
1399.99
1379.01
13460.87
1445.06
1389.03
1391.89
1381.87
1370.91
1380.92
1368.05
1371.15
13537.17
1415.97
1384.97
1391.89
1366.85
1380.92
1390.22
1378.06
13435.13
1463.17
1399.99
1390.93
1379.01
1370.91
1386.88
1388.07
1373.05
13466.84
1427.89
1386.88
1405.00
1387.12
1378.06
1393.08
1369.95
1365.18
13545.99
1401.90
1399.04
1372.10
1367.09
1389.98
1378.06
1379.97
13465.88
1445.06
1391.17
1384.97
1373.05
1374.01
1386.88
1377.11
1376.87
13556.96
1407.86
1399.04
1379.97
1377.82
1390.93
1374.01
1375.20
13467.07
1444.10
1387.12
1394.03
1374.01
1369.00
1380.92
1373.05
1368.05
9536.03
1406.91
1379.01
1419.07
1381.16
1382.11
1377.11
1371.15
1380.92
1374.96
1365.90
13433.22
1425.03
1379.01
1378.06
1371.15
1367.09
1378.06
1361.85
1370.91
13532.88
1400.95
1383.07
1385.93
1361.13
1360.18
1378.06
1361.13
13411.05
1472.23
1379.01
1396.89
1378.06
1371.86
1382.83
1371.86
1374.01
13471.13
1436.00
1380.92
1381.87
1372.81
1374.96
1385.93
1365.90
1365.18
13554.10
1396.89
1398.09
1379.01
1364.95
1374.01
1368.05
1361.85
13454.91
1433.85
1389.98
1394.03
1371.86
1369.95
1382.11
1370.19
1369.00
13545.99
1404.05
1379.97
1384.97
1370.91
1381.87
1374.01
1368.05
13451.81
1451.02
1383.07
1390.93
1374.96
1374.01
17477.99
1444.82
1385.93
1398.80
1374.01
1372.10
1382.11
1369.95
1363.99
13559.10
1397.85
1391.89
1380.92
1372.81
1381.87
1370.91
1382.83
13473.03
1440.05
1384.02
1392.13
1378.06
1374.01
1379.01
1368.05
1370.19
13561.01
1405.00
1388.07
1379.01
1365.90
1390.93
1373.05
1370.91
13450.86
1442.91
1384.02
1384.97
1379.01
1368.05
1395.94
1381.16
1374.01
13536.93
1402.14
1391.17
1396.89
1374.96
1380.21
1385.93
1366.85
13447.05
1446.01
1384.02
1392.13
1383.07
1384.02
1379.97
1369.00
1371.86
13503.07
1415.01
1379.01
1377.11
1371.15
1366.14
1385.93
1373.05
1369.95
9531.97
1395.94
1405.00
1383.07
1378.06
1384.02
1378.06
1366.14
1382.11
1375.20
1373.05
13463.02
1437.90
1389.03
9534.12
1405.95
1383.07
1386.17
1376.15
1386.88
1378.06
1369.00
13465.88
1455.07
1385.93
1394.03
1379.01
1373.05
1387.12
1373.05
1371.15
13522.15
1416.92
1384.02
1389.98
1379.97
1380.92
1381.16
1363.99
13437.03
1446.01
1386.88
1386.88
1386.88
1379.97
1384.97
1384.02
1369.00
13463.97
1436.95
1385.21
1384.97
1377.82
1379.97
1384.02
1374.01
1369.00
13544.08
1397.13
1388.07
1378.06
1375.91
1389.98
1379.01
1363.99
13468.03
1441.00
1384.97
1397.13
1383.07
1369.00
1391.89
1369.00
1369.95
9548.90
1400.95
13410.81
1487.97
1397.85
1388.07
1384.02
1375.91
1384.02
1379.01
1369.95
13459.92
1432.18
1374.96
1389.98
1374.01
1373.05
1381.16
1374.96
1367.09
13553.86
1408.10
1400.95
1386.88
1379.01
1388.07
1377.82
1371.86
13453.96
1433.85
1381.87
1393.08
1368.05
1380.21
1390.93
1364.95
1369.95
13555.05
1399.99
1391.17
1379.97
1371.86
1390.93
1379.01
1368.05
13450.15
1883.03
1412.87
1394.99
1388.07
1372.10
1385.93
1374.01
13401.03
1489.16
1396.18
1394.03
1371.15
1378.06
1379.01
1369.00
1368.05
13463.97
1434.80
1394.03
1390.93
1381.87
1374.96
1388.07
1366.14
1372.10
9550.09
1394.03
1406.91
1395.94
1389.03
1384.02
1375.91
1369.95
1377.11
1371.15
1371.15
13463.97
1438.86
1389.03
1383.07
1369.95
1384.97
1389.98
1370.91
1364.95
13552.90
1394.03
1383.07
1387.12
1374.96
1380.92
1376.87
1369.95
13466.12
1441.00
1389.03
1389.98
1373.05
1371.86
1384.02
1369.95
1360.89
13537.88
1402.85
1377.11
1394.03
1373.05
1376.87
1371.86
1363.99
13450.15
1451.02
1390.93
1392.13
1383.07
1373.05
1400.95
1376.15
1365.90
13504.98
1419.07
1384.02
1381.87
1364.95
1372.10
1379.97
1367.09
1364.95
13545.99
1404.05
1391.89
1385.93
1379.97
1380.92
1363.99
1380.92
13459.92
1446.96
1389.98
1397.85
1376.87
1368.05
17550.95
1413.11
1394.99
1387.83
1369.00
1383.07
1374.01
1380.92
13464.93
1453.88
1386.17
1398.09
1376.15
1388.07
1401.90
1376.15
1364.95
13532.88
1403.09
1372.10
1395.94
1377.11
1382.11
1376.87
1372.10
13447.05
1455.07
1386.88
1384.97
1374.01
1388.07
1396.89
1379.01
1382.11
13524.06
1419.78
1378.06
1398.09
1377.11
1379.01
1390.93
1369.00
13416.05
1487.97
1399.04
1394.99
1373.05
1374.96
1390.93
1379.01
1371.15
13473.03
1431.94
1383.07
1391.89
1367.81
1379.01
1381.16
1369.95
1364.95
13542.89
1401.90
1392.13
1379.97
1373.05
1377.11
1374.01
1371.86
9458.07
1434.09
1388.79
1408.10
1381.16
1370.91
1381.87
1369.95
1367.81
1383.07
1374.01
1365.18
13554.10
1403.09
1397.13
1381.16
1369.00
1379.01
1371.15
1362.09
13464.93
1451.02
1388.07
1389.98
1379.01
1374.01
1389.03
1374.01
1370.91
13545.04
1413.11
1388.07
1374.01
1379.97
1375.91
1372.10
1367.09
13460.87
1453.88
1378.06
1389.03
1372.10
1376.87
1388.79
1378.06
1370.19
13530.02
1421.21
1379.01
1389.03
1373.05
1369.00
1385.93
1370.91
13427.97
1463.17
1379.01
1392.84
1376.87
1372.10
1379.97
1374.96
1369.95
13474.94
1442.91
1389.03
1398.09
1377.11
1369.00
1380.92
1369.00
1364.95
13536.93
1397.85
1392.84
1386.88
1370.91
17462.02
1457.93
1397.13
1395.23
1379.01
1372.10
1381.87
1371.86
1373.05
13535.98
1410.01
1379.01
1400.95
1369.95
1380.21
1369.00
1366.85
13445.85
1442.91
1389.03
1387.12
1385.93
1374.96
1394.99
1376.87
1372.81
13504.03
1419.07
1388.07
1392.84
1370.91
1369.95
1379.01
1364.95
13391.02
1502.04
1391.89
1398.80
1374.01
1372.10
1384.97
1372.81
1363.99
13461.83
1442.91
1385.93
1394.03
1372.10
1368.05
1387.83
1374.01
1374.96
13548.85
1410.01
1401.19
1377.11
1372.10
1377.11
1372.10
1371.86
13461.83
1430.99
1391.89
1392.13
1372.10
1368.05
1381.87
1371.86
1376.87
9531.02
1413.11
1379.97
1410.01
1382.11
1389.03
1374.96
1369.00
1375.91
1370.91
1374.96
13463.97
1442.91
1393.08
1389.98
1379.97
1376.15
1384.97
1372.81
1375.91
13552.90
1411.91
1381.87
1384.02
1363.99
1381.16
1380.92
1360.89
13437.03
1454.11
1390.93
1389.03
1374.96
1373.05
1384.02
1376.87
1374.01
13508.08
1422.17
1387.12
1391.17
1376.87
1371.86
1384.97
1374.01
13401.99
1478.91
1395.94
1391.89
1392.13
1378.06
1384.97
1370.91
1369.95
13469.22
1439.09
1392.13
1384.02
1380.92
1379.01
1384.97
1374.01
1363.99
13545.99
1401.19
1395.94
1368.05
1370.19
1376.15
1372.10
1355.89
13467.07
1433.13
1384.02
1386.88
1380.92
1368.05
17551.90
1415.01
1389.03
1384.02
1373.05
1363.99
1387.83
1369.00
13437.99
1454.11
1400.95
1389.03
1374.01
1359.94
1386.88
1369.00
1360.89
13468.98
1433.85
1385.93
1394.99
1377.82
1371.86
1381.87
1366.85
1363.99
13536.93
1399.04
1388.07
1375.91
1370.91
1384.02
1369.00
1368.05
13459.92
1435.04
1384.97
1391.17
1370.91
1372.10
1389.03
1378.06
1374.01
13541.94
1410.01
1389.98
1385.93
1370.91
1383.07
1365.90
1371.86
13460.87
1451.97
1391.17
1393.08
1383.07
1385.93
1388.07
1370.91
1376.15
13549.09
1405.00
1376.87
1390.93
1380.92
1376.15
1376.15
1374.01
9467.12
1450.78
1393.08
1414.06
1394.03
1374.96
1398.80
1382.11
1373.05
1380.92
1369.00
1381.16
13530.97
1404.05
1391.17
1401.90
1372.10
1376.87
1382.11
1364.95
13458.01
1446.01
1395.94
1402.14
1387.12
1374.96
1385.93
1377.11
1370.91
13524.77
1404.05
1389.03
1389.98
1374.96
1369.95
1382.83
1374.96
13420.10
1482.01
1389.98
1394.99
1389.98
1378.06
1394.99
1374.01
1374.96
13473.99
1447.20
1393.08
1394.03
1378.06
1374.96
1386.88
1370.91
1371.86
13532.88
1411.91
1400.95
1385.21
1369.95
1375.91
1369.95
1372.10
13456.11
1441.00
1380.92
1393.80
1374.96
1374.01
1383.07
1371.15
1374.96
13555.05
1413.11
1402.14
1393.08
1377.82
17469.88
1449.11
1398.09
1392.13
1377.11
1367.09
1386.88
1378.06
1369.00
13540.98
1410.96
1384.02
1399.04
1374.96
1375.91
1374.01
1371.15
13453.01
1451.02
1389.03
1391.89
1376.87
1379.01
1392.13
1369.95
1373.05
13473.03
1426.94
1378.06
1385.93
1374.96
1373.05
1382.11
1371.15
1369.95
13523.10
1412.15
1391.89
1382.11
1375.91
1377.11
1376.15
1367.09
13465.88
1440.05
1394.99
1394.03
1376.15
1379.01
1386.17
1384.02
1373.05
13561.96
1399.99
1385.93
1384.97
1367.09
1381.16
1374.01
1370.91
13458.01
1436.00
1392.13
1391.17
1373.05
1373.05
1390.93
1361.13
1358.03
9528.88
1405.95
1379.97
1406.91
1374.96
9407.04
1474.14
1392.13
1391.17
1376.15
1374.01
1384.02
1375.91
1364.95
13451.10
1430.03
1390.93
1399.04
1374.96
1373.05
1389.98
1369.95
1368.05
13547.90
1403.09
1390.93
1389.98
1375.91
1388.07
1377.11
1372.10
13464.93
1439.09
1392.13
1389.98
1369.00
1367.09
1379.97
1372.10
1374.01
13535.02
1392.13
1378.06
1385.93
1369.95
1379.97
1378.06
1363.04
13458.97
1441.00
1390.93
1389.98
1374.01
1384.97
1386.88
1381.16
1366.14
13522.15
1414.06
1377.11
1385.93
1373.77
1370.91
1379.01
1364.95
13398.89
1496.08
1406.91
1389.03
1384.02
1371.86
1377.82
1384.97
1372.10
9476.90
1433.85
1380.92
13538.84
1404.05
1378.06
1386.88
1371.86
1381.87
1377.82
1364.95
13448.00
1451.02
1396.89
1396.89
1375.20
1371.15
1379.01
1365.90
1364.95
13461.11
1436.00
1384.02
1385.93
1374.96
1379.01
1388.07
1369.00
1364.95
13520.00
1393.08
1399.99
1379.97
1377.82
1386.88
1830.10
1402.14
13567.92
1410.01
1391.17
1381.16
1370.91
1385.93
1383.07
1371.86
13464.93
1454.83
1391.89
1384.97
1379.97
1374.01
1385.93
1367.81
1378.06
13534.07
1406.19
1393.08
1387.12
1372.10
1379.97
1373.05
1374.01
13448.00
1446.01
1357.79
1388.07
1369.00
1355.89
1379.97
1367.09
1366.14
9457.11
1425.98
1369.95
1401.90
1377.11
1371.15
1380.92
1369.95
1365.18
1374.96
1365.90
1358.99
13518.10
1402.14
1383.07
1375.91
1372.10
1374.96
1366.85
1365.90
13448.00
1436.95
1382.11
1390.93
1373.05
1373.05
1379.01
1368.05
1365.18
13532.16
1404.05
1376.15
1384.97
1368.05
1378.06
1374.96
1373.05
13448.95
1450.06
1392.13
1389.98
1378.06
1367.09
1389.03
1375.20
1367.09
13521.91
1407.86
1376.87
1394.03
1372.10
1367.81
1379.97
1373.05
13398.89
1482.01
1391.89
1389.98
1377.11
1367.09
1386.88
1369.00
1371.15
13452.05
1436.00
1386.17
1391.89
1374.01
1371.86
1376.87
1369.00
1369.95
13540.03
1397.13
1392.13
1379.97
1381.87
17458.92
1453.88
1392.84
1391.89
1389.98
1376.87
1389.03
1373.05
1368.05
13537.88
1397.85
1381.87
1384.02
1380.21
1369.00
1384.97
1363.99
13437.99
1466.04
1392.84
1391.89
1378.06
1387.12
1389.03
1372.81
1370.91
13463.02
1429.08
1394.03
1399.99
1376.15
1370.91
1379.97
1366.14
1367.09
13545.99
1399.04
1392.84
1384.02
1368.05
1380.92
1376.15
1367.09
13456.11
1433.13
1380.21
1388.07
1368.05
1375.20
1383.07
1372.10
1367.09
13540.98
1410.01
1387.83
1387.83
1379.01
1379.97
1374.96
1370.91
13454.91
1439.09
1390.22
1394.99
1372.81
1374.01
1383.78
1375.91
1370.91
9524.82
1410.01
1387.12
1403.09
1372.10
1373.05
1371.86
1360.89
1374.96
1366.85
1360.89
13454.20
1441.96
1379.01
1399.04
1373.77
1372.10
1386.17
1386.88
1369.95
13515.95
1415.97
1379.01
1389.03
1370.91
1371.86
1389.03
1359.94
13392.93
1488.92
1399.99
1384.02
1384.97
1374.01
1382.83
1379.01
1363.99
13462.07
1442.19
1386.17
1394.03
1374.96
1372.10
1379.01
1370.91
1360.89
13530.02
1407.15
1388.07
1381.16
1374.96
1380.21
1369.95
1362.09
13447.05
1442.91
1387.12
1389.03
1374.96
1378.06
1378.06
1364.95
1364.95
13527.87
1400.95
1380.92
1386.88
1372.81
1370.91
1369.00
1365.18
13436.08
1455.07
1395.94
1391.17
1370.91
1370.91
17484.90
1451.02
1395.94
1399.04
1374.96
1374.01
1383.78
1370.91
1363.04
13552.90
1404.05
1389.98
1388.07
1383.07
1381.16
1370.91
1374.96
13455.15
1436.95
1382.11
1382.11
1373.05
1374.01
1382.83
1367.09
1370.91
13545.99
1405.00
1386.88
1389.98
1370.91
1382.11
1376.15
1379.01
13459.21
