1265.05
1179.93
1177.07
1166.11
1160.14
1163.01
25346.99
1228.09
1194.00
13252.02
1270.06
1191.85
1191.85
1192.81
1165.87
1185.89
25475.98
1220.94
1207.11
13376.95
1223.09
1186.13
1186.13
1161.10
1150.13
25232.08
1327.99
1198.05
1171.83
13342.86
1186.85
1173.02
1179.93
1154.90
1181.84
25235.89
1281.98
1179.93
13218.16
1279.83
1185.89
1173.97
1182.08
1180.17
1181.13
25241.14
1304.15
1200.91
13254.17
1295.80
1188.04
1178.98
1183.99
1180.17
1169.92
25347.95
1219.03
1175.88
13257.03
1276.97
1180.17
1195.91
1173.97
1180.89
1158.00
25358.92
1199.96
1180.89
13343.81
1239.06
1178.03
1170.16
1175.17
1152.04
1151.80
25381.09
1276.02
1180.89
13358.83
1201.87
1179.93
17623.90
1207.83
1190.90
13350.01
1227.14
1183.99
1186.85
1178.98
1159.19
1168.97
25337.93
1200.91
1171.83
13358.83
1199.96
1172.07
1178.03
1181.13
1168.97
25233.03
1297.00
1194.95
1183.03
13348.10
1204.97
1204.01
1196.15
1163.96
1158.00
25226.12
1287.94
1182.08
13226.03
1298.90
1192.09
1176.12
1177.07
1162.05
1167.06
25242.09
1291.99
1196.86
13242.96
1292.94
1199.01
1192.09
1193.05
1173.02
1156.09
25358.92
1216.89
1174.93
13245.82
1277.92
1214.98
1198.77
1174.93
1153.95
1146.79
25382.04
1227.14
1181.13
13358.12
1221.18
1193.05
1187.09
1175.17
1168.97
1154.90
25346.04
1186.13
1176.12
13363.12
1201.15
1167.06
1165.15
1157.05
1150.13
25210.14
1307.01
1228.09
1196.86
13386.96
1208.07
1194.95
1185.18
1183.99
1172.07
25254.96
1296.04
1173.02
13252.02
1311.06
1199.96
1172.07
1194.00
1163.01
1164.91
25355.10
1230.96
1163.01
13273.00
1291.99
1173.97
1164.91
1167.06
1161.10
26053.19
1271.01
1173.97
13243.91
1276.02
1192.09
1178.03
1209.02
1201.15
1261.00
25370.84
1246.93
1175.88
13276.82
1281.02
1186.85
1183.99
1172.78
1155.85
1159.91
25352.95
1205.92
1175.88
13354.06
1199.96
1165.87
1182.79
1164.91
1160.86
1148.94
25343.89
1196.86
1164.91
13341.90
1200.91
1197.81
1168.97
1159.91
1174.93
25205.85
1302.96
1188.99
1172.07
13349.06
1181.84
1158.95
1198.05
1180.89
1178.98
25239.94
1297.00
1198.05
1171.11
13340.95
1208.07
1191.14
1186.13
1167.06
1158.95
25240.90
1292.94
1191.85
13236.05
1279.12
1182.08
1169.92
1174.21
1170.87
1173.02
25270.94
1276.02
1179.93
13236.05
1270.06
1185.18
1170.87
1193.05
1168.97
1168.01
25360.11
1227.14
1191.14
13250.11
1276.97
1185.89
1183.03
1188.99
1174.93
1167.06
25379.90
1200.91
1170.87
13348.82
1228.09
1191.14
1184.94
1167.06
1183.03
1156.81
25331.97
1194.00
1189.95
13357.88
1202.11
1169.92
1168.97
1163.96
1147.99
25209.90
1290.08
1188.04
1180.17
13363.12
1210.93
1174.93
1187.09
1162.05
1163.96
25214.91
1296.04
1201.15
1175.88
13364.08
1197.81
1170.87
1187.80
1168.01
1150.85
25240.90
1297.95
1222.85
13350.01
1299.86
1194.95
1174.21
1168.97
1164.91
1155.85
25331.97
1207.83
1163.01
13239.15
1271.01
1194.00
1178.98
1165.87
1153.95
1147.99
25362.97
1209.97
1152.99
13249.16
1271.01
1176.83
1173.02
1161.10
1147.03
1142.02
25347.95
1214.98
1172.07
13320.92
1232.15
1174.21
1176.12
1162.05
1175.17
1178.03
25362.01
1204.97
1175.17
13369.08
1221.90
1189.95
1189.23
1173.97
1159.91
25211.81
1313.92
1188.99
1161.10
13350.01
1190.90
1189.95
1190.90
1154.18
1159.91
25232.08
1307.96
1188.99
13256.79
1296.04
1185.89
1177.07
1195.91
1169.92
1154.90
25228.02
1279.12
1180.17
13254.88
1275.06
1176.12
1164.91
1177.07
1181.84
1174.93
25311.95
1242.16
1178.03
13237.00
1273.87
1189.95
17224.07
1292.94
1189.95
1187.09
9351.02
1200.91
1169.92
13331.17
1199.96
1194.00
1178.98
1158.00
1148.94
1152.04
25355.10
1223.09
1165.87
13332.84
1202.11
1169.92
1166.82
1168.01
1163.01
25175.81
1300.10
1179.93
1162.05
13334.99
1200.91
1165.87
1168.97
1162.77
1172.07
25212.05
1306.06
1195.91
1168.97
13359.07
1245.98
1277.92
1194.95
1197.10
1175.88
25247.81
1281.02
1188.99
13243.91
1282.93
1184.94
1181.84
1173.02
1159.91
1147.99
25269.99
1265.05
1188.04
13249.87
1266.96
1174.93
1156.09
1183.03
1155.14
1149.89
25354.86
1234.05
1173.97
13261.80
1280.07
1181.13
1173.97
1183.03
1169.92
1167.06
25351.05
1209.97
1169.92
13314.96
1235.01
1188.04
1187.09
1180.17
1172.07
1174.21
25390.15
1214.03
1178.03
13371.94
1229.05
1183.99
1183.99
1163.01
1155.85
25211.81
1304.15
1191.14
1169.92
13359.07
1194.00
1217.84
1201.87
1180.89
1158.00
29251.10
1302.96
1194.95
1188.04
1183.03
1172.07
1161.10
25372.98
1211.88
1173.97
9323.84
1238.11
1178.03
13285.16
1284.84
1178.98
1172.07
1165.87
1165.87
1167.06
25368.93
1216.89
1178.03
13315.92
1252.17
1184.94
1176.83
1173.02
1173.97
1164.91
25365.11
1210.93
14065.98
1276.02
1191.85
1177.07
1165.87
1170.87
1152.04
25366.07
1218.80
1173.02
13305.90
1243.11
1178.03
1183.99
1174.93
1163.01
1158.95
25349.86
1214.03
1183.99
13356.92
1199.01
1184.94
1167.06
1161.10
1183.99
25216.82
1309.16
1188.04
1171.11
13363.12
1197.81
1200.91
1196.86
1186.85
1173.02
25241.14
1286.98
1212.12
13242.96
1304.15
1188.99
1163.01
1184.94
1161.10
1178.03
25245.90
1280.07
1193.05
13255.83
1298.90
1178.03
1161.10
1178.98
1152.99
1149.89
25305.99
1225.95
1178.03
13232.95
1273.16
1170.16
1163.96
1190.19
1172.07
1146.79
25346.04
1207.11
1165.15
13237.95
1266.96
1170.87
1173.97
1172.07
1159.91
1149.18
25346.99
1206.87
1165.87
13242.01
1263.14
1176.12
1172.07
1164.91
1147.99
1152.99
25352.00
1194.95
1166.11
13242.01
1254.08
1169.92
1173.02
1161.10
1145.12
1148.94
25343.89
1219.99
1168.97
13294.94
1229.05
1159.19
1167.06
1151.08
1166.11
1150.13
25344.13
1201.15
1155.14
13313.06
1211.88
1165.87
1166.82
1153.95
1161.81
1157.05
25345.09
1193.05
1176.12
13327.84
1190.90
1162.05
1166.11
1167.06
1157.05
1147.03
25341.99
1199.96
1169.92
13328.08
1201.15
1156.09
1176.12
1168.01
1158.95
1151.08
25324.82
1195.91
1183.99
13345.96
1226.90
1164.91
1175.88
1152.99
1157.05
25204.18
1300.10
1176.83
1157.05
13345.00
1194.00
1173.02
1179.93
1152.04
1142.98
25202.99
1287.94
1190.90
1158.95
13346.91
1194.95
1167.06
1168.97
1153.95
1143.93
25215.86
1297.95
1178.98
1163.01
13345.96
1180.89
1164.20
1178.98
1160.86
1155.85
25224.92
1282.93
1178.03
1170.16
13333.08
1190.90
1163.01
1183.03
1158.00
1146.79
25237.08
1271.96
1183.99
1159.91
13319.97
1173.02
1185.89
1176.83
1154.90
1149.18
25233.03
1276.97
1177.07
13227.94
1289.84
1189.95
1164.91
1176.12
1160.14
1166.11
25224.92
1280.07
1169.92
13237.95
1283.17
1183.03
1165.87
1174.21
1167.06
1156.09
25235.18
1273.16
1183.03
13238.19
1276.02
1175.88
1168.97
1173.97
1163.96
1143.93
25241.85
1261.00
1186.85
13247.97
1285.79
1182.08
1154.90
1178.03
1159.91
1157.05
25328.87
1209.97
1175.88
13234.85
1261.00
1173.02
1174.93
1185.89
1168.97
1158.00
25334.12
1204.97
1163.01
13237.00
1358.99
1188.99
1178.03
1161.81
1174.93
1158.95
25341.03
1194.95
1159.19
13334.99
1204.97
1173.97
1165.87
1167.06
1168.01
1158.00
25341.03
1192.09
1170.87
13335.94
1202.11
1164.91
1171.11
1172.07
1168.01
1158.95
25333.88
1188.99
1176.12
13334.04
1209.02
1175.17
1168.97
1163.96
1163.96
25213.00
1292.94
1190.19
1181.13
13351.92
1183.99
1160.86
1183.03
1151.08
1151.08
25202.99
1294.14
1176.12
1170.16
13361.93
1189.95
1173.02
1198.05
1166.82
1168.97
25229.93
1272.92
1176.12
1160.14
13328.08
1192.09
1164.91
1178.03
1156.81
1163.96
25231.12
1276.02
1175.17
13205.05
1285.79
1193.05
1165.15
1183.03
1162.05
1148.94
25227.07
1267.91
1190.90
13231.04
1283.17
1183.99
1176.83
1178.98
1149.89
1151.80
25233.98
1276.02
1178.98
13228.89
1275.06
1177.07
1170.16
1183.03
1153.95
1166.82
25247.10
1249.07
1183.03
13229.85
1282.93
1179.93
1173.97
1178.98
1162.05
1153.95
25330.78
1222.13
1177.07
13237.95
1260.04
1163.96
1182.08
1162.05
1158.00
1159.91
25342.94
1202.82
1167.06
13247.01
1251.94
1176.83
1174.93
1168.97
1153.95
1146.08
25346.04
1200.20
1163.96
13231.04
1266.00
1173.97
1173.02
1168.01
1148.94
1145.84
25352.00
1193.05
1179.22
13241.05
1264.81
1168.97
1168.97
1163.01
1151.80
1158.00
25360.11
1202.11
1158.95
13293.98
1236.92
1173.97
1168.97
1156.81
1153.95
1149.18
25358.92
1195.91
1159.91
13320.92
1204.97
1156.09
1167.06
1170.87
1153.95
1152.04
25344.85
1188.99
1169.92
13319.97
1201.87
1175.88
1178.98
1156.81
1161.10
1149.89
25326.97
1189.95
1158.95
13331.89
1203.06
1188.04
1175.17
1157.05
1152.04
1162.05
25323.15
1188.99
1173.02
13344.05
1197.10
1169.20
1178.98
1156.81
1158.00
25193.93
1291.04
1178.98
1167.06
13361.93
1199.01
1165.15
1185.18
1155.14
1147.03
25200.84
1292.94
1183.99
1151.08
13344.05
1189.95
1170.16
1168.97
1151.08
1147.99
25218.96
1287.94
1177.79
1158.95
13332.13
1188.04
1170.87
1173.02
1157.05
1154.90
25208.95
1285.79
1172.07
1160.14
13343.10
1197.10
1172.07
17326.83
1202.11
1173.97
9213.92
1245.98
1168.01
13226.03
1270.06
1172.07
1177.07
1168.97
1152.99
1148.94
25221.11
1274.11
1178.98
13232.95
1276.02
1173.97
1166.82
1167.06
1153.95
1147.99
25225.16
1275.06
1174.93
13239.86
1266.96
1178.03
1167.06
1173.97
1159.91
1150.85
25235.89
1261.00
1175.17
13221.98
1285.08
1177.07
1168.01
1173.97
1158.00
1153.95
25246.14
1272.92
1188.04
13252.02
1268.15
1177.07
1160.86
1168.01
1152.99
1151.08
25305.99
1215.93
1178.03
13238.91
1255.04
1173.97
1163.96
1167.06
1164.91
1146.08
21334.89
1221.90
1174.93
1165.87
1156.81
1154.90
1155.85
25351.05
1195.19
1165.15
1166.11
1153.95
1158.00
29228.93
1305.10
1194.95
1160.14
1174.93
1156.81
1152.04
25331.02
1229.05
1169.92
13238.91
1278.88
1174.93
1182.08
1175.17
1157.05
1150.85
25357.01
1206.16
1169.92
13237.95
1264.81
1189.95
1177.79
1162.05
1157.05
1156.81
25352.00
1204.97
1171.11
13302.09
1225.95
1166.11
1163.96
1156.81
1151.08
1147.99
25353.91
1193.05
1168.97
13336.18
1212.12
1178.03
1171.83
1149.89
1149.89
1142.98
25345.09
1183.03
1163.01
13331.17
1202.11
1163.01
1172.07
1153.95
1152.04
1156.09
25336.98
1197.81
1178.03
13338.80
1210.93
1169.92
1176.83
1166.82
1147.99
25179.15
1300.10
1178.98
1160.86
13330.94
1188.99
1161.10
1168.01
1168.97
1146.08
25167.94
1316.79
1179.93
1170.87
13331.89
1204.01
1167.77
1158.95
1154.90
1152.04
25196.08
1287.94
1180.17
1158.95
13357.88
1193.05
1161.10
1172.78
1173.02
1164.91
25222.06
1282.93
1190.19
1169.92
13348.10
1184.94
1162.05
1182.08
1158.00
1159.91
25216.10
1288.89
1183.99
1175.17
13337.14
1179.93
1164.91
1165.87
1147.99
1146.79
25215.86
1288.89
1184.94
1163.01
13327.12
1186.13
1161.10
1180.17
1151.08
1149.89
25218.01
1267.19
1176.12
1166.11
13316.15
1178.98
1163.96
1189.95
1168.01
1158.00
25227.07
1280.07
1181.84
13201.95
1286.98
1178.03
1160.86
1175.88
1151.08
1153.95
25228.98
1269.10
1170.16
13197.18
1299.14
1179.93
1156.09
1166.11
1160.14
1148.94
25223.97
1279.12
1177.07
13229.13
1299.14
1174.93
1165.87
1188.04
1164.91
1163.01
25234.94
1265.05
1186.85
13225.79
1289.13
1188.99
1167.06
1177.79
1163.96
1159.91
25225.88
1273.87
1178.03
13220.07
1266.00
1180.17
1166.11
1198.05
1152.04
1163.96
25266.89
1235.96
1174.21
13230.09
1271.01
1182.79
1166.11
1174.93
1158.00
1152.04
25311.95
1217.13
1169.92
13239.86
1261.95
1184.94
1167.06
1169.92
1159.19
1157.05
25341.99
1224.04
1168.97
13238.91
1277.92
1178.98
1182.08
1177.07
1164.91
1155.14
25351.05
1206.16
1174.21
13257.98
1251.94
1167.06
1179.93
1174.93
1151.08
1158.95
25355.10
1203.06
1178.03
13335.94
1220.94
1168.01
1168.01
1159.91
1161.10
1150.13
25341.03
1194.00
1172.07
13359.07
1204.97
1181.13
1175.17
1159.91
1161.10
1147.03
25330.07
1187.80
1182.08
13340.95
1204.01
1160.14
1183.99
1155.85
1152.99
25212.05
1291.04
1183.03
1167.06
13337.14
1194.00
1173.97
1171.11
1163.96
1155.85
25211.81
1301.05
1181.13
1169.20
13351.92
1204.97
1163.01
1178.98
1161.81
1147.99
25212.05
1270.06
1178.03
1164.91
13337.14
1199.01
1154.90
1188.99
1168.97
1158.95
25243.04
1277.92
1173.97
13207.91
1302.00
1178.03
1168.97
1179.93
1172.07
1154.90
25236.85
1274.11
1185.18
13242.01
1282.93
1176.83
1154.90
1173.02
1157.05
1154.90
25225.88
1276.97
1170.16
13228.18
1271.01
1178.03
1163.01
1173.97
1158.00
1161.81
25245.90
1270.06
1173.02
13230.09
1287.94
1178.98
1158.95
1176.83
1154.90
1163.96
25250.91
1258.85
1174.93
13239.86
1272.92
1183.99
1175.88
1192.09
1151.08
1160.86
25331.97
1204.97
1174.93
13237.95
1271.01
1179.93
17222.88
1272.92
1178.98
1170.87
9325.03
1198.77
1174.93
13304.95
1207.11
1167.06
1178.98
1160.14
1152.04
1146.08
25332.93
1194.00
1173.97
13331.89
1212.84
1163.96
1176.83
1159.91
1159.91
1152.04
25338.89
1191.85
1171.83
13346.91
1194.00
1177.07
1183.03
1161.81
1163.96
25170.09
1316.07
1193.05
1180.89
13345.96
1196.86
1173.97
1173.02
1164.91
1142.02
21257.88
1281.02
1183.99
1168.01
1178.03
1160.14
1147.99
25234.94
1273.87
1173.97
1186.13
1173.02
1173.02
1158.00
29383.90
1211.88
1168.01
1178.03
1152.04
1159.91
25238.04
1303.20
1183.03
1165.87
13345.96
1194.00
1169.92
1171.11
1169.20
1143.93
25223.97
1278.16
1175.17
1165.15
13338.09
1191.14
1171.11
1178.03
1165.87
1157.05
25225.16
1272.20
1191.14
13226.99
1285.08
1173.97
1165.87
1168.01
1157.05
1163.01
25244.95
1280.07
1184.94
13236.05
1285.08
1179.93
1158.00
1186.85
1153.95
1155.85
25229.93
1272.92
1180.17
13247.01
1280.07
1194.95
1173.02
1176.12
1154.18
1146.08
25299.07
1237.15
1168.97
13252.97
1274.11
1182.79
1177.07
1173.97
1156.81
1160.86
25353.91
1230.00
1170.16
13247.01
1271.01
1178.98
1173.02
1168.01
1152.99
1142.02
25359.15
1200.20
1168.97
13243.91
1257.90
1183.99
1172.07
1158.00
1163.96
1152.99
25346.04
1200.91
1157.05
13310.91
1231.91
1179.93
1175.88
1170.16
1156.09
1166.11
25359.87
1190.90
1165.87
13334.99
1198.05
1164.20
1174.93
1164.91
1152.99
1149.89
25358.92
1180.89
1144.89
13335.94
1188.04
1166.82
1167.06
1157.05
1144.17
1140.12
25331.02
1187.09
1162.05
13332.84
1200.91
1160.86
1177.07
1162.05
1149.89
1146.08
25310.04
1199.01
1155.85
13332.84
1198.05
1161.81
1164.91
1151.80
1147.99
1148.22
25326.01
1194.95
1166.11
13333.08
1194.00
1165.87
1171.83
1162.05
1142.98
25168.90
1306.77
1178.03
1164.20
13339.04
1194.00
1160.86
1170.87
1148.94
1152.04
25218.96
1281.98
1163.01
1158.00
13328.08
1203.06
1168.97
1168.01
1152.99
1153.95
25191.07
1301.05
1178.98
1158.95
13350.01
1200.20
1164.91
1179.93
1154.18
1156.09
25198.94
1299.14
1178.03
1166.82
13349.06
1186.13
1160.14
1174.93
1163.96
1150.85
25212.05
1288.18
1175.17
1160.14
13342.86
1192.09
1167.06
1170.87
1154.90
1153.95
25211.10
1281.98
1186.13
1168.97
13339.04
1174.93
1153.95
1177.07
1154.90
1147.03
25207.04
1288.18
1178.98
1163.01
13328.08
1185.89
1159.91
1169.20
1156.09
1150.13
25206.09
1278.88
1185.89
1161.81
13325.93
1190.90
1164.91
1174.21
1157.05
1143.93
25234.94
1276.97
1171.11
1162.05
13320.21
1183.99
1173.97
1183.03
1155.85
1155.85
25231.84
1278.16
1182.08
13185.02
1302.96
1182.08
1165.15
1175.17
1161.10
1154.18
25238.04
1271.96
1191.14
13211.01
1279.12
1182.08
1168.97
1170.16
1155.14
1148.94
25232.08
1266.00
1188.99
13226.03
1284.12
1173.97
1160.86
1179.93
1163.01
1161.10
25228.98
1269.10
1169.92
13228.89
1282.93
1173.97
1168.01
1176.83
1151.08
1152.04
25217.06
1277.92
1173.02
13231.99
1273.16
1183.99
1154.90
1169.92
1143.93
1143.93
25230.17
1268.15
1182.08
13226.99
1276.02
1185.89
1171.83
1181.84
1154.90
1152.04
25240.18
1256.94
1178.03
13231.04
1276.02
1177.07
1160.14
1165.87
1146.08
1147.03
25226.83
1251.94
1179.93
13230.09
1267.91
1188.04
1162.05
1159.91
1158.00
1146.08
25234.94
1266.00
1176.83
13224.84
1281.98
1173.97
1158.95
1178.03
1152.99
1159.91
25303.84
1230.00
1173.97
13234.85
1266.96
1168.97
1176.12
1170.16
1160.14
1162.05
25334.12
1213.07
1176.83
13243.91
1266.00
1178.98
1172.07
1164.91
1158.95
1155.14
25341.99
1204.97
1185.18
13241.05
1255.04
1182.08
1169.92
1161.10
1159.19
1152.04
25346.04
1204.97
1174.21
13289.93
1229.05
1174.93
1191.85
1166.11
1158.00
1151.08
25340.08
1197.81
1177.07
13339.04
1205.92
1176.12
1176.12
1172.07
1162.05
1145.12
25342.94
1202.11
1172.07
13337.85
1222.85
1167.06
1168.01
1163.96
1150.85
25199.89
1293.90
1178.03
1178.98
13342.86
1204.01
1166.82
1178.98
1169.20
1156.09
25218.01
1293.90
1183.99
1162.05
13368.84
1196.15
1168.01
1186.13
1152.99
1158.00
25216.10
1282.93
1190.90
1169.92
13325.21
1193.05
1167.06
1175.88
1152.04
1164.91
25227.07
1279.12
1175.17
1156.09
13328.79
1188.04
1170.16
1182.08
1169.20
1154.90
25235.89
1272.92
1181.84
13237.95
1274.82
1176.12
1170.87
1173.02
1159.91
1154.18
25237.08
1274.11
1183.03
13231.99
1280.78
1188.99
1178.03
1193.05
1166.11
1151.08
25244.00
1266.96
1173.02
13226.03
1270.06
1177.07
1172.07
1185.89
1154.18
1146.08
25286.91
1230.00
1179.93
13245.82
1268.15
1189.95
1179.93
1168.01
1162.05
1151.08
25329.11
1201.15
1183.99
13240.10
1267.91
1173.97
1179.93
1174.93
1165.87
1164.91
25353.19
1216.17
1166.11
13238.19
1255.99
1188.99
1165.15
1173.02
1163.96
1151.08
25370.12
1204.01
1171.83
13333.08
1214.98
1171.83
1168.01
1157.05
1152.99
1146.08
25350.09
1193.05
1178.98
13331.17
1204.01
1169.92
1169.20
1166.11
1149.89
1145.84
25346.04
1199.01
1167.06
13340.00
1193.05
1162.05
1177.07
1161.10
1159.19
25182.96
1320.12
1201.15
1170.16
13348.10
1204.97
1159.91
1176.12
1155.14
1161.10
25213.00
1291.04
1173.97
1168.97
13344.76
1193.05
1168.01
1193.05
1163.01
1154.18
25227.07
1301.05
1175.88
1163.01
13334.99
1204.01
1175.88
1169.92
1152.99
1152.04
25227.07
1274.11
1180.17
1172.07
13321.16
1195.19
1176.12
1181.13
1163.96
1150.85
25225.88
1271.01
1178.03
13240.10
1289.84
1183.99
1173.02
1171.11
1166.11
1155.14
25234.94
1266.00
1183.03
13224.12
1275.06
1178.03
1158.95
1176.83
1150.85
1153.95
25234.22
