1178.03
1162.05
17360.93
1213.07
1167.06
1196.15
1185.18
1169.92
17235.99
1293.90
1190.90
1171.83
1183.03
1156.09
1156.09
17246.01
1286.98
1209.97
1180.17
1173.02
1165.15
1178.98
13363.84
1194.95
1160.86
9301.90
1200.91
1184.94
9232.04
1253.84
1189.95
9206.06
1251.94
1198.05
1178.03
9327.17
1194.00
1186.13
9274.96
1235.96
1187.09
9241.10
1249.79
1169.92
9197.95
1233.10
1182.08
1180.89
9303.81
1185.89
1195.91
9209.87
1230.96
1182.79
9208.92
1261.00
1195.19
1194.00
9445.91
1194.00
1173.97
9306.91
1201.87
1163.96
9217.98
1227.14
1184.94
9207.01
1260.04
1179.93
1172.78
9341.96
1191.85
1170.87
9320.97
1212.12
1192.09
9227.99
1232.86
1192.09
9562.97
1277.92
1183.03
9216.07
1275.06
1194.00
1162.05
9307.15
1183.03
1159.91
9258.99
1193.05
1158.00
9222.98
1238.82
1168.97
1162.05
9281.87
1215.93
1180.89
9306.91
1196.86
1170.87
9207.96
1214.98
1162.05
9202.00
1249.07
1207.83
1187.09
9300.95
1250.98
1298.90
9305.00
1206.87
1194.00
9216.07
1216.89
1172.07
9244.92
1257.18
1181.13
1162.05
9271.86
1183.99
1171.11
9247.06
1232.86
1183.03
9216.07
1214.03
1178.03
1183.99
9316.92
1179.93
1156.81
9256.84
1178.98
1168.01
9193.18
1218.08
1175.17
1153.95
9280.92
1183.03
1170.16
9305.00
1198.77
1172.07
10004.04
1188.99
1165.15
9299.04
1199.96
1181.13
9212.97
1239.06
1182.08
9211.06
1250.98
1188.99
1164.20
9302.14
1190.19
1156.09
9248.02
1203.06
1158.95
9188.89
1237.87
1175.88
1183.99
9325.98
1194.00
1178.98
9262.08
1199.01
1172.07
9197.95
1242.88
1188.04
1167.06
9282.83
1183.99
1161.81
9305.95
1191.14
1185.18
9215.12
1228.09
1183.03
9210.82
1268.15
1184.94
1183.99
9287.12
1209.02
1168.01
9294.99
1224.04
1199.96
9217.02
1233.82
1184.94
9193.90
1261.00
1182.08
1188.99
9273.05
1185.89
1175.88
9197.00
1221.18
1160.14
9192.94
1221.90
1174.93
1178.03
9314.06
1192.09
1159.19
9212.97
1213.07
1165.15
9198.90
1250.03
1174.93
1155.14
9280.92
1179.93
1163.01
9207.96
1211.88
1168.01
9206.06
1219.99
1171.11
1156.81
9304.05
1181.13
1162.05
9230.85
1200.91
1158.00
9197.95
1240.97
1174.93
1158.95
9271.14
1183.03
1168.01
9243.01
1210.93
1168.97
9186.03
1214.98
1167.06
1155.14
9292.13
1193.05
1148.22
9216.07
1204.01
1161.81
9200.81
1249.07
1180.17
1158.95
9286.88
1182.08
1156.09
9260.18
1194.95
1158.00
9190.80
1218.08
1175.17
1158.95
9294.03
1188.04
1170.16
9269.00
1199.01
1152.04
13209.82
1238.11
1181.13
1153.95
1180.89
1153.95
1165.15
1163.96
1153.95
1152.99
13171.91
1251.94
1168.97
1163.01
1178.03
1164.20
1156.09
1183.03
1168.01
1158.95
1152.04
13305.90
1182.08
1160.86
1168.97
1153.95
1157.05
1152.99
1152.99
1150.13
1138.93
13299.94
1204.97
1169.20
1165.87
1157.05
1163.96
1147.03
1162.05
1152.99
1143.93
13214.83
1241.92
1175.88
1165.87
1162.05
1148.94
1146.08
1171.11
1144.89
1143.93
13211.01
1239.06
1170.87
1160.14
1178.03
1174.93
1152.99
1152.99
1155.14
1145.12
13192.18
1262.19
1174.93
1165.87
1164.91
1171.83
1158.95
1168.97
1154.90
1161.81
1150.85
5338.91
1183.99
1152.04
1173.97
1156.09
1147.99
13192.89
1247.88
1168.01
1170.16
1177.07
1167.06
1169.20
1177.07
1147.99
1163.96
1161.10
13291.12
1179.22
1152.04
1183.99
1163.01
1158.00
1159.91
1160.14
1145.12
1147.03
13309.96
1190.90
1164.20
1187.09
1171.11
1167.06
5190.13
1250.98
1167.06
1166.11
9442.09
1175.88
1163.01
1178.98
1157.05
1152.04
1155.85
1152.04
1137.97
1153.95
13295.17
1197.10
1172.07
1181.84
1168.97
1163.96
1149.89
1171.83
1144.89
1160.86
13261.08
1202.11
1165.15
1160.14
1163.96
1154.90
1154.90
1165.87
1153.95
1152.99
13212.92
1251.94
1180.17
1180.89
1171.11
1166.11
1165.87
1168.97
1154.18
1163.96
9238.00
1255.99
1182.79
1172.07
13317.11
1183.03
1184.94
1180.89
1165.15
1155.14
1173.97
1169.92
1150.85
1155.85
9295.94
1195.19
1175.17
9272.10
1199.01
1179.93
9203.91
1239.06
1184.94
1168.01
9294.99
1193.05
1168.01
9284.97
1193.05
1164.91
9226.80
1231.91
1167.06
9202.96
1266.96
1194.00
1169.92
9300.95
1193.05
1173.97
9207.96
1228.09
1186.13
9209.16
1245.98
1168.01
1159.19
9295.94
1186.85
1180.89
9289.98
1184.23
1163.01
9212.02
1241.92
1172.07
1148.94
9277.11
1185.18
1164.91
9279.97
1192.81
1173.02
9206.06
1238.82
1173.02
1162.05
1187.80
1149.89
1160.86
1189.95
1173.97
1154.90
1157.05
1157.05
1163.96
1153.95
13291.12
1190.90
1152.99
1165.15
1161.10
1158.00
1147.99
1162.77
1152.04
1149.18
13251.07
1218.08
1171.83
1175.88
1172.07
1167.06
1153.95
1172.07
1158.00
1159.91
13206.01
1244.07
1172.07
1173.97
1177.07
1158.00
1158.95
17319.92
1208.07
1162.05
1173.97
1168.97
1160.14
1158.95
1174.93
1164.91
1160.86
13278.01
1214.03
1174.93
1181.13
1169.20
1168.97
1158.00
1167.06
1163.01
1156.09
13217.93
1255.99
1181.13
1178.98
1173.02
1153.95
1160.86
1166.11
1171.11
1156.09
13216.02
1240.02
1173.02
1154.90
1189.95
1160.14
1153.95
1174.93
1158.00
1153.95
13197.90
1268.86
1178.03
1171.11
1196.15
1158.95
1154.90
5205.15
1220.94
1163.01
1169.92
1163.96
1162.05
1149.89
17296.79
1197.10
1172.07
1175.88
1160.86
1163.96
1140.12
17313.96
1188.04
1173.02
1171.11
1167.06
1159.19
17215.01
1244.07
1181.13
1159.91
1178.98
1168.01
1152.99
17233.85
1235.96
1189.95
1181.13
1158.00
1158.00
1158.00
17313.96
1199.01
1161.10
1167.06
1163.01
1147.99
17216.92
1247.88
1179.93
1173.02
1182.08
1161.10
1152.99
17216.92
1240.02
1173.97
1170.87
1178.03
1168.97
1148.94
13287.07
1199.01
1173.97
9208.20
1238.11
1180.17
1162.05
13310.19
1187.09
1173.02
1180.89
1158.00
1152.04
17218.83
1262.90
1190.90
1178.03
1171.11
1155.14
1153.95
13274.91
1194.00
1173.97
9204.86
1250.03
1172.78
1163.96
9282.11
1181.13
1176.12
9291.17
1194.00
1163.01
9212.02
1222.85
1180.89
9201.05
1244.07
1188.99
1158.95
13293.98
1188.99
1161.81
1171.83
1156.09
1166.11
1142.98
13274.91
1174.93
1152.99
9277.11
1192.09
1173.02
13224.84
1240.97
1173.97
1184.23
1172.07
1162.05
1156.09
13267.04
1194.95
1164.91
9368.90
1232.86
1171.83
9204.86
1224.04
1173.97
1156.09
9284.02
1175.88
1163.01
9210.11
1209.97
1174.93
9203.91
1237.87
1170.87
1157.05
9495.97
1194.00
1158.00
9310.01
1204.97
1172.07
9207.01
1216.89
1175.88
9202.00
1247.17
1173.02
1165.15
9271.14
1186.13
1163.96
9193.90
1229.05
1177.07
9202.96
1215.93
1183.03
1167.06
9307.15
1175.17
1168.97
1194.00
1177.07
1156.81
1161.10
1162.05
1156.09
1147.99
1169.92
1142.98
1147.03
13201.95
1241.92
1176.83
1173.97
1168.01
1153.95
1158.95
1175.88
1170.87
1154.90
13178.83
1251.94
1169.92
1165.87
1178.98
1156.09
1155.14
1158.00
1158.95
1151.08
1160.14
13307.09
1178.98
1175.17
1183.03
1162.05
1163.01
1169.92
1164.91
1154.90
1144.89
13302.09
1183.99
1168.97
1179.93
1178.03
1148.94
1166.11
1161.10
1163.96
1161.10
13283.01
1202.82
1172.07
1172.07
1158.95
1158.95
1148.94
17319.92
1180.17
1171.11
1178.03
1169.92
1149.89
1164.91
1167.06
1147.99
1161.10
13302.09
1200.20
1165.15
1171.11
1153.95
1173.02
1151.08
1174.93
1149.89
1152.04
13277.05
1212.12
1175.17
1176.12
1164.20
1165.87
1152.99
5286.22
1177.07
1160.14
1163.01
1155.85
1156.81
17190.93
1244.07
1187.09
1166.11
1183.03
1152.99
1163.96
17220.97
1233.10
1178.98
1173.97
1166.82
1161.10
1151.08
17295.12
1202.11
1178.98
1171.83
1168.97
1159.19
1152.99
17319.20
1197.10
1164.91
1176.12
1168.01
1160.14
17230.99
1254.08
1181.13
1165.15
1173.02
1156.09
1158.00
17233.85
1238.11
1179.93
1172.07
1177.07
1163.01
1154.90
17315.86
1198.05
1173.02
1179.22
1167.06
1161.10
13199.09
1252.89
1178.03
1153.95
9325.03
1186.13
1168.97
9219.88
1220.94
1173.02
9202.96
1247.88
1183.99
1165.15
9272.10
1186.13
1163.01
9278.06
1193.05
1168.97
9216.07
1216.17
1174.93
1169.92
9312.15
1166.82
1165.87
9280.92
1191.85
1178.03
9207.96
1230.96
1177.79
9178.88
1226.90
1178.03
1173.97
9296.89
1183.99
1164.91
9204.15
1237.15
1176.12
9198.90
1250.03
1172.07
1170.87
9266.85
1173.97
1173.02
9209.87
1240.02
1173.97
1189.95
1165.87
1172.07
1153.95
1175.88
1151.80
1144.89
17211.91
1248.12
1165.15
1163.01
1167.06
1155.14
1152.99
17246.01
1236.20
1178.03
1168.01
1178.03
1163.96
1158.00
17344.95
1193.05
1158.95
1169.92
1165.87
1156.81
17205.00
1272.92
1191.14
1177.07
1184.94
1146.79
1154.90
17215.97
1262.90
1180.17
1176.12
1165.87
1152.04
1163.01
17341.85
1196.86
1168.01
1172.07
1155.14
1144.17
1145.12
17331.12
1183.03
1163.96
1169.92
1171.83
1158.00
17237.19
1258.13
1182.79
1168.01
1168.01
1148.94
1151.08
17326.12
1215.93
1166.11
1170.16
1161.10
1157.05
1163.01
17347.10
1181.13
1168.97
1173.97
1155.14
1144.89
17217.87
1272.92
1167.06
1178.03
17328.02
1188.99
1162.05
1192.09
1168.01
1154.90
1170.16
1172.07
1156.09
1160.14
17343.04
1190.90
1172.07
1164.91
1154.90
1153.95
17374.04
1278.88
1181.84
1170.87
1291.04
1182.08
1173.02
1188.04
1161.10
1167.06
17228.84
1246.93
1163.96
1168.97
1175.88
1157.05
1158.95
17326.83
1208.07
1183.99
1173.02
1158.00
1154.90
1156.09
17342.81
1195.91
1168.97
1176.83
1164.91
1160.86
17225.98
1262.19
1173.97
1162.05
1167.06
1168.01
1154.90
13291.84
1214.98
1158.95
9211.06
1251.94
1171.11
1163.96
13311.15
1189.95
1163.01
1178.03
1153.95
1151.08
17230.99
1254.08
1179.22
1173.97
1179.22
1158.00
1167.06
13278.01
1194.95
1163.01
9218.93
1254.08
1176.12
1168.01
13296.13
1181.13
1175.17
1198.05
1165.15
1146.08
1155.14
1163.96
1155.85
1164.91
21322.01
1202.11
1168.97
9285.93
1203.06
1162.05
13230.09
1249.79
1168.97
1173.97
1178.03
1163.01
1162.05
13291.84
1204.97
1169.92
9213.92
1231.19
1193.05
1161.10
13284.21
1195.19
1173.02
1181.84
1164.91
1162.05
13215.07
1265.05
1168.01
1152.99
9277.82
1190.90
1180.89
9307.86
1194.95
1171.83
9204.86
1245.98
1176.12
13215.07
1260.04
1187.09
1163.01
1177.07
1169.92
1157.05
13210.06
1252.89
1189.95
13221.03
1251.94
1199.01
1162.05
1168.97
1159.91
1155.85
17225.03
1248.12
1189.95
1169.92
1183.03
1167.06
1158.95
17314.91
1201.87
1164.20
1177.07
1167.06
1157.05
1158.00
13322.11
1187.80
1178.03
9295.94
1192.09
1173.02
13229.13
1235.01
1171.83
1187.09
1168.01
1163.01
1165.15
13307.09
1200.91
1163.96
9216.07
1229.05
1174.21
13220.07
1255.04
1190.90
1169.92
1176.83
1153.95
1144.89
13203.86
1247.88
1173.02
9211.06
1256.94
1191.14
1171.11
13331.17
1192.09
1169.92
9296.18
1188.99
1165.87
1169.92
1154.18
1161.10
1157.05
17325.16
1175.17
1152.04
1175.17
1152.99
1150.85
13197.90
1250.98
1169.20
1167.06
9299.04
1175.88
1161.81
13248.92
1219.03
1177.07
1173.02
1170.87
1165.15
1146.08
13299.23
1185.18
1158.00
9209.87
1231.91
1178.98
9205.10
1246.93
1180.89
1153.95
9289.98
1185.89
1164.91
9271.86
1210.93
1160.86
9204.86
1235.96
1171.11
1152.04
9284.02
1187.09
1167.06
1186.85
1155.85
1154.90
1155.14
1157.05
1155.85
1150.85
1171.83
1148.94
1152.99
13211.97
1250.03
1181.13
1158.95
9282.11
1171.11
1161.10
1172.07
1158.00
1150.85
1152.04
1155.14
1139.16
1142.98
13293.98
1192.09
1168.01
1165.87
1158.00
1163.96
1163.96
1152.99
1152.04
1155.14
13270.14
1202.11
1162.05
1173.02
1167.06
1151.08
1153.95
1168.01
1157.05
1150.13
13373.14
1241.92
1192.81
1183.03
1163.01
1163.01
1156.09
1173.97
1158.95
1142.98
13206.01
1245.02
1174.93
1173.02
1166.82
1152.04
1152.99
1168.01
1148.94
1158.00
13201.00
1249.07
1183.99
1168.01
1178.98
1162.05
1146.08
1165.87
1154.90
1149.18
1161.10
13417.01
1186.85
1164.91
1173.02
1170.87
1148.94
1159.19
1154.90
1153.95
1166.11
13304.00
1184.94
1175.88
1172.07
1152.99
1142.98
1157.05
1161.10
1164.91
1149.18
13309.00
1199.96
1177.07
1195.91
1163.96
1163.01
1163.96
1168.01
1170.87
1161.81
13316.87
1191.85
1164.91
1178.98
1166.11
1152.99
1156.09
1153.95
1167.06
1154.90
13216.02
1236.20
1174.93
1173.02
1157.05
1151.08
1154.18
1173.02
1155.85
1155.85
13216.02
1240.02
1180.89
1162.05
1173.02
1162.05
1161.10
1167.06
1152.99
1156.09
13193.13
1254.08
1171.83
1162.05
1168.01
1158.95
1150.13
1163.01
1163.01
1153.95
1145.84
13311.86
1187.09
1164.91
1161.10
1155.14
1152.04
1163.96
1162.05
1152.04
1163.96
13298.99
1194.00
1163.96
1171.11
1160.14
1150.13
1171.11
1163.96
1152.04
1146.08
21265.03
1227.14
1183.03
9222.03
1239.06
1176.12
1162.05
9295.94
1191.85
1168.01
5306.96
1194.95
1173.97
1168.01
1158.00
1149.89
1160.86
21314.86
1183.99
1160.14
9315.01
1206.87
1174.93
9202.00
1226.90
1169.92
9200.10
1269.82
1189.95
1178.98
9289.03
1178.98
1159.19
9213.92
1213.07
1176.12
9209.16
1244.07
1174.93
1175.88
9293.08
1181.84
1180.89
9287.83
1197.10
1167.06
9209.16
1245.98
1177.07
1152.04
1213.07
1148.94
1155.85
1176.83
1150.85
1157.05
17205.00
1266.96
1190.90
1169.92
1173.02
1164.91
1152.99
17220.97
1264.10
1171.11
1171.11
1175.17
1168.97
1160.86
25332.93
1204.01
1177.79
1182.08
1178.98
1155.85
1169.92
1159.91
1168.97
1156.09
17346.14
1198.05
1180.17
1190.19
1170.87
1164.91
17194.99
1300.81
1187.09
1176.12
1184.94
1154.90
1152.99
17223.12
1265.05
1170.87
1176.83
1168.97
1155.85
1153.95
17333.03
1198.05
1166.11
1173.97
1166.11
1157.05
1161.10
13303.04
1200.91
1173.97
9315.01
1199.01
1177.07
9225.13
1250.03
1183.99
5216.84
1251.94
1184.94
1172.07
1181.84
1158.00
1158.00
21213.05
1262.19
1182.08
5231.14
1250.03
1176.83
1153.95
1173.97
1161.10
1161.10
21213.05
1266.00
1182.08
9220.12
1248.12
1174.93
1166.11
9318.11
1194.95
1172.07
9285.93
1199.96
1155.85
9204.86
1240.02
1180.17
1158.00
9300.95
1188.04
1184.94
9313.11
1186.13
1159.91
9219.88
1237.87
1173.97
9199.86
1252.89
1183.99
1173.02
9299.04
1186.13
1176.12
9249.93
1214.98
1173.02
9211.06
1245.98
1177.07
1168.01
9302.85
1188.99
1165.87
9289.98
1198.05
1166.82
9212.02
1236.20
1169.92
5198.00
1264.10
1170.16
1167.06
1175.17
1171.11
1163.96
21214.96
1255.04
1173.97
1164.91
9286.88
1188.99
1158.00
5335.09
1186.13
1173.02
1167.06
1155.85
1150.85
1155.85
21331.07
1203.06
1170.16
9310.01
1198.05
1182.08
9210.11
1244.07
1169.92
9197.95
1247.88
1174.93
1168.97
9307.15
1183.99
1172.07
5320.07
1215.93
1189.95
1177.07
1168.97
1168.97
1172.07
21337.03
1196.15
1170.87
9310.01
1191.14
1165.15
9207.01
1250.03
1173.02
9212.02
1254.08
1177.07
1173.02
5327.94
1191.85
1168.01
1173.02
1158.00
1158.00
21244.05
1275.06
1178.98
1180.89
9318.11
1193.05
1162.05
9298.80
1201.87
1178.98
9203.20
1249.07
1170.16
9209.87
1263.14
1181.13
1173.02
9300.95
1192.09
1175.17
9205.10
1248.12
1166.11
9203.91
1251.94
1178.03
1162.05
9321.93
1188.04
1163.01
9284.97
1211.17
1182.08
9209.87
1238.82
1184.94
1168.01
9284.02
1178.98
1166.11
9305.95
1199.01
1165.15
9212.02
1235.01
1180.17
9202.96
1290.08
1178.98
1168.97
5320.79
1189.95
1183.99
1170.16
1179.93
1168.01
21217.11
1271.96
1189.95
1171.83
9324.07
1176.12
1161.10
9297.13
1185.18
1177.07
9207.01
1235.01
1176.83
9195.09
1270.06
1174.93
1166.11
9294.99
1189.95
1168.01
9209.16
1242.16
1170.16
9212.97
1244.07
1173.97
1169.92
9306.91
1183.03
1152.99
9242.06
1222.85
1170.87
9191.99
1240.02
1183.99
1174.93
9293.79
1187.09
1162.05
9302.14
1202.82
1173.97
9200.81
1235.96
1171.11
1174.21
9294.03
1188.04
1176.83
5309.82
1184.94
1168.97
1184.94
1165.15
1160.14
21173.00
1295.09
1183.03
1166.11
9299.99
1196.86
1174.93
9214.88
1243.11
1177.07
9195.09
1253.13
1184.23
1163.01
1184.94
1165.87
1160.14
1163.01
1163.96
1155.14
1157.05
1174.93
1156.09
1158.95
13293.03
1208.07
1163.96
1182.08
1175.17
1171.11
1156.09
1173.02
1149.89
1142.02
13211.97
1250.98
1181.13
1172.07
1175.17
1148.94
1163.96
1176.12
1160.14
1168.01
13217.93
1252.17
1176.12
1164.20
1173.02
1169.92
1163.01
1170.87
1165.87
1157.05
13204.10
1262.19
1189.95
1163.01
1172.07
1145.12
1146.08
1154.18
1158.00
1150.13
1152.99
13321.88
1181.84
1158.00
1168.01
1162.05
1164.91
1174.93
1166.11
1160.14
1155.14
13329.98
1190.90
1159.19
1175.17
1172.07
1162.05
1169.20
1158.95
1152.99
1147.03
13307.09
1197.81
1175.88
1175.88
1155.85
1152.04
1155.14
1168.01
1159.19
1153.95
13234.85
1219.99
1168.01
1172.07
1173.02
1155.14
1145.12
17341.14
1196.86
1174.93
1192.09
1160.86
1160.86
17209.05
1272.92
1183.99
1159.91
1171.83
1153.95
1151.80
17234.09
1248.12
1173.97
1178.98
1152.99
1153.95
1158.95
17340.18
1192.09
1173.02
1165.87
1164.91
1158.00
1148.94
17333.03
1194.95
1163.96
1168.97
1161.10
1170.16
17225.03
1255.99
1185.18
1174.93
17311.10
1189.95
1167.06
1194.95
1169.92
1162.05
1159.91
1162.05
1156.09
1152.04
17347.10
1205.92
1177.07
1173.97
1157.05
1152.99
1160.86
1168.97
1169.92
1147.99
13311.86
1195.91
1179.93
1188.99
1163.96
1170.16
1167.06
1169.92
1162.05
1154.90
13309.96
1198.05
1166.82
1174.93
1155.14
1155.14
1145.12
1161.10
1147.03
1147.03
13249.87
1214.98
1179.93
1174.93
1165.87
1164.91
1164.91
1170.87
1161.10
1161.81
13208.87
1261.00
1189.95
1185.18
1158.95
1155.85
1147.99
1160.14
1152.99
1149.89
13191.94
1263.86
1177.07
1163.01
1191.85
1164.91
1168.01
1158.00
1159.91
1155.14
13172.15
1281.02
1178.03
1165.15
1168.01
1161.81
1152.04
1163.01
1149.18
1161.10
1147.99
13329.03
1178.98
1182.08
1173.02
1155.14
1162.05
1163.01
1167.06
1157.05
1153.23
17183.07
1201.15
1179.93
1174.93
11411.91
1209.97
1151.80
1160.86
11446.00
1245.02
1191.85
1163.96
9919.88
1261.95
1182.08
1158.00
1177.07
1159.19
11413.10
1199.96
1175.88
1167.06
11429.07
1198.05
1184.94
1175.88
11353.97
1244.07
1185.89
1165.87
11397.84
1230.00
1178.03
1169.92
9962.80
11394.02
1288.89
1175.88
1165.87
1168.01
11440.99
1204.97
1167.06
1169.92
11437.18
1198.05
1195.19
1164.91
11369.94
1217.84
1188.99
1167.06
11343.00
1240.02
1173.97
1192.81
11354.92
1259.09
1183.03
1161.10
1180.89
11430.98
1204.97
1169.92
1164.91
11451.01
1199.96
1177.07
1158.00
11432.89
1205.92
1176.83
1176.83
11362.08
1238.11
1177.07
1158.95
11337.04
1258.85
1180.89
1171.83
6271.84
1245.02
1195.19
1171.11
1166.11
11419.06
1178.03
1183.99
1177.79
11425.97
1199.96
1169.92
1174.93
11348.96
1236.20
1182.08
1176.12
11342.05
1221.18
1201.15
1161.10
11332.04
1241.92
1178.98
1183.03
1163.01
6365.06
1177.07
1172.78
1183.03
6350.04
1191.85
1188.99
1168.97
6278.99
1215.93
1177.07
1164.20
6300.93
1211.88
1177.07
1173.02
1146.08
6227.02
1173.02
1168.01
1159.91
6331.92
1188.99
1158.95
1160.86
6259.92
1209.02
1171.11
1177.07
6268.02
1221.90
1182.08
1168.97
1161.81
6321.91
1182.08
1170.87
1168.97
6329.77
1199.96
1158.95
1154.90
6267.07
1202.82
1171.11
1177.07
6267.07
1226.90
1163.96
1171.11
1158.95
6318.09
1181.13
1179.93
1167.06
6335.97
1187.09
1174.93
1178.03
5020.14
1217.13
1165.15
1175.88
1168.01
6272.08
1224.99
1178.98
1161.10
6253.96
1218.80
1178.03
1178.03
1163.01
6345.03
1177.07
1163.01
1180.89
6330.01
1183.03
1188.99
1158.00
6294.01
1222.13
1173.02
1155.85
11339.90
1244.07
1191.14
1171.11
1157.05
11423.11
1196.15
1165.15
1158.95
9896.04
11412.14
1203.06
1170.16
1167.06
11333.94
1236.92
1177.07
1164.91
11326.79
1238.11
1183.03
1159.19
1155.14
10200.98
1205.92
1162.05
1166.11
1151.08
11417.15
1183.03
1163.01
1165.15
11356.12
1249.07
1172.07
1178.98
11348.01
1246.93
1169.92
1160.14
1161.10
11440.04
1187.09
1173.97
1165.15
11423.11
1182.08
1179.93
1167.06
6334.78
1197.10
1168.97
1161.81
11769.06
4770.99
1226.90
1175.88
1154.90
11342.05
1235.96
1179.93
1161.81
11312.96
1239.06
1193.05
1173.97
1147.99
11390.92
1188.04
1188.04
1161.10
11408.81
1189.95
1169.92
12750.15
1204.01
1177.07
1178.03
11361.84
1248.84
1183.99
1159.91
11351.11
1245.02
1209.97
1184.94
11319.16
1279.12
1179.22
1173.02
1162.05
11448.86
1190.90
1173.02
1173.02
11420.97
1207.83
1167.06
1162.05
6287.10
1242.16
1197.10
1172.07
6280.18
1228.09
1172.07
1166.82
11361.84
1255.99
1180.89
1164.91
1160.86
11437.89
1198.05
1166.11
1159.19
10226.96
6378.89
1194.00
1183.03
1158.95
11427.16
1204.97
1169.92
1165.87
11343.96
1242.88
1173.97
1161.81
11354.92
1251.94
1164.91
1162.05
1175.88
11430.03
1187.09
1170.16
1151.08
11551.14
1203.06
1172.07
1168.01
10012.87
1214.03
1178.03
1169.92
1167.06
11346.82
1234.05
1166.11
1177.07
11331.80
1261.00
1173.02
1158.00
1176.12
11443.14
1181.84
1160.86
1165.87
11441.95
1194.00
1174.93
1163.96
10110.14
11480.09
1206.87
1170.87
1168.01
11352.06
1261.23
1178.03
1165.15
11366.13
1239.06
1180.17
1168.01
11332.04
1260.04
1183.99
1184.94
1160.86
11564.97
1337.05
1242.16
1173.02
11430.98
1201.15
1168.01
1168.01
6376.03
1191.85
1186.85
1166.82
11429.07
1199.01
1177.07
1178.03
11363.98
1239.06
1165.15
1169.92
11354.92
1244.07
1173.97
1164.91
11496.07
1256.94
1191.85
1166.82
1153.95
6345.99
1178.03
1155.14
1177.07
6368.16
1197.10
1168.01
1159.91
6344.80
1183.03
1169.20
1173.97
6270.89
1234.05
1172.07
1158.00
6268.02
1252.89
1186.85
1181.84
1168.97
6345.99
1183.99
1175.17
1162.05
6457.81
1183.03
1188.99
1163.01
6359.10
1204.97
1166.11
1155.14
6271.12
1230.96
1190.90
1164.91
6273.03
1253.13
1172.07
1152.04
1175.88
6337.88
1190.90
1171.83
1162.05
6376.98
1185.89
1169.92
1173.02
6353.14
1195.91
1181.13
1164.91
6239.89
1244.07
1188.99
1165.87
6263.02
1257.18
1192.09
1161.10
1158.00
6342.89
1181.84
1162.05
7689.00
1185.89
1165.87
1160.86
6351.95
1195.19
1166.11
1178.03
6285.91
1226.90
1175.88
1163.96
6267.07
1245.02
1169.92
1199.96
11356.12
1235.96
1184.94
1159.91
1168.97
11420.01
1184.94
1164.20
1166.11
11414.05
1207.11
1175.17
1166.11
9825.94
1241.92
1178.03
1188.04
1169.92
1169.20
11420.01
1183.99
1163.01
1171.83
11453.87
1194.95
1180.89
1168.01
11437.89
1203.06
1173.02
1158.95
16424.18
1238.11
1171.11
1162.05
11346.82
1245.98
1188.99
1168.97
11332.99
1255.04
1194.95
1187.09
1154.18
11431.93
1204.01
1182.08
1178.03
19376.04
1212.12
1167.06
1171.11
1161.10
1173.02
1170.87
1170.87
1160.86
1160.86
13308.05
1203.06
1168.97
1172.07
1156.09
1165.15
1157.05
1165.87
1155.85
1158.95
13216.97
1244.07
1177.07
1178.03
1173.97
1159.19
1154.90
1163.96
1159.19
1167.06
13225.08
1246.93
1178.98
1172.07
1178.03
1155.85
1163.96
1170.87
1155.14
1152.04
13201.00
1262.19
1188.04
1170.16
1176.12
1171.11
1153.95
1201.87
1174.93
1155.85
13190.03
1274.11
1182.08
1167.06
1186.85
1170.87
1168.97
1172.78
1169.92
1153.95
1152.04
13304.00
1188.04
1178.03
1206.16
1163.01
1159.91
1166.82
1161.81
1152.99
1140.83
13318.06
1194.00
1168.01
1188.99
1162.05
1158.95
1156.81
1156.09
1147.99
1152.99
9303.09
1198.05
1170.16
1194.00
1164.20
1153.95
1146.08
1168.01
1151.08
1156.09
1167.06
1158.95
1145.12
1167.06
1171.11
1160.86
1147.99
1174.93
1164.91
1158.00
1158.95
1156.09
1147.03
1152.04
1179.93
1155.14
1158.00
1154.90
1154.18
1150.13
1157.05
1144.17
1151.08
1134.16
1171.11
1158.95
1143.93
1144.89
1159.91
1153.95
1149.18
1154.90
1153.95
1154.18
1153.95
1178.03
1153.95
1146.08
1148.94
1151.08
1138.93
1156.81
1142.98
1146.08
1140.83
1178.03
1144.89
1158.95
1146.08
1154.18
1145.12
1146.08
1171.11
1154.90
1142.02
1156.09
1167.06
1154.18
1156.09
1169.92
1146.08
1141.07
1152.04
1156.09
1150.85
1151.80
1179.93
1149.89
1139.88
1164.91
1157.05
1139.88
1150.85
1154.90
1158.00
1152.04
1164.20
1158.95
1147.99
1146.08
1163.01
1155.85
1144.89
1156.81
1158.00
1150.13
1174.93
1158.95
1150.13
1153.95
1148.94
1153.95
1151.08
1155.14
1152.04
1152.99
1153.95
1169.92
1155.85
1155.85
1163.01
1156.09
1136.06
1139.88
1152.04
1149.89
1140.83
1172.07
1162.05
1149.18
1141.07
1165.15
1148.94
1147.03
1152.04
1149.18
1150.13
1140.12
1192.09
1146.08
1152.99
1154.90
1156.81
1152.04
1152.04
1145.12
1156.09
1147.03
1175.17
1150.13
1144.17
1158.00
1154.18
1148.94
1163.96
1158.24
1158.00
1156.09
1170.16
1153.95
1158.00
1156.09
1165.15
1147.03
1150.13
1152.04
1159.19
1152.04
1142.02
1169.92
1133.92
1137.02
1168.01
1149.18
1138.93
1141.07
1152.99
1157.05
1139.88
13201.95
1242.16
1165.15
1164.91
1167.06
1152.04
1159.19
1173.97
1145.12
1149.89
13193.85
1257.90
1172.07
1159.91
1166.82
1146.08
1155.14
1157.05
1160.14
1158.95
1149.89
13292.07
1175.88
1168.01
1171.11
1158.00
1154.90
1164.91
1161.10
1164.20
1153.95
13311.86
1192.09
1173.02
1177.07
1164.91
1159.19
1152.04
1149.18
1151.08
1142.02
13314.96
1194.00
1166.11
1168.01
1152.04
1147.99
1145.12
1162.05
1152.99
1141.07
13203.14
1245.98
1176.12
1173.02
1166.11
1153.95
1154.18
1161.10
1153.95
1151.08
13206.96
1250.03
1173.97
1159.91
1166.11
1157.05
1163.96
1161.81
1150.85
1152.99
13180.02
1271.96
1169.92
1168.01
1180.89
1163.96
1147.99
13218.16
1242.16
1183.03
1164.20
13317.11
1199.01
1182.79
1188.99
1174.93
1162.05
13216.97
1241.92
1161.10
13203.14
1276.97
1173.97
1169.92
1178.98
1158.00
1147.03
13200.04
1241.92
1171.83
1159.91
9284.97
1188.99
1163.01
13335.94
1204.01
1163.96
1171.83
1158.00
1155.14
1154.90
13286.11
1183.99
1172.07
13325.93
1199.96
1173.02
1176.12
1162.05
1170.16
13188.12
1263.86
1181.84
1157.05
13329.03
1181.13
1165.15
1180.17
1176.12
1163.01
5178.93
1271.01
1183.03
1168.01
1174.93
1152.99
1157.05
1152.04
1157.05
1147.99
1150.85
13314.96
1187.09
1163.96
1173.97
1164.91
1169.92
1159.19
1156.09
1152.99
1152.99
13305.90
1195.91
1179.93
1164.91
1163.01
1145.84
1143.93
1167.06
1164.91
1147.99
13214.11
1224.04
1183.03
1188.99
1173.02
1161.10
1158.00
1168.97
1149.89
1146.79
13216.97
1250.03
1172.07
1171.11
1173.02
1165.87
1159.91
1173.97
1155.14
1162.05
13195.99
1255.99
1178.98
1163.01
1168.01
1169.92
1163.96
1170.16
1166.11
1156.09
13205.05
1260.04
1186.13
1163.96
1173.97
1169.92
1168.01
1162.05
1164.20
1163.01
1155.14
13309.96
1184.94
1164.91
1182.08
1150.85
1154.90
1173.02
1157.05
1152.04
1161.81
13316.87
1204.01
1174.93
1175.17
1161.10
1158.95
1162.05
1168.97
1152.04
1154.90
13309.96
1194.00
1168.97
1177.07
1168.01
1163.01
1158.95
1166.82
1147.99
1155.85
13221.98
1245.02
1178.98
1164.20
1160.14
1163.01
1156.09
1158.00
1157.05
1167.06
13224.12
1247.88
1175.17
1165.15
1178.98
1155.85
1158.95
1177.07
1142.98
1154.90
13207.91
1256.94
1188.99
1164.91
1179.93
1152.04
1147.99
1166.82
1159.91
1154.90
1148.94
13301.13
1180.89
1171.83
1174.93
1146.79
1158.00
1172.07
1148.94
1145.84
1158.00
13316.15
1193.05
1175.17
1172.07
1163.01
1167.06
1176.12
1162.05
1161.10
1163.01
13306.86
1201.87
1167.06
1177.07
1166.11
1163.96
1154.90
1162.05
1159.91
1150.85
21291.02
1238.82
1191.85
9232.04
1246.93
1173.02
1177.07
9279.97
1183.03
1171.83
9292.84
1200.91
1168.97
9201.05
1245.02
1171.11
9198.19
1246.93
1183.99
1158.00
9301.90
1193.05
1168.01
9214.88
1227.86
1171.83
9191.04
1243.83
1181.84
1163.96
9295.94
1192.09
1176.83
9300.95
1197.81
1174.93
9214.88
1247.88
1183.99
1168.97
9262.08
1168.97
1164.91
9295.94
1202.11
1163.96
9207.96
1238.82
1174.93
9204.86
1250.98
1184.94
1172.07
1210.93
1163.96
1163.01
1181.13
1180.17
1156.09
1162.05
1172.07
1151.80
1152.99
13268.95
1204.01
1185.89
1173.02
1158.95
1158.00
1163.96
1173.02
1160.86
1160.86
13206.96
1246.93
1178.03
1178.03
1163.96
1158.00
1152.04
1154.90
1153.95
1151.08
13198.14
1257.90
1171.83
1175.88
1179.93
1175.88
1160.14
1166.11
1160.14
1155.14
13180.02
1271.96
1184.94
1178.03
1173.02
1159.19
1147.99
1163.01
1167.06
1152.99
1156.09
13319.02
1202.82
1180.89
1181.13
1158.95
1144.89
1156.81
1147.99
1157.05
1159.19
13319.97
1190.90
1176.83
1164.91
1161.10
1154.18
1162.05
1152.04
1145.84
1146.79
13279.91
1189.95
1153.95
1171.11
1166.11
1155.14
1153.95
1155.85
1149.89
1142.02
13212.92
1240.97
1167.06
1147.03
1173.97
1150.85
1153.95
17308.00
1209.97
1157.05
1163.96
1153.95
1147.03
1153.95
17329.93
1191.14
1165.15
1177.07
1156.09
1157.05
17214.06
1286.03
1180.89
1163.96
1166.82
1158.95
1159.19
17225.98
1261.00
1177.07
1181.13
1158.00
1162.05
1156.09
17339.94
1204.97
1173.97
1163.96
1149.89
1159.91
17203.09
1284.84
1178.98
1175.17
1174.93
1169.92
1167.06
17234.80
1261.95
1183.99
1177.07
1166.11
1160.86
1165.87
17338.04
1192.09
1168.97
1175.88
1164.91
1158.00
1163.01
1181.13
1163.01
1164.20
13309.00
1213.79
1178.98
1178.03
1152.99
1148.94
1158.00
1158.00
1153.95
1142.98
13202.91
1253.84
1170.87
1178.98
1169.92
1161.10
1159.91
1164.20
1143.93
1157.05
13209.10
1258.85
1182.79
1166.11
1165.15
1154.90
1149.89
1172.07
1161.10
1158.00
13201.00
1264.10
1177.07
1176.12
1181.84
1163.96
1160.14
1171.11
1156.09
1158.00
1157.05
13309.96
1179.93
1160.86
1173.97
