773.91
732.18
638.01
610.11
638.96
608.21
584.13
554.08
591.04
591.99
565.05
551.94
569.11
545.02
550.99
535.01
555.99
540.97
570.06
555.04
552.89
539.06
570.06
543.12
540.97
537.16
540.02
540.02
545.02
552.18
550.03
538.11
537.87
541.93
545.02
540.02
539.06
536.92
537.16
530.00
536.92
539.06
532.87
535.96
532.15
529.05
534.06
538.11
546.93
540.02
535.96
530.00
526.19
548.84
530.00
537.87
535.96
539.06
540.02
529.05
528.10
531.91
535.01
539.06
531.91
539.06
532.15
533.10
532.87
538.11
525.95
535.01
527.14
530.96
527.86
525.00
525.95
527.86
532.15
535.96
538.11
530.96
550.99
532.87
535.01
530.00
539.06
530.96
530.96
525.00
535.01
533.10
534.06
522.14
538.11
528.10
530.00
527.86
530.00
534.06
531.91
534.06
522.85
531.91
533.10
527.86
527.14
520.94
535.01
519.99
531.91
539.06
530.00
525.95
526.91
518.80
540.02
523.09
523.09
521.90
530.96
525.95
532.87
535.01
531.20
528.10
524.04
520.94
528.10
520.94
525.00
535.01
529.05
531.91
529.05
526.19
528.81
538.11
535.01
528.10
533.10
525.95
532.15
531.20
519.99
530.00
537.87
519.99
525.00
530.00
532.15
530.96
523.81
520.94
521.90
539.06
525.00
525.95
521.90
524.04
529.05
527.86
523.09
524.04
531.20
521.90
532.87
541.93
531.91
542.88
530.96
520.94
524.04
529.05
533.10
531.20
535.01
525.95
533.10
539.06
550.99
528.10
530.00
530.00
534.06
528.10
525.00
518.08
522.14
525.95
525.95
528.81
530.96
533.10
520.94
525.00
525.00
529.05
525.00
526.91
526.19
528.10
531.20
534.06
530.00
522.85
526.91
524.04
534.06
530.00
535.96
519.04
525.00
528.81
530.96
529.05
530.96
526.91
516.89
519.99
526.91
516.89
525.00
526.91
527.86
528.10
524.04
534.06
526.91
525.00
519.99
522.85
525.00
527.86
531.91
525.00
532.15
529.77
519.99
532.87
525.00
529.05
523.09
526.19
525.95
524.04
530.00
524.04
528.10
524.04
518.08
522.85
519.04
535.01
519.99
521.18
529.05
526.91
525.00
517.85
523.09
527.14
520.94
520.23
531.20
517.13
520.94
518.08
527.86
526.91
532.15
530.00
535.01
530.00
534.06
533.10
530.00
522.14
530.00
525.00
519.99
533.10
519.04
525.00
517.85
530.00
519.04
521.90
524.04
523.81
520.94
519.04
520.94
522.85
517.85
527.14
535.01
522.85
523.09
530.00
530.00
528.10
526.19
525.00
530.00
530.00
528.81
530.00
528.10
540.02
524.04
531.20
519.99
522.85
519.04
520.94
516.89
519.04
530.00
520.94
519.04
525.95
521.90
526.91
530.96
525.95
520.94
517.13
516.89
519.99
521.90
519.04
518.08
523.81
521.90
528.10
523.09
527.14
519.04
530.00
525.00
522.85
527.14
524.04
525.00
519.99
525.95
523.09
517.85
516.89
519.04
518.08
527.14
521.90
521.90
520.94
525.00
529.05
533.10
525.95
520.94
528.10
527.86
523.09
521.90
530.96
526.19
523.09
525.00
531.20
530.96
535.96
525.00
524.04
528.10
529.05
526.91
524.04
529.05
527.86
525.00
523.81
540.97
537.87
528.10
530.00
525.95
524.04
519.99
526.91
522.85
525.95
526.91
528.10
518.08
526.19
521.18
525.00
528.10
526.91
525.95
521.90
523.09
517.13
518.80
520.94
517.85
526.19
530.96
529.05
519.99
527.14
525.00
531.20
524.04
519.99
519.99
523.09
528.10
522.85
524.04
528.10
525.95
530.96
524.04
537.87
520.94
525.00
530.00
522.85
525.00
528.10
527.14
526.19
526.91
526.91
520.94
523.09
530.96
520.94
527.86
522.85
528.81
521.90
525.95
519.99
523.09
525.00
528.81
521.90
525.00
528.10
522.85
520.94
521.90
534.06
519.04
519.99
521.18
525.00
520.94
521.90
519.99
521.18
524.04
525.00
521.90
525.95
525.00
519.99
526.19
523.09
519.99
525.95
522.85
522.85
516.89
530.96
520.94
524.04
531.91
527.86
523.09
523.09
520.94
519.99
523.81
520.94
518.08
517.85
530.96
523.09
519.99
515.94
531.20
522.14
520.94
516.89
524.04
525.95
518.08
520.94
519.99
525.95
520.94
522.85
521.18
531.20
520.94
519.99
516.89
524.04
521.90
517.85
520.94
519.99
519.99
517.85
525.00
523.09
534.06
528.81
525.00
520.94
525.95
524.04
526.19
525.00
520.94
520.94
527.14
522.85
525.00
527.86
525.95
523.09
525.00
529.05
525.00
532.87
522.85
528.10
529.05
522.85
524.04
522.85
520.94
526.19
525.00
525.95
530.96
523.09
527.14
522.85
532.15
525.00
526.91
529.05
527.14
525.95
529.05
528.81
523.09
537.16
535.96
527.86
526.19
531.20
525.95
534.06
533.10
529.05
529.05
530.00
534.06
525.00
523.81
525.00
523.81
529.05
532.87
524.04
526.91
522.85
536.92
522.14
523.09
529.05
520.94
523.09
529.05
522.14
518.08
521.90
524.04
524.04
520.94
523.81
533.10
525.00
523.09
525.00
519.99
521.90
531.20
520.94
519.99
519.04
520.94
524.04
530.00
519.99
525.00
523.09
525.00
520.94
519.99
524.04
519.04
522.85
519.04
523.81
528.10
527.14
520.94
520.94
519.04
521.90
519.99
525.00
518.80
524.04
519.99
523.09
519.04
525.00
527.86
528.10
519.04
521.18
525.00
516.89
516.89
524.04
521.18
516.18
520.94
523.09
523.09
530.00
518.08
520.94
519.99
520.94
524.04
527.14
522.85
518.80
519.99
521.18
520.94
519.99
525.00
520.94
519.99
520.94
525.00
521.18
528.10
526.91
519.99
526.91
520.94
525.95
519.99
531.91
518.08
518.80
522.14
519.99
525.00
520.94
518.08
516.89
519.99
525.95
519.04
525.00
527.14
519.04
521.18
527.14
527.86
525.95
1106.98
522.14
533.10
527.14
527.14
522.14
526.91
524.04
523.09
521.90
521.90
525.95
528.10
521.90
520.94
526.91
523.09
526.91
526.19
527.14
526.19
521.90
521.18
521.18
530.96
524.04
519.99
521.90
529.05
525.24
525.00
523.09
531.91
525.00
530.00
526.91
534.06
522.14
525.00
525.95
526.91
525.00
522.85
524.04
519.99
528.10
533.10
525.00
525.95
532.15
522.85
524.04
524.04
527.14
525.95
524.04
523.09
525.00
532.87
522.85
522.85
520.94
532.15
523.09
523.09
525.95
527.14
522.85
526.91
522.85
526.19
527.14
515.94
519.04
529.05
525.00
519.04
519.99
520.94
525.00
520.94
523.09
525.00
519.99
522.14
525.00
523.81
519.99
531.91
522.85
524.04
519.99
519.99
525.00
519.99
519.04
525.00
521.18
525.95
525.00
523.09
526.91
519.99
523.09
521.90
523.09
521.90
526.91
522.85
519.99
524.04
520.94
522.14
524.04
525.00
520.94
519.04
525.00
530.96
518.80
521.18
519.99
519.99
519.04
521.90
519.04
523.09
525.95
521.90
523.09
520.94
522.85
525.00
520.94
520.94
523.09
517.85
523.09
520.94
514.98
527.14
520.94
516.89
518.80
519.04
518.08
518.08
517.85
518.08
519.04
520.94
521.90
519.99
525.95
520.23
519.99
517.85
522.14
522.14
520.94
520.94
518.08
521.18
519.99
519.04
519.99
527.86
522.85
519.99
519.99
528.10
520.94
521.90
519.99
525.95
534.06
520.94
523.09
525.00
524.04
520.94
520.94
519.99
527.86
523.09
520.94
519.04
517.85
519.04
520.94
521.18
520.94
535.01
527.14
519.99
520.94
524.04
517.85
520.94
516.18
522.85
522.85
521.90
522.14
523.09
526.91
519.99
523.09
519.99
526.19
551.94
525.24
524.04
525.00
525.00
529.05
522.14
521.90
526.91
525.00
519.99
525.95
525.00
521.90
521.18
522.14
519.99
528.10
519.99
519.04
519.99
525.00
519.04
519.99
528.10
523.09
519.99
519.99
520.94
522.14
523.09
519.04
518.08
518.80
518.80
519.99
519.99
525.00
531.20
523.09
526.91
525.00
519.99
521.90
519.04
521.90
527.14
525.95
529.05
524.04
519.99
524.04
519.99
519.04
524.04
523.09
522.85
522.85
525.00
525.95
522.14
521.18
519.04
519.99
533.10
520.94
520.94
521.90
527.86
530.96
536.20
525.00
529.05
527.14
525.00
525.00
525.00
530.96
525.95
528.10
522.85
528.10
529.05
531.20
524.04
525.00
524.04
523.09
525.00
525.95
525.95
529.77
530.00
525.00
528.10
526.91
525.00
523.81
522.85
525.00
525.95
525.95
524.04
526.19
523.09
521.90
524.04
526.91
525.95
520.94
524.04
530.00
524.04
529.05
525.95
530.00
525.95
520.94
524.04
530.00
526.19
524.04
522.85
525.00
528.10
522.85
522.85
523.09
524.04
520.94
524.04
525.95
519.99
525.95
519.99
525.00
522.85
525.00
523.81
519.04
524.04
525.95
525.00
524.04
520.94
519.99
522.14
521.18
518.80
522.14
523.09
518.08
524.04
519.04
520.94
519.99
524.04
524.04
525.00
521.90
526.91
522.14
525.95
527.14
517.85
523.09
518.08
522.85
524.04
519.99
525.95
525.00
520.94
520.94
518.80
519.99
525.00
525.95
521.18
519.99
525.00
520.94
522.14
520.94
525.95
523.09
525.00
519.99
519.04
525.00
523.09
521.90
519.99
525.00
525.00
519.99
525.00
516.89
523.09
518.08
518.08
518.08
521.90
519.04
514.98
516.18
526.19
516.89
519.99
516.89
516.18
519.04
516.89
520.94
517.13
524.04
518.08
524.04
519.99
524.04
519.04
519.99
522.85
519.99
520.94
520.23
520.94
519.99
521.90
522.14
524.04
519.99
519.99
524.04
523.09
525.00
524.04
522.85
519.99
523.81
519.99
524.04
527.14
525.95
525.00
520.94
522.14
520.94
519.99
520.94
518.80
526.91
523.09
524.04
531.91
516.89
518.08
519.99
522.14
521.90
528.81
520.94
521.90
523.09
520.94
519.99
520.94
521.90
524.04
515.94
521.18
518.08
519.99
521.18
518.08
523.09
518.08
517.13
520.94
517.13
523.81
518.08
522.14
519.04
525.00
521.90
519.04
519.99
523.81
525.00
519.04
519.04
521.18
521.18
522.85
519.99
523.09
518.80
519.04
517.85
517.13
518.08
525.00
521.90
521.90
517.13
525.00
519.99
522.85
526.91
522.85
520.94
519.99
520.94
524.04
523.09
525.00
523.81
522.14
527.86
520.94
525.00
522.14
520.94
525.95
524.04
521.90
524.04
522.85
525.95
521.90
521.90
528.10
519.99
521.90
520.94
521.18
521.90
522.14
524.04
519.99
520.94
519.99
522.85
519.04
533.82
528.81
524.04
520.94
522.14
519.04
519.04
523.09
518.08
517.13
519.04
521.18
518.08
523.81
518.08
519.99
524.04
524.04
525.00
519.99
522.14
517.85
518.08
523.09
515.94
517.13
522.85
518.80
521.90
519.04
520.94
527.14
519.99
520.94
526.19
522.14
521.18
520.94
518.80
523.09
517.13
521.90
523.09
526.19
519.99
524.04
523.09
527.14
519.99
523.81
521.90
520.94
530.00
526.91
525.00
521.18
535.01
524.04
525.00
520.94
521.18
521.90
525.95
524.04
520.94
527.86
525.00
520.23
526.91
527.14
519.99
532.15
526.91
530.00
530.96
525.00
533.10
524.04
529.05
530.00
524.04
523.81
530.00
525.00
525.95
523.09
525.00
523.81
525.95
522.85
523.09
525.00
525.95
528.10
525.95
531.91
524.04
523.81
521.90
525.00
524.04
523.09
521.90
529.05
525.95
524.04
525.00
525.00
527.14
525.00
526.91
530.00
536.20
528.10
527.86
522.14
531.91
528.10
527.14
521.90
525.00
525.95
522.14
523.09
521.90
530.00
525.95
527.14
523.09
529.05
529.05
527.86
523.09
521.90
521.18
523.09
519.99
521.90
525.95
1114.13
524.04
521.90
538.83
524.04
525.00
525.00
523.09
525.95
524.04
529.05
530.00
518.08
523.09
521.90
526.19
524.04
523.09
521.18
520.94
525.95
525.95
523.09
522.14
527.14
522.14
526.91
526.91
526.19
526.19
529.05
521.90
520.94
526.91
524.04
520.94
520.94
523.09
521.90
520.94
519.04
525.00
521.18
521.18
524.04
522.14
523.09
520.94
523.09
523.09
522.14
520.94
523.81
525.00
529.05
528.10
525.00
525.00
525.95
525.00
526.91
527.86
524.04
529.05
521.90
526.91
530.00
528.81
522.85
523.09
525.00
530.00
523.81
526.19
521.18
524.04
525.95
526.91
527.86
522.14
528.81
525.95
523.09
520.94
534.06
525.95
526.91
525.00
525.00
524.04
523.09
523.09
520.94
523.81
521.90
525.00
521.90
531.91
523.81
523.09
525.00
529.05
525.95
524.04
519.04
525.00
522.85
522.14
525.00
522.14
526.19
521.90
521.18
521.90
525.00
525.00
520.94
523.09
524.04
529.05
524.04
525.95
528.10
527.86
521.90
523.09
524.04
526.91
523.09
524.04
523.09
528.10
526.91
525.00
522.85
523.09
524.04
525.95
523.09
524.04
530.00
530.00
523.09
523.09
530.00
522.14
522.14
523.09
526.19
527.86
525.00
530.00
523.09
525.95
523.81
520.94
528.81
528.10
531.91
525.00
526.91
522.14
523.09
519.99
521.90
525.00
526.91
524.04
523.09
528.81
527.86
521.90
521.90
521.18
524.04
525.00
524.04
522.85
532.15
529.05
525.00
525.95
527.86
528.10
524.04
527.14
523.81
527.14
528.10
525.00
524.04
521.90
529.05
531.91
528.10
525.95
529.05
526.91
529.05
522.14
527.86
523.09
520.94
525.00
523.81
525.95
524.04
523.09
520.94
526.91
523.09
522.85
525.00
528.10
524.04
524.04
525.95
526.19
521.90
521.90
525.95
520.94
530.96
530.00
520.94
520.94
526.91
522.85
521.90
522.85
522.14
525.95
525.95
521.18
521.90
525.95
524.04
521.90
525.00
530.00
525.95
519.04
521.90
523.09
521.90
527.14
527.86
524.04
522.85
519.04
525.00
519.99
527.14
519.99
522.14
519.99
526.91
524.04
526.91
522.14
522.85
521.90
522.85
529.05
527.14
526.19
520.94
522.85
525.00
527.14
517.85
521.90
522.14
522.14
519.99
521.18
518.08
522.14
528.10
522.14
523.09
530.00
526.91
522.14
525.95
523.09
522.14
529.05
524.04
519.99
520.94
526.91
519.99
524.04
519.99
523.09
522.14
522.14
528.10
525.00
520.94
520.94
519.04
520.94
530.96
523.09
525.00
526.91
524.04
524.04
520.94
522.14
519.99
523.09
527.14
524.04
521.18
527.14
522.14
527.14
520.94
525.95
521.90
520.94
530.96
521.90
525.00
522.85
523.09
520.94
523.09
521.90
519.99
523.09
528.10
525.00
523.09
524.04
524.04
521.90
525.95
522.14
522.85
535.01
523.09
528.10
520.94
525.00
522.14
525.00
520.23
519.04
525.95
516.89
522.85
518.08
519.04
519.04
523.09
524.04
526.91
521.90
520.94
533.10
523.09
522.85
522.14
523.09
519.99
522.85
519.04
521.18
519.99
528.10
524.04
522.85
519.04
519.04
521.18
519.04
522.85
519.99
525.95
523.09
520.94
520.94
529.05
518.80
516.89
515.94
519.99
521.18
518.08
523.09
519.04
522.14
519.99
519.04
521.90
525.00
520.94
521.90
525.00
520.94
519.99
520.94
520.94
520.94
519.99
522.14
519.99
522.85
529.05
518.08
517.13
521.90
520.94
519.04
520.94
524.04
525.00
523.81
517.13
521.90
521.90
520.94
521.18
525.00
519.99
519.99
521.18
521.18
520.94
519.99
521.90
522.14
520.94
519.99
528.10
524.04
519.04
522.14
524.04
519.04
522.85
516.89
521.18
519.99
519.04
520.94
520.94
526.19
519.99
518.08
519.99
523.81
519.99
521.90
519.99
519.04
523.09
521.90
519.99
520.94
526.91
519.99
521.90
519.99
519.99
522.14
524.04
520.94
526.91
520.94
523.09
523.09
515.94
527.14
519.04
519.04
519.99
520.94
519.04
519.04
521.90
520.94
519.99
519.04
525.95
515.94
525.00
521.18
525.95
522.85
524.04
519.99
520.94
520.94
519.99
519.99
520.94
519.99
523.09
524.04
525.00
521.18
519.99
519.99
519.99
521.90
526.19
522.85
525.00
527.14
521.90
522.85
524.04
523.09
521.18
519.99
519.99
522.14
521.18
519.04
519.04
519.04
519.99
522.85
519.99
527.14
520.94
522.85
523.09
519.04
521.90
520.94
518.08
523.09
520.94
519.99
518.80
516.18
524.04
521.18
521.18
523.09
519.99
524.04
520.94
520.94
527.86
526.91
519.99
517.85
519.04
529.05
519.99
520.94
519.99
518.08
518.80
519.99
525.00
522.14
525.95
523.09
523.09
524.04
530.00
523.09
520.94
520.94
521.90
523.81
522.14
522.85
523.09
522.85
520.94
519.99
519.04
527.14
519.99
522.14
520.94
525.00
519.99
523.81
524.04
523.09
518.80
522.14
516.89
521.90
526.91
519.99
520.94
525.00
524.04
525.00
518.08
519.99
519.99
523.09
519.04
525.00
519.99
531.91
523.09
521.90
516.89
520.94
525.95
517.13
519.04
521.90
522.14
519.99
519.99
521.90
523.09
517.85
519.99
520.94
523.09
521.90
521.18
526.91
520.94
519.04
519.04
523.09
522.85
525.95
520.94
522.85
525.00
525.00
526.91
525.95
529.05
525.95
529.05
530.96
526.91
531.91
531.20
526.91
532.15
525.95
527.14
524.04
1042.13
525.95
530.00
523.09
520.94
520.94
525.00
525.00
520.94
520.94
525.95
525.00
529.05
528.10
523.09
526.91
522.85
521.90
525.00
529.05
525.00
529.05
526.91
528.10
525.00
522.14
521.90
524.04
521.90
522.14
520.94
520.94
526.91
518.08
520.94
520.94
525.95
519.99
520.94
525.00
523.81
525.00
523.09
520.94
519.99
527.14
530.00
521.18
524.04
525.00
523.09
525.00
526.91
526.19
525.00
527.14
529.05
527.86
530.00
525.95
532.87
530.00
529.05
525.95
529.05
526.91
530.96
525.95
525.95
530.96
525.00
525.00
525.00
520.94
521.90
526.19
523.09
521.18
521.90
526.19
520.94
520.94
523.09
522.85
520.94
526.91
523.81
523.09
526.19
522.14
519.04
525.00
523.09
525.95
519.99
520.94
525.00
524.04
524.04
520.94
525.00
530.00
523.09
529.05
529.05
534.06
526.19
527.14
530.96
523.81
525.00
523.81
525.00
525.95
534.06
525.00
529.05
525.00
529.05
521.90
524.04
521.90
522.85
525.00
530.00
519.99
519.99
523.09
521.90
519.99
525.00
525.95
525.00
524.04
519.99
523.09
525.00
519.99
519.04
519.04
525.00
521.90
525.00
525.00
529.05
522.14
522.85
522.14
531.20
524.04
523.81
524.04
525.00
525.95
524.04
528.10
527.86
530.96
525.00
525.95
529.05
532.15
535.96
526.91
529.05
525.95
523.81
526.19
523.09
525.95
524.04
525.00
519.99
521.90
529.05
525.00
528.10
519.99
521.90
520.94
526.91
525.00
522.14
520.94
525.00
520.94
525.00
526.91
522.14
520.94
521.90
524.04
520.94
520.94
519.04
521.90
523.09
524.04
526.91
530.96
533.82
522.85
524.04
525.95
529.05
525.95
528.10
527.14
527.14
527.14
525.95
525.95
530.96
537.16
536.92
539.06
523.09
525.95
525.00
524.04
519.99
524.04
520.94
520.94
522.14
524.04
520.94
520.94
521.90
517.85
528.10
521.90
523.09
519.99
522.14
520.94
520.94
524.04
521.18
518.80
521.90
520.94
521.90
524.04
521.90
521.18
525.00
525.95
525.00
530.00
525.00
525.95
525.00
526.91
526.91
525.95
533.10
530.96
525.00
521.90
540.02
528.81
521.90
525.00
526.19
524.04
528.10
521.18
519.99
532.87
523.09
519.99
519.99
528.10
521.90
525.00
523.09
521.90
520.94
522.85
523.81
518.08
525.00
523.09
520.94
526.19
529.05
520.94
524.04
517.85
521.90
520.94
520.94
524.04
521.90
525.00
525.95
524.04
523.81
526.91
527.14
530.00
528.10
530.96
529.05
526.19
525.00
528.10
527.14
533.82
527.14
525.00
535.96
522.85
525.95
525.95
529.05
522.14
524.04
523.09
517.85
527.14
520.94
525.00
518.80
530.00
525.00
527.86
524.04
529.05
525.00
518.08
524.04
519.04
522.14
522.14
519.04
519.99
534.06
521.90
517.85
521.18
525.00
523.09
525.00
523.81
525.95
1013.04
524.04
525.00
527.14
525.95
522.85
525.95
525.95
527.14
526.19
524.04
525.95
526.91
525.00
525.00
521.18
530.00
523.81
525.95
525.00
525.95
523.09
522.14
518.08
520.94
519.99
525.00
518.08
522.14
529.05
523.09
525.95
524.04
522.85
523.09
525.95
524.04
523.09
525.00
517.85
519.04
519.99
527.86
519.99
520.94
523.81
530.00
522.14
526.91
525.00
525.95
525.00
528.10
526.91
530.00
531.91
528.81
531.20
526.91
531.91
525.95
525.00
525.95
525.00
526.91
525.00
522.14
522.14
526.91
522.85
524.04
527.14
530.00
523.09
523.09
524.04
523.09
520.94
520.94
524.04
519.04
519.99
519.99
518.80
519.04
523.09
520.94
519.04
519.04
519.99
521.18
519.99
522.85
522.85
525.95
526.91
521.90
525.95
528.81
525.95
525.00
525.95
530.00
525.95
524.04
531.91
525.00
527.86
527.86
527.14
523.81
530.96
524.04
530.00
528.10
525.00
528.10
521.90
519.04
522.14
519.99
519.99
524.04
519.99
524.04
525.95
520.94
523.81
525.95
521.18
521.90
525.00
524.04
523.09
526.91
525.00
520.23
525.95
520.94
523.09
519.99
525.95
525.95
519.99
525.00
524.04
523.09
522.85
523.81
526.91
527.14
527.14
527.14
522.85
534.06
525.00
534.06
524.04
528.10
526.91
526.91
526.91
525.95
527.86
523.09
525.00
520.94
530.00
521.90
520.94
519.99
530.00
521.90
519.04
525.00
519.99
520.94
545.02
525.95
522.14
532.87
525.95
525.24
530.00
530.00
523.09
529.05
524.04
529.05
525.00
522.14
523.09
524.04
526.91
531.91
528.10
527.86
532.87
529.05
530.00
527.86
530.00
531.91
526.91
528.81
528.10
535.01
527.86
529.05
530.00
534.06
524.04
530.96
519.04
527.14
525.95
526.91
521.18
523.09
522.14
521.90
522.85
525.95
530.00
524.04
522.85
523.09
528.10
519.99
525.00
524.04
523.09
521.90
523.09
521.90
521.90
523.09
525.00
522.85
537.87
537.16
521.90
525.95
525.95
528.81
525.95
531.91
525.95
529.05
529.05
526.91
532.87
527.14
536.92
526.91
527.14
525.00
534.06
526.91
525.00
525.00
531.91
522.14
529.05
525.00
525.00
525.95
524.04
527.14
522.85
527.86
521.90
524.04
522.14
523.09
519.99
527.14
520.94
525.00
524.04
520.94
521.90
528.10
530.00
526.19
522.14
526.19
526.91
525.00
523.09
527.86
524.04
530.96
526.91
533.10
528.10
534.06
530.96
524.04
525.95
547.17
573.87
527.86
532.15
529.05
528.10
527.14
525.95
530.96
525.95
525.00
522.85
524.04
526.91
521.90
520.94
522.14
528.81
524.04
523.09
527.14
522.14
523.09
527.14
522.85
525.95
530.00
524.04
529.05
526.91
526.91
523.09
525.00
524.04
522.14
520.94
524.04
521.90
524.04
532.15
522.85
529.05
526.91
530.00
527.86
533.10
528.10
768.90
525.00
527.86
524.04
525.95
526.19
528.10
528.10
529.05
526.91
525.95
526.19
529.05
531.20
526.91
527.14
523.81
522.85
529.05
520.94
522.14
523.09
521.90
519.04
522.14
525.95
525.95
526.19
520.94
521.90
525.00
519.04
520.94
525.00
520.94
524.04
522.85
521.18
525.00
530.00
521.18
526.19
521.90
528.10
529.05
528.10
525.95
526.91
525.95
530.96
525.95
527.86
530.96
529.05
525.95
530.00
532.87
525.00
525.95
525.00
525.00
533.10
527.86
524.04
523.81
524.04
528.10
531.20
527.14
532.15
521.90
519.04
521.90
530.00
523.81
535.96
527.86
522.14
521.90
524.04
522.85
519.99
527.86
524.04
521.90
521.18
525.95
528.10
524.04
519.99
524.04
525.00
528.10
525.00
527.14
535.01
526.91
529.05
527.86
530.00
530.00
527.14
527.14
530.96
528.10
529.05
529.05
533.10
530.00
528.10
530.96
527.14
533.10
530.00
521.90
523.09
527.86
524.04
527.14
522.85
522.14
525.00
523.09
522.85
521.90
530.00
525.95
528.10
524.04
525.95
524.04
522.85
523.09
523.09
525.00
522.85
524.04
535.01
530.00
524.04
525.00
528.81
534.06
527.14
533.10
530.00
536.92
527.14
528.10
528.10
529.05
530.00
529.05
535.01
525.95
537.87
527.86
526.91
525.95
533.82
530.96
527.14
522.85
521.18
527.14
524.04
524.04
525.00
529.05
525.95
524.04
522.85
535.01
526.19
525.00
526.91
525.00
521.90
521.90
527.14
522.85
524.04
519.04
525.00
525.00
529.05
523.09
525.95
522.85
526.91
525.95
525.00
524.04
528.81
525.95
531.91
525.95
527.14
543.83
576.02
530.00
528.10
531.91
530.00
530.00
530.00
531.20
535.01
529.05
525.00
526.91
525.00
520.94
525.00
523.09
528.81
519.99
525.00
524.04
526.91
522.85
525.00
523.09
525.00
521.90
521.90
524.04
521.90
529.05
526.91
520.94
520.94
526.91
519.99
524.04
527.14
520.94
523.09
525.00
523.81
524.04
528.81
531.91
524.04
528.10
535.01
525.95
527.86
529.05
528.10
526.19
526.91
528.81
524.04
527.14
528.10
525.00
524.04
530.00
524.04
530.96
525.00
530.96
523.09
520.94
525.00
523.09
521.90
522.14
529.05
523.09
528.81
525.95
522.85
520.94
525.00
525.95
525.00
525.95
520.94
523.09
525.95
522.14
525.95
529.05
524.04
525.00
522.14
528.10
525.95
530.96
528.81
529.05
527.14
525.00
525.00
525.00
525.00
528.10
529.05
525.95
534.06
528.81
525.00
530.96
534.06
525.95
530.00
522.85
523.81
524.04
535.96
525.00
521.90
528.10
519.99
520.94
525.00
528.81
525.95
540.97
527.86
525.95
523.09
529.05
519.99
523.09
533.82
527.86
525.00
520.94
526.91
527.86
528.10
523.81
525.95
523.09
525.95
525.95
530.00
525.95
528.10
526.19
529.05
538.11
530.00
532.87
757.93
529.05
529.05
528.10
533.82
535.01
529.05
527.86
526.91
525.95
526.91
525.00
521.18
519.99
526.19
522.85
521.18
521.18
527.14
519.04
521.90
523.09
522.14
521.90
528.10
523.81
524.04
530.00
519.99
523.09
522.14
527.86
527.14
525.00
525.00
535.01
527.14
521.90
528.10
524.04
532.15
532.87
530.00
527.14
531.91
529.05
527.14
525.95
527.86
528.10
526.91
538.11
528.10
526.91
529.05
522.85
528.10
531.91
527.14
522.14
523.81
525.95
523.81
525.00
523.81
525.95
521.18
525.00
521.90
520.94
527.86
524.04
520.94
524.04
529.05
523.09
522.85
526.91
525.00
523.09
524.04
522.14
520.94
528.10
525.00
524.04
525.00
529.05
525.95
526.91
525.95
525.95
528.10
530.00
530.00
530.00
534.06
547.89
535.01
530.00
534.06
525.95
526.91
528.10
533.10
527.86
529.77
521.90
526.19
524.04
521.90
521.90
522.14
530.96
522.14
528.10
519.99
525.00
520.94
521.90
519.99
520.94
522.14
525.00
527.14
525.00
525.95
523.09
522.85
523.09
527.86
538.11
522.14
523.09
522.14
522.14
528.10
522.85
527.86
525.95
530.00
529.05
528.10
531.91
526.91
529.05
525.95
526.91
529.05
530.96
526.91
525.00
526.91
527.86
529.05
526.91
532.87
530.00
640.15
532.15
530.96
525.00
524.04
525.95
528.81
528.81
527.14
524.04
524.04
522.85
528.10
523.09
525.95
528.81
521.90
524.04
523.81
529.05
522.14
525.00
525.00
522.85
522.85
526.91
526.19
524.04
533.10
524.04
525.95
524.04
529.05
527.86
525.00
528.81
534.06
528.10
526.91
530.96
532.15
530.00
530.96
527.14
529.05
535.96
530.96
530.00
527.86
535.01
525.95
525.00
525.00
524.04
523.81
527.14
522.85
521.90
530.00
524.04
521.90
533.10
532.15
528.10
523.81
525.00
526.91
527.86
521.18
523.09
525.00
525.00
529.05
528.10
524.04
525.95
521.90
523.09
525.00
523.09
530.00
525.00
526.91
530.00
529.05
534.06
527.14
530.00
533.82
536.92
528.10
528.10
530.00
527.14
527.86
525.00
530.00
528.10
530.00
525.95
521.90
527.14
521.90
523.09
520.94
525.95
526.19
526.91
522.85
521.90
525.95
521.18
524.04
524.04
524.04
519.04
520.94
523.09
529.05
525.95
527.86
520.94
530.96
525.00
524.04
524.04
527.14
525.00
527.14
524.04
525.95
530.00
527.86
529.05
527.86
530.96
533.10
528.10
528.10
527.86
527.86
527.14
527.14
526.91
535.01
531.20
530.96
528.10
528.10
526.19
523.81
521.90
525.00
527.14
524.04
524.04
528.10
521.90
524.04
526.91
519.99
525.95
522.14
520.94
521.90
523.09
521.18
519.99
521.90
521.90
523.81
523.09
525.95
521.90
529.05
530.96
521.90
523.81
530.96
532.15
525.00
526.91
528.10
527.14
541.93
571.97
530.96
536.20
535.01
767.95
532.87
530.00
528.10
525.95
525.95
530.96
528.10
524.04
525.00
525.95
522.14
525.95
522.14
523.09
525.00
523.09
524.04
524.04
530.96
521.90
524.04
525.00
531.91
529.05
523.09
525.00
525.00
522.85
524.04
520.94
522.85
525.95
524.04
527.86
522.85
527.86
525.00
523.81
528.10
525.95
530.96
531.20
531.20
528.81
529.05
527.14
529.05
526.91
530.96
529.05
526.91
529.05
530.96
529.05
526.19
535.96
535.96
525.00
526.19
519.04
524.04
526.91
524.04
527.86
519.99
523.81
520.94
521.90
524.04
518.80
520.94
519.99
521.18
523.09
526.91
524.04
522.85
522.14
525.95
523.09
525.00
521.90
522.14
526.19
522.14
524.04
523.09
530.00
529.05
525.00
525.95
530.96
530.00
525.00
525.00
529.05
528.10
528.10
530.00
530.96
529.05
530.00
532.87
530.00
533.10
533.10
522.14
524.04
527.14
525.95
527.14
523.09
521.90
523.09
522.14
522.85
543.12
533.82
527.14
525.95
526.91
529.05
528.10
525.00
526.91
530.00
522.14
523.09
523.09
525.00
519.99
527.86
519.99
523.09
529.05
522.85
529.05
527.86
530.96
529.05
527.14
529.05
530.00
527.86
525.95
530.00
531.20
535.01
526.91
526.19
528.10
529.05
525.00
527.14
527.14
529.05
526.91
525.00
525.00
525.95
525.00
525.00
527.14
523.09
530.00
520.94
526.91
526.91
521.90
524.04
522.14
524.04
525.00
525.95
520.94
520.94
525.95
540.02
525.95
523.81
525.00
525.00
527.14
530.00
521.90
522.85
526.91
527.14
524.04
531.91
531.20
535.01
530.00
528.10
535.01
528.10
531.91
529.05
537.16
527.86
528.81
528.10
526.91
528.81
527.14
530.00
523.81
525.95
523.81
523.09
525.24
527.14
521.90
522.14
525.95
521.18
525.00
527.14
525.00
523.09
527.86
527.86
525.00
525.95
526.19
524.04
522.85
523.09
521.90
523.09
523.09
529.05
522.85
527.14
525.95
525.95
525.00
531.20
525.95
538.11
576.97
530.00
531.20
530.96
526.91
529.05
535.96
528.10
528.10
525.95
535.01
528.81
529.05
528.81
537.87
525.95
522.14
521.90
522.85
525.95
526.91
524.04
527.14
525.00
524.04
521.90
524.04
526.91
521.18
522.85
519.99
523.09
524.04
525.00
524.04
522.85
525.00
523.09
518.08
523.09
530.00
526.91
528.10
525.95
533.10
525.95
530.00
527.14
530.00
528.10
530.96
526.91
528.10
536.92
529.77
526.91
524.04
533.82
531.91
527.86
540.97
556.95
528.81
530.00
527.86
524.04
523.09
522.85
522.85
519.04
530.96
525.00
519.99
522.14
525.95
523.09
521.90
522.85
525.00
525.00
524.04
524.04
523.81
526.91
523.09
525.00
525.00
525.00
525.00
521.90
522.14
523.81
526.19
523.09
526.91
525.95
530.00
526.91
528.10
525.95
527.86
530.96
529.05
528.10
528.10
530.96
751.02
532.87
530.96
534.06
526.91
532.15
531.91
526.19
526.91
525.95
526.91
535.96
523.09
525.00
521.90
535.96
531.91
525.95
524.04
520.94
525.95
526.19
528.81
522.14
530.96
522.14
527.14
520.94
527.86
522.85
525.00
526.19
522.85
523.09
524.04
528.10
524.04
530.00
527.14
526.91
525.95
530.00
530.96
528.10
533.82
528.10
530.00
529.05
527.86
530.00
525.95
527.86
527.86
528.10
535.01
530.00
527.86
525.95
531.91
525.95
525.95
525.95
525.00
522.14
520.94
519.99
521.18
528.10
525.95
521.90
525.00
529.05
524.04
525.00
521.18
525.00
537.87
524.04
522.85
522.14
525.00
524.04
527.86
524.04
525.00
521.90
525.95
520.94
522.85
523.09
524.04
525.00
525.95
525.00
532.87
529.05
530.00
533.10
529.05
529.05
528.81
531.91
530.96
530.00
525.95
527.14
526.19
530.96
528.10
529.05
527.86
525.00
524.04
524.04
529.05
525.00
525.00
526.91
527.14
525.95
522.85
524.04
521.18
523.09
523.09
523.09
520.94
528.81
523.81
525.00
526.91
522.14
524.04
521.90
524.04
526.19
523.09
523.81
537.87
557.18
533.82
530.00
530.00
527.14
534.06
532.87
530.00
527.86
533.10
530.96
530.96
530.00
530.96
530.96
530.00
530.96
530.00
535.96
528.10
527.86
525.00
528.81
524.04
525.00
525.00
520.94
523.09
520.94
522.85
523.09
530.96
523.09
519.99
521.90
526.19
521.90
520.94
523.09
523.09
522.85
527.14
527.86
526.19
526.91
524.04
526.19
521.90
527.86
525.00
525.00
529.05
524.04
530.00
530.00
525.95
528.10
526.91
525.95
530.00
535.96
552.89
535.01
530.00
529.05
529.05
525.00
525.95
530.00
525.00
528.10
522.85
526.19
525.00
524.04
519.99
523.09
525.00
530.00
525.00
521.90
525.95
529.05
525.95
526.19
525.00
520.94
525.00
525.95
523.09
520.94
525.95
524.04
520.94
523.09
525.00
523.09
522.14
525.00
525.00
525.95
525.95
530.96
529.05
532.15
528.81
527.14
527.14
528.81
528.10
531.91
527.86
528.10
529.05
535.96
530.00
525.95
527.14
524.04
529.05
521.90
543.83
532.87
525.00
524.04
525.00
519.99
522.85
525.00
525.95
523.09
522.85
522.85
523.81
528.10
522.85
526.91
521.90
524.04
527.14
525.00
522.85
525.95
526.91
525.00
524.04
522.85
532.87
524.04
525.95
530.96
530.00
525.00
525.95
530.00
525.95
525.95
527.14
529.05
530.00
534.06
525.95
530.96
530.96
539.06
529.05
525.95
528.10
530.00
529.05
525.95
523.09
528.10
525.00
525.95
525.00
519.99
529.05
525.00
524.04
528.10
526.91
524.04
535.01
525.95
522.14
525.95
523.09
525.00
520.94
522.85
521.90
521.18
527.14
525.95
525.00
524.04
525.95
523.09
527.86
525.95
527.14
526.91
529.05
529.05
525.95
529.05
532.15
752.93
525.00
526.91
535.01
526.91
527.14
527.14
532.15
531.91
530.00
530.96
532.15
525.00
525.95
528.10
527.86
536.92
526.91
526.91
526.91
526.91
521.90
520.94
523.09
523.09
525.00
520.94
523.09
524.04
526.91
525.00
524.04
523.09
529.05
525.00
530.00
534.77
526.19
524.04
526.91
522.14
525.00
525.95
530.00
527.14
530.00
532.15
525.95
528.81
529.05
531.91
526.91
529.05
529.05
531.91
530.96
525.95
525.00
530.00
533.10
527.86
530.00
524.04
525.95
524.04
523.09
521.90
527.14
524.04
524.04
520.94
525.00
523.09
525.95
526.91
524.04
528.10
524.04
521.18
523.09
522.85
523.09
521.90
523.09
522.14
524.04
525.00
525.00
525.00
529.05
524.04
528.10
526.19
534.06
530.00
530.00
529.05
528.81
537.87
575.78
525.95
528.10
528.10
526.91
532.87
526.91
531.91
525.00
524.04
527.14
533.10
525.00
521.90
523.09
520.94
527.14
524.04
523.09
523.81
529.05
520.94
519.99
523.81
529.05
522.14
519.99
521.90
525.00
525.95
526.91
520.94
522.14
530.00
522.85
523.81
524.04
525.00
521.90
524.04
526.91
526.91
520.94
523.09
526.19
529.05
530.96
527.86
526.91
525.95
535.01
527.86
527.86
529.05
530.96
530.00
525.00
527.86
525.00
525.95
537.16
536.20
528.10
528.81
524.04
522.85
524.04
527.14
525.95
525.95
525.00
520.94
522.85
523.09
519.99
529.05
531.91
522.85
523.09
523.81
528.10
528.81
519.04
522.85
521.90
521.18
519.99
521.90
523.09
527.86
521.90
521.90
522.85
531.91
532.87
526.19
525.95
525.95
526.91
526.19
527.86
525.00
530.00
531.91
531.91
529.05
532.87
532.15
530.96
527.14
534.06
527.86
531.91
527.14
524.04
524.04
525.95
525.95
522.14
526.91
521.90
534.06
527.14
532.15
526.91
519.99
521.90
525.00
521.90
522.14
522.85
522.14
523.09
523.09
525.95
522.14
526.91
523.09
525.00
523.09
521.90
530.00
522.85
523.09
525.00
525.95
527.86
527.14
532.15
532.87
525.95
533.10
530.96
532.15
527.14
526.91
525.95
530.96
530.00
522.85
529.05
526.91
532.15
531.91
525.00
519.04
528.10
522.14
522.14
524.04
524.04
521.18
519.99
523.09
522.85
523.09
526.91
524.04
520.94
523.09
525.95
524.04
537.87
525.95
523.09
522.85
521.18
520.94
523.09
527.14
523.09
525.00
532.87
528.10
527.86
525.95
530.96
525.95
525.95
525.00
530.00
525.00
528.10
530.96
527.86
533.10
524.04
525.95
525.95
526.91
525.00
530.00
524.04
526.91
523.09
523.09
521.90
522.14
525.00
519.99
521.18
523.09
525.00
519.99
519.04
522.14
519.99
519.99
520.94
525.00
521.90
518.80
523.09
524.04
521.90
528.10
527.14
520.94
525.00
523.09
522.85
526.91
525.00
528.10
537.87
571.97
529.05
529.05
758.89
528.10
529.05
531.91
544.07
526.91
528.81
528.10
533.82
529.05
525.00
530.00
525.00
530.00
522.85
525.95
524.04
519.99
520.94
522.14
521.90
525.95
522.85
520.94
522.14
524.04
526.91
529.05
527.86
519.99
523.09
526.91
521.90
524.04
526.91
522.85
523.09
526.91
526.91
524.04
522.85
521.90
525.95
525.00
526.19
527.86
526.19
529.05
530.00
527.86
529.05
535.01
527.14
530.00
525.95
526.91
527.86
538.11
561.00
525.95
527.86
528.10
529.05
523.09
529.05
521.90
530.00
525.95
525.00
525.95
523.09
520.94
525.00
525.00
526.91
525.00
522.85
525.95
521.18
523.09
526.91
531.91
521.18
526.19
525.00
522.85
521.90
519.99
524.04
524.04
530.00
521.90
525.00
523.09
535.96
526.19
526.91
529.05
523.09
526.91
526.91
528.10
527.14
530.00
536.20
532.15
530.96
532.87
530.00
525.95
526.91
534.06
535.96
524.04
524.04
520.94
523.09
526.91
535.96
525.95
529.05
522.14
521.90
524.04
526.19
525.00
525.00
520.23
520.94
520.94
523.09
528.10
521.90
526.91
524.04
521.90
522.85
523.09
525.00
522.14
522.85
523.09
522.14
521.90
530.00
529.05
527.14
528.10
526.91
526.91
532.15
530.96
527.86
530.96
538.11
531.91
528.10
530.96
526.91
526.91
526.91
525.00
530.00
529.05
524.04
527.14
524.04
532.87
526.19
521.90
525.00
523.09
525.95
525.95
529.05
524.04
530.96
526.19
523.09
533.10
534.06
527.86
524.04
525.95
523.09
521.90
522.85
524.04
525.00
525.00
525.00
524.04
523.81
531.20
525.95
525.95
528.10
529.05
529.05
524.04
528.10
528.10
534.06
525.95
526.91
525.95
534.06
531.91
528.10
525.00
530.00
526.91
527.86
521.18
528.10
527.14
526.19
522.14
525.00
524.04
525.00
525.00
521.90
524.04
520.94
521.18
520.94
523.09
521.18
521.90
519.04
521.90
526.91
522.14
525.00
522.14
526.91
525.00
524.04
521.90
521.90
534.06
548.12
525.00
526.91
530.00
528.10
526.91
528.81
533.10
529.05
530.00
530.00
530.96
529.05
529.05
535.96
530.96
530.00
525.95
527.14
526.91
531.20
524.04
523.09
521.90
530.00
522.85
520.94
525.95
523.81
523.09
522.85
523.09
529.05
525.00
529.05
522.85
522.14
530.96
524.04
519.99
519.99
528.81
525.00
524.04
520.94
522.85
522.85
525.00
526.91
525.00
534.77
528.10
533.82
525.95
528.10
530.96
529.05
526.91
529.05
528.10
527.86
540.02
573.87
528.10
526.91
526.91
530.00
525.00
522.85
527.14
523.81
530.96
525.95
525.00
522.85
526.19
524.04
524.04
522.14
523.09
523.09
521.90
524.04
525.95
525.95
524.04
519.99
521.90
525.95
525.00
523.81
525.00
524.04
524.04
525.95
526.91
523.09
530.00
523.09
525.00
525.00
527.86
526.91
525.95
530.00
752.93
527.14
528.10
527.14
522.85
530.96
528.10
527.14
529.05
534.06
528.10
527.86
525.95
529.05
526.91
528.81
527.14
525.95
525.95
523.09
519.99
520.94
523.09
525.95
525.95
520.94
523.81
527.86
519.99
522.85
525.95
525.00
520.94
525.00
524.04
528.81
525.00
520.94
521.90
527.86
525.00
522.14
523.09
530.00
525.00
525.00
523.09
525.95
526.91
524.04
530.00
525.00
530.00
526.91
526.91
527.86
529.05
527.86
525.95
526.91
526.91
525.95
528.10
526.91
528.81
526.19
524.04
524.04
525.95
526.91
521.18
520.94
524.04
525.95
524.04
524.04
525.00
523.09
537.16
528.10
524.04
522.85
526.91
524.04
519.04
521.90
524.04
520.94
524.04
519.99
521.90
519.99
522.14
522.14
525.00
525.95
523.09
522.85
529.05
527.86
526.19
525.95
525.00
528.10
525.00
526.91
525.00
525.00
533.10
525.95
525.00
525.00
530.00
524.04
524.04
526.91
524.04
520.94
519.04
521.90
524.04
525.00
524.04
522.85
522.85
524.04
522.14
519.04
519.99
519.99
523.09
519.99
520.94
519.99
525.00
521.90
521.90
519.04
523.09
533.10
521.90
524.04
525.00
520.94
521.90
526.91
526.91
539.06
528.10
525.95
528.81
530.96
525.95
529.05
524.04
525.95
530.96
525.95
523.81
525.00
525.00
526.19
526.19
531.91
531.91
527.14
520.94
523.09
525.00
521.90
521.90
525.00
521.18
521.18
519.04
521.90
520.94
525.00
523.81
521.90
524.04
523.09
519.04
521.90
